Station_01,Inv_00,20170814,05:00:00,0.0,0.0,0,221.0,0.2,44,25933,16545,25.0,17.0
Station_01,Inv_00,20170814,05:01:00,0.0,0.0,0,221.0,0.2,44,25933,16545,24.9,17.0
Station_01,Inv_00,20170814,05:02:00,0.0,0.0,0,221.0,0.2,44,25933,16545,24.9,17.0
Station_01,Inv_00,20170814,05:03:00,0.0,0.0,0,221.0,0.2,44,25933,16545,25.0,17.0
Station_01,Inv_00,20170814,05:04:00,0.0,0.0,0,221.0,0.2,44,25933,16545,24.9,17.0
Station_01,Inv_00,20170814,05:05:00,0.0,0.0,0,221.0,0.2,44,25933,16545,25.0,17.0
Station_01,Inv_00,20170814,05:06:00,0.0,0.0,0,221.0,0.2,44,25933,16545,24.9,17.0
Station_01,Inv_00,20170814,05:07:00,0.0,0.0,0,221.0,0.2,44,25933,16545,24.8,17.0
Station_01,Inv_00,20170814,05:08:00,0.0,0.0,0,221.0,0.2,44,25933,16545,24.9,17.0
Station_01,Inv_00,20170814,05:09:00,0.0,0.0,0,221.0,0.2,44,25933,16545,25.0,17.0
Station_01,Inv_00,20170814,05:10:00,0.0,0.0,0,221.0,0.2,44,25933,16545,25.0,17.0
Station_01,Inv_00,20170814,05:11:00,0.0,0.0,0,221.0,0.2,44,25933,16545,25.0,17.0
Station_01,Inv_00,20170814,05:12:00,0.0,0.0,0,221.0,0.2,44,25933,16545,25.1,17.0
Station_01,Inv_00,20170814,05:13:00,0.0,0.0,0,221.0,0.2,44,25933,16545,25.0,17.0
Station_01,Inv_00,20170814,05:14:00,0.0,0.0,0,221.0,0.2,44,25933,16545,25.1,17.0
Station_01,Inv_00,20170814,05:15:00,0.0,0.0,0,221.0,0.2,44,25933,16545,25.1,17.0
Station_01,Inv_00,20170814,05:16:00,0.0,0.0,0,221.0,0.2,44,25933,16545,25.3,17.0
Station_01,Inv_00,20170814,05:17:00,0.0,0.0,0,221.0,0.2,44,25933,16545,25.2,17.0
Station_01,Inv_00,20170814,05:18:00,0.0,0.0,0,221.0,0.2,44,25933,16545,25.2,17.0
Station_01,Inv_00,20170814,05:19:00,0.0,0.0,0,221.0,0.2,44,25933,16545,25.2,17.0
Station_01,Inv_00,20170814,05:20:00,0.0,0.0,0,221.0,0.2,44,25933,16545,25.4,17.0
Station_01,Inv_00,20170814,05:21:00,0.0,0.0,0,221.0,0.2,44,25933,16545,25.3,18.0
Station_01,Inv_00,20170814,05:22:00,0.0,0.0,0,221.0,0.2,44,25933,16545,25.4,18.0
Station_01,Inv_00,20170814,05:23:00,0.0,0.0,0,221.0,0.2,44,25933,16545,25.3,18.0
Station_01,Inv_00,20170814,05:24:00,0.0,0.0,0,221.0,0.2,44,25933,16545,25.4,18.0
Station_01,Inv_00,20170814,05:25:00,0.0,0.0,0,221.0,0.2,44,25933,16545,25.4,19.0
Station_01,Inv_00,20170814,05:26:00,0.0,0.0,0,221.0,0.2,44,25933,16545,25.4,19.0
Station_01,Inv_00,20170814,05:27:00,0.0,0.0,0,221.0,0.2,44,25933,16545,25.4,19.0
Station_01,Inv_00,20170814,05:28:00,0.0,0.0,0,221.0,0.2,44,25933,16545,25.4,19.0
Station_01,Inv_00,20170814,05:29:00,0.0,0.0,0,221.0,0.2,44,25933,16545,25.5,19.0
Station_01,Inv_00,20170814,05:30:00,0.0,0.0,0,221.0,0.2,44,25933,16545,25.4,20.0
Station_01,Inv_00,20170814,05:31:00,0.0,0.0,0,221.0,0.2,44,25933,16545,25.4,20.0
Station_01,Inv_00,20170814,05:32:00,0.0,0.0,0,221.0,0.2,44,25933,16545,25.4,21.0
Station_01,Inv_00,20170814,05:33:00,0.0,0.0,0,221.0,0.2,44,25933,16545,25.4,21.0
Station_01,Inv_00,20170814,05:34:00,0.0,0.0,0,221.0,0.2,44,25933,16545,25.4,22.0
Station_01,Inv_00,20170814,05:35:00,0.0,0.0,0,221.0,0.2,44,25933,16545,25.4,22.0
Station_01,Inv_00,20170814,05:36:00,0.0,0.0,0,221.0,0.2,44,25933,16545,25.5,22.0
Station_01,Inv_00,20170814,05:37:00,0.0,0.0,0,221.0,0.2,44,25933,16545,25.4,23.0
Station_01,Inv_00,20170814,05:38:00,0.0,0.0,0,221.0,0.2,44,25933,16545,25.4,23.0
Station_01,Inv_00,20170814,05:39:00,0.0,0.0,0,221.0,0.2,44,25933,16545,25.5,24.0
Station_01,Inv_00,20170814,05:40:00,0.0,0.0,0,221.0,0.2,44,25933,16545,25.5,471.0
Station_01,Inv_00,20170814,05:41:00,0.0,0.0,0,221.0,0.2,44,25933,16545,25.5,25.0
Station_01,Inv_00,20170814,05:42:00,0.0,0.0,0,220.0,0.5,110,25933,16545,25.4,26.0
Station_01,Inv_00,20170814,05:43:00,0.0,0.0,0,222.0,0.5,111,25933,16545,25.5,27.0
Station_01,Inv_00,20170814,05:44:00,0.0,0.0,0,222.0,0.5,111,25933,16545,25.6,473.0
Station_01,Inv_00,20170814,05:45:00,0.0,0.0,0,223.0,0.5,112,25933,16545,25.6,28.0
Station_01,Inv_00,20170814,05:46:00,0.0,0.0,0,223.0,0.5,112,25933,16545,25.6,29.0
Station_01,Inv_00,20170814,05:47:00,0.0,0.0,0,221.0,0.5,111,25933,16545,25.6,30.0
Station_01,Inv_00,20170814,05:48:00,211.0,0.1,21,217.0,0.5,109,25933,16545,25.6,31.0
Station_01,Inv_00,20170814,05:49:00,206.0,0.1,21,216.0,0.4,86,25933,16545,25.7,32.0
Station_01,Inv_00,20170814,05:50:00,223.0,0.1,22,217.0,0.4,87,25933,16545,25.7,33.0
Station_01,Inv_00,20170814,05:51:00,219.7,0.3,66,217.0,0.5,109,25933,16545,25.7,36.0
Station_01,Inv_00,20170814,05:52:00,208.0,0.3,62,216.0,0.5,108,25933,16545,25.8,44.0
Station_01,Inv_00,20170814,05:53:00,178.0,0.3,53,216.0,0.5,108,25933,16545,25.9,48.0
Station_01,Inv_00,20170814,05:54:00,201.0,0.3,60,216.0,0.5,108,25933,16545,25.9,51.0
Station_01,Inv_00,20170814,05:55:00,218.0,0.4,87,217.0,0.5,109,25933,16545,25.9,53.0
Station_01,Inv_00,20170814,05:56:00,227.0,0.3,68,217.0,0.5,109,25933,16545,25.9,55.0
Station_01,Inv_00,20170814,05:57:00,213.0,0.4,85,217.0,0.5,109,25933,16545,26.0,58.0
Station_01,Inv_00,20170814,05:58:00,217.5,0.4,87,217.0,0.5,109,25933,16545,26.0,60.0
Station_01,Inv_00,20170814,05:59:00,217.0,0.4,87,217.0,0.5,109,25933,16545,26.0,62.0
Station_01,Inv_00,20170814,06:00:00,234.5,0.4,94,216.0,0.6,130,25933,16545,26.0,65.0
Station_01,Inv_00,20170814,06:01:00,227.4,0.5,114,216.0,0.6,130,25933,16545,26.1,68.0
Station_01,Inv_00,20170814,06:02:00,237.0,0.5,119,216.0,0.6,130,25933,16545,26.1,70.0
Station_01,Inv_00,20170814,06:03:00,227.0,0.6,136,215.0,0.7,151,25933,16545,26.2,74.0
Station_01,Inv_00,20170814,06:04:00,231.5,0.6,139,215.0,0.7,151,25933,16545,26.3,76.0
Station_01,Inv_00,20170814,06:05:00,230.0,0.6,138,217.0,0.7,152,25933,16545,26.4,79.0
Station_01,Inv_00,20170814,06:06:00,231.0,0.6,139,216.0,0.8,173,25933,16545,26.4,82.0
Station_01,Inv_00,20170814,06:07:00,248.0,0.6,149,216.0,0.9,194,25933,16545,26.5,85.0
Station_01,Inv_00,20170814,06:08:00,231.4,0.7,162,216.0,0.9,194,25933,16545,26.6,89.0
Station_01,Inv_00,20170814,06:09:00,242.6,0.7,170,216.0,0.9,194,25933,16545,26.6,92.0
Station_01,Inv_00,20170814,06:10:00,241.4,0.7,169,216.0,1.0,216,25933,16545,26.8,95.0
Station_01,Inv_00,20170814,06:11:00,255.0,0.7,179,216.0,1.0,216,25933,16545,26.9,99.0
Station_01,Inv_00,20170814,06:12:00,240.2,0.9,216,217.0,1.0,217,25933,16545,27.0,102.0
Station_01,Inv_00,20170814,06:13:00,247.0,0.8,198,216.0,1.0,216,25933,16545,27.2,106.0
Station_01,Inv_00,20170814,06:14:00,240.4,0.9,216,216.0,1.1,238,25933,16545,27.3,110.0
Station_01,Inv_00,20170814,06:15:00,246.0,1.0,246,216.0,1.1,238,25933,16545,27.4,114.0
Station_01,Inv_00,20170814,06:16:00,244.5,1.0,245,216.0,1.2,259,25933,16545,27.6,118.0
Station_01,Inv_00,20170814,06:17:00,244.9,1.1,269,216.0,1.2,259,25933,16545,27.7,121.0
Station_01,Inv_00,20170814,06:18:00,244.7,1.1,269,216.0,1.3,281,25933,16545,27.9,125.0
Station_01,Inv_00,20170814,06:19:00,245.6,1.1,270,216.0,1.3,281,25933,16545,28.1,128.0
Station_01,Inv_00,20170814,06:20:00,244.0,1.2,293,216.0,1.3,281,25933,16545,28.2,132.0
Station_01,Inv_00,20170814,06:21:00,250.5,1.2,301,217.0,1.4,304,25933,16545,28.4,136.0
Station_01,Inv_00,20170814,06:22:00,257.0,1.2,308,216.0,1.4,302,25933,16545,28.6,140.0
Station_01,Inv_00,20170814,06:23:00,252.3,1.3,328,217.0,1.5,326,25933,16545,28.8,144.0
Station_01,Inv_00,20170814,06:24:00,251.5,1.4,352,216.0,1.5,324,25933,16545,28.9,147.0
Station_01,Inv_00,20170814,06:25:00,255.0,1.4,357,217.0,1.6,347,25933,16545,29.1,149.0
Station_01,Inv_00,20170814,06:26:00,248.9,1.5,373,217.0,1.6,347,25933,16545,29.3,153.0
Station_01,Inv_00,20170814,06:27:00,251.5,1.6,402,216.0,1.7,367,25933,16545,29.5,156.0
Station_01,Inv_00,20170814,06:28:00,246.0,1.6,394,216.0,1.7,367,25933,16545,29.7,160.0
Station_01,Inv_00,20170814,06:29:00,255.5,1.6,409,217.0,1.8,391,25933,16545,29.8,164.0
Station_01,Inv_00,20170814,06:30:00,253.4,1.7,431,218.0,1.9,414,25933,16545,30.1,168.0
Station_01,Inv_00,20170814,06:31:00,256.4,1.7,436,218.0,1.9,414,25933,16545,30.2,170.0
Station_01,Inv_00,20170814,06:32:00,248.5,1.8,447,217.0,2.0,434,25933,16545,30.3,174.0
Station_01,Inv_00,20170814,06:33:00,255.5,1.8,460,217.0,2.0,434,25933,16545,30.6,177.0
Station_01,Inv_00,20170814,06:34:00,244.8,1.9,465,217.0,2.1,456,25933,16545,30.8,180.0
Station_01,Inv_00,20170814,06:35:00,249.5,2.0,499,216.0,2.1,454,25933,16545,30.9,184.0
Station_01,Inv_00,20170814,06:36:00,251.5,2.0,503,216.0,2.2,475,25933,16545,31.2,188.0
Station_01,Inv_00,20170814,06:37:00,250.9,2.1,527,215.0,2.3,494,25933,16545,31.3,191.0
Station_01,Inv_00,20170814,06:38:00,251.5,2.2,553,215.0,2.4,516,25933,16545,31.4,196.0
Station_01,Inv_00,20170814,06:39:00,237.5,2.3,546,216.0,2.4,518,25933,16545,31.7,200.0
Station_01,Inv_00,20170814,06:40:00,246.9,2.3,568,215.0,2.5,538,25933,16545,32.0,205.0
Station_01,Inv_00,20170814,06:41:00,246.3,2.3,567,218.0,2.5,545,25933,16545,32.2,210.0
Station_01,Inv_00,20170814,06:42:00,254.5,2.3,585,218.0,2.6,567,25933,16545,32.3,213.0
Station_01,Inv_00,20170814,06:43:00,254.5,2.4,611,218.0,2.7,589,25933,16545,32.5,216.0
Station_01,Inv_00,20170814,06:44:00,244.0,2.6,634,218.0,2.7,589,25933,16545,32.7,218.0
Station_01,Inv_00,20170814,06:45:00,240.0,2.6,624,217.0,2.7,586,25933,16545,33.1,221.0
Station_01,Inv_00,20170814,06:46:00,248.5,2.7,671,218.0,2.9,632,25933,16545,33.4,225.0
Station_01,Inv_00,20170814,06:47:00,241.7,2.8,677,218.0,3.0,654,25933,16545,33.4,230.0
Station_01,Inv_00,20170814,06:48:00,223.0,2.9,647,219.0,2.8,613,25933,16545,33.8,235.0
Station_01,Inv_00,20170814,06:49:00,244.0,2.9,708,219.0,3.1,679,25933,16545,34.0,238.0
Station_01,Inv_00,20170814,06:50:00,248.0,2.9,719,218.0,3.1,676,25933,16545,34.2,240.0
Station_01,Inv_00,20170814,06:51:00,246.5,3.0,740,218.0,3.2,698,25933,16545,34.4,242.0
Station_01,Inv_00,20170814,06:52:00,245.9,3.1,762,217.0,3.3,716,25933,16545,34.6,247.0
Station_01,Inv_00,20170814,06:53:00,247.0,3.0,741,217.0,3.4,738,25933,16545,34.9,250.0
Station_01,Inv_00,20170814,06:54:00,248.5,3.2,795,217.0,3.4,738,25933,16545,35.0,252.0
Station_01,Inv_00,20170814,06:55:00,249.4,3.2,798,217.0,3.5,760,25933,16545,35.2,254.0
Station_01,Inv_00,20170814,06:56:00,249.0,3.3,822,218.0,3.6,785,25933,16545,35.5,258.0
Station_01,Inv_00,20170814,06:57:00,246.0,3.4,836,218.0,3.6,785,25933,16545,35.6,263.0
Station_01,Inv_00,20170814,06:58:00,237.0,3.4,806,218.0,3.6,785,25933,16545,35.8,269.0
Station_01,Inv_00,20170814,06:59:00,229.0,3.7,847,218.0,3.6,785,25933,16545,36.0,275.0
Station_01,Inv_00,20170814,07:00:00,246.5,3.7,912,219.0,3.9,854,25933,16545,36.3,279.0
Station_01,Inv_00,20170814,07:01:00,244.0,3.8,927,218.0,3.9,850,25933,16545,35.9,286.0
Station_01,Inv_00,20170814,07:02:00,249.5,3.8,948,217.0,3.9,846,25933,16545,36.3,290.0
Station_01,Inv_00,20170814,07:03:00,246.5,3.9,961,218.0,4.0,872,25933,16545,36.4,294.0
Station_01,Inv_00,20170814,07:04:00,247.0,3.8,939,218.0,4.1,894,25933,16545,36.7,297.0
Station_01,Inv_00,20170814,07:05:00,237.9,4.1,975,218.0,4.1,894,25933,16545,36.7,301.0
Station_01,Inv_00,20170814,07:06:00,246.0,4.1,1009,218.0,4.2,916,25933,16545,36.8,306.0
Station_01,Inv_00,20170814,07:07:00,241.0,4.2,1012,217.0,4.2,911,25933,16545,37.0,309.0
Station_01,Inv_00,20170814,07:08:00,236.0,4.3,1015,218.0,4.2,916,25933,16545,37.2,311.0
Station_01,Inv_00,20170814,07:09:00,244.0,4.2,1025,219.0,4.3,942,25933,16545,37.5,313.0
Station_01,Inv_00,20170814,07:10:00,246.5,4.2,1035,218.0,4.5,981,25933,16545,37.5,319.0
Station_01,Inv_00,20170814,07:11:00,244.0,4.0,976,219.0,4.2,920,25933,16545,37.9,314.0
Station_01,Inv_00,20170814,07:12:00,246.4,4.3,1060,219.0,4.6,1007,25933,16545,37.8,327.0
Station_01,Inv_00,20170814,07:13:00,241.0,4.5,1084,218.0,4.6,1003,25933,16545,37.9,332.0
Station_01,Inv_00,20170814,07:14:00,242.5,4.5,1091,218.0,4.7,1025,25933,16545,38.3,336.0
Station_01,Inv_00,20170814,07:15:00,244.5,4.7,1149,218.0,4.7,1025,25933,16545,38.4,339.0
Station_01,Inv_00,20170814,07:16:00,246.0,4.6,1132,219.0,4.9,1073,25933,16545,38.3,346.0
Station_01,Inv_00,20170814,07:17:00,238.5,4.9,1169,219.0,4.9,1073,25933,16545,38.4,348.0
Station_01,Inv_00,20170814,07:18:00,243.0,4.8,1166,219.0,5.0,1095,25933,16545,38.5,351.0
Station_01,Inv_00,20170814,07:19:00,240.0,4.9,1176,220.0,5.1,1122,25933,16545,38.9,357.0
Station_01,Inv_00,20170814,07:20:00,237.5,5.0,1188,220.0,5.1,1122,25933,16545,39.1,360.0
Station_01,Inv_00,20170814,07:21:00,236.4,5.1,1206,220.0,5.1,1122,25933,16545,39.4,363.0
Station_01,Inv_00,20170814,07:22:00,236.0,5.2,1227,220.0,5.2,1144,25933,16545,39.7,368.0
Station_01,Inv_00,20170814,07:23:00,244.0,5.1,1244,217.0,5.4,1172,25933,16545,39.6,372.0
Station_01,Inv_00,20170814,07:24:00,241.3,5.2,1255,218.0,5.4,1177,25933,16545,39.7,375.0
Station_01,Inv_00,20170814,07:25:00,231.4,5.3,1227,218.0,5.3,1155,25933,16545,39.6,378.0
Station_01,Inv_00,20170814,07:26:00,244.9,5.2,1274,218.0,5.6,1221,25933,16545,40.0,382.0
Station_01,Inv_00,20170814,07:27:00,244.0,5.3,1293,218.0,5.6,1221,25933,16545,40.0,386.0
Station_01,Inv_00,20170814,07:28:00,237.5,5.5,1306,217.0,5.6,1215,25933,16545,40.4,388.0
Station_01,Inv_00,20170814,07:29:00,237.5,5.5,1306,217.0,5.7,1237,25933,16545,40.6,392.0
Station_01,Inv_00,20170814,07:30:00,236.5,5.6,1324,217.0,5.7,1237,25934,16546,40.9,396.0
Station_01,Inv_00,20170814,07:31:00,236.0,5.7,1345,218.0,5.8,1264,25934,16546,40.5,401.0
Station_01,Inv_00,20170814,07:32:00,235.5,5.9,1389,217.0,5.9,1280,25934,16546,40.7,404.0
Station_01,Inv_00,20170814,07:33:00,239.0,5.8,1386,217.0,6.1,1324,25934,16546,40.8,410.0
Station_01,Inv_00,20170814,07:34:00,240.5,5.9,1419,217.0,6.1,1324,25934,16546,41.2,410.0
Station_01,Inv_00,20170814,07:35:00,238.0,5.9,1404,216.0,6.2,1339,25934,16546,41.9,412.0
Station_01,Inv_00,20170814,07:36:00,236.0,6.0,1416,217.0,6.2,1345,25934,16546,41.6,420.0
Station_01,Inv_00,20170814,07:37:00,238.0,6.1,1452,218.0,6.2,1352,25934,16546,41.9,420.0
Station_01,Inv_00,20170814,07:38:00,237.0,6.1,1446,217.0,6.2,1345,25934,16546,41.7,423.0
Station_01,Inv_00,20170814,07:39:00,238.5,6.2,1479,217.0,6.3,1367,25934,16546,42.2,425.0
Station_01,Inv_00,20170814,07:40:00,237.5,6.4,1520,218.0,6.4,1395,25934,16546,42.0,433.0
Station_01,Inv_00,20170814,07:41:00,240.0,6.3,1512,218.0,6.4,1395,25934,16546,42.6,434.0
Station_01,Inv_00,20170814,07:42:00,236.5,6.3,1490,217.0,6.5,1411,25934,16546,42.6,437.0
Station_01,Inv_00,20170814,07:43:00,232.5,6.5,1511,217.0,6.6,1432,25934,16546,42.4,446.0
Station_01,Inv_00,20170814,07:44:00,237.5,6.4,1520,217.0,6.7,1454,25934,16546,42.4,447.0
Station_01,Inv_00,20170814,07:45:00,233.5,6.7,1564,217.0,6.7,1454,25934,16546,42.2,452.0
Station_01,Inv_00,20170814,07:46:00,236.0,6.8,1605,217.0,6.8,1476,25934,16546,43.4,457.0
Station_01,Inv_00,20170814,07:47:00,240.5,6.8,1635,218.0,6.9,1504,25934,16546,43.2,463.0
Station_01,Inv_00,20170814,07:48:00,233.0,6.8,1584,218.0,6.9,1504,25934,16546,43.1,466.0
Station_01,Inv_00,20170814,07:49:00,235.5,6.8,1601,218.0,7.0,1526,25934,16546,43.5,469.0
Station_01,Inv_00,20170814,07:50:00,236.5,6.9,1632,218.0,7.1,1548,25934,16546,43.7,474.0
Station_01,Inv_00,20170814,07:51:00,231.0,7.1,1640,219.0,7.2,1577,25934,16546,44.1,480.0
Station_01,Inv_00,20170814,07:52:00,237.5,7.0,1662,218.0,7.2,1570,25934,16546,43.9,483.0
Station_01,Inv_00,20170814,07:53:00,233.0,7.1,1654,218.0,7.2,1570,25934,16546,43.8,484.0
Station_01,Inv_00,20170814,07:54:00,235.5,7.2,1696,218.0,7.3,1591,25934,16546,44.4,490.0
Station_01,Inv_00,20170814,07:55:00,236.9,7.2,1706,219.0,7.3,1599,25934,16546,44.5,493.0
Station_01,Inv_00,20170814,07:56:00,235.0,7.2,1692,219.0,7.3,1599,25934,16546,44.7,493.0
Station_01,Inv_00,20170814,07:57:00,232.5,7.0,1628,218.0,7.1,1548,25934,16546,44.8,479.0
Station_01,Inv_00,20170814,07:58:00,231.5,7.5,1736,218.0,7.5,1635,25934,16546,44.2,502.0
Station_01,Inv_00,20170814,07:59:00,235.5,7.6,1790,217.0,7.7,1671,25934,16546,44.1,509.0
Station_01,Inv_00,20170814,08:00:00,235.5,7.7,1813,217.0,7.7,1671,25934,16546,44.5,515.0
Station_01,Inv_00,20170814,08:01:00,235.5,7.6,1790,217.0,7.8,1693,25934,16546,45.4,518.0
Station_01,Inv_00,20170814,08:02:00,231.5,7.9,1829,217.0,7.8,1693,25934,16546,45.1,519.0
Station_01,Inv_00,20170814,08:03:00,230.5,7.8,1798,217.0,7.8,1693,25934,16546,45.5,523.0
Station_01,Inv_00,20170814,08:04:00,233.0,7.8,1817,218.0,7.9,1722,25934,16546,46.1,522.0
Station_01,Inv_00,20170814,08:05:00,231.5,7.8,1806,217.0,7.9,1714,25934,16546,46.5,525.0
Station_01,Inv_00,20170814,08:06:00,233.5,7.8,1821,219.0,7.8,1708,25934,16546,47.1,525.0
Station_01,Inv_00,20170814,08:07:00,230.5,7.9,1821,219.0,7.9,1730,25935,16547,46.8,529.0
Station_01,Inv_00,20170814,08:08:00,232.4,8.0,1860,217.0,8.1,1758,25935,16547,46.0,539.0
Station_01,Inv_00,20170814,08:09:00,232.5,8.2,1906,217.0,8.2,1779,25935,16547,46.1,548.0
Station_01,Inv_00,20170814,08:10:00,230.0,8.3,1909,218.0,8.2,1788,25935,16547,46.0,553.0
Station_01,Inv_00,20170814,08:11:00,231.0,8.3,1917,218.0,8.2,1788,25935,16547,46.6,549.0
Station_01,Inv_00,20170814,08:12:00,224.0,8.7,1949,218.0,8.3,1809,25935,16547,46.9,543.0
Station_01,Inv_00,20170814,08:13:00,233.5,8.4,1961,219.0,8.5,1862,25935,16547,47.8,561.0
Station_01,Inv_00,20170814,08:14:00,229.0,8.6,1969,218.0,8.6,1875,25935,16547,47.5,564.0
Station_01,Inv_00,20170814,08:15:00,232.0,8.5,1972,219.0,8.5,1862,25935,16547,47.9,569.0
Station_01,Inv_00,20170814,08:16:00,232.0,8.7,2018,218.0,8.7,1897,25935,16547,48.6,571.0
Station_01,Inv_00,20170814,08:17:00,234.0,8.8,2059,217.0,9.0,1953,25935,16547,49.5,582.0
Station_01,Inv_00,20170814,08:18:00,229.4,9.2,2111,217.0,9.2,1996,25935,16547,50.6,607.0
Station_01,Inv_00,20170814,08:19:00,227.0,9.4,2133,218.0,9.3,2027,25935,16547,51.6,617.0
Station_01,Inv_00,20170814,08:20:00,225.5,9.5,2142,218.0,9.3,2027,25935,16547,51.3,609.0
Station_01,Inv_00,20170814,08:21:00,227.0,9.3,2111,218.0,9.1,1984,25935,16547,51.2,602.0
Station_01,Inv_00,20170814,08:22:00,228.5,9.1,2079,218.0,9.1,1984,25935,16547,51.4,607.0
Station_01,Inv_00,20170814,08:23:00,227.5,9.2,2093,218.0,9.2,2006,25935,16547,51.3,600.0
Station_01,Inv_00,20170814,08:24:00,225.5,9.7,2187,218.0,9.5,2071,25935,16547,51.7,622.0
Station_01,Inv_00,20170814,08:25:00,228.5,9.9,2262,218.0,9.8,2136,25935,16547,52.6,646.0
Station_01,Inv_00,20170814,08:26:00,226.0,10.3,2328,218.0,10.1,2202,25935,16547,51.1,661.0
Station_01,Inv_00,20170814,08:27:00,228.5,10.2,2331,218.0,10.1,2202,25935,16547,52.3,662.0
Station_01,Inv_00,20170814,08:28:00,235.4,9.9,2330,218.0,10.2,2224,25935,16547,51.3,616.0
Station_01,Inv_00,20170814,08:29:00,225.5,9.9,2233,218.0,10.1,2202,25935,16547,52.4,662.0
Station_01,Inv_00,20170814,08:30:00,220.0,3.0,660,217.0,2.9,629,25935,16547,49.1,213.0
Station_01,Inv_00,20170814,08:31:00,223.5,11.0,2458,217.0,10.6,2300,25935,16547,50.8,663.0
Station_01,Inv_00,20170814,08:32:00,226.4,11.2,2536,218.0,10.8,2354,25935,16547,51.1,707.0
Station_01,Inv_00,20170814,08:33:00,222.0,11.1,2464,218.0,10.7,2333,25935,16547,51.8,704.0
Station_01,Inv_00,20170814,08:34:00,225.4,6.6,1488,217.0,6.9,1497,25935,16547,51.3,586.0
Station_01,Inv_00,20170814,08:35:00,225.4,11.2,2525,218.0,10.9,2376,25935,16547,50.1,682.0
Station_01,Inv_00,20170814,08:36:00,221.0,11.1,2453,218.0,10.5,2289,25935,16547,50.2,606.0
Station_01,Inv_00,20170814,08:37:00,218.9,10.6,2320,217.0,10.1,2192,25936,16547,49.0,674.0
Station_01,Inv_00,20170814,08:38:00,228.4,10.8,2467,218.0,10.8,2354,25936,16547,49.5,697.0
Station_01,Inv_00,20170814,08:39:00,227.9,11.0,2507,218.0,10.9,2376,25936,16547,51.5,710.0
Station_01,Inv_00,20170814,08:40:00,222.5,11.3,2514,217.0,11.1,2409,25936,16547,51.2,741.0
Station_01,Inv_00,20170814,08:41:00,221.5,4.3,952,217.0,4.0,868,25936,16547,50.5,301.0
Station_01,Inv_00,20170814,08:42:00,222.5,3.6,801,216.0,3.6,778,25936,16547,48.4,265.0
Station_01,Inv_00,20170814,08:43:00,229.4,12.1,2776,218.0,12.0,2616,25936,16547,50.1,690.0
Station_01,Inv_00,20170814,08:44:00,232.8,8.0,1863,218.0,8.6,1875,25936,16547,49.3,520.0
Station_01,Inv_00,20170814,08:45:00,230.5,12.6,2904,218.0,12.4,2703,25936,16547,50.1,743.0
Station_01,Inv_00,20170814,08:46:00,222.5,12.9,2870,217.0,12.4,2691,25936,16547,51.4,801.0
Station_01,Inv_00,20170814,08:47:00,226.0,12.8,2893,216.0,12.5,2700,25936,16547,52.8,797.0
Station_01,Inv_00,20170814,08:48:00,223.0,13.1,2921,217.0,12.5,2713,25936,16547,53.8,809.0
Station_01,Inv_00,20170814,08:49:00,209.9,11.4,2393,217.0,10.1,2192,25936,16547,55.4,822.0
Station_01,Inv_00,20170814,08:50:00,224.5,13.0,2919,217.0,12.6,2734,25936,16547,55.2,837.0
Station_01,Inv_00,20170814,08:51:00,216.4,12.9,2792,220.0,11.9,2618,25936,16547,56.0,806.0
Station_01,Inv_00,20170814,08:52:00,222.0,12.6,2797,220.0,11.9,2618,25936,16547,54.9,806.0
Station_01,Inv_00,20170814,08:53:00,217.5,12.8,2784,219.0,12.0,2628,25936,16547,56.4,798.0
Station_01,Inv_00,20170814,08:54:00,216.9,3.4,737,218.0,3.4,741,25936,16547,54.4,367.0
Station_01,Inv_00,20170814,08:55:00,224.9,3.2,720,218.0,3.1,676,25936,16547,53.0,219.0
Station_01,Inv_00,20170814,08:56:00,225.5,3.5,789,219.0,3.5,767,25936,16547,49.9,241.0
Station_01,Inv_00,20170814,08:57:00,223.5,3.8,849,219.0,3.6,788,25936,16547,47.3,249.0
Station_01,Inv_00,20170814,08:58:00,189.0,4.4,832,219.0,6.2,1358,25936,16547,48.3,736.0
Station_01,Inv_00,20170814,08:59:00,179.5,4.0,718,218.0,3.3,719,25936,16547,46.1,465.0
Station_01,Inv_00,20170814,09:00:00,231.5,3.2,741,218.0,3.2,698,25936,16547,44.0,230.0
Station_01,Inv_00,20170814,09:01:00,229.5,13.2,3029,219.0,13.0,2847,25936,16547,45.2,728.0
Station_01,Inv_00,20170814,09:02:00,233.5,3.5,817,218.0,3.6,785,25936,16547,46.3,352.0
Station_01,Inv_00,20170814,09:03:00,232.5,3.4,791,218.0,3.5,763,25936,16547,44.0,240.0
Station_01,Inv_00,20170814,09:04:00,224.6,4.3,966,218.0,4.1,894,25936,16547,42.3,343.0
Station_01,Inv_00,20170814,09:05:00,231.5,6.1,1412,219.0,6.2,1358,25936,16547,43.5,507.0
Station_01,Inv_00,20170814,09:06:00,239.8,8.6,2062,219.0,9.0,1971,25936,16547,43.3,438.0
Station_01,Inv_00,20170814,09:07:00,221.4,9.0,1992,220.0,9.5,2090,25936,16547,45.7,825.0
Station_01,Inv_00,20170814,09:08:00,233.5,3.2,747,218.0,3.2,698,25937,16548,46.1,420.0
Station_01,Inv_00,20170814,09:09:00,229.0,2.5,573,218.0,2.6,567,25937,16548,44.4,199.0
Station_01,Inv_00,20170814,09:10:00,231.0,2.2,508,218.0,2.2,480,25937,16548,43.8,170.0
Station_01,Inv_00,20170814,09:11:00,235.0,2.0,470,218.0,2.0,436,25937,16548,42.1,153.0
Station_01,Inv_00,20170814,09:12:00,237.0,2.0,474,218.0,2.0,436,25937,16548,40.9,151.0
Station_01,Inv_00,20170814,09:13:00,238.0,2.1,500,218.0,2.2,480,25937,16548,39.8,157.0
Station_01,Inv_00,20170814,09:14:00,240.0,2.2,528,218.0,2.3,501,25937,16548,39.3,167.0
Station_01,Inv_00,20170814,09:15:00,230.0,2.1,483,218.0,2.1,458,25937,16548,38.3,158.0
Station_01,Inv_00,20170814,09:16:00,230.5,2.2,507,218.0,2.3,501,25937,16548,38.0,167.0
Station_01,Inv_00,20170814,09:17:00,235.5,2.4,565,219.0,2.5,548,25937,16548,37.1,175.0
Station_01,Inv_00,20170814,09:18:00,240.0,2.5,600,220.0,2.6,572,25937,16548,36.9,185.0
Station_01,Inv_00,20170814,09:19:00,237.6,2.7,641,219.0,2.9,635,25937,16548,36.8,194.0
Station_01,Inv_00,20170814,09:20:00,240.5,2.7,649,219.0,2.9,635,25937,16548,36.8,211.0
Station_01,Inv_00,20170814,09:21:00,244.5,2.1,514,218.0,2.3,501,25937,16548,36.3,176.0
Station_01,Inv_00,20170814,09:22:00,233.0,12.9,3006,220.0,13.0,2860,25937,16548,38.3,721.0
Station_01,Inv_00,20170814,09:23:00,240.5,12.9,3102,220.0,13.4,2948,25937,16548,41.4,840.0
Station_01,Inv_00,20170814,09:24:00,233.5,13.4,3129,220.0,13.4,2948,25937,16548,43.3,853.0
Station_01,Inv_00,20170814,09:25:00,234.5,13.3,3119,220.0,13.4,2948,25937,16548,45.9,861.0
Station_01,Inv_00,20170814,09:26:00,229.0,13.9,3183,219.0,13.5,2957,25937,16548,46.6,880.0
Station_01,Inv_00,20170814,09:27:00,228.5,13.8,3153,219.0,13.5,2957,25937,16548,48.7,887.0
Station_01,Inv_00,20170814,09:28:00,229.5,13.8,3167,219.0,13.5,2957,25937,16548,49.3,893.0
Station_01,Inv_00,20170814,09:29:00,218.0,9.1,1984,219.0,9.0,1971,25937,16548,50.6,781.0
Station_01,Inv_00,20170814,09:30:00,208.6,7.1,1481,218.0,7.7,1679,25937,16548,50.9,834.0
Station_01,Inv_00,20170814,09:31:00,215.5,14.3,3082,219.0,13.3,2913,25937,16548,50.4,750.0
Station_01,Inv_00,20170814,09:32:00,220.0,15.0,3300,219.0,14.1,3088,25937,16548,50.9,926.0
Station_01,Inv_00,20170814,09:33:00,218.0,14.9,3248,219.0,13.9,3044,25937,16548,52.0,936.0
Station_01,Inv_00,20170814,09:34:00,217.5,10.3,2240,218.0,9.9,2158,25937,16548,53.8,822.0
Station_01,Inv_00,20170814,09:35:00,224.5,4.0,898,218.0,4.0,872,25937,16548,50.7,287.0
Station_01,Inv_00,20170814,09:36:00,227.0,3.2,726,217.0,3.2,694,25937,16548,48.9,259.0
Station_01,Inv_00,20170814,09:37:00,225.6,2.9,654,218.0,2.9,632,25937,16548,47.9,211.0
Station_01,Inv_00,20170814,09:38:00,222.3,4.2,934,219.0,3.8,832,25937,16548,45.3,237.0
Station_01,Inv_00,20170814,09:39:00,228.5,2.8,640,218.0,2.9,632,25937,16548,44.9,248.0
Station_01,Inv_00,20170814,09:40:00,228.4,2.6,594,217.0,2.6,564,25937,16548,42.9,193.0
Station_01,Inv_00,20170814,09:41:00,229.0,14.4,3297,219.0,14.1,3088,25937,16548,45.1,844.0
Station_01,Inv_00,20170814,09:42:00,222.0,14.6,3241,220.0,13.9,3058,25937,16548,48.1,909.0
Station_01,Inv_00,20170814,09:43:00,225.0,14.2,3195,219.0,13.6,2978,25937,16548,50.1,897.0
Station_01,Inv_00,20170814,09:44:00,218.5,14.6,3190,220.0,13.7,3014,25938,16548,51.3,908.0
Station_01,Inv_00,20170814,09:45:00,220.0,14.3,3146,220.0,13.4,2948,25938,16548,53.7,896.0
Station_01,Inv_00,20170814,09:46:00,216.7,10.3,2232,220.0,11.1,2442,25938,16548,54.6,651.0
Station_01,Inv_00,20170814,09:47:00,226.5,3.6,815,219.0,3.6,788,25938,16548,51.9,258.0
Station_01,Inv_00,20170814,09:48:00,229.0,3.2,733,218.0,3.2,698,25938,16548,50.2,231.0
Station_01,Inv_00,20170814,09:49:00,228.5,5.0,1143,219.0,4.4,964,25938,16548,48.8,290.0
Station_01,Inv_00,20170814,09:50:00,229.0,4.0,916,218.0,3.9,850,25938,16548,46.8,272.0
Station_01,Inv_00,20170814,09:51:00,230.9,4.4,1016,219.0,4.2,920,25938,16548,46.3,294.0
Station_01,Inv_00,20170814,09:52:00,227.0,15.1,3428,220.0,14.6,3212,25938,16548,49.5,929.0
Station_01,Inv_00,20170814,09:53:00,221.5,15.0,3322,220.0,14.1,3102,25938,16548,52.1,949.0
Station_01,Inv_00,20170814,09:54:00,223.0,14.6,3256,221.0,13.9,3072,25938,16548,54.5,926.0
Station_01,Inv_00,20170814,09:55:00,203.0,5.7,1157,219.0,4.2,920,25938,16548,52.7,642.0
Station_01,Inv_00,20170814,09:56:00,222.4,7.0,1557,219.0,5.9,1292,25938,16548,51.0,328.0
Station_01,Inv_00,20170814,09:57:00,220.7,4.2,927,218.0,4.0,872,25938,16548,51.4,331.0
Station_01,Inv_00,20170814,09:58:00,222.6,4.7,1046,219.0,4.7,1029,25938,16548,49.1,326.0
Station_01,Inv_00,20170814,09:59:00,231.5,2.5,579,219.0,2.6,569,25938,16548,48.0,197.0
Station_01,Inv_00,20170814,10:00:00,229.0,2.4,550,219.0,2.5,548,25938,16548,45.0,184.0
Station_01,Inv_00,20170814,10:01:00,230.5,2.7,622,219.0,2.8,613,25938,16548,43.4,195.0
Station_01,Inv_00,20170814,10:02:00,228.0,3.1,707,219.0,3.2,701,25938,16548,43.1,215.0
Station_01,Inv_00,20170814,10:03:00,211.6,4.7,994,219.0,4.6,1007,25938,16548,43.2,399.0
Station_01,Inv_00,20170814,10:04:00,212.3,8.7,1847,220.0,9.1,2002,25938,16548,45.9,933.0
Station_01,Inv_00,20170814,10:05:00,225.5,15.3,3450,220.0,14.7,3234,25938,16548,47.9,961.0
Station_01,Inv_00,20170814,10:06:00,217.5,14.5,3154,220.0,13.0,2860,25938,16548,51.5,961.0
Station_01,Inv_00,20170814,10:07:00,216.9,15.7,3406,220.0,14.3,3146,25938,16548,52.8,926.0
Station_01,Inv_00,20170814,10:08:00,216.0,15.8,3413,220.0,14.4,3168,25938,16548,55.0,979.0
Station_01,Inv_00,20170814,10:09:00,212.4,4.0,850,219.0,3.8,832,25938,16548,54.9,563.0
Station_01,Inv_00,20170814,10:10:00,219.5,4.0,878,219.0,3.9,854,25938,16548,50.8,267.0
Station_01,Inv_00,20170814,10:11:00,222.0,3.6,799,219.0,3.6,788,25938,16548,49.6,258.0
Station_01,Inv_00,20170814,10:12:00,228.0,3.2,730,219.0,3.3,723,25938,16548,47.9,229.0
Station_01,Inv_00,20170814,10:13:00,233.0,10.4,2423,220.0,10.0,2200,25938,16548,46.3,292.0
Station_01,Inv_00,20170814,10:14:00,230.0,3.8,874,219.0,3.9,854,25938,16548,47.1,524.0
Station_01,Inv_00,20170814,10:15:00,220.9,5.8,1281,219.0,6.3,1380,25938,16548,45.9,304.0
Station_01,Inv_00,20170814,10:16:00,230.5,3.8,876,218.0,3.9,850,25938,16548,45.4,278.0
Station_01,Inv_00,20170814,10:17:00,227.9,15.9,3624,220.0,15.4,3388,25938,16548,48.3,944.0
Station_01,Inv_00,20170814,10:18:00,226.8,15.9,3607,220.0,15.4,3388,25939,16549,50.2,869.0
Station_01,Inv_00,20170814,10:19:00,228.0,3.6,821,218.0,3.6,785,25939,16549,48.6,271.0
Station_01,Inv_00,20170814,10:20:00,225.0,4.0,900,218.0,3.9,850,25939,16549,47.5,247.0
Station_01,Inv_00,20170814,10:21:00,226.5,15.6,3533,220.0,15.0,3300,25939,16549,51.4,990.0
Station_01,Inv_00,20170814,10:22:00,224.5,14.8,3322,220.0,14.2,3124,25939,16549,52.4,967.0
Station_01,Inv_00,20170814,10:23:00,216.5,15.9,3442,220.0,14.7,3234,25939,16549,55.1,1015.0
Station_01,Inv_00,20170814,10:24:00,219.0,15.5,3395,219.0,13.7,3000,25939,16549,55.7,911.0
Station_01,Inv_00,20170814,10:25:00,217.5,16.0,3480,220.0,14.9,3278,25939,16549,57.2,1027.0
Station_01,Inv_00,20170814,10:26:00,183.4,4.6,844,219.0,6.9,1511,25939,16549,57.8,694.0
Station_01,Inv_00,20170814,10:27:00,219.5,3.6,790,219.0,3.6,788,25939,16549,52.4,260.0
Station_01,Inv_00,20170814,10:28:00,221.0,16.3,3602,220.0,15.4,3388,25939,16549,53.3,970.0
Station_01,Inv_00,20170814,10:29:00,217.5,17.0,3697,221.0,15.7,3470,25939,16549,57.1,1081.0
Station_01,Inv_00,20170814,10:30:00,216.4,16.3,3528,220.0,14.9,3278,25939,16549,56.5,769.0
Station_01,Inv_00,20170814,10:31:00,208.5,9.3,1939,219.0,9.7,2124,25939,16549,55.7,752.0
Station_01,Inv_00,20170814,10:32:00,222.5,4.4,979,219.0,4.2,920,25939,16549,54.5,340.0
Station_01,Inv_00,20170814,10:33:00,215.0,16.3,3504,220.0,14.9,3278,25939,16549,56.5,1014.0
Station_01,Inv_00,20170814,10:34:00,204.0,10.6,2162,219.0,9.5,2081,25939,16549,57.3,887.0
Station_01,Inv_00,20170814,10:35:00,217.0,2.4,521,218.0,2.4,523,25939,16549,52.7,191.0
Station_01,Inv_00,20170814,10:36:00,223.5,2.4,536,218.0,2.4,523,25939,16549,49.8,179.0
Station_01,Inv_00,20170814,10:37:00,216.5,2.7,585,219.0,2.6,569,25939,16549,47.8,187.0
Station_01,Inv_00,20170814,10:38:00,218.0,16.2,3531,220.0,15.0,3300,25939,16549,48.4,918.0
Station_01,Inv_00,20170814,10:39:00,226.0,15.6,3525,220.0,15.0,3300,25939,16549,50.2,1020.0
Station_01,Inv_00,20170814,10:40:00,221.0,3.8,840,218.0,3.6,785,25939,16549,50.7,490.0
Station_01,Inv_00,20170814,10:41:00,213.5,16.5,3523,220.0,14.6,3212,25939,16549,49.0,693.0
Station_01,Inv_00,20170814,10:42:00,215.9,3.2,691,218.0,2.5,545,25939,16549,51.0,602.0
Station_01,Inv_00,20170814,10:43:00,220.5,3.3,728,217.0,3.2,694,25939,16549,48.9,235.0
Station_01,Inv_00,20170814,10:44:00,208.9,12.9,2695,220.0,13.3,2926,25940,16550,51.4,847.0
Station_01,Inv_00,20170814,10:45:00,219.5,16.4,3599,219.0,15.0,3285,25940,16550,52.6,762.0
Station_01,Inv_00,20170814,10:46:00,217.0,16.4,3558,219.0,15.2,3329,25940,16550,55.6,1047.0
Station_01,Inv_00,20170814,10:47:00,204.0,17.3,3529,219.0,15.0,3285,25940,16550,57.8,1058.0
Station_01,Inv_00,20170814,10:48:00,211.5,16.9,3574,219.0,15.2,3329,25940,16550,59.8,1066.0
Station_01,Inv_00,20170814,10:49:00,213.0,17.1,3642,219.0,15.3,3351,25940,16550,60.6,1064.0
Station_01,Inv_00,20170814,10:50:00,209.5,17.6,3687,219.0,15.8,3460,25940,16550,59.2,755.0
Station_01,Inv_00,20170814,10:51:00,189.4,12.8,2424,219.0,13.6,2978,25940,16550,62.5,1103.0
Station_01,Inv_00,20170814,10:52:00,214.5,4.8,1030,218.0,4.3,937,25940,16550,57.0,331.0
Station_01,Inv_00,20170814,10:53:00,211.9,17.3,3667,219.0,15.6,3416,25940,16550,58.8,972.0
Station_01,Inv_00,20170814,10:54:00,208.0,17.4,3619,219.0,15.5,3395,25940,16550,60.2,1092.0
Station_01,Inv_00,20170814,10:55:00,207.5,17.3,3590,219.0,15.4,3373,25940,16550,60.4,1093.0
Station_01,Inv_00,20170814,10:56:00,207.5,17.2,3569,219.0,15.2,3329,25940,16550,61.0,1098.0
Station_01,Inv_00,20170814,10:57:00,209.5,16.9,3540,219.0,15.1,3307,25940,16550,63.4,1087.0
Station_01,Inv_00,20170814,10:58:00,203.5,17.5,3561,219.0,15.3,3351,25940,16550,63.1,1100.0
Station_01,Inv_00,20170814,10:59:00,204.0,17.8,3631,219.0,15.5,3395,25940,16550,65.6,1113.0
Station_01,Inv_00,20170814,11:00:00,206.0,17.3,3564,219.0,15.2,3329,25940,16550,66.0,1092.0
Station_01,Inv_00,20170814,11:01:00,204.0,17.5,3570,219.0,15.2,3329,25940,16550,64.9,1111.0
Station_01,Inv_00,20170814,11:02:00,207.5,15.5,3216,219.0,12.2,2672,25940,16550,63.8,620.0
Station_01,Inv_00,20170814,11:03:00,204.0,17.3,3529,219.0,15.0,3285,25941,16550,66.7,1100.0
Station_01,Inv_00,20170814,11:04:00,201.5,17.3,3486,219.0,14.8,3241,25941,16550,68.2,1084.0
Station_01,Inv_00,20170814,11:05:00,200.0,17.0,3400,219.0,14.6,3197,25941,16550,67.1,1073.0
Station_01,Inv_00,20170814,11:06:00,204.5,16.9,3456,219.0,14.8,3241,25941,16550,70.0,1084.0
Station_01,Inv_00,20170814,11:07:00,205.1,11.6,2379,218.0,9.4,2049,25941,16550,67.8,538.0
Station_01,Inv_00,20170814,11:08:00,201.5,4.8,967,217.0,4.1,890,25941,16550,64.2,335.0
Station_01,Inv_00,20170814,11:09:00,210.5,16.8,3536,218.0,13.3,2899,25941,16550,61.1,389.0
Station_01,Inv_00,20170814,11:10:00,184.5,5.9,1089,217.0,5.1,1107,25941,16550,60.2,653.0
Station_01,Inv_00,20170814,11:11:00,217.4,4.7,1022,217.0,4.3,933,25941,16550,56.0,328.0
Station_01,Inv_00,20170814,11:12:00,212.0,4.8,1018,217.0,4.3,933,25941,16550,53.6,305.0
Station_01,Inv_00,20170814,11:13:00,211.0,17.6,3714,219.0,15.8,3460,25941,16550,53.7,682.0
Station_01,Inv_00,20170814,11:14:00,219.9,5.3,1166,217.0,5.1,1107,25941,16550,54.0,408.0
Station_01,Inv_00,20170814,11:15:00,220.4,5.0,1102,216.0,4.6,994,25941,16550,52.4,319.0
Station_01,Inv_00,20170814,11:16:00,218.0,12.7,2769,218.0,11.5,2507,25941,16550,52.1,468.0
Station_01,Inv_00,20170814,11:17:00,212.0,17.9,3795,218.0,16.2,3532,25941,16550,57.1,1089.0
Station_01,Inv_00,20170814,11:18:00,211.0,13.7,2890,218.0,12.6,2747,25941,16550,58.5,1050.0
Station_01,Inv_00,20170814,11:19:00,195.9,11.5,2253,218.0,11.0,2398,25941,16550,61.2,1079.0
Station_01,Inv_00,20170814,11:20:00,210.5,8.6,1810,217.0,7.0,1519,25941,16550,58.3,558.0
Station_01,Inv_00,20170814,11:21:00,215.0,4.3,925,217.0,4.0,868,25941,16550,57.0,305.0
Station_01,Inv_00,20170814,11:22:00,219.4,3.6,790,217.0,3.6,781,25941,16550,54.8,246.0
Station_01,Inv_00,20170814,11:23:00,219.4,3.6,790,217.0,3.6,781,25941,16550,52.4,234.0
Station_01,Inv_00,20170814,11:24:00,222.9,3.8,847,217.0,3.7,803,25941,16550,50.4,238.0
Station_01,Inv_00,20170814,11:25:00,227.0,4.0,908,216.0,4.0,864,25941,16550,48.3,260.0
Station_01,Inv_00,20170814,11:26:00,229.4,4.6,1055,217.0,4.5,977,25941,16550,47.1,286.0
Station_01,Inv_00,20170814,11:27:00,231.0,5.0,1155,217.0,5.1,1107,25941,16550,46.2,322.0
Station_01,Inv_00,20170814,11:28:00,228.5,5.4,1234,217.0,5.3,1150,25941,16550,45.4,347.0
Station_01,Inv_00,20170814,11:29:00,235.0,5.4,1269,218.0,5.4,1177,25941,16550,45.2,353.0
Station_01,Inv_00,20170814,11:30:00,234.0,5.5,1287,218.0,5.5,1199,25941,16550,45.6,355.0
Station_01,Inv_00,20170814,11:31:00,233.0,5.7,1328,218.0,5.8,1264,25941,16550,44.9,374.0
Station_01,Inv_00,20170814,11:32:00,233.0,6.4,1491,217.0,6.5,1411,25941,16550,45.6,416.0
Station_01,Inv_00,20170814,11:33:00,228.0,7.9,1801,218.0,7.9,1722,25941,16550,45.3,539.0
Station_01,Inv_00,20170814,11:34:00,230.5,9.4,2167,218.0,9.0,1962,25941,16550,46.0,536.0
Station_01,Inv_00,20170814,11:35:00,223.0,17.6,3924,219.0,16.6,3635,25941,16550,50.7,1071.0
Station_01,Inv_00,20170814,11:36:00,194.5,7.1,1381,218.0,7.0,1526,25942,16551,53.3,1138.0
Station_01,Inv_00,20170814,11:37:00,216.5,17.5,3789,218.0,16.2,3532,25942,16551,54.1,1059.0
Station_01,Inv_00,20170814,11:38:00,225.4,4.6,1037,217.0,4.6,998,25942,16551,51.8,345.0
Station_01,Inv_00,20170814,11:39:00,231.0,4.6,1063,217.0,4.6,998,25942,16551,49.4,318.0
Station_01,Inv_00,20170814,11:40:00,213.0,6.3,1342,218.0,5.6,1221,25942,16551,51.1,736.0
Station_01,Inv_00,20170814,11:41:00,224.0,5.2,1165,218.0,5.1,1112,25942,16551,50.0,356.0
Station_01,Inv_00,20170814,11:42:00,223.5,14.6,3263,219.0,14.1,3088,25942,16551,50.0,550.0
Station_01,Inv_00,20170814,11:43:00,224.9,17.5,3937,219.0,16.8,3679,25942,16551,51.1,681.0
Station_01,Inv_00,20170814,11:44:00,222.0,17.5,3885,219.0,16.5,3614,25942,16551,54.7,1125.0
Station_01,Inv_00,20170814,11:45:00,219.5,17.2,3775,219.0,16.0,3504,25942,16551,56.6,1104.0
Station_01,Inv_00,20170814,11:46:00,202.9,17.9,3633,219.0,15.5,3395,25942,16551,58.0,1082.0
Station_01,Inv_00,20170814,11:47:00,197.8,4.8,949,218.0,4.1,894,25942,16551,58.7,587.0
Station_01,Inv_00,20170814,11:48:00,219.0,4.4,964,218.0,4.1,894,25942,16551,55.3,293.0
Station_01,Inv_00,20170814,11:49:00,222.9,4.4,981,217.0,4.1,890,25942,16551,53.0,293.0
Station_01,Inv_00,20170814,11:50:00,215.9,5.5,1188,218.0,5.0,1090,25942,16551,50.8,328.0
Station_01,Inv_00,20170814,11:51:00,219.5,17.6,3863,219.0,16.5,3614,25942,16551,54.5,1104.0
Station_01,Inv_00,20170814,11:52:00,217.0,17.9,3884,220.0,16.5,3630,25942,16551,56.2,1139.0
Station_01,Inv_00,20170814,11:53:00,190.0,4.8,912,218.0,4.0,872,25942,16551,57.0,688.0
Station_01,Inv_00,20170814,11:54:00,216.6,4.3,931,218.0,3.9,850,25942,16551,53.4,313.0
Station_01,Inv_00,20170814,11:55:00,219.9,5.0,1100,219.0,4.6,1007,25942,16551,52.5,308.0
Station_01,Inv_00,20170814,11:56:00,215.5,16.8,3620,220.0,15.5,3410,25942,16551,55.6,972.0
Station_01,Inv_00,20170814,11:57:00,217.5,16.1,3501,220.0,14.9,3278,25942,16551,55.7,1041.0
Station_01,Inv_00,20170814,11:58:00,214.0,16.1,3445,220.0,14.6,3212,25942,16551,58.3,1019.0
Station_01,Inv_00,20170814,11:59:00,214.9,15.8,3396,220.0,14.4,3168,25942,16551,59.0,1014.0
Station_01,Inv_00,20170814,12:00:00,211.5,16.0,3384,221.0,14.4,3182,25943,16552,59.9,1016.0
Station_01,Inv_00,20170814,12:01:00,207.0,16.3,3374,218.0,14.4,3139,25943,16552,60.0,1020.0
Station_01,Inv_00,20170814,12:02:00,212.5,16.0,3400,219.0,14.5,3176,25943,16552,62.8,1015.0
Station_01,Inv_00,20170814,12:03:00,211.0,16.3,3439,219.0,14.7,3219,25943,16552,62.7,1039.0
Station_01,Inv_00,20170814,12:04:00,210.5,16.3,3430,219.0,14.6,3197,25943,16552,62.3,1044.0
Station_01,Inv_00,20170814,12:05:00,203.0,17.0,3451,219.0,14.8,3241,25943,16552,62.3,1060.0
Station_01,Inv_00,20170814,12:06:00,202.5,17.2,3483,218.0,14.9,3248,25943,16552,63.5,1063.0
Station_01,Inv_00,20170814,12:07:00,209.5,16.5,3456,219.0,14.8,3241,25943,16552,62.7,1055.0
Station_01,Inv_00,20170814,12:08:00,210.5,16.2,3410,218.0,14.5,3161,25943,16552,64.0,1039.0
Station_01,Inv_00,20170814,12:09:00,203.5,16.7,3398,219.0,14.4,3154,25943,16552,62.0,1038.0
Station_01,Inv_00,20170814,12:10:00,211.0,16.1,3397,219.0,14.5,3176,25943,16552,62.6,1033.0
Station_01,Inv_00,20170814,12:11:00,204.0,16.5,3366,218.0,14.4,3139,25943,16552,64.7,1032.0
Station_01,Inv_00,20170814,12:12:00,208.0,16.3,3390,219.0,14.5,3176,25943,16552,62.9,1046.0
Station_01,Inv_00,20170814,12:13:00,208.5,16.3,3398,219.0,14.5,3176,25943,16552,64.7,1043.0
Station_01,Inv_00,20170814,12:14:00,207.5,16.6,3444,219.0,14.6,3197,25943,16552,65.3,1050.0
Station_01,Inv_00,20170814,12:15:00,206.0,16.5,3399,219.0,14.5,3176,25943,16552,66.4,1045.0
Station_01,Inv_00,20170814,12:16:00,202.5,16.9,3422,218.0,14.6,3183,25943,16552,66.5,1055.0
Station_01,Inv_00,20170814,12:17:00,206.5,16.7,3449,219.0,14.7,3219,25944,16552,66.4,1057.0
Station_01,Inv_00,20170814,12:18:00,205.5,16.8,3452,218.0,14.8,3226,25944,16552,67.7,1054.0
Station_01,Inv_00,20170814,12:19:00,203.0,16.7,3390,218.0,14.5,3161,25944,16552,68.0,1056.0
Station_01,Inv_00,20170814,12:20:00,204.0,17.1,3488,218.0,14.9,3248,25944,16552,68.9,1075.0
Station_01,Inv_00,20170814,12:21:00,205.0,16.9,3465,219.0,14.9,3263,25944,16552,68.5,1047.0
Station_01,Inv_00,20170814,12:22:00,208.4,16.8,3502,219.0,14.9,3263,25944,16552,67.5,1061.0
Station_01,Inv_00,20170814,12:23:00,201.5,10.3,2076,218.0,9.1,1984,25944,16552,63.3,720.0
Station_01,Inv_00,20170814,12:24:00,209.0,15.0,3134,218.0,13.3,2899,25944,16552,62.6,839.0
Station_01,Inv_00,20170814,12:25:00,209.0,17.3,3616,218.0,15.5,3379,25944,16552,62.0,1072.0
Station_01,Inv_00,20170814,12:26:00,204.5,17.6,3599,218.0,15.5,3379,25944,16552,63.4,1088.0
Station_01,Inv_00,20170814,12:27:00,206.0,18.0,3708,218.0,15.8,3444,25944,16552,63.4,1102.0
Station_01,Inv_00,20170814,12:28:00,209.0,16.4,3428,218.0,14.9,3248,25944,16552,66.1,1068.0
Station_01,Inv_00,20170814,12:29:00,211.5,16.7,3532,218.0,14.8,3226,25944,16552,65.1,934.0
Station_01,Inv_00,20170814,12:30:00,213.4,5.6,1195,217.0,5.2,1128,25944,16552,61.8,422.0
Station_01,Inv_00,20170814,12:31:00,207.5,17.6,3652,218.0,15.7,3423,25944,16552,63.7,1093.0
Station_01,Inv_00,20170814,12:32:00,202.0,15.9,3212,218.0,14.9,3248,25944,16552,65.0,1096.0
Station_01,Inv_00,20170814,12:33:00,209.5,16.7,3499,218.0,14.9,3248,25944,16552,63.9,986.0
Station_01,Inv_00,20170814,12:34:00,209.0,17.0,3553,219.0,15.2,3329,25944,16552,65.7,1058.0
Station_01,Inv_00,20170814,12:35:00,198.0,18.4,3643,218.0,15.5,3379,25944,16552,66.9,1103.0
Station_01,Inv_00,20170814,12:36:00,206.0,5.7,1174,216.0,5.1,1102,25945,16553,65.1,556.0
Station_01,Inv_00,20170814,12:37:00,209.5,7.4,1550,217.0,7.3,1584,25945,16553,60.2,451.0
Station_01,Inv_00,20170814,12:38:00,203.6,10.4,2117,218.0,10.2,2224,25945,16553,60.4,865.0
Station_01,Inv_00,20170814,12:39:00,209.5,17.3,3624,219.0,15.6,3416,25945,16553,60.8,1076.0
Station_01,Inv_00,20170814,12:40:00,208.0,18.1,3765,218.0,16.2,3532,25945,16553,62.4,1094.0
Station_01,Inv_00,20170814,12:41:00,207.5,18.3,3797,218.0,16.2,3532,25945,16553,62.9,964.0
Station_01,Inv_00,20170814,12:42:00,206.0,17.7,3646,218.0,15.1,3292,25945,16553,63.4,1067.0
Station_01,Inv_00,20170814,12:43:00,206.0,18.2,3749,218.0,16.0,3488,25945,16553,64.8,1126.0
Station_01,Inv_00,20170814,12:44:00,205.0,5.4,1107,216.0,4.8,1037,25945,16553,63.2,422.0
Station_01,Inv_00,20170814,12:45:00,215.9,5.0,1080,217.0,4.6,998,25945,16553,59.0,328.0
Station_01,Inv_00,20170814,12:46:00,222.5,5.0,1112,216.0,4.7,1015,25945,16553,56.1,325.0
Station_01,Inv_00,20170814,12:47:00,209.0,5.9,1233,217.0,5.2,1128,25945,16553,54.7,359.0
Station_01,Inv_00,20170814,12:48:00,201.5,8.6,1733,217.0,7.8,1693,25945,16553,54.1,532.0
Station_01,Inv_00,20170814,12:49:00,206.5,14.4,2973,218.0,11.9,2594,25945,16553,55.5,736.0
Station_01,Inv_00,20170814,12:50:00,208.5,14.5,3023,218.0,12.3,2681,25945,16553,55.2,627.0
Station_01,Inv_00,20170814,12:51:00,209.4,17.7,3707,218.0,15.9,3466,25945,16553,59.4,1069.0
Station_01,Inv_00,20170814,12:52:00,213.0,17.8,3791,218.0,16.3,3553,25945,16553,61.1,1116.0
Station_01,Inv_00,20170814,12:53:00,207.5,13.5,2801,218.0,12.7,2769,25945,16553,63.1,996.0
Station_01,Inv_00,20170814,12:54:00,215.5,7.3,1573,217.0,6.8,1476,25945,16553,60.4,495.0
Station_01,Inv_00,20170814,12:55:00,219.5,17.1,3753,218.0,16.0,3488,25945,16553,60.9,940.0
Station_01,Inv_00,20170814,12:56:00,200.0,10.4,2080,217.0,9.2,1996,25945,16553,60.4,957.0
Station_01,Inv_00,20170814,12:57:00,210.9,8.5,1793,217.0,8.2,1779,25945,16553,59.4,726.0
Station_01,Inv_00,20170814,12:58:00,216.0,5.6,1210,216.0,5.3,1145,25945,16553,55.4,380.0
Station_01,Inv_00,20170814,12:59:00,217.5,6.2,1349,216.0,5.8,1253,25945,16553,53.3,388.0
Station_01,Inv_00,20170814,13:00:00,215.0,17.9,3848,217.0,16.5,3581,25946,16554,55.2,1084.0
Station_01,Inv_00,20170814,13:01:00,213.5,17.6,3758,216.0,16.0,3456,25946,16554,57.3,1127.0
Station_01,Inv_00,20170814,13:02:00,208.0,17.2,3577,214.0,15.3,3274,25946,16554,58.7,1020.0
Station_01,Inv_00,20170814,13:03:00,210.0,15.7,3296,214.0,14.8,3167,25946,16554,60.9,1002.0
Station_01,Inv_00,20170814,13:04:00,212.5,10.8,2295,213.0,10.2,2173,25946,16554,60.1,780.0
Station_01,Inv_00,20170814,13:05:00,214.0,16.4,3509,214.0,15.3,3274,25946,16554,61.0,971.0
Station_01,Inv_00,20170814,13:06:00,220.0,7.1,1562,213.0,7.0,1491,25946,16554,57.0,466.0
Station_01,Inv_00,20170814,13:07:00,217.5,16.7,3632,214.0,15.9,3403,25946,16554,58.2,805.0
Station_01,Inv_00,20170814,13:08:00,212.5,17.6,3740,214.0,16.3,3488,25946,16554,60.6,1035.0
Station_01,Inv_00,20170814,13:09:00,206.0,18.3,3770,214.0,16.5,3531,25946,16554,61.6,1108.0
Station_01,Inv_00,20170814,13:10:00,206.5,18.0,3717,214.0,16.2,3467,25946,16554,62.5,1104.0
Station_01,Inv_00,20170814,13:11:00,209.5,6.4,1341,213.0,5.8,1235,25946,16554,63.1,670.0
Station_01,Inv_00,20170814,13:12:00,214.0,17.5,3745,214.0,16.3,3488,25946,16554,62.3,976.0
Station_01,Inv_00,20170814,13:13:00,208.8,17.1,3571,214.0,15.5,3317,25946,16554,63.9,979.0
Station_01,Inv_00,20170814,13:14:00,198.0,18.3,3623,213.0,15.8,3365,25946,16554,63.6,1077.0
Station_01,Inv_00,20170814,13:15:00,207.0,17.7,3664,214.0,16.0,3424,25946,16554,65.2,1089.0
Station_01,Inv_00,20170814,13:16:00,211.5,16.9,3574,214.0,15.5,3317,25946,16554,64.3,1053.0
Station_01,Inv_00,20170814,13:17:00,210.5,17.7,3726,214.0,16.2,3467,25946,16554,65.5,1068.0
Station_01,Inv_00,20170814,13:18:00,212.5,5.2,1105,213.0,4.8,1022,25946,16554,60.7,351.0
Station_01,Inv_00,20170814,13:19:00,221.0,4.6,1017,213.0,4.5,959,25946,16554,56.7,307.0
Station_01,Inv_00,20170814,13:20:00,221.0,4.6,1016,213.0,4.3,916,25946,16554,56.4,291.0
Station_01,Inv_00,20170814,13:21:00,224.4,5.0,1122,211.0,4.9,1034,25947,16554,52.8,314.0
Station_01,Inv_00,20170814,13:22:00,225.0,5.6,1260,211.0,5.6,1182,25947,16554,52.5,357.0
Station_01,Inv_00,20170814,13:23:00,224.5,7.6,1706,211.0,7.1,1498,25947,16554,51.8,424.0
Station_01,Inv_00,20170814,13:24:00,219.0,17.4,3810,212.0,16.8,3562,25947,16554,55.8,1060.0
Station_01,Inv_00,20170814,13:25:00,219.5,17.0,3731,212.0,16.5,3498,25947,16554,57.4,1069.0
Station_01,Inv_00,20170814,13:26:00,217.5,16.3,3545,212.0,15.6,3307,25947,16554,58.6,1035.0
Station_01,Inv_00,20170814,13:27:00,213.0,15.9,3387,211.0,15.0,3165,25947,16554,59.9,985.0
Station_01,Inv_00,20170814,13:28:00,215.0,15.6,3354,212.0,14.9,3159,25947,16554,59.1,972.0
Station_01,Inv_00,20170814,13:29:00,200.5,16.1,3228,212.0,14.3,3032,25947,16554,59.2,947.0
Station_01,Inv_00,20170814,13:30:00,215.0,15.1,3246,211.0,14.4,3038,25947,16554,60.1,937.0
Station_01,Inv_00,20170814,13:31:00,211.0,15.3,3228,211.0,14.3,3017,25947,16554,61.2,933.0
Station_01,Inv_00,20170814,13:32:00,213.5,15.3,3267,211.0,14.5,3060,25947,16554,62.8,950.0
Station_01,Inv_00,20170814,13:33:00,214.5,13.1,2810,211.0,11.7,2469,25947,16554,62.5,804.0
Station_01,Inv_00,20170814,13:34:00,202.3,6.7,1356,211.0,7.6,1604,25947,16554,63.0,825.0
Station_01,Inv_00,20170814,13:35:00,218.4,3.8,830,210.0,3.8,798,25947,16554,58.2,298.0
Station_01,Inv_00,20170814,13:36:00,219.0,3.6,788,210.0,3.6,756,25947,16554,57.2,255.0
Station_01,Inv_00,20170814,13:37:00,219.2,3.6,789,210.0,3.6,756,25947,16554,54.7,257.0
Station_01,Inv_00,20170814,13:38:00,225.4,3.8,856,211.0,3.9,823,25947,16554,52.1,265.0
Station_01,Inv_00,20170814,13:39:00,219.0,4.6,1007,211.0,4.6,971,25947,16554,50.7,309.0
Station_01,Inv_00,20170814,13:40:00,221.4,5.2,1151,211.0,5.1,1076,25947,16554,49.2,337.0
Station_01,Inv_00,20170814,13:41:00,221.5,16.7,3699,212.0,16.4,3477,25947,16554,52.0,900.0
Station_01,Inv_00,20170814,13:42:00,223.5,16.5,3687,212.0,16.3,3456,25947,16554,55.0,1024.0
Station_01,Inv_00,20170814,13:43:00,214.5,17.3,3711,212.0,16.3,3456,25947,16554,57.5,1047.0
Station_01,Inv_00,20170814,13:44:00,213.5,16.9,3608,212.0,15.9,3371,25947,16554,58.9,1036.0
Station_01,Inv_00,20170814,13:45:00,211.9,13.2,2798,212.0,12.4,2629,25948,16555,59.3,918.0
Station_01,Inv_00,20170814,13:46:00,204.5,6.9,1411,211.0,6.3,1329,25948,16555,58.1,585.0
Station_01,Inv_00,20170814,13:47:00,214.7,8.7,1868,211.0,8.5,1794,25948,16555,55.9,592.0
Station_01,Inv_00,20170814,13:48:00,218.2,10.8,2357,211.0,10.5,2216,25948,16555,56.1,610.0
Station_01,Inv_00,20170814,13:49:00,220.4,15.4,3394,212.0,15.1,3201,25948,16555,56.6,826.0
Station_01,Inv_00,20170814,13:50:00,219.3,16.1,3531,212.0,15.7,3328,25948,16555,58.2,995.0
Station_01,Inv_00,20170814,13:51:00,218.0,15.9,3466,211.0,15.7,3313,25948,16555,57.9,915.0
Station_01,Inv_00,20170814,13:52:00,217.5,8.5,1849,211.0,8.2,1730,25948,16555,56.5,624.0
Station_01,Inv_00,20170814,13:53:00,218.0,15.6,3400,212.0,15.0,3180,25948,16555,57.8,875.0
Station_01,Inv_00,20170814,13:54:00,217.0,15.0,3255,211.0,14.4,3038,25948,16555,59.7,936.0
Station_01,Inv_00,20170814,13:55:00,214.0,15.2,3252,211.0,14.4,3038,25948,16555,60.3,937.0
Station_01,Inv_00,20170814,13:56:00,217.5,14.9,3241,211.0,14.4,3038,25948,16555,61.2,932.0
Station_01,Inv_00,20170814,13:57:00,215.5,14.3,3082,212.0,13.8,2926,25948,16555,62.3,899.0
Station_01,Inv_00,20170814,13:58:00,215.0,12.6,2709,211.0,11.0,2321,25948,16555,60.8,505.0
Station_01,Inv_00,20170814,13:59:00,212.2,10.9,2313,211.0,11.0,2321,25948,16555,58.0,575.0
Station_01,Inv_00,20170814,14:00:00,219.4,5.8,1273,210.0,5.6,1176,25948,16555,56.9,395.0
Station_01,Inv_00,20170814,14:01:00,224.5,5.7,1279,210.0,5.6,1176,25948,16555,55.8,362.0
Station_01,Inv_00,20170814,14:02:00,218.5,12.5,2731,211.0,12.3,2595,25948,16555,56.7,648.0
Station_01,Inv_00,20170814,14:03:00,218.4,11.1,2424,211.0,10.7,2258,25948,16555,56.7,753.0
Station_01,Inv_00,20170814,14:04:00,218.4,14.3,3123,212.0,13.9,2947,25948,16555,58.1,887.0
Station_01,Inv_00,20170814,14:05:00,220.5,12.6,2778,211.0,12.1,2553,25948,16555,56.7,677.0
Station_01,Inv_00,20170814,14:06:00,222.4,5.7,1268,210.0,5.6,1176,25948,16555,57.4,511.0
Station_01,Inv_00,20170814,14:07:00,218.4,5.9,1289,210.0,5.7,1197,25948,16555,55.2,400.0
Station_01,Inv_00,20170814,14:08:00,224.4,7.3,1638,211.0,7.5,1583,25948,16555,53.5,414.0
Station_01,Inv_00,20170814,14:09:00,222.5,16.2,3604,211.0,15.9,3355,25948,16555,56.1,912.0
Station_01,Inv_00,20170814,14:10:00,221.9,6.2,1376,210.0,6.1,1281,25948,16555,55.2,447.0
Station_01,Inv_00,20170814,14:11:00,217.9,6.0,1307,211.0,5.8,1224,25949,16555,53.8,385.0
Station_01,Inv_00,20170814,14:12:00,225.1,9.3,2093,211.0,8.6,1815,25949,16555,53.7,524.0
Station_01,Inv_00,20170814,14:13:00,219.0,15.9,3482,212.0,15.5,3286,25949,16555,56.7,978.0
Station_01,Inv_00,20170814,14:14:00,222.0,7.3,1621,211.0,7.2,1519,25949,16555,54.2,484.0
Station_01,Inv_00,20170814,14:15:00,221.0,5.9,1304,210.0,5.9,1239,25949,16555,53.3,389.0
Station_01,Inv_00,20170814,14:16:00,223.0,6.3,1405,210.0,6.2,1302,25949,16555,51.8,401.0
Station_01,Inv_00,20170814,14:17:00,230.2,5.7,1312,210.0,5.9,1239,25949,16555,51.7,385.0
Station_01,Inv_00,20170814,14:18:00,220.5,6.0,1323,211.0,5.9,1245,25949,16555,51.7,376.0
Station_01,Inv_00,20170814,14:19:00,228.8,6.0,1373,210.0,6.1,1281,25949,16555,49.6,382.0
Station_01,Inv_00,20170814,14:20:00,222.3,5.7,1267,210.0,5.7,1197,25949,16555,50.2,396.0
Station_01,Inv_00,20170814,14:21:00,226.1,4.6,1040,210.0,4.6,966,25949,16555,49.6,307.0
Station_01,Inv_00,20170814,14:22:00,229.2,4.8,1100,210.0,4.8,1008,25949,16555,48.0,308.0
Station_01,Inv_00,20170814,14:23:00,231.5,5.2,1204,210.0,5.2,1092,25949,16555,46.4,333.0
Station_01,Inv_00,20170814,14:24:00,226.7,6.0,1360,210.0,6.0,1260,25949,16555,45.6,372.0
Station_01,Inv_00,20170814,14:25:00,229.2,9.1,2086,210.0,9.4,1974,25949,16555,46.6,492.0
Station_01,Inv_00,20170814,14:26:00,230.8,7.4,1708,211.0,7.3,1540,25949,16555,48.1,511.0
Station_01,Inv_00,20170814,14:27:00,233.9,6.0,1404,211.0,6.3,1329,25949,16555,48.3,413.0
Station_01,Inv_00,20170814,14:28:00,236.0,5.6,1322,210.0,5.9,1239,25949,16555,47.3,386.0
Station_01,Inv_00,20170814,14:29:00,233.0,5.6,1305,210.0,5.7,1197,25949,16555,47.0,361.0
Station_01,Inv_00,20170814,14:30:00,233.0,8.4,1957,211.0,8.5,1794,25949,16555,46.5,514.0
Station_01,Inv_00,20170814,14:31:00,224.5,10.9,2447,211.0,11.0,2321,25949,16555,49.5,746.0
Station_01,Inv_00,20170814,14:32:00,219.9,9.8,2155,211.0,11.2,2363,25949,16555,49.3,563.0
Station_01,Inv_00,20170814,14:33:00,232.0,5.5,1276,210.0,5.6,1176,25949,16555,48.4,364.0
Station_01,Inv_00,20170814,14:34:00,230.4,5.4,1244,210.0,5.5,1155,25949,16555,47.8,354.0
Station_01,Inv_00,20170814,14:35:00,230.5,9.0,2075,211.0,9.1,1920,25949,16555,46.9,378.0
Station_01,Inv_00,20170814,14:36:00,225.0,14.4,3239,212.0,14.4,3053,25949,16555,50.1,871.0
Station_01,Inv_00,20170814,14:37:00,228.0,5.2,1185,210.0,5.1,1071,25949,16555,49.8,413.0
Station_01,Inv_00,20170814,14:38:00,230.4,4.4,1014,210.0,4.6,966,25949,16555,47.6,307.0
Station_01,Inv_00,20170814,14:39:00,232.0,4.5,1044,211.0,4.5,950,25949,16555,47.5,294.0
Station_01,Inv_00,20170814,14:40:00,228.0,4.8,1094,210.0,4.7,987,25949,16555,46.3,306.0
Station_01,Inv_00,20170814,14:41:00,231.5,4.9,1134,210.0,5.1,1071,25949,16555,44.8,322.0
Station_01,Inv_00,20170814,14:42:00,226.0,7.8,1763,211.0,7.7,1625,25949,16555,45.2,413.0
Station_01,Inv_00,20170814,14:43:00,224.5,13.6,3053,211.0,13.5,2849,25949,16555,48.8,874.0
Station_01,Inv_00,20170814,14:44:00,212.0,8.9,1887,211.0,9.8,2068,25949,16555,50.5,881.0
Station_01,Inv_00,20170814,14:45:00,225.0,13.6,3059,212.0,13.6,2883,25949,16555,51.2,850.0
Station_01,Inv_00,20170814,14:46:00,223.0,13.5,3011,212.0,13.3,2820,25950,16556,52.7,834.0
Station_01,Inv_00,20170814,14:47:00,214.0,14.3,3060,211.0,13.6,2870,25950,16556,54.9,854.0
Station_01,Inv_00,20170814,14:48:00,224.5,4.7,1055,210.0,4.6,966,25950,16556,54.2,353.0
Station_01,Inv_00,20170814,14:49:00,222.0,4.6,1021,210.0,4.6,966,25950,16556,51.9,310.0
Station_01,Inv_00,20170814,14:50:00,231.5,4.5,1042,210.0,4.6,966,25950,16556,50.2,301.0
Station_01,Inv_00,20170814,14:51:00,231.0,4.6,1062,211.0,4.6,971,25950,16556,49.7,298.0
Station_01,Inv_00,20170814,14:52:00,229.5,9.8,2249,211.0,9.0,1899,25950,16556,48.2,355.0
Station_01,Inv_00,20170814,14:53:00,211.1,7.0,1477,211.0,7.1,1498,25950,16556,50.6,766.0
Station_01,Inv_00,20170814,14:54:00,234.0,5.2,1217,210.0,5.4,1134,25950,16556,48.9,357.0
Station_01,Inv_00,20170814,14:55:00,225.0,13.2,2970,211.0,13.2,2785,25950,16556,50.2,765.0
Station_01,Inv_00,20170814,14:56:00,210.5,5.1,1074,210.0,5.1,1071,25950,16556,48.6,374.0
Station_01,Inv_00,20170814,14:57:00,231.4,4.4,1018,210.0,4.5,945,25950,16556,46.8,309.0
Station_01,Inv_00,20170814,14:58:00,232.4,4.3,1000,210.0,4.3,903,25950,16556,45.9,281.0
Station_01,Inv_00,20170814,14:59:00,237.0,4.7,1114,210.0,4.8,1008,25950,16556,45.6,303.0
Station_01,Inv_00,20170814,15:00:00,228.4,5.4,1233,210.0,5.4,1134,25950,16556,46.1,406.0
Station_01,Inv_00,20170814,15:01:00,233.4,5.0,1167,211.0,5.0,1055,25950,16556,45.4,322.0
Station_01,Inv_00,20170814,15:02:00,232.4,5.4,1255,210.0,5.5,1155,25950,16556,45.4,347.0
Station_01,Inv_00,20170814,15:03:00,239.5,4.6,1102,211.0,4.8,1013,25950,16556,45.3,308.0
Station_01,Inv_00,20170814,15:04:00,232.4,4.6,1069,211.0,4.6,971,25950,16556,45.1,298.0
Station_01,Inv_00,20170814,15:05:00,236.5,4.2,993,211.0,4.5,950,25950,16556,44.2,285.0
Station_01,Inv_00,20170814,15:06:00,239.0,5.2,1243,211.0,5.5,1161,25950,16556,44.4,374.0
Station_01,Inv_00,20170814,15:07:00,223.3,5.3,1184,210.0,5.3,1113,25950,16556,44.4,331.0
Station_01,Inv_00,20170814,15:08:00,236.0,4.2,991,210.0,4.5,945,25950,16556,43.4,280.0
Station_01,Inv_00,20170814,15:09:00,234.5,4.5,1055,210.0,4.6,966,25950,16556,43.1,286.0
Station_01,Inv_00,20170814,15:10:00,239.4,4.4,1053,210.0,4.6,966,25950,16556,42.5,291.0
Station_01,Inv_00,20170814,15:11:00,234.5,4.5,1055,210.0,4.7,987,25950,16556,42.3,295.0
Station_01,Inv_00,20170814,15:12:00,236.4,4.8,1135,211.0,5.0,1055,25950,16556,42.4,300.0
Station_01,Inv_00,20170814,15:13:00,239.9,10.8,2591,214.0,11.3,2418,25950,16556,43.9,663.0
Station_01,Inv_00,20170814,15:14:00,239.5,4.9,1174,213.0,5.1,1086,25950,16556,43.2,322.0
Station_01,Inv_00,20170814,15:15:00,239.0,4.6,1099,215.0,4.8,1032,25950,16556,42.9,310.0
Station_01,Inv_00,20170814,15:16:00,238.0,4.5,1071,215.0,4.7,1011,25950,16556,42.8,297.0
Station_01,Inv_00,20170814,15:17:00,238.0,4.6,1095,215.0,4.7,1011,25950,16556,42.3,298.0
Station_01,Inv_00,20170814,15:18:00,238.0,4.8,1142,215.0,5.0,1075,25950,16556,43.1,309.0
Station_01,Inv_00,20170814,15:19:00,231.5,5.0,1158,218.0,5.0,1090,25950,16556,43.4,368.0
Station_01,Inv_00,20170814,15:20:00,239.5,4.9,1174,218.0,5.1,1112,25950,16556,42.7,321.0
Station_01,Inv_00,20170814,15:21:00,239.5,5.0,1198,218.0,5.0,1090,25950,16556,43.2,322.0
Station_01,Inv_00,20170814,15:22:00,236.0,4.6,1085,218.0,4.7,1025,25950,16556,42.9,306.0
Station_01,Inv_00,20170814,15:23:00,229.8,4.8,1103,218.0,4.7,1025,25950,16556,43.2,350.0
Station_01,Inv_00,20170814,15:24:00,234.0,6.0,1404,218.0,6.2,1352,25950,16556,43.2,358.0
Station_01,Inv_00,20170814,15:25:00,232.9,4.8,1118,218.0,4.7,1025,25950,16556,42.5,315.0
Station_01,Inv_00,20170814,15:26:00,234.5,5.1,1196,218.0,5.1,1112,25950,16556,42.2,345.0
Station_01,Inv_00,20170814,15:27:00,237.0,9.4,2228,218.0,9.1,1984,25950,16556,42.0,430.0
Station_01,Inv_00,20170814,15:28:00,233.4,10.6,2474,219.0,10.8,2365,25950,16556,44.7,670.0
Station_01,Inv_00,20170814,15:29:00,226.9,5.2,1180,218.0,5.1,1112,25951,16557,44.2,433.0
Station_01,Inv_00,20170814,15:30:00,221.6,6.8,1507,218.0,7.4,1613,25951,16557,44.4,499.0
Station_01,Inv_00,20170814,15:31:00,237.0,3.8,901,218.0,3.9,850,25951,16557,44.1,261.0
Station_01,Inv_00,20170814,15:32:00,231.5,3.6,833,217.0,3.8,825,25951,16557,43.5,238.0
Station_01,Inv_00,20170814,15:33:00,234.0,9.0,2106,218.0,9.4,2049,25951,16557,44.3,548.0
Station_01,Inv_00,20170814,15:34:00,234.5,3.2,750,217.0,3.3,716,25951,16557,42.9,236.0
Station_01,Inv_00,20170814,15:35:00,232.5,3.1,721,218.0,3.2,698,25951,16557,42.5,208.0
Station_01,Inv_00,20170814,15:36:00,235.4,3.1,730,217.0,3.2,694,25951,16557,41.2,208.0
Station_01,Inv_00,20170814,15:37:00,234.5,3.2,750,217.0,3.3,716,25951,16557,40.6,210.0
Station_01,Inv_00,20170814,15:38:00,235.5,3.2,754,218.0,3.4,741,25951,16557,40.2,215.0
Station_01,Inv_00,20170814,15:39:00,234.5,3.2,750,218.0,3.4,741,25951,16557,39.9,216.0
Station_01,Inv_00,20170814,15:40:00,241.5,3.0,725,217.0,3.1,673,25951,16557,39.7,207.0
Station_01,Inv_00,20170814,15:41:00,235.9,2.7,637,218.0,2.8,610,25951,16557,39.2,190.0
Station_01,Inv_00,20170814,15:42:00,239.4,2.5,599,217.0,2.6,564,25951,16557,39.1,175.0
Station_01,Inv_00,20170814,15:43:00,224.0,2.5,560,218.0,2.5,545,25951,16557,38.7,171.0
Station_01,Inv_00,20170814,15:44:00,236.8,2.6,616,218.0,2.8,610,25951,16557,38.8,175.0
Station_01,Inv_00,20170814,15:45:00,236.4,2.8,662,218.0,3.0,654,25951,16557,38.5,191.0
Station_01,Inv_00,20170814,15:46:00,238.9,3.1,741,218.0,3.2,698,25951,16557,38.6,203.0
Station_01,Inv_00,20170814,15:47:00,236.9,3.4,805,217.0,3.5,760,25951,16557,38.5,217.0
Station_01,Inv_00,20170814,15:48:00,236.4,3.6,851,218.0,3.7,807,25951,16557,38.9,230.0
Station_01,Inv_00,20170814,15:49:00,241.5,3.7,894,218.0,3.9,850,25951,16557,39.0,241.0
Station_01,Inv_00,20170814,15:50:00,230.9,4.0,924,218.0,4.0,872,25951,16557,38.6,258.0
Station_01,Inv_00,20170814,15:51:00,239.0,8.6,2055,218.0,8.7,1897,25951,16557,39.4,388.0
Station_01,Inv_00,20170814,15:52:00,241.9,4.2,1016,218.0,4.5,981,25951,16557,40.0,300.0
Station_01,Inv_00,20170814,15:53:00,232.4,3.5,814,218.0,3.6,785,25951,16557,39.9,233.0
Station_01,Inv_00,20170814,15:54:00,238.4,3.1,739,217.0,3.3,716,25951,16557,39.5,212.0
Station_01,Inv_00,20170814,15:55:00,235.3,2.8,659,218.0,2.8,610,25951,16557,39.4,187.0
Station_01,Inv_00,20170814,15:56:00,235.4,2.5,589,218.0,2.6,567,25951,16557,38.9,170.0
Station_01,Inv_00,20170814,15:57:00,236.0,2.4,566,218.0,2.5,545,25951,16557,38.6,160.0
Station_01,Inv_00,20170814,15:58:00,234.5,2.2,516,218.0,2.3,501,25951,16557,38.1,153.0
Station_01,Inv_00,20170814,15:59:00,237.0,2.1,498,218.0,2.1,458,25951,16557,37.6,144.0
Station_01,Inv_00,20170814,16:00:00,235.5,2.0,471,217.0,2.1,456,25951,16557,37.1,142.0
Station_01,Inv_00,20170814,16:01:00,240.0,2.0,480,218.0,2.1,458,25951,16557,36.9,141.0
Station_01,Inv_00,20170814,16:02:00,238.5,1.9,453,218.0,2.0,436,25951,16557,36.3,138.0
Station_01,Inv_00,20170814,16:03:00,234.0,1.9,445,218.0,2.0,436,25951,16557,36.4,132.0
Station_01,Inv_00,20170814,16:04:00,225.0,1.8,405,217.0,1.9,412,25951,16557,35.9,131.0
Station_01,Inv_00,20170814,16:05:00,198.7,1.8,358,218.0,1.7,371,25951,16557,35.9,127.0
Station_01,Inv_00,20170814,16:06:00,231.4,1.9,440,218.0,2.0,436,25951,16557,36.1,130.0
Station_01,Inv_00,20170814,16:07:00,236.5,2.0,473,218.0,2.0,436,25951,16557,35.9,136.0
Station_01,Inv_00,20170814,16:08:00,242.0,2.2,532,218.0,2.2,480,25951,16557,36.0,146.0
Station_01,Inv_00,20170814,16:09:00,239.0,2.3,550,218.0,2.5,545,25951,16557,36.2,164.0
Station_01,Inv_00,20170814,16:10:00,237.5,2.4,570,218.0,2.5,545,25951,16557,36.0,167.0
Station_01,Inv_00,20170814,16:11:00,237.5,2.4,570,218.0,2.5,545,25951,16557,36.3,169.0
Station_01,Inv_00,20170814,16:12:00,236.0,2.2,519,218.0,2.2,480,25951,16557,36.3,156.0
Station_01,Inv_00,20170814,16:13:00,237.5,2.0,475,219.0,2.0,438,25951,16557,36.2,141.0
Station_01,Inv_00,20170814,16:14:00,236.9,1.8,426,218.0,2.0,436,25951,16557,36.0,131.0
Station_01,Inv_00,20170814,16:15:00,192.8,1.8,347,218.0,1.6,349,25951,16557,36.0,133.0
Station_01,Inv_00,20170814,16:16:00,240.0,1.9,456,218.0,2.0,436,25951,16557,36.0,134.0
Station_01,Inv_00,20170814,16:17:00,226.5,2.0,453,218.0,2.0,436,25951,16557,35.9,144.0
Station_01,Inv_00,20170814,16:18:00,236.0,2.3,543,218.0,2.3,501,25951,16557,35.6,151.0
Station_01,Inv_00,20170814,16:19:00,231.4,2.7,625,218.0,2.8,610,25951,16557,35.8,171.0
Station_01,Inv_00,20170814,16:20:00,240.0,6.2,1488,219.0,6.3,1380,25951,16557,36.9,335.0
Station_01,Inv_00,20170814,16:21:00,239.4,5.8,1388,219.0,6.2,1358,25951,16557,38.3,423.0
Station_01,Inv_00,20170814,16:22:00,241.5,3.8,918,219.0,3.9,854,25951,16557,38.1,263.0
Station_01,Inv_00,20170814,16:23:00,234.0,3.8,889,219.0,3.9,854,25951,16557,38.1,244.0
Station_01,Inv_00,20170814,16:24:00,238.8,3.6,860,218.0,3.7,807,25951,16557,38.2,240.0
Station_01,Inv_00,20170814,16:25:00,240.5,3.3,794,218.0,3.6,785,25951,16557,38.8,223.0
Station_01,Inv_00,20170814,16:26:00,234.0,3.3,772,218.0,3.4,741,25951,16557,39.0,217.0
Station_01,Inv_00,20170814,16:27:00,240.4,3.3,793,218.0,3.5,763,25951,16557,39.0,223.0
Station_01,Inv_00,20170814,16:28:00,237.5,3.9,926,218.0,4.0,872,25951,16557,38.8,236.0
Station_01,Inv_00,20170814,16:29:00,238.0,3.6,857,218.0,3.7,807,25951,16557,39.1,237.0
Station_01,Inv_00,20170814,16:30:00,240.5,4.3,1034,219.0,4.5,986,25951,16557,38.7,237.0
Station_01,Inv_00,20170814,16:31:00,233.4,2.9,677,219.0,3.0,657,25951,16557,38.4,197.0
Station_01,Inv_00,20170814,16:32:00,237.9,2.6,619,218.0,2.7,589,25951,16557,38.4,179.0
Station_01,Inv_00,20170814,16:33:00,236.8,2.4,568,218.0,2.5,545,25951,16557,37.5,167.0
Station_01,Inv_00,20170814,16:34:00,238.5,2.1,501,219.0,2.2,482,25951,16557,37.5,150.0
Station_01,Inv_00,20170814,16:35:00,236.8,2.0,474,218.0,2.0,436,25951,16557,37.4,142.0
Station_01,Inv_00,20170814,16:36:00,234.5,2.0,469,218.0,2.1,458,25951,16557,37.2,144.0
Station_01,Inv_00,20170814,16:37:00,234.0,2.3,538,218.0,2.4,523,25951,16557,36.7,156.0
Station_01,Inv_00,20170814,16:38:00,240.0,2.7,648,218.0,2.8,610,25951,16557,36.6,180.0
Station_01,Inv_00,20170814,16:39:00,238.0,2.9,690,218.0,3.0,654,25951,16557,36.6,191.0
Station_01,Inv_00,20170814,16:40:00,236.8,3.0,710,218.0,3.1,676,25951,16557,36.5,193.0
Station_01,Inv_00,20170814,16:41:00,241.0,2.8,675,218.0,3.0,654,25951,16557,36.5,191.0
Station_01,Inv_00,20170814,16:42:00,241.5,2.6,628,218.0,2.8,610,25951,16557,37.0,182.0
Station_01,Inv_00,20170814,16:43:00,236.5,2.6,615,218.0,2.7,589,25951,16557,37.1,178.0
Station_01,Inv_00,20170814,16:44:00,233.5,2.8,654,218.0,2.9,632,25951,16557,37.3,184.0
Station_01,Inv_00,20170814,16:45:00,227.5,2.8,637,219.0,3.0,657,25951,16557,37.2,191.0
Station_01,Inv_00,20170814,16:46:00,217.0,3.3,716,219.0,3.3,723,25951,16557,37.1,206.0
Station_01,Inv_00,20170814,16:47:00,240.9,2.7,651,219.0,2.8,613,25951,16557,36.9,183.0
Station_01,Inv_00,20170814,16:48:00,238.6,2.8,668,219.0,2.9,635,25951,16557,36.9,178.0
Station_01,Inv_00,20170814,16:49:00,234.0,2.3,538,220.0,2.4,528,25951,16557,36.8,162.0
Station_01,Inv_00,20170814,16:50:00,234.8,2.0,470,220.0,2.0,440,25951,16557,36.2,149.0
Station_01,Inv_00,20170814,16:51:00,228.4,2.8,640,219.0,2.6,569,25951,16557,36.0,150.0
Station_01,Inv_00,20170814,16:52:00,222.9,1.6,357,218.0,1.5,327,25951,16557,35.7,116.0
Station_01,Inv_00,20170814,16:53:00,225.0,1.4,315,217.0,1.5,326,25951,16557,35.4,106.0
Station_01,Inv_00,20170814,16:54:00,226.0,1.3,294,217.0,1.4,304,25951,16557,35.2,101.0
Station_01,Inv_00,20170814,16:55:00,227.5,1.3,296,217.0,1.4,304,25951,16557,35.0,98.0
Station_01,Inv_00,20170814,16:56:00,232.8,1.3,303,218.0,1.4,305,25951,16557,35.0,96.0
Station_01,Inv_00,20170814,16:57:00,231.0,1.2,277,218.0,1.4,305,25951,16557,35.0,94.0
Station_01,Inv_00,20170814,16:58:00,214.2,1.2,257,218.0,1.3,283,25951,16557,34.8,92.0
Station_01,Inv_00,20170814,16:59:00,218.0,1.3,283,218.0,1.3,283,25952,16557,34.3,92.0
Station_01,Inv_00,20170814,17:00:00,232.0,1.2,278,217.0,1.3,282,25952,16557,34.4,90.0
Station_01,Inv_00,20170814,17:01:00,230.7,1.1,254,218.0,1.2,262,25952,16557,34.1,88.0
Station_01,Inv_00,20170814,17:02:00,232.0,1.0,232,218.0,1.2,262,25952,16557,34.0,85.0
Station_01,Inv_00,20170814,17:03:00,224.0,1.2,269,218.0,1.3,283,25952,16557,34.0,86.0
Station_01,Inv_00,20170814,17:04:00,238.3,1.1,262,219.0,1.2,263,25952,16557,33.9,86.0
Station_01,Inv_00,20170814,17:05:00,206.0,1.1,227,218.0,1.2,262,25952,16557,33.9,88.0
Station_01,Inv_00,20170814,17:06:00,236.0,1.2,283,218.0,1.4,305,25952,16557,34.0,93.0
Station_01,Inv_00,20170814,17:07:00,225.9,1.4,316,218.0,1.4,305,25952,16557,34.0,98.0
Station_01,Inv_00,20170814,17:08:00,231.7,1.5,348,218.0,1.5,327,25952,16557,34.0,105.0
Station_01,Inv_00,20170814,17:09:00,198.5,1.5,298,218.0,1.5,327,25952,16557,34.2,105.0
Station_01,Inv_00,20170814,17:10:00,237.0,1.4,332,218.0,1.5,327,25952,16557,34.0,103.0
Station_01,Inv_00,20170814,17:11:00,203.0,1.4,284,218.0,1.4,305,25952,16557,34.1,101.0
Station_01,Inv_00,20170814,17:12:00,153.0,1.3,199,218.0,1.0,218,25952,16557,34.0,97.0
Station_01,Inv_00,20170814,17:13:00,217.9,1.3,283,217.0,1.3,282,25952,16557,34.1,94.0
Station_01,Inv_00,20170814,17:14:00,245.6,1.6,393,217.0,1.7,369,25952,16557,34.2,96.0
Station_01,Inv_00,20170814,17:15:00,236.5,1.4,331,217.0,1.5,326,25952,16557,34.0,96.0
Station_01,Inv_00,20170814,17:16:00,231.0,1.4,323,217.0,1.5,326,25952,16557,33.9,98.0
Station_01,Inv_00,20170814,17:17:00,228.3,1.7,388,217.0,1.7,369,25952,16557,33.9,101.0
Station_01,Inv_00,20170814,17:18:00,243.9,1.8,439,217.0,1.9,412,25952,16557,33.9,103.0
Station_01,Inv_00,20170814,17:19:00,243.3,1.8,438,217.0,1.9,412,25952,16557,33.8,105.0
Station_01,Inv_00,20170814,17:20:00,243.4,1.8,438,217.0,1.9,412,25952,16557,33.8,107.0
Station_01,Inv_00,20170814,17:21:00,226.5,1.8,408,217.0,1.7,369,25952,16557,33.9,109.0
Station_01,Inv_00,20170814,17:22:00,231.3,1.6,370,217.0,1.7,369,25952,16557,33.9,112.0
Station_01,Inv_00,20170814,17:23:00,243.9,1.8,439,218.0,2.0,436,25952,16557,34.0,114.0
Station_01,Inv_00,20170814,17:24:00,240.9,1.8,434,218.0,1.9,414,25952,16557,34.0,113.0
Station_01,Inv_00,20170814,17:25:00,239.0,1.6,382,218.0,1.7,371,25952,16557,34.0,113.0
Station_01,Inv_00,20170814,17:26:00,227.0,1.6,363,218.0,1.6,349,25952,16557,34.1,112.0
Station_01,Inv_00,20170814,17:27:00,238.1,1.5,357,217.0,1.6,347,25952,16557,34.2,111.0
Station_01,Inv_00,20170814,17:28:00,229.0,1.6,366,217.0,1.6,347,25952,16557,34.3,110.0
Station_01,Inv_00,20170814,17:29:00,222.0,1.5,333,217.0,1.5,326,25952,16557,34.2,106.0
Station_01,Inv_00,20170814,17:30:00,242.9,1.3,316,217.0,1.5,326,25952,16557,33.9,104.0
Station_01,Inv_00,20170814,17:31:00,230.5,1.4,323,217.0,1.5,326,25952,16557,33.8,102.0
Station_01,Inv_00,20170814,17:32:00,241.1,1.3,313,217.0,1.5,326,25952,16557,33.9,101.0
Station_01,Inv_00,20170814,17:33:00,239.2,1.3,311,217.0,1.5,326,25952,16557,33.8,101.0
Station_01,Inv_00,20170814,17:34:00,240.0,1.3,312,217.0,1.5,326,25952,16557,33.7,100.0
Station_01,Inv_00,20170814,17:35:00,234.7,1.4,329,216.0,1.5,324,25952,16557,33.6,100.0
Station_01,Inv_00,20170814,17:36:00,231.0,1.4,323,217.0,1.5,326,25952,16557,33.5,101.0
Station_01,Inv_00,20170814,17:37:00,225.5,1.3,293,217.0,1.4,304,25952,16557,33.4,100.0
Station_01,Inv_00,20170814,17:38:00,237.4,1.3,309,217.0,1.4,304,25952,16557,33.3,98.0
Station_01,Inv_00,20170814,17:39:00,235.0,1.2,282,217.0,1.3,282,25952,16557,33.3,94.0
Station_01,Inv_00,20170814,17:40:00,226.0,1.2,271,216.0,1.3,281,25952,16557,33.3,90.0
Station_01,Inv_00,20170814,17:41:00,232.0,1.1,255,218.0,1.2,262,25952,16557,33.3,86.0
Station_01,Inv_00,20170814,17:42:00,227.0,1.0,227,216.0,1.2,259,25952,16557,33.0,83.0
Station_01,Inv_00,20170814,17:43:00,224.5,1.0,225,216.0,1.1,238,25952,16557,33.0,82.0
Station_01,Inv_00,20170814,17:44:00,234.4,0.9,211,217.0,1.1,239,25952,16557,32.8,80.0
Station_01,Inv_00,20170814,17:45:00,229.5,1.0,230,217.0,1.1,239,25952,16557,32.7,78.0
Station_01,Inv_00,20170814,17:46:00,227.0,0.9,204,217.0,1.0,217,25952,16557,32.7,76.0
Station_01,Inv_00,20170814,17:47:00,232.4,0.9,209,217.0,1.0,217,25952,16557,32.5,75.0
Station_01,Inv_00,20170814,17:48:00,228.2,0.9,205,218.0,1.0,218,25952,16557,32.5,75.0
Station_01,Inv_00,20170814,17:49:00,221.4,0.9,199,218.0,1.0,218,25952,16557,32.4,73.0
Station_01,Inv_00,20170814,17:50:00,226.0,0.8,181,218.0,1.0,218,25952,16557,32.3,70.0
Station_01,Inv_00,20170814,17:51:00,224.0,0.8,179,217.0,0.9,195,25952,16557,32.2,68.0
Station_01,Inv_00,20170814,17:52:00,228.5,0.6,137,217.0,0.8,174,25952,16557,32.1,61.0
Station_01,Inv_00,20170814,17:53:00,217.0,0.6,130,217.0,0.8,174,25952,16557,31.9,59.0
Station_01,Inv_00,20170814,17:54:00,226.4,0.7,159,217.0,0.8,174,25952,16557,31.8,57.0
Station_01,Inv_00,20170814,17:55:00,222.0,0.7,155,217.0,0.8,174,25952,16557,31.7,57.0
Station_01,Inv_00,20170814,17:56:00,229.0,0.6,137,217.0,0.8,174,25952,16557,31.6,59.0
Station_01,Inv_00,20170814,17:57:00,224.0,0.6,134,217.0,0.9,195,25952,16557,31.6,60.0
Station_01,Inv_00,20170814,17:58:00,226.7,0.7,159,217.0,0.9,195,25952,16557,31.6,63.0
Station_01,Inv_00,20170814,17:59:00,224.0,0.8,179,218.0,0.9,196,25952,16557,31.6,62.0
Station_01,Inv_00,20170814,18:00:00,230.4,0.7,161,217.0,0.9,195,25952,16557,31.5,62.0
Station_01,Inv_00,20170814,18:01:00,225.0,0.8,180,217.0,0.9,195,25952,16557,31.5,62.0
Station_01,Inv_00,20170814,18:02:00,214.0,0.8,171,217.0,0.9,195,25952,16557,31.5,61.0
Station_01,Inv_00,20170814,18:03:00,225.0,0.7,158,217.0,0.9,195,25952,16557,31.6,60.0
Station_01,Inv_00,20170814,18:04:00,215.5,0.6,129,218.0,0.8,174,25952,16557,31.5,59.0
Station_01,Inv_00,20170814,18:05:00,221.0,0.6,133,217.0,0.8,174,25952,16557,31.5,57.0
Station_01,Inv_00,20170814,18:06:00,230.5,0.6,138,217.0,0.7,152,25952,16557,31.5,55.0
Station_01,Inv_00,20170814,18:07:00,224.0,0.6,134,217.0,0.6,130,25952,16557,31.4,52.0
Station_01,Inv_00,20170814,18:08:00,217.6,0.5,109,217.0,0.6,130,25952,16557,31.3,49.0
Station_01,Inv_00,20170814,18:09:00,223.5,0.4,89,217.0,0.5,109,25952,16557,31.2,46.0
Station_01,Inv_00,20170814,18:10:00,219.5,0.4,88,217.0,0.5,109,25952,16557,31.1,44.0
Station_01,Inv_00,20170814,18:11:00,211.0,0.4,84,217.0,0.5,109,25952,16557,31.0,43.0
Station_01,Inv_00,20170814,18:12:00,216.5,0.4,87,217.0,0.5,109,25952,16557,30.9,41.0
Station_01,Inv_00,20170814,18:13:00,218.3,0.3,66,217.0,0.5,109,25952,16557,30.8,40.0
Station_01,Inv_00,20170814,18:14:00,212.0,0.3,64,217.0,0.5,109,25952,16557,30.7,39.0
Station_01,Inv_00,20170814,18:15:00,210.0,0.3,63,218.0,0.5,109,25952,16557,30.6,37.0
Station_01,Inv_00,20170814,18:16:00,197.0,0.2,39,218.0,0.5,109,25952,16557,30.6,37.0
Station_01,Inv_00,20170814,18:17:00,213.7,0.3,64,218.0,0.5,109,25952,16557,30.5,36.0
Station_01,Inv_00,20170814,18:18:00,209.7,0.3,63,218.0,0.5,109,25952,16557,30.5,37.0
Station_01,Inv_00,20170814,18:19:00,199.5,0.2,40,218.0,0.5,109,25952,16557,30.4,35.0
Station_01,Inv_00,20170814,18:20:00,195.0,0.3,59,218.0,0.5,109,25952,16557,30.3,33.0
Station_01,Inv_00,20170814,18:21:00,216.0,0.1,22,218.0,0.4,87,25952,16557,30.3,32.0
Station_01,Inv_00,20170814,18:22:00,226.5,0.2,45,218.0,0.4,87,25952,16557,30.2,31.0
Station_01,Inv_00,20170814,18:23:00,220.5,0.2,44,217.0,0.4,87,25952,16557,30.2,29.0
Station_01,Inv_00,20170814,18:24:00,0.0,0.0,0,217.0,0.4,87,25952,16557,30.1,26.0
Station_01,Inv_00,20170814,18:25:00,0.0,0.0,0,216.0,0.4,86,25952,16557,30.0,555.0
Station_01,Inv_00,20170814,18:26:00,0.0,0.0,0,217.0,0.4,87,25952,16557,29.9,23.0
Station_01,Inv_00,20170814,18:27:00,0.0,0.0,0,0.0,0.0,0,25952,16557,29.8,23.0
Station_01,Inv_00,20170814,18:28:00,0.0,0.0,0,0.0,0.0,0,25952,16557,29.7,22.0
Station_01,Inv_00,20170814,18:29:00,0.0,0.0,0,0.0,0.0,0,25952,16557,29.6,21.0
Station_01,Inv_00,20170814,18:30:00,0.0,0.0,0,220.0,0.2,44,25952,16557,29.6,21.0
Station_01,Inv_00,20170814,18:31:00,0.0,0.0,0,220.0,0.2,44,25952,16557,29.5,21.0
Station_01,Inv_00,20170814,18:32:00,0.0,0.0,0,220.0,0.2,44,25952,16557,29.4,19.0
Station_01,Inv_00,20170814,18:33:00,0.0,0.0,0,220.0,0.2,44,25952,16557,29.3,19.0
Station_01,Inv_00,20170814,18:34:00,0.0,0.0,0,220.0,0.2,44,25952,16557,29.3,19.0
Station_01,Inv_00,20170814,18:35:00,0.0,0.0,0,220.0,0.2,44,25952,16557,29.2,19.0
Station_01,Inv_00,20170814,18:36:00,0.0,0.0,0,220.0,0.2,44,25952,16557,29.2,19.0
Station_01,Inv_00,20170814,18:37:00,0.0,0.0,0,220.0,0.2,44,25952,16557,29.2,18.0
Station_01,Inv_00,20170814,18:38:00,0.0,0.0,0,220.0,0.2,44,25952,16557,29.1,18.0
Station_01,Inv_00,20170814,18:39:00,0.0,0.0,0,220.0,0.2,44,25952,16557,29.1,18.0
Station_01,Inv_00,20170814,18:40:00,0.0,0.0,0,220.0,0.2,44,25952,16557,29.1,18.0
Station_01,Inv_00,20170814,18:41:00,0.0,0.0,0,220.0,0.2,44,25952,16557,29.1,18.0
Station_01,Inv_00,20170814,18:42:00,0.0,0.0,0,220.0,0.2,44,25952,16557,29.0,17.0
Station_01,Inv_00,20170814,18:43:00,0.0,0.0,0,220.0,0.2,44,25952,16557,28.9,17.0
Station_01,Inv_00,20170814,18:44:00,0.0,0.0,0,220.0,0.2,44,25952,16557,28.9,17.0
Station_01,Inv_00,20170814,18:45:00,0.0,0.0,0,220.0,0.2,44,25952,16557,28.9,17.0
Station_01,Inv_00,20170814,18:46:00,0.0,0.0,0,220.0,0.2,44,25952,16557,28.8,17.0
Station_01,Inv_00,20170814,18:47:00,0.0,0.0,0,220.0,0.2,44,25952,16557,28.9,18.0
Station_01,Inv_00,20170814,18:48:00,0.0,0.0,0,220.0,0.2,44,25952,16557,28.8,18.0
Station_01,Inv_00,20170814,18:49:00,0.0,0.0,0,220.0,0.2,44,25952,16557,28.8,17.0
Station_01,Inv_00,20170814,18:50:00,0.0,0.0,0,220.0,0.2,44,25952,16557,28.7,17.0
Station_01,Inv_00,20170814,18:51:00,0.0,0.0,0,220.0,0.2,44,25952,16557,28.7,17.0
Station_01,Inv_00,20170814,18:52:00,0.0,0.0,0,220.0,0.2,44,25952,16557,28.7,17.0
Station_01,Inv_00,20170814,18:53:00,0.0,0.0,0,220.0,0.2,44,25952,16557,28.6,20.0
Station_01,Inv_00,20170814,18:54:00,0.0,0.0,0,220.0,0.2,44,25952,16557,28.6,17.0
Station_01,Inv_00,20170814,18:55:00,0.0,0.0,0,220.0,0.2,44,25952,16557,28.6,17.0
Station_01,Inv_00,20170814,18:56:00,0.0,0.0,0,220.0,0.2,44,25952,16557,28.5,17.0
Station_01,Inv_00,20170814,18:57:00,0.0,0.0,0,220.0,0.2,44,25952,16557,28.5,18.0
Station_01,Inv_00,20170814,18:58:00,0.0,0.0,0,220.0,0.2,44,25952,16557,28.5,18.0
Station_01,Inv_00,20170814,18:59:00,0.0,0.0,0,220.0,0.2,44,25952,16557,28.6,17.0
Station_01,Inv_00,20170814,19:00:00,0.0,0.0,0,220.0,0.2,44,25952,16557,28.6,18.0
Station_01,Inv_00,20170814,19:01:00,0.0,0.0,0,220.0,0.2,44,25952,16557,28.6,18.0
Station_01,Inv_00,20170814,19:02:00,0.0,0.0,0,220.0,0.2,44,25952,16557,28.7,24.0
Station_01,Inv_00,20170814,19:03:00,0.0,0.0,0,220.0,0.2,44,25952,16557,28.8,18.0
Station_01,Inv_00,20170814,19:04:00,0.0,0.0,0,220.0,0.2,44,25952,16557,28.8,18.0
Station_01,Inv_00,20170814,19:05:00,0.0,0.0,0,220.0,0.2,44,25952,16557,28.8,18.0
Station_01,Inv_00,20170814,19:06:00,0.0,0.0,0,220.0,0.2,44,25952,16557,28.8,20.0
Station_01,Inv_00,20170814,19:07:00,0.0,0.0,0,220.0,0.2,44,25952,16557,28.8,18.0
Station_01,Inv_00,20170814,19:08:00,0.0,0.0,0,220.0,0.2,44,25952,16557,28.8,17.0
Station_01,Inv_00,20170814,19:09:00,0.0,0.0,0,220.0,0.2,44,25952,16557,28.8,17.0
Station_01,Inv_00,20170814,19:10:00,0.0,0.0,0,220.0,0.2,44,25952,16557,28.8,18.0
Station_01,Inv_00,20170814,19:11:00,0.0,0.0,0,220.0,0.2,44,25952,16557,28.7,17.0
Station_01,Inv_00,20170814,19:12:00,0.0,0.0,0,220.0,0.2,44,25952,16557,28.8,17.0
Station_01,Inv_00,20170814,19:13:00,0.0,0.0,0,220.0,0.2,44,25952,16557,28.8,17.0
Station_01,Inv_00,20170814,19:14:00,0.0,0.0,0,220.0,0.2,44,25952,16557,28.7,17.0
Station_01,Inv_00,20170814,19:15:00,0.0,0.0,0,220.0,0.2,44,25952,16557,28.7,18.0
Station_01,Inv_00,20170814,19:16:00,0.0,0.0,0,220.0,0.2,44,25952,16557,28.8,17.0
Station_01,Inv_00,20170814,19:17:00,0.0,0.0,0,220.0,0.2,44,25952,16557,28.9,18.0
Station_01,Inv_00,20170814,19:18:00,0.0,0.0,0,220.0,0.2,44,25952,16557,28.9,18.0
Station_01,Inv_00,20170814,19:19:00,0.0,0.0,0,220.0,0.2,44,25952,16557,29.0,18.0
Station_01,Inv_00,20170814,19:20:00,0.0,0.0,0,220.0,0.2,44,25952,16557,29.0,18.0
Station_01,Inv_00,20170814,19:21:00,0.0,0.0,0,220.0,0.2,44,25952,16557,29.1,18.0
Station_01,Inv_00,20170814,19:22:00,0.0,0.0,0,220.0,0.2,44,25952,16557,29.1,18.0
Station_01,Inv_00,20170814,19:23:00,0.0,0.0,0,220.0,0.2,44,25952,16557,29.2,18.0
Station_01,Inv_00,20170814,19:24:00,0.0,0.0,0,220.0,0.2,44,25952,16557,29.2,18.0
Station_01,Inv_00,20170814,19:25:00,0.0,0.0,0,220.0,0.2,44,25952,16557,29.2,18.0
Station_01,Inv_00,20170814,19:26:00,0.0,0.0,0,220.0,0.2,44,25952,16557,29.3,18.0
Station_01,Inv_00,20170814,19:27:00,0.0,0.0,0,220.0,0.2,44,25952,16557,29.3,18.0
Station_01,Inv_00,20170814,19:28:00,0.0,0.0,0,220.0,0.2,44,25952,16557,29.4,18.0
Station_01,Inv_00,20170814,19:29:00,0.0,0.0,0,220.0,0.2,44,25952,16557,29.5,18.0
Station_01,Inv_00,20170814,19:30:00,0.0,0.0,0,220.0,0.2,44,25952,16557,29.5,18.0
Station_01,Inv_00,20170814,19:31:00,0.0,0.0,0,220.0,0.2,44,25952,16557,29.5,18.0
Station_01,Inv_00,20170814,19:32:00,0.0,0.0,0,220.0,0.2,44,25952,16557,29.5,18.0
Station_01,Inv_00,20170814,19:33:00,0.0,0.0,0,220.0,0.2,44,25952,16557,29.5,18.0
Station_01,Inv_00,20170814,19:34:00,0.0,0.0,0,220.0,0.2,44,25952,16557,29.4,18.0
Station_01,Inv_00,20170814,19:35:00,0.0,0.0,0,220.0,0.2,44,25952,16557,29.4,18.0
Station_01,Inv_00,20170814,19:36:00,0.0,0.0,0,220.0,0.2,44,25952,16557,29.4,18.0
Station_01,Inv_00,20170814,19:37:00,0.0,0.0,0,220.0,0.2,44,25952,16557,29.4,18.0
Station_01,Inv_00,20170814,19:38:00,0.0,0.0,0,220.0,0.2,44,25952,16557,29.4,19.0
Station_01,Inv_00,20170814,19:39:00,0.0,0.0,0,220.0,0.2,44,25952,16557,29.5,18.0
Station_01,Inv_00,20170814,19:40:00,0.0,0.0,0,220.0,0.2,44,25952,16557,29.4,18.0
Station_01,Inv_00,20170814,19:41:00,0.0,0.0,0,220.0,0.2,44,25952,16557,29.4,18.0
Station_01,Inv_00,20170814,19:42:00,0.0,0.0,0,220.0,0.2,44,25952,16557,29.4,18.0
Station_01,Inv_00,20170814,19:43:00,0.0,0.0,0,220.0,0.2,44,25952,16557,29.4,18.0
Station_01,Inv_00,20170814,19:44:00,0.0,0.0,0,220.0,0.2,44,25952,16557,29.5,18.0
Station_01,Inv_00,20170814,19:45:00,0.0,0.0,0,220.0,0.2,44,25952,16557,29.5,18.0
Station_01,Inv_00,20170814,19:46:00,0.0,0.0,0,220.0,0.2,44,25952,16557,29.5,18.0
Station_01,Inv_00,20170814,19:47:00,0.0,0.0,0,220.0,0.2,44,25952,16557,29.4,18.0
Station_01,Inv_00,20170814,19:48:00,0.0,0.0,0,220.0,0.2,44,25952,16557,29.5,18.0
Station_01,Inv_00,20170814,19:49:00,0.0,0.0,0,220.0,0.2,44,25952,16557,29.4,18.0
Station_01,Inv_00,20170814,19:50:00,0.0,0.0,0,220.0,0.2,44,25952,16557,29.4,18.0
Station_01,Inv_00,20170814,19:51:00,0.0,0.0,0,220.0,0.2,44,25952,16557,29.4,18.0
Station_01,Inv_00,20170814,19:52:00,0.0,0.0,0,220.0,0.2,44,25952,16557,29.3,18.0
Station_01,Inv_00,20170814,19:53:00,0.0,0.0,0,220.0,0.2,44,25952,16557,29.4,18.0
Station_01,Inv_00,20170814,19:54:00,0.0,0.0,0,220.0,0.2,44,25952,16557,29.3,18.0
Station_01,Inv_00,20170814,19:55:00,0.0,0.0,0,220.0,0.2,44,25952,16557,29.3,18.0
Station_01,Inv_00,20170814,19:56:00,0.0,0.0,0,220.0,0.2,44,25952,16557,29.4,18.0
Station_01,Inv_00,20170814,19:57:00,0.0,0.0,0,220.0,0.2,44,25952,16557,29.3,18.0
Station_01,Inv_00,20170814,19:58:00,0.0,0.0,0,220.0,0.2,44,25952,16557,29.4,18.0
Station_01,Inv_00,20170814,19:59:00,0.0,0.0,0,220.0,0.2,44,25952,16557,29.4,18.0
Station_01,Inv_00,20170814,20:00:00,0.0,0.0,0,220.0,0.2,44,25952,16557,29.4,18.0
