Station_01,Inv_00,20170702,05:00:00,0.0,0.0,0,218.0,0.4,87,25243,16105,25.2,19.0
Station_01,Inv_00,20170702,05:01:00,0.0,0.0,0,218.0,0.4,87,25243,16105,25.2,19.0
Station_01,Inv_00,20170702,05:02:00,0.0,0.0,0,218.0,0.4,87,25243,16105,25.1,19.0
Station_01,Inv_00,20170702,05:03:00,0.0,0.0,0,218.0,0.4,87,25243,16105,25.1,19.0
Station_01,Inv_00,20170702,05:04:00,0.0,0.0,0,218.0,0.4,87,25243,16105,25.2,19.0
Station_01,Inv_00,20170702,05:05:00,0.0,0.0,0,218.0,0.4,87,25243,16105,25.2,19.0
Station_01,Inv_00,20170702,05:06:00,0.0,0.0,0,218.0,0.4,87,25243,16105,25.2,19.0
Station_01,Inv_00,20170702,05:07:00,0.0,0.0,0,218.0,0.4,87,25243,16105,25.2,20.0
Station_01,Inv_00,20170702,05:08:00,0.0,0.0,0,218.0,0.4,87,25243,16105,25.3,20.0
Station_01,Inv_00,20170702,05:09:00,0.0,0.0,0,218.0,0.4,87,25243,16105,25.2,20.0
Station_01,Inv_00,20170702,05:10:00,0.0,0.0,0,218.0,0.4,87,25243,16105,25.3,20.0
Station_01,Inv_00,20170702,05:11:00,0.0,0.0,0,218.0,0.4,87,25243,16105,25.3,21.0
Station_01,Inv_00,20170702,05:12:00,0.0,0.0,0,218.0,0.4,87,25243,16105,25.3,21.0
Station_01,Inv_00,20170702,05:13:00,0.0,0.0,0,218.0,0.4,87,25243,16105,25.3,21.0
Station_01,Inv_00,20170702,05:14:00,0.0,0.0,0,218.0,0.4,87,25243,16105,25.3,22.0
Station_01,Inv_00,20170702,05:15:00,0.0,0.0,0,218.0,0.4,87,25243,16105,25.3,22.0
Station_01,Inv_00,20170702,05:16:00,0.0,0.0,0,218.0,0.4,87,25243,16105,25.3,22.0
Station_01,Inv_00,20170702,05:17:00,0.0,0.0,0,218.0,0.4,87,25243,16105,25.4,23.0
Station_01,Inv_00,20170702,05:18:00,0.0,0.0,0,218.0,0.4,87,25243,16105,25.3,23.0
Station_01,Inv_00,20170702,05:19:00,0.0,0.0,0,218.0,0.4,87,25243,16105,25.4,23.0
Station_01,Inv_00,20170702,05:20:00,0.0,0.0,0,218.0,0.4,87,25243,16105,25.4,470.0
Station_01,Inv_00,20170702,05:21:00,0.0,0.0,0,218.0,0.4,87,25243,16105,25.5,24.0
Station_01,Inv_00,20170702,05:22:00,0.0,0.0,0,218.0,0.4,87,25243,16105,25.5,25.0
Station_01,Inv_00,20170702,05:23:00,0.0,0.0,0,218.0,0.4,87,25243,16105,25.5,25.0
Station_01,Inv_00,20170702,05:24:00,0.0,0.0,0,218.0,0.4,87,25243,16105,25.6,26.0
Station_01,Inv_00,20170702,05:25:00,0.0,0.0,0,218.0,0.4,87,25243,16105,25.6,26.0
Station_01,Inv_00,20170702,05:26:00,0.0,0.0,0,218.0,0.4,87,25243,16105,25.6,26.0
Station_01,Inv_00,20170702,05:27:00,0.0,0.0,0,218.0,0.4,87,25243,16105,25.7,27.0
Station_01,Inv_00,20170702,05:28:00,0.0,0.0,0,220.0,0.5,110,25243,16105,25.6,28.0
Station_01,Inv_00,20170702,05:29:00,0.0,0.0,0,221.0,0.5,111,25243,16105,25.6,474.0
Station_01,Inv_00,20170702,05:30:00,0.0,0.0,0,220.0,0.5,110,25243,16105,25.7,29.0
Station_01,Inv_00,20170702,05:31:00,0.0,0.0,0,221.0,0.5,111,25243,16105,25.7,29.0
Station_01,Inv_00,20170702,05:32:00,0.0,0.0,0,221.0,0.5,111,25243,16105,25.7,29.0
Station_01,Inv_00,20170702,05:33:00,0.0,0.0,0,221.0,0.5,111,25243,16105,25.7,30.0
Station_01,Inv_00,20170702,05:34:00,221.5,0.2,44,217.0,0.4,87,25243,16105,25.7,31.0
Station_01,Inv_00,20170702,05:35:00,224.5,0.2,45,217.0,0.4,87,25243,16105,25.9,32.0
Station_01,Inv_00,20170702,05:36:00,228.0,0.2,46,216.0,0.5,108,25243,16105,25.9,36.0
Station_01,Inv_00,20170702,05:37:00,236.0,0.2,47,216.0,0.4,86,25243,16105,26.1,42.0
Station_01,Inv_00,20170702,05:38:00,214.0,0.1,21,215.0,0.5,108,25243,16105,26.2,44.0
Station_01,Inv_00,20170702,05:39:00,189.0,0.3,57,215.0,0.5,108,25243,16105,26.3,47.0
Station_01,Inv_00,20170702,05:40:00,205.7,0.3,62,215.0,0.4,86,25243,16105,26.5,49.0
Station_01,Inv_00,20170702,05:41:00,224.7,0.3,67,215.0,0.5,108,25243,16105,26.6,51.0
Station_01,Inv_00,20170702,05:42:00,223.3,0.3,67,215.0,0.5,108,25243,16105,26.7,53.0
Station_01,Inv_00,20170702,05:43:00,222.0,0.3,67,215.0,0.5,108,25243,16105,26.8,55.0
Station_01,Inv_00,20170702,05:44:00,227.0,0.3,68,216.0,0.5,108,25243,16105,27.0,57.0
Station_01,Inv_00,20170702,05:45:00,217.3,0.3,65,216.0,0.5,108,25243,16105,27.1,59.0
Station_01,Inv_00,20170702,05:46:00,210.0,0.3,63,216.0,0.5,108,25243,16105,27.2,62.0
Station_01,Inv_00,20170702,05:47:00,172.7,0.3,52,216.0,0.5,108,25243,16105,27.3,64.0
Station_01,Inv_00,20170702,05:48:00,181.0,0.4,72,215.0,0.5,108,25243,16105,27.4,66.0
Station_01,Inv_00,20170702,05:49:00,220.5,0.4,88,217.0,0.5,109,25243,16105,27.6,69.0
Station_01,Inv_00,20170702,05:50:00,229.7,0.3,69,216.0,0.5,108,25243,16105,27.7,71.0
Station_01,Inv_00,20170702,05:51:00,230.4,0.5,115,216.0,0.5,108,25243,16105,27.8,73.0
Station_01,Inv_00,20170702,05:52:00,238.0,0.4,95,216.0,0.5,108,25243,16105,28.0,75.0
Station_01,Inv_00,20170702,05:53:00,232.4,0.5,116,216.0,0.6,130,25243,16105,28.1,77.0
Station_01,Inv_00,20170702,05:54:00,221.0,0.4,88,216.0,0.6,130,25243,16105,28.2,79.0
Station_01,Inv_00,20170702,05:55:00,154.0,0.6,92,215.0,0.5,108,25243,16105,28.3,82.0
Station_01,Inv_00,20170702,05:56:00,180.0,0.6,108,216.0,0.6,130,25243,16105,28.5,86.0
Station_01,Inv_00,20170702,05:57:00,229.5,0.6,138,216.0,0.8,173,25243,16105,28.7,88.0
Station_01,Inv_00,20170702,05:58:00,226.0,0.6,136,215.0,0.7,151,25243,16105,28.8,93.0
Station_01,Inv_00,20170702,05:59:00,220.4,0.7,154,216.0,0.8,173,25243,16105,29.0,96.0
Station_01,Inv_00,20170702,06:00:00,223.1,0.7,156,217.0,0.8,174,25243,16105,29.2,95.0
Station_01,Inv_00,20170702,06:01:00,233.0,0.7,163,217.0,0.9,195,25243,16105,29.4,98.0
Station_01,Inv_00,20170702,06:02:00,240.9,0.7,169,215.0,1.0,215,25243,16105,29.5,101.0
Station_01,Inv_00,20170702,06:03:00,229.7,0.7,161,215.0,1.0,215,25243,16105,29.7,103.0
Station_01,Inv_00,20170702,06:04:00,242.9,0.8,194,217.0,1.0,217,25243,16105,29.9,106.0
Station_01,Inv_00,20170702,06:05:00,243.5,0.8,195,217.0,1.0,217,25243,16105,30.1,109.0
Station_01,Inv_00,20170702,06:06:00,238.9,0.9,215,218.0,1.0,218,25243,16105,30.2,112.0
Station_01,Inv_00,20170702,06:07:00,233.0,1.0,233,218.0,1.1,240,25243,16105,30.3,115.0
Station_01,Inv_00,20170702,06:08:00,223.8,1.0,224,217.0,1.1,239,25243,16105,30.5,118.0
Station_01,Inv_00,20170702,06:09:00,223.5,1.0,224,219.0,1.1,241,25243,16105,30.7,121.0
Station_01,Inv_00,20170702,06:10:00,227.9,1.1,251,217.0,1.1,239,25243,16105,30.9,124.0
Station_01,Inv_00,20170702,06:11:00,248.5,1.1,273,216.0,1.2,259,25243,16105,31.1,127.0
Station_01,Inv_00,20170702,06:12:00,250.5,1.1,276,216.0,1.3,281,25243,16105,31.3,130.0
Station_01,Inv_00,20170702,06:13:00,245.5,1.2,295,216.0,1.3,281,25243,16105,31.5,133.0
Station_01,Inv_00,20170702,06:14:00,248.3,1.2,298,215.0,1.4,301,25243,16105,31.6,137.0
Station_01,Inv_00,20170702,06:15:00,250.5,1.2,301,216.0,1.4,302,25243,16105,31.8,140.0
Station_01,Inv_00,20170702,06:16:00,241.0,1.3,313,215.0,1.5,323,25243,16105,32.1,143.0
Station_01,Inv_00,20170702,06:17:00,247.5,1.3,322,215.0,1.5,323,25243,16105,32.2,146.0
Station_01,Inv_00,20170702,06:18:00,244.0,1.4,342,215.0,1.5,323,25243,16105,32.5,149.0
Station_01,Inv_00,20170702,06:19:00,248.8,1.5,373,215.0,1.5,323,25243,16105,32.6,152.0
Station_01,Inv_00,20170702,06:20:00,244.3,1.5,367,215.0,1.6,344,25243,16105,32.9,156.0
Station_01,Inv_00,20170702,06:21:00,248.5,1.4,348,215.0,1.6,344,25243,16105,33.1,159.0
Station_01,Inv_00,20170702,06:22:00,248.9,1.6,398,215.0,1.7,366,25243,16105,33.3,162.0
Station_01,Inv_00,20170702,06:23:00,246.9,1.7,420,216.0,1.8,389,25243,16105,33.5,166.0
Station_01,Inv_00,20170702,06:24:00,241.4,1.7,410,216.0,1.8,389,25243,16105,33.6,169.0
Station_01,Inv_00,20170702,06:25:00,253.4,1.7,431,217.0,1.9,412,25243,16105,33.8,172.0
Station_01,Inv_00,20170702,06:26:00,253.0,1.8,455,216.0,2.0,432,25243,16105,33.9,176.0
Station_01,Inv_00,20170702,06:27:00,250.0,1.9,475,216.0,2.0,432,25243,16105,34.2,179.0
Station_01,Inv_00,20170702,06:28:00,244.3,1.9,464,216.0,2.0,432,25243,16105,34.3,183.0
Station_01,Inv_00,20170702,06:29:00,244.0,2.0,488,216.0,2.1,454,25243,16105,34.5,186.0
Station_01,Inv_00,20170702,06:30:00,229.4,2.1,482,218.0,2.0,436,25243,16105,34.7,190.0
Station_01,Inv_00,20170702,06:31:00,246.5,2.1,518,218.0,2.2,480,25243,16105,34.7,193.0
Station_01,Inv_00,20170702,06:32:00,248.0,2.0,496,217.0,2.3,499,25243,16105,34.8,197.0
Station_01,Inv_00,20170702,06:33:00,246.5,2.2,542,216.0,2.3,497,25243,16105,34.8,200.0
Station_01,Inv_00,20170702,06:34:00,252.5,2.2,556,217.0,2.4,521,25243,16105,34.4,204.0
Station_01,Inv_00,20170702,06:35:00,249.0,2.3,573,217.0,2.5,543,25243,16105,34.7,207.0
Station_01,Inv_00,20170702,06:36:00,236.8,2.3,545,216.0,2.5,540,25243,16105,34.8,210.0
Station_01,Inv_00,20170702,06:37:00,237.4,2.5,594,216.0,2.5,540,25243,16105,34.5,214.0
Station_01,Inv_00,20170702,06:38:00,249.0,2.5,622,216.0,2.6,562,25243,16105,34.9,218.0
Station_01,Inv_00,20170702,06:39:00,247.0,2.6,642,215.0,2.7,581,25243,16105,35.1,221.0
Station_01,Inv_00,20170702,06:40:00,237.5,2.7,641,215.0,2.7,581,25243,16105,35.4,225.0
Station_01,Inv_00,20170702,06:41:00,248.9,2.7,672,215.0,2.9,624,25243,16105,35.6,228.0
Station_01,Inv_00,20170702,06:42:00,247.0,2.7,667,215.0,3.0,645,25243,16105,35.4,232.0
Station_01,Inv_00,20170702,06:43:00,248.5,2.8,696,215.0,3.0,645,25243,16105,35.8,235.0
Station_01,Inv_00,20170702,06:44:00,248.5,2.9,721,215.0,3.1,667,25243,16105,36.1,238.0
Station_01,Inv_00,20170702,06:45:00,239.4,2.9,694,215.0,3.1,667,25243,16105,36.3,242.0
Station_01,Inv_00,20170702,06:46:00,229.0,3.0,687,216.0,3.0,648,25243,16105,36.5,245.0
Station_01,Inv_00,20170702,06:47:00,230.9,3.1,716,217.0,3.1,673,25243,16105,36.8,249.0
Station_01,Inv_00,20170702,06:48:00,242.3,3.1,751,216.0,3.3,713,25243,16105,37.2,253.0
Station_01,Inv_00,20170702,06:49:00,244.0,3.2,781,216.0,3.3,713,25243,16105,37.2,256.0
Station_01,Inv_00,20170702,06:50:00,246.5,3.1,764,215.0,3.5,753,25243,16105,37.5,259.0
Station_01,Inv_00,20170702,06:51:00,246.5,3.3,813,215.0,3.5,753,25243,16105,37.9,263.0
Station_01,Inv_00,20170702,06:52:00,248.0,3.3,818,217.0,3.6,781,25243,16105,37.9,267.0
Station_01,Inv_00,20170702,06:53:00,248.0,3.4,843,218.0,3.6,785,25243,16105,37.5,270.0
Station_01,Inv_00,20170702,06:54:00,230.8,3.6,831,217.0,3.5,760,25243,16105,38.3,273.0
Station_01,Inv_00,20170702,06:55:00,230.9,3.5,808,217.0,3.6,781,25243,16105,38.5,277.0
Station_01,Inv_00,20170702,06:56:00,234.9,3.7,869,219.0,3.7,810,25243,16105,38.8,281.0
Station_01,Inv_00,20170702,06:57:00,245.5,3.7,908,218.0,3.9,850,25243,16105,39.3,283.0
Station_01,Inv_00,20170702,06:58:00,239.5,3.8,910,219.0,3.9,854,25243,16105,39.6,287.0
Station_01,Inv_00,20170702,06:59:00,246.0,3.8,935,218.0,4.0,872,25243,16105,39.7,291.0
Station_01,Inv_00,20170702,07:00:00,244.5,3.9,954,217.0,4.0,868,25243,16105,40.0,296.0
Station_01,Inv_00,20170702,07:01:00,242.4,4.0,970,217.0,4.1,890,25243,16105,40.3,298.0
Station_01,Inv_00,20170702,07:02:00,243.5,4.0,974,217.0,4.1,890,25243,16105,40.3,302.0
Station_01,Inv_00,20170702,07:03:00,242.5,4.1,994,217.0,4.1,890,25243,16105,40.4,306.0
Station_01,Inv_00,20170702,07:04:00,241.0,4.2,1012,217.0,4.2,911,25243,16105,40.6,310.0
Station_01,Inv_00,20170702,07:05:00,233.0,4.2,979,217.0,4.2,911,25243,16105,40.9,312.0
Station_01,Inv_00,20170702,07:06:00,245.0,4.1,1004,219.0,4.3,942,25243,16105,40.9,316.0
Station_01,Inv_00,20170702,07:07:00,226.0,4.3,972,219.0,4.2,920,25243,16105,41.4,319.0
Station_01,Inv_00,20170702,07:08:00,238.4,4.3,1025,217.0,4.5,977,25243,16105,41.6,322.0
Station_01,Inv_00,20170702,07:09:00,225.5,4.5,1015,217.0,4.3,933,25243,16105,41.9,325.0
Station_01,Inv_00,20170702,07:10:00,234.0,4.6,1076,217.0,4.6,998,25243,16105,42.2,328.0
Station_01,Inv_00,20170702,07:11:00,221.5,4.7,1041,217.0,4.4,955,25243,16105,41.9,332.0
Station_01,Inv_00,20170702,07:12:00,220.0,4.7,1034,217.0,4.4,955,25243,16105,42.0,336.0
Station_01,Inv_00,20170702,07:13:00,237.5,4.6,1093,217.0,4.7,1020,25243,16105,42.0,340.0
Station_01,Inv_00,20170702,07:14:00,238.0,4.8,1142,217.0,4.8,1042,25243,16105,42.1,344.0
Station_01,Inv_00,20170702,07:15:00,236.0,4.8,1133,216.0,4.9,1058,25243,16105,42.0,349.0
Station_01,Inv_00,20170702,07:16:00,238.0,4.8,1142,217.0,5.0,1085,25243,16105,42.5,352.0
Station_01,Inv_00,20170702,07:17:00,239.5,4.9,1173,217.0,5.1,1107,25243,16105,42.3,356.0
Station_01,Inv_00,20170702,07:18:00,241.5,4.9,1183,217.0,5.1,1107,25243,16105,42.3,360.0
Station_01,Inv_00,20170702,07:19:00,237.5,5.0,1187,217.0,5.1,1107,25243,16105,43.0,363.0
Station_01,Inv_00,20170702,07:20:00,235.9,5.1,1203,217.0,5.1,1107,25243,16105,42.9,366.0
Station_01,Inv_00,20170702,07:21:00,236.5,5.3,1253,217.0,5.3,1150,25243,16105,43.0,370.0
Station_01,Inv_00,20170702,07:22:00,240.0,5.3,1272,218.0,5.3,1155,25243,16105,43.1,373.0
Station_01,Inv_00,20170702,07:23:00,233.9,5.3,1240,219.0,5.3,1161,25243,16105,43.5,376.0
Station_01,Inv_00,20170702,07:24:00,230.0,5.4,1242,219.0,5.4,1183,25243,16105,44.2,381.0
Station_01,Inv_00,20170702,07:25:00,235.5,5.4,1272,219.0,5.5,1205,25244,16106,44.4,384.0
Station_01,Inv_00,20170702,07:26:00,238.5,5.4,1288,219.0,5.6,1226,25244,16106,44.4,388.0
Station_01,Inv_00,20170702,07:27:00,213.0,5.7,1214,218.0,5.2,1134,25244,16106,44.8,390.0
Station_01,Inv_00,20170702,07:28:00,234.0,5.6,1310,220.0,5.6,1232,25244,16106,44.8,396.0
Station_01,Inv_00,20170702,07:29:00,237.0,5.6,1327,220.0,5.7,1254,25244,16106,45.1,399.0
Station_01,Inv_00,20170702,07:30:00,237.5,5.8,1378,220.0,5.8,1276,25244,16106,45.5,402.0
Station_01,Inv_00,20170702,07:31:00,240.0,5.8,1392,220.0,5.8,1276,25244,16106,45.7,405.0
Station_01,Inv_00,20170702,07:32:00,236.5,5.9,1395,220.0,5.8,1276,25244,16106,45.2,409.0
Station_01,Inv_00,20170702,07:33:00,234.0,6.0,1404,220.0,5.9,1298,25244,16106,45.2,412.0
Station_01,Inv_00,20170702,07:34:00,232.4,6.0,1395,220.0,6.0,1320,25244,16106,45.3,416.0
Station_01,Inv_00,20170702,07:35:00,232.5,6.1,1418,220.0,6.1,1342,25244,16106,45.9,419.0
Station_01,Inv_00,20170702,07:36:00,229.5,6.3,1446,220.0,6.1,1342,25244,16106,46.0,423.0
Station_01,Inv_00,20170702,07:37:00,232.0,6.2,1438,219.0,6.2,1358,25244,16106,46.6,426.0
Station_01,Inv_00,20170702,07:38:00,233.0,6.3,1468,217.0,6.3,1367,25244,16106,46.2,430.0
Station_01,Inv_00,20170702,07:39:00,230.0,6.3,1449,218.0,6.2,1352,25244,16106,46.8,432.0
Station_01,Inv_00,20170702,07:40:00,228.5,6.4,1462,218.0,6.3,1373,25244,16106,46.9,436.0
Station_01,Inv_00,20170702,07:41:00,233.4,6.4,1494,218.0,6.4,1395,25244,16106,47.0,439.0
Station_01,Inv_00,20170702,07:42:00,230.5,6.5,1498,217.0,6.5,1411,25244,16106,47.3,444.0
Station_01,Inv_00,20170702,07:43:00,232.0,6.6,1531,217.0,6.6,1432,25244,16106,47.3,447.0
Station_01,Inv_00,20170702,07:44:00,235.0,6.5,1527,217.0,6.7,1454,25244,16106,48.2,450.0
Station_01,Inv_00,20170702,07:45:00,234.5,6.7,1571,217.0,6.7,1454,25244,16106,48.4,453.0
Station_01,Inv_00,20170702,07:46:00,234.0,6.6,1544,217.0,6.7,1454,25244,16106,49.0,456.0
Station_01,Inv_00,20170702,07:47:00,233.4,6.7,1564,217.0,6.8,1476,25244,16106,49.0,459.0
Station_01,Inv_00,20170702,07:48:00,232.4,6.8,1581,217.0,6.9,1497,25244,16106,49.2,463.0
Station_01,Inv_00,20170702,07:49:00,228.0,7.0,1596,218.0,6.9,1504,25244,16106,49.5,468.0
Station_01,Inv_00,20170702,07:50:00,230.0,7.0,1610,219.0,6.9,1511,25244,16106,49.8,470.0
Station_01,Inv_00,20170702,07:51:00,231.0,7.0,1617,219.0,7.0,1533,25244,16106,50.0,473.0
Station_01,Inv_00,20170702,07:52:00,228.5,7.1,1622,219.0,7.0,1533,25244,16106,48.8,479.0
Station_01,Inv_00,20170702,07:53:00,222.5,7.3,1624,219.0,7.0,1533,25244,16106,49.5,481.0
Station_01,Inv_00,20170702,07:54:00,226.5,7.3,1653,219.0,7.2,1577,25244,16106,49.2,485.0
Station_01,Inv_00,20170702,07:55:00,226.5,7.3,1653,219.0,7.2,1577,25244,16106,49.6,487.0
Station_01,Inv_00,20170702,07:56:00,230.0,7.3,1679,218.0,7.3,1591,25244,16106,50.4,491.0
Station_01,Inv_00,20170702,07:57:00,227.0,7.6,1725,218.0,7.3,1591,25244,16106,51.0,494.0
Station_01,Inv_00,20170702,07:58:00,231.0,7.4,1709,218.0,7.4,1613,25244,16106,51.4,498.0
Station_01,Inv_00,20170702,07:59:00,230.5,7.5,1729,218.0,7.4,1613,25244,16106,51.2,501.0
Station_01,Inv_00,20170702,08:00:00,230.0,7.5,1725,218.0,7.5,1635,25244,16106,51.3,504.0
Station_01,Inv_00,20170702,08:01:00,226.0,7.7,1740,217.0,7.6,1649,25244,16106,51.7,506.0
Station_01,Inv_00,20170702,08:02:00,222.5,7.8,1736,218.0,7.5,1635,25244,16106,52.2,508.0
Station_01,Inv_00,20170702,08:03:00,226.5,7.7,1744,218.0,7.7,1679,25244,16106,52.5,514.0
Station_01,Inv_00,20170702,08:04:00,229.0,7.7,1763,220.0,7.7,1694,25244,16106,51.4,518.0
Station_01,Inv_00,20170702,08:05:00,226.0,7.9,1785,220.0,7.7,1694,25245,16106,53.3,520.0
Station_01,Inv_00,20170702,08:06:00,227.0,7.9,1793,218.0,7.7,1679,25245,16106,53.1,524.0
Station_01,Inv_00,20170702,08:07:00,228.4,8.0,1828,219.0,7.7,1686,25245,16106,53.7,525.0
Station_01,Inv_00,20170702,08:08:00,222.0,8.1,1798,218.0,7.8,1700,25245,16106,52.7,528.0
Station_01,Inv_00,20170702,08:09:00,225.0,8.1,1822,218.0,7.9,1722,25245,16106,52.0,533.0
Station_01,Inv_00,20170702,08:10:00,226.0,8.1,1831,217.0,8.0,1736,25245,16106,52.2,534.0
Station_01,Inv_00,20170702,08:11:00,227.0,8.2,1861,217.0,8.1,1758,25245,16106,51.9,537.0
Station_01,Inv_00,20170702,08:12:00,217.5,8.5,1849,219.0,7.9,1730,25245,16106,52.4,542.0
Station_01,Inv_00,20170702,08:13:00,228.5,8.2,1873,219.0,8.1,1774,25245,16106,53.5,543.0
Station_01,Inv_00,20170702,08:14:00,223.0,8.5,1895,217.0,8.2,1779,25245,16106,52.5,546.0
Station_01,Inv_00,20170702,08:15:00,223.5,8.5,1900,217.0,8.2,1779,25245,16106,53.9,547.0
Station_01,Inv_00,20170702,08:16:00,224.5,8.5,1908,219.0,8.2,1796,25245,16106,54.3,551.0
Station_01,Inv_00,20170702,08:17:00,219.0,8.6,1883,218.0,8.2,1788,25245,16106,54.2,555.0
Station_01,Inv_00,20170702,08:18:00,225.5,8.5,1917,218.0,8.3,1809,25245,16106,54.5,561.0
Station_01,Inv_00,20170702,08:19:00,226.5,8.5,1925,218.0,8.4,1831,25245,16106,55.0,563.0
Station_01,Inv_00,20170702,08:20:00,224.5,8.7,1953,218.0,8.4,1831,25245,16106,55.1,566.0
Station_01,Inv_00,20170702,08:21:00,222.5,8.9,1980,219.0,8.4,1840,25245,16106,55.3,570.0
Station_01,Inv_00,20170702,08:22:00,220.0,8.9,1958,218.0,8.5,1853,25245,16106,55.2,573.0
Station_01,Inv_00,20170702,08:23:00,225.5,8.8,1984,218.0,8.6,1875,25245,16106,55.3,573.0
Station_01,Inv_00,20170702,08:24:00,224.0,8.8,1971,218.0,8.6,1875,25245,16106,55.9,579.0
Station_01,Inv_00,20170702,08:25:00,226.5,8.8,1993,218.0,8.7,1897,25245,16106,56.1,580.0
Station_01,Inv_00,20170702,08:26:00,220.0,9.1,2002,218.0,8.6,1875,25245,16106,57.1,576.0
Station_01,Inv_00,20170702,08:27:00,225.5,9.0,2029,218.0,8.7,1897,25245,16106,57.5,585.0
Station_01,Inv_00,20170702,08:28:00,220.0,9.2,2024,217.0,8.8,1910,25245,16106,57.4,591.0
Station_01,Inv_00,20170702,08:29:00,222.0,9.1,2020,219.0,8.7,1905,25245,16106,57.9,591.0
Station_01,Inv_00,20170702,08:30:00,225.0,9.0,2025,220.0,8.7,1914,25245,16106,57.2,594.0
Station_01,Inv_00,20170702,08:31:00,216.5,9.5,2057,218.0,8.8,1918,25245,16106,57.1,596.0
Station_01,Inv_00,20170702,08:32:00,217.0,9.5,2061,219.0,8.8,1927,25245,16106,56.6,599.0
Station_01,Inv_00,20170702,08:33:00,219.5,9.5,2085,219.0,8.9,1949,25245,16106,57.3,604.0
Station_01,Inv_00,20170702,08:34:00,224.5,9.3,2088,219.0,9.0,1971,25245,16106,56.1,602.0
Station_01,Inv_00,20170702,08:35:00,217.5,9.7,2110,220.0,9.0,1980,25245,16106,56.1,610.0
Station_01,Inv_00,20170702,08:36:00,220.5,9.7,2139,220.0,9.1,2002,25246,16107,57.3,619.0
Station_01,Inv_00,20170702,08:37:00,220.0,9.7,2134,219.0,9.2,2015,25246,16107,57.7,621.0
Station_01,Inv_00,20170702,08:38:00,219.5,9.7,2129,220.0,9.2,2024,25246,16107,58.0,623.0
Station_01,Inv_00,20170702,08:39:00,217.5,9.9,2153,220.0,9.2,2024,25246,16107,57.8,627.0
Station_01,Inv_00,20170702,08:40:00,221.9,9.8,2175,221.0,9.3,2055,25246,16107,58.4,626.0
Station_01,Inv_00,20170702,08:41:00,221.0,9.8,2166,220.0,9.3,2046,25246,16107,58.8,629.0
Station_01,Inv_00,20170702,08:42:00,218.5,9.9,2163,220.0,9.3,2046,25246,16107,59.4,630.0
Station_01,Inv_00,20170702,08:43:00,219.5,9.8,2151,219.0,9.3,2037,25246,16107,59.1,629.0
Station_01,Inv_00,20170702,08:44:00,221.0,9.9,2188,219.0,9.4,2059,25246,16107,59.4,633.0
Station_01,Inv_00,20170702,08:45:00,220.5,10.0,2205,219.0,9.4,2059,25246,16107,60.1,637.0
Station_01,Inv_00,20170702,08:46:00,217.0,10.1,2192,220.0,9.4,2068,25246,16107,60.3,639.0
Station_01,Inv_00,20170702,08:47:00,216.5,10.1,2187,219.0,9.5,2081,25246,16107,59.3,640.0
Station_01,Inv_00,20170702,08:48:00,219.0,10.3,2256,220.0,9.7,2134,25246,16107,59.1,648.0
Station_01,Inv_00,20170702,08:49:00,220.5,10.2,2249,220.0,9.7,2134,25246,16107,59.9,654.0
Station_01,Inv_00,20170702,08:50:00,217.0,10.3,2235,220.0,9.7,2134,25246,16107,60.1,653.0
Station_01,Inv_00,20170702,08:51:00,216.0,10.4,2246,219.0,9.7,2124,25246,16107,60.6,657.0
Station_01,Inv_00,20170702,08:52:00,212.0,10.6,2247,219.0,9.7,2124,25246,16107,60.5,660.0
Station_01,Inv_00,20170702,08:53:00,217.0,10.5,2278,219.0,9.8,2146,25246,16107,60.4,658.0
Station_01,Inv_00,20170702,08:54:00,218.9,10.4,2277,220.0,9.8,2156,25246,16107,61.1,660.0
Station_01,Inv_00,20170702,08:55:00,215.5,10.6,2284,219.0,9.8,2146,25246,16107,60.5,668.0
Station_01,Inv_00,20170702,08:56:00,218.0,10.5,2289,220.0,9.8,2156,25246,16107,61.2,669.0
Station_01,Inv_00,20170702,08:57:00,219.0,10.6,2321,220.0,9.9,2178,25246,16107,59.5,676.0
Station_01,Inv_00,20170702,08:58:00,220.0,10.6,2332,220.0,10.0,2200,25246,16107,60.1,678.0
Station_01,Inv_00,20170702,08:59:00,216.5,10.8,2338,219.0,10.0,2190,25246,16107,59.9,677.0
Station_01,Inv_00,20170702,09:00:00,218.9,10.7,2342,219.0,10.1,2212,25246,16107,59.1,675.0
Station_01,Inv_00,20170702,09:01:00,217.0,10.7,2322,219.0,10.0,2190,25246,16107,60.1,672.0
Station_01,Inv_00,20170702,09:02:00,219.0,10.9,2387,219.0,10.3,2256,25247,16108,60.5,692.0
Station_01,Inv_00,20170702,09:03:00,218.5,10.8,2360,219.0,10.3,2256,25247,16108,60.5,693.0
Station_01,Inv_00,20170702,09:04:00,219.0,10.8,2365,219.0,10.3,2256,25247,16108,60.0,697.0
Station_01,Inv_00,20170702,09:05:00,217.0,11.3,2452,219.0,10.6,2321,25247,16108,60.4,702.0
Station_01,Inv_00,20170702,09:06:00,0.0,0.0,0,0.0,0.0,0,25247,16108,57.2,154.0
Station_01,Inv_00,20170702,09:07:00,0.0,0.0,0,0.0,0.0,0,25247,16108,54.3,96.0
Station_01,Inv_00,20170702,09:08:00,0.0,0.0,0,0.0,0.0,0,25247,16108,54.9,588.0
Station_01,Inv_00,20170702,09:09:00,0.0,0.0,0,0.0,0.0,0,25247,16108,56.5,722.0
Station_01,Inv_00,20170702,09:10:00,0.0,0.0,0,0.0,0.0,0,25247,16108,57.1,720.0
Station_01,Inv_00,20170702,09:11:00,248.0,8.8,2182,219.0,9.5,2081,25247,16108,58.9,721.0
Station_01,Inv_00,20170702,09:12:00,218.5,11.3,2469,219.0,10.7,2343,25247,16108,58.2,716.0
Station_01,Inv_00,20170702,09:13:00,221.0,11.3,2497,219.0,10.7,2343,25247,16108,59.0,720.0
Station_01,Inv_00,20170702,09:14:00,212.0,11.8,2501,220.0,10.8,2376,25247,16108,60.0,730.0
Station_01,Inv_00,20170702,09:15:00,215.0,11.9,2558,218.0,10.9,2376,25247,16108,60.4,739.0
Station_01,Inv_00,20170702,09:16:00,213.0,3.4,724,218.0,3.0,654,25247,16108,58.6,364.0
Station_01,Inv_00,20170702,09:17:00,222.9,11.7,2608,220.0,11.2,2464,25247,16108,58.9,703.0
Station_01,Inv_00,20170702,09:18:00,218.5,11.9,2600,219.0,11.2,2453,25247,16108,58.2,747.0
Station_01,Inv_00,20170702,09:19:00,0.0,0.0,0,0.0,0.0,0,25247,16108,56.3,159.0
Station_01,Inv_00,20170702,09:20:00,0.0,0.0,0,0.0,0.0,0,25247,16108,53.1,132.0
Station_01,Inv_00,20170702,09:21:00,0.0,0.0,0,0.0,0.0,0,25247,16108,51.6,130.0
Station_01,Inv_00,20170702,09:22:00,0.0,0.0,0,0.0,0.0,0,25247,16108,51.8,571.0
Station_01,Inv_00,20170702,09:23:00,0.0,0.0,0,0.0,0.0,0,25247,16108,54.6,772.0
Station_01,Inv_00,20170702,09:24:00,283.0,3.1,877,218.0,2.8,610,25247,16108,56.3,768.0
Station_01,Inv_00,20170702,09:25:00,219.5,12.6,2766,219.0,11.8,2584,25247,16108,57.3,789.0
Station_01,Inv_00,20170702,09:26:00,218.0,9.4,2049,219.0,9.2,2015,25247,16108,57.9,748.0
Station_01,Inv_00,20170702,09:27:00,221.0,12.2,2696,219.0,11.5,2519,25247,16108,58.4,752.0
Station_01,Inv_00,20170702,09:28:00,221.4,12.5,2768,219.0,11.8,2584,25247,16108,57.1,748.0
Station_01,Inv_00,20170702,09:29:00,210.4,12.8,2694,219.0,11.6,2540,25247,16108,59.1,790.0
Station_01,Inv_00,20170702,09:30:00,210.9,3.1,654,218.0,2.9,632,25247,16108,56.4,286.0
Station_01,Inv_00,20170702,09:31:00,212.0,13.4,2840,220.0,12.1,2662,25247,16108,58.3,800.0
Station_01,Inv_00,20170702,09:32:00,221.0,12.8,2829,219.0,12.1,2650,25247,16108,58.8,796.0
Station_01,Inv_00,20170702,09:33:00,223.5,3.3,737,217.0,3.3,716,25247,16108,55.9,319.0
Station_01,Inv_00,20170702,09:34:00,167.0,4.0,668,217.0,4.7,1020,25247,16108,58.1,739.0
Station_01,Inv_00,20170702,09:35:00,216.5,3.6,779,217.0,3.5,760,25247,16108,54.2,258.0
Station_01,Inv_00,20170702,09:36:00,215.5,11.7,2521,217.0,11.2,2430,25247,16108,54.3,759.0
Station_01,Inv_00,20170702,09:37:00,215.5,14.4,3103,218.0,13.4,2921,25247,16108,56.3,888.0
Station_01,Inv_00,20170702,09:38:00,222.0,13.2,2930,218.0,12.3,2681,25247,16108,56.7,691.0
Station_01,Inv_00,20170702,09:39:00,221.0,2.4,530,216.0,2.3,497,25247,16108,53.8,196.0
Station_01,Inv_00,20170702,09:40:00,218.9,2.2,482,216.0,2.1,454,25247,16108,50.6,160.0
Station_01,Inv_00,20170702,09:41:00,222.0,14.0,3108,218.0,13.4,2921,25248,16108,52.4,749.0
Station_01,Inv_00,20170702,09:42:00,222.0,14.0,3108,217.0,13.4,2908,25248,16108,52.4,865.0
Station_01,Inv_00,20170702,09:43:00,218.5,14.1,3081,217.0,13.3,2886,25248,16108,53.5,887.0
Station_01,Inv_00,20170702,09:44:00,221.5,14.0,3101,220.0,13.3,2926,25248,16108,55.6,902.0
Station_01,Inv_00,20170702,09:45:00,219.0,14.1,3088,220.0,13.2,2904,25248,16108,57.3,894.0
Station_01,Inv_00,20170702,09:46:00,216.0,14.2,3067,220.0,13.1,2882,25248,16108,57.3,896.0
Station_01,Inv_00,20170702,09:47:00,220.0,14.2,3124,221.0,13.2,2917,25248,16108,58.3,905.0
Station_01,Inv_00,20170702,09:48:00,215.0,14.5,3118,221.0,13.3,2939,25248,16108,59.8,913.0
Station_01,Inv_00,20170702,09:49:00,217.5,14.2,3088,221.0,13.1,2895,25248,16108,61.3,914.0
Station_01,Inv_00,20170702,09:50:00,215.0,14.3,3074,220.0,13.0,2860,25248,16108,58.9,906.0
Station_01,Inv_00,20170702,09:51:00,216.0,14.0,3024,220.0,12.9,2838,25248,16108,61.7,893.0
Station_01,Inv_00,20170702,09:52:00,215.5,14.1,3038,220.0,12.9,2838,25248,16108,61.6,889.0
Station_01,Inv_00,20170702,09:53:00,213.0,14.0,2982,220.0,12.7,2794,25248,16108,62.2,881.0
Station_01,Inv_00,20170702,09:54:00,215.5,13.8,2974,219.0,12.8,2803,25248,16108,61.0,885.0
Station_01,Inv_00,20170702,09:55:00,211.9,14.1,2988,219.0,12.8,2803,25248,16108,61.3,883.0
Station_01,Inv_00,20170702,09:56:00,202.5,6.7,1357,219.0,6.5,1424,25248,16108,58.9,523.0
Station_01,Inv_00,20170702,09:57:00,213.5,14.1,3010,220.0,12.9,2838,25248,16108,60.0,895.0
Station_01,Inv_00,20170702,09:58:00,214.0,14.1,3017,220.0,12.9,2838,25248,16108,61.3,892.0
Station_01,Inv_00,20170702,09:59:00,215.0,14.5,3117,220.0,13.4,2948,25248,16108,61.5,913.0
Station_01,Inv_00,20170702,10:00:00,204.5,10.3,2106,218.0,10.2,2224,25248,16108,61.8,862.0
Station_01,Inv_00,20170702,10:01:00,214.0,14.6,3124,218.0,13.4,2921,25248,16108,62.6,915.0
Station_01,Inv_00,20170702,10:02:00,212.9,1.8,383,217.0,1.8,391,25249,16109,57.7,189.0
Station_01,Inv_00,20170702,10:03:00,205.0,1.8,369,219.0,1.7,372,25249,16109,54.8,139.0
Station_01,Inv_00,20170702,10:04:00,221.9,14.0,3107,220.0,13.2,2904,25249,16109,56.0,851.0
Station_01,Inv_00,20170702,10:05:00,219.0,14.2,3110,219.0,13.3,2913,25249,16109,58.6,900.0
Station_01,Inv_00,20170702,10:06:00,214.4,14.3,3066,219.0,13.1,2869,25249,16109,61.2,898.0
Station_01,Inv_00,20170702,10:07:00,214.5,14.1,3024,220.0,13.0,2860,25249,16109,61.7,901.0
Station_01,Inv_00,20170702,10:08:00,212.5,14.3,3039,219.0,13.0,2847,25249,16109,61.6,911.0
Station_01,Inv_00,20170702,10:09:00,213.5,14.3,3053,219.0,13.0,2847,25249,16109,63.8,913.0
Station_01,Inv_00,20170702,10:10:00,212.5,14.3,3038,219.0,13.0,2847,25249,16109,64.5,908.0
Station_01,Inv_00,20170702,10:11:00,212.0,14.4,3053,220.0,13.0,2860,25249,16109,64.0,909.0
Station_01,Inv_00,20170702,10:12:00,211.5,14.5,3067,221.0,13.1,2895,25249,16109,62.6,917.0
Station_01,Inv_00,20170702,10:13:00,203.0,15.0,3045,219.0,12.9,2825,25249,16109,62.2,917.0
Station_01,Inv_00,20170702,10:14:00,202.5,14.9,3017,219.0,12.9,2825,25249,16109,61.8,914.0
Station_01,Inv_00,20170702,10:15:00,206.0,14.7,3028,219.0,12.9,2825,25249,16109,62.7,916.0
Station_01,Inv_00,20170702,10:16:00,213.0,14.2,3024,219.0,12.9,2825,25249,16109,64.5,908.0
Station_01,Inv_00,20170702,10:17:00,209.5,14.7,3080,219.0,13.1,2869,25249,16109,63.9,904.0
Station_01,Inv_00,20170702,10:18:00,0.0,0.0,0,0.0,0.0,0,25249,16109,62.8,845.0
Station_01,Inv_00,20170702,10:19:00,0.0,0.0,0,0.0,0.0,0,25249,16109,63.4,906.0
Station_01,Inv_00,20170702,10:20:00,0.0,0.0,0,0.0,0.0,0,25249,16109,61.5,909.0
Station_01,Inv_00,20170702,10:21:00,0.0,0.0,0,0.0,0.0,0,25249,16109,62.1,920.0
Station_01,Inv_00,20170702,10:22:00,0.0,0.0,0,0.0,0.0,0,25249,16109,63.7,902.0
Station_01,Inv_00,20170702,10:23:00,234.0,12.0,2808,219.0,11.9,2606,25249,16109,63.7,915.0
Station_01,Inv_00,20170702,10:24:00,213.0,14.3,3046,220.0,13.0,2860,25249,16109,64.1,924.0
Station_01,Inv_00,20170702,10:25:00,203.5,15.0,3052,220.0,13.0,2860,25249,16109,65.1,934.0
Station_01,Inv_00,20170702,10:26:00,207.4,14.9,3091,220.0,13.1,2882,25249,16109,65.8,940.0
Station_01,Inv_00,20170702,10:27:00,210.5,14.5,3052,219.0,13.0,2847,25249,16109,66.7,938.0
Station_01,Inv_00,20170702,10:28:00,206.5,14.3,2953,219.0,12.7,2781,25249,16109,67.8,908.0
Station_01,Inv_00,20170702,10:29:00,209.0,14.9,3114,220.0,13.3,2926,25250,16110,65.4,943.0
Station_01,Inv_00,20170702,10:30:00,210.0,14.9,3128,219.0,13.4,2935,25250,16110,66.8,952.0
Station_01,Inv_00,20170702,10:31:00,189.6,5.9,1119,219.0,4.5,986,25250,16110,67.8,774.0
Station_01,Inv_00,20170702,10:32:00,218.0,2.6,567,217.0,2.5,543,25250,16110,65.5,355.0
Station_01,Inv_00,20170702,10:33:00,216.0,14.1,3045,220.0,12.9,2838,25250,16110,67.2,894.0
Station_01,Inv_00,20170702,10:34:00,209.0,14.9,3114,220.0,13.3,2926,25250,16110,68.1,954.0
Station_01,Inv_00,20170702,10:35:00,208.5,13.9,2898,220.0,12.3,2706,25250,16110,67.4,840.0
Station_01,Inv_00,20170702,10:36:00,202.5,15.6,3159,220.0,13.4,2948,25250,16110,68.4,945.0
Station_01,Inv_00,20170702,10:37:00,199.5,15.6,3112,221.0,13.2,2917,25250,16110,68.0,970.0
Station_01,Inv_00,20170702,10:38:00,204.0,15.4,3141,220.0,13.4,2948,25250,16110,68.7,963.0
Station_01,Inv_00,20170702,10:39:00,205.9,15.4,3171,218.0,13.6,2965,25250,16110,69.1,967.0
Station_01,Inv_00,20170702,10:40:00,202.9,16.3,3308,218.0,14.1,3074,25250,16110,69.2,1005.0
Station_01,Inv_00,20170702,10:41:00,199.0,17.0,3383,218.0,14.4,3139,25250,16110,70.5,1023.0
Station_01,Inv_00,20170702,10:42:00,206.5,3.8,785,216.0,3.5,756,25250,16110,66.1,345.0
Station_01,Inv_00,20170702,10:43:00,213.5,3.8,811,217.0,3.5,760,25250,16110,62.5,253.0
Station_01,Inv_00,20170702,10:44:00,216.0,3.6,778,217.0,3.6,781,25250,16110,60.4,247.0
Station_01,Inv_00,20170702,10:45:00,215.9,16.4,3541,218.0,15.1,3292,25250,16110,60.1,893.0
Station_01,Inv_00,20170702,10:46:00,213.5,16.5,3523,218.0,15.0,3270,25250,16110,60.1,1004.0
Station_01,Inv_00,20170702,10:47:00,211.5,16.4,3468,218.0,14.9,3248,25250,16110,62.7,1014.0
Station_01,Inv_00,20170702,10:48:00,202.0,15.8,3192,218.0,13.7,2987,25250,16110,64.5,990.0
Station_01,Inv_00,20170702,10:49:00,206.5,15.1,3118,220.0,13.4,2948,25250,16110,63.4,873.0
Station_01,Inv_00,20170702,10:50:00,212.5,15.3,3251,219.0,13.9,3044,25250,16110,63.0,971.0
Station_01,Inv_00,20170702,10:51:00,211.0,15.5,3270,219.0,13.9,3044,25251,16110,65.3,976.0
Station_01,Inv_00,20170702,10:52:00,212.0,15.2,3222,219.0,13.8,3022,25251,16110,63.0,970.0
Station_01,Inv_00,20170702,10:53:00,195.5,16.1,3147,219.0,13.4,2935,25251,16110,62.8,964.0
Station_01,Inv_00,20170702,10:54:00,193.5,16.2,3135,219.0,13.3,2913,25251,16110,63.0,969.0
Station_01,Inv_00,20170702,10:55:00,205.5,16.0,3288,219.0,14.0,3066,25251,16110,61.9,988.0
Station_01,Inv_00,20170702,10:56:00,208.5,16.4,3419,219.0,14.9,3263,25251,16110,63.0,1041.0
Station_01,Inv_00,20170702,10:57:00,201.5,10.6,2136,218.0,10.9,2376,25251,16110,62.3,785.0
Station_01,Inv_00,20170702,10:58:00,201.0,8.3,1669,218.0,7.2,1570,25251,16110,61.8,667.0
Station_01,Inv_00,20170702,10:59:00,205.0,14.5,2972,219.0,12.6,2759,25251,16110,62.7,970.0
Station_01,Inv_00,20170702,11:00:00,200.9,6.6,1326,220.0,5.7,1254,25251,16110,61.2,587.0
Station_01,Inv_00,20170702,11:01:00,209.0,10.8,2257,220.0,9.3,2046,25251,16110,59.4,567.0
Station_01,Inv_00,20170702,11:02:00,214.5,16.6,3561,219.0,15.2,3329,25251,16110,61.9,1033.0
Station_01,Inv_00,20170702,11:03:00,211.5,16.1,3405,219.0,14.6,3197,25251,16110,61.9,1040.0
Station_01,Inv_00,20170702,11:04:00,218.5,15.2,3321,219.0,14.2,3110,25251,16110,64.7,993.0
Station_01,Inv_00,20170702,11:05:00,213.0,15.4,3280,219.0,14.1,3088,25251,16110,63.3,972.0
Station_01,Inv_00,20170702,11:06:00,211.0,15.6,3292,219.0,14.1,3088,25251,16110,62.3,984.0
Station_01,Inv_00,20170702,11:07:00,210.5,15.8,3326,219.0,14.1,3088,25251,16110,62.3,985.0
Station_01,Inv_00,20170702,11:08:00,199.0,10.6,2109,219.0,9.3,2037,25251,16110,61.4,974.0
Station_01,Inv_00,20170702,11:09:00,209.0,15.8,3302,220.0,14.1,3102,25251,16110,62.9,992.0
Station_01,Inv_00,20170702,11:10:00,197.9,9.9,1959,219.0,9.2,2015,25251,16110,61.0,613.0
Station_01,Inv_00,20170702,11:11:00,215.0,15.1,3246,220.0,13.9,3058,25252,16111,61.2,962.0
Station_01,Inv_00,20170702,11:12:00,204.5,15.9,3252,220.0,13.8,3036,25252,16111,62.4,986.0
Station_01,Inv_00,20170702,11:13:00,211.4,15.4,3256,220.0,13.9,3058,25252,16111,63.7,987.0
Station_01,Inv_00,20170702,11:14:00,204.0,15.7,3203,220.0,13.7,3014,25252,16111,63.6,985.0
Station_01,Inv_00,20170702,11:15:00,209.5,15.3,3205,219.0,13.7,3000,25252,16111,64.3,972.0
Station_01,Inv_00,20170702,11:16:00,208.5,15.3,3190,218.0,13.7,2987,25252,16111,63.9,971.0
Station_01,Inv_00,20170702,11:17:00,213.0,14.6,3110,218.0,13.4,2921,25252,16111,65.3,940.0
Station_01,Inv_00,20170702,11:18:00,204.0,15.7,3203,218.0,13.8,3008,25252,16111,66.4,976.0
Station_01,Inv_00,20170702,11:19:00,192.0,16.8,3226,218.0,13.8,3008,25252,16111,65.1,1015.0
Station_01,Inv_00,20170702,11:20:00,203.5,16.1,3276,218.0,13.9,3030,25252,16111,64.5,958.0
Station_01,Inv_00,20170702,11:21:00,205.9,4.1,844,218.0,3.7,807,25252,16111,61.3,344.0
Station_01,Inv_00,20170702,11:22:00,209.0,17.0,3553,220.0,15.0,3300,25252,16111,61.5,802.0
Station_01,Inv_00,20170702,11:23:00,209.0,17.1,3574,220.0,15.2,3344,25252,16111,63.7,1033.0
Station_01,Inv_00,20170702,11:24:00,212.0,16.5,3498,220.0,14.9,3278,25252,16111,66.7,1051.0
Station_01,Inv_00,20170702,11:25:00,205.0,17.2,3526,220.0,15.0,3300,25252,16111,67.8,1077.0
Station_01,Inv_00,20170702,11:26:00,202.5,17.8,3604,220.0,15.4,3388,25252,16111,69.4,1106.0
Station_01,Inv_00,20170702,11:27:00,200.5,17.9,3588,220.0,15.2,3344,25252,16111,69.1,1106.0
Station_01,Inv_00,20170702,11:28:00,195.0,17.4,3393,220.0,14.6,3212,25252,16111,70.5,1063.0
Station_01,Inv_00,20170702,11:29:00,200.5,6.3,1263,219.0,5.5,1205,25252,16111,66.3,403.0
Station_01,Inv_00,20170702,11:30:00,207.0,18.0,3726,220.0,15.8,3476,25252,16111,68.3,1088.0
Station_01,Inv_00,20170702,11:31:00,203.5,18.3,3724,221.0,15.9,3514,25253,16111,66.8,898.0
Station_01,Inv_00,20170702,11:32:00,215.4,4.5,969,219.0,4.1,898,25253,16111,64.0,322.0
Station_01,Inv_00,20170702,11:33:00,214.0,4.6,984,220.0,4.1,902,25253,16111,57.8,302.0
Station_01,Inv_00,20170702,11:34:00,211.5,17.5,3701,220.0,15.8,3476,25253,16111,60.3,1017.0
Station_01,Inv_00,20170702,11:35:00,212.5,17.1,3633,221.0,15.3,3381,25253,16111,60.7,1077.0
Station_01,Inv_00,20170702,11:36:00,197.5,17.5,3456,222.0,14.6,3241,25253,16111,61.7,1061.0
Station_01,Inv_00,20170702,11:37:00,205.5,17.3,3555,222.0,14.9,3308,25253,16111,61.3,1062.0
Station_01,Inv_00,20170702,11:38:00,210.0,16.6,3486,219.0,14.8,3241,25253,16111,61.5,1020.0
Station_01,Inv_00,20170702,11:39:00,212.4,13.5,2868,218.0,10.2,2224,25253,16111,59.8,796.0
Station_01,Inv_00,20170702,11:40:00,208.5,16.3,3399,219.0,14.5,3176,25253,16111,61.1,1024.0
Station_01,Inv_00,20170702,11:41:00,210.5,16.0,3368,218.0,14.4,3139,25253,16111,63.1,1007.0
Station_01,Inv_00,20170702,11:42:00,211.0,15.8,3334,217.0,14.4,3125,25253,16111,62.6,1007.0
Station_01,Inv_00,20170702,11:43:00,207.0,15.9,3291,217.0,14.2,3081,25253,16111,63.4,995.0
Station_01,Inv_00,20170702,11:44:00,210.0,15.7,3296,217.0,14.2,3081,25253,16111,62.4,997.0
Station_01,Inv_00,20170702,11:45:00,213.5,15.5,3309,216.0,14.2,3067,25253,16111,64.4,993.0
Station_01,Inv_00,20170702,11:46:00,205.5,15.9,3267,216.0,14.1,3046,25253,16111,63.7,999.0
Station_01,Inv_00,20170702,11:47:00,211.0,15.5,3271,217.0,14.2,3081,25253,16111,64.8,993.0
Station_01,Inv_00,20170702,11:48:00,207.5,15.9,3299,219.0,14.1,3088,25253,16111,65.3,1003.0
Station_01,Inv_00,20170702,11:49:00,206.5,15.9,3283,219.0,14.1,3088,25253,16111,67.3,1001.0
Station_01,Inv_00,20170702,11:50:00,209.5,15.7,3289,219.0,14.0,3066,25254,16112,65.9,1003.0
Station_01,Inv_00,20170702,11:51:00,203.5,15.5,3154,220.0,13.4,2948,25254,16112,64.3,968.0
Station_01,Inv_00,20170702,11:52:00,207.5,15.8,3278,220.0,13.9,3058,25254,16112,66.1,992.0
Station_01,Inv_00,20170702,11:53:00,206.5,15.9,3283,219.0,14.0,3066,25254,16112,65.4,999.0
Station_01,Inv_00,20170702,11:54:00,206.5,15.9,3283,219.0,14.0,3066,25254,16112,65.2,1004.0
Station_01,Inv_00,20170702,11:55:00,209.0,15.7,3281,219.0,14.0,3066,25254,16112,67.3,1005.0
Station_01,Inv_00,20170702,11:56:00,204.5,16.2,3313,219.0,14.1,3088,25254,16112,67.8,1004.0
Station_01,Inv_00,20170702,11:57:00,206.5,16.3,3366,218.0,14.3,3117,25254,16112,66.4,1021.0
Station_01,Inv_00,20170702,11:58:00,207.0,15.9,3291,219.0,14.1,3088,25254,16112,67.0,1017.0
Station_01,Inv_00,20170702,11:59:00,207.0,15.6,3229,219.0,13.8,3022,25254,16112,66.4,990.0
Station_01,Inv_00,20170702,12:00:00,208.0,15.8,3286,219.0,14.0,3066,25254,16112,68.7,1003.0
Station_01,Inv_00,20170702,12:01:00,198.5,16.5,3275,221.0,13.9,3072,25254,16112,71.3,1014.0
Station_01,Inv_00,20170702,12:02:00,192.5,17.0,3273,221.0,13.9,3072,25254,16112,70.6,1028.0
Station_01,Inv_00,20170702,12:03:00,205.0,16.5,3382,220.0,14.4,3168,25254,16112,70.4,1039.0
Station_01,Inv_00,20170702,12:04:00,201.5,16.9,3405,220.0,14.4,3168,25254,16112,70.4,1049.0
Station_01,Inv_00,20170702,12:05:00,206.5,5.0,1033,219.0,4.3,942,25254,16112,66.1,360.0
Station_01,Inv_00,20170702,12:06:00,215.0,4.7,1010,219.0,4.2,920,25254,16112,60.5,305.0
Station_01,Inv_00,20170702,12:07:00,207.4,4.8,996,218.0,4.2,916,25254,16112,58.5,298.0
Station_01,Inv_00,20170702,12:08:00,215.5,5.2,1121,218.0,4.7,1025,25254,16112,55.3,317.0
Station_01,Inv_00,20170702,12:09:00,223.0,6.2,1383,219.0,5.8,1270,25254,16112,53.8,378.0
Station_01,Inv_00,20170702,12:10:00,221.0,17.7,3912,220.0,16.5,3630,25254,16112,56.9,1035.0
Station_01,Inv_00,20170702,12:11:00,215.0,18.6,3999,219.0,17.0,3723,25254,16112,57.8,950.0
Station_01,Inv_00,20170702,12:12:00,210.0,18.6,3906,219.0,16.5,3614,25255,16113,58.8,1096.0
Station_01,Inv_00,20170702,12:13:00,208.9,18.3,3824,219.0,15.9,3482,25255,16113,58.0,905.0
Station_01,Inv_00,20170702,12:14:00,210.9,14.4,3038,219.0,11.7,2562,25255,16113,56.2,774.0
Station_01,Inv_00,20170702,12:15:00,212.5,11.4,2423,219.0,8.5,1862,25255,16113,56.6,701.0
Station_01,Inv_00,20170702,12:16:00,210.5,17.8,3747,220.0,15.9,3498,25255,16113,57.3,1050.0
Station_01,Inv_00,20170702,12:17:00,216.5,17.1,3702,220.0,15.8,3476,25255,16113,59.9,1083.0
Station_01,Inv_00,20170702,12:18:00,214.5,15.9,3411,219.0,14.7,3219,25255,16113,58.8,1001.0
Station_01,Inv_00,20170702,12:19:00,214.0,15.6,3338,220.0,14.3,3146,25255,16113,59.0,978.0
Station_01,Inv_00,20170702,12:20:00,216.0,13.6,2937,220.0,12.8,2816,25255,16113,58.6,944.0
Station_01,Inv_00,20170702,12:21:00,219.0,14.9,3263,219.0,13.9,3044,25255,16113,59.9,962.0
Station_01,Inv_00,20170702,12:22:00,212.9,15.4,3279,219.0,13.9,3044,25255,16113,61.4,973.0
Station_01,Inv_00,20170702,12:23:00,212.0,15.3,3244,219.0,13.9,3044,25255,16113,62.9,969.0
Station_01,Inv_00,20170702,12:24:00,212.0,15.4,3265,219.0,14.0,3066,25255,16113,62.7,968.0
Station_01,Inv_00,20170702,12:25:00,213.5,15.5,3309,219.0,14.1,3088,25255,16113,63.2,981.0
Station_01,Inv_00,20170702,12:26:00,204.0,16.3,3325,219.0,14.2,3110,25255,16113,63.9,998.0
Station_01,Inv_00,20170702,12:27:00,203.5,16.8,3419,220.0,14.5,3190,25255,16113,63.9,1015.0
Station_01,Inv_00,20170702,12:28:00,202.5,16.9,3422,219.0,14.6,3197,25255,16113,64.0,1029.0
Station_01,Inv_00,20170702,12:29:00,198.5,5.4,1072,218.0,4.9,1068,25255,16113,63.0,608.0
Station_01,Inv_00,20170702,12:30:00,210.5,6.6,1389,219.0,5.8,1270,25255,16113,61.5,364.0
Station_01,Inv_00,20170702,12:31:00,208.5,17.3,3607,220.0,15.3,3366,25256,16113,61.7,1050.0
Station_01,Inv_00,20170702,12:32:00,208.0,17.3,3598,219.0,15.4,3373,25256,16113,63.4,1059.0
Station_01,Inv_00,20170702,12:33:00,203.0,18.1,3674,221.0,15.6,3448,25256,16113,64.2,1108.0
Station_01,Inv_00,20170702,12:34:00,212.0,8.9,1887,220.0,7.0,1540,25256,16113,61.9,451.0
Station_01,Inv_00,20170702,12:35:00,193.2,5.6,1082,220.0,5.3,1166,25256,16113,61.9,541.0
Station_01,Inv_00,20170702,12:36:00,218.6,3.1,678,219.0,3.0,657,25256,16113,57.9,222.0
Station_01,Inv_00,20170702,12:37:00,220.8,2.7,596,219.0,2.6,569,25256,16113,54.8,187.0
Station_01,Inv_00,20170702,12:38:00,214.5,2.4,515,218.0,2.3,501,25256,16113,50.7,168.0
Station_01,Inv_00,20170702,12:39:00,226.5,2.2,498,219.0,2.3,504,25256,16113,48.9,158.0
Station_01,Inv_00,20170702,12:40:00,227.6,2.5,569,219.0,2.5,548,25256,16113,46.6,168.0
Station_01,Inv_00,20170702,12:41:00,232.5,3.2,744,218.0,3.1,676,25256,16113,44.5,203.0
Station_01,Inv_00,20170702,12:42:00,233.0,3.8,885,218.0,3.8,828,25256,16113,43.6,241.0
Station_01,Inv_00,20170702,12:43:00,232.5,4.1,953,218.0,4.1,894,25256,16113,42.3,271.0
Station_01,Inv_00,20170702,12:44:00,235.0,4.4,1034,217.0,4.4,955,25256,16113,41.6,286.0
Station_01,Inv_00,20170702,12:45:00,233.0,5.0,1165,217.0,5.0,1085,25256,16113,42.2,318.0
Station_01,Inv_00,20170702,12:46:00,221.5,9.7,2149,218.0,9.5,2071,25256,16113,42.1,463.0
Station_01,Inv_00,20170702,12:47:00,227.0,6.0,1362,218.0,5.7,1243,25256,16113,45.0,577.0
Station_01,Inv_00,20170702,12:48:00,234.0,6.7,1568,218.0,6.8,1482,25256,16113,43.9,426.0
Station_01,Inv_00,20170702,12:49:00,225.0,17.4,3915,220.0,16.6,3652,25256,16113,48.2,1064.0
Station_01,Inv_00,20170702,12:50:00,224.5,16.5,3704,219.0,15.8,3460,25256,16113,50.9,1047.0
Station_01,Inv_00,20170702,12:51:00,226.0,15.8,3570,218.0,15.3,3335,25256,16113,53.8,1007.0
Station_01,Inv_00,20170702,12:52:00,220.0,16.3,3586,220.0,15.3,3366,25256,16113,56.5,1027.0
Station_01,Inv_00,20170702,12:53:00,215.0,15.8,3397,220.0,14.6,3212,25256,16113,58.5,1006.0
Station_01,Inv_00,20170702,12:54:00,209.5,16.2,3393,218.0,14.6,3183,25256,16113,59.8,997.0
Station_01,Inv_00,20170702,12:55:00,211.5,15.6,3299,218.0,14.2,3096,25256,16113,60.9,970.0
Station_01,Inv_00,20170702,12:56:00,213.5,15.5,3309,218.0,14.3,3117,25256,16113,61.5,974.0
Station_01,Inv_00,20170702,12:57:00,212.0,15.7,3328,218.0,14.3,3117,25256,16113,62.5,976.0
Station_01,Inv_00,20170702,12:58:00,210.5,15.4,3241,218.0,13.9,3030,25256,16113,62.2,964.0
Station_01,Inv_00,20170702,12:59:00,211.5,15.5,3278,219.0,13.9,3044,25257,16114,62.4,968.0
Station_01,Inv_00,20170702,13:00:00,213.0,15.5,3302,218.0,14.2,3096,25257,16114,62.0,973.0
Station_01,Inv_00,20170702,13:01:00,212.0,15.6,3307,218.0,14.2,3096,25257,16114,61.7,967.0
Station_01,Inv_00,20170702,13:02:00,215.5,15.2,3276,219.0,14.0,3066,25257,16114,61.6,962.0
Station_01,Inv_00,20170702,13:03:00,215.0,15.1,3247,220.0,13.9,3058,25257,16114,62.5,945.0
Station_01,Inv_00,20170702,13:04:00,216.0,14.2,3067,219.0,13.4,2935,25257,16114,62.8,940.0
Station_01,Inv_00,20170702,13:05:00,216.0,15.2,3283,219.0,14.0,3066,25257,16114,62.1,960.0
Station_01,Inv_00,20170702,13:06:00,214.0,15.2,3252,218.0,13.9,3030,25257,16114,59.7,957.0
Station_01,Inv_00,20170702,13:07:00,207.0,11.6,2401,219.0,10.2,2234,25257,16114,62.5,876.0
Station_01,Inv_00,20170702,13:08:00,218.5,14.9,3256,219.0,13.9,3044,25257,16114,62.2,953.0
Station_01,Inv_00,20170702,13:09:00,214.0,15.3,3274,220.0,13.9,3058,25257,16114,62.8,957.0
Station_01,Inv_00,20170702,13:10:00,214.0,15.3,3274,220.0,14.0,3080,25257,16114,62.9,957.0
Station_01,Inv_00,20170702,13:11:00,212.5,15.8,3357,217.0,14.4,3125,25257,16114,62.1,984.0
Station_01,Inv_00,20170702,13:12:00,210.5,16.7,3515,218.0,15.0,3270,25257,16114,62.6,1004.0
Station_01,Inv_00,20170702,13:13:00,205.1,11.1,2276,218.0,12.6,2747,25257,16114,63.3,967.0
Station_01,Inv_00,20170702,13:14:00,223.4,14.4,3217,218.0,13.9,3030,25257,16114,63.3,944.0
Station_01,Inv_00,20170702,13:15:00,211.0,15.1,3186,217.0,13.7,2973,25257,16114,63.4,936.0
Station_01,Inv_00,20170702,13:16:00,214.0,14.6,3124,217.0,13.6,2951,25257,16114,62.5,920.0
Station_01,Inv_00,20170702,13:17:00,212.5,14.9,3166,217.0,13.7,2973,25257,16114,61.6,925.0
Station_01,Inv_00,20170702,13:18:00,207.0,15.4,3188,220.0,13.5,2970,25258,16115,63.2,934.0
Station_01,Inv_00,20170702,13:19:00,213.5,14.9,3181,220.0,13.6,2992,25258,16115,62.0,933.0
Station_01,Inv_00,20170702,13:20:00,207.5,15.2,3154,220.0,13.4,2948,25258,16115,61.8,924.0
Station_01,Inv_00,20170702,13:21:00,212.5,15.0,3187,220.0,13.5,2970,25258,16115,62.4,926.0
Station_01,Inv_00,20170702,13:22:00,215.4,14.9,3210,221.0,13.7,3028,25258,16115,62.4,935.0
Station_01,Inv_00,20170702,13:23:00,212.5,15.3,3251,220.0,13.8,3036,25258,16115,62.1,945.0
Station_01,Inv_00,20170702,13:24:00,210.5,15.3,3221,220.0,13.8,3036,25258,16115,62.2,948.0
Station_01,Inv_00,20170702,13:25:00,211.0,15.3,3228,220.0,13.8,3036,25258,16115,61.9,954.0
Station_01,Inv_00,20170702,13:26:00,210.0,15.3,3213,220.0,13.8,3036,25258,16115,63.3,946.0
Station_01,Inv_00,20170702,13:27:00,210.0,15.3,3212,223.0,13.5,3011,25258,16115,64.4,944.0
Station_01,Inv_00,20170702,13:28:00,207.0,15.5,3209,220.0,13.7,3014,25258,16115,63.4,948.0
Station_01,Inv_00,20170702,13:29:00,216.5,14.4,3117,219.0,13.4,2935,25258,16115,61.1,942.0
Station_01,Inv_00,20170702,13:30:00,214.5,16.0,3432,219.0,14.7,3219,25258,16115,59.6,677.0
Station_01,Inv_00,20170702,13:31:00,208.4,7.6,1584,218.0,6.7,1461,25258,16115,59.8,652.0
Station_01,Inv_00,20170702,13:32:00,224.8,7.9,1776,218.0,7.6,1657,25258,16115,56.8,512.0
Station_01,Inv_00,20170702,13:33:00,213.0,17.4,3706,221.0,15.7,3470,25258,16115,60.5,1046.0
Station_01,Inv_00,20170702,13:34:00,209.5,16.6,3478,220.0,14.8,3256,25258,16115,58.9,1007.0
Station_01,Inv_00,20170702,13:35:00,210.0,17.4,3654,220.0,15.6,3432,25258,16115,61.8,1050.0
Station_01,Inv_00,20170702,13:36:00,214.0,16.6,3552,220.0,15.1,3322,25258,16115,61.2,1036.0
Station_01,Inv_00,20170702,13:37:00,211.0,16.6,3502,220.0,15.0,3300,25259,16115,60.9,1036.0
Station_01,Inv_00,20170702,13:38:00,211.4,17.1,3616,221.0,15.4,3403,25259,16115,62.0,920.0
Station_01,Inv_00,20170702,13:39:00,213.0,15.4,3280,221.0,13.9,3072,25259,16115,60.9,958.0
Station_01,Inv_00,20170702,13:40:00,211.5,16.9,3574,221.0,15.1,3337,25259,16115,61.5,1026.0
Station_01,Inv_00,20170702,13:41:00,202.0,16.3,3292,220.0,14.8,3256,25259,16115,63.5,974.0
Station_01,Inv_00,20170702,13:42:00,210.0,17.2,3611,221.0,15.3,3381,25259,16115,63.3,1031.0
Station_01,Inv_00,20170702,13:43:00,205.4,16.9,3472,219.0,14.8,3241,25259,16115,64.6,1016.0
Station_01,Inv_00,20170702,13:44:00,213.9,8.9,1903,218.0,8.0,1744,25259,16115,62.5,636.0
Station_01,Inv_00,20170702,13:45:00,205.0,13.3,2726,219.0,14.2,3110,25259,16115,62.0,927.0
Station_01,Inv_00,20170702,13:46:00,205.0,8.3,1701,217.0,7.9,1714,25259,16115,59.6,658.0
Station_01,Inv_00,20170702,13:47:00,213.4,8.5,1814,217.0,7.3,1584,25259,16115,58.0,459.0
Station_01,Inv_00,20170702,13:48:00,209.9,7.8,1637,217.0,6.6,1432,25259,16115,55.6,414.0
Station_01,Inv_00,20170702,13:49:00,214.5,8.5,1823,217.0,7.8,1693,25259,16115,54.8,585.0
Station_01,Inv_00,20170702,13:50:00,220.0,4.8,1056,217.0,4.5,977,25259,16115,53.7,321.0
Station_01,Inv_00,20170702,13:51:00,222.0,3.4,755,217.0,3.4,738,25259,16115,51.3,233.0
Station_01,Inv_00,20170702,13:52:00,223.0,2.4,535,219.0,2.5,548,25259,16115,48.6,168.0
Station_01,Inv_00,20170702,13:53:00,219.5,1.7,373,219.0,1.7,372,25259,16115,47.6,122.0
Station_01,Inv_00,20170702,13:54:00,228.0,1.2,274,218.0,1.4,305,25259,16115,45.7,99.0
Station_01,Inv_00,20170702,13:55:00,219.0,1.1,241,217.0,1.2,260,25259,16115,43.4,82.0
Station_01,Inv_00,20170702,13:56:00,230.5,1.0,231,217.0,1.2,260,25259,16115,39.8,76.0
Station_01,Inv_00,20170702,13:57:00,223.5,1.1,246,217.0,1.3,282,25259,16115,36.5,77.0
Station_01,Inv_00,20170702,13:58:00,223.0,1.4,312,217.0,1.5,326,25259,16115,34.0,95.0
Station_01,Inv_00,20170702,13:59:00,237.7,1.8,428,217.0,1.9,412,25259,16115,33.0,110.0
Station_01,Inv_00,20170702,14:00:00,239.5,2.0,479,217.0,2.1,456,25259,16115,32.4,127.0
Station_01,Inv_00,20170702,14:01:00,250.0,2.2,550,217.0,2.5,543,25259,16115,32.0,144.0
Station_01,Inv_00,20170702,14:02:00,245.9,2.2,541,217.0,2.4,521,25259,16115,31.6,149.0
Station_01,Inv_00,20170702,14:03:00,237.3,1.6,380,217.0,1.7,369,25259,16115,31.1,114.0
Station_01,Inv_00,20170702,14:04:00,237.7,1.1,262,219.0,1.4,307,25259,16115,30.4,92.0
Station_01,Inv_00,20170702,14:05:00,232.0,1.0,232,219.0,1.2,263,25259,16115,30.2,78.0
Station_01,Inv_00,20170702,14:06:00,195.4,0.8,156,218.0,0.9,196,25259,16115,29.8,70.0
Station_01,Inv_00,20170702,14:07:00,203.5,0.8,163,218.0,0.8,174,25259,16115,29.7,60.0
Station_01,Inv_00,20170702,14:08:00,218.5,0.6,131,217.0,0.8,174,25259,16115,29.5,55.0
Station_01,Inv_00,20170702,14:09:00,220.2,0.5,110,217.0,0.7,152,25259,16115,29.3,51.0
Station_01,Inv_00,20170702,14:10:00,223.5,0.4,89,217.0,0.6,130,25259,16115,28.9,47.0
Station_01,Inv_00,20170702,14:11:00,218.5,0.4,87,220.0,0.6,132,25259,16115,28.8,45.0
Station_01,Inv_00,20170702,14:12:00,221.0,0.4,88,218.0,0.6,131,25259,16115,28.7,44.0
Station_01,Inv_00,20170702,14:13:00,210.5,0.4,84,219.0,0.5,110,25259,16115,28.7,43.0
Station_01,Inv_00,20170702,14:14:00,147.0,0.3,44,218.0,0.5,109,25259,16115,28.7,45.0
Station_01,Inv_00,20170702,14:15:00,190.5,0.4,76,218.0,0.5,109,25259,16115,28.3,44.0
Station_01,Inv_00,20170702,14:16:00,228.0,0.4,91,218.0,0.6,131,25259,16115,28.0,45.0
Station_01,Inv_00,20170702,14:17:00,225.0,0.5,113,217.0,0.6,130,25259,16115,28.1,49.0
Station_01,Inv_00,20170702,14:18:00,224.5,0.6,135,218.0,0.7,153,25259,16115,28.1,52.0
Station_01,Inv_00,20170702,14:19:00,217.0,0.5,109,218.0,0.7,153,25259,16115,28.1,52.0
Station_01,Inv_00,20170702,14:20:00,215.0,0.6,129,218.0,0.7,153,25259,16115,28.1,53.0
Station_01,Inv_00,20170702,14:21:00,220.0,0.6,132,218.0,0.8,174,25259,16115,28.1,71.0
Station_01,Inv_00,20170702,14:22:00,231.5,0.6,139,218.0,0.9,196,25259,16115,28.2,60.0
Station_01,Inv_00,20170702,14:23:00,227.5,0.8,182,218.0,0.9,196,25259,16115,28.3,64.0
Station_01,Inv_00,20170702,14:24:00,226.8,0.8,181,219.0,1.0,219,25259,16115,28.5,70.0
Station_01,Inv_00,20170702,14:25:00,238.5,1.0,239,218.0,1.0,218,25259,16115,28.6,74.0
Station_01,Inv_00,20170702,14:26:00,238.4,1.0,238,218.0,1.1,240,25259,16115,28.8,78.0
Station_01,Inv_00,20170702,14:27:00,226.0,1.1,249,218.0,1.2,262,25259,16115,28.9,87.0
Station_01,Inv_00,20170702,14:28:00,234.0,1.3,304,218.0,1.5,327,25259,16115,29.0,97.0
Station_01,Inv_00,20170702,14:29:00,240.0,1.6,384,219.0,1.6,350,25259,16115,29.1,123.0
Station_01,Inv_00,20170702,14:30:00,242.0,1.6,387,219.0,1.7,372,25259,16115,29.3,114.0
Station_01,Inv_00,20170702,14:31:00,241.0,1.6,386,217.0,1.8,391,25259,16115,29.4,118.0
Station_01,Inv_00,20170702,14:32:00,241.5,1.8,435,219.0,1.9,416,25259,16115,29.5,125.0
Station_01,Inv_00,20170702,14:33:00,246.5,1.8,444,219.0,2.0,438,25259,16115,29.6,129.0
Station_01,Inv_00,20170702,14:34:00,242.1,1.9,460,219.0,2.0,438,25259,16115,29.7,133.0
Station_01,Inv_00,20170702,14:35:00,217.6,1.9,414,219.0,1.9,416,25259,16115,29.6,135.0
Station_01,Inv_00,20170702,14:36:00,241.5,1.8,435,219.0,2.0,438,25259,16115,29.5,133.0
Station_01,Inv_00,20170702,14:37:00,243.5,1.9,463,220.0,2.1,462,25259,16115,29.7,135.0
Station_01,Inv_00,20170702,14:38:00,214.5,2.2,472,220.0,2.0,440,25259,16115,29.9,144.0
Station_01,Inv_00,20170702,14:39:00,245.1,2.0,490,220.0,2.2,484,25259,16115,30.1,144.0
Station_01,Inv_00,20170702,14:40:00,241.0,1.8,434,219.0,2.0,438,25259,16115,30.2,133.0
Station_01,Inv_00,20170702,14:41:00,247.8,1.6,396,219.0,1.9,416,25259,16115,30.2,122.0
Station_01,Inv_00,20170702,14:42:00,244.4,1.8,440,218.0,1.9,414,25259,16115,30.3,125.0
Station_01,Inv_00,20170702,14:43:00,236.5,2.0,473,218.0,2.0,436,25259,16115,30.4,133.0
Station_01,Inv_00,20170702,14:44:00,234.6,2.1,493,219.0,2.1,460,25259,16115,30.6,140.0
Station_01,Inv_00,20170702,14:45:00,225.0,2.1,473,218.0,2.2,480,25259,16115,30.5,148.0
Station_01,Inv_00,20170702,14:46:00,211.9,2.2,466,218.0,2.0,436,25259,16115,30.6,148.0
Station_01,Inv_00,20170702,14:47:00,165.0,2.1,347,218.0,1.5,327,25259,16115,30.7,144.0
Station_01,Inv_00,20170702,14:48:00,170.0,2.0,340,218.0,1.5,327,25259,16115,30.8,140.0
Station_01,Inv_00,20170702,14:49:00,220.8,1.8,397,218.0,1.8,392,25259,16115,30.8,134.0
Station_01,Inv_00,20170702,14:50:00,243.0,1.4,340,218.0,1.5,327,25259,16115,30.6,113.0
Station_01,Inv_00,20170702,14:51:00,219.0,1.2,263,219.0,1.2,263,25259,16115,30.6,93.0
Station_01,Inv_00,20170702,14:52:00,241.0,1.2,289,220.0,1.3,286,25259,16115,30.8,93.0
Station_01,Inv_00,20170702,14:53:00,239.8,1.3,312,218.0,1.5,327,25259,16115,31.0,103.0
Station_01,Inv_00,20170702,14:54:00,243.0,1.4,340,217.0,1.5,326,25259,16115,31.2,108.0
Station_01,Inv_00,20170702,14:55:00,237.9,1.7,404,217.0,1.8,391,25259,16115,31.3,118.0
Station_01,Inv_00,20170702,14:56:00,230.5,2.0,461,217.0,2.1,456,25259,16115,31.5,139.0
Station_01,Inv_00,20170702,14:57:00,240.5,2.1,505,217.0,2.3,499,25259,16115,31.8,147.0
Station_01,Inv_00,20170702,14:58:00,248.5,2.0,497,216.0,2.2,475,25259,16115,32.0,146.0
Station_01,Inv_00,20170702,14:59:00,241.2,2.2,531,217.0,2.3,499,25259,16115,31.8,152.0
Station_01,Inv_00,20170702,15:00:00,244.0,2.2,537,216.0,2.3,497,25260,16116,31.7,155.0
Station_01,Inv_00,20170702,15:01:00,230.6,2.1,484,217.0,2.1,456,25260,16116,31.8,149.0
Station_01,Inv_00,20170702,15:02:00,246.8,1.9,469,218.0,2.0,436,25260,16116,31.6,141.0
Station_01,Inv_00,20170702,15:03:00,239.5,2.2,527,216.0,2.2,475,25260,16116,31.7,148.0
Station_01,Inv_00,20170702,15:04:00,236.0,2.4,566,216.0,2.5,540,25260,16116,31.7,160.0
Station_01,Inv_00,20170702,15:05:00,240.9,2.5,602,216.0,2.6,562,25260,16116,31.8,168.0
Station_01,Inv_00,20170702,15:06:00,241.0,2.6,627,216.0,2.7,583,25260,16116,32.1,175.0
Station_01,Inv_00,20170702,15:07:00,232.5,2.9,674,219.0,3.0,657,25260,16116,32.0,205.0
Station_01,Inv_00,20170702,15:08:00,243.0,2.8,680,219.0,3.0,657,25260,16116,32.3,188.0
Station_01,Inv_00,20170702,15:09:00,245.0,2.4,588,220.0,2.6,572,25260,16116,32.6,168.0
Station_01,Inv_00,20170702,15:10:00,245.0,2.0,490,220.0,2.2,484,25260,16116,32.5,147.0
Station_01,Inv_00,20170702,15:11:00,237.5,1.6,380,218.0,1.7,371,25260,16116,32.2,123.0
Station_01,Inv_00,20170702,15:12:00,235.5,1.5,353,219.0,1.6,350,25260,16116,32.0,114.0
Station_01,Inv_00,20170702,15:13:00,232.0,1.5,348,219.0,1.5,329,25260,16116,32.0,109.0
Station_01,Inv_00,20170702,15:14:00,234.1,1.4,328,219.0,1.5,329,25260,16116,31.8,111.0
Station_01,Inv_00,20170702,15:15:00,235.9,1.3,307,218.0,1.5,327,25260,16116,31.6,105.0
Station_01,Inv_00,20170702,15:16:00,221.5,1.2,266,218.0,1.3,283,25260,16116,31.2,92.0
Station_01,Inv_00,20170702,15:17:00,230.5,1.0,231,219.0,1.2,263,25260,16116,31.2,85.0
Station_01,Inv_00,20170702,15:18:00,229.4,1.0,229,218.0,1.1,240,25260,16116,30.9,81.0
Station_01,Inv_00,20170702,15:19:00,219.0,1.0,219,219.0,1.1,241,25260,16116,30.5,81.0
Station_01,Inv_00,20170702,15:20:00,230.5,0.8,184,219.0,1.0,219,25260,16116,30.5,76.0
Station_01,Inv_00,20170702,15:21:00,214.5,0.8,172,219.0,0.9,197,25260,16116,30.2,69.0
Station_01,Inv_00,20170702,15:22:00,228.0,0.6,137,219.0,0.8,175,25260,16116,29.9,62.0
Station_01,Inv_00,20170702,15:23:00,231.5,0.4,93,220.0,0.6,132,25260,16116,29.6,54.0
Station_01,Inv_00,20170702,15:24:00,209.5,0.4,84,220.0,0.5,110,25260,16116,29.4,49.0
Station_01,Inv_00,20170702,15:25:00,192.5,0.4,77,219.0,0.5,110,25260,16116,29.2,47.0
Station_01,Inv_00,20170702,15:26:00,215.5,0.4,86,220.0,0.6,132,25260,16116,29.1,50.0
Station_01,Inv_00,20170702,15:27:00,224.5,0.4,90,221.0,0.6,133,25260,16116,29.0,50.0
Station_01,Inv_00,20170702,15:28:00,220.3,0.3,66,217.0,0.5,109,25260,16116,28.9,46.0
Station_01,Inv_00,20170702,15:29:00,218.3,0.3,66,219.0,0.5,110,25260,16116,28.7,42.0
Station_01,Inv_00,20170702,15:30:00,230.3,0.3,69,216.0,0.5,108,25260,16116,28.5,40.0
Station_01,Inv_00,20170702,15:31:00,204.0,0.3,61,217.0,0.5,109,25260,16116,28.2,42.0
Station_01,Inv_00,20170702,15:32:00,186.0,0.4,74,218.0,0.5,109,25260,16116,28.0,46.0
Station_01,Inv_00,20170702,15:33:00,195.0,0.5,98,217.0,0.6,130,25260,16116,27.9,51.0
Station_01,Inv_00,20170702,15:34:00,213.0,0.5,107,217.0,0.7,152,25260,16116,27.8,55.0
Station_01,Inv_00,20170702,15:35:00,223.6,0.5,112,218.0,0.7,153,25260,16116,27.8,55.0
Station_01,Inv_00,20170702,15:36:00,226.5,0.6,136,217.0,0.8,174,25260,16116,27.7,56.0
Station_01,Inv_00,20170702,15:37:00,227.0,0.6,136,217.0,0.8,174,25260,16116,27.7,57.0
Station_01,Inv_00,20170702,15:38:00,231.0,0.6,139,215.0,0.7,151,25260,16116,27.7,56.0
Station_01,Inv_00,20170702,15:39:00,211.0,0.6,127,216.0,0.7,151,25260,16116,27.7,52.0
Station_01,Inv_00,20170702,15:40:00,234.0,0.2,47,218.0,0.5,109,25260,16116,27.6,49.0
Station_01,Inv_00,20170702,15:41:00,210.3,0.3,63,218.0,0.5,109,25260,16116,27.5,40.0
Station_01,Inv_00,20170702,15:42:00,215.0,0.2,43,218.0,0.4,87,25260,16116,27.3,36.0
Station_01,Inv_00,20170702,15:43:00,216.0,0.2,43,218.0,0.5,109,25260,16116,27.2,33.0
Station_01,Inv_00,20170702,15:44:00,218.0,0.1,22,219.0,0.4,88,25260,16116,27.1,33.0
Station_01,Inv_00,20170702,15:45:00,223.7,0.3,67,218.0,0.4,87,25260,16116,27.0,32.0
Station_01,Inv_00,20170702,15:46:00,219.5,0.2,44,220.0,0.4,88,25260,16116,26.9,30.0
Station_01,Inv_00,20170702,15:47:00,198.5,0.2,40,220.0,0.4,88,25260,16116,26.9,28.0
Station_01,Inv_00,20170702,15:48:00,0.0,0.0,0,218.0,0.4,87,25260,16116,26.8,28.0
Station_01,Inv_00,20170702,15:49:00,0.0,0.0,0,219.0,0.4,88,25260,16116,26.8,39.0
Station_01,Inv_00,20170702,15:50:00,0.0,0.0,0,218.0,0.4,87,25260,16116,26.8,38.0
Station_01,Inv_00,20170702,15:51:00,0.0,0.0,0,0.0,0.0,0,25260,16116,26.8,26.0
Station_01,Inv_00,20170702,15:52:00,0.0,0.0,0,0.0,0.0,0,25260,16116,26.8,25.0
Station_01,Inv_00,20170702,15:53:00,0.0,0.0,0,0.0,0.0,0,25260,16116,26.7,25.0
Station_01,Inv_00,20170702,15:54:00,0.0,0.0,0,0.0,0.0,0,25260,16116,26.7,39.0
Station_01,Inv_00,20170702,15:55:00,0.0,0.0,0,0.0,0.0,0,25260,16116,26.7,26.0
Station_01,Inv_00,20170702,15:56:00,0.0,0.0,0,0.0,0.0,0,25260,16116,26.6,25.0
Station_01,Inv_00,20170702,15:57:00,0.0,0.0,0,0.0,0.0,0,25260,16116,26.6,25.0
Station_01,Inv_00,20170702,15:58:00,0.0,0.0,0,0.0,0.0,0,25260,16116,26.6,25.0
Station_01,Inv_00,20170702,15:59:00,0.0,0.0,0,0.0,0.0,0,25260,16116,26.5,25.0
Station_01,Inv_00,20170702,16:00:00,0.0,0.0,0,0.0,0.0,0,25260,16116,26.5,25.0
Station_01,Inv_00,20170702,16:01:00,0.0,0.0,0,0.0,0.0,0,25260,16116,26.5,25.0
Station_01,Inv_00,20170702,16:02:00,0.0,0.0,0,0.0,0.0,0,25260,16116,26.4,25.0
Station_01,Inv_00,20170702,16:03:00,0.0,0.0,0,0.0,0.0,0,25260,16116,26.4,26.0
Station_01,Inv_00,20170702,16:04:00,0.0,0.0,0,0.0,0.0,0,25260,16116,26.4,25.0
Station_01,Inv_00,20170702,16:05:00,0.0,0.0,0,0.0,0.0,0,25260,16116,26.3,26.0
Station_01,Inv_00,20170702,16:06:00,0.0,0.0,0,0.0,0.0,0,25260,16116,26.2,25.0
Station_01,Inv_00,20170702,16:07:00,0.0,0.0,0,0.0,0.0,0,25260,16116,26.3,24.0
Station_01,Inv_00,20170702,16:08:00,0.0,0.0,0,0.0,0.0,0,25260,16116,26.0,26.0
Station_01,Inv_00,20170702,16:09:00,0.0,0.0,0,0.0,0.0,0,25260,16116,25.9,25.0
Station_01,Inv_00,20170702,16:10:00,0.0,0.0,0,0.0,0.0,0,25260,16116,25.9,28.0
Station_01,Inv_00,20170702,16:11:00,0.0,0.0,0,0.0,0.0,0,25260,16116,25.9,24.0
Station_01,Inv_00,20170702,16:12:00,0.0,0.0,0,0.0,0.0,0,25260,16116,25.8,23.0
Station_01,Inv_00,20170702,16:13:00,0.0,0.0,0,0.0,0.0,0,25260,16116,25.8,37.0
Station_01,Inv_00,20170702,16:14:00,0.0,0.0,0,0.0,0.0,0,25260,16116,25.8,37.0
Station_01,Inv_00,20170702,16:15:00,0.0,0.0,0,0.0,0.0,0,25260,16116,25.8,25.0
Station_01,Inv_00,20170702,16:16:00,0.0,0.0,0,0.0,0.0,0,25260,16116,25.6,474.0
Station_01,Inv_00,20170702,16:17:00,0.0,0.0,0,0.0,0.0,0,25260,16116,25.6,25.0
Station_01,Inv_00,20170702,16:18:00,0.0,0.0,0,0.0,0.0,0,25260,16116,25.6,25.0
Station_01,Inv_00,20170702,16:19:00,0.0,0.0,0,0.0,0.0,0,25260,16116,25.6,39.0
Station_01,Inv_00,20170702,16:20:00,0.0,0.0,0,0.0,0.0,0,25260,16116,25.6,36.0
Station_01,Inv_00,20170702,16:21:00,0.0,0.0,0,0.0,0.0,0,25260,16116,25.5,27.0
Station_01,Inv_00,20170702,16:22:00,0.0,0.0,0,0.0,0.0,0,25260,16116,25.5,25.0
Station_01,Inv_00,20170702,16:23:00,0.0,0.0,0,0.0,0.0,0,25260,16116,25.5,26.0
Station_01,Inv_00,20170702,16:24:00,0.0,0.0,0,0.0,0.0,0,25260,16116,25.4,42.0
Station_01,Inv_00,20170702,16:25:00,0.0,0.0,0,0.0,0.0,0,25260,16116,25.4,25.0
Station_01,Inv_00,20170702,16:26:00,0.0,0.0,0,0.0,0.0,0,25260,16116,25.4,26.0
Station_01,Inv_00,20170702,16:27:00,0.0,0.0,0,0.0,0.0,0,25260,16116,25.4,26.0
Station_01,Inv_00,20170702,16:28:00,0.0,0.0,0,0.0,0.0,0,25260,16116,25.4,27.0
Station_01,Inv_00,20170702,16:29:00,0.0,0.0,0,222.0,0.5,111,25260,16116,25.4,28.0
Station_01,Inv_00,20170702,16:30:00,0.0,0.0,0,221.0,0.5,111,25260,16116,25.4,470.0
Station_01,Inv_00,20170702,16:31:00,0.0,0.0,0,222.0,0.5,111,25260,16116,25.5,28.0
Station_01,Inv_00,20170702,16:32:00,250.5,0.2,50,222.0,0.5,111,25260,16116,25.6,30.0
Station_01,Inv_00,20170702,16:33:00,252.0,0.2,50,220.0,0.5,110,25260,16116,25.6,474.0
Station_01,Inv_00,20170702,16:34:00,0.0,0.0,0,217.0,0.5,109,25260,16116,25.7,475.0
Station_01,Inv_00,20170702,16:35:00,224.5,0.2,45,217.0,0.5,109,25260,16116,25.7,31.0
Station_01,Inv_00,20170702,16:36:00,232.0,0.2,46,217.0,0.4,87,25260,16116,25.6,34.0
Station_01,Inv_00,20170702,16:37:00,202.0,0.1,20,217.0,0.5,109,25260,16116,25.6,47.0
Station_01,Inv_00,20170702,16:38:00,225.5,0.2,45,217.0,0.4,87,25260,16116,25.7,475.0
Station_01,Inv_00,20170702,16:39:00,195.0,0.1,20,216.0,0.5,108,25260,16116,25.7,32.0
Station_01,Inv_00,20170702,16:40:00,215.0,0.2,43,217.0,0.4,87,25260,16116,25.7,46.0
Station_01,Inv_00,20170702,16:41:00,213.0,0.2,43,217.0,0.4,87,25260,16116,25.6,33.0
Station_01,Inv_00,20170702,16:42:00,225.5,0.2,45,216.0,0.4,86,25260,16116,25.6,31.0
Station_01,Inv_00,20170702,16:43:00,220.5,0.2,44,216.0,0.4,86,25260,16116,25.6,33.0
Station_01,Inv_00,20170702,16:44:00,218.0,0.2,44,217.0,0.4,87,25260,16116,25.6,42.0
Station_01,Inv_00,20170702,16:45:00,198.0,0.2,40,216.0,0.4,86,25260,16116,25.6,29.0
Station_01,Inv_00,20170702,16:46:00,202.0,0.2,40,217.0,0.4,87,25260,16116,25.6,28.0
Station_01,Inv_00,20170702,16:47:00,200.5,0.2,40,217.0,0.4,87,25260,16116,25.6,29.0
Station_01,Inv_00,20170702,16:48:00,215.5,0.2,43,217.0,0.4,87,25260,16116,25.6,30.0
Station_01,Inv_00,20170702,16:49:00,213.0,0.2,43,217.0,0.4,87,25260,16116,25.6,31.0
Station_01,Inv_00,20170702,16:50:00,222.5,0.2,45,216.0,0.4,86,25260,16116,25.6,475.0
Station_01,Inv_00,20170702,16:51:00,225.5,0.2,45,215.0,0.5,108,25260,16116,25.7,31.0
Station_01,Inv_00,20170702,16:52:00,222.5,0.2,45,216.0,0.4,86,25260,16116,25.7,30.0
Station_01,Inv_00,20170702,16:53:00,220.0,0.2,44,216.0,0.4,86,25260,16116,25.7,30.0
Station_01,Inv_00,20170702,16:54:00,217.0,0.2,43,216.0,0.4,86,25260,16116,25.7,30.0
Station_01,Inv_00,20170702,16:55:00,225.0,0.2,45,217.0,0.4,87,25260,16116,25.8,31.0
Station_01,Inv_00,20170702,16:56:00,228.0,0.2,46,217.0,0.4,87,25260,16116,25.8,31.0
Station_01,Inv_00,20170702,16:57:00,226.0,0.2,45,217.0,0.4,87,25260,16116,25.8,31.0
Station_01,Inv_00,20170702,16:58:00,220.5,0.2,44,217.0,0.4,87,25260,16116,25.8,31.0
Station_01,Inv_00,20170702,16:59:00,227.0,0.2,45,217.0,0.4,87,25260,16116,25.9,31.0
Station_01,Inv_00,20170702,17:00:00,201.0,0.2,40,217.0,0.4,87,25260,16116,25.9,32.0
Station_01,Inv_00,20170702,17:01:00,205.0,0.1,21,217.0,0.4,87,25260,16116,26.0,32.0
Station_01,Inv_00,20170702,17:02:00,196.5,0.2,39,215.0,0.4,86,25260,16116,26.0,32.0
Station_01,Inv_00,20170702,17:03:00,189.7,0.3,57,216.0,0.4,86,25260,16116,26.0,32.0
Station_01,Inv_00,20170702,17:04:00,215.3,0.3,65,216.0,0.4,86,25260,16116,26.1,33.0
Station_01,Inv_00,20170702,17:05:00,257.5,0.2,52,0.0,0.0,0,25260,16116,26.1,33.0
Station_01,Inv_00,20170702,17:06:00,0.0,0.0,0,0.0,0.0,0,25260,16116,26.1,34.0
Station_01,Inv_00,20170702,17:07:00,223.0,0.2,45,216.0,0.5,108,25260,16116,26.1,42.0
Station_01,Inv_00,20170702,17:08:00,0.0,0.0,0,216.0,0.5,108,25260,16116,26.1,34.0
Station_01,Inv_00,20170702,17:09:00,257.5,0.2,52,0.0,0.0,0,25260,16116,26.1,33.0
Station_01,Inv_00,20170702,17:10:00,0.0,0.0,0,0.0,0.0,0,25260,16116,26.1,33.0
Station_01,Inv_00,20170702,17:11:00,222.5,0.2,45,217.0,0.5,109,25260,16116,26.1,52.0
Station_01,Inv_00,20170702,17:12:00,0.0,0.0,0,217.0,0.5,109,25260,16116,26.0,33.0
Station_01,Inv_00,20170702,17:13:00,257.0,0.2,51,0.0,0.0,0,25260,16116,26.0,33.0
Station_01,Inv_00,20170702,17:14:00,0.0,0.0,0,0.0,0.0,0,25260,16116,26.1,34.0
Station_01,Inv_00,20170702,17:15:00,222.0,0.2,44,217.0,0.5,109,25260,16116,26.0,33.0
Station_01,Inv_00,20170702,17:16:00,256.5,0.2,51,216.0,0.8,173,25260,16116,26.0,34.0
Station_01,Inv_00,20170702,17:17:00,257.5,0.2,52,0.0,0.0,0,25260,16116,26.0,34.0
Station_01,Inv_00,20170702,17:18:00,233.5,0.2,47,221.0,0.4,88,25260,16116,26.0,33.0
Station_01,Inv_00,20170702,17:19:00,223.0,0.2,45,216.0,0.5,108,25260,16116,26.0,33.0
Station_01,Inv_00,20170702,17:20:00,256.5,0.2,51,216.0,0.6,130,25260,16116,26.0,33.0
Station_01,Inv_00,20170702,17:21:00,0.0,0.0,0,0.0,0.0,0,25260,16116,26.0,34.0
Station_01,Inv_00,20170702,17:22:00,222.0,0.2,44,220.0,0.4,88,25260,16116,26.0,33.0
Station_01,Inv_00,20170702,17:23:00,218.0,0.2,44,217.0,0.5,109,25260,16116,26.0,33.0
Station_01,Inv_00,20170702,17:24:00,257.0,0.2,51,0.0,0.0,0,25260,16116,26.0,34.0
Station_01,Inv_00,20170702,17:25:00,0.0,0.0,0,0.0,0.0,0,25260,16116,26.0,33.0
Station_01,Inv_00,20170702,17:26:00,222.0,0.2,44,216.0,0.4,86,25260,16116,26.0,32.0
Station_01,Inv_00,20170702,17:27:00,0.0,0.0,0,216.0,0.5,108,25260,16116,26.0,34.0
Station_01,Inv_00,20170702,17:28:00,0.0,0.0,0,0.0,0.0,0,25260,16116,25.9,32.0
Station_01,Inv_00,20170702,17:29:00,0.0,0.0,0,220.0,0.3,66,25260,16116,26.0,32.0
Station_01,Inv_00,20170702,17:30:00,220.0,0.2,44,216.0,0.5,108,25260,16116,26.0,31.0
Station_01,Inv_00,20170702,17:31:00,0.0,0.0,0,217.0,0.5,109,25260,16116,26.0,32.0
Station_01,Inv_00,20170702,17:32:00,0.0,0.0,0,0.0,0.0,0,25260,16116,26.0,31.0
Station_01,Inv_00,20170702,17:33:00,0.0,0.0,0,0.0,0.0,0,25260,16116,26.0,31.0
Station_01,Inv_00,20170702,17:34:00,220.0,0.2,44,215.0,0.5,108,25260,16116,25.9,31.0
Station_01,Inv_00,20170702,17:35:00,0.0,0.0,0,215.0,0.5,108,25260,16116,26.0,31.0
Station_01,Inv_00,20170702,17:36:00,253.0,0.2,51,0.0,0.0,0,25260,16116,26.0,31.0
Station_01,Inv_00,20170702,17:37:00,254.0,0.2,51,0.0,0.0,0,25260,16116,26.0,31.0
Station_01,Inv_00,20170702,17:38:00,218.5,0.2,44,216.0,0.5,108,25260,16116,25.9,30.0
Station_01,Inv_00,20170702,17:39:00,0.0,0.0,0,216.0,0.5,108,25260,16116,25.9,30.0
Station_01,Inv_00,20170702,17:40:00,0.0,0.0,0,0.0,0.0,0,25260,16116,25.9,30.0
Station_01,Inv_00,20170702,17:41:00,248.5,0.2,50,216.0,1.1,238,25260,16116,25.9,30.0
Station_01,Inv_00,20170702,17:42:00,213.0,0.2,43,216.0,0.5,108,25260,16116,25.9,29.0
Station_01,Inv_00,20170702,17:43:00,245.0,0.2,49,215.0,0.9,194,25260,16116,25.8,29.0
Station_01,Inv_00,20170702,17:44:00,0.0,0.0,0,220.0,0.4,88,25260,16116,25.9,28.0
Station_01,Inv_00,20170702,17:45:00,0.0,0.0,0,216.0,0.5,108,25260,16116,25.8,28.0
Station_01,Inv_00,20170702,17:46:00,223.5,0.2,45,217.0,0.5,109,25260,16116,25.8,26.0
Station_01,Inv_00,20170702,17:47:00,0.0,0.0,0,216.0,0.5,108,25260,16116,25.8,25.0
Station_01,Inv_00,20170702,17:48:00,0.0,0.0,0,216.0,0.5,108,25260,16116,25.8,25.0
Station_01,Inv_00,20170702,17:49:00,0.0,0.0,0,216.0,0.5,108,25260,16116,25.8,24.0
Station_01,Inv_00,20170702,17:50:00,0.0,0.0,0,216.0,0.5,108,25260,16116,25.8,478.0
Station_01,Inv_00,20170702,17:51:00,0.0,0.0,0,216.0,0.5,108,25260,16116,25.9,23.0
Station_01,Inv_00,20170702,17:52:00,0.0,0.0,0,216.0,0.5,108,25260,16116,25.9,23.0
Station_01,Inv_00,20170702,17:53:00,0.0,0.0,0,216.0,0.5,108,25260,16116,25.9,23.0
Station_01,Inv_00,20170702,17:54:00,0.0,0.0,0,216.0,0.5,108,25260,16116,25.8,23.0
Station_01,Inv_00,20170702,17:55:00,0.0,0.0,0,216.0,0.5,108,25260,16116,25.8,24.0
Station_01,Inv_00,20170702,17:56:00,0.0,0.0,0,216.0,0.5,108,25260,16116,25.8,24.0
Station_01,Inv_00,20170702,17:57:00,0.0,0.0,0,216.0,0.5,108,25260,16116,25.8,23.0
Station_01,Inv_00,20170702,17:58:00,0.0,0.0,0,216.0,0.5,108,25260,16116,25.8,29.0
Station_01,Inv_00,20170702,17:59:00,0.0,0.0,0,216.0,0.5,108,25260,16116,25.8,23.0
Station_01,Inv_00,20170702,18:00:00,0.0,0.0,0,216.0,0.5,108,25260,16116,25.8,23.0
Station_01,Inv_00,20170702,18:01:00,0.0,0.0,0,216.0,0.5,108,25260,16116,25.8,23.0
Station_01,Inv_00,20170702,18:02:00,0.0,0.0,0,216.0,0.5,108,25260,16116,25.8,22.0
Station_01,Inv_00,20170702,18:03:00,0.0,0.0,0,216.0,0.5,108,25260,16116,25.8,22.0
Station_01,Inv_00,20170702,18:04:00,0.0,0.0,0,216.0,0.5,108,25260,16116,25.8,22.0
Station_01,Inv_00,20170702,18:05:00,0.0,0.0,0,216.0,0.5,108,25260,16116,25.8,22.0
Station_01,Inv_00,20170702,18:06:00,0.0,0.0,0,216.0,0.5,108,25260,16116,25.8,20.0
Station_01,Inv_00,20170702,18:07:00,0.0,0.0,0,216.0,0.5,108,25260,16116,25.8,21.0
Station_01,Inv_00,20170702,18:08:00,0.0,0.0,0,216.0,0.5,108,25260,16116,25.8,22.0
Station_01,Inv_00,20170702,18:09:00,0.0,0.0,0,216.0,0.5,108,25260,16116,25.8,21.0
Station_01,Inv_00,20170702,18:10:00,0.0,0.0,0,216.0,0.5,108,25260,16116,25.8,21.0
Station_01,Inv_00,20170702,18:11:00,0.0,0.0,0,216.0,0.5,108,25260,16116,25.8,22.0
Station_01,Inv_00,20170702,18:12:00,0.0,0.0,0,216.0,0.5,108,25260,16116,25.8,21.0
Station_01,Inv_00,20170702,18:13:00,0.0,0.0,0,216.0,0.5,108,25260,16116,25.8,23.0
Station_01,Inv_00,20170702,18:14:00,0.0,0.0,0,216.0,0.5,108,25260,16116,25.8,477.0
Station_01,Inv_00,20170702,18:15:00,0.0,0.0,0,216.0,0.5,108,25260,16116,25.8,22.0
Station_01,Inv_00,20170702,18:16:00,0.0,0.0,0,216.0,0.5,108,25260,16116,25.8,22.0
Station_01,Inv_00,20170702,18:17:00,0.0,0.0,0,216.0,0.5,108,25260,16116,25.8,22.0
Station_01,Inv_00,20170702,18:18:00,0.0,0.0,0,216.0,0.5,108,25260,16116,25.8,22.0
Station_01,Inv_00,20170702,18:19:00,0.0,0.0,0,216.0,0.5,108,25260,16116,25.8,22.0
Station_01,Inv_00,20170702,18:20:00,0.0,0.0,0,216.0,0.5,108,25260,16116,25.8,22.0
Station_01,Inv_00,20170702,18:21:00,0.0,0.0,0,216.0,0.5,108,25260,16116,25.8,22.0
Station_01,Inv_00,20170702,18:22:00,0.0,0.0,0,216.0,0.5,108,25260,16116,25.8,22.0
Station_01,Inv_00,20170702,18:23:00,0.0,0.0,0,216.0,0.5,108,25260,16116,25.8,22.0
Station_01,Inv_00,20170702,18:24:00,0.0,0.0,0,216.0,0.5,108,25260,16116,25.8,21.0
Station_01,Inv_00,20170702,18:25:00,0.0,0.0,0,216.0,0.5,108,25260,16116,25.8,22.0
Station_01,Inv_00,20170702,18:26:00,0.0,0.0,0,216.0,0.5,108,25260,16116,25.9,23.0
Station_01,Inv_00,20170702,18:27:00,0.0,0.0,0,216.0,0.5,108,25260,16116,25.8,478.0
Station_01,Inv_00,20170702,18:28:00,0.0,0.0,0,216.0,0.5,108,25260,16116,25.8,22.0
Station_01,Inv_00,20170702,18:29:00,0.0,0.0,0,216.0,0.5,108,25260,16116,25.8,22.0
Station_01,Inv_00,20170702,18:30:00,0.0,0.0,0,216.0,0.5,108,25260,16116,25.8,23.0
Station_01,Inv_00,20170702,18:31:00,0.0,0.0,0,216.0,0.5,108,25260,16116,25.8,23.0
Station_01,Inv_00,20170702,18:32:00,0.0,0.0,0,216.0,0.5,108,25260,16116,25.8,24.0
Station_01,Inv_00,20170702,18:33:00,0.0,0.0,0,216.0,0.5,108,25260,16116,25.8,25.0
Station_01,Inv_00,20170702,18:34:00,0.0,0.0,0,220.0,0.5,110,25260,16116,25.8,26.0
Station_01,Inv_00,20170702,18:35:00,0.0,0.0,0,220.0,0.5,110,25260,16116,25.8,27.0
Station_01,Inv_00,20170702,18:36:00,0.0,0.0,0,220.0,0.5,110,25260,16116,25.8,25.0
Station_01,Inv_00,20170702,18:37:00,0.0,0.0,0,220.0,0.5,110,25260,16116,25.7,24.0
Station_01,Inv_00,20170702,18:38:00,0.0,0.0,0,220.0,0.5,110,25260,16116,25.7,24.0
Station_01,Inv_00,20170702,18:39:00,0.0,0.0,0,0.0,0.0,0,25260,16116,25.7,23.0
Station_01,Inv_00,20170702,18:40:00,0.0,0.0,0,0.0,0.0,0,25260,16116,25.7,23.0
Station_01,Inv_00,20170702,18:41:00,0.0,0.0,0,0.0,0.0,0,25260,16116,25.7,22.0
Station_01,Inv_00,20170702,18:42:00,0.0,0.0,0,0.0,0.0,0,25260,16116,25.7,20.0
Station_01,Inv_00,20170702,18:43:00,0.0,0.0,0,0.0,0.0,0,25260,16116,25.7,20.0
Station_01,Inv_00,20170702,18:44:00,0.0,0.0,0,0.0,0.0,0,25260,16116,25.7,20.0
Station_01,Inv_00,20170702,18:45:00,0.0,0.0,0,0.0,0.0,0,25260,16116,25.6,21.0
Station_01,Inv_00,20170702,18:46:00,0.0,0.0,0,0.0,0.0,0,25260,16116,25.6,21.0
Station_01,Inv_00,20170702,18:47:00,0.0,0.0,0,0.0,0.0,0,25260,16116,25.6,20.0
Station_01,Inv_00,20170702,18:48:00,0.0,0.0,0,0.0,0.0,0,25260,16116,25.6,22.0
Station_01,Inv_00,20170702,18:49:00,0.0,0.0,0,0.0,0.0,0,25260,16116,25.6,20.0
Station_01,Inv_00,20170702,18:50:00,0.0,0.0,0,0.0,0.0,0,25260,16116,25.6,19.0
Station_01,Inv_00,20170702,18:51:00,0.0,0.0,0,0.0,0.0,0,25260,16116,25.6,19.0
Station_01,Inv_00,20170702,18:52:00,0.0,0.0,0,0.0,0.0,0,25260,16116,25.5,20.0
Station_01,Inv_00,20170702,18:53:00,0.0,0.0,0,0.0,0.0,0,25260,16116,25.5,19.0
Station_01,Inv_00,20170702,18:54:00,0.0,0.0,0,0.0,0.0,0,25260,16116,25.5,20.0
Station_01,Inv_00,20170702,18:55:00,0.0,0.0,0,0.0,0.0,0,25260,16116,25.4,19.0
Station_01,Inv_00,20170702,18:56:00,0.0,0.0,0,0.0,0.0,0,25260,16116,25.5,20.0
Station_01,Inv_00,20170702,18:57:00,0.0,0.0,0,0.0,0.0,0,25260,16116,25.4,19.0
Station_01,Inv_00,20170702,18:58:00,0.0,0.0,0,0.0,0.0,0,25260,16116,25.3,19.0
Station_01,Inv_00,20170702,18:59:00,0.0,0.0,0,0.0,0.0,0,25260,16116,25.3,19.0
Station_01,Inv_00,20170702,19:00:00,0.0,0.0,0,0.0,0.0,0,25260,16116,25.3,20.0
Station_01,Inv_00,20170702,19:01:00,0.0,0.0,0,0.0,0.0,0,25260,16116,25.2,19.0
Station_01,Inv_00,20170702,19:02:00,0.0,0.0,0,0.0,0.0,0,25260,16116,25.3,19.0
Station_01,Inv_00,20170702,19:03:00,0.0,0.0,0,0.0,0.0,0,25260,16116,25.3,19.0
Station_01,Inv_00,20170702,19:04:00,0.0,0.0,0,0.0,0.0,0,25260,16116,25.3,20.0
Station_01,Inv_00,20170702,19:05:00,0.0,0.0,0,0.0,0.0,0,25260,16116,25.3,19.0
Station_01,Inv_00,20170702,19:06:00,0.0,0.0,0,0.0,0.0,0,25260,16116,25.3,19.0
Station_01,Inv_00,20170702,19:07:00,0.0,0.0,0,0.0,0.0,0,25260,16116,25.3,19.0
Station_01,Inv_00,20170702,19:08:00,0.0,0.0,0,0.0,0.0,0,25260,16116,25.3,19.0
Station_01,Inv_00,20170702,19:09:00,0.0,0.0,0,0.0,0.0,0,25260,16116,25.3,19.0
Station_01,Inv_00,20170702,19:10:00,0.0,0.0,0,0.0,0.0,0,25260,16116,25.3,19.0
Station_01,Inv_00,20170702,19:11:00,0.0,0.0,0,0.0,0.0,0,25260,16116,25.3,19.0
Station_01,Inv_00,20170702,19:12:00,0.0,0.0,0,0.0,0.0,0,25260,16116,25.3,19.0
Station_01,Inv_00,20170702,19:13:00,0.0,0.0,0,0.0,0.0,0,25260,16116,25.4,19.0
Station_01,Inv_00,20170702,19:14:00,0.0,0.0,0,0.0,0.0,0,25260,16116,25.4,19.0
Station_01,Inv_00,20170702,19:15:00,0.0,0.0,0,0.0,0.0,0,25260,16116,25.4,19.0
Station_01,Inv_00,20170702,19:16:00,0.0,0.0,0,0.0,0.0,0,25260,16116,25.3,19.0
Station_01,Inv_00,20170702,19:17:00,0.0,0.0,0,0.0,0.0,0,25260,16116,25.3,19.0
Station_01,Inv_00,20170702,19:18:00,0.0,0.0,0,0.0,0.0,0,25260,16116,25.3,19.0
Station_01,Inv_00,20170702,19:19:00,0.0,0.0,0,0.0,0.0,0,25260,16116,25.3,19.0
Station_01,Inv_00,20170702,19:20:00,0.0,0.0,0,0.0,0.0,0,25260,16116,25.4,19.0
Station_01,Inv_00,20170702,19:21:00,0.0,0.0,0,0.0,0.0,0,25260,16116,25.3,19.0
Station_01,Inv_00,20170702,19:22:00,0.0,0.0,0,0.0,0.0,0,25260,16116,25.3,19.0
Station_01,Inv_00,20170702,19:23:00,0.0,0.0,0,0.0,0.0,0,25260,16116,25.4,19.0
Station_01,Inv_00,20170702,19:24:00,0.0,0.0,0,0.0,0.0,0,25260,16116,25.3,19.0
Station_01,Inv_00,20170702,19:25:00,0.0,0.0,0,0.0,0.0,0,25260,16116,25.3,19.0
Station_01,Inv_00,20170702,19:26:00,0.0,0.0,0,0.0,0.0,0,25260,16116,25.3,19.0
Station_01,Inv_00,20170702,19:27:00,0.0,0.0,0,0.0,0.0,0,25260,16116,25.3,19.0
Station_01,Inv_00,20170702,19:28:00,0.0,0.0,0,0.0,0.0,0,25260,16116,25.3,19.0
Station_01,Inv_00,20170702,19:29:00,0.0,0.0,0,0.0,0.0,0,25260,16116,25.3,25.0
Station_01,Inv_00,20170702,19:30:00,0.0,0.0,0,0.0,0.0,0,25260,16116,25.4,19.0
Station_01,Inv_00,20170702,19:31:00,0.0,0.0,0,0.0,0.0,0,25260,16116,25.3,19.0
Station_01,Inv_00,20170702,19:32:00,0.0,0.0,0,0.0,0.0,0,25260,16116,25.4,19.0
Station_01,Inv_00,20170702,19:33:00,0.0,0.0,0,0.0,0.0,0,25260,16116,25.3,19.0
Station_01,Inv_00,20170702,19:34:00,0.0,0.0,0,0.0,0.0,0,25260,16116,25.3,19.0
Station_01,Inv_00,20170702,19:35:00,0.0,0.0,0,0.0,0.0,0,25260,16116,25.2,19.0
Station_01,Inv_00,20170702,19:36:00,0.0,0.0,0,0.0,0.0,0,25260,16116,25.2,19.0
Station_01,Inv_00,20170702,19:37:00,0.0,0.0,0,0.0,0.0,0,25260,16116,25.2,19.0
Station_01,Inv_00,20170702,19:38:00,0.0,0.0,0,0.0,0.0,0,25260,16116,25.2,19.0
Station_01,Inv_00,20170702,19:39:00,0.0,0.0,0,0.0,0.0,0,25260,16116,25.2,19.0
Station_01,Inv_00,20170702,19:40:00,0.0,0.0,0,0.0,0.0,0,25260,16116,25.2,21.0
Station_01,Inv_00,20170702,19:41:00,0.0,0.0,0,0.0,0.0,0,25260,16116,25.1,19.0
Station_01,Inv_00,20170702,19:42:00,0.0,0.0,0,0.0,0.0,0,25260,16116,25.1,19.0
Station_01,Inv_00,20170702,19:43:00,0.0,0.0,0,0.0,0.0,0,25260,16116,25.1,19.0
Station_01,Inv_00,20170702,19:44:00,0.0,0.0,0,0.0,0.0,0,25260,16116,25.2,19.0
Station_01,Inv_00,20170702,19:45:00,0.0,0.0,0,0.0,0.0,0,25260,16116,25.2,19.0
Station_01,Inv_00,20170702,19:46:00,0.0,0.0,0,0.0,0.0,0,25260,16116,25.3,19.0
Station_01,Inv_00,20170702,19:47:00,0.0,0.0,0,0.0,0.0,0,25260,16116,25.3,19.0
Station_01,Inv_00,20170702,19:48:00,0.0,0.0,0,0.0,0.0,0,25260,16116,25.4,20.0
Station_01,Inv_00,20170702,19:49:00,0.0,0.0,0,0.0,0.0,0,25260,16116,25.4,20.0
Station_01,Inv_00,20170702,19:50:00,0.0,0.0,0,0.0,0.0,0,25260,16116,25.3,20.0
Station_01,Inv_00,20170702,19:51:00,0.0,0.0,0,0.0,0.0,0,25260,16116,25.3,20.0
Station_01,Inv_00,20170702,19:52:00,0.0,0.0,0,0.0,0.0,0,25260,16116,25.3,20.0
Station_01,Inv_00,20170702,19:53:00,0.0,0.0,0,0.0,0.0,0,25260,16116,25.3,19.0
Station_01,Inv_00,20170702,19:54:00,0.0,0.0,0,0.0,0.0,0,25260,16116,25.3,20.0
Station_01,Inv_00,20170702,19:55:00,0.0,0.0,0,0.0,0.0,0,25260,16116,25.2,20.0
Station_01,Inv_00,20170702,19:56:00,0.0,0.0,0,0.0,0.0,0,25260,16116,25.2,19.0
Station_01,Inv_00,20170702,19:57:00,0.0,0.0,0,0.0,0.0,0,25260,16116,25.2,19.0
Station_01,Inv_00,20170702,19:58:00,0.0,0.0,0,0.0,0.0,0,25260,16116,25.1,18.0
Station_01,Inv_00,20170702,19:59:00,0.0,0.0,0,0.0,0.0,0,25260,16116,25.2,18.0
Station_01,Inv_00,20170702,20:00:00,0.0,0.0,0,0.0,0.0,0,25260,16116,25.2,18.0
