Station_01,Inv_00,20170714,05:00:00,0.0,0.0,0,217.0,0.4,87,25451,16238,25.8,18.0
Station_01,Inv_00,20170714,05:01:00,0.0,0.0,0,217.0,0.4,87,25451,16238,25.8,19.0
Station_01,Inv_00,20170714,05:02:00,0.0,0.0,0,217.0,0.4,87,25451,16238,25.9,19.0
Station_01,Inv_00,20170714,05:03:00,0.0,0.0,0,217.0,0.4,87,25451,16238,25.8,19.0
Station_01,Inv_00,20170714,05:04:00,0.0,0.0,0,217.0,0.4,87,25451,16238,25.8,19.0
Station_01,Inv_00,20170714,05:05:00,0.0,0.0,0,217.0,0.4,87,25451,16238,25.8,19.0
Station_01,Inv_00,20170714,05:06:00,0.0,0.0,0,217.0,0.4,87,25451,16238,25.9,19.0
Station_01,Inv_00,20170714,05:07:00,0.0,0.0,0,217.0,0.4,87,25451,16238,25.9,19.0
Station_01,Inv_00,20170714,05:08:00,0.0,0.0,0,217.0,0.4,87,25451,16238,26.0,19.0
Station_01,Inv_00,20170714,05:09:00,0.0,0.0,0,217.0,0.4,87,25451,16238,26.0,19.0
Station_01,Inv_00,20170714,05:10:00,0.0,0.0,0,217.0,0.4,87,25451,16238,26.0,20.0
Station_01,Inv_00,20170714,05:11:00,0.0,0.0,0,217.0,0.4,87,25451,16238,26.1,20.0
Station_01,Inv_00,20170714,05:12:00,0.0,0.0,0,217.0,0.4,87,25451,16238,26.2,19.0
Station_01,Inv_00,20170714,05:13:00,0.0,0.0,0,217.0,0.4,87,25451,16238,26.1,20.0
Station_01,Inv_00,20170714,05:14:00,0.0,0.0,0,217.0,0.4,87,25451,16238,26.2,19.0
Station_01,Inv_00,20170714,05:15:00,0.0,0.0,0,217.0,0.4,87,25451,16238,26.2,20.0
Station_01,Inv_00,20170714,05:16:00,0.0,0.0,0,217.0,0.4,87,25451,16238,26.3,20.0
Station_01,Inv_00,20170714,05:17:00,0.0,0.0,0,217.0,0.4,87,25451,16238,26.2,20.0
Station_01,Inv_00,20170714,05:18:00,0.0,0.0,0,217.0,0.4,87,25451,16238,26.2,20.0
Station_01,Inv_00,20170714,05:19:00,0.0,0.0,0,217.0,0.4,87,25451,16238,26.1,20.0
Station_01,Inv_00,20170714,05:20:00,0.0,0.0,0,217.0,0.4,87,25451,16238,26.1,21.0
Station_01,Inv_00,20170714,05:21:00,0.0,0.0,0,217.0,0.4,87,25451,16238,26.1,484.0
Station_01,Inv_00,20170714,05:22:00,0.0,0.0,0,217.0,0.4,87,25451,16238,26.2,21.0
Station_01,Inv_00,20170714,05:23:00,0.0,0.0,0,217.0,0.4,87,25451,16238,26.1,22.0
Station_01,Inv_00,20170714,05:24:00,0.0,0.0,0,217.0,0.4,87,25451,16238,26.2,22.0
Station_01,Inv_00,20170714,05:25:00,0.0,0.0,0,217.0,0.4,87,25451,16238,26.1,23.0
Station_01,Inv_00,20170714,05:26:00,0.0,0.0,0,217.0,0.4,87,25451,16238,26.2,24.0
Station_01,Inv_00,20170714,05:27:00,0.0,0.0,0,217.0,0.4,87,25451,16238,26.2,25.0
Station_01,Inv_00,20170714,05:28:00,0.0,0.0,0,217.0,0.4,87,25451,16238,26.2,26.0
Station_01,Inv_00,20170714,05:29:00,0.0,0.0,0,223.0,0.5,112,25451,16238,26.3,27.0
Station_01,Inv_00,20170714,05:30:00,0.0,0.0,0,221.0,0.5,111,25451,16238,26.4,28.0
Station_01,Inv_00,20170714,05:31:00,0.0,0.0,0,221.0,0.5,111,25451,16238,26.4,29.0
Station_01,Inv_00,20170714,05:32:00,0.0,0.0,0,220.0,0.5,110,25451,16238,26.5,489.0
Station_01,Inv_00,20170714,05:33:00,0.0,0.0,0,220.0,0.5,110,25451,16238,26.5,490.0
Station_01,Inv_00,20170714,05:34:00,219.0,0.2,44,216.0,0.4,86,25451,16238,26.5,33.0
Station_01,Inv_00,20170714,05:35:00,225.0,0.1,23,215.0,0.4,86,25451,16238,26.6,34.0
Station_01,Inv_00,20170714,05:36:00,229.0,0.1,23,216.0,0.4,86,25451,16238,26.6,35.0
Station_01,Inv_00,20170714,05:37:00,225.0,0.1,23,215.0,0.4,86,25451,16238,26.7,36.0
Station_01,Inv_00,20170714,05:38:00,230.0,0.1,23,215.0,0.4,86,25451,16238,26.7,37.0
Station_01,Inv_00,20170714,05:39:00,224.7,0.3,67,215.0,0.4,86,25451,16238,26.8,38.0
Station_01,Inv_00,20170714,05:40:00,235.0,0.3,71,215.0,0.4,86,25451,16238,26.8,39.0
Station_01,Inv_00,20170714,05:41:00,238.7,0.3,72,216.0,0.4,86,25451,16238,26.9,40.0
Station_01,Inv_00,20170714,05:42:00,228.7,0.3,69,216.0,0.4,86,25451,16238,26.9,40.0
Station_01,Inv_00,20170714,05:43:00,239.0,0.3,72,215.0,0.5,108,25451,16238,26.9,41.0
Station_01,Inv_00,20170714,05:44:00,229.0,0.3,69,216.0,0.5,108,25451,16238,26.9,41.0
Station_01,Inv_00,20170714,05:45:00,209.3,0.3,63,215.0,0.5,108,25451,16238,27.0,42.0
Station_01,Inv_00,20170714,05:46:00,206.0,0.3,62,215.0,0.5,108,25451,16238,27.1,42.0
Station_01,Inv_00,20170714,05:47:00,221.0,0.3,66,215.0,0.5,108,25451,16238,27.1,43.0
Station_01,Inv_00,20170714,05:48:00,217.0,0.4,87,215.0,0.5,108,25451,16238,27.1,43.0
Station_01,Inv_00,20170714,05:49:00,199.0,0.4,80,216.0,0.5,108,25451,16238,27.2,44.0
Station_01,Inv_00,20170714,05:50:00,220.0,0.3,66,216.0,0.5,108,25451,16238,27.2,44.0
Station_01,Inv_00,20170714,05:51:00,210.0,0.4,84,216.0,0.5,108,25451,16238,27.3,45.0
Station_01,Inv_00,20170714,05:52:00,225.0,0.4,90,216.0,0.5,108,25451,16238,27.3,46.0
Station_01,Inv_00,20170714,05:53:00,215.0,0.4,86,216.0,0.5,108,25451,16238,27.3,46.0
Station_01,Inv_00,20170714,05:54:00,200.5,0.4,80,216.0,0.5,108,25451,16238,27.3,47.0
Station_01,Inv_00,20170714,05:55:00,205.0,0.4,82,215.0,0.5,108,25451,16238,27.3,48.0
Station_01,Inv_00,20170714,05:56:00,178.0,0.4,71,215.0,0.5,108,25451,16238,27.3,48.0
Station_01,Inv_00,20170714,05:57:00,229.0,0.4,92,215.0,0.5,108,25451,16238,27.4,49.0
Station_01,Inv_00,20170714,05:58:00,213.0,0.5,107,214.0,0.5,107,25451,16238,27.5,50.0
Station_01,Inv_00,20170714,05:59:00,230.0,0.4,92,215.0,0.5,108,25451,16238,27.5,50.0
Station_01,Inv_00,20170714,06:00:00,203.6,0.5,102,215.0,0.6,129,25451,16238,27.5,51.0
Station_01,Inv_00,20170714,06:01:00,224.6,0.5,112,216.0,0.6,130,25451,16238,27.6,52.0
Station_01,Inv_00,20170714,06:02:00,212.4,0.5,106,215.0,0.6,129,25451,16238,27.6,53.0
Station_01,Inv_00,20170714,06:03:00,215.0,0.6,129,214.0,0.6,128,25451,16238,27.6,54.0
Station_01,Inv_00,20170714,06:04:00,207.2,0.5,104,215.0,0.6,129,25451,16238,27.7,54.0
Station_01,Inv_00,20170714,06:05:00,196.0,0.6,118,215.0,0.6,129,25451,16238,27.7,55.0
Station_01,Inv_00,20170714,06:06:00,223.0,0.5,112,215.0,0.7,151,25451,16238,27.7,56.0
Station_01,Inv_00,20170714,06:07:00,223.5,0.6,134,214.0,0.7,150,25451,16238,27.8,57.0
Station_01,Inv_00,20170714,06:08:00,226.0,0.6,136,214.0,0.7,150,25451,16238,27.8,58.0
Station_01,Inv_00,20170714,06:09:00,233.0,0.6,140,215.0,0.7,151,25451,16238,27.8,59.0
Station_01,Inv_00,20170714,06:10:00,231.0,0.6,139,219.0,0.7,153,25451,16238,27.8,60.0
Station_01,Inv_00,20170714,06:11:00,231.5,0.6,139,218.0,0.8,174,25451,16238,27.9,61.0
Station_01,Inv_00,20170714,06:12:00,228.1,0.7,160,217.0,0.8,174,25451,16238,27.9,62.0
Station_01,Inv_00,20170714,06:13:00,237.5,0.6,143,218.0,0.8,174,25451,16238,27.9,63.0
Station_01,Inv_00,20170714,06:14:00,221.3,0.7,155,218.0,0.8,174,25451,16238,27.9,64.0
Station_01,Inv_00,20170714,06:15:00,230.3,0.7,161,218.0,0.9,196,25451,16238,28.0,66.0
Station_01,Inv_00,20170714,06:16:00,232.9,0.7,163,219.0,0.9,197,25451,16238,28.1,67.0
Station_01,Inv_00,20170714,06:17:00,224.6,0.7,157,219.0,0.9,197,25451,16238,28.2,68.0
Station_01,Inv_00,20170714,06:18:00,228.4,0.7,160,218.0,0.9,196,25451,16238,28.2,69.0
Station_01,Inv_00,20170714,06:19:00,227.0,0.8,182,218.0,1.0,218,25451,16238,28.3,71.0
Station_01,Inv_00,20170714,06:20:00,224.5,0.8,180,218.0,1.0,218,25451,16238,28.3,73.0
Station_01,Inv_00,20170714,06:21:00,228.2,0.9,205,217.0,1.0,217,25451,16238,28.4,75.0
Station_01,Inv_00,20170714,06:22:00,230.4,0.9,207,216.0,1.0,216,25451,16238,28.4,77.0
Station_01,Inv_00,20170714,06:23:00,240.4,0.9,216,217.0,1.0,217,25451,16238,28.5,80.0
Station_01,Inv_00,20170714,06:24:00,221.0,1.0,221,216.0,1.1,238,25451,16238,28.6,83.0
Station_01,Inv_00,20170714,06:25:00,234.0,1.0,234,217.0,1.2,260,25451,16238,28.8,88.0
Station_01,Inv_00,20170714,06:26:00,236.0,1.1,260,217.0,1.2,260,25451,16238,28.8,94.0
Station_01,Inv_00,20170714,06:27:00,240.0,1.2,288,217.0,1.3,282,25451,16238,29.0,99.0
Station_01,Inv_00,20170714,06:28:00,231.3,1.3,301,217.0,1.4,304,25451,16238,29.1,104.0
Station_01,Inv_00,20170714,06:29:00,236.0,1.4,330,217.0,1.4,304,25451,16238,29.4,108.0
Station_01,Inv_00,20170714,06:30:00,236.0,1.4,330,218.0,1.4,305,25451,16238,29.5,112.0
Station_01,Inv_00,20170714,06:31:00,244.5,1.4,342,218.0,1.5,327,25451,16238,29.7,116.0
Station_01,Inv_00,20170714,06:32:00,239.5,1.5,359,217.0,1.6,347,25451,16238,29.8,120.0
Station_01,Inv_00,20170714,06:33:00,243.3,1.5,365,218.0,1.6,349,25451,16238,30.1,125.0
Station_01,Inv_00,20170714,06:34:00,237.0,1.6,379,218.0,1.7,371,25451,16238,30.3,129.0
Station_01,Inv_00,20170714,06:35:00,230.0,1.8,414,218.0,1.7,371,25451,16238,30.4,134.0
Station_01,Inv_00,20170714,06:36:00,232.9,1.8,419,217.0,1.8,391,25451,16238,30.7,138.0
Station_01,Inv_00,20170714,06:37:00,247.0,1.8,445,216.0,2.0,432,25451,16238,30.9,144.0
Station_01,Inv_00,20170714,06:38:00,214.0,2.0,428,217.0,1.8,391,25451,16238,31.2,149.0
Station_01,Inv_00,20170714,06:39:00,244.5,2.0,489,217.0,2.0,434,25451,16238,31.3,152.0
Station_01,Inv_00,20170714,06:40:00,238.0,2.0,476,217.0,2.0,434,25451,16238,31.6,156.0
Station_01,Inv_00,20170714,06:41:00,249.4,1.9,474,217.0,2.2,477,25451,16238,31.6,164.0
Station_01,Inv_00,20170714,06:42:00,246.9,1.9,469,217.0,2.0,434,25451,16238,31.9,156.0
Station_01,Inv_00,20170714,06:43:00,247.4,2.1,520,216.0,2.2,475,25451,16238,32.0,163.0
Station_01,Inv_00,20170714,06:44:00,242.0,2.2,532,216.0,2.3,497,25451,16238,32.2,170.0
Station_01,Inv_00,20170714,06:45:00,242.0,2.3,557,216.0,2.5,540,25451,16238,32.6,179.0
Station_01,Inv_00,20170714,06:46:00,229.9,2.5,575,216.0,2.5,540,25451,16238,32.7,190.0
Station_01,Inv_00,20170714,06:47:00,247.5,2.5,619,217.0,2.6,564,25451,16238,33.0,194.0
Station_01,Inv_00,20170714,06:48:00,244.5,2.6,636,217.0,2.6,564,25451,16238,33.2,195.0
Station_01,Inv_00,20170714,06:49:00,244.5,2.7,660,216.0,2.8,605,25451,16238,33.3,204.0
Station_01,Inv_00,20170714,06:50:00,243.0,2.6,632,216.0,2.8,605,25451,16238,33.8,209.0
Station_01,Inv_00,20170714,06:51:00,247.0,2.5,618,216.0,2.8,605,25451,16238,33.8,203.0
Station_01,Inv_00,20170714,06:52:00,245.0,2.7,661,215.0,2.9,624,25451,16238,34.0,206.0
Station_01,Inv_00,20170714,06:53:00,241.0,2.9,699,216.0,3.1,670,25451,16238,34.3,219.0
Station_01,Inv_00,20170714,06:54:00,245.0,2.8,686,216.0,3.0,648,25451,16238,34.5,217.0
Station_01,Inv_00,20170714,06:55:00,243.4,2.9,706,215.0,3.1,667,25451,16238,34.6,219.0
Station_01,Inv_00,20170714,06:56:00,237.5,2.9,689,216.0,3.0,648,25451,16238,34.8,219.0
Station_01,Inv_00,20170714,06:57:00,244.5,3.0,734,216.0,3.1,670,25451,16238,34.8,225.0
Station_01,Inv_00,20170714,06:58:00,238.5,3.1,739,216.0,3.4,734,25451,16238,35.1,238.0
Station_01,Inv_00,20170714,06:59:00,247.0,3.2,790,216.0,3.5,756,25451,16238,35.4,247.0
Station_01,Inv_00,20170714,07:00:00,247.4,3.4,841,216.0,3.6,778,25451,16238,35.5,254.0
Station_01,Inv_00,20170714,07:01:00,237.1,3.5,830,216.0,3.6,778,25451,16238,35.9,262.0
Station_01,Inv_00,20170714,07:02:00,244.5,3.6,880,217.0,3.8,825,25451,16238,36.2,266.0
Station_01,Inv_00,20170714,07:03:00,242.5,3.7,897,215.0,3.9,839,25451,16238,36.0,270.0
Station_01,Inv_00,20170714,07:04:00,243.5,3.8,925,216.0,3.9,842,25451,16238,36.7,280.0
Station_01,Inv_00,20170714,07:05:00,235.0,4.0,940,216.0,3.9,842,25451,16238,37.1,286.0
Station_01,Inv_00,20170714,07:06:00,238.5,4.0,954,215.0,4.1,881,25451,16238,37.3,291.0
Station_01,Inv_00,20170714,07:07:00,245.5,3.9,957,217.0,4.1,890,25451,16238,37.1,292.0
Station_01,Inv_00,20170714,07:08:00,245.0,3.9,955,217.0,4.1,890,25451,16238,37.8,296.0
Station_01,Inv_00,20170714,07:09:00,244.4,4.0,978,217.0,4.2,911,25451,16238,38.0,301.0
Station_01,Inv_00,20170714,07:10:00,243.0,4.2,1021,217.0,4.3,933,25451,16238,38.4,306.0
Station_01,Inv_00,20170714,07:11:00,245.5,4.1,1007,217.0,4.3,933,25451,16238,38.7,308.0
Station_01,Inv_00,20170714,07:12:00,238.5,4.2,1002,217.0,4.2,911,25451,16238,38.9,309.0
Station_01,Inv_00,20170714,07:13:00,230.0,4.4,1012,216.0,4.3,929,25451,16238,39.1,314.0
Station_01,Inv_00,20170714,07:14:00,240.0,4.3,1032,216.0,4.5,972,25451,16238,39.2,318.0
Station_01,Inv_00,20170714,07:15:00,242.0,4.3,1040,216.0,4.5,972,25451,16238,39.5,322.0
Station_01,Inv_00,20170714,07:16:00,244.5,4.5,1100,218.0,4.6,1003,25451,16238,39.6,325.0
Station_01,Inv_00,20170714,07:17:00,239.5,4.5,1078,218.0,4.6,1003,25451,16238,39.3,331.0
Station_01,Inv_00,20170714,07:18:00,243.0,4.5,1093,218.0,4.7,1025,25451,16238,40.0,335.0
Station_01,Inv_00,20170714,07:19:00,242.0,4.8,1162,218.0,4.9,1068,25451,16238,40.2,341.0
Station_01,Inv_00,20170714,07:20:00,236.0,4.8,1133,218.0,4.8,1046,25451,16238,40.1,345.0
Station_01,Inv_00,20170714,07:21:00,235.0,4.8,1128,218.0,4.9,1068,25451,16238,40.8,347.0
Station_01,Inv_00,20170714,07:22:00,235.5,5.1,1201,218.0,5.1,1112,25451,16238,41.1,353.0
Station_01,Inv_00,20170714,07:23:00,236.0,5.2,1227,218.0,5.1,1112,25451,16238,41.6,360.0
Station_01,Inv_00,20170714,07:24:00,241.0,5.1,1229,219.0,5.2,1139,25451,16238,41.5,362.0
Station_01,Inv_00,20170714,07:25:00,239.0,5.1,1219,219.0,5.3,1161,25451,16238,41.4,368.0
Station_01,Inv_00,20170714,07:26:00,239.5,5.3,1269,220.0,5.3,1166,25451,16238,41.8,372.0
Station_01,Inv_00,20170714,07:27:00,238.5,5.3,1264,220.0,5.3,1166,25451,16238,41.8,372.0
Station_01,Inv_00,20170714,07:28:00,240.0,5.2,1248,219.0,5.4,1183,25451,16238,42.1,374.0
Station_01,Inv_00,20170714,07:29:00,241.5,5.3,1280,220.0,5.4,1188,25451,16238,42.5,377.0
Station_01,Inv_00,20170714,07:30:00,235.5,5.4,1272,220.0,5.4,1188,25451,16238,42.7,380.0
Station_01,Inv_00,20170714,07:31:00,237.9,5.5,1309,220.0,5.5,1210,25451,16238,42.2,384.0
Station_01,Inv_00,20170714,07:32:00,240.5,5.4,1299,219.0,5.6,1226,25451,16238,42.7,387.0
Station_01,Inv_00,20170714,07:33:00,238.5,5.5,1312,219.0,5.6,1226,25451,16238,42.7,388.0
Station_01,Inv_00,20170714,07:34:00,241.4,5.4,1304,219.0,5.6,1226,25452,16238,43.0,391.0
Station_01,Inv_00,20170714,07:35:00,232.0,5.6,1299,219.0,5.6,1226,25452,16238,43.4,393.0
Station_01,Inv_00,20170714,07:36:00,235.5,5.6,1319,219.0,5.6,1226,25452,16238,42.9,393.0
Station_01,Inv_00,20170714,07:37:00,239.0,5.6,1338,220.0,5.8,1276,25452,16238,42.9,401.0
Station_01,Inv_00,20170714,07:38:00,236.0,5.7,1345,220.0,5.8,1276,25452,16238,43.4,401.0
Station_01,Inv_00,20170714,07:39:00,236.5,5.9,1395,220.0,5.8,1276,25452,16238,43.8,405.0
Station_01,Inv_00,20170714,07:40:00,236.5,5.9,1395,220.0,6.0,1320,25452,16238,43.2,412.0
Station_01,Inv_00,20170714,07:41:00,230.5,6.1,1406,221.0,6.0,1326,25452,16238,43.2,417.0
Station_01,Inv_00,20170714,07:42:00,238.5,6.1,1455,221.0,6.1,1348,25452,16238,44.0,421.0
Station_01,Inv_00,20170714,07:43:00,236.5,6.0,1419,218.0,6.2,1352,25452,16238,44.4,421.0
Station_01,Inv_00,20170714,07:44:00,235.9,6.2,1463,218.0,6.2,1352,25452,16238,43.5,425.0
Station_01,Inv_00,20170714,07:45:00,235.5,6.1,1436,218.0,6.1,1330,25452,16238,43.7,420.0
Station_01,Inv_00,20170714,07:46:00,233.5,6.1,1424,218.0,6.1,1330,25452,16238,44.3,419.0
Station_01,Inv_00,20170714,07:47:00,237.5,6.1,1449,217.0,6.2,1345,25452,16238,44.6,421.0
Station_01,Inv_00,20170714,07:48:00,234.5,6.3,1477,217.0,6.4,1389,25452,16238,45.0,432.0
Station_01,Inv_00,20170714,07:49:00,234.9,6.4,1504,217.0,6.6,1432,25452,16238,45.0,443.0
Station_01,Inv_00,20170714,07:50:00,229.5,6.7,1538,217.0,6.6,1432,25452,16238,44.6,451.0
Station_01,Inv_00,20170714,07:51:00,236.0,6.6,1558,217.0,6.8,1476,25452,16238,45.1,455.0
Station_01,Inv_00,20170714,07:52:00,232.0,6.9,1601,217.0,6.8,1476,25452,16238,45.1,461.0
Station_01,Inv_00,20170714,07:53:00,235.0,6.8,1598,217.0,6.9,1497,25452,16238,44.5,462.0
Station_01,Inv_00,20170714,07:54:00,238.4,6.6,1574,217.0,6.9,1497,25452,16238,44.7,461.0
Station_01,Inv_00,20170714,07:55:00,231.5,6.8,1574,218.0,6.8,1482,25452,16238,45.1,463.0
Station_01,Inv_00,20170714,07:56:00,232.5,6.9,1604,217.0,6.8,1476,25452,16238,45.1,461.0
Station_01,Inv_00,20170714,07:57:00,233.5,6.5,1518,217.0,6.5,1411,25452,16238,45.1,438.0
Station_01,Inv_00,20170714,07:58:00,232.5,5.7,1325,218.0,5.6,1221,25452,16238,44.5,399.0
Station_01,Inv_00,20170714,07:59:00,234.5,6.3,1477,218.0,6.4,1395,25452,16238,44.9,428.0
Station_01,Inv_00,20170714,08:00:00,233.0,6.0,1398,217.0,6.0,1302,25452,16238,43.5,407.0
Station_01,Inv_00,20170714,08:01:00,228.9,5.7,1305,216.0,5.7,1231,25452,16238,44.0,402.0
Station_01,Inv_00,20170714,08:02:00,236.9,4.9,1161,217.0,5.1,1107,25452,16238,43.6,351.0
Station_01,Inv_00,20170714,08:03:00,237.5,4.4,1045,217.0,4.4,955,25452,16238,42.3,314.0
Station_01,Inv_00,20170714,08:04:00,237.5,4.2,998,216.0,4.2,907,25452,16238,41.5,294.0
Station_01,Inv_00,20170714,08:05:00,240.0,4.0,960,217.0,4.1,890,25452,16238,41.5,286.0
Station_01,Inv_00,20170714,08:06:00,235.5,3.5,824,217.0,3.7,803,25452,16238,41.2,257.0
Station_01,Inv_00,20170714,08:07:00,236.4,3.1,733,217.0,3.2,694,25452,16238,40.4,226.0
Station_01,Inv_00,20170714,08:08:00,237.5,2.7,641,216.0,2.9,626,25452,16238,39.6,205.0
Station_01,Inv_00,20170714,08:09:00,235.3,2.7,635,217.0,2.7,586,25452,16238,38.9,197.0
Station_01,Inv_00,20170714,08:10:00,237.0,2.9,687,217.0,2.9,629,25452,16238,38.1,204.0
Station_01,Inv_00,20170714,08:11:00,239.5,3.0,718,216.0,3.1,670,25452,16238,37.7,218.0
Station_01,Inv_00,20170714,08:12:00,238.0,3.1,738,216.0,3.1,670,25452,16238,36.9,219.0
Station_01,Inv_00,20170714,08:13:00,236.5,3.2,757,215.0,3.3,710,25452,16238,37.2,224.0
Station_01,Inv_00,20170714,08:14:00,239.9,3.7,888,215.0,3.8,817,25452,16238,36.8,252.0
Station_01,Inv_00,20170714,08:15:00,231.0,4.0,924,215.0,4.0,860,25452,16238,37.0,278.0
Station_01,Inv_00,20170714,08:16:00,241.0,4.5,1084,215.0,4.6,989,25452,16238,36.9,310.0
Station_01,Inv_00,20170714,08:17:00,242.5,4.6,1116,215.0,4.9,1054,25452,16238,37.3,321.0
Station_01,Inv_00,20170714,08:18:00,242.0,5.4,1307,216.0,5.5,1188,25452,16238,37.8,362.0
Station_01,Inv_00,20170714,08:19:00,242.0,5.6,1355,216.0,5.8,1253,25452,16238,38.5,381.0
Station_01,Inv_00,20170714,08:20:00,243.5,6.2,1510,216.0,6.4,1382,25452,16238,38.8,414.0
Station_01,Inv_00,20170714,08:21:00,239.5,6.7,1605,216.0,7.0,1512,25452,16238,39.4,442.0
Station_01,Inv_00,20170714,08:22:00,240.5,7.3,1756,216.0,7.6,1642,25453,16239,40.0,482.0
Station_01,Inv_00,20170714,08:23:00,240.9,7.2,1735,219.0,7.6,1664,25453,16239,40.7,491.0
Station_01,Inv_00,20170714,08:24:00,232.5,8.2,1906,220.0,8.1,1782,25453,16239,41.7,533.0
Station_01,Inv_00,20170714,08:25:00,240.0,8.3,1992,219.0,8.6,1883,25453,16239,42.6,564.0
Station_01,Inv_00,20170714,08:26:00,236.4,8.6,2033,220.0,8.7,1914,25453,16239,43.4,573.0
Station_01,Inv_00,20170714,08:27:00,232.5,8.7,2023,219.0,8.7,1905,25453,16239,44.9,577.0
Station_01,Inv_00,20170714,08:28:00,236.0,8.6,2030,220.0,8.7,1914,25453,16239,44.4,580.0
Station_01,Inv_00,20170714,08:29:00,233.9,8.8,2059,219.0,8.9,1949,25453,16239,45.7,585.0
Station_01,Inv_00,20170714,08:30:00,235.0,8.6,2021,219.0,8.7,1905,25453,16239,46.0,587.0
Station_01,Inv_00,20170714,08:31:00,230.5,8.5,1959,219.0,8.3,1818,25453,16239,45.3,567.0
Station_01,Inv_00,20170714,08:32:00,226.5,7.9,1789,220.0,7.7,1694,25453,16239,44.1,528.0
Station_01,Inv_00,20170714,08:33:00,230.5,8.7,2005,219.0,8.7,1905,25453,16239,44.2,570.0
Station_01,Inv_00,20170714,08:34:00,227.0,9.3,2111,219.0,9.0,1971,25453,16239,45.2,594.0
Station_01,Inv_00,20170714,08:35:00,233.4,8.8,2054,220.0,9.0,1980,25453,16239,45.9,553.0
Station_01,Inv_00,20170714,08:36:00,236.0,8.5,2006,220.0,8.6,1892,25453,16239,45.0,570.0
Station_01,Inv_00,20170714,08:37:00,233.5,8.9,2078,219.0,9.0,1971,25453,16239,45.8,596.0
Station_01,Inv_00,20170714,08:38:00,230.5,8.6,1982,219.0,8.6,1883,25453,16239,46.3,571.0
Station_01,Inv_00,20170714,08:39:00,227.5,8.9,2025,219.0,8.7,1905,25453,16239,45.7,572.0
Station_01,Inv_00,20170714,08:40:00,224.0,8.9,1994,220.0,8.6,1892,25453,16239,45.6,526.0
Station_01,Inv_00,20170714,08:41:00,229.5,8.9,2042,220.0,8.7,1914,25453,16239,45.1,577.0
Station_01,Inv_00,20170714,08:42:00,228.5,7.7,1759,219.0,7.7,1686,25453,16239,46.3,541.0
Station_01,Inv_00,20170714,08:43:00,234.0,8.7,2036,220.0,8.8,1936,25453,16239,46.4,573.0
Station_01,Inv_00,20170714,08:44:00,222.0,5.4,1199,220.0,5.0,1100,25453,16239,45.4,479.0
Station_01,Inv_00,20170714,08:45:00,233.9,3.9,912,219.0,4.0,876,25453,16239,43.2,308.0
Station_01,Inv_00,20170714,08:46:00,226.5,3.8,861,219.0,3.7,810,25453,16239,42.9,257.0
Station_01,Inv_00,20170714,08:47:00,216.9,4.3,933,219.0,3.9,854,25453,16239,43.4,352.0
Station_01,Inv_00,20170714,08:48:00,232.5,7.5,1744,220.0,7.9,1738,25453,16239,43.0,431.0
Station_01,Inv_00,20170714,08:49:00,236.3,3.6,851,219.0,3.7,810,25453,16239,41.2,257.0
Station_01,Inv_00,20170714,08:50:00,240.0,4.0,960,219.0,4.0,876,25453,16239,40.6,264.0
Station_01,Inv_00,20170714,08:51:00,238.5,8.1,1932,219.0,8.2,1796,25453,16239,41.8,520.0
Station_01,Inv_00,20170714,08:52:00,235.5,8.5,2002,219.0,8.6,1883,25453,16239,42.8,551.0
Station_01,Inv_00,20170714,08:53:00,221.5,8.2,1816,219.0,7.8,1708,25453,16239,43.0,528.0
Station_01,Inv_00,20170714,08:54:00,228.4,8.2,1873,219.0,8.2,1796,25453,16239,44.8,533.0
Station_01,Inv_00,20170714,08:55:00,232.5,4.3,1000,219.0,4.2,920,25453,16239,44.3,329.0
Station_01,Inv_00,20170714,08:56:00,234.9,6.2,1457,219.0,6.2,1358,25454,16240,44.2,390.0
Station_01,Inv_00,20170714,08:57:00,237.0,9.1,2157,219.0,9.3,2037,25454,16240,43.6,488.0
Station_01,Inv_00,20170714,08:58:00,225.8,4.6,1039,218.0,4.6,1003,25454,16240,43.2,409.0
Station_01,Inv_00,20170714,08:59:00,231.9,4.1,951,218.0,4.0,872,25454,16240,42.1,282.0
Station_01,Inv_00,20170714,09:00:00,235.5,4.1,966,219.0,4.0,876,25454,16240,41.2,280.0
Station_01,Inv_00,20170714,09:01:00,239.0,8.2,1960,220.0,8.1,1782,25454,16240,41.3,443.0
Station_01,Inv_00,20170714,09:02:00,233.5,10.5,2452,220.0,10.5,2310,25454,16240,43.4,675.0
Station_01,Inv_00,20170714,09:03:00,237.5,10.5,2494,220.0,10.6,2332,25454,16240,45.1,687.0
Station_01,Inv_00,20170714,09:04:00,231.5,10.4,2408,220.0,10.4,2288,25454,16240,46.5,679.0
Station_01,Inv_00,20170714,09:05:00,233.5,10.3,2405,220.0,10.4,2288,25454,16240,46.5,673.0
Station_01,Inv_00,20170714,09:06:00,226.0,10.7,2418,219.0,10.5,2300,25454,16240,47.7,689.0
Station_01,Inv_00,20170714,09:07:00,230.5,10.3,2374,219.0,10.3,2256,25454,16240,47.6,679.0
Station_01,Inv_00,20170714,09:08:00,231.0,4.1,947,218.0,4.0,872,25454,16240,46.0,308.0
Station_01,Inv_00,20170714,09:09:00,231.5,3.4,787,218.0,3.6,785,25454,16240,44.1,253.0
Station_01,Inv_00,20170714,09:10:00,232.0,3.5,812,217.0,3.6,781,25454,16240,43.4,248.0
Station_01,Inv_00,20170714,09:11:00,235.0,7.7,1809,218.0,7.4,1613,25454,16240,42.8,353.0
Station_01,Inv_00,20170714,09:12:00,233.5,11.0,2569,219.0,11.1,2431,25454,16240,45.3,702.0
Station_01,Inv_00,20170714,09:13:00,234.0,11.4,2667,219.0,11.4,2497,25454,16240,47.0,743.0
Station_01,Inv_00,20170714,09:14:00,227.5,11.9,2707,219.0,11.7,2562,25454,16240,48.4,761.0
Station_01,Inv_00,20170714,09:15:00,228.5,12.2,2788,219.0,11.9,2606,25454,16240,49.0,782.0
Station_01,Inv_00,20170714,09:16:00,227.5,12.3,2798,219.0,12.0,2628,25454,16240,50.5,792.0
Station_01,Inv_00,20170714,09:17:00,227.5,12.3,2798,220.0,12.0,2640,25454,16240,51.5,802.0
Station_01,Inv_00,20170714,09:18:00,224.0,12.5,2800,219.0,12.0,2628,25454,16240,53.2,801.0
Station_01,Inv_00,20170714,09:19:00,225.0,12.5,2812,220.0,12.0,2640,25454,16240,52.7,804.0
Station_01,Inv_00,20170714,09:20:00,223.5,12.6,2816,218.0,12.1,2638,25454,16240,54.0,808.0
Station_01,Inv_00,20170714,09:21:00,221.0,12.8,2828,218.0,12.3,2681,25454,16240,53.1,820.0
Station_01,Inv_00,20170714,09:22:00,221.5,12.8,2835,219.0,12.2,2672,25454,16240,52.7,819.0
Station_01,Inv_00,20170714,09:23:00,222.0,12.6,2797,218.0,12.0,2616,25454,16240,53.6,812.0
Station_01,Inv_00,20170714,09:24:00,218.5,12.1,2644,219.0,11.5,2519,25455,16240,54.0,773.0
Station_01,Inv_00,20170714,09:25:00,220.0,12.1,2662,219.0,11.3,2475,25455,16240,54.3,776.0
Station_01,Inv_00,20170714,09:26:00,221.5,12.6,2790,218.0,12.1,2638,25455,16240,54.3,812.0
Station_01,Inv_00,20170714,09:27:00,223.5,12.7,2838,219.0,12.2,2672,25455,16240,54.7,824.0
Station_01,Inv_00,20170714,09:28:00,223.0,12.3,2743,219.0,11.8,2584,25455,16240,53.1,802.0
Station_01,Inv_00,20170714,09:29:00,220.5,12.3,2712,218.0,11.7,2551,25455,16240,53.8,790.0
Station_01,Inv_00,20170714,09:30:00,223.0,12.3,2743,219.0,11.8,2584,25455,16240,54.4,795.0
Station_01,Inv_00,20170714,09:31:00,222.0,12.7,2819,220.0,12.1,2662,25455,16240,55.3,807.0
Station_01,Inv_00,20170714,09:32:00,219.0,13.0,2847,220.0,12.2,2684,25455,16240,55.6,828.0
Station_01,Inv_00,20170714,09:33:00,220.5,10.7,2359,218.0,11.5,2507,25455,16240,55.6,788.0
Station_01,Inv_00,20170714,09:34:00,220.5,11.9,2624,218.0,11.3,2463,25455,16240,51.9,589.0
Station_01,Inv_00,20170714,09:35:00,221.5,13.1,2902,218.0,12.5,2725,25455,16240,53.4,830.0
Station_01,Inv_00,20170714,09:36:00,220.5,12.7,2800,218.0,12.1,2638,25455,16240,53.0,822.0
Station_01,Inv_00,20170714,09:37:00,221.5,12.9,2857,218.0,12.3,2681,25455,16240,52.2,676.0
Station_01,Inv_00,20170714,09:38:00,221.0,13.2,2917,219.0,12.6,2759,25455,16240,54.0,843.0
Station_01,Inv_00,20170714,09:39:00,218.5,13.8,3015,218.0,12.9,2812,25455,16240,55.5,859.0
Station_01,Inv_00,20170714,09:40:00,221.5,13.6,3012,218.0,13.0,2834,25455,16240,56.4,875.0
Station_01,Inv_00,20170714,09:41:00,216.5,13.9,3009,218.0,12.9,2812,25455,16240,56.7,883.0
Station_01,Inv_00,20170714,09:42:00,185.4,5.0,927,217.0,4.4,955,25455,16240,57.3,758.0
Station_01,Inv_00,20170714,09:43:00,221.5,4.4,975,217.0,4.2,911,25455,16240,54.2,310.0
Station_01,Inv_00,20170714,09:44:00,224.4,4.3,965,217.0,4.1,890,25455,16240,52.1,299.0
Station_01,Inv_00,20170714,09:45:00,228.0,4.1,935,217.0,4.1,890,25455,16240,50.0,324.0
Station_01,Inv_00,20170714,09:46:00,231.4,3.4,787,216.0,3.6,778,25455,16240,47.3,250.0
Station_01,Inv_00,20170714,09:47:00,231.5,3.1,718,216.0,3.1,670,25455,16240,45.6,226.0
Station_01,Inv_00,20170714,09:48:00,228.4,3.0,685,217.0,3.1,673,25455,16240,44.7,216.0
Station_01,Inv_00,20170714,09:49:00,235.4,3.0,706,218.0,3.1,676,25455,16240,42.4,220.0
Station_01,Inv_00,20170714,09:50:00,232.5,3.1,721,217.0,3.1,673,25455,16240,41.9,223.0
Station_01,Inv_00,20170714,09:51:00,235.9,3.1,731,217.0,3.2,694,25455,16240,41.3,225.0
Station_01,Inv_00,20170714,09:52:00,235.5,3.5,824,218.0,3.6,785,25455,16240,41.3,243.0
Station_01,Inv_00,20170714,09:53:00,222.5,14.2,3160,219.0,13.6,2978,25455,16240,41.9,735.0
Station_01,Inv_00,20170714,09:54:00,222.5,14.3,3182,220.0,13.5,2970,25456,16241,45.7,881.0
Station_01,Inv_00,20170714,09:55:00,223.5,14.1,3151,220.0,13.4,2948,25456,16241,48.6,885.0
Station_01,Inv_00,20170714,09:56:00,219.0,13.8,3022,220.0,12.9,2838,25456,16241,49.4,871.0
Station_01,Inv_00,20170714,09:57:00,213.0,13.9,2961,220.0,12.7,2794,25456,16241,50.9,873.0
Station_01,Inv_00,20170714,09:58:00,212.5,14.0,2975,220.0,12.7,2794,25456,16241,52.2,864.0
Station_01,Inv_00,20170714,09:59:00,213.0,14.0,2982,220.0,12.8,2816,25456,16241,53.9,869.0
Station_01,Inv_00,20170714,10:00:00,212.5,13.7,2911,220.0,12.5,2750,25456,16241,54.4,859.0
Station_01,Inv_00,20170714,10:01:00,212.5,14.0,2975,220.0,12.7,2794,25456,16241,53.2,869.0
Station_01,Inv_00,20170714,10:02:00,222.5,13.8,3070,220.0,13.1,2882,25456,16241,54.5,886.0
Station_01,Inv_00,20170714,10:03:00,219.0,14.0,3066,220.0,13.1,2882,25456,16241,54.9,891.0
Station_01,Inv_00,20170714,10:04:00,219.5,13.7,3007,220.0,12.9,2838,25456,16241,56.4,879.0
Station_01,Inv_00,20170714,10:05:00,216.4,13.7,2965,220.0,12.7,2794,25456,16241,57.3,873.0
Station_01,Inv_00,20170714,10:06:00,204.0,14.2,2897,219.0,12.4,2716,25456,16241,56.0,877.0
Station_01,Inv_00,20170714,10:07:00,206.5,14.2,2932,219.0,12.6,2759,25456,16241,57.9,876.0
Station_01,Inv_00,20170714,10:08:00,216.5,13.6,2944,219.0,12.6,2759,25456,16241,57.1,868.0
Station_01,Inv_00,20170714,10:09:00,219.5,13.3,2919,219.0,12.6,2759,25456,16241,58.4,863.0
Station_01,Inv_00,20170714,10:10:00,204.0,14.0,2856,219.0,12.2,2672,25456,16241,56.8,862.0
Station_01,Inv_00,20170714,10:11:00,204.0,14.0,2856,219.0,12.3,2694,25456,16241,58.2,854.0
Station_01,Inv_00,20170714,10:12:00,211.0,13.7,2891,219.0,12.4,2716,25456,16241,57.3,854.0
Station_01,Inv_00,20170714,10:13:00,208.5,14.2,2961,219.0,12.7,2781,25456,16241,57.7,877.0
Station_01,Inv_00,20170714,10:14:00,208.0,14.3,2974,219.0,12.8,2803,25457,16242,57.5,884.0
Station_01,Inv_00,20170714,10:15:00,208.5,14.1,2940,218.0,12.6,2747,25457,16242,59.3,875.0
Station_01,Inv_00,20170714,10:16:00,207.0,14.1,2919,218.0,12.5,2725,25457,16242,58.4,877.0
Station_01,Inv_00,20170714,10:17:00,207.5,14.1,2926,218.0,12.6,2747,25457,16242,57.9,878.0
Station_01,Inv_00,20170714,10:18:00,207.5,14.2,2946,218.0,12.7,2769,25457,16242,60.3,876.0
Station_01,Inv_00,20170714,10:19:00,208.0,14.0,2912,218.0,12.6,2747,25457,16242,59.9,874.0
Station_01,Inv_00,20170714,10:20:00,208.0,14.0,2912,218.0,12.5,2725,25457,16242,59.0,868.0
Station_01,Inv_00,20170714,10:21:00,202.0,14.3,2888,218.0,12.4,2703,25457,16242,59.4,874.0
Station_01,Inv_00,20170714,10:22:00,215.5,13.8,2974,218.0,12.9,2812,25457,16242,58.1,880.0
Station_01,Inv_00,20170714,10:23:00,209.4,14.3,2995,218.0,12.9,2812,25457,16242,58.4,884.0
Station_01,Inv_00,20170714,10:24:00,215.5,14.0,3017,218.0,13.0,2834,25457,16242,56.3,883.0
Station_01,Inv_00,20170714,10:25:00,215.5,14.0,3017,218.0,13.0,2834,25457,16242,58.9,883.0
Station_01,Inv_00,20170714,10:26:00,213.5,14.1,3010,218.0,12.9,2812,25457,16242,60.9,887.0
Station_01,Inv_00,20170714,10:27:00,217.0,13.7,2973,218.0,12.9,2812,25457,16242,59.7,888.0
Station_01,Inv_00,20170714,10:28:00,219.0,13.4,2934,218.0,12.7,2769,25457,16242,58.6,879.0
Station_01,Inv_00,20170714,10:29:00,213.5,13.3,2840,219.0,12.3,2694,25457,16242,58.9,867.0
Station_01,Inv_00,20170714,10:30:00,210.5,13.8,2905,218.0,12.4,2703,25457,16242,58.9,875.0
Station_01,Inv_00,20170714,10:31:00,213.5,13.6,2904,219.0,12.5,2738,25457,16242,58.0,882.0
Station_01,Inv_00,20170714,10:32:00,212.0,13.9,2946,219.0,12.6,2759,25457,16242,59.0,883.0
Station_01,Inv_00,20170714,10:33:00,214.0,13.7,2932,219.0,12.6,2759,25457,16242,60.2,893.0
Station_01,Inv_00,20170714,10:34:00,215.5,13.9,2995,219.0,12.9,2825,25457,16242,59.7,887.0
Station_01,Inv_00,20170714,10:35:00,210.0,14.3,3003,218.0,12.8,2790,25458,16242,61.2,893.0
Station_01,Inv_00,20170714,10:36:00,215.5,13.9,2995,218.0,12.9,2812,25458,16242,61.1,896.0
Station_01,Inv_00,20170714,10:37:00,208.0,14.3,2974,218.0,12.8,2790,25458,16242,60.3,891.0
Station_01,Inv_00,20170714,10:38:00,209.0,14.1,2947,218.0,12.7,2769,25458,16242,60.5,883.0
Station_01,Inv_00,20170714,10:39:00,208.5,14.0,2919,218.0,12.6,2747,25458,16242,62.2,878.0
Station_01,Inv_00,20170714,10:40:00,211.5,14.1,2982,218.0,12.9,2812,25458,16242,58.7,887.0
Station_01,Inv_00,20170714,10:41:00,201.5,14.6,2942,218.0,12.5,2725,25458,16242,59.4,887.0
Station_01,Inv_00,20170714,10:42:00,203.0,14.2,2882,218.0,12.4,2703,25458,16242,60.7,872.0
Station_01,Inv_00,20170714,10:43:00,212.5,13.7,2911,218.0,12.6,2747,25458,16242,62.3,868.0
Station_01,Inv_00,20170714,10:44:00,214.5,13.5,2896,218.0,12.4,2703,25458,16242,60.7,857.0
Station_01,Inv_00,20170714,10:45:00,215.5,13.3,2866,218.0,12.4,2703,25458,16242,59.0,852.0
Station_01,Inv_00,20170714,10:46:00,216.5,13.5,2923,218.0,12.6,2747,25458,16242,57.8,861.0
Station_01,Inv_00,20170714,10:47:00,212.0,14.0,2968,218.0,12.8,2790,25458,16242,59.8,870.0
Station_01,Inv_00,20170714,10:48:00,211.5,14.0,2961,218.0,12.8,2790,25458,16242,60.2,876.0
Station_01,Inv_00,20170714,10:49:00,210.5,14.1,2968,217.0,12.8,2778,25458,16242,60.0,878.0
Station_01,Inv_00,20170714,10:50:00,210.0,14.1,2961,217.0,12.8,2778,25458,16242,58.9,878.0
Station_01,Inv_00,20170714,10:51:00,210.0,13.9,2919,218.0,12.6,2747,25458,16242,58.4,875.0
Station_01,Inv_00,20170714,10:52:00,210.0,13.9,2919,218.0,12.6,2747,25458,16242,60.9,868.0
Station_01,Inv_00,20170714,10:53:00,215.5,13.7,2952,218.0,12.8,2790,25458,16242,59.1,881.0
Station_01,Inv_00,20170714,10:54:00,213.5,13.7,2925,217.0,12.7,2756,25458,16242,59.6,871.0
Station_01,Inv_00,20170714,10:55:00,198.0,14.5,2871,217.0,12.4,2691,25459,16243,60.1,877.0
Station_01,Inv_00,20170714,10:56:00,206.5,14.2,2932,218.0,12.6,2747,25459,16243,60.6,885.0
Station_01,Inv_00,20170714,10:57:00,210.0,14.2,2982,218.0,12.9,2812,25459,16243,58.2,890.0
Station_01,Inv_00,20170714,10:58:00,215.0,14.0,3010,218.0,13.0,2834,25459,16243,59.1,892.0
Station_01,Inv_00,20170714,10:59:00,217.0,14.1,3060,218.0,13.2,2878,25459,16243,57.5,902.0
Station_01,Inv_00,20170714,11:00:00,214.0,14.6,3124,218.0,13.4,2921,25459,16243,60.1,919.0
Station_01,Inv_00,20170714,11:01:00,213.0,14.3,3046,218.0,13.1,2856,25459,16243,60.8,908.0
Station_01,Inv_00,20170714,11:02:00,208.5,14.2,2961,218.0,12.9,2812,25459,16243,61.9,904.0
Station_01,Inv_00,20170714,11:03:00,205.9,14.4,2965,218.0,12.8,2790,25459,16243,62.0,905.0
Station_01,Inv_00,20170714,11:04:00,207.5,13.9,2884,218.0,12.4,2703,25459,16243,63.1,880.0
Station_01,Inv_00,20170714,11:05:00,208.5,14.1,2940,217.0,12.8,2778,25459,16243,63.1,891.0
Station_01,Inv_00,20170714,11:06:00,213.5,14.0,2989,217.0,12.9,2799,25459,16243,63.3,897.0
Station_01,Inv_00,20170714,11:07:00,208.0,14.6,3037,218.0,13.1,2856,25459,16243,63.0,909.0
Station_01,Inv_00,20170714,11:08:00,212.5,14.5,3081,217.0,13.3,2886,25459,16243,62.3,923.0
Station_01,Inv_00,20170714,11:09:00,203.0,15.2,3086,217.0,13.3,2886,25459,16243,59.4,934.0
Station_01,Inv_00,20170714,11:10:00,212.5,14.7,3124,217.0,13.5,2930,25459,16243,59.2,935.0
Station_01,Inv_00,20170714,11:11:00,213.0,14.6,3110,217.0,13.4,2908,25459,16243,59.7,935.0
Station_01,Inv_00,20170714,11:12:00,214.0,14.7,3146,217.0,13.5,2930,25459,16243,58.0,937.0
Station_01,Inv_00,20170714,11:13:00,211.5,14.8,3130,217.0,13.5,2930,25459,16243,59.0,931.0
Station_01,Inv_00,20170714,11:14:00,200.5,15.3,3068,217.0,13.2,2864,25459,16243,58.7,928.0
Station_01,Inv_00,20170714,11:15:00,197.5,15.6,3081,217.0,13.3,2886,25460,16243,60.7,936.0
Station_01,Inv_00,20170714,11:16:00,197.0,15.7,3093,217.0,13.4,2908,25460,16243,62.0,938.0
Station_01,Inv_00,20170714,11:17:00,209.0,14.7,3072,217.0,13.3,2886,25460,16243,64.0,929.0
Station_01,Inv_00,20170714,11:18:00,212.0,14.2,3010,217.0,13.1,2843,25460,16243,61.3,908.0
Station_01,Inv_00,20170714,11:19:00,203.5,14.5,2951,217.0,12.8,2778,25460,16243,62.8,888.0
Station_01,Inv_00,20170714,11:20:00,204.5,14.5,2965,217.0,12.9,2799,25460,16243,64.7,896.0
Station_01,Inv_00,20170714,11:21:00,211.5,14.1,2982,217.0,13.0,2821,25460,16243,65.3,906.0
Station_01,Inv_00,20170714,11:22:00,206.0,14.5,2987,217.0,12.9,2799,25460,16243,65.1,903.0
Station_01,Inv_00,20170714,11:23:00,209.5,13.9,2912,217.0,12.7,2756,25460,16243,67.1,893.0
Station_01,Inv_00,20170714,11:24:00,200.5,14.9,2987,217.0,12.9,2799,25460,16243,65.5,910.0
Station_01,Inv_00,20170714,11:25:00,201.9,9.9,1999,216.0,8.0,1728,25460,16243,65.4,579.0
Station_01,Inv_00,20170714,11:26:00,217.5,13.1,2849,217.0,12.3,2669,25460,16243,62.5,851.0
Station_01,Inv_00,20170714,11:27:00,215.0,14.4,3096,217.0,13.4,2908,25460,16243,62.1,938.0
Station_01,Inv_00,20170714,11:28:00,207.5,14.4,2988,216.0,13.0,2808,25460,16243,63.3,897.0
Station_01,Inv_00,20170714,11:29:00,213.5,14.3,3053,217.0,13.3,2886,25460,16243,61.8,917.0
Station_01,Inv_00,20170714,11:30:00,210.0,14.8,3108,217.0,13.4,2908,25460,16243,62.2,930.0
Station_01,Inv_00,20170714,11:31:00,205.5,15.0,3082,217.0,13.3,2886,25460,16243,61.1,923.0
Station_01,Inv_00,20170714,11:32:00,205.0,14.9,3054,217.0,13.2,2864,25460,16243,60.6,921.0
Station_01,Inv_00,20170714,11:33:00,205.0,14.9,3054,217.0,13.2,2864,25460,16243,61.5,918.0
Station_01,Inv_00,20170714,11:34:00,208.5,14.8,3085,217.0,13.4,2908,25460,16243,64.1,938.0
Station_01,Inv_00,20170714,11:35:00,206.0,15.2,3131,217.0,13.5,2930,25461,16244,60.8,957.0
Station_01,Inv_00,20170714,11:36:00,205.0,15.1,3095,218.0,13.4,2921,25461,16244,62.5,943.0
Station_01,Inv_00,20170714,11:37:00,205.5,15.1,3103,218.0,13.4,2921,25461,16244,64.0,942.0
Station_01,Inv_00,20170714,11:38:00,206.0,15.2,3131,217.0,13.5,2930,25461,16244,63.5,944.0
Station_01,Inv_00,20170714,11:39:00,211.0,14.3,3017,217.0,13.2,2864,25461,16244,62.1,934.0
Station_01,Inv_00,20170714,11:40:00,200.0,15.2,3039,217.0,13.0,2821,25461,16244,62.9,931.0
Station_01,Inv_00,20170714,11:41:00,205.5,15.1,3103,217.0,13.4,2908,25461,16244,62.9,942.0
Station_01,Inv_00,20170714,11:42:00,207.0,15.4,3187,217.0,13.8,2995,25461,16244,61.2,964.0
Station_01,Inv_00,20170714,11:43:00,207.0,15.5,3208,217.0,13.9,3016,25461,16244,63.7,967.0
Station_01,Inv_00,20170714,11:44:00,206.5,15.7,3242,217.0,14.0,3038,25461,16244,64.7,982.0
Station_01,Inv_00,20170714,11:45:00,206.5,15.5,3201,217.0,13.9,3016,25461,16244,67.2,976.0
Station_01,Inv_00,20170714,11:46:00,183.9,5.8,1067,216.0,4.8,1037,25461,16244,65.9,555.0
Station_01,Inv_00,20170714,11:47:00,216.4,5.0,1082,216.0,4.7,1015,25461,16244,61.7,347.0
Station_01,Inv_00,20170714,11:48:00,211.5,6.1,1290,216.0,5.5,1188,25461,16244,60.7,363.0
Station_01,Inv_00,20170714,11:49:00,211.5,15.2,3214,218.0,13.9,3030,25461,16244,61.0,895.0
Station_01,Inv_00,20170714,11:50:00,213.0,15.6,3323,218.0,14.3,3117,25461,16244,60.7,982.0
Station_01,Inv_00,20170714,11:51:00,210.0,15.7,3297,218.0,14.2,3096,25461,16244,62.2,976.0
Station_01,Inv_00,20170714,11:52:00,213.0,15.2,3237,218.0,13.9,3030,25461,16244,61.9,967.0
Station_01,Inv_00,20170714,11:53:00,213.5,14.6,3117,217.0,13.4,2908,25461,16244,61.6,917.0
Station_01,Inv_00,20170714,11:54:00,210.0,14.7,3087,217.0,13.4,2908,25461,16244,61.8,917.0
Station_01,Inv_00,20170714,11:55:00,211.5,15.0,3172,218.0,13.6,2965,25461,16244,64.2,937.0
Station_01,Inv_00,20170714,11:56:00,209.5,15.0,3142,218.0,13.5,2943,25462,16245,65.2,943.0
Station_01,Inv_00,20170714,11:57:00,212.0,14.6,3095,218.0,13.4,2921,25462,16245,62.9,934.0
Station_01,Inv_00,20170714,11:58:00,209.0,14.7,3072,218.0,13.3,2899,25462,16245,61.6,924.0
Station_01,Inv_00,20170714,11:59:00,205.0,15.3,3137,219.0,13.4,2935,25462,16245,61.6,935.0
Station_01,Inv_00,20170714,12:00:00,212.4,14.7,3123,219.0,13.4,2935,25462,16245,64.1,937.0
Station_01,Inv_00,20170714,12:01:00,208.5,14.9,3107,219.0,13.3,2913,25462,16245,64.2,930.0
Station_01,Inv_00,20170714,12:02:00,204.5,14.6,2985,219.0,12.9,2825,25462,16245,66.2,911.0
Station_01,Inv_00,20170714,12:03:00,210.0,14.0,2940,220.0,12.5,2750,25462,16245,66.0,898.0
Station_01,Inv_00,20170714,12:04:00,208.0,14.0,2912,220.0,12.4,2728,25462,16245,65.0,859.0
Station_01,Inv_00,20170714,12:05:00,205.5,13.8,2836,219.0,12.2,2672,25462,16245,64.3,848.0
Station_01,Inv_00,20170714,12:06:00,203.0,9.8,1989,219.0,8.4,1840,25462,16245,62.9,768.0
Station_01,Inv_00,20170714,12:07:00,210.0,5.8,1218,218.0,5.1,1112,25462,16245,57.9,380.0
Station_01,Inv_00,20170714,12:08:00,219.5,5.8,1273,218.0,5.5,1199,25462,16245,55.8,375.0
Station_01,Inv_00,20170714,12:09:00,219.5,5.9,1295,218.0,5.5,1199,25462,16245,52.4,379.0
Station_01,Inv_00,20170714,12:10:00,218.5,12.9,2818,220.0,12.0,2640,25462,16245,51.8,616.0
Station_01,Inv_00,20170714,12:11:00,213.0,6.6,1406,219.0,6.0,1314,25462,16245,53.3,577.0
Station_01,Inv_00,20170714,12:12:00,223.0,8.8,1962,219.0,8.2,1796,25462,16245,51.9,468.0
Station_01,Inv_00,20170714,12:13:00,220.5,14.0,3087,220.0,13.2,2904,25462,16245,55.6,893.0
Station_01,Inv_00,20170714,12:14:00,218.5,13.5,2950,220.0,12.6,2772,25462,16245,57.2,826.0
Station_01,Inv_00,20170714,12:15:00,215.0,14.2,3053,219.0,13.1,2869,25462,16245,59.8,895.0
Station_01,Inv_00,20170714,12:16:00,214.4,14.5,3110,219.0,13.3,2913,25462,16245,61.9,910.0
Station_01,Inv_00,20170714,12:17:00,214.0,14.8,3167,219.0,13.5,2957,25462,16245,63.5,935.0
Station_01,Inv_00,20170714,12:18:00,216.5,5.6,1212,218.0,5.1,1112,25462,16245,61.4,374.0
Station_01,Inv_00,20170714,12:19:00,214.5,5.5,1180,218.0,5.0,1090,25463,16245,58.9,352.0
Station_01,Inv_00,20170714,12:20:00,219.5,5.3,1163,218.0,5.1,1112,25463,16245,55.1,347.0
Station_01,Inv_00,20170714,12:21:00,221.0,5.7,1260,218.0,5.3,1155,25463,16245,52.9,359.0
Station_01,Inv_00,20170714,12:22:00,223.4,5.6,1251,218.0,5.3,1155,25463,16245,51.7,360.0
Station_01,Inv_00,20170714,12:23:00,230.8,5.5,1269,219.0,5.5,1205,25463,16245,50.7,370.0
Station_01,Inv_00,20170714,12:24:00,226.0,10.3,2327,219.0,9.7,2124,25463,16245,50.8,443.0
Station_01,Inv_00,20170714,12:25:00,224.0,14.6,3270,220.0,13.9,3058,25463,16245,53.1,905.0
Station_01,Inv_00,20170714,12:26:00,218.0,15.3,3335,220.0,14.3,3146,25463,16245,55.5,962.0
Station_01,Inv_00,20170714,12:27:00,215.5,15.6,3362,220.0,14.4,3168,25463,16245,58.3,970.0
Station_01,Inv_00,20170714,12:28:00,192.5,7.7,1482,218.0,7.1,1548,25463,16245,59.4,944.0
Station_01,Inv_00,20170714,12:29:00,215.5,16.1,3470,220.0,14.8,3256,25463,16245,55.8,744.0
Station_01,Inv_00,20170714,12:30:00,208.5,9.6,2002,220.0,10.4,2288,25463,16245,56.9,890.0
Station_01,Inv_00,20170714,12:31:00,212.5,6.4,1360,218.0,5.8,1264,25463,16245,53.4,409.0
Station_01,Inv_00,20170714,12:32:00,196.0,10.5,2058,219.0,9.1,1993,25463,16245,52.8,571.0
Station_01,Inv_00,20170714,12:33:00,211.5,16.4,3468,220.0,14.8,3256,25463,16245,55.7,990.0
Station_01,Inv_00,20170714,12:34:00,216.5,16.1,3486,220.0,14.9,3278,25463,16245,57.8,1008.0
Station_01,Inv_00,20170714,12:35:00,202.5,16.0,3240,220.0,13.8,3036,25463,16245,59.2,977.0
Station_01,Inv_00,20170714,12:36:00,214.0,15.0,3210,219.0,13.8,3022,25463,16245,60.7,948.0
Station_01,Inv_00,20170714,12:37:00,212.5,15.4,3272,219.0,13.9,3044,25463,16245,60.2,955.0
Station_01,Inv_00,20170714,12:38:00,214.0,14.5,3103,219.0,13.3,2913,25463,16245,62.2,931.0
Station_01,Inv_00,20170714,12:39:00,213.9,14.7,3145,219.0,13.5,2957,25463,16245,63.2,930.0
Station_01,Inv_00,20170714,12:40:00,211.0,15.2,3207,219.0,13.8,3022,25463,16245,63.2,958.0
Station_01,Inv_00,20170714,12:41:00,196.0,17.0,3332,219.0,14.2,3110,25463,16245,64.2,1007.0
Station_01,Inv_00,20170714,12:42:00,203.5,15.7,3195,219.0,13.8,3022,25464,16246,65.4,976.0
Station_01,Inv_00,20170714,12:43:00,205.5,15.9,3267,219.0,13.9,3044,25464,16246,67.4,977.0
Station_01,Inv_00,20170714,12:44:00,183.5,17.1,3138,219.0,13.4,2935,25464,16246,66.9,990.0
Station_01,Inv_00,20170714,12:45:00,206.0,16.4,3378,218.0,14.4,3139,25464,16246,66.5,1002.0
Station_01,Inv_00,20170714,12:46:00,203.0,15.6,3166,218.0,13.7,2987,25464,16246,69.4,982.0
Station_01,Inv_00,20170714,12:47:00,203.0,9.4,1908,217.0,8.5,1845,25464,16246,67.7,691.0
Station_01,Inv_00,20170714,12:48:00,211.0,6.7,1414,217.0,6.1,1324,25464,16246,61.8,423.0
Station_01,Inv_00,20170714,12:49:00,215.5,6.6,1422,218.0,6.1,1330,25464,16246,61.3,407.0
Station_01,Inv_00,20170714,12:50:00,213.5,8.7,1857,218.0,8.1,1766,25464,16246,58.3,517.0
Station_01,Inv_00,20170714,12:51:00,202.0,7.7,1555,217.0,7.1,1541,25464,16246,58.8,740.0
Station_01,Inv_00,20170714,12:52:00,215.0,5.8,1247,217.0,5.5,1194,25464,16246,56.0,395.0
Station_01,Inv_00,20170714,12:53:00,222.5,5.0,1113,217.0,4.7,1020,25464,16246,54.1,323.0
Station_01,Inv_00,20170714,12:54:00,225.0,4.4,990,217.0,4.2,911,25464,16246,50.8,290.0
Station_01,Inv_00,20170714,12:55:00,222.8,4.1,913,217.0,4.0,868,25464,16246,49.1,266.0
Station_01,Inv_00,20170714,12:56:00,228.0,3.9,889,217.0,3.9,846,25464,16246,49.4,253.0
Station_01,Inv_00,20170714,12:57:00,231.0,3.7,855,217.0,3.8,825,25464,16246,47.7,242.0
Station_01,Inv_00,20170714,12:58:00,223.9,3.6,806,217.0,3.6,781,25464,16246,45.8,233.0
Station_01,Inv_00,20170714,12:59:00,231.5,3.6,833,217.0,3.6,781,25464,16246,46.2,230.0
Station_01,Inv_00,20170714,13:00:00,231.7,3.6,834,217.0,3.7,803,25464,16246,45.8,235.0
Station_01,Inv_00,20170714,13:01:00,229.5,5.1,1170,217.0,4.8,1042,25464,16246,44.7,267.0
Station_01,Inv_00,20170714,13:02:00,232.0,5.1,1183,217.0,5.1,1107,25464,16246,44.9,313.0
Station_01,Inv_00,20170714,13:03:00,233.9,5.2,1216,216.0,5.3,1145,25464,16246,45.1,330.0
Station_01,Inv_00,20170714,13:04:00,233.5,5.5,1284,216.0,5.5,1188,25464,16246,44.9,343.0
Station_01,Inv_00,20170714,13:05:00,236.5,5.2,1230,215.0,5.4,1161,25464,16246,45.1,343.0
Station_01,Inv_00,20170714,13:06:00,233.0,5.2,1212,215.0,5.1,1097,25464,16246,44.7,328.0
Station_01,Inv_00,20170714,13:07:00,232.0,5.0,1160,215.0,5.0,1075,25464,16246,44.9,315.0
Station_01,Inv_00,20170714,13:08:00,232.0,5.0,1160,215.0,5.0,1075,25464,16246,45.1,311.0
Station_01,Inv_00,20170714,13:09:00,236.5,5.0,1182,217.0,5.0,1085,25464,16246,44.0,318.0
Station_01,Inv_00,20170714,13:10:00,234.4,5.2,1219,218.0,5.1,1112,25464,16246,44.4,327.0
Station_01,Inv_00,20170714,13:11:00,234.5,6.2,1454,218.0,6.1,1330,25464,16246,44.5,360.0
Station_01,Inv_00,20170714,13:12:00,233.0,13.0,3029,219.0,12.9,2825,25464,16246,47.1,767.0
Station_01,Inv_00,20170714,13:13:00,233.5,7.1,1658,218.0,7.2,1570,25464,16246,46.9,462.0
Station_01,Inv_00,20170714,13:14:00,234.5,10.2,2392,219.0,10.3,2256,25464,16246,48.0,601.0
Station_01,Inv_00,20170714,13:15:00,219.5,13.4,2941,219.0,12.7,2781,25464,16246,51.9,842.0
Station_01,Inv_00,20170714,13:16:00,215.0,11.0,2365,219.0,11.3,2475,25464,16246,52.0,751.0
Station_01,Inv_00,20170714,13:17:00,225.0,9.3,2092,218.0,9.2,2006,25464,16246,51.3,559.0
Station_01,Inv_00,20170714,13:18:00,225.9,13.8,3118,219.0,13.2,2891,25465,16247,52.3,753.0
Station_01,Inv_00,20170714,13:19:00,223.0,15.2,3389,220.0,14.5,3190,25465,16247,53.2,952.0
Station_01,Inv_00,20170714,13:20:00,219.0,15.3,3351,220.0,14.4,3168,25465,16247,54.8,952.0
Station_01,Inv_00,20170714,13:21:00,217.5,15.6,3393,219.0,14.4,3154,25465,16247,57.2,957.0
Station_01,Inv_00,20170714,13:22:00,217.9,15.3,3335,219.0,14.4,3154,25465,16247,56.7,957.0
Station_01,Inv_00,20170714,13:23:00,211.5,15.9,3363,220.0,14.3,3146,25465,16247,58.1,968.0
Station_01,Inv_00,20170714,13:24:00,214.0,15.6,3338,219.0,14.3,3132,25465,16247,59.3,960.0
Station_01,Inv_00,20170714,13:25:00,218.0,15.3,3335,219.0,14.4,3154,25465,16247,59.4,963.0
Station_01,Inv_00,20170714,13:26:00,216.5,15.3,3312,220.0,14.1,3102,25465,16247,59.5,963.0
Station_01,Inv_00,20170714,13:27:00,200.5,15.6,3128,219.0,13.4,2935,25465,16247,61.0,930.0
Station_01,Inv_00,20170714,13:28:00,200.0,15.6,3120,220.0,13.4,2948,25465,16247,61.7,928.0
Station_01,Inv_00,20170714,13:29:00,200.0,15.3,3060,220.0,13.1,2882,25465,16247,59.4,914.0
Station_01,Inv_00,20170714,13:30:00,213.5,14.5,3096,220.0,13.3,2926,25465,16247,57.6,893.0
Station_01,Inv_00,20170714,13:31:00,206.5,12.8,2643,219.0,11.5,2519,25465,16247,58.0,885.0
Station_01,Inv_00,20170714,13:32:00,215.5,13.1,2823,219.0,12.1,2650,25465,16247,59.3,846.0
Station_01,Inv_00,20170714,13:33:00,215.5,14.2,3060,219.0,13.2,2891,25465,16247,60.4,871.0
Station_01,Inv_00,20170714,13:34:00,211.5,14.8,3130,218.0,13.4,2921,25465,16247,59.7,902.0
Station_01,Inv_00,20170714,13:35:00,204.0,15.5,3162,219.0,13.5,2957,25465,16247,60.0,924.0
Station_01,Inv_00,20170714,13:36:00,213.5,15.1,3223,219.0,13.9,3044,25465,16247,60.9,934.0
Station_01,Inv_00,20170714,13:37:00,213.0,15.1,3216,219.0,13.7,3000,25466,16247,62.9,931.0
Station_01,Inv_00,20170714,13:38:00,215.0,14.8,3182,219.0,13.6,2978,25466,16247,62.3,924.0
Station_01,Inv_00,20170714,13:39:00,210.0,14.9,3129,219.0,13.4,2935,25466,16247,61.8,911.0
Station_01,Inv_00,20170714,13:40:00,209.0,14.8,3093,219.0,13.3,2913,25466,16247,62.4,902.0
Station_01,Inv_00,20170714,13:41:00,209.5,14.5,3038,219.0,13.0,2847,25466,16247,60.7,882.0
Station_01,Inv_00,20170714,13:42:00,209.0,14.6,3051,219.0,13.1,2869,25466,16247,60.8,891.0
Station_01,Inv_00,20170714,13:43:00,208.5,14.9,3107,219.0,13.4,2935,25466,16247,62.7,897.0
Station_01,Inv_00,20170714,13:44:00,209.5,14.8,3101,219.0,13.4,2935,25466,16247,61.5,900.0
Station_01,Inv_00,20170714,13:45:00,208.5,14.7,3065,219.0,13.1,2869,25466,16247,61.3,889.0
Station_01,Inv_00,20170714,13:46:00,209.5,14.5,3038,220.0,12.9,2838,25466,16247,61.9,872.0
Station_01,Inv_00,20170714,13:47:00,219.5,13.7,3007,219.0,12.9,2825,25466,16247,59.8,862.0
Station_01,Inv_00,20170714,13:48:00,204.0,14.5,2958,219.0,12.7,2781,25466,16247,59.7,860.0
Station_01,Inv_00,20170714,13:49:00,199.5,14.7,2933,219.0,12.5,2738,25466,16247,60.6,866.0
Station_01,Inv_00,20170714,13:50:00,199.5,13.1,2613,219.0,11.3,2475,25466,16247,60.7,793.0
Station_01,Inv_00,20170714,13:51:00,209.0,11.9,2487,219.0,10.8,2365,25466,16247,59.0,681.0
Station_01,Inv_00,20170714,13:52:00,217.5,12.4,2697,219.0,11.5,2519,25466,16247,58.5,755.0
Station_01,Inv_00,20170714,13:53:00,205.5,13.5,2774,219.0,11.8,2584,25466,16247,57.8,787.0
Station_01,Inv_00,20170714,13:54:00,216.0,14.0,3024,219.0,12.9,2825,25466,16247,60.2,846.0
Station_01,Inv_00,20170714,13:55:00,217.5,14.0,3045,220.0,13.0,2860,25466,16247,58.9,861.0
Station_01,Inv_00,20170714,13:56:00,217.5,13.8,3001,220.0,13.0,2860,25466,16247,59.9,872.0
Station_01,Inv_00,20170714,13:57:00,207.0,14.4,2980,220.0,12.7,2794,25467,16248,61.3,862.0
Station_01,Inv_00,20170714,13:58:00,210.9,14.0,2953,220.0,12.7,2794,25467,16248,61.2,853.0
Station_01,Inv_00,20170714,13:59:00,217.5,13.5,2936,220.0,12.6,2772,25467,16248,59.9,847.0
Station_01,Inv_00,20170714,14:00:00,211.5,13.9,2940,219.0,12.7,2781,25467,16248,60.8,839.0
Station_01,Inv_00,20170714,14:01:00,214.0,14.1,3017,219.0,13.0,2847,25467,16248,61.4,863.0
Station_01,Inv_00,20170714,14:02:00,198.0,15.1,2990,220.0,12.9,2838,25467,16248,61.6,883.0
Station_01,Inv_00,20170714,14:03:00,216.0,14.3,3089,220.0,13.3,2926,25467,16248,60.3,886.0
Station_01,Inv_00,20170714,14:04:00,214.0,14.3,3060,220.0,13.1,2882,25467,16248,60.2,863.0
Station_01,Inv_00,20170714,14:05:00,215.0,14.4,3095,220.0,13.3,2926,25467,16248,59.3,881.0
Station_01,Inv_00,20170714,14:06:00,214.5,13.5,2896,220.0,12.5,2750,25467,16248,61.8,848.0
Station_01,Inv_00,20170714,14:07:00,216.5,11.9,2576,219.0,11.1,2431,25467,16248,61.6,767.0
Station_01,Inv_00,20170714,14:08:00,216.5,9.8,2122,219.0,9.2,2015,25467,16248,60.4,654.0
Station_01,Inv_00,20170714,14:09:00,219.0,8.9,1949,218.0,8.5,1853,25467,16248,58.5,544.0
Station_01,Inv_00,20170714,14:10:00,222.5,9.3,2069,218.0,9.0,1962,25467,16248,55.3,567.0
Station_01,Inv_00,20170714,14:11:00,222.0,12.5,2775,219.0,12.0,2628,25467,16248,56.6,737.0
Station_01,Inv_00,20170714,14:12:00,225.0,12.9,2902,218.0,12.4,2703,25467,16248,57.9,818.0
Station_01,Inv_00,20170714,14:13:00,219.5,13.5,2963,219.0,12.7,2781,25467,16248,58.5,823.0
Station_01,Inv_00,20170714,14:14:00,211.0,14.1,2975,218.0,12.8,2790,25467,16248,59.0,843.0
Station_01,Inv_00,20170714,14:15:00,198.0,14.4,2851,219.0,12.2,2672,25467,16248,59.1,841.0
Station_01,Inv_00,20170714,14:16:00,208.9,13.0,2716,218.0,11.6,2529,25467,16248,59.3,775.0
Station_01,Inv_00,20170714,14:17:00,219.0,11.9,2606,218.0,11.3,2463,25467,16248,58.0,754.0
Station_01,Inv_00,20170714,14:18:00,220.0,10.6,2332,218.0,10.1,2202,25467,16248,55.9,651.0
Station_01,Inv_00,20170714,14:19:00,223.4,7.8,1743,218.0,7.6,1657,25468,16249,57.1,538.0
Station_01,Inv_00,20170714,14:20:00,209.5,7.6,1592,218.0,6.9,1504,25468,16249,53.5,456.0
Station_01,Inv_00,20170714,14:21:00,209.0,7.4,1547,218.0,6.8,1482,25468,16249,53.0,442.0
Station_01,Inv_00,20170714,14:22:00,222.0,10.5,2331,218.0,10.1,2202,25468,16249,54.8,657.0
Station_01,Inv_00,20170714,14:23:00,223.0,5.8,1293,218.0,5.6,1221,25468,16249,53.2,395.0
Station_01,Inv_00,20170714,14:24:00,220.0,4.3,946,217.0,4.1,890,25468,16249,51.5,280.0
Station_01,Inv_00,20170714,14:25:00,225.9,3.2,723,217.0,3.2,694,25468,16249,48.5,217.0
Station_01,Inv_00,20170714,14:26:00,222.0,2.9,644,218.0,2.9,632,25468,16249,47.7,187.0
Station_01,Inv_00,20170714,14:27:00,210.5,3.1,653,218.0,2.9,632,25468,16249,45.8,190.0
Station_01,Inv_00,20170714,14:28:00,210.5,4.2,884,218.0,3.9,850,25468,16249,45.4,241.0
Station_01,Inv_00,20170714,14:29:00,226.8,5.2,1179,219.0,5.0,1095,25468,16249,44.8,316.0
Station_01,Inv_00,20170714,14:30:00,233.5,5.7,1331,219.0,5.6,1226,25468,16249,45.6,351.0
Station_01,Inv_00,20170714,14:31:00,230.5,5.7,1314,218.0,5.6,1221,25468,16249,44.6,373.0
Station_01,Inv_00,20170714,14:32:00,237.9,4.3,1023,218.0,4.3,937,25468,16249,44.4,281.0
Station_01,Inv_00,20170714,14:33:00,230.8,3.8,877,218.0,3.9,850,25468,16249,43.4,248.0
Station_01,Inv_00,20170714,14:34:00,232.5,3.3,767,218.0,3.4,741,25468,16249,43.6,210.0
Station_01,Inv_00,20170714,14:35:00,234.0,2.8,655,217.0,3.0,651,25468,16249,43.0,188.0
Station_01,Inv_00,20170714,14:36:00,228.0,2.5,570,218.0,2.5,545,25468,16249,42.1,166.0
Station_01,Inv_00,20170714,14:37:00,226.2,2.2,498,217.0,2.2,477,25468,16249,40.9,145.0
Station_01,Inv_00,20170714,14:38:00,207.5,1.9,394,218.0,1.8,392,25468,16249,40.1,128.0
Station_01,Inv_00,20170714,14:39:00,209.4,1.4,293,218.0,1.4,305,25468,16249,38.0,103.0
Station_01,Inv_00,20170714,14:40:00,205.0,1.0,205,218.0,1.1,240,25468,16249,36.8,85.0
Station_01,Inv_00,20170714,14:41:00,228.0,0.8,182,218.0,1.0,218,25468,16249,35.7,72.0
Station_01,Inv_00,20170714,14:42:00,202.4,0.8,162,217.0,1.0,217,25468,16249,34.6,68.0
Station_01,Inv_00,20170714,14:43:00,205.0,0.9,185,218.0,1.0,218,25468,16249,33.2,69.0
Station_01,Inv_00,20170714,14:44:00,177.0,1.0,177,218.0,1.0,218,25468,16249,32.4,86.0
Station_01,Inv_00,20170714,14:45:00,229.5,1.2,275,218.0,1.3,283,25468,16249,32.0,82.0
Station_01,Inv_00,20170714,14:46:00,234.0,1.4,328,218.0,1.5,327,25468,16249,31.7,92.0
Station_01,Inv_00,20170714,14:47:00,175.0,1.6,280,218.0,1.4,305,25468,16249,31.5,101.0
Station_01,Inv_00,20170714,14:48:00,200.9,1.5,301,217.0,1.4,304,25468,16249,31.2,104.0
Station_01,Inv_00,20170714,14:49:00,225.0,1.4,315,218.0,1.5,327,25468,16249,31.0,96.0
Station_01,Inv_00,20170714,14:50:00,228.3,1.2,274,218.0,1.4,305,25468,16249,30.5,89.0
Station_01,Inv_00,20170714,14:51:00,204.3,1.1,225,218.0,1.2,262,25468,16249,30.1,80.0
Station_01,Inv_00,20170714,14:52:00,234.0,1.1,257,218.0,1.1,240,25468,16249,29.7,75.0
Station_01,Inv_00,20170714,14:53:00,236.0,0.8,189,218.0,1.0,218,25468,16249,29.3,70.0
Station_01,Inv_00,20170714,14:54:00,233.5,0.8,187,218.0,1.0,218,25468,16249,29.0,65.0
Station_01,Inv_00,20170714,14:55:00,226.0,0.8,181,218.0,0.9,196,25468,16249,28.8,62.0
Station_01,Inv_00,20170714,14:56:00,226.0,0.8,181,218.0,0.9,196,25468,16249,28.6,59.0
Station_01,Inv_00,20170714,14:57:00,230.3,0.6,138,218.0,0.8,174,25468,16249,28.7,58.0
Station_01,Inv_00,20170714,14:58:00,226.0,0.6,136,218.0,0.8,174,25468,16249,28.5,56.0
Station_01,Inv_00,20170714,14:59:00,212.5,0.6,128,219.0,0.7,153,25468,16249,28.5,54.0
Station_01,Inv_00,20170714,15:00:00,212.4,0.5,106,216.0,0.7,151,25468,16249,28.5,51.0
Station_01,Inv_00,20170714,15:01:00,152.5,0.4,61,216.0,0.5,108,25468,16249,28.4,48.0
Station_01,Inv_00,20170714,15:02:00,214.3,0.4,86,216.0,0.5,108,25468,16249,28.3,43.0
Station_01,Inv_00,20170714,15:03:00,207.3,0.3,62,216.0,0.5,108,25468,16249,28.3,40.0
Station_01,Inv_00,20170714,15:04:00,227.3,0.3,68,217.0,0.5,109,25468,16249,28.3,39.0
Station_01,Inv_00,20170714,15:05:00,229.3,0.3,69,217.0,0.5,109,25468,16249,28.2,41.0
Station_01,Inv_00,20170714,15:06:00,231.3,0.3,69,217.0,0.5,109,25468,16249,28.1,43.0
Station_01,Inv_00,20170714,15:07:00,240.3,0.3,72,217.0,0.5,109,25468,16249,28.2,45.0
Station_01,Inv_00,20170714,15:08:00,232.0,0.4,93,217.0,0.5,109,25468,16249,28.2,46.0
Station_01,Inv_00,20170714,15:09:00,242.8,0.4,97,216.0,0.5,108,25468,16249,28.2,49.0
Station_01,Inv_00,20170714,15:10:00,239.3,0.4,96,216.0,0.5,108,25468,16249,28.2,49.0
Station_01,Inv_00,20170714,15:11:00,237.8,0.4,95,216.0,0.5,108,25468,16249,28.3,50.0
Station_01,Inv_00,20170714,15:12:00,233.0,0.2,47,216.0,0.5,108,25468,16249,28.3,48.0
Station_01,Inv_00,20170714,15:13:00,213.0,0.2,43,216.0,0.5,108,25468,16249,28.2,46.0
Station_01,Inv_00,20170714,15:14:00,223.3,0.3,67,216.0,0.5,108,25468,16249,28.2,42.0
Station_01,Inv_00,20170714,15:15:00,213.0,0.4,85,216.0,0.5,108,25468,16249,28.3,38.0
Station_01,Inv_00,20170714,15:16:00,209.0,0.2,42,216.0,0.5,108,25468,16249,28.2,37.0
Station_01,Inv_00,20170714,15:17:00,204.7,0.3,61,216.0,0.4,86,25468,16249,28.1,35.0
Station_01,Inv_00,20170714,15:18:00,215.0,0.1,22,216.0,0.4,86,25468,16249,28.0,35.0
Station_01,Inv_00,20170714,15:19:00,227.7,0.3,68,216.0,0.4,86,25468,16249,28.0,36.0
Station_01,Inv_00,20170714,15:20:00,232.3,0.3,70,216.0,0.4,86,25468,16249,27.9,36.0
Station_01,Inv_00,20170714,15:21:00,233.3,0.3,70,216.0,0.5,108,25468,16249,27.8,38.0
Station_01,Inv_00,20170714,15:22:00,234.0,0.3,70,216.0,0.5,108,25468,16249,27.8,39.0
Station_01,Inv_00,20170714,15:23:00,241.3,0.3,72,216.0,0.5,108,25468,16249,27.7,40.0
Station_01,Inv_00,20170714,15:24:00,231.3,0.3,69,216.0,0.5,108,25468,16249,27.6,41.0
Station_01,Inv_00,20170714,15:25:00,237.0,0.3,71,216.0,0.5,108,25468,16249,27.6,40.0
Station_01,Inv_00,20170714,15:26:00,218.0,0.2,44,216.0,0.5,108,25468,16249,27.6,43.0
Station_01,Inv_00,20170714,15:27:00,231.0,0.2,46,216.0,0.5,108,25468,16249,27.7,44.0
Station_01,Inv_00,20170714,15:28:00,222.0,0.2,44,216.0,0.5,108,25468,16249,27.6,46.0
Station_01,Inv_00,20170714,15:29:00,235.3,0.4,94,217.0,0.5,109,25468,16249,27.5,58.0
Station_01,Inv_00,20170714,15:30:00,240.0,0.4,96,217.0,0.5,109,25468,16249,27.6,49.0
Station_01,Inv_00,20170714,15:31:00,244.0,0.4,98,216.0,0.5,108,25468,16249,27.5,52.0
Station_01,Inv_00,20170714,15:32:00,241.3,0.4,97,216.0,0.5,108,25468,16249,27.5,53.0
Station_01,Inv_00,20170714,15:33:00,220.0,0.3,66,216.0,0.5,108,25468,16249,27.5,55.0
Station_01,Inv_00,20170714,15:34:00,222.3,0.6,133,216.0,0.7,151,25468,16249,27.5,58.0
Station_01,Inv_00,20170714,15:35:00,220.0,0.6,132,216.0,0.8,173,25468,16249,27.5,56.0
Station_01,Inv_00,20170714,15:36:00,197.0,0.5,99,216.0,0.7,151,25468,16249,27.5,54.0
Station_01,Inv_00,20170714,15:37:00,228.8,0.5,114,215.0,0.7,151,25468,16249,27.5,53.0
Station_01,Inv_00,20170714,15:38:00,206.0,0.5,103,217.0,0.6,130,25468,16249,27.5,52.0
Station_01,Inv_00,20170714,15:39:00,212.0,0.5,106,217.0,0.6,130,25468,16249,27.5,51.0
Station_01,Inv_00,20170714,15:40:00,206.0,0.5,103,217.0,0.6,130,25468,16249,27.5,51.0
Station_01,Inv_00,20170714,15:41:00,209.0,0.5,105,216.0,0.6,130,25468,16249,27.6,52.0
Station_01,Inv_00,20170714,15:42:00,209.0,0.5,105,216.0,0.6,130,25468,16249,27.6,51.0
Station_01,Inv_00,20170714,15:43:00,211.4,0.5,106,216.0,0.6,130,25468,16249,27.6,52.0
Station_01,Inv_00,20170714,15:44:00,220.0,0.5,110,216.0,0.7,151,25468,16249,27.5,54.0
Station_01,Inv_00,20170714,15:45:00,217.0,0.6,130,217.0,0.7,152,25468,16249,27.6,54.0
Station_01,Inv_00,20170714,15:46:00,218.7,0.6,131,217.0,0.7,152,25468,16249,27.6,54.0
Station_01,Inv_00,20170714,15:47:00,229.0,0.6,137,217.0,0.7,152,25468,16249,27.6,55.0
Station_01,Inv_00,20170714,15:48:00,191.0,0.7,134,217.0,0.7,152,25468,16249,27.7,55.0
Station_01,Inv_00,20170714,15:49:00,182.0,0.6,109,217.0,0.6,130,25468,16249,27.6,55.0
Station_01,Inv_00,20170714,15:50:00,227.5,0.6,137,217.0,0.8,174,25468,16249,27.7,55.0
Station_01,Inv_00,20170714,15:51:00,230.5,0.6,138,218.0,0.8,174,25468,16249,27.6,57.0
Station_01,Inv_00,20170714,15:52:00,200.0,0.7,140,217.0,0.8,174,25468,16249,27.6,58.0
Station_01,Inv_00,20170714,15:53:00,168.6,0.7,118,217.0,0.7,152,25468,16249,27.6,61.0
Station_01,Inv_00,20170714,15:54:00,224.1,0.8,179,218.0,0.9,196,25468,16249,27.6,65.0
Station_01,Inv_00,20170714,15:55:00,227.4,0.8,182,218.0,1.0,218,25468,16249,27.6,67.0
Station_01,Inv_00,20170714,15:56:00,231.6,0.8,185,217.0,1.0,217,25468,16249,27.6,69.0
Station_01,Inv_00,20170714,15:57:00,239.0,0.8,191,217.0,1.0,217,25468,16249,27.7,71.0
Station_01,Inv_00,20170714,15:58:00,198.8,0.9,179,218.0,1.0,218,25468,16249,27.8,72.0
Station_01,Inv_00,20170714,15:59:00,207.5,1.0,208,218.0,1.0,218,25468,16249,27.9,74.0
Station_01,Inv_00,20170714,16:00:00,211.5,1.0,212,218.0,1.0,218,25468,16249,27.9,75.0
Station_01,Inv_00,20170714,16:01:00,224.0,0.9,202,217.0,1.1,239,25468,16249,27.8,74.0
Station_01,Inv_00,20170714,16:02:00,199.0,1.0,199,218.0,1.0,218,25468,16249,27.8,75.0
Station_01,Inv_00,20170714,16:03:00,221.5,1.0,222,217.0,1.1,239,25468,16249,27.8,74.0
Station_01,Inv_00,20170714,16:04:00,235.0,1.0,235,218.0,1.1,240,25468,16249,27.7,77.0
Station_01,Inv_00,20170714,16:05:00,230.5,1.0,231,218.0,1.2,262,25468,16249,27.7,80.0
Station_01,Inv_00,20170714,16:06:00,204.0,1.0,204,219.0,1.1,241,25468,16249,27.7,81.0
Station_01,Inv_00,20170714,16:07:00,236.2,1.0,236,219.0,1.2,263,25468,16249,27.7,80.0
Station_01,Inv_00,20170714,16:08:00,220.2,1.0,220,218.0,1.2,262,25468,16249,27.7,80.0
Station_01,Inv_00,20170714,16:09:00,211.5,1.0,212,219.0,1.1,241,25468,16249,27.8,80.0
Station_01,Inv_00,20170714,16:10:00,242.5,1.0,243,219.0,1.2,263,25468,16249,27.8,82.0
Station_01,Inv_00,20170714,16:11:00,230.0,1.0,230,219.0,1.1,241,25468,16249,27.8,77.0
Station_01,Inv_00,20170714,16:12:00,204.0,1.0,204,219.0,1.0,219,25468,16249,27.8,77.0
Station_01,Inv_00,20170714,16:13:00,233.8,1.0,234,219.0,1.2,263,25468,16249,27.8,80.0
Station_01,Inv_00,20170714,16:14:00,233.0,1.1,256,219.0,1.3,285,25468,16249,27.8,84.0
Station_01,Inv_00,20170714,16:15:00,237.4,1.2,285,219.0,1.3,285,25468,16249,27.8,86.0
Station_01,Inv_00,20170714,16:16:00,175.4,1.2,211,219.0,1.1,241,25468,16249,27.9,89.0
Station_01,Inv_00,20170714,16:17:00,233.3,1.2,280,219.0,1.4,307,25468,16249,28.0,90.0
Station_01,Inv_00,20170714,16:18:00,220.0,1.3,286,219.0,1.4,307,25468,16249,28.0,96.0
Station_01,Inv_00,20170714,16:19:00,151.3,1.3,197,219.0,1.0,219,25468,16249,28.1,93.0
Station_01,Inv_00,20170714,16:20:00,227.0,1.4,318,219.0,1.4,307,25468,16249,28.2,95.0
Station_01,Inv_00,20170714,16:21:00,234.5,1.4,328,219.0,1.4,307,25468,16249,28.3,97.0
Station_01,Inv_00,20170714,16:22:00,213.5,1.4,299,219.0,1.5,329,25468,16249,28.3,99.0
Station_01,Inv_00,20170714,16:23:00,239.9,1.4,336,219.0,1.5,329,25468,16249,28.3,103.0
Station_01,Inv_00,20170714,16:24:00,181.0,1.5,272,219.0,1.3,285,25468,16249,28.3,103.0
Station_01,Inv_00,20170714,16:25:00,175.0,1.6,280,217.0,1.3,282,25468,16249,28.3,106.0
Station_01,Inv_00,20170714,16:26:00,238.5,1.6,382,217.0,1.6,347,25468,16249,28.3,108.0
Station_01,Inv_00,20170714,16:27:00,241.6,1.6,387,217.0,1.7,369,25468,16249,28.3,110.0
Station_01,Inv_00,20170714,16:28:00,240.0,1.5,360,217.0,1.7,369,25468,16249,28.4,111.0
Station_01,Inv_00,20170714,16:29:00,240.5,1.6,385,217.0,1.7,369,25468,16249,28.4,112.0
Station_01,Inv_00,20170714,16:30:00,220.5,1.7,375,217.0,1.7,369,25468,16249,28.4,113.0
Station_01,Inv_00,20170714,16:31:00,217.2,1.8,391,217.0,1.7,369,25468,16249,28.5,116.0
Station_01,Inv_00,20170714,16:32:00,229.5,1.8,413,216.0,1.8,389,25468,16249,28.6,118.0
Station_01,Inv_00,20170714,16:33:00,241.0,1.8,434,216.0,1.8,389,25468,16249,28.8,119.0
Station_01,Inv_00,20170714,16:34:00,241.8,1.7,411,216.0,1.8,389,25468,16249,28.9,118.0
Station_01,Inv_00,20170714,16:35:00,227.5,1.6,364,216.0,1.7,367,25468,16249,29.0,114.0
Station_01,Inv_00,20170714,16:36:00,236.0,1.4,330,216.0,1.5,324,25468,16249,29.2,108.0
Station_01,Inv_00,20170714,16:37:00,241.5,1.2,290,217.0,1.5,326,25468,16249,29.2,98.0
Station_01,Inv_00,20170714,16:38:00,241.5,1.2,290,217.0,1.3,282,25468,16249,29.3,90.0
Station_01,Inv_00,20170714,16:39:00,229.0,1.0,229,216.0,1.2,259,25468,16249,29.3,82.0
Station_01,Inv_00,20170714,16:40:00,208.0,1.0,208,216.0,1.0,216,25468,16249,29.4,78.0
Station_01,Inv_00,20170714,16:41:00,189.5,1.0,190,216.0,1.0,216,25468,16249,29.2,77.0
Station_01,Inv_00,20170714,16:42:00,224.6,1.0,225,216.0,1.2,259,25468,16249,29.3,80.0
Station_01,Inv_00,20170714,16:43:00,231.7,1.2,278,216.0,1.3,281,25468,16249,29.4,86.0
Station_01,Inv_00,20170714,16:44:00,237.7,1.2,285,217.0,1.4,304,25468,16249,29.4,92.0
Station_01,Inv_00,20170714,16:45:00,240.0,1.4,336,217.0,1.4,304,25468,16249,29.5,99.0
Station_01,Inv_00,20170714,16:46:00,235.5,1.5,353,217.0,1.6,347,25468,16249,29.7,107.0
Station_01,Inv_00,20170714,16:47:00,208.5,1.7,354,218.0,1.6,349,25468,16249,29.7,116.0
Station_01,Inv_00,20170714,16:48:00,235.0,1.8,423,218.0,1.9,414,25468,16249,29.7,127.0
Station_01,Inv_00,20170714,16:49:00,240.5,2.0,481,217.0,2.1,456,25468,16249,29.7,136.0
Station_01,Inv_00,20170714,16:50:00,237.3,2.1,498,217.0,2.2,477,25468,16249,29.8,145.0
Station_01,Inv_00,20170714,16:51:00,247.4,2.1,520,217.0,2.3,499,25468,16249,29.9,148.0
Station_01,Inv_00,20170714,16:52:00,224.0,2.3,515,216.0,2.3,497,25468,16249,30.0,151.0
Station_01,Inv_00,20170714,16:53:00,201.0,2.3,462,217.0,2.0,434,25468,16249,30.3,152.0
Station_01,Inv_00,20170714,16:54:00,245.7,2.2,541,217.0,2.4,521,25468,16249,30.3,153.0
Station_01,Inv_00,20170714,16:55:00,243.0,2.2,535,217.0,2.4,521,25468,16249,30.4,153.0
Station_01,Inv_00,20170714,16:56:00,241.0,2.3,554,217.0,2.4,521,25468,16249,30.5,153.0
Station_01,Inv_00,20170714,16:57:00,241.0,2.2,530,218.0,2.4,523,25468,16249,30.5,153.0
Station_01,Inv_00,20170714,16:58:00,225.5,2.2,496,218.0,2.2,480,25468,16249,30.6,150.0
Station_01,Inv_00,20170714,16:59:00,230.0,2.0,460,219.0,2.1,460,25468,16249,30.5,145.0
Station_01,Inv_00,20170714,17:00:00,242.4,1.9,461,218.0,2.0,436,25468,16249,30.4,138.0
Station_01,Inv_00,20170714,17:01:00,232.0,1.8,418,217.0,1.9,412,25468,16249,30.5,131.0
Station_01,Inv_00,20170714,17:02:00,242.4,1.7,412,217.0,1.9,412,25468,16249,30.3,126.0
Station_01,Inv_00,20170714,17:03:00,227.0,1.6,363,218.0,1.7,371,25468,16249,30.3,120.0
Station_01,Inv_00,20170714,17:04:00,232.0,1.6,371,218.0,1.6,349,25468,16249,30.3,116.0
Station_01,Inv_00,20170714,17:05:00,224.5,1.6,359,218.0,1.6,349,25468,16249,30.3,115.0
Station_01,Inv_00,20170714,17:06:00,210.5,1.7,358,218.0,1.7,371,25468,16249,30.3,119.0
Station_01,Inv_00,20170714,17:07:00,240.0,1.8,432,217.0,1.9,412,25468,16249,30.2,127.0
Station_01,Inv_00,20170714,17:08:00,233.5,2.0,467,218.0,2.0,436,25468,16249,30.4,136.0
Station_01,Inv_00,20170714,17:09:00,234.0,2.1,491,218.0,2.1,458,25468,16249,30.5,144.0
Station_01,Inv_00,20170714,17:10:00,165.9,2.2,365,217.0,1.7,369,25468,16249,30.8,148.0
Station_01,Inv_00,20170714,17:11:00,179.5,2.2,395,218.0,1.8,392,25468,16249,30.9,149.0
Station_01,Inv_00,20170714,17:12:00,234.9,2.2,517,218.0,2.3,501,25468,16249,31.1,148.0
Station_01,Inv_00,20170714,17:13:00,242.0,2.1,508,217.0,2.3,499,25468,16249,31.2,148.0
Station_01,Inv_00,20170714,17:14:00,243.5,2.1,511,217.0,2.2,477,25468,16249,31.2,145.0
Station_01,Inv_00,20170714,17:15:00,241.0,2.0,482,217.0,2.2,477,25468,16249,31.2,142.0
Station_01,Inv_00,20170714,17:16:00,239.0,2.1,502,216.0,2.1,454,25468,16249,31.2,140.0
Station_01,Inv_00,20170714,17:17:00,195.0,2.1,410,216.0,1.8,389,25468,16249,31.4,138.0
Station_01,Inv_00,20170714,17:18:00,231.0,2.0,462,216.0,2.1,454,25468,16249,31.4,138.0
Station_01,Inv_00,20170714,17:19:00,237.3,2.1,498,216.0,2.1,454,25469,16249,31.4,141.0
Station_01,Inv_00,20170714,17:20:00,230.0,2.2,506,216.0,2.2,475,25469,16249,31.3,144.0
Station_01,Inv_00,20170714,17:21:00,239.3,2.0,479,217.0,2.2,477,25469,16249,31.3,146.0
Station_01,Inv_00,20170714,17:22:00,231.5,2.2,509,217.0,2.2,477,25469,16249,31.4,147.0
Station_01,Inv_00,20170714,17:23:00,236.5,2.2,520,217.0,2.3,499,25469,16249,31.6,149.0
Station_01,Inv_00,20170714,17:24:00,232.0,2.3,534,217.0,2.3,499,25469,16249,31.4,151.0
Station_01,Inv_00,20170714,17:25:00,230.0,2.3,529,217.0,2.4,521,25469,16249,31.6,153.0
Station_01,Inv_00,20170714,17:26:00,234.5,2.4,563,217.0,2.4,521,25469,16249,31.6,156.0
Station_01,Inv_00,20170714,17:27:00,242.5,2.2,534,216.0,2.5,540,25469,16249,31.8,157.0
Station_01,Inv_00,20170714,17:28:00,242.0,2.4,581,216.0,2.5,540,25469,16249,31.8,159.0
Station_01,Inv_00,20170714,17:29:00,241.5,2.4,580,216.0,2.5,540,25469,16249,32.0,160.0
Station_01,Inv_00,20170714,17:30:00,240.0,2.4,576,216.0,2.5,540,25469,16249,32.2,160.0
Station_01,Inv_00,20170714,17:31:00,237.5,2.4,570,217.0,2.5,543,25469,16249,32.5,161.0
Station_01,Inv_00,20170714,17:32:00,233.5,2.4,560,217.0,2.5,543,25469,16249,32.6,159.0
Station_01,Inv_00,20170714,17:33:00,233.5,2.3,537,216.0,2.4,518,25469,16249,32.6,157.0
Station_01,Inv_00,20170714,17:34:00,232.0,2.2,510,215.0,2.3,494,25469,16249,32.5,154.0
Station_01,Inv_00,20170714,17:35:00,242.5,2.2,534,215.0,2.4,516,25469,16249,32.5,154.0
Station_01,Inv_00,20170714,17:36:00,237.9,2.4,571,215.0,2.4,516,25469,16249,32.6,157.0
Station_01,Inv_00,20170714,17:37:00,245.0,2.4,588,215.0,2.5,538,25469,16249,32.9,159.0
Station_01,Inv_00,20170714,17:38:00,240.5,2.4,577,216.0,2.5,540,25469,16249,33.2,160.0
Station_01,Inv_00,20170714,17:39:00,239.7,2.4,575,216.0,2.5,540,25469,16249,33.2,163.0
Station_01,Inv_00,20170714,17:40:00,242.2,2.4,581,217.0,2.5,543,25469,16249,33.4,163.0
Station_01,Inv_00,20170714,17:41:00,241.5,2.5,604,216.0,2.6,562,25469,16249,33.6,165.0
Station_01,Inv_00,20170714,17:42:00,244.5,2.6,636,215.0,2.7,581,25469,16249,34.0,183.0
Station_01,Inv_00,20170714,17:43:00,235.0,2.7,635,216.0,2.7,583,25469,16249,34.1,171.0
Station_01,Inv_00,20170714,17:44:00,236.4,2.7,638,216.0,2.8,605,25469,16249,34.4,175.0
Station_01,Inv_00,20170714,17:45:00,237.0,2.7,640,216.0,2.8,605,25469,16249,34.4,174.0
Station_01,Inv_00,20170714,17:46:00,234.0,2.5,585,216.0,2.7,583,25469,16249,34.5,171.0
Station_01,Inv_00,20170714,17:47:00,238.5,2.5,596,216.0,2.6,562,25469,16249,34.5,166.0
Station_01,Inv_00,20170714,17:48:00,245.4,2.3,564,216.0,2.5,540,25469,16249,34.4,177.0
Station_01,Inv_00,20170714,17:49:00,242.0,2.1,508,216.0,2.3,497,25469,16249,34.6,149.0
Station_01,Inv_00,20170714,17:50:00,235.0,2.0,470,216.0,2.0,432,25469,16249,34.6,138.0
Station_01,Inv_00,20170714,17:51:00,230.7,1.8,415,216.0,1.9,410,25469,16249,34.6,127.0
Station_01,Inv_00,20170714,17:52:00,239.0,1.6,382,216.0,1.8,389,25469,16249,34.6,117.0
Station_01,Inv_00,20170714,17:53:00,232.0,1.6,371,215.0,1.7,366,25469,16249,34.4,114.0
Station_01,Inv_00,20170714,17:54:00,238.5,1.7,405,215.0,1.7,366,25469,16249,34.3,115.0
Station_01,Inv_00,20170714,17:55:00,230.7,1.8,415,215.0,1.8,387,25469,16249,34.2,119.0
Station_01,Inv_00,20170714,17:56:00,237.8,1.8,428,216.0,1.9,410,25469,16249,34.2,128.0
Station_01,Inv_00,20170714,17:57:00,234.0,1.9,445,216.0,1.9,410,25469,16249,34.2,123.0
Station_01,Inv_00,20170714,17:58:00,236.5,1.8,426,217.0,1.9,412,25469,16249,34.2,122.0
Station_01,Inv_00,20170714,17:59:00,236.0,1.8,425,217.0,1.9,412,25469,16249,33.9,120.0
Station_01,Inv_00,20170714,18:00:00,239.0,1.7,406,216.0,1.8,389,25469,16249,33.9,124.0
Station_01,Inv_00,20170714,18:01:00,231.4,1.7,393,216.0,1.8,389,25469,16249,33.7,127.0
Station_01,Inv_00,20170714,18:02:00,229.4,1.7,390,216.0,1.7,367,25469,16249,33.7,113.0
Station_01,Inv_00,20170714,18:03:00,232.8,1.6,372,216.0,1.7,367,25469,16249,33.7,113.0
Station_01,Inv_00,20170714,18:04:00,236.5,1.6,378,216.0,1.7,367,25469,16249,33.5,113.0
Station_01,Inv_00,20170714,18:05:00,233.9,1.6,374,217.0,1.7,369,25469,16249,33.5,112.0
Station_01,Inv_00,20170714,18:06:00,233.0,1.6,373,217.0,1.7,369,25469,16249,33.6,110.0
Station_01,Inv_00,20170714,18:07:00,230.0,1.6,368,217.0,1.6,347,25469,16249,33.6,107.0
Station_01,Inv_00,20170714,18:08:00,227.4,1.6,364,217.0,1.6,347,25469,16249,33.4,112.0
Station_01,Inv_00,20170714,18:09:00,235.5,1.6,377,217.0,1.6,347,25469,16249,33.3,115.0
Station_01,Inv_00,20170714,18:10:00,235.8,1.5,354,217.0,1.6,347,25469,16249,33.3,104.0
Station_01,Inv_00,20170714,18:11:00,231.0,1.5,347,217.0,1.5,326,25469,16249,33.2,102.0
Station_01,Inv_00,20170714,18:12:00,232.0,1.5,348,216.0,1.5,324,25469,16249,33.1,101.0
Station_01,Inv_00,20170714,18:13:00,233.5,1.5,350,216.0,1.5,324,25469,16249,33.1,100.0
Station_01,Inv_00,20170714,18:14:00,236.4,1.4,331,216.0,1.5,324,25469,16249,33.0,98.0
Station_01,Inv_00,20170714,18:15:00,233.0,1.4,326,216.0,1.5,324,25469,16249,32.9,97.0
Station_01,Inv_00,20170714,18:16:00,232.1,1.4,325,215.0,1.5,323,25469,16249,32.9,96.0
Station_01,Inv_00,20170714,18:17:00,234.5,1.3,305,215.0,1.5,323,25469,16249,32.7,95.0
Station_01,Inv_00,20170714,18:18:00,232.5,1.3,302,216.0,1.5,324,25469,16249,32.8,92.0
Station_01,Inv_00,20170714,18:19:00,228.5,1.2,274,215.0,1.4,301,25469,16249,32.8,90.0
Station_01,Inv_00,20170714,18:20:00,228.5,1.3,297,218.0,1.3,283,25469,16249,32.7,87.0
Station_01,Inv_00,20170714,18:21:00,232.0,1.2,278,217.0,1.3,282,25469,16249,32.6,84.0
Station_01,Inv_00,20170714,18:22:00,232.2,1.1,255,217.0,1.3,282,25469,16249,32.5,82.0
Station_01,Inv_00,20170714,18:23:00,228.0,1.2,274,217.0,1.2,260,25469,16249,32.3,80.0
Station_01,Inv_00,20170714,18:24:00,231.5,1.1,255,216.0,1.2,259,25469,16249,32.3,78.0
Station_01,Inv_00,20170714,18:25:00,236.0,1.0,236,216.0,1.2,259,25469,16249,32.1,76.0
Station_01,Inv_00,20170714,18:26:00,225.0,1.0,225,216.0,1.1,238,25469,16249,32.0,75.0
Station_01,Inv_00,20170714,18:27:00,230.0,1.0,230,216.0,1.1,238,25469,16249,31.9,73.0
Station_01,Inv_00,20170714,18:28:00,229.7,0.9,207,216.0,1.1,238,25469,16249,31.8,71.0
Station_01,Inv_00,20170714,18:29:00,217.0,0.9,195,216.0,1.0,216,25469,16249,31.7,66.0
Station_01,Inv_00,20170714,18:30:00,222.0,0.8,178,215.0,0.9,194,25469,16249,31.7,62.0
Station_01,Inv_00,20170714,18:31:00,219.5,0.6,132,216.0,0.8,173,25469,16249,31.6,57.0
Station_01,Inv_00,20170714,18:32:00,223.0,0.6,134,217.0,0.7,152,25469,16249,31.5,52.0
Station_01,Inv_00,20170714,18:33:00,221.0,0.6,133,216.0,0.6,130,25469,16249,31.4,47.0
Station_01,Inv_00,20170714,18:34:00,217.0,0.5,109,215.0,0.5,108,25469,16249,31.1,45.0
Station_01,Inv_00,20170714,18:35:00,211.5,0.4,85,215.0,0.5,108,25469,16249,30.9,43.0
Station_01,Inv_00,20170714,18:36:00,196.0,0.5,98,216.0,0.5,108,25469,16249,30.8,41.0
Station_01,Inv_00,20170714,18:37:00,220.0,0.4,88,215.0,0.5,108,25469,16249,30.7,39.0
Station_01,Inv_00,20170714,18:38:00,213.5,0.4,85,216.0,0.5,108,25469,16249,30.6,47.0
Station_01,Inv_00,20170714,18:39:00,221.0,0.4,88,216.0,0.5,108,25469,16249,30.5,38.0
Station_01,Inv_00,20170714,18:40:00,218.0,0.3,65,217.0,0.5,109,25469,16249,30.4,38.0
Station_01,Inv_00,20170714,18:41:00,203.0,0.3,61,217.0,0.5,109,25469,16249,30.3,37.0
Station_01,Inv_00,20170714,18:42:00,204.3,0.3,61,215.0,0.5,108,25469,16249,30.2,35.0
Station_01,Inv_00,20170714,18:43:00,205.0,0.2,41,215.0,0.4,86,25469,16249,30.1,34.0
Station_01,Inv_00,20170714,18:44:00,206.5,0.2,41,217.0,0.4,87,25469,16249,29.9,31.0
Station_01,Inv_00,20170714,18:45:00,202.0,0.2,40,216.0,0.4,86,25469,16249,29.8,31.0
Station_01,Inv_00,20170714,18:46:00,197.0,0.2,39,215.0,0.4,86,25469,16249,29.7,28.0
Station_01,Inv_00,20170714,18:47:00,171.5,0.2,34,216.0,0.4,86,25469,16249,29.6,27.0
Station_01,Inv_00,20170714,18:48:00,0.0,0.0,0,215.0,0.4,86,25469,16249,29.4,28.0
Station_01,Inv_00,20170714,18:49:00,0.0,0.0,0,215.0,0.4,86,25469,16249,29.2,24.0
Station_01,Inv_00,20170714,18:50:00,0.0,0.0,0,0.0,0.0,0,25469,16249,29.0,22.0
Station_01,Inv_00,20170714,18:51:00,0.0,0.0,0,219.0,0.3,66,25469,16249,28.8,20.0
Station_01,Inv_00,20170714,18:52:00,0.0,0.0,0,219.0,0.3,66,25469,16249,28.7,19.0
Station_01,Inv_00,20170714,18:53:00,0.0,0.0,0,219.0,0.3,66,25469,16249,28.5,17.0
Station_01,Inv_00,20170714,18:54:00,0.0,0.0,0,219.0,0.3,66,25469,16249,28.4,17.0
Station_01,Inv_00,20170714,18:55:00,0.0,0.0,0,219.0,0.3,66,25469,16249,28.3,17.0
Station_01,Inv_00,20170714,18:56:00,0.0,0.0,0,219.0,0.3,66,25469,16249,28.2,20.0
Station_01,Inv_00,20170714,18:57:00,0.0,0.0,0,219.0,0.3,66,25469,16249,28.0,19.0
Station_01,Inv_00,20170714,18:58:00,0.0,0.0,0,219.0,0.3,66,25469,16249,28.0,18.0
Station_01,Inv_00,20170714,18:59:00,0.0,0.0,0,219.0,0.3,66,25469,16249,27.9,20.0
Station_01,Inv_00,20170714,19:00:00,0.0,0.0,0,219.0,0.3,66,25469,16249,27.9,19.0
Station_01,Inv_00,20170714,19:01:00,0.0,0.0,0,219.0,0.3,66,25469,16249,27.9,18.0
Station_01,Inv_00,20170714,19:02:00,0.0,0.0,0,219.0,0.3,66,25469,16249,27.8,20.0
Station_01,Inv_00,20170714,19:03:00,0.0,0.0,0,219.0,0.3,66,25469,16249,27.8,32.0
Station_01,Inv_00,20170714,19:04:00,0.0,0.0,0,219.0,0.3,66,25469,16249,27.8,28.0
Station_01,Inv_00,20170714,19:05:00,0.0,0.0,0,219.0,0.3,66,25469,16249,27.8,18.0
Station_01,Inv_00,20170714,19:06:00,0.0,0.0,0,219.0,0.3,66,25469,16249,27.7,19.0
Station_01,Inv_00,20170714,19:07:00,0.0,0.0,0,219.0,0.3,66,25469,16249,27.7,19.0
Station_01,Inv_00,20170714,19:08:00,0.0,0.0,0,219.0,0.3,66,25469,16249,27.6,19.0
Station_01,Inv_00,20170714,19:09:00,0.0,0.0,0,219.0,0.3,66,25469,16249,27.6,18.0
Station_01,Inv_00,20170714,19:10:00,0.0,0.0,0,219.0,0.3,66,25469,16249,27.6,19.0
Station_01,Inv_00,20170714,19:11:00,0.0,0.0,0,219.0,0.3,66,25469,16249,27.5,18.0
Station_01,Inv_00,20170714,19:12:00,0.0,0.0,0,219.0,0.3,66,25469,16249,27.5,18.0
Station_01,Inv_00,20170714,19:13:00,0.0,0.0,0,219.0,0.3,66,25469,16249,27.6,18.0
Station_01,Inv_00,20170714,19:14:00,0.0,0.0,0,219.0,0.3,66,25469,16249,27.6,19.0
Station_01,Inv_00,20170714,19:15:00,0.0,0.0,0,219.0,0.3,66,25469,16249,27.5,18.0
Station_01,Inv_00,20170714,19:16:00,0.0,0.0,0,219.0,0.3,66,25469,16249,27.6,20.0
Station_01,Inv_00,20170714,19:17:00,0.0,0.0,0,219.0,0.3,66,25469,16249,27.6,21.0
Station_01,Inv_00,20170714,19:18:00,0.0,0.0,0,219.0,0.3,66,25469,16249,27.7,20.0
Station_01,Inv_00,20170714,19:19:00,0.0,0.0,0,219.0,0.3,66,25469,16249,27.7,19.0
Station_01,Inv_00,20170714,19:20:00,0.0,0.0,0,219.0,0.3,66,25469,16249,27.7,20.0
Station_01,Inv_00,20170714,19:21:00,0.0,0.0,0,219.0,0.3,66,25469,16249,27.8,19.0
Station_01,Inv_00,20170714,19:22:00,0.0,0.0,0,219.0,0.3,66,25469,16249,27.8,19.0
Station_01,Inv_00,20170714,19:23:00,0.0,0.0,0,219.0,0.3,66,25469,16249,27.8,19.0
Station_01,Inv_00,20170714,19:24:00,0.0,0.0,0,219.0,0.3,66,25469,16249,27.8,19.0
Station_01,Inv_00,20170714,19:25:00,0.0,0.0,0,219.0,0.3,66,25469,16249,27.8,19.0
Station_01,Inv_00,20170714,19:26:00,0.0,0.0,0,219.0,0.3,66,25469,16249,27.7,19.0
Station_01,Inv_00,20170714,19:27:00,0.0,0.0,0,219.0,0.3,66,25469,16249,27.7,19.0
Station_01,Inv_00,20170714,19:28:00,0.0,0.0,0,219.0,0.3,66,25469,16249,27.7,18.0
Station_01,Inv_00,20170714,19:29:00,0.0,0.0,0,219.0,0.3,66,25469,16249,27.6,19.0
Station_01,Inv_00,20170714,19:30:00,0.0,0.0,0,219.0,0.3,66,25469,16249,27.6,18.0
Station_01,Inv_00,20170714,19:31:00,0.0,0.0,0,219.0,0.3,66,25469,16249,27.6,19.0
Station_01,Inv_00,20170714,19:32:00,0.0,0.0,0,219.0,0.3,66,25469,16249,27.6,19.0
Station_01,Inv_00,20170714,19:33:00,0.0,0.0,0,219.0,0.3,66,25469,16249,27.6,18.0
Station_01,Inv_00,20170714,19:34:00,0.0,0.0,0,219.0,0.3,66,25469,16249,27.5,33.0
Station_01,Inv_00,20170714,19:35:00,0.0,0.0,0,219.0,0.3,66,25469,16249,27.6,18.0
Station_01,Inv_00,20170714,19:36:00,0.0,0.0,0,219.0,0.3,66,25469,16249,27.5,18.0
Station_01,Inv_00,20170714,19:37:00,0.0,0.0,0,219.0,0.3,66,25469,16249,27.5,18.0
Station_01,Inv_00,20170714,19:38:00,0.0,0.0,0,219.0,0.3,66,25469,16249,27.5,18.0
Station_01,Inv_00,20170714,19:39:00,0.0,0.0,0,219.0,0.3,66,25469,16249,27.5,18.0
Station_01,Inv_00,20170714,19:40:00,0.0,0.0,0,219.0,0.3,66,25469,16249,27.5,18.0
Station_01,Inv_00,20170714,19:41:00,0.0,0.0,0,219.0,0.3,66,25469,16249,27.4,18.0
Station_01,Inv_00,20170714,19:42:00,0.0,0.0,0,219.0,0.3,66,25469,16249,27.3,18.0
Station_01,Inv_00,20170714,19:43:00,0.0,0.0,0,219.0,0.3,66,25469,16249,27.3,18.0
Station_01,Inv_00,20170714,19:44:00,0.0,0.0,0,219.0,0.3,66,25469,16249,27.3,19.0
Station_01,Inv_00,20170714,19:45:00,0.0,0.0,0,219.0,0.3,66,25469,16249,27.3,18.0
Station_01,Inv_00,20170714,19:46:00,0.0,0.0,0,219.0,0.3,66,25469,16249,27.3,18.0
Station_01,Inv_00,20170714,19:47:00,0.0,0.0,0,219.0,0.3,66,25469,16249,27.3,18.0
Station_01,Inv_00,20170714,19:48:00,0.0,0.0,0,219.0,0.3,66,25469,16249,27.3,18.0
Station_01,Inv_00,20170714,19:49:00,0.0,0.0,0,219.0,0.3,66,25469,16249,27.3,18.0
Station_01,Inv_00,20170714,19:50:00,0.0,0.0,0,219.0,0.3,66,25469,16249,27.3,18.0
Station_01,Inv_00,20170714,19:51:00,0.0,0.0,0,219.0,0.3,66,25469,16249,27.3,18.0
Station_01,Inv_00,20170714,19:52:00,0.0,0.0,0,219.0,0.3,66,25469,16249,27.3,18.0
Station_01,Inv_00,20170714,19:53:00,0.0,0.0,0,219.0,0.3,66,25469,16249,27.2,18.0
Station_01,Inv_00,20170714,19:54:00,0.0,0.0,0,219.0,0.3,66,25469,16249,27.3,18.0
Station_01,Inv_00,20170714,19:55:00,0.0,0.0,0,219.0,0.3,66,25469,16249,27.2,18.0
Station_01,Inv_00,20170714,19:56:00,0.0,0.0,0,219.0,0.3,66,25469,16249,27.1,18.0
Station_01,Inv_00,20170714,19:57:00,0.0,0.0,0,219.0,0.3,66,25469,16249,27.1,18.0
Station_01,Inv_00,20170714,19:58:00,0.0,0.0,0,219.0,0.3,66,25469,16249,27.1,18.0
Station_01,Inv_00,20170714,19:59:00,0.0,0.0,0,219.0,0.3,66,25469,16249,27.0,17.0
Station_01,Inv_00,20170714,20:00:00,0.0,0.0,0,219.0,0.3,66,25469,16249,27.0,17.0
