Station_01,Inv_00,20170708,05:00:00,0.0,0.0,0,0.0,0.0,0,25343,16169,25.9,18.0
Station_01,Inv_00,20170708,05:01:00,0.0,0.0,0,0.0,0.0,0,25343,16169,26.0,18.0
Station_01,Inv_00,20170708,05:02:00,0.0,0.0,0,0.0,0.0,0,25343,16169,26.0,18.0
Station_01,Inv_00,20170708,05:03:00,0.0,0.0,0,0.0,0.0,0,25343,16169,26.0,18.0
Station_01,Inv_00,20170708,05:04:00,0.0,0.0,0,0.0,0.0,0,25343,16169,26.0,18.0
Station_01,Inv_00,20170708,05:05:00,0.0,0.0,0,0.0,0.0,0,25343,16169,26.1,18.0
Station_01,Inv_00,20170708,05:06:00,0.0,0.0,0,0.0,0.0,0,25343,16169,26.0,19.0
Station_01,Inv_00,20170708,05:07:00,0.0,0.0,0,0.0,0.0,0,25343,16169,26.1,19.0
Station_01,Inv_00,20170708,05:08:00,0.0,0.0,0,0.0,0.0,0,25343,16169,26.1,19.0
Station_01,Inv_00,20170708,05:09:00,0.0,0.0,0,0.0,0.0,0,25343,16169,26.3,20.0
Station_01,Inv_00,20170708,05:10:00,0.0,0.0,0,0.0,0.0,0,25343,16169,26.3,20.0
Station_01,Inv_00,20170708,05:11:00,0.0,0.0,0,0.0,0.0,0,25343,16169,26.3,20.0
Station_01,Inv_00,20170708,05:12:00,0.0,0.0,0,0.0,0.0,0,25343,16169,26.2,20.0
Station_01,Inv_00,20170708,05:13:00,0.0,0.0,0,0.0,0.0,0,25343,16169,26.3,19.0
Station_01,Inv_00,20170708,05:14:00,0.0,0.0,0,0.0,0.0,0,25343,16169,26.2,19.0
Station_01,Inv_00,20170708,05:15:00,0.0,0.0,0,0.0,0.0,0,25343,16169,26.2,19.0
Station_01,Inv_00,20170708,05:16:00,0.0,0.0,0,0.0,0.0,0,25343,16169,26.2,19.0
Station_01,Inv_00,20170708,05:17:00,0.0,0.0,0,0.0,0.0,0,25343,16169,26.1,19.0
Station_01,Inv_00,20170708,05:18:00,0.0,0.0,0,0.0,0.0,0,25343,16169,26.1,20.0
Station_01,Inv_00,20170708,05:19:00,0.0,0.0,0,0.0,0.0,0,25343,16169,26.2,20.0
Station_01,Inv_00,20170708,05:20:00,0.0,0.0,0,0.0,0.0,0,25343,16169,26.2,21.0
Station_01,Inv_00,20170708,05:21:00,0.0,0.0,0,0.0,0.0,0,25343,16169,26.2,21.0
Station_01,Inv_00,20170708,05:22:00,0.0,0.0,0,0.0,0.0,0,25343,16169,26.2,22.0
Station_01,Inv_00,20170708,05:23:00,0.0,0.0,0,0.0,0.0,0,25343,16169,26.3,22.0
Station_01,Inv_00,20170708,05:24:00,0.0,0.0,0,0.0,0.0,0,25343,16169,26.3,23.0
Station_01,Inv_00,20170708,05:25:00,0.0,0.0,0,0.0,0.0,0,25343,16169,26.4,23.0
Station_01,Inv_00,20170708,05:26:00,0.0,0.0,0,0.0,0.0,0,25343,16169,26.4,489.0
Station_01,Inv_00,20170708,05:27:00,0.0,0.0,0,0.0,0.0,0,25343,16169,26.5,23.0
Station_01,Inv_00,20170708,05:28:00,0.0,0.0,0,0.0,0.0,0,25343,16169,26.5,23.0
Station_01,Inv_00,20170708,05:29:00,0.0,0.0,0,0.0,0.0,0,25343,16169,26.6,24.0
Station_01,Inv_00,20170708,05:30:00,0.0,0.0,0,0.0,0.0,0,25343,16169,26.6,24.0
Station_01,Inv_00,20170708,05:31:00,0.0,0.0,0,0.0,0.0,0,25343,16169,26.6,24.0
Station_01,Inv_00,20170708,05:32:00,0.0,0.0,0,0.0,0.0,0,25343,16169,26.6,24.0
Station_01,Inv_00,20170708,05:33:00,0.0,0.0,0,0.0,0.0,0,25343,16169,26.7,25.0
Station_01,Inv_00,20170708,05:34:00,0.0,0.0,0,0.0,0.0,0,25343,16169,26.7,26.0
Station_01,Inv_00,20170708,05:35:00,0.0,0.0,0,0.0,0.0,0,25343,16169,26.8,27.0
Station_01,Inv_00,20170708,05:36:00,0.0,0.0,0,0.0,0.0,0,25343,16169,26.8,28.0
Station_01,Inv_00,20170708,05:37:00,0.0,0.0,0,223.0,0.5,112,25343,16169,26.8,28.0
Station_01,Inv_00,20170708,05:38:00,0.0,0.0,0,223.0,0.5,112,25343,16169,26.9,28.0
Station_01,Inv_00,20170708,05:39:00,0.0,0.0,0,223.0,0.5,112,25343,16169,26.9,28.0
Station_01,Inv_00,20170708,05:40:00,0.0,0.0,0,223.0,0.5,112,25343,16169,26.9,29.0
Station_01,Inv_00,20170708,05:41:00,0.0,0.0,0,222.0,0.5,111,25343,16169,26.9,29.0
Station_01,Inv_00,20170708,05:42:00,213.0,0.2,43,218.0,0.5,109,25343,16169,26.9,30.0
Station_01,Inv_00,20170708,05:43:00,216.0,0.2,43,218.0,0.4,87,25343,16169,27.0,31.0
Station_01,Inv_00,20170708,05:44:00,224.0,0.2,45,220.0,0.4,88,25343,16169,27.0,31.0
Station_01,Inv_00,20170708,05:45:00,230.5,0.2,46,216.0,0.4,86,25343,16169,27.0,32.0
Station_01,Inv_00,20170708,05:46:00,198.0,0.1,20,215.0,0.4,86,25343,16169,27.1,42.0
Station_01,Inv_00,20170708,05:47:00,213.0,0.2,43,215.0,0.4,86,25343,16169,27.1,34.0
Station_01,Inv_00,20170708,05:48:00,208.7,0.3,63,215.0,0.4,86,25343,16169,27.2,34.0
Station_01,Inv_00,20170708,05:49:00,173.0,0.3,52,215.0,0.4,86,25343,16169,27.2,35.0
Station_01,Inv_00,20170708,05:50:00,161.7,0.3,49,215.0,0.4,86,25343,16169,27.2,37.0
Station_01,Inv_00,20170708,05:51:00,152.0,0.3,46,215.0,0.4,86,25343,16169,27.3,38.0
Station_01,Inv_00,20170708,05:52:00,169.3,0.3,51,215.0,0.5,108,25343,16169,27.3,40.0
Station_01,Inv_00,20170708,05:53:00,187.3,0.3,56,214.0,0.5,107,25343,16169,27.3,41.0
Station_01,Inv_00,20170708,05:54:00,208.5,0.4,83,217.0,0.5,109,25343,16169,27.3,42.0
Station_01,Inv_00,20170708,05:55:00,219.3,0.3,66,217.0,0.5,109,25343,16169,27.4,43.0
Station_01,Inv_00,20170708,05:56:00,219.7,0.3,66,217.0,0.5,109,25343,16169,27.4,44.0
Station_01,Inv_00,20170708,05:57:00,223.0,0.4,89,218.0,0.5,109,25343,16169,27.5,44.0
Station_01,Inv_00,20170708,05:58:00,218.5,0.4,87,219.0,0.5,110,25343,16169,27.6,45.0
Station_01,Inv_00,20170708,05:59:00,207.5,0.4,83,219.0,0.5,110,25343,16169,27.6,45.0
Station_01,Inv_00,20170708,06:00:00,223.0,0.3,67,217.0,0.5,109,25343,16169,27.7,46.0
Station_01,Inv_00,20170708,06:01:00,188.0,0.4,75,217.0,0.5,109,25343,16169,27.7,46.0
Station_01,Inv_00,20170708,06:02:00,152.0,0.4,61,217.0,0.5,109,25343,16169,27.8,46.0
Station_01,Inv_00,20170708,06:03:00,196.0,0.4,78,217.0,0.5,109,25343,16169,27.8,48.0
Station_01,Inv_00,20170708,06:04:00,158.8,0.5,79,218.0,0.5,109,25343,16169,27.9,49.0
Station_01,Inv_00,20170708,06:05:00,167.0,0.4,67,218.0,0.5,109,25343,16169,27.9,49.0
Station_01,Inv_00,20170708,06:06:00,193.4,0.5,97,217.0,0.5,109,25343,16169,28.0,50.0
Station_01,Inv_00,20170708,06:07:00,231.0,0.5,116,216.0,0.6,130,25343,16169,28.0,51.0
Station_01,Inv_00,20170708,06:08:00,231.0,0.5,116,216.0,0.6,130,25343,16169,28.0,52.0
Station_01,Inv_00,20170708,06:09:00,221.0,0.5,111,216.0,0.6,130,25343,16169,28.1,53.0
Station_01,Inv_00,20170708,06:10:00,213.0,0.6,128,216.0,0.6,130,25343,16169,28.2,54.0
Station_01,Inv_00,20170708,06:11:00,194.0,0.6,116,216.0,0.6,130,25343,16169,28.2,55.0
Station_01,Inv_00,20170708,06:12:00,208.2,0.5,104,216.0,0.6,130,25343,16169,28.3,56.0
Station_01,Inv_00,20170708,06:13:00,226.0,0.6,136,215.0,0.7,151,25343,16169,28.3,57.0
Station_01,Inv_00,20170708,06:14:00,224.0,0.6,134,216.0,0.7,151,25343,16169,28.3,58.0
Station_01,Inv_00,20170708,06:15:00,228.0,0.6,137,214.0,0.8,171,25343,16169,28.4,59.0
Station_01,Inv_00,20170708,06:16:01,223.3,0.7,156,217.0,0.8,174,25343,16169,28.5,60.0
Station_01,Inv_00,20170708,06:17:00,235.9,0.7,165,218.0,0.8,174,25343,16169,28.5,62.0
Station_01,Inv_00,20170708,06:18:00,180.0,0.8,144,218.0,0.7,153,25343,16169,28.6,65.0
Station_01,Inv_00,20170708,06:19:00,173.8,0.8,139,218.0,0.7,153,25343,16169,28.7,67.0
Station_01,Inv_00,20170708,06:20:00,229.3,0.9,206,218.0,1.1,240,25343,16169,28.9,80.0
Station_01,Inv_00,20170708,06:21:00,209.5,1.1,230,217.0,1.2,260,25343,16169,29.2,103.0
Station_01,Inv_00,20170708,06:22:00,229.0,1.0,229,216.0,1.1,238,25343,16169,29.3,90.0
Station_01,Inv_00,20170708,06:23:00,226.7,1.1,249,216.0,1.3,281,25343,16169,29.5,101.0
Station_01,Inv_00,20170708,06:24:00,234.7,1.5,352,216.0,1.5,324,25343,16169,29.9,122.0
Station_01,Inv_00,20170708,06:25:00,237.5,1.4,333,217.0,1.5,326,25343,16169,30.2,122.0
Station_01,Inv_00,20170708,06:26:00,234.5,1.3,305,217.0,1.4,304,25343,16169,30.3,108.0
Station_01,Inv_00,20170708,06:27:00,222.0,1.3,289,216.0,1.3,281,25343,16169,30.4,103.0
Station_01,Inv_00,20170708,06:28:00,221.5,1.3,288,216.0,1.4,302,25343,16169,30.6,112.0
Station_01,Inv_00,20170708,06:29:00,238.7,1.5,358,217.0,1.5,326,25343,16169,30.8,119.0
Station_01,Inv_00,20170708,06:30:00,236.5,1.4,331,218.0,1.5,327,25343,16169,31.0,117.0
Station_01,Inv_00,20170708,06:31:00,238.5,1.5,358,217.0,1.5,326,25343,16169,31.1,116.0
Station_01,Inv_00,20170708,06:32:00,235.3,1.9,447,217.0,1.9,412,25343,16169,31.5,145.0
Station_01,Inv_00,20170708,06:33:00,196.0,1.8,353,217.0,1.5,326,25343,16169,31.7,141.0
Station_01,Inv_00,20170708,06:34:00,209.0,2.4,502,217.0,2.1,456,25343,16169,32.1,173.0
Station_01,Inv_00,20170708,06:35:00,245.5,2.5,614,218.0,2.7,589,25343,16169,32.8,208.0
Station_01,Inv_00,20170708,06:36:00,244.0,2.5,610,218.0,2.8,610,25343,16169,33.3,210.0
Station_01,Inv_00,20170708,06:37:00,244.5,2.7,660,218.0,2.8,610,25343,16169,33.7,211.0
Station_01,Inv_00,20170708,06:38:00,246.5,2.5,616,218.0,2.8,610,25343,16169,34.1,203.0
Station_01,Inv_00,20170708,06:39:01,247.4,2.9,717,219.0,3.1,679,25343,16169,34.7,229.0
Station_01,Inv_00,20170708,06:40:00,245.0,3.2,784,219.0,3.4,745,25343,16169,35.3,245.0
Station_01,Inv_00,20170708,06:41:00,244.5,3.4,831,217.0,3.6,781,25343,16169,35.7,257.0
Station_01,Inv_00,20170708,06:42:00,247.5,3.3,817,216.0,3.6,778,25343,16169,36.4,261.0
Station_01,Inv_00,20170708,06:43:00,246.4,3.3,813,217.0,3.6,781,25343,16169,36.9,263.0
Station_01,Inv_00,20170708,06:44:00,244.0,3.1,756,217.0,3.3,716,25343,16169,37.1,238.0
Station_01,Inv_00,20170708,06:45:00,240.4,2.9,697,217.0,3.1,673,25343,16169,37.2,223.0
Station_01,Inv_00,20170708,06:46:00,237.9,3.2,761,217.0,3.3,716,25343,16169,37.6,233.0
Station_01,Inv_00,20170708,06:47:00,227.4,3.1,705,217.0,3.2,694,25343,16169,37.9,236.0
Station_01,Inv_00,20170708,06:48:00,236.5,2.8,662,217.0,2.9,629,25343,16169,37.9,207.0
Station_01,Inv_00,20170708,06:49:00,221.3,2.5,553,217.0,2.4,521,25343,16169,37.8,181.0
Station_01,Inv_00,20170708,06:50:00,233.3,2.3,537,217.0,2.3,499,25343,16169,37.6,165.0
Station_01,Inv_00,20170708,06:51:01,237.0,2.4,569,217.0,2.4,521,25343,16169,37.5,167.0
Station_01,Inv_00,20170708,06:52:00,237.5,2.7,641,217.0,2.7,586,25343,16169,37.6,187.0
Station_01,Inv_00,20170708,06:53:00,239.9,2.9,696,217.0,3.0,651,25343,16169,37.6,204.0
Station_01,Inv_00,20170708,06:54:00,236.5,3.3,780,217.0,3.4,738,25343,16169,38.0,230.0
Station_01,Inv_00,20170708,06:55:00,222.0,3.2,710,216.0,3.2,691,25343,16169,38.3,233.0
Station_01,Inv_00,20170708,06:56:01,239.5,3.1,742,216.0,3.1,670,25343,16169,38.2,221.0
Station_01,Inv_00,20170708,06:57:00,239.5,3.5,838,217.0,3.6,781,25343,16169,38.0,241.0
Station_01,Inv_00,20170708,06:58:00,235.0,3.4,799,218.0,3.6,785,25343,16169,38.4,248.0
Station_01,Inv_00,20170708,06:59:00,240.0,3.1,744,218.0,3.2,698,25343,16169,38.5,226.0
Station_01,Inv_00,20170708,07:00:00,239.7,3.0,719,218.0,3.2,698,25343,16169,38.4,221.0
Station_01,Inv_00,20170708,07:01:00,234.5,3.1,727,218.0,3.2,698,25343,16169,38.2,220.0
Station_01,Inv_00,20170708,07:02:00,233.5,3.2,747,218.0,3.2,698,25343,16169,38.3,220.0
Station_01,Inv_00,20170708,07:03:00,237.0,2.9,687,218.0,3.0,654,25343,16169,38.0,204.0
Station_01,Inv_00,20170708,07:04:00,228.7,2.8,640,218.0,2.7,589,25343,16169,37.9,195.0
Station_01,Inv_00,20170708,07:05:00,211.9,2.8,593,217.0,2.5,543,25343,16169,37.8,191.0
Station_01,Inv_00,20170708,07:06:00,235.8,2.6,613,217.0,2.8,608,25343,16169,37.9,191.0
Station_01,Inv_00,20170708,07:07:00,233.8,2.8,655,217.0,2.8,608,25343,16169,37.9,193.0
Station_01,Inv_00,20170708,07:08:00,218.3,2.9,633,217.0,2.8,608,25343,16169,37.8,198.0
Station_01,Inv_00,20170708,07:09:01,242.0,2.9,702,216.0,3.1,670,25343,16169,38.0,203.0
Station_01,Inv_00,20170708,07:10:00,241.9,2.9,702,216.0,3.2,691,25343,16169,38.1,213.0
Station_01,Inv_00,20170708,07:11:00,243.5,3.2,779,217.0,3.3,716,25343,16169,38.4,223.0
Station_01,Inv_00,20170708,07:12:00,240.3,3.2,769,217.0,3.5,760,25343,16169,38.6,233.0
Station_01,Inv_00,20170708,07:13:00,231.0,3.2,739,217.0,3.2,694,25343,16169,38.8,219.0
Station_01,Inv_00,20170708,07:14:00,210.0,3.2,672,217.0,3.1,673,25343,16169,38.8,222.0
Station_01,Inv_00,20170708,07:15:00,234.4,3.3,774,217.0,3.3,716,25343,16169,38.5,226.0
Station_01,Inv_00,20170708,07:16:00,236.8,3.2,758,217.0,3.2,694,25343,16169,38.8,220.0
Station_01,Inv_00,20170708,07:17:00,237.9,3.0,714,216.0,3.1,670,25343,16169,38.9,211.0
Station_01,Inv_00,20170708,07:18:01,236.5,2.9,686,216.0,3.0,648,25343,16169,38.8,203.0
Station_01,Inv_00,20170708,07:19:00,238.0,2.7,643,216.0,2.9,626,25343,16169,38.9,198.0
Station_01,Inv_00,20170708,07:20:00,235.3,2.8,659,216.0,2.8,605,25343,16169,38.6,196.0
Station_01,Inv_00,20170708,07:21:00,238.0,2.7,643,216.0,2.8,605,25343,16169,38.5,192.0
Station_01,Inv_00,20170708,07:22:00,234.0,2.7,632,216.0,2.7,583,25343,16169,38.6,189.0
Station_01,Inv_00,20170708,07:23:00,238.4,2.7,644,216.0,2.8,605,25343,16169,38.5,190.0
Station_01,Inv_00,20170708,07:24:00,238.4,2.6,620,216.0,2.9,626,25343,16169,38.5,193.0
Station_01,Inv_00,20170708,07:25:00,234.3,2.6,609,219.0,2.7,591,25343,16169,38.6,193.0
Station_01,Inv_00,20170708,07:26:00,238.2,2.6,619,219.0,2.8,613,25343,16169,38.3,195.0
Station_01,Inv_00,20170708,07:27:00,239.0,2.8,669,217.0,2.9,629,25343,16169,38.3,196.0
Station_01,Inv_00,20170708,07:28:00,238.4,2.8,668,218.0,2.9,632,25343,16169,38.5,197.0
Station_01,Inv_00,20170708,07:29:00,239.9,2.7,648,218.0,3.0,654,25343,16169,38.2,201.0
Station_01,Inv_00,20170708,07:30:00,234.5,2.9,680,217.0,3.1,673,25343,16169,38.4,205.0
Station_01,Inv_00,20170708,07:31:00,239.3,3.0,718,218.0,3.1,676,25343,16169,38.3,210.0
Station_01,Inv_00,20170708,07:32:00,240.0,3.3,792,218.0,3.4,741,25343,16169,38.7,228.0
Station_01,Inv_00,20170708,07:33:00,236.9,3.5,829,219.0,3.6,788,25343,16169,38.7,237.0
Station_01,Inv_00,20170708,07:34:00,240.5,3.5,842,217.0,3.6,781,25343,16169,38.8,241.0
Station_01,Inv_00,20170708,07:35:00,239.5,3.5,838,216.0,3.6,778,25343,16169,39.1,242.0
Station_01,Inv_00,20170708,07:36:00,243.0,3.5,850,216.0,3.6,778,25343,16169,39.2,243.0
Station_01,Inv_00,20170708,07:37:00,238.5,3.6,859,218.0,3.7,807,25343,16169,39.2,246.0
Station_01,Inv_00,20170708,07:38:00,238.4,3.5,834,218.0,3.7,807,25343,16169,39.1,248.0
Station_01,Inv_00,20170708,07:39:00,235.9,3.7,873,217.0,3.7,803,25343,16169,39.2,248.0
Station_01,Inv_00,20170708,07:40:01,242.9,3.6,875,218.0,3.7,807,25343,16169,39.5,247.0
Station_01,Inv_00,20170708,07:41:00,239.5,3.3,790,217.0,3.6,781,25343,16169,39.5,240.0
Station_01,Inv_00,20170708,07:42:00,238.5,3.4,811,218.0,3.5,763,25343,16169,39.6,234.0
Station_01,Inv_00,20170708,07:43:00,239.5,3.5,838,218.0,3.6,785,25343,16169,39.7,238.0
Station_01,Inv_00,20170708,07:44:00,238.0,3.6,857,218.0,3.7,807,25343,16169,39.6,245.0
Station_01,Inv_00,20170708,07:45:00,237.5,3.4,808,218.0,3.6,785,25343,16169,39.9,241.0
Station_01,Inv_00,20170708,07:46:01,239.4,3.5,838,218.0,3.6,785,25343,16169,39.9,242.0
Station_01,Inv_00,20170708,07:47:00,228.0,3.5,798,218.0,3.5,763,25344,16169,39.9,237.0
Station_01,Inv_00,20170708,07:48:00,233.0,3.6,839,218.0,3.6,785,25344,16169,39.9,243.0
Station_01,Inv_00,20170708,07:49:00,239.8,4.0,959,218.0,4.0,872,25344,16169,40.2,266.0
Station_01,Inv_00,20170708,07:50:00,228.9,4.7,1076,217.0,4.6,998,25344,16169,40.7,314.0
Station_01,Inv_00,20170708,07:51:00,241.5,5.2,1256,219.0,5.3,1161,25344,16169,41.4,352.0
Station_01,Inv_00,20170708,07:52:00,237.5,5.5,1306,219.0,5.6,1226,25344,16169,42.1,373.0
Station_01,Inv_00,20170708,07:53:00,239.5,5.5,1317,220.0,5.5,1210,25344,16169,42.7,372.0
Station_01,Inv_00,20170708,07:54:00,235.0,5.5,1292,220.0,5.6,1232,25344,16169,43.3,371.0
Station_01,Inv_00,20170708,07:55:00,235.8,5.4,1273,219.0,5.5,1205,25344,16169,43.8,373.0
Station_01,Inv_00,20170708,07:56:00,236.5,5.3,1253,220.0,5.4,1188,25344,16169,44.2,375.0
Station_01,Inv_00,20170708,07:57:00,238.0,5.9,1404,221.0,5.9,1304,25344,16169,44.5,382.0
Station_01,Inv_00,20170708,07:58:00,230.5,5.9,1360,220.0,5.8,1276,25344,16169,44.7,396.0
Station_01,Inv_00,20170708,07:59:01,230.5,6.1,1406,219.0,6.1,1336,25344,16169,45.2,405.0
Station_01,Inv_00,20170708,08:00:00,233.0,6.3,1468,218.0,6.3,1373,25344,16169,45.6,419.0
Station_01,Inv_00,20170708,08:01:00,234.0,6.3,1474,216.0,6.5,1404,25344,16169,46.1,424.0
Station_01,Inv_00,20170708,08:02:00,232.0,6.4,1485,216.0,6.5,1404,25344,16169,46.5,430.0
Station_01,Inv_00,20170708,08:03:00,232.5,6.2,1442,217.0,6.2,1345,25344,16169,47.1,420.0
Station_01,Inv_00,20170708,08:04:00,226.5,6.3,1427,219.0,6.2,1358,25344,16169,47.4,417.0
Station_01,Inv_00,20170708,08:05:01,233.5,6.1,1424,221.0,6.2,1370,25344,16169,47.8,416.0
Station_01,Inv_00,20170708,08:06:00,229.0,6.0,1374,221.0,5.9,1304,25344,16169,47.9,405.0
Station_01,Inv_00,20170708,08:07:00,234.6,5.7,1337,219.0,5.7,1248,25344,16169,47.8,392.0
Station_01,Inv_00,20170708,08:08:00,230.9,5.9,1363,218.0,6.0,1308,25344,16169,47.8,397.0
Station_01,Inv_00,20170708,08:09:00,230.5,6.1,1406,217.0,6.2,1345,25344,16169,47.5,406.0
Station_01,Inv_00,20170708,08:10:00,226.0,6.5,1469,218.0,6.2,1352,25344,16169,47.8,416.0
Station_01,Inv_00,20170708,08:11:00,233.4,6.4,1494,219.0,6.3,1380,25344,16169,47.5,425.0
Station_01,Inv_00,20170708,08:12:00,232.4,6.4,1488,218.0,6.4,1395,25344,16169,48.2,432.0
Station_01,Inv_00,20170708,08:13:00,233.5,6.7,1564,218.0,6.6,1439,25344,16169,48.6,439.0
Station_01,Inv_00,20170708,08:14:00,231.5,6.7,1551,217.0,6.7,1454,25344,16169,48.4,442.0
Station_01,Inv_00,20170708,08:15:01,227.0,6.9,1566,217.0,6.8,1476,25344,16169,49.1,450.0
Station_01,Inv_00,20170708,08:16:00,227.5,6.8,1547,218.0,6.7,1461,25344,16169,49.5,452.0
Station_01,Inv_00,20170708,08:17:00,229.5,6.5,1492,218.0,6.3,1373,25344,16169,48.7,401.0
Station_01,Inv_00,20170708,08:18:00,232.0,6.6,1531,218.0,6.6,1439,25344,16169,48.9,428.0
Station_01,Inv_00,20170708,08:19:00,233.0,7.5,1747,218.0,7.4,1613,25344,16169,49.9,480.0
Station_01,Inv_00,20170708,08:20:01,231.0,7.5,1733,218.0,7.6,1657,25344,16169,50.5,495.0
Station_01,Inv_00,20170708,08:21:00,221.5,7.7,1706,218.0,7.4,1613,25344,16169,50.9,496.0
Station_01,Inv_00,20170708,08:22:00,228.0,7.6,1733,219.0,7.5,1643,25344,16169,51.0,494.0
Station_01,Inv_00,20170708,08:23:00,230.0,7.5,1725,220.0,7.4,1628,25344,16169,50.9,493.0
Station_01,Inv_00,20170708,08:24:00,231.0,7.4,1709,218.0,7.4,1613,25344,16169,50.9,493.0
Station_01,Inv_00,20170708,08:25:00,229.5,7.5,1721,218.0,7.4,1613,25344,16169,51.4,491.0
Station_01,Inv_00,20170708,08:26:00,234.0,7.5,1755,218.0,7.6,1657,25344,16169,51.7,500.0
Station_01,Inv_00,20170708,08:27:01,228.9,7.6,1740,218.0,7.5,1635,25344,16169,51.8,497.0
Station_01,Inv_00,20170708,08:28:00,219.0,7.7,1686,218.0,7.2,1570,25344,16169,51.2,492.0
Station_01,Inv_00,20170708,08:29:00,227.0,7.6,1725,218.0,7.5,1635,25345,16170,52.1,495.0
Station_01,Inv_00,20170708,08:30:00,229.5,7.9,1813,220.0,7.7,1694,25345,16170,52.4,517.0
Station_01,Inv_00,20170708,08:31:00,229.5,7.0,1606,220.0,6.9,1518,25345,16170,52.8,482.0
Station_01,Inv_00,20170708,08:32:00,228.9,7.0,1603,218.0,7.0,1526,25345,16170,52.8,455.0
Station_01,Inv_00,20170708,08:33:00,219.0,7.7,1686,219.0,7.3,1599,25345,16170,53.0,492.0
Station_01,Inv_00,20170708,08:34:00,226.0,8.5,1921,219.0,8.2,1796,25345,16170,52.8,534.0
Station_01,Inv_00,20170708,08:35:00,228.0,8.3,1892,219.0,8.2,1796,25345,16170,53.1,543.0
Station_01,Inv_00,20170708,08:36:00,225.5,8.3,1872,218.0,8.2,1788,25345,16170,52.5,542.0
Station_01,Inv_00,20170708,08:37:00,222.5,8.5,1891,218.0,8.1,1766,25345,16170,53.3,544.0
Station_01,Inv_00,20170708,08:38:00,224.9,8.4,1889,219.0,8.2,1796,25345,16170,53.8,544.0
Station_01,Inv_00,20170708,08:39:00,230.5,8.3,1913,219.0,8.2,1796,25345,16170,53.1,546.0
Station_01,Inv_00,20170708,08:40:00,224.5,8.4,1886,218.0,8.1,1766,25345,16170,53.4,544.0
Station_01,Inv_00,20170708,08:41:01,225.4,8.4,1894,218.0,8.2,1788,25345,16170,53.6,549.0
Station_01,Inv_00,20170708,08:42:00,228.0,8.4,1915,219.0,8.3,1818,25345,16170,53.5,550.0
Station_01,Inv_00,20170708,08:43:00,224.5,8.7,1953,219.0,8.4,1840,25345,16170,53.7,561.0
Station_01,Inv_00,20170708,08:44:00,221.5,8.9,1971,219.0,8.5,1862,25345,16170,53.7,567.0
Station_01,Inv_00,20170708,08:45:00,222.5,8.9,1980,219.0,8.6,1883,25345,16170,53.6,569.0
Station_01,Inv_00,20170708,08:46:00,221.5,9.1,2016,219.0,8.7,1905,25345,16170,53.8,583.0
Station_01,Inv_00,20170708,08:47:00,218.5,9.5,2076,219.0,8.9,1949,25345,16170,53.8,594.0
Station_01,Inv_00,20170708,08:48:01,222.0,9.6,2131,219.0,9.2,2015,25345,16170,54.2,608.0
Station_01,Inv_00,20170708,08:49:01,224.5,9.7,2178,220.0,9.3,2046,25345,16170,54.0,621.0
Station_01,Inv_00,20170708,08:50:00,225.0,9.8,2205,218.0,9.6,2093,25345,16170,54.0,632.0
Station_01,Inv_00,20170708,08:51:00,221.5,10.0,2215,217.0,9.6,2083,25345,16170,53.5,636.0
Station_01,Inv_00,20170708,08:52:00,225.5,9.9,2232,218.0,9.6,2093,25345,16170,54.8,638.0
Station_01,Inv_00,20170708,08:53:00,227.5,10.0,2275,218.0,9.8,2136,25345,16170,55.3,647.0
Station_01,Inv_00,20170708,08:54:00,221.5,10.3,2281,218.0,9.9,2158,25345,16170,56.1,656.0
Station_01,Inv_00,20170708,08:55:00,219.5,10.5,2305,219.0,9.8,2146,25345,16170,56.2,659.0
Station_01,Inv_00,20170708,08:56:00,218.5,10.5,2294,219.0,9.9,2168,25345,16170,56.8,664.0
Station_01,Inv_00,20170708,08:57:01,224.0,10.3,2307,218.0,9.9,2158,25345,16170,57.2,662.0
Station_01,Inv_00,20170708,08:58:00,218.5,10.7,2338,218.0,10.1,2202,25345,16170,57.4,673.0
Station_01,Inv_00,20170708,08:59:00,221.5,10.7,2370,219.0,10.3,2256,25346,16171,57.5,681.0
Station_01,Inv_00,20170708,09:00:01,219.0,10.9,2387,217.0,10.3,2235,25346,16171,57.1,690.0
Station_01,Inv_00,20170708,09:01:00,221.5,10.9,2414,217.0,10.5,2279,25346,16171,57.8,698.0
Station_01,Inv_00,20170708,09:02:00,217.5,10.9,2371,219.0,10.3,2256,25346,16171,59.1,692.0
Station_01,Inv_00,20170708,09:03:00,222.5,10.7,2381,220.0,10.2,2244,25346,16171,56.9,686.0
Station_01,Inv_00,20170708,09:04:00,223.9,10.7,2396,219.0,10.3,2256,25346,16171,57.4,693.0
Station_01,Inv_00,20170708,09:05:00,221.5,10.9,2414,220.0,10.3,2266,25346,16171,57.6,700.0
Station_01,Inv_00,20170708,09:06:00,215.5,11.3,2435,221.0,10.3,2276,25346,16171,57.9,701.0
Station_01,Inv_00,20170708,09:07:00,213.4,11.3,2412,220.0,10.3,2266,25346,16171,59.2,705.0
Station_01,Inv_00,20170708,09:08:00,221.5,10.9,2414,221.0,10.4,2298,25346,16171,59.6,703.0
Station_01,Inv_00,20170708,09:09:00,218.0,11.0,2398,221.0,10.3,2276,25346,16171,59.5,695.0
Station_01,Inv_00,20170708,09:10:00,212.5,11.3,2401,220.0,10.3,2266,25346,16171,58.9,711.0
Station_01,Inv_00,20170708,09:11:00,220.5,11.1,2447,221.0,10.4,2298,25346,16171,60.8,707.0
Station_01,Inv_00,20170708,09:12:00,212.0,11.3,2396,219.0,10.3,2256,25346,16171,58.7,708.0
Station_01,Inv_00,20170708,09:13:00,210.0,11.7,2457,219.0,10.4,2278,25346,16171,56.9,721.0
Station_01,Inv_00,20170708,09:14:00,218.0,11.4,2485,220.0,10.6,2332,25346,16171,57.9,730.0
Station_01,Inv_00,20170708,09:15:00,219.0,11.3,2475,220.0,10.6,2332,25346,16171,59.2,724.0
Station_01,Inv_00,20170708,09:16:00,215.0,11.5,2473,221.0,10.5,2321,25346,16171,57.6,719.0
Station_01,Inv_00,20170708,09:17:00,215.5,11.4,2457,220.0,10.5,2310,25346,16171,58.0,714.0
Station_01,Inv_00,20170708,09:18:00,216.5,11.3,2446,221.0,10.5,2321,25346,16171,57.9,717.0
Station_01,Inv_00,20170708,09:19:00,218.0,11.6,2529,221.0,10.8,2387,25346,16171,57.8,738.0
Station_01,Inv_00,20170708,09:20:01,220.0,11.7,2574,222.0,10.9,2420,25346,16171,58.0,752.0
Station_01,Inv_00,20170708,09:21:00,221.0,11.8,2608,220.0,11.2,2464,25346,16171,57.0,769.0
Station_01,Inv_00,20170708,09:22:00,218.0,12.2,2660,220.0,11.3,2486,25346,16171,56.9,775.0
Station_01,Inv_00,20170708,09:23:00,219.0,11.9,2606,220.0,11.2,2464,25347,16171,55.6,766.0
Station_01,Inv_00,20170708,09:24:00,219.5,12.3,2700,220.0,11.5,2530,25347,16171,56.8,784.0
Station_01,Inv_00,20170708,09:25:00,215.0,12.5,2688,220.0,11.5,2530,25347,16171,58.6,789.0
Station_01,Inv_00,20170708,09:26:00,215.5,12.6,2715,220.0,11.6,2552,25347,16171,59.9,792.0
Station_01,Inv_00,20170708,09:27:00,213.0,12.7,2705,220.0,11.6,2552,25347,16171,60.4,802.0
Station_01,Inv_00,20170708,09:28:01,212.5,12.8,2720,220.0,11.6,2552,25347,16171,61.0,800.0
Station_01,Inv_00,20170708,09:29:00,215.5,12.8,2758,220.0,11.8,2596,25347,16171,59.6,817.0
Station_01,Inv_00,20170708,09:30:00,218.0,12.3,2681,221.0,11.5,2542,25347,16171,61.3,799.0
Station_01,Inv_00,20170708,09:31:01,212.0,12.3,2608,221.0,11.0,2431,25347,16171,60.4,769.0
Station_01,Inv_00,20170708,09:32:00,214.0,12.7,2718,220.0,11.6,2552,25347,16171,59.3,793.0
Station_01,Inv_00,20170708,09:33:00,207.5,13.3,2760,220.0,11.7,2574,25347,16171,60.7,811.0
Station_01,Inv_00,20170708,09:34:01,212.0,13.4,2841,219.0,12.1,2650,25347,16171,60.9,839.0
Station_01,Inv_00,20170708,09:35:00,216.0,13.3,2873,219.0,12.3,2694,25347,16171,60.7,846.0
Station_01,Inv_00,20170708,09:36:00,210.0,13.5,2835,219.0,12.2,2672,25347,16171,61.6,845.0
Station_01,Inv_00,20170708,09:37:01,212.0,13.2,2798,220.0,11.9,2618,25347,16171,60.2,823.0
Station_01,Inv_00,20170708,09:38:00,215.5,13.1,2823,220.0,12.1,2662,25347,16171,60.7,832.0
Station_01,Inv_00,20170708,09:39:00,214.0,13.4,2867,221.0,12.1,2674,25347,16171,61.4,831.0
Station_01,Inv_00,20170708,09:40:00,208.5,13.2,2752,221.0,11.7,2586,25347,16171,60.8,820.0
Station_01,Inv_00,20170708,09:41:00,219.5,12.2,2678,220.0,11.4,2508,25347,16171,60.2,787.0
Station_01,Inv_00,20170708,09:42:00,216.0,13.2,2851,219.0,12.2,2672,25347,16171,59.0,841.0
Station_01,Inv_00,20170708,09:43:00,206.0,13.7,2822,219.0,10.8,2365,25347,16171,61.0,808.0
Station_01,Inv_00,20170708,09:44:00,205.5,14.2,2917,219.0,12.5,2738,25347,16171,61.4,755.0
Station_01,Inv_00,20170708,09:45:00,214.5,13.9,2982,219.0,12.8,2803,25348,16172,61.9,878.0
Station_01,Inv_00,20170708,09:46:00,214.5,13.8,2960,219.0,12.8,2803,25348,16172,61.4,870.0
Station_01,Inv_00,20170708,09:47:00,213.0,13.9,2961,219.0,12.7,2781,25348,16172,61.5,874.0
Station_01,Inv_00,20170708,09:48:00,213.0,14.0,2982,219.0,12.7,2781,25348,16172,61.8,883.0
Station_01,Inv_00,20170708,09:49:00,211.5,14.4,3045,219.0,12.9,2825,25348,16172,62.4,901.0
Station_01,Inv_00,20170708,09:50:00,199.5,15.0,2993,219.0,12.8,2803,25348,16172,63.6,905.0
Station_01,Inv_00,20170708,09:51:00,208.5,14.8,3086,219.0,13.2,2891,25348,16172,61.8,700.0
Station_01,Inv_00,20170708,09:52:00,212.0,14.4,3052,219.0,13.0,2847,25348,16172,60.7,900.0
Station_01,Inv_00,20170708,09:53:00,211.0,14.5,3059,220.0,13.0,2860,25348,16172,62.2,905.0
Station_01,Inv_00,20170708,09:54:00,208.0,14.7,3058,220.0,13.0,2860,25348,16172,59.1,925.0
Station_01,Inv_00,20170708,09:55:00,212.0,14.6,3095,220.0,13.2,2904,25348,16172,58.9,935.0
Station_01,Inv_00,20170708,09:56:00,211.5,14.7,3109,220.0,13.2,2904,25348,16172,58.6,935.0
Station_01,Inv_00,20170708,09:57:00,212.0,14.5,3074,220.0,13.2,2904,25348,16172,59.5,929.0
Station_01,Inv_00,20170708,09:58:00,209.5,14.6,3059,219.0,13.1,2869,25348,16172,59.2,921.0
Station_01,Inv_00,20170708,09:59:01,210.0,14.8,3108,220.0,13.1,2882,25348,16172,59.8,921.0
Station_01,Inv_00,20170708,10:00:00,203.5,12.8,2605,221.0,11.2,2475,25348,16172,57.0,588.0
Station_01,Inv_00,20170708,10:01:00,204.0,15.3,3121,221.0,13.3,2939,25348,16172,57.3,748.0
Station_01,Inv_00,20170708,10:02:00,0.0,0.0,0,223.0,0.1,22,25348,16172,55.1,449.0
Station_01,Inv_00,20170708,10:03:00,0.0,0.0,0,221.0,0.1,22,25348,16172,58.7,890.0
Station_01,Inv_00,20170708,10:04:00,0.0,0.0,0,223.0,0.1,22,25348,16172,59.9,881.0
Station_01,Inv_00,20170708,10:05:00,0.0,0.0,0,223.0,0.1,22,25348,16172,60.1,868.0
Station_01,Inv_00,20170708,10:06:00,0.0,0.0,0,0.0,0.0,0,25348,16172,60.2,872.0
Station_01,Inv_00,20170708,10:07:00,248.9,9.6,2390,220.0,10.3,2266,25348,16172,60.6,871.0
Station_01,Inv_00,20170708,10:08:00,214.5,13.6,2917,219.0,12.4,2716,25348,16172,60.7,872.0
Station_01,Inv_00,20170708,10:09:00,212.5,13.8,2932,220.0,12.4,2728,25348,16172,61.7,871.0
Station_01,Inv_00,20170708,10:10:00,216.0,13.6,2938,219.0,12.5,2738,25348,16172,62.4,875.0
Station_01,Inv_00,20170708,10:11:00,207.5,14.1,2926,219.0,12.5,2738,25349,16173,61.4,876.0
Station_01,Inv_00,20170708,10:12:00,213.5,13.9,2968,220.0,12.6,2772,25349,16173,61.0,875.0
Station_01,Inv_00,20170708,10:13:00,215.0,13.8,2967,220.0,12.7,2794,25349,16173,62.2,886.0
Station_01,Inv_00,20170708,10:14:00,210.5,14.1,2968,220.0,12.6,2772,25349,16173,63.2,891.0
Station_01,Inv_00,20170708,10:15:00,211.0,14.0,2954,220.0,12.6,2772,25349,16173,63.4,891.0
Station_01,Inv_00,20170708,10:16:00,207.0,14.2,2939,220.0,12.5,2750,25349,16173,64.4,886.0
Station_01,Inv_00,20170708,10:17:00,213.0,13.7,2918,220.0,12.4,2728,25349,16173,64.8,882.0
Station_01,Inv_00,20170708,10:18:00,208.0,13.9,2891,220.0,12.4,2728,25349,16173,64.0,877.0
Station_01,Inv_00,20170708,10:19:00,214.0,13.6,2910,220.0,12.4,2728,25349,16173,61.3,879.0
Station_01,Inv_00,20170708,10:20:00,211.0,13.9,2933,219.0,12.4,2716,25349,16173,61.7,875.0
Station_01,Inv_00,20170708,10:21:01,212.0,13.7,2904,220.0,12.4,2728,25349,16173,63.4,867.0
Station_01,Inv_00,20170708,10:22:00,210.5,13.9,2926,219.0,12.5,2738,25349,16173,62.6,885.0
Station_01,Inv_00,20170708,10:23:00,214.0,13.8,2953,220.0,12.6,2772,25349,16173,61.3,890.0
Station_01,Inv_00,20170708,10:24:00,208.5,14.2,2961,220.0,12.6,2772,25349,16173,63.4,883.0
Station_01,Inv_00,20170708,10:25:00,210.0,14.1,2961,221.0,12.5,2763,25349,16173,64.1,887.0
Station_01,Inv_00,20170708,10:26:00,212.0,14.2,3010,222.0,12.7,2819,25349,16173,64.0,898.0
Station_01,Inv_00,20170708,10:27:00,210.0,14.4,3024,220.0,12.9,2838,25349,16173,62.9,913.0
Station_01,Inv_00,20170708,10:28:00,211.0,14.4,3038,219.0,12.9,2825,25349,16173,63.0,907.0
Station_01,Inv_00,20170708,10:29:00,210.5,14.5,3052,219.0,13.0,2847,25349,16173,63.2,920.0
Station_01,Inv_00,20170708,10:30:00,181.0,3.1,561,217.0,2.5,543,25349,16173,61.0,330.0
Station_01,Inv_00,20170708,10:31:00,213.5,14.1,3010,219.0,12.9,2825,25349,16173,61.2,847.0
Station_01,Inv_00,20170708,10:32:00,210.0,14.3,3003,219.0,12.8,2803,25350,16173,61.3,897.0
Station_01,Inv_00,20170708,10:33:00,209.5,14.5,3038,219.0,13.0,2847,25350,16173,60.6,908.0
Station_01,Inv_00,20170708,10:34:00,207.0,14.9,3084,218.0,13.2,2878,25350,16173,59.8,927.0
Station_01,Inv_00,20170708,10:35:00,210.0,14.7,3087,219.0,13.3,2913,25350,16173,60.9,931.0
Station_01,Inv_00,20170708,10:36:01,212.5,14.8,3145,219.0,13.4,2935,25350,16173,60.3,938.0
Station_01,Inv_00,20170708,10:37:00,210.0,15.0,3149,219.0,13.4,2935,25350,16173,61.4,946.0
Station_01,Inv_00,20170708,10:38:00,212.0,14.7,3116,219.0,13.4,2935,25350,16173,62.7,943.0
Station_01,Inv_00,20170708,10:39:00,209.5,14.9,3122,219.0,13.4,2935,25350,16173,64.7,946.0
Station_01,Inv_00,20170708,10:40:01,207.5,15.1,3133,219.0,13.4,2935,25350,16173,63.1,947.0
Station_01,Inv_00,20170708,10:41:01,206.0,15.5,3193,219.0,13.6,2978,25350,16173,62.1,973.0
Station_01,Inv_00,20170708,10:42:00,210.4,15.7,3304,220.0,14.0,3080,25350,16173,61.5,943.0
Station_01,Inv_00,20170708,10:43:00,209.0,15.0,3135,221.0,13.3,2939,25350,16173,60.8,928.0
Station_01,Inv_00,20170708,10:44:01,210.0,14.8,3108,220.0,13.1,2882,25350,16173,62.0,937.0
Station_01,Inv_00,20170708,10:45:00,206.5,15.0,3097,220.0,13.1,2882,25350,16173,62.3,928.0
Station_01,Inv_00,20170708,10:46:00,210.5,14.9,3136,220.0,13.3,2926,25350,16173,60.6,935.0
Station_01,Inv_00,20170708,10:47:00,212.0,14.8,3137,220.0,13.4,2948,25350,16173,62.2,939.0
Station_01,Inv_00,20170708,10:48:00,206.0,15.3,3152,221.0,13.4,2961,25350,16173,62.3,945.0
Station_01,Inv_00,20170708,10:49:00,211.0,15.2,3207,220.0,13.7,3014,25350,16173,63.9,961.0
Station_01,Inv_00,20170708,10:50:00,203.0,15.7,3187,220.0,13.6,2992,25350,16173,65.4,968.0
Station_01,Inv_00,20170708,10:51:00,210.0,15.3,3213,220.0,13.6,2992,25350,16173,65.0,971.0
Station_01,Inv_00,20170708,10:52:00,208.5,15.5,3232,220.0,13.8,3036,25351,16174,66.6,984.0
Station_01,Inv_00,20170708,10:53:00,198.0,16.5,3267,220.0,13.9,3058,25351,16174,67.4,997.0
Station_01,Inv_00,20170708,10:54:00,204.5,4.2,859,218.0,3.7,807,25351,16174,63.7,281.0
Station_01,Inv_00,20170708,10:55:00,200.0,16.3,3260,220.0,13.9,3058,25351,16174,65.3,911.0
Station_01,Inv_00,20170708,10:56:00,211.0,15.4,3249,220.0,13.9,3058,25351,16174,64.9,993.0
Station_01,Inv_00,20170708,10:57:00,201.0,15.7,3156,221.0,13.4,2961,25351,16174,63.0,960.0
Station_01,Inv_00,20170708,10:58:00,204.0,15.7,3203,220.0,13.6,2992,25351,16174,63.3,975.0
Station_01,Inv_00,20170708,10:59:00,210.0,15.6,3276,220.0,13.9,3058,25351,16174,63.9,985.0
Station_01,Inv_00,20170708,11:00:00,201.0,15.8,3175,219.0,13.4,2935,25351,16174,62.6,978.0
Station_01,Inv_00,20170708,11:01:00,211.9,15.3,3242,219.0,13.8,3022,25351,16174,62.5,968.0
Station_01,Inv_00,20170708,11:02:00,208.5,15.5,3232,219.0,13.9,3044,25351,16174,64.3,977.0
Station_01,Inv_00,20170708,11:03:00,201.0,15.9,3196,219.0,13.7,3000,25351,16174,62.2,977.0
Station_01,Inv_00,20170708,11:04:00,203.5,15.9,3235,218.0,13.9,3030,25351,16174,63.7,968.0
Station_01,Inv_00,20170708,11:05:01,211.0,14.9,3144,219.0,13.6,2978,25351,16174,66.4,972.0
Station_01,Inv_00,20170708,11:06:00,208.0,15.6,3245,218.0,14.0,3052,25351,16174,65.2,991.0
Station_01,Inv_00,20170708,11:07:00,206.5,15.9,3283,219.0,14.0,3066,25351,16174,65.7,995.0
Station_01,Inv_00,20170708,11:08:01,208.4,15.9,3314,218.0,14.1,3074,25351,16174,65.8,1000.0
Station_01,Inv_00,20170708,11:09:00,206.5,7.7,1590,217.0,7.1,1541,25351,16174,62.2,446.0
Station_01,Inv_00,20170708,11:10:00,200.0,5.0,1000,216.0,4.3,929,25351,16174,58.4,378.0
Station_01,Inv_00,20170708,11:11:00,215.9,4.0,864,218.0,3.8,828,25351,16174,56.4,267.0
Station_01,Inv_00,20170708,11:12:00,215.4,6.2,1335,219.0,5.8,1270,25351,16174,56.2,426.0
Station_01,Inv_00,20170708,11:13:00,218.4,13.1,2862,220.0,11.9,2618,25351,16174,55.4,515.0
Station_01,Inv_00,20170708,11:14:00,217.0,15.3,3320,219.0,14.2,3110,25352,16175,57.7,944.0
Station_01,Inv_00,20170708,11:15:01,211.5,15.8,3341,220.0,14.2,3124,25352,16175,58.6,974.0
Station_01,Inv_00,20170708,11:16:00,213.5,15.4,3288,221.0,13.9,3072,25352,16175,61.3,969.0
Station_01,Inv_00,20170708,11:17:00,204.5,15.7,3210,222.0,13.5,2997,25352,16175,60.8,958.0
Station_01,Inv_00,20170708,11:18:01,213.0,15.3,3259,220.0,13.8,3036,25352,16175,61.6,956.0
Station_01,Inv_00,20170708,11:19:00,211.5,15.3,3236,220.0,13.8,3036,25352,16175,62.0,960.0
Station_01,Inv_00,20170708,11:20:00,213.5,15.1,3224,220.0,13.7,3014,25352,16175,62.2,966.0
Station_01,Inv_00,20170708,11:21:00,211.5,15.3,3236,220.0,13.7,3014,25352,16175,64.1,966.0
Station_01,Inv_00,20170708,11:22:00,207.5,15.4,3195,220.0,13.5,2970,25352,16175,65.5,957.0
Station_01,Inv_00,20170708,11:23:00,207.5,15.3,3175,220.0,13.5,2970,25352,16175,65.5,964.0
Station_01,Inv_00,20170708,11:24:00,209.5,15.2,3184,221.0,13.5,2984,25352,16175,66.4,962.0
Station_01,Inv_00,20170708,11:25:00,209.0,15.2,3177,221.0,13.4,2961,25352,16175,67.7,961.0
Station_01,Inv_00,20170708,11:26:00,208.0,15.2,3161,221.0,13.4,2961,25352,16175,67.8,959.0
Station_01,Inv_00,20170708,11:27:00,207.5,15.1,3133,221.0,13.4,2961,25352,16175,68.2,962.0
Station_01,Inv_00,20170708,11:28:00,208.0,15.2,3161,221.0,13.4,2961,25352,16175,68.2,964.0
Station_01,Inv_00,20170708,11:29:00,205.0,15.2,3116,220.0,13.3,2926,25352,16175,67.8,955.0
Station_01,Inv_00,20170708,11:30:00,203.5,15.3,3114,218.0,13.4,2921,25352,16175,67.6,956.0
Station_01,Inv_00,20170708,11:31:00,207.5,15.1,3133,218.0,13.5,2943,25352,16175,66.5,963.0
Station_01,Inv_00,20170708,11:32:00,205.5,15.5,3185,218.0,13.7,2987,25352,16175,69.3,967.0
Station_01,Inv_00,20170708,11:33:00,193.5,16.5,3193,218.0,13.6,2965,25353,16175,69.5,980.0
Station_01,Inv_00,20170708,11:34:00,203.4,15.9,3235,218.0,13.8,3008,25353,16175,69.8,996.0
Station_01,Inv_00,20170708,11:35:00,207.0,15.3,3167,218.0,13.6,2965,25353,16175,69.9,946.0
Station_01,Inv_00,20170708,11:36:00,197.0,6.0,1182,217.0,5.1,1107,25353,16175,67.2,502.0
Station_01,Inv_00,20170708,11:37:00,201.0,6.0,1206,216.0,5.1,1102,25353,16175,65.8,485.0
Station_01,Inv_00,20170708,11:38:01,199.7,4.4,879,220.0,3.9,858,25353,16175,62.3,339.0
Station_01,Inv_00,20170708,11:39:01,224.9,5.8,1305,220.0,4.8,1056,25353,16175,58.1,377.0
Station_01,Inv_00,20170708,11:40:00,212.5,15.8,3358,221.0,14.1,3116,25353,16175,60.2,881.0
Station_01,Inv_00,20170708,11:41:00,212.0,13.7,2904,221.0,12.5,2763,25353,16175,58.9,906.0
Station_01,Inv_00,20170708,11:42:00,209.5,13.9,2912,221.0,12.5,2763,25353,16175,60.8,850.0
Station_01,Inv_00,20170708,11:43:00,208.0,15.7,3266,221.0,13.9,3072,25353,16175,62.0,956.0
Station_01,Inv_00,20170708,11:44:00,204.0,15.9,3244,221.0,13.6,3006,25353,16175,64.3,954.0
Station_01,Inv_00,20170708,11:45:00,201.5,16.3,3284,221.0,13.9,3072,25353,16175,66.4,983.0
Station_01,Inv_00,20170708,11:46:00,202.0,16.1,3252,221.0,13.8,3050,25353,16175,66.3,986.0
Station_01,Inv_00,20170708,11:47:00,195.9,16.3,3194,219.0,13.6,2978,25353,16175,67.5,978.0
Station_01,Inv_00,20170708,11:48:00,204.0,15.8,3223,219.0,13.8,3022,25353,16175,67.9,975.0
Station_01,Inv_00,20170708,11:49:00,210.5,15.2,3200,218.0,13.7,2987,25353,16175,69.1,967.0
Station_01,Inv_00,20170708,11:50:01,207.0,15.4,3188,218.0,13.7,2987,25353,16175,69.0,967.0
Station_01,Inv_00,20170708,11:51:00,202.5,15.7,3179,218.0,13.7,2987,25353,16175,67.5,977.0
Station_01,Inv_00,20170708,11:52:00,197.5,16.2,3200,218.0,13.8,3008,25353,16175,67.9,973.0
Station_01,Inv_00,20170708,11:53:00,198.5,16.6,3295,218.0,14.0,3052,25353,16175,68.5,984.0
Station_01,Inv_00,20170708,11:54:01,210.5,4.2,884,217.0,3.9,846,25354,16176,63.7,398.0
Station_01,Inv_00,20170708,11:55:00,209.5,5.4,1131,219.0,4.7,1029,25354,16176,60.5,329.0
Station_01,Inv_00,20170708,11:56:00,211.0,5.7,1203,220.0,5.2,1144,25354,16176,57.6,356.0
Station_01,Inv_00,20170708,11:57:00,215.3,6.8,1464,218.0,6.2,1352,25354,16176,57.3,398.0
Station_01,Inv_00,20170708,11:58:00,222.9,4.8,1070,219.0,4.4,964,25354,16176,55.4,315.0
Station_01,Inv_00,20170708,11:59:00,217.9,6.5,1416,218.0,6.5,1417,25354,16176,53.9,362.0
Station_01,Inv_00,20170708,12:00:00,227.5,4.8,1092,219.0,4.6,1007,25354,16176,52.6,312.0
Station_01,Inv_00,20170708,12:01:00,221.0,5.4,1193,220.0,5.1,1122,25354,16176,52.1,338.0
Station_01,Inv_00,20170708,12:02:00,221.5,16.9,3743,221.0,15.8,3492,25354,16176,55.8,1042.0
Station_01,Inv_00,20170708,12:03:00,217.5,17.2,3741,222.0,15.7,3485,25354,16176,58.3,1048.0
Station_01,Inv_00,20170708,12:04:01,191.3,14.4,2755,222.0,15.7,3485,25354,16176,62.2,1093.0
Station_01,Inv_00,20170708,12:05:00,210.5,18.4,3873,221.0,16.3,3602,25354,16176,64.9,1116.0
Station_01,Inv_00,20170708,12:06:00,211.0,17.0,3586,219.0,15.4,3373,25354,16176,67.5,1082.0
Station_01,Inv_00,20170708,12:07:00,212.0,6.1,1293,216.0,5.6,1210,25354,16176,65.2,475.0
Station_01,Inv_00,20170708,12:08:01,216.4,6.6,1428,216.0,6.2,1339,25354,16176,61.9,404.0
Station_01,Inv_00,20170708,12:09:00,201.5,9.4,1894,216.0,8.0,1728,25354,16176,64.3,805.0
Station_01,Inv_00,20170708,12:10:00,207.4,8.5,1763,215.0,7.8,1677,25354,16176,65.3,771.0
Station_01,Inv_00,20170708,12:11:00,217.5,6.5,1414,215.0,6.0,1290,25354,16176,63.4,398.0
Station_01,Inv_00,20170708,12:12:00,207.0,15.4,3188,218.0,13.3,2899,25354,16176,63.7,984.0
Station_01,Inv_00,20170708,12:13:00,209.5,5.9,1236,216.0,5.4,1166,25354,16176,61.5,393.0
Station_01,Inv_00,20170708,12:14:00,212.0,16.4,3477,218.0,14.9,3248,25354,16176,63.5,987.0
Station_01,Inv_00,20170708,12:15:00,206.5,14.2,2932,220.0,11.8,2596,25354,16176,64.0,1006.0
Station_01,Inv_00,20170708,12:16:01,209.0,4.4,920,218.0,4.0,872,25354,16176,62.8,461.0
Station_01,Inv_00,20170708,12:17:00,219.0,4.4,964,218.0,4.1,894,25354,16176,58.8,278.0
Station_01,Inv_00,20170708,12:18:00,195.0,4.7,917,219.0,4.0,876,25354,16176,58.4,487.0
Station_01,Inv_00,20170708,12:19:00,220.9,8.0,1767,219.0,7.5,1643,25354,16176,56.4,438.0
Station_01,Inv_00,20170708,12:20:00,224.0,5.2,1165,218.0,4.9,1068,25354,16176,54.2,349.0
Station_01,Inv_00,20170708,12:21:00,218.5,14.5,3168,221.0,13.6,3006,25354,16176,57.1,901.0
Station_01,Inv_00,20170708,12:22:00,216.0,7.4,1599,220.0,7.1,1562,25355,16176,57.3,683.0
Station_01,Inv_00,20170708,12:23:00,220.0,15.8,3476,221.0,14.8,3271,25355,16176,58.0,979.0
Station_01,Inv_00,20170708,12:24:00,212.5,16.6,3527,220.0,15.0,3300,25355,16176,59.4,1025.0
Station_01,Inv_00,20170708,12:25:00,215.0,16.4,3526,221.0,14.9,3293,25355,16176,62.7,1026.0
Station_01,Inv_00,20170708,12:26:01,217.0,5.4,1172,218.0,5.0,1090,25355,16176,61.4,432.0
Station_01,Inv_00,20170708,12:27:00,218.9,5.3,1160,219.0,5.0,1095,25355,16176,59.1,347.0
Station_01,Inv_00,20170708,12:28:00,215.4,6.0,1292,219.0,5.4,1183,25355,16176,56.5,366.0
Station_01,Inv_00,20170708,12:29:00,216.3,13.4,2898,219.0,11.7,2562,25355,16176,57.5,718.0
Station_01,Inv_00,20170708,12:30:00,215.5,16.8,3620,220.0,15.4,3388,25355,16176,60.8,1041.0
Station_01,Inv_00,20170708,12:31:00,209.0,17.8,3720,220.0,15.8,3476,25355,16176,61.7,1077.0
Station_01,Inv_00,20170708,12:32:00,209.5,17.9,3750,220.0,15.9,3498,25355,16176,64.5,1099.0
Station_01,Inv_00,20170708,12:33:00,203.0,15.4,3127,219.0,14.2,3110,25355,16176,62.6,715.0
Station_01,Inv_00,20170708,12:34:00,207.0,12.7,2629,220.0,10.0,2200,25355,16176,63.9,795.0
Station_01,Inv_00,20170708,12:35:00,203.5,17.4,3541,221.0,14.9,3293,25355,16176,65.4,1050.0
Station_01,Inv_00,20170708,12:36:00,208.5,17.0,3544,220.0,15.0,3300,25355,16176,65.7,1036.0
Station_01,Inv_00,20170708,12:37:01,207.0,16.3,3374,219.0,14.4,3154,25355,16176,66.1,992.0
Station_01,Inv_00,20170708,12:38:00,205.0,17.1,3505,219.0,14.9,3263,25355,16176,65.9,954.0
Station_01,Inv_00,20170708,12:39:00,207.5,16.1,3340,220.0,14.0,3080,25355,16176,65.8,1025.0
Station_01,Inv_00,20170708,12:40:00,208.5,16.2,3377,220.0,14.3,3146,25355,16176,66.1,1017.0
Station_01,Inv_00,20170708,12:41:00,208.0,16.9,3515,220.0,14.8,3256,25355,16176,65.0,994.0
Station_01,Inv_00,20170708,12:42:00,209.9,5.0,1050,219.0,4.5,986,25355,16176,62.4,383.0
Station_01,Inv_00,20170708,12:43:00,187.6,7.0,1313,219.0,6.1,1336,25356,16177,62.0,752.0
Station_01,Inv_00,20170708,12:44:00,220.4,3.7,815,217.0,3.6,781,25356,16177,57.6,305.0
Station_01,Inv_00,20170708,12:45:00,221.1,5.1,1127,218.0,4.4,959,25356,16177,55.3,257.0
Station_01,Inv_00,20170708,12:46:00,224.5,3.5,786,218.0,3.5,763,25356,16177,53.3,245.0
Station_01,Inv_00,20170708,12:47:01,221.9,3.4,755,218.0,3.3,719,25356,16177,51.2,230.0
Station_01,Inv_00,20170708,12:48:01,222.5,3.4,756,218.0,3.4,741,25356,16177,49.6,236.0
Station_01,Inv_00,20170708,12:49:00,227.5,3.6,819,218.0,3.6,785,25356,16177,48.4,236.0
Station_01,Inv_00,20170708,12:50:00,218.5,16.5,3605,219.0,15.4,3373,25356,16177,50.1,906.0
Station_01,Inv_00,20170708,12:51:00,226.0,7.2,1627,218.0,6.6,1439,25356,16177,49.5,418.0
Station_01,Inv_00,20170708,12:52:00,222.7,16.6,3697,219.0,15.4,3373,25356,16177,53.3,822.0
Station_01,Inv_00,20170708,12:53:00,205.5,5.2,1069,218.0,4.6,1003,25356,16177,55.2,673.0
Station_01,Inv_00,20170708,12:54:00,217.3,5.4,1174,218.0,4.9,1068,25356,16177,52.5,343.0
Station_01,Inv_00,20170708,12:55:01,217.0,8.0,1736,218.0,7.6,1657,25356,16177,52.1,468.0
Station_01,Inv_00,20170708,12:56:00,221.5,16.9,3743,219.0,16.0,3504,25356,16177,55.1,990.0
Station_01,Inv_00,20170708,12:57:00,214.0,17.7,3788,219.0,16.1,3526,25356,16177,57.2,1077.0
Station_01,Inv_00,20170708,12:58:00,216.0,8.2,1771,218.0,7.7,1679,25356,16177,57.9,581.0
Station_01,Inv_00,20170708,12:59:00,213.0,13.5,2876,220.0,12.3,2706,25356,16177,59.2,817.0
Station_01,Inv_00,20170708,13:00:00,202.0,7.7,1555,218.0,7.6,1657,25356,16177,58.7,763.0
Station_01,Inv_00,20170708,13:01:00,219.4,6.5,1426,219.0,6.0,1314,25356,16177,55.2,418.0
Station_01,Inv_00,20170708,13:02:00,222.0,5.8,1288,219.0,5.6,1226,25356,16177,54.0,394.0
Station_01,Inv_00,20170708,13:03:00,221.5,5.2,1152,220.0,5.0,1100,25356,16177,52.7,349.0
Station_01,Inv_00,20170708,13:04:00,227.0,5.0,1135,220.0,4.7,1034,25356,16177,51.4,329.0
Station_01,Inv_00,20170708,13:05:00,227.5,4.9,1115,220.0,4.8,1056,25356,16177,50.1,327.0
Station_01,Inv_00,20170708,13:06:00,224.4,4.8,1077,220.0,4.6,1012,25356,16177,49.3,323.0
Station_01,Inv_00,20170708,13:07:01,226.5,5.0,1133,220.0,4.9,1078,25356,16177,48.3,330.0
Station_01,Inv_00,20170708,13:08:00,225.0,6.8,1530,219.0,6.4,1402,25356,16177,47.1,382.0
Station_01,Inv_00,20170708,13:09:00,224.9,16.3,3666,220.0,15.7,3454,25356,16177,50.2,979.0
Station_01,Inv_00,20170708,13:10:00,221.5,16.2,3588,219.0,15.3,3351,25356,16177,53.3,1001.0
Station_01,Inv_00,20170708,13:11:00,212.0,16.6,3519,220.0,14.9,3278,25356,16177,55.7,990.0
Station_01,Inv_00,20170708,13:12:00,211.0,14.2,2996,220.0,13.2,2904,25356,16177,56.1,911.0
Station_01,Inv_00,20170708,13:13:00,213.0,16.3,3472,220.0,14.7,3234,25357,16178,59.0,986.0
Station_01,Inv_00,20170708,13:14:00,215.4,5.8,1249,218.0,5.4,1177,25357,16178,56.8,536.0
Station_01,Inv_00,20170708,13:15:01,221.9,5.6,1243,218.0,5.4,1177,25357,16178,54.6,372.0
Station_01,Inv_00,20170708,13:16:00,216.5,6.2,1342,218.0,5.6,1221,25357,16178,52.7,379.0
Station_01,Inv_00,20170708,13:17:00,216.9,16.3,3536,219.0,15.1,3307,25357,16178,56.4,1000.0
Station_01,Inv_00,20170708,13:18:00,216.0,16.6,3585,220.0,15.2,3344,25357,16178,58.6,1022.0
Station_01,Inv_00,20170708,13:19:00,218.5,15.8,3452,220.0,14.7,3234,25357,16178,60.5,1005.0
Station_01,Inv_00,20170708,13:20:00,213.5,15.9,3394,220.0,14.4,3168,25357,16178,61.9,982.0
Station_01,Inv_00,20170708,13:21:01,209.0,16.1,3365,220.0,14.3,3146,25357,16178,63.5,983.0
Station_01,Inv_00,20170708,13:22:00,210.9,15.7,3312,220.0,14.1,3102,25357,16178,63.5,978.0
Station_01,Inv_00,20170708,13:23:00,210.5,16.0,3368,220.0,14.3,3146,25357,16178,63.9,979.0
Station_01,Inv_00,20170708,13:24:00,210.5,15.9,3347,219.0,14.3,3132,25357,16178,63.5,979.0
Station_01,Inv_00,20170708,13:25:00,212.5,16.0,3400,219.0,14.4,3154,25357,16178,64.1,990.0
Station_01,Inv_00,20170708,13:26:01,209.5,6.0,1257,218.0,5.3,1155,25357,16178,60.9,492.0
Station_01,Inv_00,20170708,13:27:00,217.5,5.8,1261,218.0,5.3,1155,25357,16178,59.0,362.0
Station_01,Inv_00,20170708,13:28:00,220.4,5.4,1190,218.0,5.1,1112,25357,16178,57.3,352.0
Station_01,Inv_00,20170708,13:29:00,222.9,5.3,1182,218.0,5.1,1112,25357,16178,55.5,341.0
Station_01,Inv_00,20170708,13:30:00,214.0,12.7,2718,219.0,11.3,2475,25357,16178,54.6,590.0
Station_01,Inv_00,20170708,13:31:00,219.5,16.2,3556,220.0,15.0,3300,25357,16178,57.0,990.0
Station_01,Inv_00,20170708,13:32:00,217.5,15.5,3371,221.0,14.2,3138,25357,16178,59.5,961.0
Station_01,Inv_00,20170708,13:33:00,209.0,16.1,3365,221.0,14.1,3116,25357,16178,60.7,960.0
Station_01,Inv_00,20170708,13:34:00,209.0,16.3,3407,219.0,14.4,3154,25357,16178,61.4,967.0
Station_01,Inv_00,20170708,13:35:00,217.0,15.6,3385,219.0,14.4,3154,25358,16178,62.1,982.0
Station_01,Inv_00,20170708,13:36:00,211.9,15.9,3370,220.0,14.3,3146,25358,16178,63.2,969.0
Station_01,Inv_00,20170708,13:37:00,208.5,15.1,3148,221.0,13.7,3028,25358,16178,63.6,951.0
Station_01,Inv_00,20170708,13:38:00,211.0,15.3,3228,221.0,13.7,3028,25358,16178,62.9,928.0
Station_01,Inv_00,20170708,13:39:00,214.0,14.7,3146,219.0,13.4,2935,25358,16178,62.1,919.0
Station_01,Inv_00,20170708,13:40:00,213.5,14.4,3074,219.0,13.2,2891,25358,16178,64.0,899.0
Station_01,Inv_00,20170708,13:41:00,210.5,14.3,3010,221.0,12.8,2829,25358,16178,62.0,885.0
Station_01,Inv_00,20170708,13:42:00,216.0,14.0,3023,221.0,12.9,2851,25358,16178,61.5,881.0
Station_01,Inv_00,20170708,13:43:00,215.0,14.0,3010,219.0,12.8,2803,25358,16178,60.6,869.0
Station_01,Inv_00,20170708,13:44:00,213.0,14.2,3025,219.0,12.9,2825,25358,16178,61.7,869.0
Station_01,Inv_00,20170708,13:45:00,211.0,14.6,3081,219.0,13.4,2935,25358,16178,61.8,907.0
Station_01,Inv_00,20170708,13:46:00,203.5,5.1,1038,219.0,4.3,942,25358,16178,56.9,355.0
Station_01,Inv_00,20170708,13:47:00,221.0,5.0,1105,219.0,4.6,1007,25358,16178,53.9,326.0
Station_01,Inv_00,20170708,13:48:00,214.0,5.2,1113,219.0,4.8,1051,25358,16178,53.1,333.0
Station_01,Inv_00,20170708,13:49:00,217.0,6.2,1345,219.0,5.7,1248,25358,16178,52.0,429.0
Station_01,Inv_00,20170708,13:50:01,223.0,14.8,3300,220.0,14.1,3102,25358,16178,52.8,854.0
Station_01,Inv_00,20170708,13:51:00,224.0,14.3,3203,220.0,13.7,3014,25358,16178,52.1,849.0
Station_01,Inv_00,20170708,13:52:00,221.5,14.3,3167,220.0,13.4,2948,25358,16178,55.1,881.0
Station_01,Inv_00,20170708,13:53:00,218.4,14.9,3255,220.0,13.8,3036,25358,16178,56.5,912.0
Station_01,Inv_00,20170708,13:54:00,218.5,15.0,3277,220.0,13.9,3058,25358,16178,57.8,926.0
Station_01,Inv_00,20170708,13:55:00,220.5,15.0,3307,220.0,14.1,3102,25358,16178,57.7,936.0
Station_01,Inv_00,20170708,13:56:00,217.5,15.2,3306,220.0,14.0,3080,25358,16178,56.9,939.0
Station_01,Inv_00,20170708,13:57:01,197.5,11.0,2172,220.0,11.4,2508,25359,16179,58.5,894.0
Station_01,Inv_00,20170708,13:58:00,194.4,6.8,1322,219.0,5.7,1248,25359,16179,57.9,744.0
Station_01,Inv_00,20170708,13:59:00,225.5,4.9,1105,220.0,4.6,1012,25359,16179,53.8,326.0
Station_01,Inv_00,20170708,14:00:00,225.5,5.4,1218,217.0,5.3,1150,25359,16179,51.0,350.0
Station_01,Inv_00,20170708,14:01:01,228.0,14.5,3306,218.0,14.4,3139,25359,16179,53.3,848.0
Station_01,Inv_00,20170708,14:02:01,224.5,14.9,3345,219.0,14.4,3154,25359,16179,53.5,935.0
Station_01,Inv_00,20170708,14:03:00,211.5,15.8,3342,219.0,14.3,3132,25359,16179,55.0,943.0
Station_01,Inv_00,20170708,14:04:00,214.5,15.8,3389,219.0,14.4,3154,25359,16179,56.5,955.0
Station_01,Inv_00,20170708,14:05:00,218.5,15.4,3365,219.0,14.4,3154,25359,16179,54.9,951.0
Station_01,Inv_00,20170708,14:06:00,205.9,15.0,3089,219.0,13.3,2913,25359,16179,55.1,906.0
Station_01,Inv_00,20170708,14:07:00,219.5,13.9,3051,219.0,13.1,2869,25359,16179,56.3,856.0
Station_01,Inv_00,20170708,14:08:01,222.4,4.8,1067,217.0,4.6,998,25359,16179,53.4,334.0
Station_01,Inv_00,20170708,14:09:01,218.5,3.8,830,217.0,3.6,781,25359,16179,50.7,253.0
Station_01,Inv_00,20170708,14:10:00,226.4,3.8,860,217.0,3.7,803,25359,16179,48.8,242.0
Station_01,Inv_00,20170708,14:11:00,230.0,3.8,874,217.0,3.8,825,25359,16179,47.0,265.0
Station_01,Inv_00,20170708,14:12:00,231.5,3.1,718,216.0,3.2,691,25359,16179,45.7,210.0
Station_01,Inv_00,20170708,14:13:00,229.0,3.1,710,216.0,3.1,670,25359,16179,43.7,201.0
Station_01,Inv_00,20170708,14:14:00,230.3,3.5,806,216.0,3.6,778,25359,16179,43.3,224.0
Station_01,Inv_00,20170708,14:15:00,232.3,4.0,929,216.0,4.0,864,25359,16179,42.5,252.0
Station_01,Inv_00,20170708,14:16:00,230.0,3.9,897,216.0,3.9,842,25359,16179,41.2,247.0
Station_01,Inv_00,20170708,14:17:00,227.0,4.4,999,216.0,4.3,929,25359,16179,41.1,275.0
Station_01,Inv_00,20170708,14:18:00,236.9,5.2,1232,216.0,5.3,1145,25359,16179,40.6,310.0
Station_01,Inv_00,20170708,14:19:00,230.4,5.3,1221,216.0,5.4,1166,25359,16179,41.0,336.0
Station_01,Inv_00,20170708,14:20:00,236.0,4.8,1133,216.0,4.9,1058,25359,16179,40.9,316.0
Station_01,Inv_00,20170708,14:21:00,232.4,5.2,1208,216.0,5.2,1123,25359,16179,40.8,321.0
Station_01,Inv_00,20170708,14:22:00,241.5,5.2,1256,218.0,5.5,1199,25359,16179,41.2,340.0
Station_01,Inv_00,20170708,14:23:00,239.5,4.1,982,217.0,4.1,890,25359,16179,41.3,267.0
Station_01,Inv_00,20170708,14:24:00,235.0,4.4,1034,216.0,4.6,994,25359,16179,40.6,295.0
Station_01,Inv_00,20170708,14:25:00,239.0,5.0,1195,217.0,5.0,1085,25359,16179,40.7,296.0
Station_01,Inv_00,20170708,14:26:00,238.0,4.4,1047,216.0,4.5,972,25359,16179,40.9,286.0
Station_01,Inv_00,20170708,14:27:00,236.0,4.4,1038,216.0,4.4,950,25359,16179,40.7,278.0
Station_01,Inv_00,20170708,14:28:00,240.0,4.3,1032,216.0,4.5,972,25359,16179,40.5,282.0
Station_01,Inv_00,20170708,14:29:01,246.0,5.2,1279,217.0,5.4,1172,25359,16179,40.8,361.0
Station_01,Inv_00,20170708,14:30:00,232.5,3.8,884,216.0,3.9,842,25359,16179,40.8,259.0
Station_01,Inv_00,20170708,14:31:00,234.5,3.4,797,217.0,3.4,738,25359,16179,40.4,220.0
Station_01,Inv_00,20170708,14:32:00,237.0,2.9,687,218.0,3.0,654,25359,16179,39.7,196.0
Station_01,Inv_00,20170708,14:33:00,218.5,2.8,612,218.0,2.6,567,25359,16179,39.3,181.0
Station_01,Inv_00,20170708,14:34:00,233.5,2.5,584,217.0,2.6,564,25359,16179,38.7,172.0
Station_01,Inv_00,20170708,14:35:01,234.5,2.4,563,216.0,2.5,540,25359,16179,38.4,162.0
Station_01,Inv_00,20170708,14:36:00,235.6,2.3,542,219.0,2.4,526,25359,16179,38.3,156.0
Station_01,Inv_00,20170708,14:37:01,222.5,2.2,490,219.0,2.1,460,25359,16179,37.6,148.0
Station_01,Inv_00,20170708,14:38:00,210.0,2.1,441,219.0,2.0,438,25359,16179,37.5,141.0
Station_01,Inv_00,20170708,14:39:00,229.5,2.1,482,219.0,2.1,460,25359,16179,37.0,142.0
Station_01,Inv_00,20170708,14:40:00,234.0,2.1,491,218.0,2.1,458,25359,16179,36.7,142.0
Station_01,Inv_00,20170708,14:41:00,223.0,2.1,468,219.0,2.0,438,25360,16180,36.6,140.0
Station_01,Inv_00,20170708,14:42:00,231.4,2.0,463,219.0,2.1,460,25360,16180,36.7,137.0
Station_01,Inv_00,20170708,14:43:00,232.5,2.0,465,218.0,2.0,436,25360,16180,36.3,136.0
Station_01,Inv_00,20170708,14:44:00,238.8,2.0,478,218.0,2.0,436,25360,16180,36.1,134.0
Station_01,Inv_00,20170708,14:45:00,236.0,2.0,472,219.0,2.0,438,25360,16180,36.2,132.0
Station_01,Inv_00,20170708,14:46:00,234.0,1.8,421,218.0,2.0,436,25360,16180,35.9,129.0
Station_01,Inv_00,20170708,14:47:00,219.9,1.8,396,218.0,1.9,414,25360,16180,35.7,128.0
Station_01,Inv_00,20170708,14:48:00,225.0,1.8,405,219.0,1.8,394,25360,16180,35.5,122.0
Station_01,Inv_00,20170708,14:49:00,221.0,1.7,376,219.0,1.7,372,25360,16180,35.8,119.0
Station_01,Inv_00,20170708,14:50:00,230.5,1.6,369,219.0,1.7,372,25360,16180,35.7,114.0
Station_01,Inv_00,20170708,14:51:00,229.3,1.6,367,218.0,1.6,349,25360,16180,35.4,123.0
Station_01,Inv_00,20170708,14:52:00,211.0,1.5,317,218.0,1.5,327,25360,16180,35.2,121.0
Station_01,Inv_00,20170708,14:53:00,226.9,1.4,318,218.0,1.5,327,25360,16180,35.0,103.0
Station_01,Inv_00,20170708,14:54:00,224.0,1.5,336,219.0,1.5,329,25360,16180,34.9,103.0
Station_01,Inv_00,20170708,14:55:00,211.5,1.5,317,218.0,1.5,327,25360,16180,34.8,102.0
Station_01,Inv_00,20170708,14:56:00,213.0,1.4,298,219.0,1.4,307,25360,16180,34.7,102.0
Station_01,Inv_00,20170708,14:57:00,213.5,1.4,299,219.0,1.4,307,25360,16180,34.5,109.0
Station_01,Inv_00,20170708,14:58:00,231.8,1.3,301,220.0,1.4,308,25360,16180,34.5,96.0
Station_01,Inv_00,20170708,14:59:00,215.0,1.4,301,220.0,1.4,308,25360,16180,34.3,94.0
Station_01,Inv_00,20170708,15:00:00,216.0,1.3,281,218.0,1.3,283,25360,16180,33.8,92.0
Station_01,Inv_00,20170708,15:01:00,231.0,1.2,277,218.0,1.3,283,25360,16180,33.7,90.0
Station_01,Inv_00,20170708,15:02:00,232.4,1.2,279,219.0,1.3,285,25360,16180,33.7,88.0
Station_01,Inv_00,20170708,15:03:00,233.8,1.1,257,220.0,1.3,286,25360,16180,33.6,85.0
Station_01,Inv_00,20170708,15:04:00,222.0,1.1,244,216.0,1.2,259,25360,16180,33.3,82.0
Station_01,Inv_00,20170708,15:05:00,218.0,1.0,218,217.0,1.2,260,25360,16180,33.2,80.0
Station_01,Inv_00,20170708,15:06:00,227.0,1.0,227,217.0,1.1,239,25360,16180,32.6,78.0
Station_01,Inv_00,20170708,15:07:00,228.0,1.0,228,217.0,1.1,239,25360,16180,32.2,77.0
Station_01,Inv_00,20170708,15:08:00,209.0,1.0,209,217.0,1.0,217,25360,16180,32.2,75.0
Station_01,Inv_00,20170708,15:09:00,211.0,0.9,190,216.0,1.0,216,25360,16180,32.2,72.0
Station_01,Inv_00,20170708,15:10:00,232.3,0.9,209,216.0,1.0,216,25360,16180,32.3,71.0
Station_01,Inv_00,20170708,15:11:00,220.4,0.9,198,214.0,1.0,214,25360,16180,32.2,75.0
Station_01,Inv_00,20170708,15:12:00,221.0,0.9,199,214.0,1.0,214,25360,16180,32.1,71.0
Station_01,Inv_00,20170708,15:13:00,212.0,0.8,170,217.0,1.0,217,25360,16180,32.1,69.0
Station_01,Inv_00,20170708,15:14:00,204.5,0.8,164,217.0,1.0,217,25360,16180,31.9,68.0
Station_01,Inv_00,20170708,15:15:00,205.4,0.9,185,216.0,1.0,216,25360,16180,31.7,68.0
Station_01,Inv_00,20170708,15:16:00,209.5,0.8,168,217.0,1.0,217,25360,16180,31.7,68.0
Station_01,Inv_00,20170708,15:17:00,212.0,0.8,170,217.0,1.0,217,25360,16180,31.6,68.0
Station_01,Inv_00,20170708,15:18:00,222.0,0.9,200,216.0,1.0,216,25360,16180,31.5,67.0
Station_01,Inv_00,20170708,15:19:00,223.9,0.9,202,217.0,1.0,217,25360,16180,31.6,79.0
Station_01,Inv_00,20170708,15:20:00,214.0,0.8,171,217.0,1.0,217,25360,16180,31.7,67.0
Station_01,Inv_00,20170708,15:21:00,187.0,0.9,168,218.0,0.8,174,25360,16180,31.7,67.0
Station_01,Inv_00,20170708,15:22:00,177.1,0.8,142,218.0,0.8,174,25360,16180,31.7,66.0
Station_01,Inv_00,20170708,15:23:00,226.0,0.8,181,218.0,1.0,218,25360,16180,31.7,66.0
Station_01,Inv_00,20170708,15:24:00,221.6,0.8,177,217.0,0.9,195,25360,16180,31.6,65.0
Station_01,Inv_00,20170708,15:25:00,219.8,0.8,176,217.0,1.0,217,25360,16180,31.6,72.0
Station_01,Inv_00,20170708,15:26:00,225.0,0.8,180,216.0,0.9,194,25360,16180,31.6,63.0
Station_01,Inv_00,20170708,15:27:00,210.0,0.8,168,217.0,0.9,195,25360,16180,31.5,64.0
Station_01,Inv_00,20170708,15:28:00,224.0,0.8,179,217.0,0.9,195,25360,16180,31.3,62.0
Station_01,Inv_00,20170708,15:29:00,227.1,0.7,159,216.0,0.9,194,25360,16180,31.1,76.0
Station_01,Inv_00,20170708,15:30:00,201.4,0.7,141,217.0,0.8,174,25360,16180,31.0,61.0
Station_01,Inv_00,20170708,15:31:00,224.0,0.8,179,217.0,0.9,195,25360,16180,30.7,60.0
Station_01,Inv_00,20170708,15:32:00,227.9,0.7,160,217.0,0.9,195,25360,16180,30.4,59.0
Station_01,Inv_00,20170708,15:33:00,209.5,0.8,168,218.0,0.9,196,25360,16180,30.3,59.0
Station_01,Inv_00,20170708,15:34:00,221.8,0.8,177,217.0,0.9,195,25360,16180,30.2,59.0
Station_01,Inv_00,20170708,15:35:00,224.0,0.8,179,218.0,0.9,196,25360,16180,30.2,60.0
Station_01,Inv_00,20170708,15:36:00,223.4,0.7,156,217.0,0.9,195,25360,16180,30.0,61.0
Station_01,Inv_00,20170708,15:37:00,207.5,0.8,166,217.0,0.9,195,25360,16180,30.0,69.0
Station_01,Inv_00,20170708,15:38:00,200.5,0.8,160,217.0,0.9,195,25360,16180,29.8,62.0
Station_01,Inv_00,20170708,15:39:00,202.0,0.8,162,218.0,0.9,196,25360,16180,29.8,63.0
Station_01,Inv_00,20170708,15:40:00,211.9,0.8,170,218.0,0.9,196,25360,16180,29.8,63.0
Station_01,Inv_00,20170708,15:41:00,218.5,0.8,175,218.0,0.9,196,25360,16180,29.8,62.0
Station_01,Inv_00,20170708,15:42:00,217.4,0.8,174,217.0,0.9,195,25360,16180,29.8,62.0
Station_01,Inv_00,20170708,15:43:00,213.0,0.8,170,217.0,0.9,195,25360,16180,29.9,79.0
Station_01,Inv_00,20170708,15:44:00,214.5,0.8,172,217.0,0.9,195,25360,16180,30.0,60.0
Station_01,Inv_00,20170708,15:45:00,230.9,0.7,162,217.0,0.9,195,25360,16180,30.1,60.0
Station_01,Inv_00,20170708,15:46:00,202.5,0.8,162,217.0,0.8,174,25360,16180,30.1,59.0
Station_01,Inv_00,20170708,15:47:00,230.5,0.6,138,218.0,0.8,174,25360,16180,30.3,58.0
Station_01,Inv_00,20170708,15:48:00,205.5,0.6,123,218.0,0.7,153,25360,16180,30.4,54.0
Station_01,Inv_00,20170708,15:49:00,222.0,0.5,111,218.0,0.6,131,25360,16180,30.5,51.0
Station_01,Inv_00,20170708,15:50:00,195.0,0.5,98,218.0,0.5,109,25360,16180,30.7,48.0
Station_01,Inv_00,20170708,15:51:00,226.5,0.4,91,218.0,0.6,131,25360,16180,30.8,48.0
Station_01,Inv_00,20170708,15:52:00,210.8,0.5,105,218.0,0.6,131,25360,16180,30.9,49.0
Station_01,Inv_00,20170708,15:53:00,193.0,0.5,97,218.0,0.6,131,25360,16180,30.9,50.0
Station_01,Inv_00,20170708,15:54:00,209.8,0.5,105,218.0,0.6,131,25360,16180,31.0,56.0
Station_01,Inv_00,20170708,15:55:00,190.5,0.4,76,218.0,0.5,109,25360,16180,30.8,46.0
Station_01,Inv_00,20170708,15:56:00,177.3,0.4,71,217.0,0.5,109,25360,16180,30.6,41.0
Station_01,Inv_00,20170708,15:57:00,216.5,0.2,43,217.0,0.5,109,25360,16180,30.5,36.0
Station_01,Inv_00,20170708,15:58:00,204.5,0.2,41,218.0,0.4,87,25360,16180,30.5,34.0
Station_01,Inv_00,20170708,15:59:00,213.5,0.2,43,218.0,0.4,87,25360,16180,30.3,33.0
Station_01,Inv_00,20170708,16:00:00,209.0,0.2,42,219.0,0.4,88,25360,16180,30.2,31.0
Station_01,Inv_00,20170708,16:01:00,210.5,0.2,42,218.0,0.4,87,25360,16180,30.1,30.0
Station_01,Inv_00,20170708,16:02:00,215.5,0.2,43,219.0,0.4,88,25360,16180,30.0,30.0
Station_01,Inv_00,20170708,16:03:00,214.0,0.2,43,219.0,0.4,88,25360,16180,29.9,29.0
Station_01,Inv_00,20170708,16:04:00,220.5,0.2,44,219.0,0.4,88,25360,16180,29.9,29.0
Station_01,Inv_00,20170708,16:05:00,210.0,0.2,42,219.0,0.4,88,25360,16180,29.8,28.0
Station_01,Inv_00,20170708,16:06:00,217.0,0.2,43,218.0,0.4,87,25360,16180,29.8,28.0
Station_01,Inv_00,20170708,16:07:00,213.5,0.2,43,217.0,0.4,87,25360,16180,29.7,28.0
Station_01,Inv_00,20170708,16:08:00,214.0,0.2,43,217.0,0.4,87,25360,16180,29.7,28.0
Station_01,Inv_00,20170708,16:09:00,216.5,0.2,43,217.0,0.4,87,25360,16180,29.7,29.0
Station_01,Inv_00,20170708,16:10:00,217.5,0.2,44,217.0,0.4,87,25360,16180,29.6,28.0
Station_01,Inv_00,20170708,16:11:00,205.5,0.2,41,217.0,0.4,87,25360,16180,29.6,27.0
Station_01,Inv_00,20170708,16:12:00,215.0,0.2,43,217.0,0.4,87,25360,16180,29.6,28.0
Station_01,Inv_00,20170708,16:13:00,221.0,0.2,44,217.0,0.4,87,25360,16180,29.6,29.0
Station_01,Inv_00,20170708,16:14:00,228.0,0.2,46,217.0,0.4,87,25360,16180,29.6,30.0
Station_01,Inv_00,20170708,16:15:00,224.0,0.2,45,217.0,0.4,87,25360,16180,29.6,30.0
Station_01,Inv_00,20170708,16:16:00,222.0,0.2,44,218.0,0.4,87,25360,16180,29.6,30.0
Station_01,Inv_00,20170708,16:17:00,226.5,0.2,45,216.0,0.4,86,25360,16180,29.6,33.0
Station_01,Inv_00,20170708,16:18:00,209.0,0.1,21,217.0,0.4,87,25360,16180,29.5,31.0
Station_01,Inv_00,20170708,16:19:00,220.0,0.1,22,217.0,0.4,87,25360,16180,29.5,33.0
Station_01,Inv_00,20170708,16:20:00,234.5,0.2,47,217.0,0.4,87,25360,16180,29.5,32.0
Station_01,Inv_00,20170708,16:21:00,210.0,0.1,21,217.0,0.4,87,25360,16180,29.4,32.0
Station_01,Inv_00,20170708,16:22:00,204.0,0.1,20,218.0,0.4,87,25360,16180,29.0,33.0
Station_01,Inv_00,20170708,16:23:00,214.0,0.1,21,217.0,0.4,87,25360,16180,28.6,31.0
Station_01,Inv_00,20170708,16:24:00,207.5,0.2,42,216.0,0.4,86,25360,16180,28.3,30.0
Station_01,Inv_00,20170708,16:25:00,198.0,0.2,40,217.0,0.4,87,25360,16180,28.0,28.0
Station_01,Inv_00,20170708,16:26:00,205.0,0.2,41,216.0,0.4,86,25360,16180,27.7,27.0
Station_01,Inv_00,20170708,16:27:00,0.0,0.0,0,217.0,0.4,87,25360,16180,27.5,26.0
Station_01,Inv_00,20170708,16:28:00,0.0,0.0,0,216.0,0.6,130,25360,16180,27.3,23.0
Station_01,Inv_00,20170708,16:29:00,0.0,0.0,0,216.0,0.4,86,25360,16180,27.1,22.0
Station_01,Inv_00,20170708,16:30:00,0.0,0.0,0,216.0,0.4,86,25360,16180,27.0,500.0
Station_01,Inv_00,20170708,16:31:00,0.0,0.0,0,216.0,0.4,86,25360,16180,27.0,25.0
Station_01,Inv_00,20170708,16:32:00,221.5,0.2,44,217.0,0.4,87,25360,16180,26.9,26.0
Station_01,Inv_00,20170708,16:33:00,225.0,0.2,45,217.0,0.4,87,25360,16180,26.8,28.0
Station_01,Inv_00,20170708,16:34:00,256.5,0.2,51,0.0,0.0,0,25360,16180,26.8,29.0
Station_01,Inv_00,20170708,16:35:00,0.0,0.0,0,0.0,0.0,0,25360,16180,26.9,31.0
Station_01,Inv_00,20170708,16:36:00,224.0,0.2,45,216.0,0.5,108,25360,16180,26.8,31.0
Station_01,Inv_00,20170708,16:37:00,258.0,0.2,52,217.0,0.7,152,25360,16180,26.9,31.0
Station_01,Inv_00,20170708,16:38:00,0.0,0.0,0,0.0,0.0,0,25360,16180,26.9,31.0
Station_01,Inv_00,20170708,16:39:00,221.0,0.2,44,217.0,0.4,87,25360,16180,26.9,32.0
Station_01,Inv_00,20170708,16:40:00,212.0,0.2,42,216.0,0.5,108,25360,16180,26.9,29.0
Station_01,Inv_00,20170708,16:41:00,252.5,0.2,51,216.0,0.7,151,25360,16180,26.8,28.0
Station_01,Inv_00,20170708,16:42:00,0.0,0.0,0,221.0,0.3,66,25360,16180,26.9,38.0
Station_01,Inv_00,20170708,16:43:00,220.0,0.2,44,218.0,0.4,87,25360,16180,27.0,30.0
Station_01,Inv_00,20170708,16:44:00,0.0,0.0,0,218.0,0.6,131,25360,16180,27.0,30.0
Station_01,Inv_00,20170708,16:45:00,255.0,0.2,51,0.0,0.0,0,25360,16180,27.0,31.0
Station_01,Inv_00,20170708,16:46:00,0.0,0.0,0,0.0,0.0,0,25360,16180,27.1,30.0
Station_01,Inv_00,20170708,16:47:00,218.0,0.2,44,218.0,0.4,87,25360,16180,27.1,28.0
Station_01,Inv_00,20170708,16:48:00,0.0,0.0,0,218.0,0.5,109,25360,16180,27.1,27.0
Station_01,Inv_00,20170708,16:49:00,0.0,0.0,0,222.0,0.2,44,25360,16180,26.9,22.0
Station_01,Inv_00,20170708,16:50:00,0.0,0.0,0,222.0,0.2,44,25360,16180,26.8,22.0
Station_01,Inv_00,20170708,16:51:00,0.0,0.0,0,222.0,0.2,44,25360,16180,26.7,22.0
Station_01,Inv_00,20170708,16:52:00,0.0,0.0,0,222.0,0.2,44,25360,16180,26.7,22.0
Station_01,Inv_00,20170708,16:53:00,0.0,0.0,0,222.0,0.2,44,25360,16180,26.7,25.0
Station_01,Inv_00,20170708,16:54:00,0.0,0.0,0,222.0,0.5,111,25360,16180,26.7,25.0
Station_01,Inv_00,20170708,16:55:00,0.0,0.0,0,223.0,0.5,112,25360,16180,26.6,26.0
Station_01,Inv_00,20170708,16:56:00,0.0,0.0,0,222.0,0.5,111,25360,16180,26.6,27.0
Station_01,Inv_00,20170708,16:57:00,0.0,0.0,0,223.0,0.5,112,25360,16180,26.5,28.0
Station_01,Inv_00,20170708,16:58:00,0.0,0.0,0,222.0,0.5,111,25360,16180,26.5,26.0
Station_01,Inv_00,20170708,16:59:00,0.0,0.0,0,0.0,0.0,0,25360,16180,26.4,489.0
Station_01,Inv_00,20170708,17:00:00,0.0,0.0,0,0.0,0.0,0,25360,16180,26.4,26.0
Station_01,Inv_00,20170708,17:01:00,0.0,0.0,0,0.0,0.0,0,25360,16180,26.4,488.0
Station_01,Inv_00,20170708,17:02:00,0.0,0.0,0,0.0,0.0,0,25360,16180,26.3,487.0
Station_01,Inv_00,20170708,17:03:00,0.0,0.0,0,0.0,0.0,0,25360,16180,26.1,26.0
Station_01,Inv_00,20170708,17:04:00,0.0,0.0,0,0.0,0.0,0,25360,16180,26.1,26.0
Station_01,Inv_00,20170708,17:05:00,0.0,0.0,0,0.0,0.0,0,25360,16180,26.0,25.0
Station_01,Inv_00,20170708,17:06:00,0.0,0.0,0,0.0,0.0,0,25360,16180,26.0,25.0
Station_01,Inv_00,20170708,17:07:00,0.0,0.0,0,0.0,0.0,0,25360,16180,26.0,25.0
Station_01,Inv_00,20170708,17:08:00,0.0,0.0,0,0.0,0.0,0,25360,16180,25.9,26.0
Station_01,Inv_00,20170708,17:09:00,0.0,0.0,0,0.0,0.0,0,25360,16180,26.0,24.0
Station_01,Inv_00,20170708,17:10:00,0.0,0.0,0,0.0,0.0,0,25360,16180,25.9,24.0
Station_01,Inv_00,20170708,17:11:00,0.0,0.0,0,0.0,0.0,0,25360,16180,25.8,24.0
Station_01,Inv_00,20170708,17:12:00,0.0,0.0,0,0.0,0.0,0,25360,16180,25.8,24.0
Station_01,Inv_00,20170708,17:13:00,0.0,0.0,0,0.0,0.0,0,25360,16180,25.8,23.0
Station_01,Inv_00,20170708,17:14:00,0.0,0.0,0,0.0,0.0,0,25360,16180,25.8,23.0
Station_01,Inv_00,20170708,17:15:00,0.0,0.0,0,0.0,0.0,0,25360,16180,25.8,23.0
Station_01,Inv_00,20170708,17:16:00,0.0,0.0,0,0.0,0.0,0,25360,16180,25.8,24.0
Station_01,Inv_00,20170708,17:17:00,0.0,0.0,0,0.0,0.0,0,25360,16180,25.8,23.0
Station_01,Inv_00,20170708,17:18:00,0.0,0.0,0,0.0,0.0,0,25360,16180,25.8,23.0
Station_01,Inv_00,20170708,17:19:00,0.0,0.0,0,0.0,0.0,0,25360,16180,25.7,24.0
Station_01,Inv_00,20170708,17:20:00,0.0,0.0,0,0.0,0.0,0,25360,16180,25.7,22.0
Station_01,Inv_00,20170708,17:21:00,0.0,0.0,0,0.0,0.0,0,25360,16180,25.6,24.0
Station_01,Inv_00,20170708,17:22:00,0.0,0.0,0,0.0,0.0,0,25360,16180,25.6,23.0
Station_01,Inv_00,20170708,17:23:00,0.0,0.0,0,0.0,0.0,0,25360,16180,25.6,22.0
Station_01,Inv_00,20170708,17:24:00,0.0,0.0,0,0.0,0.0,0,25360,16180,25.6,23.0
Station_01,Inv_00,20170708,17:25:00,0.0,0.0,0,0.0,0.0,0,25360,16180,25.6,32.0
Station_01,Inv_00,20170708,17:26:00,0.0,0.0,0,0.0,0.0,0,25360,16180,25.5,26.0
Station_01,Inv_00,20170708,17:27:00,0.0,0.0,0,0.0,0.0,0,25360,16180,25.5,22.0
Station_01,Inv_00,20170708,17:28:00,0.0,0.0,0,0.0,0.0,0,25360,16180,25.5,472.0
Station_01,Inv_00,20170708,17:29:00,0.0,0.0,0,0.0,0.0,0,25360,16180,25.5,24.0
Station_01,Inv_00,20170708,17:30:00,0.0,0.0,0,0.0,0.0,0,25360,16180,25.4,25.0
Station_01,Inv_00,20170708,17:31:00,0.0,0.0,0,0.0,0.0,0,25360,16180,25.4,23.0
Station_01,Inv_00,20170708,17:32:00,0.0,0.0,0,0.0,0.0,0,25360,16180,25.4,22.0
Station_01,Inv_00,20170708,17:33:00,0.0,0.0,0,0.0,0.0,0,25360,16180,25.4,21.0
Station_01,Inv_00,20170708,17:34:00,0.0,0.0,0,0.0,0.0,0,25360,16180,25.4,20.0
Station_01,Inv_00,20170708,17:35:00,0.0,0.0,0,0.0,0.0,0,25360,16180,25.4,20.0
Station_01,Inv_00,20170708,17:36:00,0.0,0.0,0,0.0,0.0,0,25360,16180,25.3,22.0
Station_01,Inv_00,20170708,17:37:00,0.0,0.0,0,0.0,0.0,0,25360,16180,25.4,21.0
Station_01,Inv_00,20170708,17:38:00,0.0,0.0,0,0.0,0.0,0,25360,16180,25.4,21.0
Station_01,Inv_00,20170708,17:39:00,0.0,0.0,0,0.0,0.0,0,25360,16180,25.3,21.0
Station_01,Inv_00,20170708,17:40:00,0.0,0.0,0,0.0,0.0,0,25360,16180,25.3,20.0
Station_01,Inv_00,20170708,17:41:00,0.0,0.0,0,0.0,0.0,0,25360,16180,25.2,20.0
Station_01,Inv_00,20170708,17:42:00,0.0,0.0,0,0.0,0.0,0,25360,16180,25.2,20.0
Station_01,Inv_00,20170708,17:43:00,0.0,0.0,0,0.0,0.0,0,25360,16180,25.2,20.0
Station_01,Inv_00,20170708,17:44:00,0.0,0.0,0,0.0,0.0,0,25360,16180,25.2,22.0
Station_01,Inv_00,20170708,17:45:00,0.0,0.0,0,0.0,0.0,0,25360,16180,25.1,20.0
Station_01,Inv_00,20170708,17:46:00,0.0,0.0,0,0.0,0.0,0,25360,16180,25.0,20.0
Station_01,Inv_00,20170708,17:47:00,0.0,0.0,0,0.0,0.0,0,25360,16180,25.0,20.0
Station_01,Inv_00,20170708,17:48:00,0.0,0.0,0,0.0,0.0,0,25360,16180,24.9,20.0
Station_01,Inv_00,20170708,17:49:00,0.0,0.0,0,0.0,0.0,0,25360,16180,25.0,20.0
Station_01,Inv_00,20170708,17:50:00,0.0,0.0,0,0.0,0.0,0,25360,16180,25.0,21.0
Station_01,Inv_00,20170708,17:51:00,0.0,0.0,0,0.0,0.0,0,25360,16180,24.9,21.0
Station_01,Inv_00,20170708,17:52:00,0.0,0.0,0,0.0,0.0,0,25360,16180,24.7,21.0
Station_01,Inv_00,20170708,17:53:00,0.0,0.0,0,0.0,0.0,0,25360,16180,24.7,20.0
Station_01,Inv_00,20170708,17:54:00,0.0,0.0,0,0.0,0.0,0,25360,16180,24.6,20.0
Station_01,Inv_00,20170708,17:55:00,0.0,0.0,0,0.0,0.0,0,25360,16180,24.4,20.0
Station_01,Inv_00,20170708,17:56:00,0.0,0.0,0,0.0,0.0,0,25360,16180,24.4,20.0
Station_01,Inv_00,20170708,17:57:00,0.0,0.0,0,0.0,0.0,0,25360,16180,24.3,19.0
Station_01,Inv_00,20170708,17:58:00,0.0,0.0,0,0.0,0.0,0,25360,16180,24.3,20.0
Station_01,Inv_00,20170708,17:59:00,0.0,0.0,0,0.0,0.0,0,25360,16180,24.0,21.0
Station_01,Inv_00,20170708,18:00:00,0.0,0.0,0,0.0,0.0,0,25360,16180,24.0,23.0
Station_01,Inv_00,20170708,18:01:00,0.0,0.0,0,0.0,0.0,0,25360,16180,23.9,21.0
Station_01,Inv_00,20170708,18:02:00,0.0,0.0,0,0.0,0.0,0,25360,16180,23.9,22.0
Station_01,Inv_00,20170708,18:03:00,0.0,0.0,0,0.0,0.0,0,25360,16180,23.8,21.0
Station_01,Inv_00,20170708,18:04:00,0.0,0.0,0,0.0,0.0,0,25360,16180,23.8,21.0
Station_01,Inv_00,20170708,18:05:00,0.0,0.0,0,0.0,0.0,0,25360,16180,23.8,19.0
Station_01,Inv_00,20170708,18:06:00,0.0,0.0,0,0.0,0.0,0,25360,16180,23.9,19.0
Station_01,Inv_00,20170708,18:07:00,0.0,0.0,0,0.0,0.0,0,25360,16180,23.9,20.0
Station_01,Inv_00,20170708,18:08:00,0.0,0.0,0,0.0,0.0,0,25360,16180,23.9,20.0
Station_01,Inv_00,20170708,18:09:00,0.0,0.0,0,0.0,0.0,0,25360,16180,23.9,20.0
Station_01,Inv_00,20170708,18:10:00,0.0,0.0,0,0.0,0.0,0,25360,16180,23.8,20.0
Station_01,Inv_00,20170708,18:11:00,0.0,0.0,0,0.0,0.0,0,25360,16180,23.8,20.0
Station_01,Inv_00,20170708,18:12:00,0.0,0.0,0,0.0,0.0,0,25360,16180,23.8,20.0
Station_01,Inv_00,20170708,18:13:00,0.0,0.0,0,0.0,0.0,0,25360,16180,23.9,20.0
Station_01,Inv_00,20170708,18:14:00,0.0,0.0,0,0.0,0.0,0,25360,16180,23.9,21.0
Station_01,Inv_00,20170708,18:15:00,0.0,0.0,0,0.0,0.0,0,25360,16180,23.9,21.0
Station_01,Inv_00,20170708,18:16:00,0.0,0.0,0,0.0,0.0,0,25360,16180,23.9,22.0
Station_01,Inv_00,20170708,18:17:00,0.0,0.0,0,0.0,0.0,0,25360,16180,23.9,21.0
Station_01,Inv_00,20170708,18:18:00,0.0,0.0,0,0.0,0.0,0,25360,16180,23.9,23.0
Station_01,Inv_00,20170708,18:19:00,0.0,0.0,0,0.0,0.0,0,25360,16180,23.8,22.0
Station_01,Inv_00,20170708,18:20:00,0.0,0.0,0,0.0,0.0,0,25360,16180,23.8,20.0
Station_01,Inv_00,20170708,18:21:00,0.0,0.0,0,0.0,0.0,0,25360,16180,23.7,22.0
Station_01,Inv_00,20170708,18:22:00,0.0,0.0,0,0.0,0.0,0,25360,16180,23.8,20.0
Station_01,Inv_00,20170708,18:23:00,0.0,0.0,0,0.0,0.0,0,25360,16180,23.7,21.0
Station_01,Inv_00,20170708,18:24:00,0.0,0.0,0,0.0,0.0,0,25360,16180,23.7,21.0
Station_01,Inv_00,20170708,18:25:00,0.0,0.0,0,0.0,0.0,0,25360,16180,23.7,20.0
Station_01,Inv_00,20170708,18:26:00,0.0,0.0,0,0.0,0.0,0,25360,16180,23.7,21.0
Station_01,Inv_00,20170708,18:27:00,0.0,0.0,0,0.0,0.0,0,25360,16180,23.7,20.0
Station_01,Inv_00,20170708,18:28:00,0.0,0.0,0,0.0,0.0,0,25360,16180,23.7,21.0
Station_01,Inv_00,20170708,18:29:00,0.0,0.0,0,0.0,0.0,0,25360,16180,23.7,21.0
Station_01,Inv_00,20170708,18:30:00,0.0,0.0,0,0.0,0.0,0,25360,16180,23.8,21.0
Station_01,Inv_00,20170708,18:31:00,0.0,0.0,0,0.0,0.0,0,25360,16180,23.8,21.0
Station_01,Inv_00,20170708,18:32:00,0.0,0.0,0,0.0,0.0,0,25360,16180,23.8,21.0
Station_01,Inv_00,20170708,18:33:00,0.0,0.0,0,0.0,0.0,0,25360,16180,23.8,22.0
Station_01,Inv_00,20170708,18:34:00,0.0,0.0,0,0.0,0.0,0,25360,16180,23.9,21.0
Station_01,Inv_00,20170708,18:35:00,0.0,0.0,0,0.0,0.0,0,25360,16180,23.8,20.0
Station_01,Inv_00,20170708,18:36:00,0.0,0.0,0,0.0,0.0,0,25360,16180,23.9,20.0
Station_01,Inv_00,20170708,18:37:00,0.0,0.0,0,0.0,0.0,0,25360,16180,23.9,20.0
Station_01,Inv_00,20170708,18:38:00,0.0,0.0,0,0.0,0.0,0,25360,16180,23.8,19.0
Station_01,Inv_00,20170708,18:39:00,0.0,0.0,0,0.0,0.0,0,25360,16180,23.8,19.0
Station_01,Inv_00,20170708,18:40:00,0.0,0.0,0,0.0,0.0,0,25360,16180,23.9,20.0
Station_01,Inv_00,20170708,18:41:00,0.0,0.0,0,0.0,0.0,0,25360,16180,23.8,19.0
Station_01,Inv_00,20170708,18:42:00,0.0,0.0,0,0.0,0.0,0,25360,16180,23.9,19.0
Station_01,Inv_00,20170708,18:43:00,0.0,0.0,0,0.0,0.0,0,25360,16180,23.9,19.0
Station_01,Inv_00,20170708,18:44:00,0.0,0.0,0,0.0,0.0,0,25360,16180,23.9,19.0
Station_01,Inv_00,20170708,18:45:00,0.0,0.0,0,0.0,0.0,0,25360,16180,23.9,19.0
Station_01,Inv_00,20170708,18:46:00,0.0,0.0,0,0.0,0.0,0,25360,16180,23.9,19.0
Station_01,Inv_00,20170708,18:47:00,0.0,0.0,0,0.0,0.0,0,25360,16180,23.9,19.0
Station_01,Inv_00,20170708,18:48:00,0.0,0.0,0,0.0,0.0,0,25360,16180,23.9,19.0
Station_01,Inv_00,20170708,18:49:00,0.0,0.0,0,0.0,0.0,0,25360,16180,23.8,20.0
Station_01,Inv_00,20170708,18:50:00,0.0,0.0,0,0.0,0.0,0,25360,16180,23.9,19.0
Station_01,Inv_00,20170708,18:51:00,0.0,0.0,0,0.0,0.0,0,25360,16180,23.9,19.0
Station_01,Inv_00,20170708,18:52:00,0.0,0.0,0,0.0,0.0,0,25360,16180,23.9,19.0
Station_01,Inv_00,20170708,18:53:00,0.0,0.0,0,0.0,0.0,0,25360,16180,23.9,19.0
Station_01,Inv_00,20170708,18:54:00,0.0,0.0,0,0.0,0.0,0,25360,16180,23.9,19.0
Station_01,Inv_00,20170708,18:55:00,0.0,0.0,0,0.0,0.0,0,25360,16180,24.0,19.0
Station_01,Inv_00,20170708,18:56:00,0.0,0.0,0,0.0,0.0,0,25360,16180,24.0,19.0
Station_01,Inv_00,20170708,18:57:00,0.0,0.0,0,0.0,0.0,0,25360,16180,24.1,20.0
Station_01,Inv_00,20170708,18:58:00,0.0,0.0,0,0.0,0.0,0,25360,16180,24.1,20.0
Station_01,Inv_00,20170708,18:59:00,0.0,0.0,0,0.0,0.0,0,25360,16180,24.2,19.0
Station_01,Inv_00,20170708,19:00:00,0.0,0.0,0,0.0,0.0,0,25360,16180,24.2,20.0
Station_01,Inv_00,20170708,19:01:00,0.0,0.0,0,0.0,0.0,0,25360,16180,24.2,25.0
Station_01,Inv_00,20170708,19:02:00,0.0,0.0,0,0.0,0.0,0,25360,16180,24.3,20.0
Station_01,Inv_00,20170708,19:03:00,0.0,0.0,0,0.0,0.0,0,25360,16180,24.3,19.0
Station_01,Inv_00,20170708,19:04:00,0.0,0.0,0,0.0,0.0,0,25360,16180,24.4,19.0
Station_01,Inv_00,20170708,19:05:00,0.0,0.0,0,0.0,0.0,0,25360,16180,24.4,19.0
Station_01,Inv_00,20170708,19:06:00,0.0,0.0,0,0.0,0.0,0,25360,16180,24.4,19.0
Station_01,Inv_00,20170708,19:07:00,0.0,0.0,0,0.0,0.0,0,25360,16180,24.5,19.0
Station_01,Inv_00,20170708,19:08:00,0.0,0.0,0,0.0,0.0,0,25360,16180,24.5,19.0
Station_01,Inv_00,20170708,19:09:00,0.0,0.0,0,0.0,0.0,0,25360,16180,24.5,18.0
Station_01,Inv_00,20170708,19:10:00,0.0,0.0,0,0.0,0.0,0,25360,16180,24.6,19.0
Station_01,Inv_00,20170708,19:11:00,0.0,0.0,0,0.0,0.0,0,25360,16180,24.6,19.0
Station_01,Inv_00,20170708,19:12:00,0.0,0.0,0,0.0,0.0,0,25360,16180,24.6,19.0
Station_01,Inv_00,20170708,19:13:00,0.0,0.0,0,0.0,0.0,0,25360,16180,24.6,19.0
Station_01,Inv_00,20170708,19:14:00,0.0,0.0,0,0.0,0.0,0,25360,16180,24.6,19.0
Station_01,Inv_00,20170708,19:15:00,0.0,0.0,0,0.0,0.0,0,25360,16180,24.6,19.0
Station_01,Inv_00,20170708,19:16:00,0.0,0.0,0,0.0,0.0,0,25360,16180,24.6,19.0
Station_01,Inv_00,20170708,19:17:00,0.0,0.0,0,0.0,0.0,0,25360,16180,24.6,19.0
Station_01,Inv_00,20170708,19:18:00,0.0,0.0,0,0.0,0.0,0,25360,16180,24.6,19.0
Station_01,Inv_00,20170708,19:19:00,0.0,0.0,0,0.0,0.0,0,25360,16180,24.6,19.0
Station_01,Inv_00,20170708,19:20:00,0.0,0.0,0,0.0,0.0,0,25360,16180,24.6,19.0
Station_01,Inv_00,20170708,19:21:00,0.0,0.0,0,0.0,0.0,0,25360,16180,24.6,19.0
Station_01,Inv_00,20170708,19:22:00,0.0,0.0,0,0.0,0.0,0,25360,16180,24.6,19.0
Station_01,Inv_00,20170708,19:23:00,0.0,0.0,0,0.0,0.0,0,25360,16180,24.6,19.0
Station_01,Inv_00,20170708,19:24:00,0.0,0.0,0,0.0,0.0,0,25360,16180,24.6,19.0
Station_01,Inv_00,20170708,19:25:00,0.0,0.0,0,0.0,0.0,0,25360,16180,24.6,19.0
Station_01,Inv_00,20170708,19:26:00,0.0,0.0,0,0.0,0.0,0,25360,16180,24.6,19.0
Station_01,Inv_00,20170708,19:27:00,0.0,0.0,0,0.0,0.0,0,25360,16180,24.6,19.0
Station_01,Inv_00,20170708,19:28:00,0.0,0.0,0,0.0,0.0,0,25360,16180,24.6,19.0
Station_01,Inv_00,20170708,19:29:00,0.0,0.0,0,0.0,0.0,0,25360,16180,24.6,20.0
Station_01,Inv_00,20170708,19:30:00,0.0,0.0,0,0.0,0.0,0,25360,16180,24.6,19.0
Station_01,Inv_00,20170708,19:31:00,0.0,0.0,0,0.0,0.0,0,25360,16180,24.6,19.0
Station_01,Inv_00,20170708,19:32:00,0.0,0.0,0,0.0,0.0,0,25360,16180,24.6,19.0
Station_01,Inv_00,20170708,19:33:00,0.0,0.0,0,0.0,0.0,0,25360,16180,24.6,19.0
Station_01,Inv_00,20170708,19:34:00,0.0,0.0,0,0.0,0.0,0,25360,16180,24.6,19.0
Station_01,Inv_00,20170708,19:35:00,0.0,0.0,0,0.0,0.0,0,25360,16180,24.5,18.0
Station_01,Inv_00,20170708,19:36:00,0.0,0.0,0,0.0,0.0,0,25360,16180,24.5,19.0
Station_01,Inv_00,20170708,19:37:00,0.0,0.0,0,0.0,0.0,0,25360,16180,24.5,20.0
Station_01,Inv_00,20170708,19:38:00,0.0,0.0,0,0.0,0.0,0,25360,16180,24.5,19.0
Station_01,Inv_00,20170708,19:39:00,0.0,0.0,0,0.0,0.0,0,25360,16180,24.5,19.0
Station_01,Inv_00,20170708,19:40:00,0.0,0.0,0,0.0,0.0,0,25360,16180,24.5,19.0
Station_01,Inv_00,20170708,19:41:00,0.0,0.0,0,0.0,0.0,0,25360,16180,24.6,19.0
Station_01,Inv_00,20170708,19:42:00,0.0,0.0,0,0.0,0.0,0,25360,16180,24.6,19.0
Station_01,Inv_00,20170708,19:43:00,0.0,0.0,0,0.0,0.0,0,25360,16180,24.5,19.0
Station_01,Inv_00,20170708,19:44:00,0.0,0.0,0,0.0,0.0,0,25360,16180,24.5,19.0
Station_01,Inv_00,20170708,19:45:00,0.0,0.0,0,0.0,0.0,0,25360,16180,24.6,19.0
Station_01,Inv_00,20170708,19:46:00,0.0,0.0,0,0.0,0.0,0,25360,16180,24.6,19.0
Station_01,Inv_00,20170708,19:47:00,0.0,0.0,0,0.0,0.0,0,25360,16180,24.6,19.0
Station_01,Inv_00,20170708,19:48:00,0.0,0.0,0,0.0,0.0,0,25360,16180,24.6,19.0
Station_01,Inv_00,20170708,19:49:00,0.0,0.0,0,0.0,0.0,0,25360,16180,24.6,20.0
Station_01,Inv_00,20170708,19:50:00,0.0,0.0,0,0.0,0.0,0,25360,16180,24.6,19.0
Station_01,Inv_00,20170708,19:51:00,0.0,0.0,0,0.0,0.0,0,25360,16180,24.6,19.0
Station_01,Inv_00,20170708,19:52:00,0.0,0.0,0,0.0,0.0,0,25360,16180,24.6,20.0
Station_01,Inv_00,20170708,19:53:00,0.0,0.0,0,0.0,0.0,0,25360,16180,24.6,19.0
Station_01,Inv_00,20170708,19:54:00,0.0,0.0,0,0.0,0.0,0,25360,16180,24.6,19.0
Station_01,Inv_00,20170708,19:55:00,0.0,0.0,0,0.0,0.0,0,25360,16180,24.7,19.0
Station_01,Inv_00,20170708,19:56:00,0.0,0.0,0,0.0,0.0,0,25360,16180,24.7,20.0
Station_01,Inv_00,20170708,19:57:00,0.0,0.0,0,0.0,0.0,0,25360,16180,24.7,20.0
Station_01,Inv_00,20170708,19:58:00,0.0,0.0,0,0.0,0.0,0,25360,16180,24.7,19.0
Station_01,Inv_00,20170708,19:59:00,0.0,0.0,0,0.0,0.0,0,25360,16180,24.7,20.0
Station_01,Inv_00,20170708,20:00:00,0.0,0.0,0,0.0,0.0,0,25360,16180,24.6,19.0
