Station_01,Inv_00,20170703,05:00:00,0.0,0.0,0,0.0,0.0,0,25260,16116,24.0,19.0
Station_01,Inv_00,20170703,05:01:00,0.0,0.0,0,0.0,0.0,0,25260,16116,24.0,19.0
Station_01,Inv_00,20170703,05:02:00,0.0,0.0,0,0.0,0.0,0,25260,16116,24.1,19.0
Station_01,Inv_00,20170703,05:03:00,0.0,0.0,0,0.0,0.0,0,25260,16116,24.1,20.0
Station_01,Inv_00,20170703,05:04:00,0.0,0.0,0,0.0,0.0,0,25260,16116,24.1,20.0
Station_01,Inv_00,20170703,05:05:00,0.0,0.0,0,0.0,0.0,0,25260,16116,24.2,20.0
Station_01,Inv_00,20170703,05:06:00,0.0,0.0,0,0.0,0.0,0,25260,16116,24.2,20.0
Station_01,Inv_00,20170703,05:07:00,0.0,0.0,0,0.0,0.0,0,25260,16116,24.2,20.0
Station_01,Inv_00,20170703,05:08:00,0.0,0.0,0,0.0,0.0,0,25260,16116,24.2,20.0
Station_01,Inv_00,20170703,05:09:00,0.0,0.0,0,0.0,0.0,0,25260,16116,24.2,20.0
Station_01,Inv_00,20170703,05:10:00,0.0,0.0,0,0.0,0.0,0,25260,16116,24.2,20.0
Station_01,Inv_00,20170703,05:11:00,0.0,0.0,0,0.0,0.0,0,25260,16116,24.2,20.0
Station_01,Inv_00,20170703,05:12:00,0.0,0.0,0,0.0,0.0,0,25260,16116,24.1,20.0
Station_01,Inv_00,20170703,05:13:00,0.0,0.0,0,0.0,0.0,0,25260,16116,24.2,21.0
Station_01,Inv_00,20170703,05:14:00,0.0,0.0,0,0.0,0.0,0,25260,16116,24.2,21.0
Station_01,Inv_00,20170703,05:15:00,0.0,0.0,0,0.0,0.0,0,25260,16116,24.2,21.0
Station_01,Inv_00,20170703,05:16:00,0.0,0.0,0,0.0,0.0,0,25260,16116,24.2,22.0
Station_01,Inv_00,20170703,05:17:00,0.0,0.0,0,0.0,0.0,0,25260,16116,24.2,23.0
Station_01,Inv_00,20170703,05:18:00,0.0,0.0,0,0.0,0.0,0,25260,16116,24.3,23.0
Station_01,Inv_00,20170703,05:19:00,0.0,0.0,0,0.0,0.0,0,25260,16116,24.3,23.0
Station_01,Inv_00,20170703,05:20:00,0.0,0.0,0,0.0,0.0,0,25260,16116,24.4,24.0
Station_01,Inv_00,20170703,05:21:00,0.0,0.0,0,0.0,0.0,0,25260,16116,24.3,25.0
Station_01,Inv_00,20170703,05:22:00,0.0,0.0,0,0.0,0.0,0,25260,16116,24.4,452.0
Station_01,Inv_00,20170703,05:23:00,0.0,0.0,0,0.0,0.0,0,25260,16116,24.5,26.0
Station_01,Inv_00,20170703,05:24:00,0.0,0.0,0,0.0,0.0,0,25260,16116,24.6,27.0
Station_01,Inv_00,20170703,05:25:00,0.0,0.0,0,0.0,0.0,0,25260,16116,24.7,27.0
Station_01,Inv_00,20170703,05:26:00,0.0,0.0,0,0.0,0.0,0,25260,16116,24.8,28.0
Station_01,Inv_00,20170703,05:27:00,0.0,0.0,0,221.0,0.5,111,25260,16116,24.8,28.0
Station_01,Inv_00,20170703,05:28:00,0.0,0.0,0,221.0,0.5,111,25260,16116,24.8,29.0
Station_01,Inv_00,20170703,05:29:00,0.0,0.0,0,222.0,0.5,111,25260,16116,24.9,29.0
Station_01,Inv_00,20170703,05:30:00,0.0,0.0,0,222.0,0.5,111,25260,16116,25.0,30.0
Station_01,Inv_00,20170703,05:31:00,0.0,0.0,0,222.0,0.5,111,25260,16116,25.0,31.0
Station_01,Inv_00,20170703,05:32:00,161.0,0.1,16,0.0,0.0,0,25260,16116,25.1,31.0
Station_01,Inv_00,20170703,05:33:00,229.0,0.2,46,218.0,0.4,87,25260,16116,25.1,32.0
Station_01,Inv_00,20170703,05:34:00,226.5,0.2,45,218.0,0.4,87,25260,16116,25.2,33.0
Station_01,Inv_00,20170703,05:35:00,238.5,0.2,48,218.0,0.4,87,25260,16116,25.3,34.0
Station_01,Inv_00,20170703,05:36:00,237.5,0.2,48,218.0,0.4,87,25260,16116,25.3,35.0
Station_01,Inv_00,20170703,05:37:00,239.5,0.2,48,218.0,0.5,109,25260,16116,25.5,39.0
Station_01,Inv_00,20170703,05:38:00,217.0,0.3,65,217.0,0.5,109,25260,16116,25.6,44.0
Station_01,Inv_00,20170703,05:39:00,216.0,0.3,65,217.0,0.5,109,25260,16116,25.8,46.0
Station_01,Inv_00,20170703,05:40:00,207.0,0.3,62,217.0,0.5,109,25260,16116,25.8,48.0
Station_01,Inv_00,20170703,05:41:00,217.0,0.3,65,217.0,0.5,109,25260,16116,25.9,50.0
Station_01,Inv_00,20170703,05:42:00,221.3,0.3,66,218.0,0.5,109,25260,16116,26.1,52.0
Station_01,Inv_00,20170703,05:43:00,206.7,0.3,62,218.0,0.5,109,25260,16116,26.3,55.0
Station_01,Inv_00,20170703,05:44:00,220.7,0.3,66,217.0,0.5,109,25260,16116,26.3,57.0
Station_01,Inv_00,20170703,05:45:00,237.0,0.3,71,217.0,0.5,109,25260,16116,26.4,59.0
Station_01,Inv_00,20170703,05:46:00,230.5,0.4,92,218.0,0.5,109,25260,16116,26.5,61.0
Station_01,Inv_00,20170703,05:47:00,236.5,0.4,95,219.0,0.5,110,25260,16116,26.7,63.0
Station_01,Inv_00,20170703,05:48:00,233.3,0.3,70,217.0,0.5,109,25260,16116,26.8,66.0
Station_01,Inv_00,20170703,05:49:00,217.0,0.3,65,216.0,0.5,108,25260,16116,26.9,68.0
Station_01,Inv_00,20170703,05:50:00,231.0,0.4,92,217.0,0.5,109,25260,16116,27.0,70.0
Station_01,Inv_00,20170703,05:51:00,217.5,0.4,87,216.0,0.5,108,25260,16116,27.2,72.0
Station_01,Inv_00,20170703,05:52:00,238.2,0.5,119,216.0,0.6,130,25260,16116,27.4,74.0
Station_01,Inv_00,20170703,05:53:00,237.4,0.5,119,216.0,0.6,130,25260,16116,27.5,76.0
Station_01,Inv_00,20170703,05:54:00,229.5,0.6,138,217.0,0.6,130,25260,16116,27.6,78.0
Station_01,Inv_00,20170703,05:55:00,231.4,0.5,116,217.0,0.7,152,25260,16116,27.8,81.0
Station_01,Inv_00,20170703,05:56:00,230.0,0.6,138,216.0,0.7,151,25260,16116,27.9,84.0
Station_01,Inv_00,20170703,05:57:00,247.8,0.4,99,217.0,0.6,130,25260,16116,28.1,87.0
Station_01,Inv_00,20170703,05:58:00,245.0,0.6,147,218.0,0.8,174,25260,16116,28.2,89.0
Station_01,Inv_00,20170703,05:59:00,234.5,0.6,141,217.0,0.8,174,25260,16116,28.4,92.0
Station_01,Inv_00,20170703,06:00:00,229.3,0.7,161,216.0,0.9,194,25260,16116,28.5,94.0
Station_01,Inv_00,20170703,06:01:00,232.4,0.7,163,217.0,0.9,195,25260,16116,28.6,97.0
Station_01,Inv_00,20170703,06:02:00,240.0,0.8,192,216.0,1.0,216,25260,16116,28.8,99.0
Station_01,Inv_00,20170703,06:03:00,212.0,0.8,170,215.0,0.9,194,25260,16116,29.0,102.0
Station_01,Inv_00,20170703,06:04:00,199.5,0.8,160,216.0,0.9,194,25260,16116,29.1,105.0
Station_01,Inv_00,20170703,06:05:00,236.0,0.9,212,216.0,1.0,216,25260,16116,29.3,108.0
Station_01,Inv_00,20170703,06:06:00,243.4,0.9,219,219.0,1.0,219,25260,16116,29.4,111.0
Station_01,Inv_00,20170703,06:07:00,249.9,0.9,225,218.0,1.1,240,25260,16116,29.6,114.0
Station_01,Inv_00,20170703,06:08:00,250.0,1.0,250,217.0,1.1,239,25260,16116,29.8,117.0
Station_01,Inv_00,20170703,06:09:00,249.5,1.0,250,217.0,1.1,239,25260,16116,29.9,120.0
Station_01,Inv_00,20170703,06:10:00,251.0,1.0,251,218.0,1.2,262,25260,16116,30.1,123.0
Station_01,Inv_00,20170703,06:11:00,243.7,1.1,268,217.0,1.2,260,25260,16116,30.3,126.0
Station_01,Inv_00,20170703,06:12:00,220.0,1.1,242,218.0,1.2,262,25260,16116,30.3,129.0
Station_01,Inv_00,20170703,06:13:00,244.1,1.1,269,218.0,1.3,283,25260,16116,30.5,132.0
Station_01,Inv_00,20170703,06:14:00,249.0,1.2,299,218.0,1.4,305,25260,16116,30.6,135.0
Station_01,Inv_00,20170703,06:15:00,215.0,1.3,280,217.0,1.3,282,25260,16116,30.8,138.0
Station_01,Inv_00,20170703,06:16:00,202.0,1.4,283,216.0,1.3,281,25260,16116,31.0,157.0
Station_01,Inv_00,20170703,06:17:00,250.9,1.3,326,216.0,1.5,324,25260,16116,31.1,144.0
Station_01,Inv_00,20170703,06:18:00,253.0,1.4,354,216.0,1.5,324,25260,16116,31.3,148.0
Station_01,Inv_00,20170703,06:19:00,252.5,1.4,354,216.0,1.5,324,25260,16116,31.4,151.0
Station_01,Inv_00,20170703,06:20:00,249.0,1.5,374,216.0,1.6,346,25260,16116,31.4,154.0
Station_01,Inv_00,20170703,06:21:00,247.0,1.5,371,216.0,1.7,367,25260,16116,31.4,158.0
Station_01,Inv_00,20170703,06:22:00,253.9,1.5,381,217.0,1.7,369,25260,16116,31.7,161.0
Station_01,Inv_00,20170703,06:23:00,251.0,1.6,402,216.0,1.8,389,25260,16116,31.8,164.0
Station_01,Inv_00,20170703,06:24:00,251.9,1.7,428,216.0,1.8,389,25260,16116,31.9,168.0
Station_01,Inv_00,20170703,06:25:00,252.4,1.7,429,217.0,1.9,412,25260,16116,32.1,171.0
Station_01,Inv_00,20170703,06:26:00,251.0,1.8,452,217.0,1.9,412,25260,16116,32.2,175.0
Station_01,Inv_00,20170703,06:27:00,250.5,1.8,451,217.0,2.0,434,25260,16116,32.4,178.0
Station_01,Inv_00,20170703,06:28:00,245.9,1.9,467,216.0,2.0,432,25260,16116,32.5,182.0
Station_01,Inv_00,20170703,06:29:00,251.0,1.8,452,217.0,2.1,456,25260,16116,32.8,185.0
Station_01,Inv_00,20170703,06:30:00,251.0,2.0,502,217.0,2.2,477,25260,16116,33.0,189.0
Station_01,Inv_00,20170703,06:31:00,239.4,2.1,503,217.0,2.1,456,25260,16116,33.1,193.0
Station_01,Inv_00,20170703,06:32:00,191.0,2.2,420,216.0,1.9,410,25260,16116,33.3,196.0
Station_01,Inv_00,20170703,06:33:00,235.3,2.1,494,217.0,2.3,499,25260,16116,33.5,199.0
Station_01,Inv_00,20170703,06:34:00,249.6,2.1,524,217.0,2.2,477,25260,16116,33.5,203.0
Station_01,Inv_00,20170703,06:35:00,250.0,2.3,575,216.0,2.5,540,25260,16116,33.7,206.0
Station_01,Inv_00,20170703,06:36:00,242.6,2.4,582,215.0,2.5,538,25260,16116,33.9,209.0
Station_01,Inv_00,20170703,06:37:00,251.0,2.4,602,216.0,2.5,540,25260,16116,34.3,212.0
Station_01,Inv_00,20170703,06:38:00,253.0,2.4,607,215.0,2.6,559,25260,16116,34.3,216.0
Station_01,Inv_00,20170703,06:39:00,223.0,2.6,580,215.0,2.5,538,25260,16116,34.6,219.0
Station_01,Inv_00,20170703,06:40:00,238.6,2.6,620,215.0,2.6,559,25260,16116,34.8,222.0
Station_01,Inv_00,20170703,06:41:00,247.5,2.7,668,215.0,2.9,624,25260,16116,35.0,226.0
Station_01,Inv_00,20170703,06:42:00,247.5,2.7,668,215.0,2.9,624,25260,16116,35.2,230.0
Station_01,Inv_00,20170703,06:43:00,246.5,2.8,690,215.0,3.0,645,25260,16116,35.4,234.0
Station_01,Inv_00,20170703,06:44:00,248.0,2.8,694,216.0,3.1,670,25260,16116,35.5,237.0
Station_01,Inv_00,20170703,06:45:00,236.0,3.0,708,217.0,3.0,651,25260,16116,36.0,240.0
Station_01,Inv_00,20170703,06:46:00,249.5,2.8,699,217.0,3.1,673,25260,16116,35.9,244.0
Station_01,Inv_00,20170703,06:47:00,244.9,2.9,710,217.0,3.2,694,25260,16116,36.2,247.0
Station_01,Inv_00,20170703,06:48:00,247.0,3.1,766,216.0,3.3,713,25260,16116,36.3,252.0
Station_01,Inv_00,20170703,06:49:00,245.0,3.2,784,216.0,3.4,734,25260,16116,36.6,255.0
Station_01,Inv_00,20170703,06:50:00,230.9,3.3,762,215.0,3.3,710,25260,16116,36.8,258.0
Station_01,Inv_00,20170703,06:51:00,248.9,3.1,772,215.0,3.5,753,25260,16116,36.9,262.0
Station_01,Inv_00,20170703,06:52:00,249.5,3.3,823,215.0,3.6,774,25260,16116,37.2,265.0
Station_01,Inv_00,20170703,06:53:00,248.8,3.4,846,216.0,3.6,778,25260,16116,37.6,268.0
Station_01,Inv_00,20170703,06:54:00,246.0,3.5,861,216.0,3.7,799,25260,16116,37.5,272.0
Station_01,Inv_00,20170703,06:55:00,238.0,3.4,809,216.0,3.7,799,25260,16116,37.6,277.0
Station_01,Inv_00,20170703,06:56:00,240.0,3.7,888,217.0,3.8,825,25260,16116,37.8,280.0
Station_01,Inv_00,20170703,06:57:00,241.9,3.7,895,216.0,3.8,821,25260,16116,38.0,284.0
Station_01,Inv_00,20170703,06:58:00,237.0,3.8,901,217.0,3.9,846,25260,16116,38.4,287.0
Station_01,Inv_00,20170703,06:59:00,243.0,3.7,899,216.0,3.9,842,25260,16116,38.6,290.0
Station_01,Inv_00,20170703,07:00:00,242.4,3.9,946,216.0,4.0,864,25260,16116,38.7,293.0
Station_01,Inv_00,20170703,07:01:00,241.0,3.8,916,216.0,4.0,864,25260,16116,39.1,293.0
Station_01,Inv_00,20170703,07:02:00,244.0,3.8,927,216.0,4.1,886,25260,16116,39.2,296.0
Station_01,Inv_00,20170703,07:03:00,240.5,3.9,938,216.0,4.1,886,25260,16116,39.7,300.0
Station_01,Inv_00,20170703,07:04:00,242.5,4.1,994,216.0,4.1,886,25260,16116,39.5,306.0
Station_01,Inv_00,20170703,07:05:00,242.0,4.2,1016,216.0,4.2,907,25260,16116,39.4,311.0
Station_01,Inv_00,20170703,07:06:00,241.5,4.1,990,217.0,4.2,911,25260,16116,39.4,313.0
Station_01,Inv_00,20170703,07:07:00,242.0,4.1,992,218.0,4.3,937,25260,16116,39.7,312.0
Station_01,Inv_00,20170703,07:08:00,242.5,4.3,1043,216.0,4.4,950,25260,16116,39.8,318.0
Station_01,Inv_00,20170703,07:09:00,227.0,4.5,1022,216.0,4.3,929,25260,16116,39.9,323.0
Station_01,Inv_00,20170703,07:10:00,242.5,4.5,1091,216.0,4.6,994,25260,16116,40.4,328.0
Station_01,Inv_00,20170703,07:11:00,238.5,4.5,1073,217.0,4.6,998,25260,16116,40.7,332.0
Station_01,Inv_00,20170703,07:12:00,241.0,4.6,1109,217.0,4.7,1020,25260,16116,40.8,337.0
Station_01,Inv_00,20170703,07:13:00,241.5,4.7,1135,216.0,4.8,1037,25260,16116,40.8,342.0
Station_01,Inv_00,20170703,07:14:00,228.0,4.7,1072,216.0,4.6,994,25260,16116,40.5,344.0
Station_01,Inv_00,20170703,07:15:00,228.5,4.8,1097,217.0,4.7,1020,25260,16116,40.6,348.0
Station_01,Inv_00,20170703,07:16:00,239.0,4.9,1171,216.0,5.0,1080,25260,16116,40.9,349.0
Station_01,Inv_00,20170703,07:17:00,239.0,4.8,1147,216.0,5.1,1102,25260,16116,41.2,353.0
Station_01,Inv_00,20170703,07:18:00,240.5,5.0,1203,216.0,5.1,1102,25260,16116,41.3,358.0
Station_01,Inv_00,20170703,07:19:00,242.0,4.9,1186,216.0,5.1,1102,25260,16116,41.8,362.0
Station_01,Inv_00,20170703,07:20:00,240.0,5.0,1200,218.0,5.2,1134,25260,16116,42.3,365.0
Station_01,Inv_00,20170703,07:21:00,230.0,5.2,1196,219.0,5.1,1117,25260,16116,42.7,368.0
Station_01,Inv_00,20170703,07:22:00,238.0,5.2,1238,218.0,5.3,1155,25260,16116,42.7,373.0
Station_01,Inv_00,20170703,07:23:00,240.9,5.3,1277,218.0,5.4,1177,25260,16116,43.2,378.0
Station_01,Inv_00,20170703,07:24:00,234.0,5.5,1287,219.0,5.4,1183,25260,16116,43.2,381.0
Station_01,Inv_00,20170703,07:25:00,240.0,5.3,1272,219.0,5.5,1205,25260,16116,43.5,384.0
Station_01,Inv_00,20170703,07:26:00,238.9,5.5,1314,218.0,5.6,1221,25261,16117,44.0,386.0
Station_01,Inv_00,20170703,07:27:00,240.0,5.4,1296,218.0,5.6,1221,25261,16117,44.3,389.0
Station_01,Inv_00,20170703,07:28:00,235.0,5.6,1316,219.0,5.6,1226,25261,16117,44.4,393.0
Station_01,Inv_00,20170703,07:29:00,239.9,5.6,1343,220.0,5.6,1232,25261,16117,44.8,398.0
Station_01,Inv_00,20170703,07:30:00,223.5,5.8,1296,220.0,5.5,1210,25261,16117,45.2,400.0
Station_01,Inv_00,20170703,07:31:00,236.5,5.7,1348,220.0,5.8,1276,25261,16117,45.4,404.0
Station_01,Inv_00,20170703,07:32:00,236.4,5.8,1371,219.0,5.9,1292,25261,16117,46.0,406.0
Station_01,Inv_00,20170703,07:33:00,236.0,5.9,1392,219.0,6.0,1314,25261,16117,45.7,412.0
Station_01,Inv_00,20170703,07:34:00,234.0,5.9,1381,219.0,6.0,1314,25261,16117,46.2,413.0
Station_01,Inv_00,20170703,07:35:00,236.5,5.9,1395,219.0,6.1,1336,25261,16117,46.4,416.0
Station_01,Inv_00,20170703,07:36:00,233.0,6.1,1421,219.0,6.1,1336,25261,16117,46.8,419.0
Station_01,Inv_00,20170703,07:37:00,233.5,6.1,1424,219.0,6.2,1358,25261,16117,46.4,420.0
Station_01,Inv_00,20170703,07:38:00,234.0,6.1,1427,219.0,6.2,1358,25261,16117,46.3,424.0
Station_01,Inv_00,20170703,07:39:00,232.5,6.3,1465,219.0,6.2,1358,25261,16117,46.8,426.0
Station_01,Inv_00,20170703,07:40:00,232.4,6.4,1488,219.0,6.2,1358,25261,16117,47.0,430.0
Station_01,Inv_00,20170703,07:41:00,229.5,6.4,1469,219.0,6.3,1380,25261,16117,47.0,435.0
Station_01,Inv_00,20170703,07:42:00,227.5,6.5,1479,219.0,6.4,1402,25261,16117,47.3,438.0
Station_01,Inv_00,20170703,07:43:00,226.5,6.7,1518,219.0,6.4,1402,25261,16117,47.9,440.0
Station_01,Inv_00,20170703,07:44:00,229.5,6.5,1492,220.0,6.4,1408,25261,16117,47.4,442.0
Station_01,Inv_00,20170703,07:45:00,230.0,6.5,1495,220.0,6.4,1408,25261,16117,48.1,440.0
Station_01,Inv_00,20170703,07:46:00,232.0,6.5,1508,219.0,6.6,1445,25261,16117,47.7,443.0
Station_01,Inv_00,20170703,07:47:00,233.0,6.5,1514,219.0,6.6,1445,25261,16117,47.0,447.0
Station_01,Inv_00,20170703,07:48:00,232.5,6.6,1535,220.0,6.7,1474,25261,16117,47.1,452.0
Station_01,Inv_00,20170703,07:49:00,232.5,6.7,1558,219.0,6.7,1467,25261,16117,46.2,460.0
Station_01,Inv_00,20170703,07:50:00,232.9,6.8,1584,218.0,6.8,1482,25261,16117,47.2,465.0
Station_01,Inv_00,20170703,07:51:00,234.5,6.8,1595,218.0,6.9,1504,25261,16117,47.3,464.0
Station_01,Inv_00,20170703,07:52:00,232.5,6.9,1604,218.0,7.0,1526,25261,16117,48.0,468.0
Station_01,Inv_00,20170703,07:53:00,230.0,7.1,1633,218.0,7.0,1526,25261,16117,48.2,471.0
Station_01,Inv_00,20170703,07:54:00,225.5,7.1,1601,219.0,7.0,1533,25261,16117,47.3,474.0
Station_01,Inv_00,20170703,07:55:00,232.5,7.1,1651,220.0,7.1,1562,25261,16117,48.0,477.0
Station_01,Inv_00,20170703,07:56:00,230.0,7.3,1679,219.0,7.2,1577,25261,16117,48.2,481.0
Station_01,Inv_00,20170703,07:57:00,227.5,7.3,1661,219.0,7.2,1577,25261,16117,48.5,484.0
Station_01,Inv_00,20170703,07:58:00,232.0,7.3,1694,219.0,7.2,1577,25261,16117,48.1,488.0
Station_01,Inv_00,20170703,07:59:00,231.0,7.3,1686,219.0,7.3,1599,25261,16117,49.0,489.0
Station_01,Inv_00,20170703,08:00:00,231.5,7.3,1690,218.0,7.3,1591,25261,16117,48.7,491.0
Station_01,Inv_00,20170703,08:01:00,230.0,7.4,1702,218.0,7.4,1613,25261,16117,48.5,496.0
Station_01,Inv_00,20170703,08:02:00,231.0,7.5,1732,218.0,7.5,1635,25261,16117,48.9,502.0
Station_01,Inv_00,20170703,08:03:00,230.5,7.7,1775,220.0,7.5,1650,25261,16117,49.6,505.0
Station_01,Inv_00,20170703,08:04:00,229.0,7.6,1740,218.0,7.6,1657,25261,16117,50.0,505.0
Station_01,Inv_00,20170703,08:05:00,226.5,7.9,1789,218.0,7.7,1679,25262,16117,49.4,511.0
Station_01,Inv_00,20170703,08:06:00,226.0,7.9,1785,218.0,7.7,1679,25262,16117,50.8,515.0
Station_01,Inv_00,20170703,08:07:00,227.5,7.9,1797,218.0,7.8,1700,25262,16117,50.8,519.0
Station_01,Inv_00,20170703,08:08:00,232.5,7.9,1837,218.0,7.9,1722,25262,16117,50.3,526.0
Station_01,Inv_00,20170703,08:09:00,224.0,8.1,1814,218.0,7.9,1722,25262,16117,49.3,534.0
Station_01,Inv_00,20170703,08:10:00,232.0,7.9,1833,218.0,8.0,1744,25262,16117,49.4,531.0
Station_01,Inv_00,20170703,08:11:00,231.5,8.1,1875,220.0,8.0,1760,25262,16117,50.7,534.0
Station_01,Inv_00,20170703,08:12:00,227.9,8.2,1869,220.0,8.0,1760,25262,16117,49.7,541.0
Station_01,Inv_00,20170703,08:13:00,227.4,8.2,1865,220.0,8.1,1782,25262,16117,50.3,541.0
Station_01,Inv_00,20170703,08:14:00,227.5,8.3,1888,220.0,8.1,1782,25262,16117,51.2,544.0
Station_01,Inv_00,20170703,08:15:00,226.0,8.4,1898,220.0,8.2,1804,25262,16117,50.7,547.0
Station_01,Inv_00,20170703,08:16:00,226.5,8.4,1903,221.0,8.2,1812,25262,16117,51.5,552.0
Station_01,Inv_00,20170703,08:17:00,221.0,8.7,1923,220.0,8.2,1804,25262,16117,50.3,560.0
Station_01,Inv_00,20170703,08:18:00,221.0,8.7,1923,220.0,8.2,1804,25262,16117,51.4,561.0
Station_01,Inv_00,20170703,08:19:00,224.0,8.7,1949,218.0,8.4,1831,25262,16117,50.7,567.0
Station_01,Inv_00,20170703,08:20:00,223.5,8.7,1944,218.0,8.4,1831,25262,16117,50.5,568.0
Station_01,Inv_00,20170703,08:21:00,227.0,8.7,1975,219.0,8.5,1862,25262,16117,50.2,572.0
Station_01,Inv_00,20170703,08:22:00,226.5,8.7,1971,218.0,8.6,1875,25262,16117,50.9,574.0
Station_01,Inv_00,20170703,08:23:00,230.5,8.7,2005,219.0,8.7,1905,25262,16117,51.6,576.0
Station_01,Inv_00,20170703,08:24:00,224.5,8.9,1998,219.0,8.7,1905,25262,16117,51.8,578.0
Station_01,Inv_00,20170703,08:25:00,224.5,8.9,1998,219.0,8.6,1883,25262,16117,51.2,584.0
Station_01,Inv_00,20170703,08:26:00,225.0,9.0,2025,219.0,8.7,1905,25262,16117,52.1,585.0
Station_01,Inv_00,20170703,08:27:00,231.5,8.8,2037,219.0,8.8,1927,25262,16117,51.3,589.0
Station_01,Inv_00,20170703,08:28:00,228.0,9.0,2052,218.0,8.9,1940,25262,16117,51.8,590.0
Station_01,Inv_00,20170703,08:29:00,229.5,9.0,2065,219.0,8.9,1949,25262,16117,51.5,595.0
Station_01,Inv_00,20170703,08:30:00,229.0,9.1,2084,219.0,9.0,1971,25262,16117,52.4,597.0
Station_01,Inv_00,20170703,08:31:00,224.9,9.2,2069,218.0,9.0,1962,25262,16117,52.6,600.0
Station_01,Inv_00,20170703,08:32:00,225.5,9.3,2097,218.0,9.0,1962,25262,16117,53.3,602.0
Station_01,Inv_00,20170703,08:33:00,225.0,9.3,2093,217.0,9.1,1975,25262,16117,53.8,605.0
Station_01,Inv_00,20170703,08:34:00,219.5,9.5,2085,217.0,9.1,1975,25262,16117,52.7,606.0
Station_01,Inv_00,20170703,08:35:00,228.9,9.2,2106,217.0,9.2,1996,25262,16117,53.6,610.0
Station_01,Inv_00,20170703,08:36:00,224.0,9.5,2128,217.0,9.3,2018,25263,16118,53.4,614.0
Station_01,Inv_00,20170703,08:37:00,215.5,9.8,2112,217.0,9.3,2018,25263,16118,54.3,617.0
Station_01,Inv_00,20170703,08:38:00,223.0,9.7,2163,217.0,9.4,2040,25263,16118,53.9,626.0
Station_01,Inv_00,20170703,08:39:00,223.0,9.8,2185,217.0,9.4,2040,25263,16118,54.3,629.0
Station_01,Inv_00,20170703,08:40:00,224.0,9.7,2173,217.0,9.5,2062,25263,16118,55.5,628.0
Station_01,Inv_00,20170703,08:41:00,222.5,9.8,2181,218.0,9.5,2071,25263,16118,56.2,634.0
Station_01,Inv_00,20170703,08:42:00,224.0,9.9,2218,219.0,9.5,2081,25263,16118,56.7,635.0
Station_01,Inv_00,20170703,08:43:00,224.0,9.9,2218,218.0,9.6,2093,25263,16118,57.4,639.0
Station_01,Inv_00,20170703,08:44:00,224.5,10.0,2245,218.0,9.7,2115,25263,16118,57.7,643.0
Station_01,Inv_00,20170703,08:45:00,217.5,10.3,2240,218.0,9.6,2093,25263,16118,58.6,645.0
Station_01,Inv_00,20170703,08:46:00,220.9,10.0,2209,218.0,9.7,2115,25263,16118,59.0,645.0
Station_01,Inv_00,20170703,08:47:00,221.0,10.1,2232,218.0,9.7,2115,25263,16118,59.3,647.0
Station_01,Inv_00,20170703,08:48:00,220.5,10.2,2249,218.0,9.7,2115,25263,16118,60.0,647.0
Station_01,Inv_00,20170703,08:49:00,218.0,10.3,2245,218.0,9.7,2115,25263,16118,59.3,652.0
Station_01,Inv_00,20170703,08:50:00,220.5,10.3,2271,218.0,9.8,2136,25263,16118,59.7,654.0
Station_01,Inv_00,20170703,08:51:00,218.0,10.4,2267,218.0,9.8,2136,25263,16118,60.0,657.0
Station_01,Inv_00,20170703,08:52:00,218.5,10.4,2272,219.0,9.8,2146,25263,16118,57.9,663.0
Station_01,Inv_00,20170703,08:53:00,219.0,10.4,2277,218.0,9.8,2136,25263,16118,59.6,662.0
Station_01,Inv_00,20170703,08:54:00,218.0,10.5,2289,218.0,9.9,2158,25263,16118,60.1,666.0
Station_01,Inv_00,20170703,08:55:00,219.5,10.5,2305,219.0,9.9,2168,25263,16118,60.5,669.0
Station_01,Inv_00,20170703,08:56:00,220.0,10.5,2310,219.0,10.0,2190,25263,16118,61.0,679.0
Station_01,Inv_00,20170703,08:57:00,215.0,10.8,2322,218.0,10.0,2180,25263,16118,60.9,674.0
Station_01,Inv_00,20170703,08:58:00,222.5,10.6,2358,218.0,10.2,2224,25263,16118,60.1,678.0
Station_01,Inv_00,20170703,08:59:00,222.0,10.7,2375,218.0,10.2,2224,25263,16118,58.2,705.0
Station_01,Inv_00,20170703,09:00:00,219.0,10.9,2387,217.0,10.4,2257,25263,16118,59.1,700.0
Station_01,Inv_00,20170703,09:01:00,220.0,11.0,2420,218.0,10.5,2289,25263,16118,58.0,708.0
Station_01,Inv_00,20170703,09:02:00,215.0,11.3,2429,218.0,10.6,2311,25264,16118,58.4,715.0
Station_01,Inv_00,20170703,09:03:00,216.0,11.3,2441,217.0,10.7,2322,25264,16118,60.0,715.0
Station_01,Inv_00,20170703,09:04:00,217.0,11.5,2495,217.0,10.8,2344,25264,16118,58.8,730.0
Station_01,Inv_00,20170703,09:05:00,219.5,11.5,2524,220.0,10.8,2376,25264,16118,59.2,733.0
Station_01,Inv_00,20170703,09:06:00,217.5,11.5,2501,219.0,10.8,2365,25264,16118,58.7,735.0
Station_01,Inv_00,20170703,09:07:00,217.0,11.6,2517,219.0,10.8,2365,25264,16118,59.9,731.0
Station_01,Inv_00,20170703,09:08:00,216.5,11.7,2533,220.0,10.9,2398,25264,16118,60.2,740.0
Station_01,Inv_00,20170703,09:09:00,214.0,9.5,2033,219.0,7.2,1577,25264,16118,59.6,522.0
Station_01,Inv_00,20170703,09:10:00,221.5,11.7,2592,220.0,11.2,2464,25264,16118,59.8,750.0
Station_01,Inv_00,20170703,09:11:00,217.9,11.7,2550,219.0,11.0,2409,25264,16118,60.2,748.0
Station_01,Inv_00,20170703,09:12:00,217.5,12.0,2610,220.0,11.1,2442,25264,16118,58.8,747.0
Station_01,Inv_00,20170703,09:13:00,216.0,12.0,2592,220.0,11.2,2464,25264,16118,60.9,751.0
Station_01,Inv_00,20170703,09:14:00,216.5,11.9,2576,219.0,11.1,2431,25264,16118,60.4,744.0
Station_01,Inv_00,20170703,09:15:00,217.5,12.0,2610,220.0,11.2,2464,25264,16118,60.6,751.0
Station_01,Inv_00,20170703,09:16:00,219.0,11.9,2606,220.0,11.3,2486,25264,16118,60.5,752.0
Station_01,Inv_00,20170703,09:17:00,217.5,11.9,2588,220.0,11.1,2442,25264,16118,59.3,754.0
Station_01,Inv_00,20170703,09:18:00,217.0,11.8,2561,220.0,11.0,2420,25264,16118,59.3,745.0
Station_01,Inv_00,20170703,09:19:00,216.5,12.0,2598,220.0,11.1,2442,25264,16118,58.7,748.0
Station_01,Inv_00,20170703,09:20:00,184.2,5.0,921,219.0,6.0,1314,25264,16118,58.3,767.0
Station_01,Inv_00,20170703,09:21:00,223.5,12.1,2704,221.0,11.5,2542,25264,16118,57.3,763.0
Station_01,Inv_00,20170703,09:22:00,206.8,2.0,414,220.0,1.6,352,25264,16118,54.9,251.0
Station_01,Inv_00,20170703,09:23:00,223.0,1.8,401,217.0,1.9,412,25264,16118,51.7,140.0
Station_01,Inv_00,20170703,09:24:00,219.5,2.0,439,217.0,2.0,434,25264,16118,49.9,145.0
Station_01,Inv_00,20170703,09:25:00,229.5,2.2,505,217.0,2.2,477,25264,16118,48.6,156.0
Station_01,Inv_00,20170703,09:26:00,225.5,2.8,631,218.0,2.8,610,25264,16118,47.6,182.0
Station_01,Inv_00,20170703,09:27:00,230.0,12.6,2897,219.0,12.4,2716,25264,16118,49.7,743.0
Station_01,Inv_00,20170703,09:28:00,228.5,12.5,2856,218.0,12.4,2703,25264,16118,50.5,789.0
Station_01,Inv_00,20170703,09:29:00,219.9,13.1,2881,219.0,12.4,2716,25264,16118,53.5,805.0
Station_01,Inv_00,20170703,09:30:00,224.9,13.2,2969,219.0,12.7,2781,25265,16119,54.8,819.0
Station_01,Inv_00,20170703,09:31:00,225.5,12.2,2751,218.0,12.0,2616,25265,16119,55.9,744.0
Station_01,Inv_00,20170703,09:32:00,219.5,13.3,2919,218.0,12.6,2747,25265,16119,55.8,823.0
Station_01,Inv_00,20170703,09:33:00,223.3,7.0,1563,217.0,7.2,1562,25265,16119,56.3,577.0
Station_01,Inv_00,20170703,09:34:00,226.5,2.9,657,216.0,2.9,626,25265,16119,55.0,387.0
Station_01,Inv_00,20170703,09:35:00,213.4,11.7,2497,218.0,11.3,2463,25265,16119,54.6,706.0
Station_01,Inv_00,20170703,09:36:00,227.5,2.0,455,216.0,2.1,454,25265,16119,51.5,166.0
Station_01,Inv_00,20170703,09:37:00,222.0,2.2,488,216.0,2.2,475,25265,16119,49.6,158.0
Station_01,Inv_00,20170703,09:38:00,226.5,2.9,657,216.0,3.0,648,25265,16119,47.7,198.0
Station_01,Inv_00,20170703,09:39:00,227.5,13.6,3094,218.0,13.3,2899,25265,16119,49.7,776.0
Station_01,Inv_00,20170703,09:40:00,224.5,13.6,3053,218.0,13.1,2856,25265,16119,51.6,867.0
Station_01,Inv_00,20170703,09:41:00,218.5,14.0,3059,218.0,13.2,2878,25265,16119,54.0,876.0
Station_01,Inv_00,20170703,09:42:00,223.0,13.6,3033,218.0,13.0,2834,25265,16119,55.2,866.0
Station_01,Inv_00,20170703,09:43:00,220.0,13.5,2970,218.0,12.9,2812,25265,16119,56.7,856.0
Station_01,Inv_00,20170703,09:44:00,220.5,13.4,2954,218.0,12.9,2812,25265,16119,58.4,864.0
Station_01,Inv_00,20170703,09:45:00,218.0,13.2,2877,218.0,12.4,2703,25265,16119,58.6,844.0
Station_01,Inv_00,20170703,09:46:00,215.5,13.3,2866,217.0,12.4,2691,25265,16119,59.4,831.0
Station_01,Inv_00,20170703,09:47:00,218.0,13.0,2834,217.0,12.3,2669,25265,16119,60.6,828.0
Station_01,Inv_00,20170703,09:48:00,216.0,13.1,2830,218.0,12.2,2660,25265,16119,60.8,825.0
Station_01,Inv_00,20170703,09:49:00,211.5,13.3,2813,218.0,12.1,2638,25265,16119,62.2,828.0
Station_01,Inv_00,20170703,09:50:00,209.5,13.7,2870,218.0,12.3,2681,25265,16119,62.2,846.0
Station_01,Inv_00,20170703,09:51:00,215.5,13.5,2909,218.0,12.6,2747,25265,16119,62.5,865.0
Station_01,Inv_00,20170703,09:52:00,210.9,13.9,2932,217.0,12.7,2756,25265,16119,63.5,871.0
Station_01,Inv_00,20170703,09:53:00,210.5,13.9,2926,217.0,12.7,2756,25265,16119,63.6,868.0
Station_01,Inv_00,20170703,09:54:00,211.0,14.0,2954,217.0,12.9,2799,25266,16120,65.9,880.0
Station_01,Inv_00,20170703,09:55:00,215.0,13.6,2924,217.0,12.7,2756,25266,16120,65.5,877.0
Station_01,Inv_00,20170703,09:56:00,210.9,13.5,2848,217.0,12.4,2691,25266,16120,64.3,857.0
Station_01,Inv_00,20170703,09:57:00,208.0,13.8,2870,218.0,12.4,2703,25266,16120,64.2,870.0
Station_01,Inv_00,20170703,09:58:00,208.5,13.6,2836,218.0,12.3,2681,25266,16120,64.1,866.0
Station_01,Inv_00,20170703,09:59:00,210.0,13.6,2856,218.0,12.3,2681,25266,16120,65.5,862.0
Station_01,Inv_00,20170703,10:00:00,211.5,13.6,2876,217.0,12.4,2691,25266,16120,64.1,861.0
Station_01,Inv_00,20170703,10:01:00,209.0,13.7,2863,217.0,12.4,2691,25266,16120,65.4,860.0
Station_01,Inv_00,20170703,10:02:00,210.0,13.7,2876,216.0,12.5,2700,25266,16120,63.7,867.0
Station_01,Inv_00,20170703,10:03:00,211.5,13.7,2898,216.0,12.5,2700,25266,16120,66.3,865.0
Station_01,Inv_00,20170703,10:04:00,212.5,13.8,2932,217.0,12.7,2756,25266,16120,64.4,886.0
Station_01,Inv_00,20170703,10:05:00,211.0,13.9,2933,217.0,12.8,2778,25266,16120,66.2,890.0
Station_01,Inv_00,20170703,10:06:00,211.5,14.0,2961,217.0,12.8,2778,25266,16120,67.2,892.0
Station_01,Inv_00,20170703,10:07:00,211.0,14.1,2975,217.0,12.9,2799,25266,16120,66.9,893.0
Station_01,Inv_00,20170703,10:08:00,207.0,14.7,3043,217.0,13.1,2843,25266,16120,66.7,903.0
Station_01,Inv_00,20170703,10:09:00,201.5,15.3,3083,217.0,13.4,2908,25266,16120,67.6,931.0
Station_01,Inv_00,20170703,10:10:00,211.0,14.7,3102,216.0,13.3,2873,25266,16120,65.4,928.0
Station_01,Inv_00,20170703,10:11:00,210.0,14.7,3087,216.0,13.4,2894,25266,16120,65.6,933.0
Station_01,Inv_00,20170703,10:12:00,201.6,5.9,1189,215.0,5.9,1269,25266,16120,65.3,702.0
Station_01,Inv_00,20170703,10:13:00,216.5,3.8,823,215.0,3.6,774,25266,16120,60.7,266.0
Station_01,Inv_00,20170703,10:14:00,217.0,12.0,2604,216.0,11.3,2441,25266,16120,61.1,681.0
Station_01,Inv_00,20170703,10:15:00,208.5,13.9,2898,216.0,12.6,2722,25266,16120,59.7,820.0
Station_01,Inv_00,20170703,10:16:00,214.4,14.5,3110,216.0,13.4,2894,25267,16120,62.0,906.0
Station_01,Inv_00,20170703,10:17:00,213.5,14.2,3031,217.0,13.2,2864,25267,16120,61.0,891.0
Station_01,Inv_00,20170703,10:18:00,212.5,14.3,3039,216.0,13.2,2851,25267,16120,64.0,890.0
Station_01,Inv_00,20170703,10:19:00,212.0,14.5,3074,217.0,13.3,2886,25267,16120,62.7,906.0
Station_01,Inv_00,20170703,10:20:00,213.5,14.3,3053,216.0,13.2,2851,25267,16120,63.6,901.0
Station_01,Inv_00,20170703,10:21:00,208.0,14.8,3078,216.0,13.4,2894,25267,16120,64.8,934.0
Station_01,Inv_00,20170703,10:22:00,209.5,14.6,3059,216.0,13.3,2873,25267,16120,66.4,929.0
Station_01,Inv_00,20170703,10:23:00,209.4,14.5,3037,217.0,13.1,2843,25267,16120,64.7,890.0
Station_01,Inv_00,20170703,10:24:00,210.5,14.3,3010,217.0,13.1,2843,25267,16120,65.2,905.0
Station_01,Inv_00,20170703,10:25:00,212.5,14.1,2996,217.0,13.0,2821,25267,16120,65.2,899.0
Station_01,Inv_00,20170703,10:26:00,208.5,14.4,3002,217.0,12.9,2799,25267,16120,64.6,902.0
Station_01,Inv_00,20170703,10:27:00,210.5,14.4,3031,217.0,13.1,2843,25267,16120,64.6,919.0
Station_01,Inv_00,20170703,10:28:00,209.0,14.7,3072,217.0,13.3,2886,25267,16120,66.5,934.0
Station_01,Inv_00,20170703,10:29:00,210.0,14.6,3066,217.0,13.3,2886,25267,16120,68.0,931.0
Station_01,Inv_00,20170703,10:30:00,202.5,15.5,3139,217.0,13.5,2930,25267,16120,67.7,943.0
Station_01,Inv_00,20170703,10:31:00,207.5,15.5,3216,217.0,13.9,3016,25267,16120,67.2,958.0
Station_01,Inv_00,20170703,10:32:00,206.5,15.8,3262,217.0,14.0,3038,25267,16120,66.2,981.0
Station_01,Inv_00,20170703,10:33:00,204.5,3.1,634,215.0,2.9,624,25267,16120,65.7,396.0
Station_01,Inv_00,20170703,10:34:00,210.9,2.6,548,215.0,2.5,538,25267,16120,61.6,189.0
Station_01,Inv_00,20170703,10:35:00,212.5,15.3,3251,216.0,14.0,3024,25267,16120,62.2,866.0
Station_01,Inv_00,20170703,10:36:00,214.4,14.7,3152,217.0,13.6,2951,25267,16120,64.3,931.0
Station_01,Inv_00,20170703,10:37:00,209.5,14.8,3100,217.0,13.4,2908,25268,16121,65.0,924.0
Station_01,Inv_00,20170703,10:38:00,211.0,14.7,3102,216.0,13.5,2916,25268,16121,65.0,937.0
Station_01,Inv_00,20170703,10:39:00,205.0,15.2,3116,216.0,13.5,2916,25268,16121,66.1,936.0
Station_01,Inv_00,20170703,10:40:00,207.0,15.2,3146,216.0,13.6,2938,25268,16121,67.3,934.0
Station_01,Inv_00,20170703,10:41:00,208.5,15.1,3148,216.0,13.8,2981,25268,16121,68.8,939.0
Station_01,Inv_00,20170703,10:42:00,186.0,16.1,2995,216.0,12.9,2786,25268,16121,69.6,942.0
Station_01,Inv_00,20170703,10:43:00,206.5,15.3,3159,216.0,13.8,2981,25268,16121,70.4,955.0
Station_01,Inv_00,20170703,10:44:00,180.6,11.8,2131,216.0,11.0,2376,25268,16121,69.9,991.0
Station_01,Inv_00,20170703,10:45:00,0.0,0.0,0,219.0,0.1,22,25268,16121,67.0,679.0
Station_01,Inv_00,20170703,10:46:00,0.0,0.0,0,218.0,0.1,22,25268,16121,64.4,298.0
Station_01,Inv_00,20170703,10:47:00,0.0,0.0,0,0.0,0.0,0,25268,16121,63.6,959.0
Station_01,Inv_00,20170703,10:48:00,0.0,0.0,0,0.0,0.0,0,25268,16121,63.4,811.0
Station_01,Inv_00,20170703,10:49:00,0.0,0.0,0,0.0,0.0,0,25268,16121,65.7,1000.0
Station_01,Inv_00,20170703,10:50:00,239.5,11.8,2826,217.0,12.3,2669,25268,16121,66.2,995.0
Station_01,Inv_00,20170703,10:51:00,206.5,15.8,3263,218.0,13.9,3030,25268,16121,67.7,967.0
Station_01,Inv_00,20170703,10:52:00,206.5,15.6,3221,218.0,13.8,3008,25268,16121,67.4,964.0
Station_01,Inv_00,20170703,10:53:00,204.0,16.0,3264,218.0,14.0,3052,25268,16121,69.5,980.0
Station_01,Inv_00,20170703,10:54:00,206.5,15.5,3201,218.0,13.8,3008,25268,16121,67.8,977.0
Station_01,Inv_00,20170703,10:55:00,202.0,15.7,3171,218.0,13.7,2987,25268,16121,68.5,976.0
Station_01,Inv_00,20170703,10:56:00,205.5,15.6,3206,217.0,13.8,2995,25268,16121,69.1,966.0
Station_01,Inv_00,20170703,10:57:00,0.0,0.0,0,0.0,0.0,0,25268,16121,63.4,182.0
Station_01,Inv_00,20170703,10:58:00,0.0,0.0,0,0.0,0.0,0,25268,16121,60.4,197.0
Station_01,Inv_00,20170703,10:59:00,0.0,0.0,0,0.0,0.0,0,25268,16121,62.8,970.0
Station_01,Inv_00,20170703,11:00:00,0.0,0.0,0,0.0,0.0,0,25268,16121,62.0,532.0
Station_01,Inv_00,20170703,11:01:00,0.0,0.0,0,0.0,0.0,0,25268,16121,61.8,538.0
Station_01,Inv_00,20170703,11:02:00,232.4,3.4,790,216.0,3.6,778,25268,16121,58.7,270.0
Station_01,Inv_00,20170703,11:03:00,217.4,3.6,783,216.0,3.5,756,25268,16121,57.6,240.0
Station_01,Inv_00,20170703,11:04:00,219.9,3.8,836,216.0,3.6,778,25268,16121,54.2,250.0
Station_01,Inv_00,20170703,11:05:00,215.9,14.9,3217,218.0,13.8,3008,25268,16121,54.9,794.0
Station_01,Inv_00,20170703,11:06:00,215.0,16.3,3504,218.0,14.9,3248,25268,16121,57.9,1012.0
Station_01,Inv_00,20170703,11:07:00,215.0,15.5,3332,218.0,14.5,3161,25268,16121,60.1,999.0
Station_01,Inv_00,20170703,11:08:00,214.0,3.5,749,216.0,3.2,691,25268,16121,58.0,354.0
Station_01,Inv_00,20170703,11:09:00,219.8,2.6,572,216.0,2.6,562,25268,16121,53.6,193.0
Station_01,Inv_00,20170703,11:10:00,183.5,3.0,551,216.0,2.5,540,25268,16121,52.3,196.0
Station_01,Inv_00,20170703,11:11:00,153.0,2.9,444,216.0,2.0,432,25268,16121,51.7,200.0
Station_01,Inv_00,20170703,11:12:00,171.9,3.2,550,216.0,2.5,540,25268,16121,50.0,211.0
Station_01,Inv_00,20170703,11:13:00,183.5,17.2,3156,218.0,13.4,2921,25268,16121,53.6,969.0
Station_01,Inv_00,20170703,11:14:00,221.0,15.9,3514,219.0,15.0,3285,25269,16122,56.2,1006.0
Station_01,Inv_00,20170703,11:15:00,218.0,15.8,3444,219.0,14.9,3263,25269,16122,59.6,1014.0
Station_01,Inv_00,20170703,11:16:00,213.0,15.9,3386,218.0,14.4,3139,25269,16122,61.9,1002.0
Station_01,Inv_00,20170703,11:17:00,213.0,15.5,3301,218.0,14.2,3096,25269,16122,63.0,961.0
Station_01,Inv_00,20170703,11:18:00,210.1,4.1,862,216.0,3.7,799,25269,16122,61.2,380.0
Station_01,Inv_00,20170703,11:19:00,212.4,16.0,3399,218.0,14.7,3205,25269,16122,62.5,916.0
Station_01,Inv_00,20170703,11:20:00,0.0,0.0,0,0.0,0.0,0,25269,16122,59.6,281.0
Station_01,Inv_00,20170703,11:21:00,0.0,0.0,0,0.0,0.0,0,25269,16122,57.6,655.0
Station_01,Inv_00,20170703,11:22:00,0.0,0.0,0,0.0,0.0,0,25269,16122,59.8,735.0
Station_01,Inv_00,20170703,11:23:00,0.0,0.0,0,0.0,0.0,0,25269,16122,64.7,1041.0
Station_01,Inv_00,20170703,11:24:00,0.0,0.0,0,0.0,0.0,0,25269,16122,67.3,1031.0
Station_01,Inv_00,20170703,11:25:00,258.0,1.3,335,216.0,0.7,151,25269,16122,63.3,260.0
Station_01,Inv_00,20170703,11:26:00,216.0,3.6,778,216.0,3.4,734,25269,16122,61.2,243.0
Station_01,Inv_00,20170703,11:27:00,219.5,3.4,746,216.0,3.3,713,25269,16122,58.2,233.0
Station_01,Inv_00,20170703,11:28:00,212.4,3.8,807,216.0,3.6,778,25269,16122,56.9,242.0
Station_01,Inv_00,20170703,11:29:00,204.5,17.9,3660,218.0,15.6,3401,25269,16122,59.3,957.0
Station_01,Inv_00,20170703,11:30:00,210.0,16.9,3549,218.0,15.1,3292,25269,16122,60.7,1033.0
Station_01,Inv_00,20170703,11:31:00,207.5,16.7,3465,218.0,14.9,3248,25269,16122,63.0,1030.0
Station_01,Inv_00,20170703,11:32:00,212.5,16.0,3400,218.0,14.6,3183,25269,16122,63.7,1019.0
Station_01,Inv_00,20170703,11:33:00,210.0,15.6,3276,217.0,14.0,3038,25269,16122,65.1,976.0
Station_01,Inv_00,20170703,11:34:00,209.0,16.0,3344,218.0,14.4,3139,25269,16122,66.3,968.0
Station_01,Inv_00,20170703,11:35:00,208.5,15.9,3315,218.0,14.3,3117,25269,16122,63.3,999.0
Station_01,Inv_00,20170703,11:36:00,208.0,15.7,3266,218.0,14.0,3052,25269,16122,63.3,1000.0
Station_01,Inv_00,20170703,11:37:00,205.0,16.4,3362,218.0,14.4,3139,25269,16122,64.4,1024.0
Station_01,Inv_00,20170703,11:38:00,207.9,16.2,3368,218.0,14.4,3139,25269,16122,65.4,1034.0
Station_01,Inv_00,20170703,11:39:00,208.0,16.1,3349,217.0,14.4,3125,25269,16122,67.9,1022.0
Station_01,Inv_00,20170703,11:40:00,207.0,16.2,3353,217.0,14.4,3125,25270,16122,69.0,1028.0
Station_01,Inv_00,20170703,11:41:00,203.5,16.1,3276,218.0,14.0,3052,25270,16122,70.3,1017.0
Station_01,Inv_00,20170703,11:42:00,200.0,16.9,3380,218.0,14.4,3139,25270,16122,71.0,1045.0
Station_01,Inv_00,20170703,11:43:00,197.0,17.3,3408,218.0,14.6,3183,25270,16122,70.7,1053.0
Station_01,Inv_00,20170703,11:44:00,201.0,17.0,3417,218.0,14.6,3183,25270,16122,70.5,1044.0
Station_01,Inv_00,20170703,11:45:00,203.0,16.4,3329,218.0,14.3,3117,25270,16122,71.3,1033.0
Station_01,Inv_00,20170703,11:46:00,200.0,4.4,880,217.0,3.9,846,25270,16122,69.0,400.0
Station_01,Inv_00,20170703,11:47:00,204.9,15.8,3238,218.0,14.0,3052,25270,16122,68.4,970.0
Station_01,Inv_00,20170703,11:48:00,207.0,17.1,3539,218.0,15.3,3335,25270,16122,64.3,538.0
Station_01,Inv_00,20170703,11:49:00,204.0,17.4,3550,218.0,15.2,3314,25270,16122,66.1,1029.0
Station_01,Inv_00,20170703,11:50:00,208.5,17.1,3565,218.0,15.4,3357,25270,16122,64.0,930.0
Station_01,Inv_00,20170703,11:51:00,201.5,17.4,3506,218.0,15.0,3270,25270,16122,65.8,1052.0
Station_01,Inv_00,20170703,11:52:00,202.5,17.5,3544,218.0,15.1,3292,25270,16122,67.0,1020.0
Station_01,Inv_00,20170703,11:53:00,206.5,17.1,3531,218.0,15.1,3292,25270,16122,68.5,1051.0
Station_01,Inv_00,20170703,11:54:00,201.5,17.1,3446,218.0,14.8,3226,25270,16122,69.0,1030.0
Station_01,Inv_00,20170703,11:55:00,204.0,17.1,3488,218.0,14.9,3248,25270,16122,70.6,1049.0
Station_01,Inv_00,20170703,11:56:00,204.8,5.5,1127,217.0,5.0,1085,25270,16122,67.6,431.0
Station_01,Inv_00,20170703,11:57:00,205.5,16.8,3452,219.0,14.8,3241,25270,16122,67.7,1014.0
Station_01,Inv_00,20170703,11:58:00,207.0,16.3,3374,219.0,14.4,3154,25270,16122,67.7,739.0
Station_01,Inv_00,20170703,11:59:00,207.5,16.3,3382,219.0,14.6,3197,25270,16122,67.5,1032.0
Station_01,Inv_00,20170703,12:00:00,199.0,17.2,3423,216.0,14.8,3197,25270,16122,68.3,1037.0
Station_01,Inv_00,20170703,12:01:00,156.6,4.6,720,214.0,3.9,835,25271,16123,66.8,640.0
Station_01,Inv_00,20170703,12:02:00,208.9,3.2,669,214.0,3.1,663,25271,16123,65.1,267.0
Station_01,Inv_00,20170703,12:03:00,210.0,3.5,735,214.0,3.2,685,25271,16123,61.7,220.0
Station_01,Inv_00,20170703,12:04:00,212.0,5.8,1230,215.0,5.4,1161,25271,16123,59.2,372.0
Station_01,Inv_00,20170703,12:05:00,216.0,4.2,907,214.0,4.0,856,25271,16123,56.6,278.0
Station_01,Inv_00,20170703,12:06:00,207.9,5.0,1040,214.0,5.3,1134,25271,16123,54.6,310.0
Station_01,Inv_00,20170703,12:07:00,228.4,3.5,799,215.0,3.6,774,25271,16123,52.0,265.0
Station_01,Inv_00,20170703,12:08:00,226.5,3.2,725,215.0,3.3,710,25271,16123,51.4,219.0
Station_01,Inv_00,20170703,12:09:00,211.5,13.3,2813,215.0,9.1,1957,25271,16123,50.9,502.0
Station_01,Inv_00,20170703,12:10:00,228.4,3.6,822,214.0,3.7,792,25271,16123,49.5,248.0
Station_01,Inv_00,20170703,12:11:00,227.4,3.8,864,214.0,3.9,835,25271,16123,47.6,257.0
Station_01,Inv_00,20170703,12:12:00,231.0,4.1,947,215.0,4.1,881,25271,16123,46.4,271.0
Station_01,Inv_00,20170703,12:13:00,232.5,4.7,1093,215.0,4.6,989,25271,16123,46.2,303.0
Station_01,Inv_00,20170703,12:14:00,226.0,16.7,3774,217.0,16.4,3559,25271,16123,49.4,972.0
Station_01,Inv_00,20170703,12:15:00,231.0,15.6,3604,217.0,15.7,3407,25271,16123,52.1,955.0
Station_01,Inv_00,20170703,12:16:00,221.9,16.0,3550,216.0,15.4,3326,25271,16123,53.7,976.0
Station_01,Inv_00,20170703,12:17:00,219.0,15.9,3482,216.0,15.1,3262,25271,16123,56.4,991.0
Station_01,Inv_00,20170703,12:18:00,217.5,15.7,3415,218.0,14.7,3205,25271,16123,59.6,988.0
Station_01,Inv_00,20170703,12:19:00,215.0,15.3,3289,219.0,14.1,3088,25271,16123,60.0,981.0
Station_01,Inv_00,20170703,12:20:00,202.5,16.2,3280,219.0,14.0,3066,25271,16123,62.6,982.0
Station_01,Inv_00,20170703,12:21:00,212.9,15.5,3301,219.0,14.1,3088,25271,16123,63.8,984.0
Station_01,Inv_00,20170703,12:22:00,206.5,15.7,3242,218.0,13.9,3030,25271,16123,65.8,984.0
Station_01,Inv_00,20170703,12:23:00,208.5,15.4,3211,218.0,13.9,3030,25271,16123,66.0,958.0
Station_01,Inv_00,20170703,12:24:00,210.5,15.4,3242,218.0,13.9,3030,25271,16123,66.5,974.0
Station_01,Inv_00,20170703,12:25:00,208.5,15.5,3232,218.0,13.9,3030,25271,16123,67.7,989.0
Station_01,Inv_00,20170703,12:26:00,209.0,15.4,3218,218.0,13.9,3030,25271,16123,66.7,984.0
Station_01,Inv_00,20170703,12:27:00,201.0,16.1,3236,218.0,13.9,3030,25271,16123,66.5,990.0
Station_01,Inv_00,20170703,12:28:00,201.0,16.1,3236,218.0,13.9,3030,25272,16124,66.9,983.0
Station_01,Inv_00,20170703,12:29:00,202.0,15.9,3212,218.0,13.8,3008,25272,16124,68.0,978.0
Station_01,Inv_00,20170703,12:30:00,201.5,15.8,3184,218.0,13.6,2965,25272,16124,67.6,978.0
Station_01,Inv_00,20170703,12:31:00,201.0,15.7,3156,219.0,13.4,2935,25272,16124,68.0,953.0
Station_01,Inv_00,20170703,12:32:00,202.0,15.3,3091,219.0,13.3,2913,25272,16124,68.4,935.0
Station_01,Inv_00,20170703,12:33:00,206.0,15.4,3172,219.0,13.4,2935,25272,16124,65.5,955.0
Station_01,Inv_00,20170703,12:34:00,208.5,15.3,3190,218.0,13.8,3008,25272,16124,65.6,973.0
Station_01,Inv_00,20170703,12:35:00,210.5,15.1,3179,218.0,13.7,2987,25272,16124,64.8,961.0
Station_01,Inv_00,20170703,12:36:00,212.5,14.9,3166,218.0,13.6,2965,25272,16124,65.3,953.0
Station_01,Inv_00,20170703,12:37:00,209.5,15.0,3142,218.0,13.6,2965,25272,16124,66.7,948.0
Station_01,Inv_00,20170703,12:38:00,207.0,15.2,3146,218.0,13.5,2943,25272,16124,66.9,949.0
Station_01,Inv_00,20170703,12:39:00,201.5,15.6,3143,218.0,13.4,2921,25272,16124,65.0,944.0
Station_01,Inv_00,20170703,12:40:00,207.0,15.2,3146,218.0,13.5,2943,25272,16124,66.1,948.0
Station_01,Inv_00,20170703,12:41:00,205.5,15.3,3144,218.0,13.5,2943,25272,16124,66.0,951.0
Station_01,Inv_00,20170703,12:42:00,194.5,15.9,3093,218.0,13.3,2899,25272,16124,66.1,953.0
Station_01,Inv_00,20170703,12:43:00,207.0,15.2,3146,218.0,13.6,2965,25272,16124,67.1,956.0
Station_01,Inv_00,20170703,12:44:00,207.5,15.3,3175,218.0,13.6,2965,25272,16124,67.9,960.0
Station_01,Inv_00,20170703,12:45:00,210.0,14.9,3129,218.0,13.5,2943,25272,16124,67.7,948.0
Station_01,Inv_00,20170703,12:46:00,207.5,15.1,3133,218.0,13.4,2921,25272,16124,68.1,951.0
Station_01,Inv_00,20170703,12:47:00,205.5,15.2,3124,218.0,13.4,2921,25273,16124,70.2,944.0
Station_01,Inv_00,20170703,12:48:00,209.0,15.1,3156,218.0,13.5,2943,25273,16124,66.5,953.0
Station_01,Inv_00,20170703,12:49:00,202.0,15.7,3171,219.0,13.6,2978,25273,16124,65.5,954.0
Station_01,Inv_00,20170703,12:50:00,202.0,15.7,3171,218.0,13.6,2965,25273,16124,68.6,954.0
Station_01,Inv_00,20170703,12:51:00,202.0,15.7,3171,218.0,13.6,2965,25273,16124,68.4,968.0
Station_01,Inv_00,20170703,12:52:00,202.5,15.6,3159,218.0,13.5,2943,25273,16124,67.9,956.0
Station_01,Inv_00,20170703,12:53:00,206.0,15.4,3172,218.0,13.7,2987,25273,16124,66.6,960.0
Station_01,Inv_00,20170703,12:54:00,197.5,15.9,3140,218.0,13.4,2921,25273,16124,66.9,956.0
Station_01,Inv_00,20170703,12:55:00,208.5,15.2,3169,218.0,13.7,2987,25273,16124,65.9,953.0
Station_01,Inv_00,20170703,12:56:00,206.0,15.5,3193,217.0,13.7,2973,25273,16124,66.1,957.0
Station_01,Inv_00,20170703,12:57:00,195.5,16.2,3167,218.0,13.6,2965,25273,16124,66.7,961.0
Station_01,Inv_00,20170703,12:58:00,196.0,16.1,3156,217.0,13.6,2951,25273,16124,67.9,959.0
Station_01,Inv_00,20170703,12:59:00,196.0,16.3,3195,217.0,13.7,2973,25273,16124,66.1,969.0
Station_01,Inv_00,20170703,13:00:00,196.0,16.3,3195,217.0,13.9,3016,25273,16124,64.9,967.0
Station_01,Inv_00,20170703,13:01:00,192.9,16.7,3222,217.0,13.9,3016,25273,16124,64.9,976.0
Station_01,Inv_00,20170703,13:02:00,207.0,16.0,3312,216.0,14.4,3110,25273,16124,65.4,990.0
Station_01,Inv_00,20170703,13:03:00,202.5,16.5,3341,217.0,14.4,3125,25273,16124,66.6,1002.0
Station_01,Inv_00,20170703,13:04:00,203.9,16.3,3324,217.0,14.4,3125,25273,16124,66.9,1006.0
Station_01,Inv_00,20170703,13:05:00,196.0,17.1,3352,217.0,14.4,3125,25274,16125,69.1,1022.0
Station_01,Inv_00,20170703,13:06:00,191.5,17.6,3370,217.0,14.5,3147,25274,16125,71.2,1028.0
Station_01,Inv_00,20170703,13:07:00,194.5,13.0,2529,217.0,10.3,2235,25274,16125,71.8,918.0
Station_01,Inv_00,20170703,13:08:00,196.9,16.0,3151,217.0,13.5,2930,25274,16125,72.1,928.0
Station_01,Inv_00,20170703,13:09:00,200.9,14.0,2813,217.0,12.3,2669,25274,16125,71.2,942.0
Station_01,Inv_00,20170703,13:10:00,206.0,16.9,3481,217.0,14.9,3233,25274,16125,71.0,990.0
Station_01,Inv_00,20170703,13:11:00,205.5,13.4,2753,216.0,12.0,2592,25274,16125,70.9,859.0
Station_01,Inv_00,20170703,13:12:00,203.5,13.4,2727,217.0,11.8,2561,25274,16125,68.6,722.0
Station_01,Inv_00,20170703,13:13:00,203.4,16.5,3357,217.0,14.4,3125,25274,16125,68.5,984.0
Station_01,Inv_00,20170703,13:14:00,203.5,16.2,3297,218.0,14.2,3096,25274,16125,68.6,994.0
Station_01,Inv_00,20170703,13:15:00,199.0,15.2,3024,217.0,13.7,2973,25274,16125,70.1,985.0
Station_01,Inv_00,20170703,13:16:00,203.5,6.7,1363,215.0,5.8,1247,25274,16125,65.5,452.0
Station_01,Inv_00,20170703,13:17:00,214.5,5.7,1223,216.0,5.4,1166,25274,16125,64.6,379.0
Station_01,Inv_00,20170703,13:18:00,209.5,5.6,1173,216.0,5.1,1102,25274,16125,60.8,356.0
Station_01,Inv_00,20170703,13:19:00,216.5,7.9,1710,216.0,7.4,1598,25274,16125,59.8,442.0
Station_01,Inv_00,20170703,13:20:00,220.3,4.9,1080,216.0,4.6,994,25274,16125,56.8,333.0
Station_01,Inv_00,20170703,13:21:00,223.4,5.2,1162,216.0,5.1,1102,25274,16125,55.4,330.0
Station_01,Inv_00,20170703,13:22:00,222.0,5.2,1154,216.0,5.1,1102,25274,16125,53.9,336.0
Station_01,Inv_00,20170703,13:23:00,227.5,8.9,2025,217.0,8.6,1866,25274,16125,54.9,523.0
Station_01,Inv_00,20170703,13:24:00,227.0,12.4,2814,217.0,12.1,2626,25274,16125,55.8,732.0
Station_01,Inv_00,20170703,13:25:00,221.0,15.7,3470,218.0,15.1,3292,25274,16125,57.1,973.0
Station_01,Inv_00,20170703,13:26:00,214.5,9.6,2059,217.0,9.2,1996,25274,16125,57.1,804.0
Station_01,Inv_00,20170703,13:27:00,214.0,6.4,1370,216.0,5.9,1274,25274,16125,57.4,392.0
Station_01,Inv_00,20170703,13:28:00,223.0,5.4,1204,216.0,5.1,1102,25274,16125,54.4,351.0
Station_01,Inv_00,20170703,13:29:00,225.0,5.8,1305,216.0,5.6,1210,25274,16125,52.7,360.0
Station_01,Inv_00,20170703,13:30:00,221.0,5.6,1237,216.0,5.5,1188,25274,16125,50.9,376.0
Station_01,Inv_00,20170703,13:31:00,224.0,7.2,1613,216.0,6.8,1469,25274,16125,49.0,430.0
Station_01,Inv_00,20170703,13:32:00,226.5,6.9,1563,216.0,6.7,1447,25274,16125,49.5,484.0
Station_01,Inv_00,20170703,13:33:00,220.0,12.7,2793,217.0,12.7,2756,25275,16125,51.1,779.0
Station_01,Inv_00,20170703,13:34:00,226.0,11.1,2509,217.0,10.7,2322,25275,16125,49.8,573.0
Station_01,Inv_00,20170703,13:35:00,224.0,14.6,3270,217.0,14.1,3060,25275,16125,52.4,871.0
Station_01,Inv_00,20170703,13:36:00,226.5,14.3,3239,217.0,14.1,3060,25275,16125,53.1,916.0
Station_01,Inv_00,20170703,13:37:00,222.0,14.3,3174,217.0,13.8,2995,25275,16125,55.4,909.0
Station_01,Inv_00,20170703,13:38:00,219.0,14.3,3132,217.0,13.6,2951,25275,16125,56.1,899.0
Station_01,Inv_00,20170703,13:39:00,219.9,8.8,1935,216.0,8.5,1836,25275,16125,55.3,571.0
Station_01,Inv_00,20170703,13:40:00,215.9,14.9,3218,216.0,13.9,3002,25275,16125,56.0,876.0
Station_01,Inv_00,20170703,13:41:00,220.5,12.7,2800,217.0,12.1,2626,25275,16125,57.9,799.0
Station_01,Inv_00,20170703,13:42:00,216.5,8.5,1840,216.0,8.2,1771,25275,16125,56.3,632.0
Station_01,Inv_00,20170703,13:43:00,223.0,11.6,2586,216.0,11.1,2398,25275,16125,54.6,632.0
Station_01,Inv_00,20170703,13:44:00,224.0,12.9,2890,217.0,12.1,2626,25275,16125,55.4,771.0
Station_01,Inv_00,20170703,13:45:00,219.5,14.2,3117,217.0,13.5,2930,25275,16125,56.7,833.0
Station_01,Inv_00,20170703,13:46:00,215.5,14.7,3168,217.0,13.8,2995,25275,16125,56.4,908.0
Station_01,Inv_00,20170703,13:47:00,214.5,14.9,3196,217.0,13.9,3016,25275,16125,58.6,912.0
Station_01,Inv_00,20170703,13:48:00,217.0,14.8,3212,217.0,13.9,3016,25275,16125,59.3,921.0
Station_01,Inv_00,20170703,13:49:00,214.4,14.7,3152,216.0,13.6,2938,25275,16125,60.2,888.0
Station_01,Inv_00,20170703,13:50:00,214.0,13.7,2932,217.0,12.9,2799,25275,16125,60.8,871.0
Station_01,Inv_00,20170703,13:51:00,214.0,10.6,2268,217.0,9.8,2127,25275,16125,58.6,690.0
Station_01,Inv_00,20170703,13:52:00,217.5,9.5,2066,217.0,8.6,1866,25275,16125,57.8,652.0
Station_01,Inv_00,20170703,13:53:00,220.5,8.3,1830,217.0,7.9,1714,25275,16125,57.5,595.0
Station_01,Inv_00,20170703,13:54:00,223.0,6.8,1516,216.0,6.5,1404,25275,16125,55.6,404.0
Station_01,Inv_00,20170703,13:55:00,215.0,8.2,1763,216.0,8.1,1750,25275,16125,55.8,560.0
Station_01,Inv_00,20170703,13:56:00,219.5,3.4,746,216.0,3.4,734,25276,16126,53.4,242.0
Station_01,Inv_00,20170703,13:57:00,220.0,3.4,748,216.0,3.3,713,25276,16126,49.6,226.0
Station_01,Inv_00,20170703,13:58:00,225.5,3.6,812,215.0,3.6,774,25276,16126,47.8,235.0
Station_01,Inv_00,20170703,13:59:00,222.5,4.3,957,216.0,4.1,886,25276,16126,46.6,266.0
Station_01,Inv_00,20170703,14:00:00,218.0,7.0,1526,216.0,6.7,1447,25276,16126,44.9,369.0
Station_01,Inv_00,20170703,14:01:00,223.5,6.8,1520,216.0,6.8,1469,25276,16126,45.0,414.0
Station_01,Inv_00,20170703,14:02:00,230.9,4.5,1039,216.0,4.5,972,25276,16126,45.1,313.0
Station_01,Inv_00,20170703,14:03:00,232.5,4.0,930,216.0,3.9,842,25276,16126,43.5,256.0
Station_01,Inv_00,20170703,14:04:00,231.5,3.4,787,216.0,3.5,756,25276,16126,42.6,241.0
Station_01,Inv_00,20170703,14:05:00,232.0,2.8,650,216.0,3.0,648,25276,16126,42.0,202.0
Station_01,Inv_00,20170703,14:06:00,228.5,2.7,617,215.0,2.9,624,25276,16126,41.5,193.0
Station_01,Inv_00,20170703,14:07:00,233.0,2.7,629,215.0,2.8,602,25276,16126,41.3,192.0
Station_01,Inv_00,20170703,14:08:00,235.5,2.8,659,215.0,2.9,624,25276,16126,40.4,195.0
Station_01,Inv_00,20170703,14:09:00,230.0,3.0,690,216.0,3.1,670,25276,16126,39.6,203.0
Station_01,Inv_00,20170703,14:10:00,232.9,3.4,792,215.0,3.5,753,25276,16126,39.8,223.0
Station_01,Inv_00,20170703,14:11:00,232.4,4.6,1069,216.0,4.5,972,25276,16126,39.8,275.0
Station_01,Inv_00,20170703,14:12:00,232.9,5.8,1351,216.0,5.9,1274,25276,16126,39.8,365.0
Station_01,Inv_00,20170703,14:13:00,232.5,7.8,1813,216.0,8.0,1728,25276,16126,41.1,474.0
Station_01,Inv_00,20170703,14:14:00,237.4,9.0,2137,217.0,9.3,2018,25276,16126,41.9,544.0
Station_01,Inv_00,20170703,14:15:00,235.5,8.9,2096,216.0,9.2,1987,25276,16126,43.8,576.0
Station_01,Inv_00,20170703,14:16:00,236.0,5.5,1298,216.0,5.6,1210,25276,16126,43.1,361.0
Station_01,Inv_00,20170703,14:17:00,230.0,3.2,736,216.0,3.3,713,25276,16126,43.0,230.0
Station_01,Inv_00,20170703,14:18:00,229.5,3.7,849,215.0,3.7,796,25276,16126,42.6,230.0
Station_01,Inv_00,20170703,14:19:00,237.4,3.0,712,215.0,3.2,688,25276,16126,41.5,215.0
Station_01,Inv_00,20170703,14:20:00,234.5,3.1,727,216.0,3.2,691,25276,16126,40.8,211.0
Station_01,Inv_00,20170703,14:21:00,237.0,3.0,711,215.0,3.2,688,25276,16126,40.3,222.0
Station_01,Inv_00,20170703,14:22:00,237.5,3.3,784,216.0,3.5,756,25276,16126,39.7,228.0
Station_01,Inv_00,20170703,14:23:00,234.4,3.4,797,215.0,3.6,774,25276,16126,39.9,236.0
Station_01,Inv_00,20170703,14:24:00,240.5,4.5,1082,216.0,4.6,994,25276,16126,40.1,271.0
Station_01,Inv_00,20170703,14:25:00,240.5,5.3,1275,216.0,5.5,1188,25276,16126,40.7,341.0
Station_01,Inv_00,20170703,14:26:00,237.0,4.6,1090,216.0,4.8,1037,25276,16126,40.8,310.0
Station_01,Inv_00,20170703,14:27:00,233.4,4.6,1074,216.0,4.7,1015,25276,16126,40.6,315.0
Station_01,Inv_00,20170703,14:28:00,235.4,4.6,1083,216.0,4.6,994,25276,16126,41.2,316.0
Station_01,Inv_00,20170703,14:29:00,238.4,5.2,1240,217.0,5.3,1150,25276,16126,40.7,336.0
Station_01,Inv_00,20170703,14:30:00,237.0,9.6,2275,217.0,9.8,2127,25276,16126,41.9,531.0
Station_01,Inv_00,20170703,14:31:00,231.0,11.1,2564,217.0,11.1,2409,25276,16126,43.9,682.0
Station_01,Inv_00,20170703,14:32:00,234.0,12.1,2831,217.0,12.3,2669,25276,16126,46.4,751.0
Station_01,Inv_00,20170703,14:33:00,231.0,12.4,2864,217.0,12.4,2691,25276,16126,48.3,776.0
Station_01,Inv_00,20170703,14:34:00,228.0,12.5,2850,218.0,12.4,2703,25276,16126,50.1,779.0
Station_01,Inv_00,20170703,14:35:00,226.0,12.3,2780,218.0,12.1,2638,25276,16126,51.8,770.0
Station_01,Inv_00,20170703,14:36:00,226.5,12.1,2741,217.0,11.8,2561,25276,16126,52.2,759.0
Station_01,Inv_00,20170703,14:37:00,224.0,12.4,2778,217.0,12.0,2604,25276,16126,53.5,767.0
Station_01,Inv_00,20170703,14:38:00,223.0,12.3,2743,217.0,11.9,2582,25276,16126,54.4,771.0
Station_01,Inv_00,20170703,14:39:00,222.5,10.7,2381,217.0,10.5,2279,25277,16127,53.5,705.0
Station_01,Inv_00,20170703,14:40:00,226.5,7.1,1608,216.0,7.1,1534,25277,16127,53.5,550.0
Station_01,Inv_00,20170703,14:41:00,227.9,3.0,684,216.0,3.1,670,25277,16127,50.0,258.0
Station_01,Inv_00,20170703,14:42:00,221.4,3.2,709,216.0,3.1,670,25277,16127,48.2,214.0
Station_01,Inv_00,20170703,14:43:00,231.0,3.6,832,216.0,3.6,778,25277,16127,46.8,226.0
Station_01,Inv_00,20170703,14:44:00,232.5,6.6,1535,216.0,6.7,1447,25277,16127,46.0,405.0
Station_01,Inv_00,20170703,14:45:00,234.0,8.9,2083,217.0,9.0,1953,25277,16127,46.1,466.0
Station_01,Inv_00,20170703,14:46:00,233.0,10.3,2400,217.0,10.5,2279,25277,16127,47.3,644.0
Station_01,Inv_00,20170703,14:47:00,232.5,11.4,2650,217.0,11.6,2517,25277,16127,48.0,705.0
Station_01,Inv_00,20170703,14:48:00,229.0,11.8,2702,217.0,11.8,2561,25277,16127,49.8,738.0
Station_01,Inv_00,20170703,14:49:00,230.5,11.3,2605,217.0,11.3,2452,25277,16127,51.5,719.0
Station_01,Inv_00,20170703,14:50:00,224.5,11.5,2582,217.0,11.3,2452,25277,16127,51.2,717.0
Station_01,Inv_00,20170703,14:51:00,224.0,10.7,2397,217.0,10.4,2257,25277,16127,51.9,671.0
Station_01,Inv_00,20170703,14:52:00,227.0,10.3,2338,217.0,10.2,2213,25277,16127,53.0,634.0
Station_01,Inv_00,20170703,14:53:00,227.0,8.3,1884,217.0,8.2,1779,25277,16127,52.0,552.0
Station_01,Inv_00,20170703,14:54:00,228.0,7.6,1733,216.0,7.4,1598,25277,16127,51.6,461.0
Station_01,Inv_00,20170703,14:55:00,227.0,8.3,1884,217.0,8.2,1779,25277,16127,49.8,530.0
Station_01,Inv_00,20170703,14:56:00,228.0,9.3,2120,217.0,9.3,2018,25277,16127,49.3,581.0
Station_01,Inv_00,20170703,14:57:00,228.5,10.5,2399,217.0,10.4,2257,25277,16127,49.7,660.0
Station_01,Inv_00,20170703,14:58:00,230.0,9.1,2093,217.0,9.2,1996,25277,16127,50.0,593.0
Station_01,Inv_00,20170703,14:59:00,229.5,10.1,2318,218.0,10.1,2202,25277,16127,51.1,631.0
Station_01,Inv_00,20170703,15:00:00,201.0,9.9,1990,217.0,8.7,1888,25277,16127,51.0,611.0
Station_01,Inv_00,20170703,15:01:00,218.0,9.0,1962,218.0,8.6,1875,25277,16127,51.1,580.0
Station_01,Inv_00,20170703,15:02:00,226.5,9.4,2129,218.0,9.3,2027,25277,16127,50.5,571.0
Station_01,Inv_00,20170703,15:03:00,222.0,8.9,1976,218.0,8.6,1875,25277,16127,52.1,579.0
Station_01,Inv_00,20170703,15:04:00,227.5,6.9,1570,217.0,6.9,1497,25277,16127,51.8,443.0
Station_01,Inv_00,20170703,15:05:00,229.0,8.3,1901,217.0,8.3,1801,25277,16127,50.9,519.0
Station_01,Inv_00,20170703,15:06:00,227.0,10.6,2406,218.0,10.4,2267,25277,16127,53.1,654.0
Station_01,Inv_00,20170703,15:07:00,218.0,11.1,2420,218.0,10.4,2267,25277,16127,52.3,674.0
Station_01,Inv_00,20170703,15:08:00,226.5,10.7,2423,218.0,10.5,2289,25277,16127,51.5,684.0
Station_01,Inv_00,20170703,15:09:00,220.5,10.9,2403,218.0,10.4,2267,25278,16127,51.4,671.0
Station_01,Inv_00,20170703,15:10:00,228.5,10.5,2399,218.0,10.4,2267,25278,16127,50.6,673.0
Station_01,Inv_00,20170703,15:11:00,224.0,10.7,2397,218.0,10.5,2289,25278,16127,51.1,671.0
Station_01,Inv_00,20170703,15:12:00,227.0,10.6,2406,218.0,10.5,2289,25278,16127,52.8,678.0
Station_01,Inv_00,20170703,15:13:00,226.0,10.7,2418,218.0,10.5,2289,25278,16127,53.1,676.0
Station_01,Inv_00,20170703,15:14:00,226.5,10.7,2424,217.0,10.6,2300,25278,16127,52.6,678.0
Station_01,Inv_00,20170703,15:15:00,218.5,11.2,2447,217.0,10.6,2300,25278,16127,53.4,682.0
Station_01,Inv_00,20170703,15:16:00,220.0,11.1,2442,217.0,10.7,2322,25278,16127,53.0,688.0
Station_01,Inv_00,20170703,15:17:00,209.5,11.4,2388,217.0,10.4,2257,25278,16127,53.0,685.0
Station_01,Inv_00,20170703,15:18:00,226.5,10.6,2400,217.0,10.5,2279,25278,16127,54.5,675.0
Station_01,Inv_00,20170703,15:19:00,228.5,10.5,2399,218.0,10.5,2289,25278,16127,53.3,670.0
Station_01,Inv_00,20170703,15:20:00,208.5,11.1,2314,217.0,10.1,2192,25278,16127,53.7,669.0
Station_01,Inv_00,20170703,15:21:00,200.5,9.3,1865,217.0,8.2,1779,25278,16127,53.0,555.0
Station_01,Inv_00,20170703,15:22:00,218.5,8.6,1879,217.0,8.2,1779,25278,16127,51.4,542.0
Station_01,Inv_00,20170703,15:23:00,219.0,6.8,1489,217.0,6.6,1432,25278,16127,50.5,454.0
Station_01,Inv_00,20170703,15:24:00,227.5,7.9,1797,217.0,7.8,1693,25278,16127,49.8,476.0
Station_01,Inv_00,20170703,15:25:00,229.0,7.1,1626,217.0,7.2,1562,25278,16127,49.6,474.0
Station_01,Inv_00,20170703,15:26:00,228.4,6.8,1553,217.0,6.7,1454,25278,16127,48.6,432.0
Station_01,Inv_00,20170703,15:27:00,230.5,7.0,1613,217.0,7.1,1541,25278,16127,47.7,436.0
Station_01,Inv_00,20170703,15:28:00,232.0,6.7,1554,217.0,6.8,1476,25278,16127,46.7,452.0
Station_01,Inv_00,20170703,15:29:00,219.5,6.9,1515,217.0,6.5,1411,25278,16127,47.1,399.0
Station_01,Inv_00,20170703,15:30:00,223.4,5.9,1318,217.0,5.6,1215,25278,16127,47.7,375.0
Station_01,Inv_00,20170703,15:31:00,225.9,5.9,1333,217.0,5.8,1259,25278,16127,47.3,372.0
Station_01,Inv_00,20170703,15:32:00,231.5,5.0,1158,217.0,5.1,1107,25278,16127,46.6,345.0
Station_01,Inv_00,20170703,15:33:00,227.2,3.4,772,216.0,3.4,734,25278,16127,46.1,229.0
Station_01,Inv_00,20170703,15:34:00,205.5,2.6,534,216.0,2.4,518,25278,16127,45.1,172.0
Station_01,Inv_00,20170703,15:35:00,228.5,3.0,686,217.0,3.0,651,25278,16127,43.2,182.0
Station_01,Inv_00,20170703,15:36:00,223.5,2.4,536,216.0,2.4,518,25278,16127,42.0,161.0
Station_01,Inv_00,20170703,15:37:00,223.2,2.3,513,216.0,2.3,497,25278,16127,40.8,157.0
Station_01,Inv_00,20170703,15:38:00,216.0,2.4,518,216.0,2.2,475,25278,16127,40.2,155.0
Station_01,Inv_00,20170703,15:39:00,230.0,2.2,506,216.0,2.3,497,25278,16127,39.5,150.0
Station_01,Inv_00,20170703,15:40:00,176.5,2.2,388,217.0,1.8,391,25278,16127,39.7,145.0
Station_01,Inv_00,20170703,15:41:00,195.9,2.2,431,217.0,1.9,412,25278,16127,39.2,145.0
Station_01,Inv_00,20170703,15:42:00,228.0,2.2,502,217.0,2.1,456,25278,16127,39.2,144.0
Station_01,Inv_00,20170703,15:43:00,233.0,2.2,513,217.0,2.2,477,25278,16127,38.7,147.0
Station_01,Inv_00,20170703,15:44:00,232.5,2.1,488,217.0,2.1,456,25278,16127,38.7,144.0
Station_01,Inv_00,20170703,15:45:00,231.0,2.2,508,217.0,2.1,456,25278,16127,37.7,144.0
Station_01,Inv_00,20170703,15:46:00,231.0,2.1,485,216.0,2.1,454,25278,16127,37.7,154.0
Station_01,Inv_00,20170703,15:47:00,232.5,2.0,465,217.0,2.1,456,25278,16127,37.5,151.0
Station_01,Inv_00,20170703,15:48:00,231.7,2.0,463,216.0,2.1,454,25278,16127,37.4,141.0
Station_01,Inv_00,20170703,15:49:00,210.0,2.2,462,216.0,2.0,432,25278,16127,37.3,141.0
Station_01,Inv_00,20170703,15:50:00,204.5,2.2,450,217.0,2.0,434,25278,16127,37.3,144.0
Station_01,Inv_00,20170703,15:51:00,233.0,2.3,536,217.0,2.3,499,25278,16127,37.2,149.0
Station_01,Inv_00,20170703,15:52:00,238.5,2.3,549,217.0,2.4,521,25278,16127,37.2,152.0
Station_01,Inv_00,20170703,15:53:00,236.2,2.4,567,216.0,2.5,540,25278,16127,37.1,155.0
Station_01,Inv_00,20170703,15:54:00,233.9,2.4,561,216.0,2.5,540,25278,16127,36.9,159.0
Station_01,Inv_00,20170703,15:55:00,233.4,2.2,513,217.0,2.2,477,25278,16127,36.7,147.0
Station_01,Inv_00,20170703,15:56:00,232.0,2.0,464,217.0,2.1,456,25278,16127,36.6,141.0
Station_01,Inv_00,20170703,15:57:00,239.1,1.8,430,217.0,2.0,434,25278,16127,36.2,135.0
Station_01,Inv_00,20170703,15:58:00,234.0,2.0,468,217.0,2.0,434,25278,16127,36.3,136.0
Station_01,Inv_00,20170703,15:59:00,219.5,2.0,439,216.0,2.0,432,25279,16128,36.1,137.0
Station_01,Inv_00,20170703,16:00:00,228.0,2.0,456,217.0,2.0,434,25279,16128,36.4,138.0
Station_01,Inv_00,20170703,16:01:00,240.0,2.1,504,217.0,2.2,477,25279,16128,36.4,146.0
Station_01,Inv_00,20170703,16:02:00,226.0,2.4,542,217.0,2.4,521,25279,16128,36.3,161.0
Station_01,Inv_00,20170703,16:03:00,239.4,2.6,622,217.0,2.7,586,25279,16128,36.6,177.0
Station_01,Inv_00,20170703,16:04:00,237.0,2.9,687,217.0,3.0,651,25279,16128,37.0,188.0
Station_01,Inv_00,20170703,16:05:00,238.0,3.0,714,217.0,3.1,673,25279,16128,36.9,196.0
Station_01,Inv_00,20170703,16:06:00,236.9,3.2,758,217.0,3.3,716,25279,16128,37.1,206.0
Station_01,Inv_00,20170703,16:07:00,237.9,3.3,785,217.0,3.5,760,25279,16128,37.6,214.0
Station_01,Inv_00,20170703,16:08:00,235.3,3.2,753,217.0,3.2,694,25279,16128,37.6,209.0
Station_01,Inv_00,20170703,16:09:00,226.0,3.2,723,218.0,3.1,676,25279,16128,37.8,203.0
Station_01,Inv_00,20170703,16:10:00,226.0,2.7,610,217.0,2.7,586,25279,16128,37.8,195.0
Station_01,Inv_00,20170703,16:11:00,230.6,2.6,600,217.0,2.7,586,25279,16128,37.8,182.0
Station_01,Inv_00,20170703,16:12:00,237.0,2.7,640,218.0,2.8,610,25279,16128,37.5,182.0
Station_01,Inv_00,20170703,16:13:00,241.4,2.8,676,218.0,3.0,654,25279,16128,37.5,200.0
Station_01,Inv_00,20170703,16:14:00,238.0,3.1,738,217.0,3.2,694,25279,16128,37.0,200.0
Station_01,Inv_00,20170703,16:15:00,229.8,3.3,759,218.0,3.3,719,25279,16128,37.3,217.0
Station_01,Inv_00,20170703,16:16:00,240.5,3.2,770,218.0,3.4,741,25279,16128,37.4,220.0
Station_01,Inv_00,20170703,16:17:00,230.5,3.2,738,217.0,3.2,694,25279,16128,37.3,217.0
Station_01,Inv_00,20170703,16:18:00,233.7,3.0,701,217.0,3.1,673,25279,16128,36.8,212.0
Station_01,Inv_00,20170703,16:19:00,237.0,3.0,711,217.0,3.1,673,25279,16128,36.5,202.0
Station_01,Inv_00,20170703,16:20:00,234.8,2.8,657,217.0,3.0,651,25279,16128,36.6,196.0
Station_01,Inv_00,20170703,16:21:00,240.5,2.7,649,217.0,2.8,608,25279,16128,36.4,190.0
Station_01,Inv_00,20170703,16:22:00,227.2,2.6,591,217.0,2.6,564,25279,16128,35.7,185.0
Station_01,Inv_00,20170703,16:23:00,221.4,2.4,531,216.0,2.3,497,25279,16128,35.6,167.0
Station_01,Inv_00,20170703,16:24:00,218.0,2.3,501,217.0,2.2,477,25279,16128,35.6,159.0
Station_01,Inv_00,20170703,16:25:00,164.0,2.2,361,217.0,1.7,369,25279,16128,35.6,162.0
Station_01,Inv_00,20170703,16:26:00,194.3,2.2,427,217.0,2.0,434,25279,16128,35.3,163.0
Station_01,Inv_00,20170703,16:27:00,239.5,2.2,527,217.0,2.3,499,25279,16128,35.2,161.0
Station_01,Inv_00,20170703,16:28:00,239.5,2.1,503,217.0,2.2,477,25279,16128,35.4,156.0
Station_01,Inv_00,20170703,16:29:00,237.0,2.0,474,217.0,2.1,456,25279,16128,35.2,152.0
Station_01,Inv_00,20170703,16:30:00,215.3,2.1,452,217.0,2.0,434,25279,16128,35.3,150.0
Station_01,Inv_00,20170703,16:31:00,240.5,2.0,481,217.0,2.1,456,25279,16128,35.1,149.0
Station_01,Inv_00,20170703,16:32:00,234.5,2.0,469,217.0,2.1,456,25279,16128,34.9,149.0
Station_01,Inv_00,20170703,16:33:00,192.5,2.0,385,217.0,1.8,391,25279,16128,35.0,149.0
Station_01,Inv_00,20170703,16:34:00,241.0,2.0,482,217.0,2.0,434,25279,16128,34.8,148.0
Station_01,Inv_00,20170703,16:35:00,237.9,1.9,452,217.0,2.0,434,25279,16128,34.8,144.0
Station_01,Inv_00,20170703,16:36:00,237.0,1.9,450,217.0,2.0,434,25279,16128,34.8,143.0
Station_01,Inv_00,20170703,16:37:00,243.4,1.9,462,217.0,2.0,434,25279,16128,34.7,144.0
Station_01,Inv_00,20170703,16:38:00,238.0,1.9,452,217.0,2.0,434,25279,16128,34.6,143.0
Station_01,Inv_00,20170703,16:39:00,240.8,1.8,433,217.0,2.0,434,25279,16128,34.7,139.0
Station_01,Inv_00,20170703,16:40:00,237.8,1.8,428,218.0,1.9,414,25279,16128,34.7,138.0
Station_01,Inv_00,20170703,16:41:00,236.0,1.8,425,218.0,1.9,414,25279,16128,34.7,136.0
Station_01,Inv_00,20170703,16:42:00,240.4,1.8,433,218.0,1.9,414,25279,16128,34.3,138.0
Station_01,Inv_00,20170703,16:43:00,239.4,1.8,431,217.0,2.0,434,25279,16128,34.5,140.0
Station_01,Inv_00,20170703,16:44:00,223.5,2.0,447,218.0,2.0,436,25279,16128,34.3,146.0
Station_01,Inv_00,20170703,16:45:00,244.2,2.0,488,218.0,2.2,480,25279,16128,34.5,154.0
Station_01,Inv_00,20170703,16:46:00,241.4,2.2,531,218.0,2.3,501,25279,16128,34.8,162.0
Station_01,Inv_00,20170703,16:47:00,240.0,2.4,576,218.0,2.5,545,25279,16128,34.9,169.0
Station_01,Inv_00,20170703,16:48:00,239.0,2.4,574,218.0,2.5,545,25279,16128,34.9,175.0
Station_01,Inv_00,20170703,16:49:00,244.3,2.6,635,219.0,2.8,613,25279,16128,35.1,189.0
Station_01,Inv_00,20170703,16:50:00,243.5,2.9,706,218.0,3.1,676,25279,16128,35.4,203.0
Station_01,Inv_00,20170703,16:51:00,240.5,2.9,697,219.0,3.1,679,25279,16128,35.5,211.0
Station_01,Inv_00,20170703,16:52:00,232.0,3.3,766,218.0,3.3,719,25279,16128,35.7,222.0
Station_01,Inv_00,20170703,16:53:00,233.0,3.5,816,219.0,3.5,767,25279,16128,36.0,236.0
Station_01,Inv_00,20170703,16:54:00,242.4,3.4,824,219.0,3.6,788,25279,16128,36.4,240.0
Station_01,Inv_00,20170703,16:55:00,243.0,3.4,826,217.0,3.6,781,25279,16128,36.7,241.0
Station_01,Inv_00,20170703,16:56:00,236.5,3.5,828,217.0,3.6,781,25279,16128,36.9,239.0
Station_01,Inv_00,20170703,16:57:00,238.4,3.4,810,217.0,3.5,760,25279,16128,37.0,233.0
Station_01,Inv_00,20170703,16:58:00,237.4,3.3,784,217.0,3.4,738,25279,16128,37.1,228.0
Station_01,Inv_00,20170703,16:59:00,236.0,3.1,732,217.0,3.2,694,25279,16128,37.1,218.0
Station_01,Inv_00,20170703,17:00:00,239.0,3.1,741,217.0,3.2,694,25279,16128,37.2,220.0
Station_01,Inv_00,20170703,17:01:00,236.0,3.2,755,217.0,3.3,716,25279,16128,37.2,222.0
Station_01,Inv_00,20170703,17:02:00,235.5,3.2,754,217.0,3.3,716,25279,16128,37.5,220.0
Station_01,Inv_00,20170703,17:03:00,232.9,3.0,699,217.0,3.1,673,25279,16128,37.0,209.0
Station_01,Inv_00,20170703,17:04:00,238.0,3.0,714,217.0,3.2,694,25279,16128,37.2,216.0
Station_01,Inv_00,20170703,17:05:00,233.0,3.2,746,218.0,3.2,698,25279,16128,37.1,219.0
Station_01,Inv_00,20170703,17:06:00,234.0,3.2,749,218.0,3.4,741,25279,16128,37.5,225.0
Station_01,Inv_00,20170703,17:07:00,226.5,3.3,747,217.0,3.3,716,25279,16128,37.7,225.0
Station_01,Inv_00,20170703,17:08:00,238.0,3.4,809,216.0,3.5,756,25279,16128,37.7,229.0
Station_01,Inv_00,20170703,17:09:00,235.5,3.6,848,216.0,3.6,778,25279,16128,37.5,241.0
Station_01,Inv_00,20170703,17:10:00,236.5,3.6,851,215.0,3.7,796,25279,16128,37.7,243.0
Station_01,Inv_00,20170703,17:11:00,237.8,3.2,761,216.0,3.4,734,25279,16128,37.8,237.0
Station_01,Inv_00,20170703,17:12:00,237.5,3.2,760,216.0,3.3,713,25279,16128,37.7,205.0
Station_01,Inv_00,20170703,17:13:00,232.0,2.9,673,216.0,2.8,605,25279,16128,37.7,159.0
Station_01,Inv_00,20170703,17:14:00,238.0,2.7,643,215.0,2.9,624,25279,16128,37.8,149.0
Station_01,Inv_00,20170703,17:15:00,234.5,2.0,469,216.0,2.1,454,25279,16128,37.5,140.0
Station_01,Inv_00,20170703,17:16:00,209.0,2.0,418,215.0,2.0,430,25279,16128,37.5,140.0
Station_01,Inv_00,20170703,17:17:00,231.0,2.2,508,214.0,2.2,471,25279,16128,37.2,143.0
Station_01,Inv_00,20170703,17:18:00,248.2,2.5,621,215.0,2.6,559,25279,16128,36.8,148.0
Station_01,Inv_00,20170703,17:19:00,246.9,2.7,667,215.0,2.9,624,25279,16128,36.7,156.0
Station_01,Inv_00,20170703,17:20:00,245.9,2.8,688,215.0,3.0,645,25279,16128,36.6,163.0
Station_01,Inv_00,20170703,17:21:00,248.3,2.7,671,215.0,2.9,624,25279,16128,36.1,160.0
Station_01,Inv_00,20170703,17:22:00,245.8,2.5,615,215.0,2.8,602,25279,16128,36.0,156.0
Station_01,Inv_00,20170703,17:23:00,246.6,2.4,592,215.0,2.6,559,25279,16128,36.0,154.0
Station_01,Inv_00,20170703,17:24:00,242.9,2.3,559,215.0,2.5,538,25279,16128,35.7,152.0
Station_01,Inv_00,20170703,17:25:00,234.5,2.2,516,214.0,2.3,492,25279,16128,35.7,143.0
Station_01,Inv_00,20170703,17:26:00,234.5,2.2,516,215.0,2.3,494,25279,16128,35.7,142.0
Station_01,Inv_00,20170703,17:27:00,239.6,2.1,503,214.0,2.2,471,25279,16128,35.7,139.0
Station_01,Inv_00,20170703,17:28:00,239.6,2.1,503,215.0,2.2,473,25279,16128,35.6,137.0
Station_01,Inv_00,20170703,17:29:00,234.0,1.9,445,215.0,2.1,452,25279,16128,35.4,134.0
Station_01,Inv_00,20170703,17:30:00,237.3,1.9,451,215.0,2.0,430,25279,16128,35.2,131.0
Station_01,Inv_00,20170703,17:31:00,204.6,1.9,389,214.0,1.7,364,25279,16128,35.1,130.0
Station_01,Inv_00,20170703,17:32:00,236.0,1.8,425,214.0,1.9,407,25279,16128,34.7,124.0
Station_01,Inv_00,20170703,17:33:00,237.2,1.7,403,214.0,1.9,407,25279,16128,34.6,123.0
Station_01,Inv_00,20170703,17:34:00,237.2,1.7,403,217.0,1.8,391,25279,16128,34.4,122.0
Station_01,Inv_00,20170703,17:35:00,234.5,1.8,422,217.0,1.9,412,25279,16128,34.3,123.0
Station_01,Inv_00,20170703,17:36:00,225.9,1.9,429,216.0,1.9,410,25279,16128,34.4,125.0
Station_01,Inv_00,20170703,17:37:00,229.0,1.8,412,217.0,1.9,412,25279,16128,34.2,126.0
Station_01,Inv_00,20170703,17:38:00,215.0,1.7,366,217.0,1.6,347,25279,16128,34.4,118.0
Station_01,Inv_00,20170703,17:39:00,225.5,1.6,361,217.0,1.6,347,25279,16128,34.3,112.0
Station_01,Inv_00,20170703,17:40:00,221.0,1.4,309,216.0,1.5,324,25279,16128,34.3,108.0
Station_01,Inv_00,20170703,17:41:00,228.5,1.4,320,216.0,1.5,324,25280,16129,34.3,103.0
Station_01,Inv_00,20170703,17:42:00,232.5,1.3,302,216.0,1.5,324,25280,16129,34.2,104.0
Station_01,Inv_00,20170703,17:43:00,231.4,1.3,301,216.0,1.4,302,25280,16129,34.1,95.0
Station_01,Inv_00,20170703,17:44:00,229.5,1.1,252,217.0,1.2,260,25280,16129,34.1,86.0
Station_01,Inv_00,20170703,17:45:00,229.4,0.9,207,219.0,1.0,219,25280,16129,34.0,75.0
Station_01,Inv_00,20170703,17:46:00,213.0,0.8,170,215.0,0.9,194,25280,16129,33.9,66.0
Station_01,Inv_00,20170703,17:47:00,211.4,0.7,148,214.0,0.8,171,25280,16129,33.9,61.0
Station_01,Inv_00,20170703,17:48:00,225.0,0.7,158,214.0,0.8,171,25280,16129,33.7,58.0
Station_01,Inv_00,20170703,17:49:00,214.0,0.6,128,214.0,0.8,171,25280,16129,33.7,59.0
Station_01,Inv_00,20170703,17:50:00,220.0,0.7,154,216.0,0.8,173,25280,16129,33.5,59.0
Station_01,Inv_00,20170703,17:51:00,221.1,0.7,155,216.0,0.9,194,25280,16129,33.4,61.0
Station_01,Inv_00,20170703,17:52:00,216.4,0.7,152,215.0,0.9,194,25280,16129,33.4,62.0
Station_01,Inv_00,20170703,17:53:00,222.4,0.7,156,214.0,0.9,193,25280,16129,33.4,62.0
Station_01,Inv_00,20170703,17:54:00,217.5,0.6,131,216.0,0.8,173,25280,16129,33.3,60.0
Station_01,Inv_00,20170703,17:55:00,201.0,0.6,121,214.0,0.7,150,25280,16129,33.1,58.0
Station_01,Inv_00,20170703,17:56:00,224.5,0.6,135,215.0,0.8,172,25280,16129,33.0,57.0
Station_01,Inv_00,20170703,17:57:00,212.7,0.6,128,214.0,0.8,171,25280,16129,32.9,57.0
Station_01,Inv_00,20170703,17:58:00,221.0,0.6,133,214.0,0.8,171,25280,16129,32.9,56.0
Station_01,Inv_00,20170703,17:59:00,222.5,0.6,134,214.0,0.8,171,25280,16129,32.9,57.0
Station_01,Inv_00,20170703,18:00:00,222.1,0.7,156,214.0,0.9,193,25280,16129,32.9,62.0
Station_01,Inv_00,20170703,18:01:00,217.0,0.8,174,214.0,0.9,193,25280,16129,32.9,63.0
Station_01,Inv_00,20170703,18:02:00,227.6,0.7,159,215.0,0.9,194,25280,16129,32.8,64.0
Station_01,Inv_00,20170703,18:03:00,223.0,0.8,178,215.0,1.0,215,25280,16129,32.9,66.0
Station_01,Inv_00,20170703,18:04:00,228.2,0.9,205,215.0,1.0,215,25280,16129,32.9,69.0
Station_01,Inv_00,20170703,18:05:00,225.0,0.9,203,215.0,1.0,215,25280,16129,32.9,70.0
Station_01,Inv_00,20170703,18:06:00,220.5,0.8,176,215.0,1.0,215,25280,16129,32.9,68.0
Station_01,Inv_00,20170703,18:07:00,223.1,0.8,179,215.0,1.0,215,25280,16129,32.8,65.0
Station_01,Inv_00,20170703,18:08:00,214.3,0.7,150,216.0,0.9,194,25280,16129,32.8,62.0
Station_01,Inv_00,20170703,18:09:00,220.0,0.7,154,215.0,0.8,172,25280,16129,32.9,60.0
Station_01,Inv_00,20170703,18:10:00,218.4,0.7,153,214.0,0.8,171,25280,16129,32.8,59.0
Station_01,Inv_00,20170703,18:11:00,217.1,0.7,152,216.0,0.9,194,25280,16129,32.8,60.0
Station_01,Inv_00,20170703,18:12:00,223.0,0.8,178,217.0,1.0,217,25280,16129,32.8,64.0
Station_01,Inv_00,20170703,18:13:00,219.4,0.9,198,216.0,1.0,216,25280,16129,32.9,68.0
Station_01,Inv_00,20170703,18:14:00,225.0,0.8,180,215.0,1.0,215,25280,16129,33.0,67.0
Station_01,Inv_00,20170703,18:15:00,215.0,0.7,151,215.0,0.9,194,25280,16129,32.9,62.0
Station_01,Inv_00,20170703,18:16:00,212.5,0.6,128,216.0,0.7,151,25280,16129,32.8,54.0
Station_01,Inv_00,20170703,18:17:00,217.0,0.4,87,216.0,0.6,130,25280,16129,32.7,46.0
Station_01,Inv_00,20170703,18:18:00,208.0,0.4,83,215.0,0.5,108,25280,16129,32.6,42.0
Station_01,Inv_00,20170703,18:19:00,231.0,0.4,92,216.0,0.5,108,25280,16129,32.4,41.0
Station_01,Inv_00,20170703,18:20:00,212.5,0.4,85,216.0,0.5,108,25280,16129,32.4,41.0
Station_01,Inv_00,20170703,18:21:00,210.0,0.4,84,216.0,0.5,108,25280,16129,32.3,41.0
Station_01,Inv_00,20170703,18:22:00,211.0,0.4,84,216.0,0.5,108,25280,16129,32.2,40.0
Station_01,Inv_00,20170703,18:23:00,220.0,0.3,66,216.0,0.5,108,25280,16129,32.1,37.0
Station_01,Inv_00,20170703,18:24:00,221.0,0.2,44,216.0,0.5,108,25280,16129,32.1,35.0
Station_01,Inv_00,20170703,18:25:00,211.5,0.2,42,215.0,0.4,86,25280,16129,31.9,34.0
Station_01,Inv_00,20170703,18:26:00,200.3,0.3,60,215.0,0.4,86,25280,16129,31.9,34.0
Station_01,Inv_00,20170703,18:27:00,215.0,0.2,43,215.0,0.5,108,25280,16129,31.9,35.0
Station_01,Inv_00,20170703,18:28:00,198.7,0.3,60,215.0,0.5,108,25280,16129,31.8,38.0
Station_01,Inv_00,20170703,18:29:00,217.0,0.4,87,216.0,0.5,108,25280,16129,31.8,40.0
Station_01,Inv_00,20170703,18:30:00,176.3,0.4,71,215.0,0.5,108,25280,16129,31.8,42.0
Station_01,Inv_00,20170703,18:31:00,223.0,0.4,89,215.0,0.5,108,25280,16129,31.8,44.0
Station_01,Inv_00,20170703,18:32:00,204.0,0.4,82,215.0,0.5,108,25280,16129,31.7,43.0
Station_01,Inv_00,20170703,18:33:00,213.5,0.4,85,216.0,0.5,108,25280,16129,31.7,41.0
Station_01,Inv_00,20170703,18:34:00,210.0,0.4,84,216.0,0.5,108,25280,16129,31.6,39.0
Station_01,Inv_00,20170703,18:35:00,218.0,0.3,65,215.0,0.5,108,25280,16129,31.6,38.0
Station_01,Inv_00,20170703,18:36:00,203.0,0.4,81,215.0,0.5,108,25280,16129,31.6,42.0
Station_01,Inv_00,20170703,18:37:00,202.4,0.5,101,216.0,0.6,130,25280,16129,31.5,48.0
Station_01,Inv_00,20170703,18:38:00,218.7,0.6,131,215.0,0.8,172,25280,16129,31.6,51.0
Station_01,Inv_00,20170703,18:39:00,217.9,0.7,153,214.0,0.8,171,25280,16129,31.5,55.0
Station_01,Inv_00,20170703,18:40:00,180.0,0.7,126,216.0,0.7,151,25280,16129,31.5,55.0
Station_01,Inv_00,20170703,18:41:00,226.0,0.6,136,216.0,0.8,173,25280,16129,31.5,54.0
Station_01,Inv_00,20170703,18:42:00,208.0,0.6,125,216.0,0.7,151,25280,16129,31.5,51.0
Station_01,Inv_00,20170703,18:43:00,214.4,0.5,107,216.0,0.6,130,25280,16129,31.5,47.0
Station_01,Inv_00,20170703,18:44:00,225.0,0.4,90,216.0,0.5,108,25280,16129,31.4,42.0
Station_01,Inv_00,20170703,18:45:00,208.0,0.3,62,216.0,0.5,108,25280,16129,31.3,36.0
Station_01,Inv_00,20170703,18:46:00,204.0,0.2,41,217.0,0.4,87,25280,16129,31.1,28.0
Station_01,Inv_00,20170703,18:47:00,0.0,0.0,0,217.0,0.4,87,25280,16129,31.0,25.0
Station_01,Inv_00,20170703,18:48:00,0.0,0.0,0,216.0,0.4,86,25280,16129,30.8,22.0
Station_01,Inv_00,20170703,18:49:00,0.0,0.0,0,0.0,0.0,0,25280,16129,30.7,21.0
Station_01,Inv_00,20170703,18:50:00,0.0,0.0,0,0.0,0.0,0,25280,16129,30.6,20.0
Station_01,Inv_00,20170703,18:51:00,0.0,0.0,0,0.0,0.0,0,25280,16129,30.5,20.0
Station_01,Inv_00,20170703,18:52:00,0.0,0.0,0,0.0,0.0,0,25280,16129,30.4,19.0
Station_01,Inv_00,20170703,18:53:00,0.0,0.0,0,0.0,0.0,0,25280,16129,30.4,19.0
Station_01,Inv_00,20170703,18:54:00,0.0,0.0,0,0.0,0.0,0,25280,16129,30.2,18.0
Station_01,Inv_00,20170703,18:55:00,0.0,0.0,0,0.0,0.0,0,25280,16129,30.2,18.0
Station_01,Inv_00,20170703,18:56:00,0.0,0.0,0,0.0,0.0,0,25280,16129,30.1,18.0
Station_01,Inv_00,20170703,18:57:00,0.0,0.0,0,0.0,0.0,0,25280,16129,30.1,17.0
Station_01,Inv_00,20170703,18:58:00,0.0,0.0,0,0.0,0.0,0,25280,16129,30.1,18.0
Station_01,Inv_00,20170703,18:59:00,0.0,0.0,0,0.0,0.0,0,25280,16129,30.0,18.0
Station_01,Inv_00,20170703,19:00:00,0.0,0.0,0,0.0,0.0,0,25280,16129,30.0,17.0
Station_01,Inv_00,20170703,19:01:00,0.0,0.0,0,0.0,0.0,0,25280,16129,30.0,18.0
Station_01,Inv_00,20170703,19:02:00,0.0,0.0,0,0.0,0.0,0,25280,16129,30.0,17.0
Station_01,Inv_00,20170703,19:03:00,0.0,0.0,0,0.0,0.0,0,25280,16129,30.0,18.0
Station_01,Inv_00,20170703,19:04:00,0.0,0.0,0,0.0,0.0,0,25280,16129,30.1,18.0
Station_01,Inv_00,20170703,19:05:00,0.0,0.0,0,0.0,0.0,0,25280,16129,30.0,18.0
Station_01,Inv_00,20170703,19:06:00,0.0,0.0,0,0.0,0.0,0,25280,16129,30.0,18.0
Station_01,Inv_00,20170703,19:07:00,0.0,0.0,0,0.0,0.0,0,25280,16129,30.1,18.0
Station_01,Inv_00,20170703,19:08:00,0.0,0.0,0,0.0,0.0,0,25280,16129,30.0,18.0
Station_01,Inv_00,20170703,19:09:00,0.0,0.0,0,0.0,0.0,0,25280,16129,30.0,18.0
Station_01,Inv_00,20170703,19:10:00,0.0,0.0,0,0.0,0.0,0,25280,16129,30.0,17.0
Station_01,Inv_00,20170703,19:11:00,0.0,0.0,0,0.0,0.0,0,25280,16129,30.0,18.0
Station_01,Inv_00,20170703,19:12:00,0.0,0.0,0,0.0,0.0,0,25280,16129,29.9,17.0
Station_01,Inv_00,20170703,19:13:00,0.0,0.0,0,0.0,0.0,0,25280,16129,29.9,18.0
Station_01,Inv_00,20170703,19:14:00,0.0,0.0,0,0.0,0.0,0,25280,16129,29.8,17.0
Station_01,Inv_00,20170703,19:15:00,0.0,0.0,0,0.0,0.0,0,25280,16129,29.8,17.0
Station_01,Inv_00,20170703,19:16:00,0.0,0.0,0,0.0,0.0,0,25280,16129,29.8,17.0
Station_01,Inv_00,20170703,19:17:00,0.0,0.0,0,0.0,0.0,0,25280,16129,29.8,17.0
Station_01,Inv_00,20170703,19:18:00,0.0,0.0,0,0.0,0.0,0,25280,16129,29.8,17.0
Station_01,Inv_00,20170703,19:19:00,0.0,0.0,0,0.0,0.0,0,25280,16129,29.8,18.0
Station_01,Inv_00,20170703,19:20:00,0.0,0.0,0,0.0,0.0,0,25280,16129,29.7,17.0
Station_01,Inv_00,20170703,19:21:00,0.0,0.0,0,0.0,0.0,0,25280,16129,29.7,18.0
Station_01,Inv_00,20170703,19:22:00,0.0,0.0,0,0.0,0.0,0,25280,16129,29.7,18.0
Station_01,Inv_00,20170703,19:23:00,0.0,0.0,0,0.0,0.0,0,25280,16129,29.7,18.0
Station_01,Inv_00,20170703,19:24:00,0.0,0.0,0,0.0,0.0,0,25280,16129,29.6,18.0
Station_01,Inv_00,20170703,19:25:00,0.0,0.0,0,0.0,0.0,0,25280,16129,29.5,17.0
Station_01,Inv_00,20170703,19:26:00,0.0,0.0,0,0.0,0.0,0,25280,16129,29.5,19.0
Station_01,Inv_00,20170703,19:27:00,0.0,0.0,0,0.0,0.0,0,25280,16129,29.5,17.0
Station_01,Inv_00,20170703,19:28:00,0.0,0.0,0,0.0,0.0,0,25280,16129,29.4,18.0
Station_01,Inv_00,20170703,19:29:00,0.0,0.0,0,0.0,0.0,0,25280,16129,29.4,17.0
Station_01,Inv_00,20170703,19:30:00,0.0,0.0,0,0.0,0.0,0,25280,16129,29.3,19.0
Station_01,Inv_00,20170703,19:31:00,0.0,0.0,0,0.0,0.0,0,25280,16129,29.3,17.0
Station_01,Inv_00,20170703,19:32:00,0.0,0.0,0,0.0,0.0,0,25280,16129,29.3,17.0
Station_01,Inv_00,20170703,19:33:00,0.0,0.0,0,0.0,0.0,0,25280,16129,29.3,17.0
Station_01,Inv_00,20170703,19:34:00,0.0,0.0,0,0.0,0.0,0,25280,16129,29.2,19.0
Station_01,Inv_00,20170703,19:35:00,0.0,0.0,0,0.0,0.0,0,25280,16129,29.2,18.0
Station_01,Inv_00,20170703,19:36:00,0.0,0.0,0,0.0,0.0,0,25280,16129,29.1,17.0
Station_01,Inv_00,20170703,19:37:00,0.0,0.0,0,0.0,0.0,0,25280,16129,29.1,18.0
Station_01,Inv_00,20170703,19:38:00,0.0,0.0,0,0.0,0.0,0,25280,16129,29.0,19.0
Station_01,Inv_00,20170703,19:39:00,0.0,0.0,0,0.0,0.0,0,25280,16129,29.0,18.0
Station_01,Inv_00,20170703,19:40:00,0.0,0.0,0,0.0,0.0,0,25280,16129,29.0,20.0
Station_01,Inv_00,20170703,19:41:00,0.0,0.0,0,0.0,0.0,0,25280,16129,28.9,17.0
Station_01,Inv_00,20170703,19:42:00,0.0,0.0,0,0.0,0.0,0,25280,16129,28.9,18.0
Station_01,Inv_00,20170703,19:43:00,0.0,0.0,0,0.0,0.0,0,25280,16129,28.8,17.0
Station_01,Inv_00,20170703,19:44:00,0.0,0.0,0,0.0,0.0,0,25280,16129,28.8,18.0
Station_01,Inv_00,20170703,19:45:00,0.0,0.0,0,0.0,0.0,0,25280,16129,28.6,20.0
Station_01,Inv_00,20170703,19:46:00,0.0,0.0,0,0.0,0.0,0,25280,16129,28.2,20.0
Station_01,Inv_00,20170703,19:47:00,0.0,0.0,0,0.0,0.0,0,25280,16129,27.8,20.0
Station_01,Inv_00,20170703,19:48:00,0.0,0.0,0,0.0,0.0,0,25280,16129,27.5,18.0
Station_01,Inv_00,20170703,19:49:00,0.0,0.0,0,0.0,0.0,0,25280,16129,27.3,19.0
Station_01,Inv_00,20170703,19:50:00,0.0,0.0,0,0.0,0.0,0,25280,16129,27.2,16.0
Station_01,Inv_00,20170703,19:51:00,0.0,0.0,0,0.0,0.0,0,25280,16129,27.1,17.0
Station_01,Inv_00,20170703,19:52:00,0.0,0.0,0,0.0,0.0,0,25280,16129,27.1,19.0
Station_01,Inv_00,20170703,19:53:00,0.0,0.0,0,0.0,0.0,0,25280,16129,26.9,16.0
Station_01,Inv_00,20170703,19:54:00,0.0,0.0,0,0.0,0.0,0,25280,16129,26.9,17.0
Station_01,Inv_00,20170703,19:55:00,0.0,0.0,0,0.0,0.0,0,25280,16129,26.8,18.0
Station_01,Inv_00,20170703,19:56:00,0.0,0.0,0,0.0,0.0,0,25280,16129,26.8,22.0
Station_01,Inv_00,20170703,19:57:00,0.0,0.0,0,0.0,0.0,0,25280,16129,26.8,17.0
Station_01,Inv_00,20170703,19:58:00,0.0,0.0,0,0.0,0.0,0,25280,16129,26.9,17.0
Station_01,Inv_00,20170703,19:59:00,0.0,0.0,0,0.0,0.0,0,25280,16129,26.9,18.0
Station_01,Inv_00,20170703,20:00:00,0.0,0.0,0,0.0,0.0,0,25280,16129,26.9,18.0
