Station_01,Inv_00,20170725,05:00:00,0.0,0.0,0,221.0,0.3,66,25642,16360,25.1,19.0
Station_01,Inv_00,20170725,05:01:00,0.0,0.0,0,221.0,0.3,66,25642,16360,25.1,18.0
Station_01,Inv_00,20170725,05:02:00,0.0,0.0,0,221.0,0.3,66,25642,16360,25.1,18.0
Station_01,Inv_00,20170725,05:03:00,0.0,0.0,0,221.0,0.3,66,25642,16360,25.0,18.0
Station_01,Inv_00,20170725,05:04:00,0.0,0.0,0,221.0,0.3,66,25642,16360,25.0,18.0
Station_01,Inv_00,20170725,05:05:00,0.0,0.0,0,221.0,0.3,66,25642,16360,25.0,18.0
Station_01,Inv_00,20170725,05:06:00,0.0,0.0,0,221.0,0.3,66,25642,16360,25.0,18.0
Station_01,Inv_00,20170725,05:07:00,0.0,0.0,0,221.0,0.3,66,25642,16360,25.0,19.0
Station_01,Inv_00,20170725,05:08:00,0.0,0.0,0,221.0,0.3,66,25642,16360,25.0,19.0
Station_01,Inv_00,20170725,05:09:00,0.0,0.0,0,221.0,0.3,66,25642,16360,25.0,19.0
Station_01,Inv_00,20170725,05:10:00,0.0,0.0,0,221.0,0.3,66,25642,16360,24.9,19.0
Station_01,Inv_00,20170725,05:11:00,0.0,0.0,0,221.0,0.3,66,25642,16360,25.0,19.0
Station_01,Inv_00,20170725,05:12:00,0.0,0.0,0,221.0,0.3,66,25642,16360,25.0,19.0
Station_01,Inv_00,20170725,05:13:00,0.0,0.0,0,221.0,0.3,66,25642,16360,25.1,19.0
Station_01,Inv_00,20170725,05:14:00,0.0,0.0,0,221.0,0.3,66,25642,16360,25.1,19.0
Station_01,Inv_00,20170725,05:15:00,0.0,0.0,0,221.0,0.3,66,25642,16360,25.1,20.0
Station_01,Inv_00,20170725,05:16:00,0.0,0.0,0,221.0,0.3,66,25642,16360,25.2,20.0
Station_01,Inv_00,20170725,05:17:00,0.0,0.0,0,221.0,0.3,66,25642,16360,25.2,20.0
Station_01,Inv_00,20170725,05:18:00,0.0,0.0,0,221.0,0.3,66,25642,16360,25.3,20.0
Station_01,Inv_00,20170725,05:19:00,0.0,0.0,0,221.0,0.3,66,25642,16360,25.2,20.0
Station_01,Inv_00,20170725,05:20:00,0.0,0.0,0,221.0,0.3,66,25642,16360,25.3,20.0
Station_01,Inv_00,20170725,05:21:00,0.0,0.0,0,221.0,0.3,66,25642,16360,25.3,21.0
Station_01,Inv_00,20170725,05:22:00,0.0,0.0,0,221.0,0.3,66,25642,16360,25.3,21.0
Station_01,Inv_00,20170725,05:23:00,0.0,0.0,0,221.0,0.3,66,25642,16360,25.3,22.0
Station_01,Inv_00,20170725,05:24:00,0.0,0.0,0,221.0,0.3,66,25642,16360,25.3,22.0
Station_01,Inv_00,20170725,05:25:00,0.0,0.0,0,221.0,0.3,66,25642,16360,25.3,22.0
Station_01,Inv_00,20170725,05:26:00,0.0,0.0,0,221.0,0.3,66,25642,16360,25.3,23.0
Station_01,Inv_00,20170725,05:27:00,0.0,0.0,0,221.0,0.3,66,25642,16360,25.3,23.0
Station_01,Inv_00,20170725,05:28:00,0.0,0.0,0,221.0,0.3,66,25642,16360,25.4,24.0
Station_01,Inv_00,20170725,05:29:00,0.0,0.0,0,221.0,0.3,66,25642,16360,25.4,469.0
Station_01,Inv_00,20170725,05:30:00,0.0,0.0,0,221.0,0.3,66,25642,16360,25.5,25.0
Station_01,Inv_00,20170725,05:31:00,0.0,0.0,0,221.0,0.3,66,25642,16360,25.5,26.0
Station_01,Inv_00,20170725,05:32:00,0.0,0.0,0,221.0,0.3,66,25642,16360,25.5,26.0
Station_01,Inv_00,20170725,05:33:00,0.0,0.0,0,221.0,0.5,111,25642,16360,25.6,27.0
Station_01,Inv_00,20170725,05:34:00,0.0,0.0,0,221.0,0.5,111,25642,16360,25.6,28.0
Station_01,Inv_00,20170725,05:35:00,0.0,0.0,0,221.0,0.5,111,25642,16360,25.6,474.0
Station_01,Inv_00,20170725,05:36:00,0.0,0.0,0,221.0,0.5,111,25642,16360,25.8,477.0
Station_01,Inv_00,20170725,05:37:00,0.0,0.0,0,222.0,0.5,111,25642,16360,25.8,32.0
Station_01,Inv_00,20170725,05:38:00,0.0,0.0,0,217.0,0.5,109,25642,16360,25.8,33.0
Station_01,Inv_00,20170725,05:39:00,210.0,0.3,63,217.0,0.4,87,25642,16360,25.9,35.0
Station_01,Inv_00,20170725,05:40:00,204.0,0.3,61,217.0,0.4,87,25642,16360,25.8,37.0
Station_01,Inv_00,20170725,05:41:00,224.3,0.3,67,217.0,0.4,87,25642,16360,25.9,39.0
Station_01,Inv_00,20170725,05:42:00,203.0,0.3,61,217.0,0.4,87,25642,16360,25.9,40.0
Station_01,Inv_00,20170725,05:43:00,214.0,0.3,64,217.0,0.5,109,25642,16360,25.9,42.0
Station_01,Inv_00,20170725,05:44:00,213.5,0.4,85,219.0,0.5,110,25642,16360,25.9,44.0
Station_01,Inv_00,20170725,05:45:00,216.5,0.4,87,218.0,0.5,109,25642,16360,26.0,46.0
Station_01,Inv_00,20170725,05:46:00,216.5,0.4,87,218.0,0.5,109,25642,16360,26.0,48.0
Station_01,Inv_00,20170725,05:47:00,228.5,0.4,91,218.0,0.5,109,25642,16360,26.1,50.0
Station_01,Inv_00,20170725,05:48:00,226.0,0.3,68,218.0,0.5,109,25642,16360,26.1,52.0
Station_01,Inv_00,20170725,05:49:00,228.5,0.4,91,218.0,0.5,109,25642,16360,26.3,54.0
Station_01,Inv_00,20170725,05:50:00,226.0,0.4,90,218.0,0.6,131,25642,16360,26.3,55.0
Station_01,Inv_00,20170725,05:51:00,158.4,0.5,79,218.0,0.5,109,25642,16360,26.4,57.0
Station_01,Inv_00,20170725,05:52:00,198.8,0.5,99,218.0,0.5,109,25642,16360,26.5,58.0
Station_01,Inv_00,20170725,05:53:00,230.0,0.4,92,217.0,0.6,130,25642,16360,26.6,60.0
Station_01,Inv_00,20170725,05:54:00,187.0,0.6,112,217.0,0.6,130,25642,16360,26.6,62.0
Station_01,Inv_00,20170725,05:55:00,225.5,0.6,135,217.0,0.7,152,25642,16360,26.7,64.0
Station_01,Inv_00,20170725,05:56:00,232.0,0.6,139,217.0,0.7,152,25642,16360,26.9,65.0
Station_01,Inv_00,20170725,05:57:00,237.5,0.6,143,217.0,0.8,174,25642,16360,26.9,67.0
Station_01,Inv_00,20170725,05:58:00,229.1,0.7,160,217.0,0.8,174,25642,16360,27.1,69.0
Station_01,Inv_00,20170725,05:59:00,226.4,0.7,159,217.0,0.9,195,25642,16360,27.2,72.0
Station_01,Inv_00,20170725,06:00:00,231.7,0.7,162,217.0,0.9,195,25642,16360,27.3,74.0
Station_01,Inv_00,20170725,06:01:00,230.0,0.8,184,218.0,0.9,196,25642,16360,27.4,76.0
Station_01,Inv_00,20170725,06:02:00,234.7,0.7,164,218.0,1.0,218,25642,16360,27.5,78.0
Station_01,Inv_00,20170725,06:03:00,234.5,0.8,188,217.0,1.0,217,25642,16360,27.6,81.0
Station_01,Inv_00,20170725,06:04:00,215.4,0.9,194,216.0,1.0,216,25642,16360,27.7,83.0
Station_01,Inv_00,20170725,06:05:00,240.0,0.9,216,217.0,1.0,217,25642,16360,27.9,84.0
Station_01,Inv_00,20170725,06:06:00,231.1,0.9,208,217.0,1.0,217,25642,16360,28.0,87.0
Station_01,Inv_00,20170725,06:07:00,198.0,1.0,198,216.0,1.0,216,25642,16360,28.2,89.0
Station_01,Inv_00,20170725,06:08:00,241.4,0.9,217,216.0,1.1,238,25642,16360,28.3,92.0
Station_01,Inv_00,20170725,06:09:00,201.0,0.9,181,217.0,1.0,217,25642,16360,28.4,94.0
Station_01,Inv_00,20170725,06:10:00,229.0,1.0,229,217.0,1.1,239,25642,16360,28.6,97.0
Station_01,Inv_00,20170725,06:11:00,240.0,1.0,240,216.0,1.2,259,25642,16360,28.8,100.0
Station_01,Inv_00,20170725,06:12:00,230.5,1.1,254,218.0,1.2,262,25642,16360,29.0,104.0
Station_01,Inv_00,20170725,06:13:00,227.5,1.1,250,217.0,1.2,260,25642,16360,29.1,107.0
Station_01,Inv_00,20170725,06:14:00,228.0,1.2,274,216.0,1.2,259,25642,16360,29.3,109.0
Station_01,Inv_00,20170725,06:15:00,246.0,1.2,295,216.0,1.3,281,25642,16360,29.5,111.0
Station_01,Inv_00,20170725,06:16:00,245.5,1.2,295,216.0,1.4,302,25642,16360,29.6,113.0
Station_01,Inv_00,20170725,06:17:00,240.0,1.2,288,216.0,1.4,302,25642,16360,29.8,114.0
Station_01,Inv_00,20170725,06:18:00,242.6,1.3,315,216.0,1.4,302,25642,16360,30.0,116.0
Station_01,Inv_00,20170725,06:19:00,227.5,1.4,319,216.0,1.5,324,25642,16360,30.1,120.0
Station_01,Inv_00,20170725,06:20:00,244.0,1.4,342,216.0,1.5,324,25642,16360,30.3,125.0
Station_01,Inv_00,20170725,06:21:00,248.0,1.4,347,215.0,1.5,323,25642,16360,30.5,128.0
Station_01,Inv_00,20170725,06:22:00,239.9,1.5,360,217.0,1.5,326,25642,16360,30.6,131.0
Station_01,Inv_00,20170725,06:23:00,243.0,1.4,340,217.0,1.6,347,25642,16360,30.8,134.0
Station_01,Inv_00,20170725,06:24:00,240.5,1.4,337,217.0,1.6,347,25642,16360,30.9,135.0
Station_01,Inv_00,20170725,06:25:00,241.5,1.6,386,217.0,1.6,347,25642,16360,31.0,136.0
Station_01,Inv_00,20170725,06:26:00,243.0,1.6,389,216.0,1.6,346,25642,16360,31.2,137.0
Station_01,Inv_00,20170725,06:27:00,245.0,1.6,392,215.0,1.7,366,25642,16360,31.3,141.0
Station_01,Inv_00,20170725,06:28:00,237.5,1.7,404,216.0,1.7,367,25642,16360,31.5,145.0
Station_01,Inv_00,20170725,06:29:00,230.0,1.7,391,216.0,1.8,389,25642,16360,31.6,151.0
Station_01,Inv_00,20170725,06:30:00,240.0,1.8,432,216.0,1.9,410,25642,16360,31.8,154.0
Station_01,Inv_00,20170725,06:31:00,238.5,1.8,429,216.0,1.9,410,25642,16360,32.0,157.0
Station_01,Inv_00,20170725,06:32:00,242.9,1.9,462,215.0,2.0,430,25642,16360,32.3,159.0
Station_01,Inv_00,20170725,06:33:00,248.9,1.9,473,216.0,2.0,432,25642,16360,32.5,161.0
Station_01,Inv_00,20170725,06:34:00,242.9,1.9,462,216.0,2.0,432,25642,16360,32.6,161.0
Station_01,Inv_00,20170725,06:35:00,246.9,1.9,469,216.0,2.0,432,25642,16360,32.7,162.0
Station_01,Inv_00,20170725,06:36:00,243.0,2.0,486,216.0,2.0,432,25642,16360,32.9,164.0
Station_01,Inv_00,20170725,06:37:00,242.0,2.0,484,216.0,2.0,432,25642,16360,33.1,166.0
Station_01,Inv_00,20170725,06:38:00,230.5,2.0,461,216.0,2.0,432,25642,16360,33.2,169.0
Station_01,Inv_00,20170725,06:39:00,242.0,2.0,484,216.0,2.2,475,25642,16360,33.3,175.0
Station_01,Inv_00,20170725,06:40:00,236.0,2.2,519,217.0,2.2,477,25642,16360,33.5,178.0
Station_01,Inv_00,20170725,06:41:00,244.5,2.2,538,215.0,2.3,494,25642,16360,33.7,182.0
Station_01,Inv_00,20170725,06:42:00,246.5,2.2,542,216.0,2.4,518,25642,16360,33.9,184.0
Station_01,Inv_00,20170725,06:43:00,247.0,2.2,543,216.0,2.4,518,25642,16360,34.0,184.0
Station_01,Inv_00,20170725,06:44:00,245.5,2.2,540,215.0,2.4,516,25642,16360,34.2,184.0
Station_01,Inv_00,20170725,06:45:00,246.4,2.3,567,217.0,2.4,521,25642,16360,34.1,189.0
Station_01,Inv_00,20170725,06:46:00,246.5,2.2,542,217.0,2.5,543,25642,16360,34.5,192.0
Station_01,Inv_00,20170725,06:47:00,238.3,2.5,596,217.0,2.5,543,25642,16360,34.5,199.0
Station_01,Inv_00,20170725,06:48:00,244.9,2.6,637,217.0,2.7,586,25642,16360,34.8,207.0
Station_01,Inv_00,20170725,06:49:00,244.5,2.7,660,217.0,2.8,608,25642,16360,34.9,213.0
Station_01,Inv_00,20170725,06:50:00,250.0,2.7,675,216.0,2.9,626,25642,16360,35.1,219.0
Station_01,Inv_00,20170725,06:51:00,245.0,2.8,686,215.0,3.0,645,25642,16360,35.5,222.0
Station_01,Inv_00,20170725,06:52:00,245.5,2.8,687,216.0,3.1,670,25642,16360,35.7,224.0
Station_01,Inv_00,20170725,06:53:00,245.4,2.9,712,215.0,3.1,667,25642,16360,36.0,225.0
Station_01,Inv_00,20170725,06:54:00,246.0,2.7,664,215.0,3.1,667,25642,16360,36.3,225.0
Station_01,Inv_00,20170725,06:55:00,246.5,2.9,715,215.0,3.1,667,25642,16360,36.3,227.0
Station_01,Inv_00,20170725,06:56:00,227.0,3.0,681,215.0,3.0,645,25642,16360,36.2,229.0
Station_01,Inv_00,20170725,06:57:00,232.5,2.9,674,215.0,3.1,667,25642,16360,36.6,234.0
Station_01,Inv_00,20170725,06:58:00,236.5,3.1,733,216.0,3.1,670,25642,16360,36.5,239.0
Station_01,Inv_00,20170725,06:59:00,236.0,3.2,755,214.0,3.3,706,25642,16360,36.9,243.0
Station_01,Inv_00,20170725,07:00:00,238.0,3.3,785,216.0,3.4,734,25642,16360,37.0,247.0
Station_01,Inv_00,20170725,07:01:00,236.5,3.3,780,215.0,3.5,753,25642,16360,37.3,252.0
Station_01,Inv_00,20170725,07:02:00,238.5,3.5,835,215.0,3.6,774,25642,16360,37.4,258.0
Station_01,Inv_00,20170725,07:03:00,235.0,3.4,799,215.0,3.6,774,25642,16360,37.7,263.0
Station_01,Inv_00,20170725,07:04:00,241.0,3.6,868,215.0,3.7,796,25642,16360,38.2,268.0
Station_01,Inv_00,20170725,07:05:00,241.0,3.6,868,217.0,3.8,825,25642,16360,38.6,273.0
Station_01,Inv_00,20170725,07:06:00,242.0,3.6,871,217.0,3.9,846,25642,16360,38.8,278.0
Station_01,Inv_00,20170725,07:07:00,241.0,3.8,916,217.0,4.0,868,25642,16360,39.0,282.0
Station_01,Inv_00,20170725,07:08:00,244.5,3.7,905,217.0,4.0,868,25642,16360,39.1,285.0
Station_01,Inv_00,20170725,07:09:00,238.0,3.8,904,217.0,4.0,868,25642,16360,39.4,289.0
Station_01,Inv_00,20170725,07:10:00,239.5,3.9,934,216.0,4.1,886,25642,16360,39.0,294.0
Station_01,Inv_00,20170725,07:11:00,245.0,4.0,980,218.0,4.1,894,25642,16360,39.8,296.0
Station_01,Inv_00,20170725,07:12:00,242.0,4.1,992,219.0,4.1,898,25642,16360,40.2,298.0
Station_01,Inv_00,20170725,07:13:00,242.0,4.0,968,218.0,4.1,894,25642,16360,40.2,302.0
Station_01,Inv_00,20170725,07:14:00,242.5,4.2,1019,218.0,4.2,916,25642,16360,40.5,306.0
Station_01,Inv_00,20170725,07:15:00,240.5,4.1,986,219.0,4.3,942,25642,16360,40.9,308.0
Station_01,Inv_00,20170725,07:16:00,239.3,4.2,1005,219.0,4.3,942,25642,16360,41.0,312.0
Station_01,Inv_00,20170725,07:17:00,239.3,4.4,1053,219.0,4.4,964,25642,16360,41.0,316.0
Station_01,Inv_00,20170725,07:18:00,240.0,4.5,1080,219.0,4.5,986,25642,16360,41.3,321.0
Station_01,Inv_00,20170725,07:19:00,225.4,4.5,1015,219.0,4.4,964,25642,16360,41.2,326.0
Station_01,Inv_00,20170725,07:20:00,241.0,4.6,1109,220.0,4.6,1012,25642,16360,41.2,330.0
Station_01,Inv_00,20170725,07:21:00,241.5,4.5,1087,220.0,4.6,1012,25642,16360,41.2,332.0
Station_01,Inv_00,20170725,07:22:00,241.4,4.7,1135,219.0,4.7,1029,25642,16360,41.3,335.0
Station_01,Inv_00,20170725,07:23:00,240.0,4.6,1104,217.0,4.8,1042,25642,16360,41.3,337.0
Station_01,Inv_00,20170725,07:24:00,234.5,4.7,1102,217.0,4.8,1042,25642,16360,41.4,340.0
Station_01,Inv_00,20170725,07:25:00,232.9,4.9,1141,217.0,4.8,1042,25642,16360,41.9,342.0
Station_01,Inv_00,20170725,07:26:00,241.0,4.8,1157,217.0,5.0,1085,25642,16360,41.9,346.0
Station_01,Inv_00,20170725,07:27:00,240.5,4.8,1154,217.0,5.1,1107,25642,16360,42.4,349.0
Station_01,Inv_00,20170725,07:28:00,238.0,4.9,1166,217.0,5.1,1107,25642,16360,42.4,353.0
Station_01,Inv_00,20170725,07:29:00,242.0,4.9,1186,217.0,5.1,1107,25642,16360,42.3,356.0
Station_01,Inv_00,20170725,07:30:00,233.0,5.0,1165,217.0,5.1,1107,25642,16360,42.7,357.0
Station_01,Inv_00,20170725,07:31:00,241.0,5.0,1205,217.0,5.1,1107,25642,16360,43.1,359.0
Station_01,Inv_00,20170725,07:32:00,238.0,5.1,1214,217.0,5.2,1128,25643,16360,43.5,365.0
Station_01,Inv_00,20170725,07:33:00,239.5,5.1,1221,217.0,5.3,1150,25643,16360,43.5,368.0
Station_01,Inv_00,20170725,07:34:00,230.5,5.3,1222,217.0,5.3,1150,25643,16360,43.4,373.0
Station_01,Inv_00,20170725,07:35:00,231.0,5.5,1270,217.0,5.4,1172,25643,16360,44.4,379.0
Station_01,Inv_00,20170725,07:36:00,230.5,5.5,1268,216.0,5.5,1188,25643,16360,44.7,384.0
Station_01,Inv_00,20170725,07:37:00,230.0,5.6,1288,217.0,5.6,1215,25643,16360,44.5,389.0
Station_01,Inv_00,20170725,07:38:00,230.0,5.8,1334,217.0,5.6,1215,25643,16360,44.8,395.0
Station_01,Inv_00,20170725,07:39:00,230.5,5.7,1314,217.0,5.7,1237,25643,16360,45.5,398.0
Station_01,Inv_00,20170725,07:40:00,239.5,5.7,1365,217.0,5.9,1280,25643,16360,44.9,403.0
Station_01,Inv_00,20170725,07:41:00,234.0,5.9,1381,218.0,5.9,1286,25643,16360,44.6,408.0
Station_01,Inv_00,20170725,07:42:00,233.0,6.1,1421,219.0,6.0,1314,25643,16360,44.3,412.0
Station_01,Inv_00,20170725,07:43:00,235.5,6.1,1437,220.0,6.1,1342,25643,16360,45.4,416.0
Station_01,Inv_00,20170725,07:44:00,236.5,6.2,1466,221.0,6.2,1370,25643,16360,45.0,421.0
Station_01,Inv_00,20170725,07:45:00,235.5,6.1,1437,221.0,6.2,1370,25643,16360,45.6,426.0
Station_01,Inv_00,20170725,07:46:00,233.5,6.1,1424,221.0,6.2,1370,25643,16360,46.0,430.0
Station_01,Inv_00,20170725,07:47:00,233.5,6.3,1471,218.0,6.4,1395,25643,16360,46.8,433.0
Station_01,Inv_00,20170725,07:48:00,232.5,6.5,1511,218.0,6.4,1395,25643,16360,47.0,437.0
Station_01,Inv_00,20170725,07:49:00,227.0,6.5,1476,217.0,6.4,1389,25643,16360,47.1,441.0
Station_01,Inv_00,20170725,07:50:00,232.0,6.5,1508,218.0,6.6,1439,25643,16360,47.6,445.0
Station_01,Inv_00,20170725,07:51:00,232.5,6.7,1558,217.0,6.7,1454,25643,16360,47.6,449.0
Station_01,Inv_00,20170725,07:52:00,233.0,6.6,1538,218.0,6.7,1461,25643,16360,47.1,453.0
Station_01,Inv_00,20170725,07:53:00,234.9,6.6,1551,218.0,6.7,1461,25643,16360,48.0,456.0
Station_01,Inv_00,20170725,07:54:00,235.5,6.7,1578,218.0,6.8,1482,25643,16360,48.3,459.0
Station_01,Inv_00,20170725,07:55:00,236.4,6.8,1608,217.0,6.8,1476,25643,16360,48.8,463.0
Station_01,Inv_00,20170725,07:56:00,226.5,7.1,1608,218.0,6.8,1482,25643,16360,49.3,467.0
Station_01,Inv_00,20170725,07:57:00,229.0,7.1,1626,218.0,6.9,1504,25643,16360,49.4,470.0
Station_01,Inv_00,20170725,07:58:00,229.0,7.1,1626,218.0,7.0,1526,25643,16360,50.2,471.0
Station_01,Inv_00,20170725,07:59:00,230.9,7.2,1663,219.0,7.1,1555,25643,16360,49.7,477.0
Station_01,Inv_00,20170725,08:00:00,231.5,7.1,1644,218.0,7.2,1570,25643,16360,49.6,482.0
Station_01,Inv_00,20170725,08:01:00,232.5,7.1,1651,217.0,7.2,1562,25643,16360,50.5,484.0
Station_01,Inv_00,20170725,08:02:00,234.0,7.1,1661,217.0,7.2,1562,25643,16360,50.6,486.0
Station_01,Inv_00,20170725,08:03:00,226.0,7.4,1672,217.0,7.3,1584,25643,16360,51.1,491.0
Station_01,Inv_00,20170725,08:04:00,229.5,7.5,1721,217.0,7.3,1584,25643,16360,50.6,495.0
Station_01,Inv_00,20170725,08:05:00,228.0,7.4,1687,217.0,7.4,1606,25643,16360,50.0,498.0
Station_01,Inv_00,20170725,08:06:00,227.0,7.5,1702,218.0,7.4,1613,25643,16360,50.8,500.0
Station_01,Inv_00,20170725,08:07:00,229.5,7.6,1744,218.0,7.6,1657,25643,16360,50.7,508.0
Station_01,Inv_00,20170725,08:08:00,228.5,7.7,1759,218.0,7.7,1679,25643,16360,50.6,513.0
Station_01,Inv_00,20170725,08:09:00,225.5,7.8,1759,217.0,7.7,1671,25643,16360,50.9,516.0
Station_01,Inv_00,20170725,08:10:00,233.0,7.6,1771,218.0,7.6,1657,25643,16360,51.4,516.0
Station_01,Inv_00,20170725,08:11:00,229.9,7.8,1794,219.0,7.7,1686,25644,16361,51.2,523.0
Station_01,Inv_00,20170725,08:12:00,225.5,7.9,1781,217.0,7.8,1693,25644,16361,49.8,527.0
Station_01,Inv_00,20170725,08:13:00,228.9,8.0,1831,218.0,7.8,1700,25644,16361,50.9,528.0
Station_01,Inv_00,20170725,08:14:00,224.0,8.0,1792,218.0,7.8,1700,25644,16361,51.4,529.0
Station_01,Inv_00,20170725,08:15:00,228.5,7.9,1805,218.0,7.8,1700,25644,16361,50.4,529.0
Station_01,Inv_00,20170725,08:16:00,228.0,7.9,1801,218.0,7.9,1722,25644,16361,49.4,530.0
Station_01,Inv_00,20170725,08:17:00,229.5,7.8,1790,218.0,7.8,1700,25644,16361,50.8,526.0
Station_01,Inv_00,20170725,08:18:00,228.5,7.9,1805,217.0,7.7,1671,25644,16361,50.7,520.0
Station_01,Inv_00,20170725,08:19:00,227.0,7.9,1793,218.0,7.7,1679,25644,16361,51.2,523.0
Station_01,Inv_00,20170725,08:20:00,226.9,8.0,1816,218.0,7.9,1722,25644,16361,50.7,531.0
Station_01,Inv_00,20170725,08:21:00,224.0,8.2,1836,219.0,7.9,1730,25644,16361,50.9,535.0
Station_01,Inv_00,20170725,08:22:00,220.0,8.4,1848,218.0,8.0,1744,25644,16361,51.4,542.0
Station_01,Inv_00,20170725,08:23:00,224.0,8.5,1904,217.0,8.2,1779,25644,16361,51.6,553.0
Station_01,Inv_00,20170725,08:24:00,231.5,8.3,1921,217.0,8.4,1823,25644,16361,50.9,558.0
Station_01,Inv_00,20170725,08:25:00,229.0,8.5,1946,217.0,8.5,1845,25644,16361,50.9,563.0
Station_01,Inv_00,20170725,08:26:00,230.9,8.4,1940,217.0,8.5,1845,25644,16361,50.7,566.0
Station_01,Inv_00,20170725,08:27:00,230.4,8.6,1982,217.0,8.7,1888,25644,16361,51.4,574.0
Station_01,Inv_00,20170725,08:28:00,229.0,8.9,2038,217.0,8.8,1910,25644,16361,51.5,583.0
Station_01,Inv_00,20170725,08:29:00,228.0,8.9,2029,217.0,8.8,1910,25644,16361,52.2,586.0
Station_01,Inv_00,20170725,08:30:00,226.5,8.7,1971,220.0,8.5,1870,25644,16361,52.9,571.0
Station_01,Inv_00,20170725,08:31:00,226.4,9.0,2038,219.0,8.7,1905,25644,16361,53.3,584.0
Station_01,Inv_00,20170725,08:32:00,226.0,9.0,2034,219.0,8.8,1927,25644,16361,53.8,588.0
Station_01,Inv_00,20170725,08:33:00,226.5,9.0,2039,220.0,8.7,1914,25644,16361,53.3,588.0
Station_01,Inv_00,20170725,08:34:00,226.5,9.1,2061,220.0,8.9,1958,25644,16361,54.9,590.0
Station_01,Inv_00,20170725,08:35:00,227.0,9.3,2111,220.0,9.1,2002,25644,16361,54.4,610.0
Station_01,Inv_00,20170725,08:36:00,226.0,9.3,2102,219.0,9.2,2015,25644,16361,55.3,612.0
Station_01,Inv_00,20170725,08:37:00,225.5,9.5,2142,220.0,9.2,2024,25644,16361,54.6,612.0
Station_01,Inv_00,20170725,08:38:00,225.5,9.5,2142,219.0,9.2,2015,25644,16361,55.4,614.0
Station_01,Inv_00,20170725,08:39:00,224.5,9.5,2133,220.0,9.1,2002,25644,16361,55.1,618.0
Station_01,Inv_00,20170725,08:40:00,222.5,9.5,2114,220.0,9.1,2002,25644,16361,54.9,611.0
Station_01,Inv_00,20170725,08:41:00,225.5,9.4,2120,220.0,9.1,2002,25644,16361,55.0,614.0
Station_01,Inv_00,20170725,08:42:00,220.0,9.5,2090,220.0,9.0,1980,25645,16362,55.9,608.0
Station_01,Inv_00,20170725,08:43:00,224.0,9.6,2150,220.0,9.3,2046,25645,16362,56.1,614.0
Station_01,Inv_00,20170725,08:44:00,221.5,9.9,2193,220.0,9.3,2046,25645,16362,56.2,627.0
Station_01,Inv_00,20170725,08:45:00,224.0,9.8,2195,219.0,9.5,2081,25645,16362,55.3,637.0
Station_01,Inv_00,20170725,08:46:00,225.0,9.6,2160,220.0,9.3,2046,25645,16362,57.0,640.0
Station_01,Inv_00,20170725,08:47:00,222.5,9.9,2203,220.0,9.4,2068,25645,16362,56.0,626.0
Station_01,Inv_00,20170725,08:48:00,221.5,9.9,2193,221.0,9.4,2077,25645,16362,56.5,636.0
Station_01,Inv_00,20170725,08:49:00,223.5,10.1,2257,220.0,9.6,2112,25645,16362,56.8,641.0
Station_01,Inv_00,20170725,08:50:00,222.5,10.3,2292,220.0,9.8,2156,25645,16362,55.2,660.0
Station_01,Inv_00,20170725,08:51:00,222.0,10.3,2287,220.0,9.8,2156,25645,16362,53.4,659.0
Station_01,Inv_00,20170725,08:52:00,224.5,10.2,2290,220.0,9.8,2156,25645,16362,54.9,657.0
Station_01,Inv_00,20170725,08:53:00,227.5,9.7,2207,219.0,9.6,2102,25645,16362,54.5,647.0
Station_01,Inv_00,20170725,08:54:00,222.9,9.8,2185,219.0,9.4,2059,25645,16362,55.6,631.0
Station_01,Inv_00,20170725,08:55:00,225.0,9.6,2160,219.0,9.3,2037,25645,16362,55.4,621.0
Station_01,Inv_00,20170725,08:56:00,223.5,10.3,2302,219.0,10.0,2190,25645,16362,55.6,653.0
Station_01,Inv_00,20170725,08:57:00,221.0,10.7,2365,218.0,10.2,2224,25645,16362,56.1,673.0
Station_01,Inv_00,20170725,08:58:00,218.0,10.7,2332,219.0,10.1,2212,25645,16362,56.6,673.0
Station_01,Inv_00,20170725,08:59:00,222.5,10.7,2381,219.0,10.3,2256,25645,16362,57.1,678.0
Station_01,Inv_00,20170725,09:00:00,224.0,10.4,2329,218.0,10.2,2224,25645,16362,57.7,673.0
Station_01,Inv_00,20170725,09:01:00,224.5,10.3,2312,220.0,9.9,2178,25645,16362,58.3,665.0
Station_01,Inv_00,20170725,09:02:00,216.0,10.1,2181,219.0,9.4,2059,25645,16362,58.8,659.0
Station_01,Inv_00,20170725,09:03:00,218.3,8.5,1855,218.0,8.1,1766,25645,16362,57.2,565.0
Station_01,Inv_00,20170725,09:04:00,217.8,8.7,1895,218.0,8.4,1831,25645,16362,57.4,599.0
Station_01,Inv_00,20170725,09:05:00,221.9,10.5,2330,219.0,10.0,2190,25645,16362,55.9,586.0
Station_01,Inv_00,20170725,09:06:00,220.0,10.9,2398,219.0,10.3,2256,25645,16362,57.4,674.0
Station_01,Inv_00,20170725,09:07:00,219.0,11.1,2431,219.0,10.5,2300,25645,16362,58.3,691.0
Station_01,Inv_00,20170725,09:08:00,219.0,11.2,2453,219.0,10.6,2321,25645,16362,56.7,701.0
Station_01,Inv_00,20170725,09:09:00,223.5,11.0,2458,219.0,10.6,2321,25646,16362,58.2,702.0
Station_01,Inv_00,20170725,09:10:00,222.0,11.0,2442,219.0,10.6,2321,25646,16362,57.8,703.0
Station_01,Inv_00,20170725,09:11:00,222.5,10.9,2425,219.0,10.4,2278,25646,16362,57.7,703.0
Station_01,Inv_00,20170725,09:12:00,221.5,10.7,2370,220.0,10.2,2244,25646,16362,58.6,689.0
Station_01,Inv_00,20170725,09:13:00,217.5,11.1,2414,220.0,10.3,2266,25646,16362,58.5,688.0
Station_01,Inv_00,20170725,09:14:00,223.0,10.9,2431,220.0,10.5,2310,25646,16362,59.2,699.0
Station_01,Inv_00,20170725,09:15:00,222.0,11.2,2486,218.0,10.7,2333,25646,16362,59.5,708.0
Station_01,Inv_00,20170725,09:16:00,221.0,11.3,2497,218.0,10.8,2354,25646,16362,60.1,724.0
Station_01,Inv_00,20170725,09:17:00,219.5,11.6,2546,219.0,10.8,2365,25646,16362,60.4,729.0
Station_01,Inv_00,20170725,09:18:00,219.0,11.6,2540,219.0,10.9,2387,25646,16362,61.0,735.0
Station_01,Inv_00,20170725,09:19:00,213.5,11.8,2519,219.0,10.8,2365,25646,16362,61.7,732.0
Station_01,Inv_00,20170725,09:20:00,218.0,11.7,2551,219.0,11.0,2409,25646,16362,61.1,742.0
Station_01,Inv_00,20170725,09:21:00,215.0,11.9,2558,219.0,11.0,2409,25646,16362,61.4,751.0
Station_01,Inv_00,20170725,09:22:00,217.5,11.7,2545,219.0,11.0,2409,25646,16362,61.6,745.0
Station_01,Inv_00,20170725,09:23:00,216.5,11.8,2554,220.0,10.9,2398,25646,16362,61.7,740.0
Station_01,Inv_00,20170725,09:24:00,218.0,11.7,2551,220.0,10.9,2398,25646,16362,61.0,732.0
Station_01,Inv_00,20170725,09:25:00,215.0,11.7,2515,219.0,10.8,2365,25646,16362,61.6,725.0
Station_01,Inv_00,20170725,09:26:00,217.5,11.7,2545,219.0,10.9,2387,25646,16362,61.8,733.0
Station_01,Inv_00,20170725,09:27:00,218.4,11.5,2512,219.0,10.9,2387,25646,16362,60.9,734.0
Station_01,Inv_00,20170725,09:28:00,218.0,11.7,2551,219.0,11.0,2409,25646,16362,61.3,733.0
Station_01,Inv_00,20170725,09:29:00,219.0,11.8,2584,219.0,11.1,2431,25646,16362,60.4,754.0
Station_01,Inv_00,20170725,09:30:00,217.0,11.9,2582,218.0,11.2,2442,25646,16362,60.6,764.0
Station_01,Inv_00,20170725,09:31:00,217.5,11.9,2588,219.0,11.1,2431,25646,16362,62.1,757.0
Station_01,Inv_00,20170725,09:32:00,215.5,11.9,2564,219.0,11.0,2409,25646,16362,61.7,757.0
Station_01,Inv_00,20170725,09:33:00,216.0,11.8,2549,219.0,11.0,2409,25647,16363,62.7,750.0
Station_01,Inv_00,20170725,09:34:00,215.0,12.1,2601,219.0,11.2,2453,25647,16363,63.5,754.0
Station_01,Inv_00,20170725,09:35:00,213.5,12.2,2605,219.0,11.2,2453,25647,16363,62.4,769.0
Station_01,Inv_00,20170725,09:36:00,213.5,12.3,2626,219.0,11.3,2475,25647,16363,63.7,773.0
Station_01,Inv_00,20170725,09:37:00,216.5,12.2,2641,219.0,11.3,2475,25647,16363,64.0,777.0
Station_01,Inv_00,20170725,09:38:00,214.0,12.4,2653,219.0,11.5,2519,25647,16363,64.1,790.0
Station_01,Inv_00,20170725,09:39:00,210.0,12.9,2709,219.0,11.6,2540,25647,16363,63.8,796.0
Station_01,Inv_00,20170725,09:40:00,210.0,13.0,2730,219.0,11.7,2562,25647,16363,64.3,807.0
Station_01,Inv_00,20170725,09:41:00,214.0,12.8,2739,219.0,11.8,2584,25647,16363,64.7,810.0
Station_01,Inv_00,20170725,09:42:00,214.0,13.0,2782,219.0,11.9,2606,25647,16363,63.3,819.0
Station_01,Inv_00,20170725,09:43:00,211.0,13.2,2785,219.0,11.9,2606,25647,16363,62.3,825.0
Station_01,Inv_00,20170725,09:44:00,212.5,13.0,2762,220.0,11.8,2596,25647,16363,61.9,815.0
Station_01,Inv_00,20170725,09:45:00,212.5,13.1,2784,220.0,11.8,2596,25647,16363,63.0,807.0
Station_01,Inv_00,20170725,09:46:00,212.5,13.1,2784,220.0,11.9,2618,25647,16363,63.4,812.0
Station_01,Inv_00,20170725,09:47:00,213.0,13.0,2769,220.0,11.9,2618,25647,16363,63.6,820.0
Station_01,Inv_00,20170725,09:48:00,214.5,12.9,2767,220.0,11.8,2596,25647,16363,65.0,823.0
Station_01,Inv_00,20170725,09:49:00,213.0,13.0,2769,220.0,11.8,2596,25647,16363,65.4,823.0
Station_01,Inv_00,20170725,09:50:00,210.5,13.2,2778,220.0,11.8,2596,25647,16363,63.2,825.0
Station_01,Inv_00,20170725,09:51:00,212.5,13.1,2784,220.0,11.9,2618,25647,16363,63.3,831.0
Station_01,Inv_00,20170725,09:52:00,207.5,13.1,2718,220.0,11.7,2574,25647,16363,64.5,812.0
Station_01,Inv_00,20170725,09:53:00,203.5,13.5,2747,220.0,11.7,2574,25647,16363,64.1,813.0
Station_01,Inv_00,20170725,09:54:00,210.0,13.2,2772,220.0,11.8,2596,25647,16363,64.8,826.0
Station_01,Inv_00,20170725,09:55:00,211.5,13.2,2792,220.0,11.9,2618,25648,16363,63.5,839.0
Station_01,Inv_00,20170725,09:56:00,203.0,13.9,2822,220.0,12.0,2640,25648,16363,65.2,851.0
Station_01,Inv_00,20170725,09:57:00,210.5,13.7,2884,220.0,12.2,2684,25648,16363,64.2,854.0
Station_01,Inv_00,20170725,09:58:00,209.4,13.7,2869,220.0,12.3,2706,25648,16363,65.1,854.0
Station_01,Inv_00,20170725,09:59:00,210.0,13.7,2877,220.0,12.4,2728,25648,16363,64.5,867.0
Station_01,Inv_00,20170725,10:00:00,207.0,14.1,2919,220.0,12.4,2728,25648,16363,65.6,876.0
Station_01,Inv_00,20170725,10:01:00,210.5,13.7,2884,220.0,12.4,2728,25648,16363,65.7,863.0
Station_01,Inv_00,20170725,10:02:00,208.0,14.1,2933,220.0,12.6,2772,25648,16363,63.3,864.0
Station_01,Inv_00,20170725,10:03:00,212.5,13.9,2954,217.0,12.7,2756,25648,16363,65.7,871.0
Station_01,Inv_00,20170725,10:04:00,206.5,14.1,2912,217.0,12.6,2734,25648,16363,65.7,860.0
Station_01,Inv_00,20170725,10:05:00,209.0,13.9,2905,218.0,12.6,2747,25648,16363,66.9,859.0
Station_01,Inv_00,20170725,10:06:00,210.0,14.1,2961,217.0,12.8,2778,25648,16363,65.2,869.0
Station_01,Inv_00,20170725,10:07:00,202.5,14.5,2936,217.0,12.7,2756,25648,16363,65.4,868.0
Station_01,Inv_00,20170725,10:08:00,209.5,14.3,2996,217.0,12.9,2799,25648,16363,65.0,874.0
Station_01,Inv_00,20170725,10:09:00,210.0,14.4,3024,217.0,13.1,2843,25648,16363,66.2,883.0
Station_01,Inv_00,20170725,10:10:00,203.0,15.0,3045,217.0,13.1,2843,25648,16363,67.4,898.0
Station_01,Inv_00,20170725,10:11:00,203.5,14.7,2991,217.0,12.9,2799,25648,16363,68.0,884.0
Station_01,Inv_00,20170725,10:12:00,209.0,14.2,2968,217.0,12.9,2799,25648,16363,67.5,896.0
Station_01,Inv_00,20170725,10:13:00,206.5,14.3,2953,217.0,12.9,2799,25648,16363,66.6,887.0
Station_01,Inv_00,20170725,10:14:00,210.0,14.2,2982,217.0,12.9,2799,25648,16363,67.7,902.0
Station_01,Inv_00,20170725,10:15:00,207.0,14.6,3022,217.0,13.1,2843,25649,16364,64.8,896.0
Station_01,Inv_00,20170725,10:16:00,204.5,14.8,3026,217.0,13.2,2864,25649,16364,66.9,895.0
Station_01,Inv_00,20170725,10:17:00,208.4,14.5,3023,216.0,13.1,2830,25649,16364,67.7,894.0
Station_01,Inv_00,20170725,10:18:00,204.0,14.8,3019,216.0,13.1,2830,25649,16364,68.0,894.0
Station_01,Inv_00,20170725,10:19:00,204.0,14.7,2999,216.0,13.1,2830,25649,16364,68.0,889.0
Station_01,Inv_00,20170725,10:20:00,207.0,14.3,2960,216.0,12.9,2786,25649,16364,67.4,889.0
Station_01,Inv_00,20170725,10:21:00,208.0,14.3,2974,219.0,12.7,2781,25649,16364,66.0,893.0
Station_01,Inv_00,20170725,10:22:00,208.5,14.4,3002,219.0,12.9,2825,25649,16364,68.0,923.0
Station_01,Inv_00,20170725,10:23:00,207.5,14.2,2946,219.0,12.7,2781,25649,16364,69.2,920.0
Station_01,Inv_00,20170725,10:24:00,207.5,14.3,2967,219.0,12.8,2803,25649,16364,69.4,912.0
Station_01,Inv_00,20170725,10:25:00,205.0,14.8,3034,218.0,13.0,2834,25649,16364,70.2,922.0
Station_01,Inv_00,20170725,10:26:00,204.0,15.4,3141,219.0,13.4,2935,25649,16364,70.9,943.0
Station_01,Inv_00,20170725,10:27:00,200.5,15.9,3188,219.0,13.6,2978,25649,16364,69.9,979.0
Station_01,Inv_00,20170725,10:28:00,206.0,15.5,3193,219.0,13.7,3000,25649,16364,72.0,982.0
Station_01,Inv_00,20170725,10:29:00,203.5,15.6,3174,219.0,13.5,2957,25649,16364,72.1,967.0
Station_01,Inv_00,20170725,10:30:00,197.0,9.7,1911,218.0,8.2,1788,25649,16364,71.4,756.0
Station_01,Inv_00,20170725,10:31:00,209.8,5.9,1238,218.0,5.4,1177,25649,16364,68.3,375.0
Station_01,Inv_00,20170725,10:32:00,209.0,7.9,1651,217.0,7.2,1562,25649,16364,65.5,523.0
Station_01,Inv_00,20170725,10:33:00,198.0,14.9,2950,218.0,12.6,2747,25649,16364,67.1,858.0
Station_01,Inv_00,20170725,10:34:00,209.0,14.8,3093,219.0,13.4,2935,25649,16364,67.8,921.0
Station_01,Inv_00,20170725,10:35:00,203.5,15.7,3195,219.0,13.6,2978,25649,16364,68.4,936.0
Station_01,Inv_00,20170725,10:36:00,206.5,15.5,3201,219.0,13.7,3000,25650,16365,68.2,953.0
Station_01,Inv_00,20170725,10:37:00,204.5,15.7,3211,219.0,13.7,3000,25650,16365,70.1,948.0
Station_01,Inv_00,20170725,10:38:00,205.5,15.5,3185,219.0,13.6,2978,25650,16365,70.9,941.0
Station_01,Inv_00,20170725,10:39:00,207.0,15.1,3126,219.0,13.4,2935,25650,16365,69.3,929.0
Station_01,Inv_00,20170725,10:40:00,206.5,15.1,3118,219.0,13.4,2935,25650,16365,69.2,927.0
Station_01,Inv_00,20170725,10:41:00,203.5,15.2,3093,219.0,13.2,2891,25650,16365,69.5,913.0
Station_01,Inv_00,20170725,10:42:00,197.0,14.9,2935,219.0,12.5,2738,25650,16365,68.0,862.0
Station_01,Inv_00,20170725,10:43:00,203.0,14.9,3025,219.0,13.0,2847,25650,16365,70.9,916.0
Station_01,Inv_00,20170725,10:44:00,209.5,4.9,1027,218.0,4.4,959,25650,16365,64.0,340.0
Station_01,Inv_00,20170725,10:45:00,213.9,4.8,1027,218.0,4.4,959,25650,16365,61.4,308.0
Station_01,Inv_00,20170725,10:46:00,221.0,5.0,1105,218.0,4.6,1003,25650,16365,60.4,314.0
Station_01,Inv_00,20170725,10:47:00,212.5,6.3,1339,218.0,5.9,1286,25650,16365,60.3,425.0
Station_01,Inv_00,20170725,10:48:00,213.5,13.3,2840,219.0,12.1,2650,25650,16365,60.7,670.0
Station_01,Inv_00,20170725,10:49:00,209.0,15.5,3239,219.0,13.8,3022,25650,16365,63.1,931.0
Station_01,Inv_00,20170725,10:50:00,202.5,16.2,3280,219.0,13.9,3044,25650,16365,63.0,954.0
Station_01,Inv_00,20170725,10:51:00,209.0,15.7,3281,219.0,14.0,3066,25650,16365,63.2,957.0
Station_01,Inv_00,20170725,10:52:00,209.0,15.7,3281,218.0,14.0,3052,25650,16365,65.9,955.0
Station_01,Inv_00,20170725,10:53:00,208.0,15.7,3266,219.0,14.0,3066,25650,16365,67.5,964.0
Station_01,Inv_00,20170725,10:54:00,204.5,16.2,3313,219.0,14.1,3088,25650,16365,65.6,965.0
Station_01,Inv_00,20170725,10:55:00,204.5,16.2,3313,219.0,14.2,3110,25650,16365,67.7,956.0
Station_01,Inv_00,20170725,10:56:00,205.5,16.2,3329,219.0,14.3,3132,25650,16365,67.8,977.0
Station_01,Inv_00,20170725,10:57:00,204.5,16.2,3313,219.0,14.2,3110,25650,16365,69.6,999.0
Station_01,Inv_00,20170725,10:58:00,204.5,16.0,3272,219.0,14.0,3066,25651,16365,70.8,983.0
Station_01,Inv_00,20170725,10:59:00,201.5,16.5,3324,219.0,14.1,3088,25651,16365,70.1,988.0
Station_01,Inv_00,20170725,11:00:00,201.5,16.6,3345,219.0,14.3,3132,25651,16365,72.5,994.0
Station_01,Inv_00,20170725,11:01:00,198.0,16.6,3287,219.0,14.0,3066,25651,16365,72.0,997.0
Station_01,Inv_00,20170725,11:02:00,206.0,9.6,1978,219.0,8.6,1883,25651,16365,71.8,737.0
Station_01,Inv_00,20170725,11:03:00,214.5,5.4,1158,218.0,5.1,1112,25651,16365,68.3,379.0
Station_01,Inv_00,20170725,11:04:00,209.0,5.7,1191,217.0,5.1,1107,25651,16365,66.1,356.0
Station_01,Inv_00,20170725,11:05:00,204.0,6.9,1407,218.0,6.2,1352,25651,16365,65.2,453.0
Station_01,Inv_00,20170725,11:06:00,204.1,8.0,1633,218.0,6.7,1461,25651,16365,63.6,480.0
Station_01,Inv_00,20170725,11:07:00,208.5,12.6,2627,218.0,11.2,2442,25651,16365,61.8,711.0
Station_01,Inv_00,20170725,11:08:00,207.5,7.7,1598,218.0,7.0,1526,25651,16365,61.9,575.0
Station_01,Inv_00,20170725,11:09:00,220.5,6.4,1411,218.0,6.0,1308,25651,16365,60.9,420.0
Station_01,Inv_00,20170725,11:10:00,213.0,6.2,1321,217.0,5.6,1215,25651,16365,58.9,397.0
Station_01,Inv_00,20170725,11:11:00,219.5,5.7,1251,217.0,5.3,1150,25651,16365,57.6,360.0
Station_01,Inv_00,20170725,11:12:00,200.8,5.5,1105,218.0,4.7,1025,25651,16365,55.9,415.0
Station_01,Inv_00,20170725,11:13:00,219.5,5.2,1141,217.0,4.9,1063,25651,16365,54.8,343.0
Station_01,Inv_00,20170725,11:14:00,227.5,5.0,1138,218.0,4.8,1046,25651,16365,53.9,327.0
Station_01,Inv_00,20170725,11:15:00,227.0,4.9,1112,217.0,4.7,1020,25651,16365,52.1,324.0
Station_01,Inv_00,20170725,11:16:00,221.5,6.4,1418,217.0,6.0,1302,25651,16365,51.2,389.0
Station_01,Inv_00,20170725,11:17:00,224.0,15.4,3449,219.0,14.8,3241,25651,16365,54.6,903.0
Station_01,Inv_00,20170725,11:18:00,217.0,15.9,3450,219.0,14.8,3241,25651,16365,57.4,996.0
Station_01,Inv_00,20170725,11:19:00,211.5,16.1,3405,219.0,14.5,3176,25651,16365,60.1,985.0
Station_01,Inv_00,20170725,11:20:00,211.0,16.3,3439,219.0,14.7,3219,25651,16365,63.1,1008.0
Station_01,Inv_00,20170725,11:21:00,208.0,16.1,3349,219.0,14.4,3154,25651,16365,63.7,991.0
Station_01,Inv_00,20170725,11:22:00,208.0,15.7,3266,218.0,14.0,3052,25651,16365,64.7,982.0
Station_01,Inv_00,20170725,11:23:00,207.0,15.3,3167,219.0,13.6,2978,25651,16365,67.1,965.0
Station_01,Inv_00,20170725,11:24:00,207.5,15.0,3112,218.0,13.3,2899,25652,16366,67.7,943.0
Station_01,Inv_00,20170725,11:25:00,206.0,14.9,3069,219.0,13.2,2891,25652,16366,67.7,941.0
Station_01,Inv_00,20170725,11:26:00,206.5,15.3,3159,219.0,13.5,2957,25652,16366,68.7,949.0
Station_01,Inv_00,20170725,11:27:00,206.0,16.0,3296,219.0,14.1,3088,25652,16366,69.4,996.0
Station_01,Inv_00,20170725,11:28:00,205.5,15.9,3267,219.0,14.0,3066,25652,16366,70.1,994.0
Station_01,Inv_00,20170725,11:29:00,206.5,15.4,3180,219.0,13.7,3000,25652,16366,69.8,970.0
Station_01,Inv_00,20170725,11:30:00,205.5,15.5,3185,219.0,13.7,3000,25652,16366,70.3,964.0
Station_01,Inv_00,20170725,11:31:00,204.0,16.0,3264,219.0,13.9,3044,25652,16366,71.9,984.0
Station_01,Inv_00,20170725,11:32:00,203.0,16.2,3288,218.0,14.0,3052,25652,16366,72.7,997.0
Station_01,Inv_00,20170725,11:33:00,199.5,16.6,3311,219.0,14.2,3110,25652,16366,72.3,1016.0
Station_01,Inv_00,20170725,11:34:00,205.0,16.1,3301,219.0,14.1,3088,25652,16366,73.4,1015.0
Station_01,Inv_00,20170725,11:35:00,197.0,16.8,3309,219.0,14.1,3088,25652,16366,73.0,1013.0
Station_01,Inv_00,20170725,11:36:00,199.0,16.7,3323,218.0,14.2,3096,25652,16366,73.9,1019.0
Station_01,Inv_00,20170725,11:37:00,202.5,16.3,3300,218.0,14.1,3074,25652,16366,73.3,1012.0
Station_01,Inv_00,20170725,11:38:00,190.0,17.0,3230,218.0,13.9,3030,25652,16366,72.4,994.0
Station_01,Inv_00,20170725,11:39:00,196.9,16.7,3289,219.0,14.1,3088,25652,16366,73.2,1001.0
Station_01,Inv_00,20170725,11:40:00,202.0,16.4,3312,219.0,14.1,3088,25652,16366,74.1,1009.0
Station_01,Inv_00,20170725,11:41:00,201.5,16.5,3325,219.0,14.2,3110,25652,16366,74.9,1016.0
Station_01,Inv_00,20170725,11:42:00,197.0,16.9,3329,219.0,14.1,3088,25652,16366,73.6,1019.0
Station_01,Inv_00,20170725,11:43:00,196.0,16.9,3312,219.0,14.0,3066,25653,16367,74.9,1013.0
Station_01,Inv_00,20170725,11:44:00,197.0,16.8,3309,219.0,14.1,3088,25653,16367,74.9,1008.0
Station_01,Inv_00,20170725,11:45:00,197.5,16.5,3259,219.0,13.9,3044,25653,16367,73.0,992.0
Station_01,Inv_00,20170725,11:46:00,196.0,16.0,3136,219.0,13.4,2935,25653,16367,74.7,956.0
Station_01,Inv_00,20170725,11:47:00,200.0,15.5,3100,219.0,13.2,2891,25653,16367,74.7,948.0
Station_01,Inv_00,20170725,11:48:00,201.0,14.5,2914,218.0,12.4,2703,25653,16367,75.0,902.0
Station_01,Inv_00,20170725,11:49:00,198.4,6.2,1230,218.0,5.2,1134,25653,16367,71.9,452.0
Station_01,Inv_00,20170725,11:50:00,211.0,5.5,1161,218.0,5.0,1090,25653,16367,69.0,344.0
Station_01,Inv_00,20170725,11:51:00,206.8,5.8,1200,218.0,5.1,1112,25653,16367,64.9,350.0
Station_01,Inv_00,20170725,11:52:00,215.0,5.6,1204,218.0,5.1,1112,25653,16367,61.6,346.0
Station_01,Inv_00,20170725,11:53:00,219.0,5.4,1182,218.0,5.1,1112,25653,16367,59.2,340.0
Station_01,Inv_00,20170725,11:54:00,222.5,5.2,1157,219.0,4.9,1073,25653,16367,58.4,330.0
Station_01,Inv_00,20170725,11:55:00,221.9,5.2,1154,217.0,4.9,1063,25653,16367,56.8,326.0
Station_01,Inv_00,20170725,11:56:00,222.5,5.3,1179,216.0,5.0,1080,25653,16367,55.9,328.0
Station_01,Inv_00,20170725,11:57:00,217.5,5.6,1218,216.0,5.2,1123,25653,16367,54.6,345.0
Station_01,Inv_00,20170725,11:58:00,216.5,8.6,1862,217.0,8.2,1779,25653,16367,54.5,538.0
Station_01,Inv_00,20170725,11:59:00,221.4,13.3,2945,218.0,12.7,2769,25653,16367,56.5,719.0
Station_01,Inv_00,20170725,12:00:00,210.0,16.7,3507,219.0,14.9,3263,25653,16367,60.3,980.0
Station_01,Inv_00,20170725,12:01:00,212.5,16.6,3528,219.0,15.1,3307,25653,16367,62.5,1021.0
Station_01,Inv_00,20170725,12:02:00,209.5,16.3,3415,219.0,14.7,3219,25653,16367,65.1,997.0
Station_01,Inv_00,20170725,12:03:00,208.5,15.9,3315,218.0,14.2,3096,25653,16367,66.8,976.0
Station_01,Inv_00,20170725,12:04:00,199.0,16.3,3244,218.0,13.9,3030,25653,16367,67.0,961.0
Station_01,Inv_00,20170725,12:05:00,208.0,15.5,3224,218.0,13.9,3030,25653,16367,67.2,951.0
Station_01,Inv_00,20170725,12:06:00,211.5,15.3,3235,219.0,13.9,3044,25653,16367,66.4,946.0
Station_01,Inv_00,20170725,12:07:00,200.5,16.2,3248,218.0,13.9,3030,25653,16367,69.1,949.0
Station_01,Inv_00,20170725,12:08:00,208.5,15.7,3273,219.0,14.0,3066,25654,16367,70.6,952.0
Station_01,Inv_00,20170725,12:09:00,199.9,16.0,3198,218.0,13.8,3008,25654,16367,71.3,972.0
Station_01,Inv_00,20170725,12:10:00,201.5,15.3,3083,219.0,13.4,2935,25654,16367,70.4,927.0
Station_01,Inv_00,20170725,12:11:00,208.0,14.0,2912,218.0,12.5,2725,25654,16367,70.8,897.0
Station_01,Inv_00,20170725,12:12:00,205.0,14.5,2972,218.0,12.8,2790,25654,16367,71.7,909.0
Station_01,Inv_00,20170725,12:13:00,206.5,14.8,3056,218.0,13.1,2856,25654,16367,71.0,918.0
Station_01,Inv_00,20170725,12:14:00,203.5,14.1,2869,219.0,12.4,2716,25654,16367,71.6,884.0
Station_01,Inv_00,20170725,12:15:00,205.0,13.6,2788,219.0,12.0,2628,25654,16367,70.7,865.0
Station_01,Inv_00,20170725,12:16:00,205.5,13.7,2815,218.0,12.2,2660,25654,16367,69.3,864.0
Station_01,Inv_00,20170725,12:17:00,207.5,13.8,2863,218.0,12.3,2681,25654,16367,69.3,869.0
Station_01,Inv_00,20170725,12:18:00,205.5,14.4,2959,218.0,12.8,2790,25654,16367,71.0,900.0
Station_01,Inv_00,20170725,12:19:00,205.0,15.3,3136,218.0,13.5,2943,25654,16367,70.8,949.0
Station_01,Inv_00,20170725,12:20:00,203.0,15.9,3228,219.0,13.9,3044,25654,16367,72.4,968.0
Station_01,Inv_00,20170725,12:21:00,201.0,16.1,3236,218.0,13.9,3030,25654,16367,74.1,980.0
Station_01,Inv_00,20170725,12:22:00,200.0,16.1,3220,219.0,13.8,3022,25654,16367,74.0,983.0
Station_01,Inv_00,20170725,12:23:00,203.5,15.5,3154,218.0,13.6,2965,25654,16367,73.7,968.0
Station_01,Inv_00,20170725,12:24:00,202.5,15.5,3138,219.0,13.4,2935,25654,16367,74.3,955.0
Station_01,Inv_00,20170725,12:25:00,198.0,15.6,3089,219.0,13.3,2913,25654,16367,74.3,946.0
Station_01,Inv_00,20170725,12:26:00,198.5,15.7,3116,219.0,13.4,2935,25654,16367,75.0,957.0
Station_01,Inv_00,20170725,12:27:00,197.5,16.0,3160,219.0,13.5,2957,25655,16368,72.6,973.0
Station_01,Inv_00,20170725,12:28:00,187.0,16.5,3086,219.0,13.2,2891,25655,16368,73.2,963.0
Station_01,Inv_00,20170725,12:29:00,201.0,15.6,3135,219.0,13.5,2957,25655,16368,72.5,948.0
Station_01,Inv_00,20170725,12:30:00,204.5,15.1,3088,219.0,13.2,2891,25655,16368,73.7,925.0
Station_01,Inv_00,20170725,12:31:00,203.0,15.2,3085,218.0,13.3,2899,25655,16368,73.7,937.0
Station_01,Inv_00,20170725,12:32:00,203.0,15.2,3085,218.0,13.3,2899,25655,16368,73.0,942.0
Station_01,Inv_00,20170725,12:33:00,201.0,15.5,3116,218.0,13.4,2921,25655,16368,73.4,937.0
Station_01,Inv_00,20170725,12:34:00,200.5,14.9,2987,219.0,12.8,2803,25655,16368,74.4,907.0
Station_01,Inv_00,20170725,12:35:00,203.0,14.6,2964,218.0,12.7,2769,25655,16368,74.3,901.0
Station_01,Inv_00,20170725,12:36:00,201.5,15.3,3083,218.0,13.2,2878,25655,16368,71.9,931.0
Station_01,Inv_00,20170725,12:37:00,201.5,15.5,3123,218.0,13.4,2921,25655,16368,73.7,933.0
Station_01,Inv_00,20170725,12:38:00,201.5,15.8,3184,218.0,13.6,2965,25655,16368,71.9,958.0
Station_01,Inv_00,20170725,12:39:00,197.5,16.0,3160,218.0,13.5,2943,25655,16368,74.4,956.0
Station_01,Inv_00,20170725,12:40:00,201.5,15.5,3123,218.0,13.4,2921,25655,16368,73.8,961.0
Station_01,Inv_00,20170725,12:41:00,199.5,15.8,3152,219.0,13.5,2957,25655,16368,72.9,962.0
Station_01,Inv_00,20170725,12:42:00,200.0,15.5,3100,218.0,13.4,2921,25655,16368,74.1,950.0
Station_01,Inv_00,20170725,12:43:00,199.5,15.0,2992,218.0,12.9,2812,25655,16368,72.6,926.0
Station_01,Inv_00,20170725,12:44:00,198.0,14.9,2950,218.0,12.7,2769,25655,16368,72.5,910.0
Station_01,Inv_00,20170725,12:45:00,201.0,14.4,2894,218.0,12.4,2703,25655,16368,73.5,884.0
Station_01,Inv_00,20170725,12:46:00,203.0,13.5,2740,218.0,11.7,2551,25655,16368,73.8,849.0
Station_01,Inv_00,20170725,12:47:00,201.9,8.4,1696,217.0,7.4,1606,25656,16369,71.4,592.0
Station_01,Inv_00,20170725,12:48:00,209.5,5.5,1152,217.0,5.1,1107,25656,16369,66.1,373.0
Station_01,Inv_00,20170725,12:49:00,215.5,5.0,1078,217.0,4.6,998,25656,16369,61.4,330.0
Station_01,Inv_00,20170725,12:50:00,217.0,4.9,1063,217.0,4.5,977,25656,16369,59.6,309.0
Station_01,Inv_00,20170725,12:51:00,217.5,4.8,1044,217.0,4.5,977,25656,16369,57.9,303.0
Station_01,Inv_00,20170725,12:52:00,224.5,4.6,1033,217.0,4.4,955,25656,16369,55.9,295.0
Station_01,Inv_00,20170725,12:53:00,221.0,4.6,1017,217.0,4.3,933,25656,16369,53.9,291.0
Station_01,Inv_00,20170725,12:54:00,221.5,4.8,1063,217.0,4.5,977,25656,16369,53.6,297.0
Station_01,Inv_00,20170725,12:55:00,227.0,4.9,1112,217.0,4.7,1020,25656,16369,53.1,309.0
Station_01,Inv_00,20170725,12:56:00,223.0,4.8,1070,216.0,4.7,1015,25656,16369,52.2,310.0
Station_01,Inv_00,20170725,12:57:00,223.0,4.8,1070,216.0,4.6,994,25656,16369,51.5,309.0
Station_01,Inv_00,20170725,12:58:00,225.9,5.0,1130,217.0,4.7,1020,25656,16369,50.9,315.0
Station_01,Inv_00,20170725,12:59:00,230.0,4.8,1104,216.0,4.7,1015,25656,16369,49.1,312.0
Station_01,Inv_00,20170725,13:00:00,230.0,4.8,1104,216.0,4.7,1015,25656,16369,48.6,306.0
Station_01,Inv_00,20170725,13:01:00,229.5,4.8,1102,215.0,4.8,1032,25656,16369,48.2,307.0
Station_01,Inv_00,20170725,13:02:00,233.4,4.7,1097,213.0,4.7,1001,25656,16369,47.8,304.0
Station_01,Inv_00,20170725,13:03:00,233.0,4.6,1072,213.0,4.5,959,25656,16369,47.8,296.0
Station_01,Inv_00,20170725,13:04:00,233.0,5.0,1165,213.0,5.0,1065,25656,16369,47.0,310.0
Station_01,Inv_00,20170725,13:05:00,232.4,8.2,1906,213.0,8.4,1789,25656,16369,47.0,541.0
Station_01,Inv_00,20170725,13:06:00,234.4,11.9,2790,213.0,12.4,2641,25656,16369,49.3,709.0
Station_01,Inv_00,20170725,13:07:00,224.5,13.0,2918,214.0,12.9,2761,25656,16369,52.7,809.0
Station_01,Inv_00,20170725,13:08:00,223.5,12.2,2727,213.0,12.1,2577,25656,16369,53.4,777.0
Station_01,Inv_00,20170725,13:09:00,226.7,4.5,1020,212.0,4.5,954,25656,16369,53.9,387.0
Station_01,Inv_00,20170725,13:10:00,228.0,4.2,957,212.0,4.1,869,25656,16369,52.3,279.0
Station_01,Inv_00,20170725,13:11:00,227.0,4.1,931,212.0,4.1,869,25656,16369,51.2,268.0
Station_01,Inv_00,20170725,13:12:00,221.4,4.2,930,212.0,4.1,869,25656,16369,49.6,273.0
Station_01,Inv_00,20170725,13:13:00,219.0,5.0,1095,211.0,4.7,992,25656,16369,49.5,303.0
Station_01,Inv_00,20170725,13:14:00,223.0,15.0,3345,212.0,14.8,3138,25656,16369,51.6,793.0
Station_01,Inv_00,20170725,13:15:00,225.5,14.0,3157,212.0,14.0,2968,25656,16369,54.1,884.0
Station_01,Inv_00,20170725,13:16:00,223.0,14.6,3255,212.0,14.4,3053,25656,16369,57.2,895.0
Station_01,Inv_00,20170725,13:17:00,210.0,7.8,1638,212.0,7.7,1632,25656,16369,58.9,768.0
Station_01,Inv_00,20170725,13:18:00,223.0,6.4,1427,212.0,6.3,1336,25656,16369,57.3,421.0
Station_01,Inv_00,20170725,13:19:00,223.5,5.7,1274,211.0,5.6,1182,25656,16369,56.1,366.0
Station_01,Inv_00,20170725,13:20:00,216.9,5.4,1171,211.0,5.2,1097,25656,16369,55.8,341.0
Station_01,Inv_00,20170725,13:21:00,226.5,5.0,1133,212.0,4.9,1039,25656,16369,54.9,321.0
Station_01,Inv_00,20170725,13:22:00,223.5,4.9,1095,212.0,4.7,996,25656,16369,54.3,305.0
Station_01,Inv_00,20170725,13:23:00,228.0,5.0,1140,212.0,5.0,1060,25656,16369,53.2,312.0
Station_01,Inv_00,20170725,13:24:00,232.0,4.9,1137,212.0,5.0,1060,25656,16369,51.4,319.0
Station_01,Inv_00,20170725,13:25:00,228.5,5.2,1188,212.0,5.1,1081,25656,16369,51.1,320.0
Station_01,Inv_00,20170725,13:26:00,221.9,5.7,1265,212.0,5.6,1187,25656,16369,50.1,352.0
Station_01,Inv_00,20170725,13:27:00,216.5,5.5,1191,212.0,5.3,1124,25656,16369,50.7,343.0
Station_01,Inv_00,20170725,13:28:00,228.9,5.2,1190,212.0,5.1,1081,25657,16369,50.0,328.0
Station_01,Inv_00,20170725,13:29:00,229.9,4.8,1103,213.0,4.9,1044,25657,16369,48.5,312.0
Station_01,Inv_00,20170725,13:30:00,230.5,5.0,1153,212.0,5.1,1081,25657,16369,48.3,318.0
Station_01,Inv_00,20170725,13:31:00,234.0,4.8,1123,212.0,5.1,1081,25657,16369,46.1,319.0
Station_01,Inv_00,20170725,13:32:00,226.4,4.6,1041,212.0,4.6,975,25657,16369,46.2,299.0
Station_01,Inv_00,20170725,13:33:00,236.5,4.4,1041,212.0,4.5,954,25657,16369,46.5,287.0
Station_01,Inv_00,20170725,13:34:00,214.0,4.4,942,212.0,4.1,869,25657,16369,45.6,276.0
Station_01,Inv_00,20170725,13:35:00,235.0,4.2,987,211.0,4.4,928,25657,16369,45.2,274.0
Station_01,Inv_00,20170725,13:36:00,233.9,4.6,1076,211.0,4.6,971,25657,16369,45.1,288.0
Station_01,Inv_00,20170725,13:37:00,235.5,4.8,1130,212.0,4.8,1018,25657,16369,45.0,300.0
Station_01,Inv_00,20170725,13:38:00,229.5,4.9,1125,212.0,5.1,1081,25657,16369,44.5,311.0
Station_01,Inv_00,20170725,13:39:00,231.0,13.3,3072,213.0,13.5,2876,25657,16369,46.8,710.0
Station_01,Inv_00,20170725,13:40:00,228.0,13.3,3032,213.0,13.4,2854,25657,16369,49.7,827.0
Station_01,Inv_00,20170725,13:41:00,227.5,13.1,2980,213.0,13.2,2812,25657,16369,52.8,820.0
Station_01,Inv_00,20170725,13:42:00,225.5,13.0,2931,213.0,13.0,2769,25657,16369,54.2,771.0
Station_01,Inv_00,20170725,13:43:00,225.3,4.8,1081,212.0,4.8,1018,25657,16369,51.9,349.0
Station_01,Inv_00,20170725,13:44:00,227.4,4.5,1024,212.0,4.6,975,25657,16369,51.8,295.0
Station_01,Inv_00,20170725,13:45:00,230.4,4.8,1106,212.0,4.8,1018,25657,16369,50.8,307.0
Station_01,Inv_00,20170725,13:46:00,228.0,4.9,1117,212.0,4.8,1018,25657,16369,50.3,305.0
Station_01,Inv_00,20170725,13:47:00,222.0,6.5,1443,213.0,6.4,1363,25657,16369,49.6,360.0
Station_01,Inv_00,20170725,13:48:00,221.5,6.5,1440,212.0,6.4,1357,25657,16369,49.7,421.0
Station_01,Inv_00,20170725,13:49:00,222.0,7.2,1598,213.0,7.4,1576,25657,16369,50.5,521.0
Station_01,Inv_00,20170725,13:50:00,225.5,6.5,1466,212.0,6.6,1399,25657,16369,49.7,407.0
Station_01,Inv_00,20170725,13:51:00,223.5,9.2,2056,213.0,9.3,1981,25657,16369,51.1,614.0
Station_01,Inv_00,20170725,13:52:00,228.0,5.3,1208,212.0,5.4,1145,25657,16369,50.8,362.0
Station_01,Inv_00,20170725,13:53:00,228.0,4.8,1094,212.0,4.7,996,25657,16369,49.4,300.0
Station_01,Inv_00,20170725,13:54:00,228.0,4.4,1003,212.0,4.5,954,25657,16369,49.7,286.0
Station_01,Inv_00,20170725,13:55:00,228.0,4.4,1003,212.0,4.3,912,25657,16369,48.7,271.0
Station_01,Inv_00,20170725,13:56:00,228.0,4.2,958,212.0,4.1,869,25657,16369,48.6,260.0
Station_01,Inv_00,20170725,13:57:00,227.5,3.8,865,212.0,3.9,827,25657,16369,47.3,246.0
Station_01,Inv_00,20170725,13:58:00,228.9,3.8,870,211.0,3.9,823,25657,16369,46.6,237.0
Station_01,Inv_00,20170725,13:59:00,228.9,3.4,778,211.0,3.5,739,25657,16369,45.8,219.0
Station_01,Inv_00,20170725,14:00:00,230.5,3.0,692,211.0,3.1,654,25657,16369,45.2,194.0
Station_01,Inv_00,20170725,14:01:00,228.9,2.8,641,211.0,2.8,591,25657,16369,43.8,180.0
Station_01,Inv_00,20170725,14:02:00,225.9,2.6,587,211.0,2.6,549,25657,16369,44.0,169.0
Station_01,Inv_00,20170725,14:03:00,205.0,2.6,533,211.0,2.4,506,25657,16369,42.8,166.0
Station_01,Inv_00,20170725,14:04:00,214.2,2.6,557,211.0,2.5,528,25657,16369,42.8,167.0
Station_01,Inv_00,20170725,14:05:00,234.4,2.6,609,212.0,2.6,551,25657,16369,42.5,167.0
Station_01,Inv_00,20170725,14:06:00,235.0,2.4,564,211.0,2.5,528,25657,16369,42.1,162.0
Station_01,Inv_00,20170725,14:07:00,232.0,2.3,534,211.0,2.4,506,25657,16369,41.2,155.0
Station_01,Inv_00,20170725,14:08:00,234.5,2.3,539,211.0,2.4,506,25657,16369,41.0,150.0
Station_01,Inv_00,20170725,14:09:00,235.4,2.2,518,211.0,2.4,506,25657,16369,40.8,149.0
Station_01,Inv_00,20170725,14:10:00,229.2,2.4,550,212.0,2.5,530,25657,16369,40.2,155.0
Station_01,Inv_00,20170725,14:11:00,231.3,2.8,648,212.0,2.8,594,25657,16369,39.8,170.0
Station_01,Inv_00,20170725,14:12:00,225.0,4.2,945,212.0,4.1,869,25657,16369,40.3,315.0
Station_01,Inv_00,20170725,14:13:00,235.5,5.6,1319,212.0,5.6,1187,25657,16369,41.3,365.0
Station_01,Inv_00,20170725,14:14:00,238.0,9.5,2261,212.0,10.0,2120,25657,16369,43.5,547.0
Station_01,Inv_00,20170725,14:15:00,235.0,10.8,2538,213.0,11.2,2386,25657,16369,45.7,663.0
Station_01,Inv_00,20170725,14:16:00,228.4,10.8,2467,212.0,11.0,2332,25657,16369,48.0,671.0
Station_01,Inv_00,20170725,14:17:00,231.5,6.2,1435,212.0,6.1,1293,25658,16370,48.6,530.0
Station_01,Inv_00,20170725,14:18:00,236.4,4.5,1064,211.0,4.6,971,25658,16370,48.7,313.0
Station_01,Inv_00,20170725,14:19:00,230.0,4.3,989,212.0,4.3,912,25658,16370,47.9,273.0
Station_01,Inv_00,20170725,14:20:00,234.8,3.8,892,211.0,3.9,823,25658,16370,45.9,248.0
Station_01,Inv_00,20170725,14:21:00,234.0,3.6,842,211.0,3.8,802,25658,16370,45.8,235.0
Station_01,Inv_00,20170725,14:22:00,232.5,3.6,837,211.0,3.7,781,25658,16370,44.2,230.0
Station_01,Inv_00,20170725,14:23:00,233.5,3.6,841,211.0,3.7,781,25658,16370,44.3,224.0
Station_01,Inv_00,20170725,14:24:00,230.0,3.2,736,211.0,3.3,696,25658,16370,43.3,211.0
Station_01,Inv_00,20170725,14:25:00,217.8,2.8,610,211.0,2.8,591,25658,16370,42.9,186.0
Station_01,Inv_00,20170725,14:26:00,229.4,2.0,459,211.0,2.0,422,25658,16370,42.2,136.0
Station_01,Inv_00,20170725,14:27:00,212.4,1.8,382,211.0,1.7,359,25658,16370,41.5,120.0
Station_01,Inv_00,20170725,14:28:00,231.5,1.4,324,212.0,1.5,318,25658,16370,40.7,104.0
Station_01,Inv_00,20170725,14:29:00,224.5,1.2,269,212.0,1.4,297,25658,16370,39.9,92.0
Station_01,Inv_00,20170725,14:30:00,228.0,1.0,228,211.0,1.2,253,25658,16370,39.7,80.0
Station_01,Inv_00,20170725,14:31:00,208.0,0.9,187,211.0,1.0,211,25658,16370,38.8,71.0
Station_01,Inv_00,20170725,14:32:00,214.5,0.8,172,211.0,1.0,211,25658,16370,38.0,65.0
Station_01,Inv_00,20170725,14:33:00,217.5,0.8,174,211.0,0.9,190,25658,16370,37.4,59.0
Station_01,Inv_00,20170725,14:34:00,219.0,0.6,131,211.0,0.8,169,25658,16370,37.2,57.0
Station_01,Inv_00,20170725,14:35:00,209.4,0.7,147,211.0,0.8,169,25658,16370,36.6,54.0
Station_01,Inv_00,20170725,14:36:00,222.0,0.6,133,211.0,0.7,148,25658,16370,36.3,52.0
Station_01,Inv_00,20170725,14:37:00,208.5,0.6,125,211.0,0.7,148,25658,16370,36.1,50.0
Station_01,Inv_00,20170725,14:38:00,211.6,0.5,106,211.0,0.6,127,25658,16370,35.7,48.0
Station_01,Inv_00,20170725,14:39:00,206.0,0.4,82,211.0,0.6,127,25658,16370,35.4,44.0
Station_01,Inv_00,20170725,14:40:00,217.0,0.4,87,211.0,0.5,106,25658,16370,35.3,42.0
Station_01,Inv_00,20170725,14:41:00,198.0,0.2,40,211.0,0.5,106,25658,16370,34.6,47.0
Station_01,Inv_00,20170725,14:42:00,209.5,0.4,84,212.0,0.5,106,25658,16370,33.2,54.0
Station_01,Inv_00,20170725,14:43:00,192.5,0.4,77,211.0,0.5,106,25658,16370,32.0,39.0
Station_01,Inv_00,20170725,14:44:00,217.0,0.4,87,212.0,0.5,106,25658,16370,31.1,40.0
Station_01,Inv_00,20170725,14:45:00,186.5,0.4,75,212.0,0.5,106,25658,16370,30.0,39.0
Station_01,Inv_00,20170725,14:46:00,173.5,0.4,69,211.0,0.5,106,25658,16370,29.5,41.0
Station_01,Inv_00,20170725,14:47:00,218.5,0.4,87,211.0,0.5,106,25658,16370,29.3,42.0
Station_01,Inv_00,20170725,14:48:00,224.3,0.4,90,212.0,0.5,106,25658,16370,29.0,42.0
Station_01,Inv_00,20170725,14:49:00,219.0,0.5,110,212.0,0.5,106,25658,16370,28.8,43.0
Station_01,Inv_00,20170725,14:50:00,222.0,0.4,89,212.0,0.5,106,25658,16370,28.7,44.0
Station_01,Inv_00,20170725,14:51:00,225.0,0.5,113,212.0,0.5,106,25658,16370,28.7,44.0
Station_01,Inv_00,20170725,14:52:00,221.0,0.4,88,212.0,0.6,127,25658,16370,28.7,47.0
Station_01,Inv_00,20170725,14:53:00,225.8,0.5,113,212.0,0.6,127,25658,16370,28.6,47.0
Station_01,Inv_00,20170725,14:54:00,217.4,0.5,109,212.0,0.7,148,25658,16370,28.6,50.0
Station_01,Inv_00,20170725,14:55:00,163.0,0.6,98,212.0,0.6,127,25658,16370,28.5,51.0
Station_01,Inv_00,20170725,14:56:00,228.4,0.5,114,212.0,0.7,148,25658,16370,28.7,51.0
Station_01,Inv_00,20170725,14:57:00,221.0,0.5,111,212.0,0.7,148,25658,16370,28.7,53.0
Station_01,Inv_00,20170725,14:58:00,200.0,0.5,100,212.0,0.6,127,25658,16370,28.6,53.0
Station_01,Inv_00,20170725,14:59:00,215.0,0.4,86,212.0,0.6,127,25658,16370,28.6,51.0
Station_01,Inv_00,20170725,15:00:00,211.5,0.4,85,210.0,0.5,105,25658,16370,28.6,48.0
Station_01,Inv_00,20170725,15:01:00,200.8,0.5,100,210.0,0.5,105,25658,16370,28.6,44.0
Station_01,Inv_00,20170725,15:02:00,206.0,0.3,62,210.0,0.5,105,25658,16370,28.4,43.0
Station_01,Inv_00,20170725,15:03:00,207.5,0.2,42,210.0,0.5,105,25658,16370,28.3,40.0
Station_01,Inv_00,20170725,15:04:00,224.0,0.1,22,210.0,0.4,84,25658,16370,28.2,37.0
Station_01,Inv_00,20170725,15:05:00,216.0,0.1,22,210.0,0.4,84,25658,16370,28.3,36.0
Station_01,Inv_00,20170725,15:06:00,218.0,0.2,44,210.0,0.4,84,25658,16370,28.2,32.0
Station_01,Inv_00,20170725,15:07:00,214.5,0.2,43,210.0,0.4,84,25658,16370,28.2,30.0
Station_01,Inv_00,20170725,15:08:00,203.0,0.2,41,210.0,0.4,84,25658,16370,28.1,30.0
Station_01,Inv_00,20170725,15:09:00,203.5,0.2,41,210.0,0.4,84,25658,16370,28.0,31.0
Station_01,Inv_00,20170725,15:10:00,208.0,0.2,42,210.0,0.4,84,25658,16370,28.0,31.0
Station_01,Inv_00,20170725,15:11:00,201.0,0.2,40,210.0,0.4,84,25658,16370,27.9,30.0
Station_01,Inv_00,20170725,15:12:00,0.0,0.0,0,210.0,0.4,84,25658,16370,27.9,30.0
Station_01,Inv_00,20170725,15:13:00,178.0,0.2,36,210.0,0.4,84,25658,16370,27.8,514.0
Station_01,Inv_00,20170725,15:14:00,207.5,0.2,42,210.0,0.4,84,25658,16370,27.8,514.0
Station_01,Inv_00,20170725,15:15:00,211.5,0.2,42,210.0,0.4,84,25658,16370,27.7,31.0
Station_01,Inv_00,20170725,15:16:00,196.0,0.2,39,210.0,0.4,84,25658,16370,27.6,33.0
Station_01,Inv_00,20170725,15:17:00,195.5,0.2,39,210.0,0.4,84,25658,16370,27.4,32.0
Station_01,Inv_00,20170725,15:18:00,209.0,0.2,42,210.0,0.4,84,25658,16370,27.1,33.0
Station_01,Inv_00,20170725,15:19:00,203.0,0.2,41,210.0,0.4,84,25658,16370,27.0,499.0
Station_01,Inv_00,20170725,15:20:00,210.0,0.2,42,210.0,0.4,84,25658,16370,26.8,27.0
Station_01,Inv_00,20170725,15:21:00,0.0,0.0,0,210.0,0.4,84,25658,16370,26.7,25.0
Station_01,Inv_00,20170725,15:22:00,0.0,0.0,0,210.0,0.4,84,25658,16370,26.5,25.0
Station_01,Inv_00,20170725,15:23:00,0.0,0.0,0,210.0,0.4,84,25658,16370,26.2,484.0
Station_01,Inv_00,20170725,15:24:00,0.0,0.0,0,210.0,0.4,84,25658,16370,25.8,25.0
Station_01,Inv_00,20170725,15:25:00,0.0,0.0,0,210.0,0.4,84,25658,16370,25.6,24.0
Station_01,Inv_00,20170725,15:26:00,0.0,0.0,0,210.0,0.4,84,25658,16370,25.4,25.0
Station_01,Inv_00,20170725,15:27:00,0.0,0.0,0,210.0,0.4,84,25658,16370,25.3,24.0
Station_01,Inv_00,20170725,15:28:00,0.0,0.0,0,210.0,0.4,84,25658,16370,25.2,24.0
Station_01,Inv_00,20170725,15:29:00,0.0,0.0,0,210.0,0.4,84,25658,16370,25.1,26.0
Station_01,Inv_00,20170725,15:30:00,0.0,0.0,0,210.0,0.4,84,25658,16370,25.1,28.0
Station_01,Inv_00,20170725,15:31:00,0.0,0.0,0,210.0,0.4,84,25658,16370,25.2,27.0
Station_01,Inv_00,20170725,15:32:00,199.0,0.2,40,210.0,0.4,84,25658,16370,25.2,26.0
Station_01,Inv_00,20170725,15:33:00,186.5,0.2,37,210.0,0.4,84,25658,16370,25.2,27.0
Station_01,Inv_00,20170725,15:34:00,201.5,0.2,40,210.0,0.4,84,25658,16370,25.2,27.0
Station_01,Inv_00,20170725,15:35:00,205.5,0.2,41,210.0,0.4,84,25658,16370,25.3,28.0
Station_01,Inv_00,20170725,15:36:00,223.0,0.2,45,210.0,0.4,84,25658,16370,25.2,29.0
Station_01,Inv_00,20170725,15:37:00,219.5,0.2,44,210.0,0.4,84,25658,16370,25.3,29.0
Station_01,Inv_00,20170725,15:38:00,230.0,0.2,46,210.0,0.4,84,25658,16370,25.3,468.0
Station_01,Inv_00,20170725,15:39:00,209.0,0.1,21,210.0,0.4,84,25658,16370,25.2,467.0
Station_01,Inv_00,20170725,15:40:00,219.0,0.1,22,210.0,0.4,84,25658,16370,25.3,33.0
Station_01,Inv_00,20170725,15:41:00,217.0,0.2,43,210.0,0.4,84,25658,16370,25.3,34.0
Station_01,Inv_00,20170725,15:42:00,206.3,0.3,62,210.0,0.5,105,25658,16370,25.2,35.0
Station_01,Inv_00,20170725,15:43:00,215.0,0.3,65,210.0,0.5,105,25658,16370,25.2,37.0
Station_01,Inv_00,20170725,15:44:00,224.0,0.3,67,210.0,0.5,105,25658,16370,25.3,40.0
Station_01,Inv_00,20170725,15:45:00,235.0,0.3,71,210.0,0.5,105,25658,16370,25.3,42.0
Station_01,Inv_00,20170725,15:46:00,206.7,0.3,62,210.0,0.5,105,25658,16370,25.4,42.0
Station_01,Inv_00,20170725,15:47:00,186.0,0.4,74,210.0,0.5,105,25658,16370,25.4,43.0
Station_01,Inv_00,20170725,15:48:00,200.0,0.5,100,210.0,0.5,105,25658,16370,25.4,43.0
Station_01,Inv_00,20170725,15:49:00,227.0,0.4,91,210.0,0.5,105,25658,16370,25.4,44.0
Station_01,Inv_00,20170725,15:50:00,218.4,0.5,109,210.0,0.6,126,25658,16370,25.5,47.0
Station_01,Inv_00,20170725,15:51:00,178.2,0.5,89,210.0,0.5,105,25658,16370,25.6,50.0
Station_01,Inv_00,20170725,15:52:00,222.0,0.5,111,211.0,0.7,148,25658,16370,25.7,51.0
Station_01,Inv_00,20170725,15:53:00,228.8,0.5,114,211.0,0.7,148,25658,16370,25.8,51.0
Station_01,Inv_00,20170725,15:54:00,225.6,0.5,113,210.0,0.7,147,25658,16370,25.9,52.0
Station_01,Inv_00,20170725,15:55:00,224.0,0.6,134,210.0,0.7,147,25658,16370,26.0,51.0
Station_01,Inv_00,20170725,15:56:00,212.0,0.5,106,211.0,0.7,148,25658,16370,26.0,52.0
Station_01,Inv_00,20170725,15:57:00,207.0,0.6,124,211.0,0.6,127,25658,16370,26.0,51.0
Station_01,Inv_00,20170725,15:58:00,213.0,0.5,107,211.0,0.6,127,25658,16370,25.9,50.0
Station_01,Inv_00,20170725,15:59:00,227.0,0.5,114,211.0,0.6,127,25658,16370,25.8,48.0
Station_01,Inv_00,20170725,16:00:00,216.3,0.4,87,211.0,0.5,106,25658,16370,25.6,46.0
Station_01,Inv_00,20170725,16:01:00,212.0,0.4,85,213.0,0.5,107,25658,16370,25.5,44.0
Station_01,Inv_00,20170725,16:02:00,229.5,0.4,92,213.0,0.5,107,25658,16370,25.4,44.0
Station_01,Inv_00,20170725,16:03:00,228.4,0.5,114,213.0,0.5,107,25658,16370,25.4,44.0
Station_01,Inv_00,20170725,16:04:00,223.0,0.4,89,213.0,0.5,107,25658,16370,25.4,45.0
Station_01,Inv_00,20170725,16:05:00,164.5,0.4,66,213.0,0.5,107,25658,16370,25.4,44.0
Station_01,Inv_00,20170725,16:06:00,209.5,0.4,84,213.0,0.5,107,25658,16370,25.4,43.0
Station_01,Inv_00,20170725,16:07:00,225.5,0.4,90,215.0,0.5,108,25658,16370,25.5,43.0
Station_01,Inv_00,20170725,16:08:00,218.0,0.4,87,216.0,0.5,108,25658,16370,25.6,43.0
Station_01,Inv_00,20170725,16:09:00,229.5,0.4,92,216.0,0.5,108,25658,16370,25.5,43.0
Station_01,Inv_00,20170725,16:10:00,215.5,0.4,86,218.0,0.5,109,25658,16370,25.6,44.0
Station_01,Inv_00,20170725,16:11:00,227.3,0.4,91,218.0,0.5,109,25658,16370,25.7,47.0
Station_01,Inv_00,20170725,16:12:00,197.5,0.4,79,218.0,0.5,109,25658,16370,25.8,47.0
Station_01,Inv_00,20170725,16:13:00,224.0,0.4,90,218.0,0.6,131,25658,16370,25.9,49.0
Station_01,Inv_00,20170725,16:14:00,211.0,0.6,127,218.0,0.6,131,25658,16370,26.0,52.0
Station_01,Inv_00,20170725,16:15:00,234.5,0.6,141,218.0,0.7,153,25658,16370,26.1,56.0
Station_01,Inv_00,20170725,16:16:00,223.0,0.6,134,218.0,0.8,174,25658,16370,26.1,59.0
Station_01,Inv_00,20170725,16:17:00,227.0,0.7,159,218.0,0.9,196,25658,16370,26.2,63.0
Station_01,Inv_00,20170725,16:18:00,231.0,0.8,185,218.0,1.0,218,25658,16370,26.2,69.0
Station_01,Inv_00,20170725,16:19:00,234.0,0.8,187,218.0,1.0,218,25658,16370,26.3,72.0
Station_01,Inv_00,20170725,16:20:00,236.9,0.9,213,218.0,1.0,218,25658,16370,26.4,77.0
Station_01,Inv_00,20170725,16:21:00,237.0,1.0,237,218.0,1.1,240,25658,16370,26.6,83.0
Station_01,Inv_00,20170725,16:22:00,221.5,1.1,244,219.0,1.2,263,25658,16370,26.7,88.0
Station_01,Inv_00,20170725,16:23:00,241.8,1.2,290,218.0,1.3,283,25658,16370,26.8,94.0
Station_01,Inv_00,20170725,16:24:00,241.2,1.3,314,219.0,1.4,307,25658,16370,27.0,100.0
Station_01,Inv_00,20170725,16:25:00,240.5,1.4,337,218.0,1.5,327,25658,16370,27.2,106.0
Station_01,Inv_00,20170725,16:26:00,237.0,1.6,379,218.0,1.6,349,25658,16370,27.4,113.0
Station_01,Inv_00,20170725,16:27:00,242.0,1.6,387,218.0,1.7,371,25658,16370,27.6,119.0
Station_01,Inv_00,20170725,16:28:00,233.0,1.7,396,218.0,1.8,392,25658,16370,27.7,124.0
Station_01,Inv_00,20170725,16:29:00,240.9,1.7,410,218.0,1.8,392,25658,16370,27.8,127.0
Station_01,Inv_00,20170725,16:30:00,238.0,1.6,381,218.0,1.8,392,25658,16370,27.9,126.0
Station_01,Inv_00,20170725,16:31:00,240.0,1.6,384,218.0,1.7,371,25658,16370,28.1,122.0
Station_01,Inv_00,20170725,16:32:00,230.5,1.5,346,218.0,1.6,349,25658,16370,28.3,119.0
Station_01,Inv_00,20170725,16:33:00,233.0,1.6,373,219.0,1.6,350,25658,16370,28.5,117.0
Station_01,Inv_00,20170725,16:34:00,235.6,1.5,353,218.0,1.6,349,25658,16370,28.7,114.0
Station_01,Inv_00,20170725,16:35:00,240.5,1.4,337,218.0,1.5,327,25658,16370,28.7,112.0
Station_01,Inv_00,20170725,16:36:00,244.0,1.3,317,218.0,1.5,327,25658,16370,28.8,109.0
Station_01,Inv_00,20170725,16:37:00,241.0,1.4,337,218.0,1.5,327,25658,16370,28.9,105.0
Station_01,Inv_00,20170725,16:38:00,243.0,1.2,292,218.0,1.4,305,25658,16370,28.9,101.0
Station_01,Inv_00,20170725,16:39:00,236.0,1.2,283,218.0,1.3,283,25658,16370,28.9,96.0
Station_01,Inv_00,20170725,16:40:00,229.0,1.1,252,218.0,1.2,262,25658,16370,28.9,90.0
Station_01,Inv_00,20170725,16:41:00,233.0,1.0,233,218.0,1.1,240,25658,16370,28.8,84.0
Station_01,Inv_00,20170725,16:42:00,228.3,0.8,183,218.0,1.0,218,25658,16370,28.7,78.0
Station_01,Inv_00,20170725,16:43:00,224.0,0.7,157,218.0,0.9,196,25658,16370,28.6,70.0
Station_01,Inv_00,20170725,16:44:00,226.0,0.6,136,218.0,0.8,174,25658,16370,28.5,65.0
Station_01,Inv_00,20170725,16:45:00,221.0,0.6,133,218.0,0.8,174,25658,16370,28.4,65.0
Station_01,Inv_00,20170725,16:46:00,234.0,0.6,140,218.0,0.8,174,25658,16370,28.2,65.0
Station_01,Inv_00,20170725,16:47:00,223.0,0.7,156,218.0,0.9,196,25658,16370,28.2,66.0
Station_01,Inv_00,20170725,16:48:00,227.0,0.8,182,218.0,0.9,196,25658,16370,28.2,69.0
Station_01,Inv_00,20170725,16:49:00,221.0,0.8,177,218.0,0.9,196,25658,16370,28.1,72.0
Station_01,Inv_00,20170725,16:50:00,206.0,0.8,165,219.0,0.9,197,25658,16370,28.2,73.0
Station_01,Inv_00,20170725,16:51:00,221.0,0.8,177,219.0,1.0,219,25658,16370,28.2,72.0
Station_01,Inv_00,20170725,16:52:00,229.0,0.8,183,219.0,0.9,197,25658,16370,28.2,72.0
Station_01,Inv_00,20170725,16:53:00,196.0,0.8,157,219.0,0.9,197,25658,16370,28.2,72.0
Station_01,Inv_00,20170725,16:54:00,188.4,0.8,151,219.0,0.9,197,25658,16370,28.2,81.0
Station_01,Inv_00,20170725,16:55:00,176.6,0.8,141,219.0,0.9,197,25658,16370,28.3,76.0
Station_01,Inv_00,20170725,16:56:00,211.0,0.9,190,217.0,1.0,217,25658,16370,28.3,80.0
Station_01,Inv_00,20170725,16:57:00,236.0,1.0,236,217.0,1.1,239,25658,16370,28.4,83.0
Station_01,Inv_00,20170725,16:58:00,232.4,1.0,232,217.0,1.1,239,25658,16370,28.4,87.0
Station_01,Inv_00,20170725,16:59:00,230.5,1.1,254,217.0,1.2,260,25658,16370,28.5,90.0
Station_01,Inv_00,20170725,17:00:00,227.4,1.1,250,217.0,1.2,260,25658,16370,28.6,94.0
Station_01,Inv_00,20170725,17:01:00,230.0,1.2,276,217.0,1.3,282,25658,16370,28.6,99.0
Station_01,Inv_00,20170725,17:02:00,238.0,1.2,286,217.0,1.4,304,25658,16370,28.7,104.0
Station_01,Inv_00,20170725,17:03:00,233.0,1.4,326,218.0,1.4,305,25658,16370,28.9,107.0
Station_01,Inv_00,20170725,17:04:00,212.0,1.4,297,217.0,1.4,304,25658,16370,29.0,110.0
Station_01,Inv_00,20170725,17:05:00,225.4,1.4,316,217.0,1.5,326,25658,16370,29.1,112.0
Station_01,Inv_00,20170725,17:06:00,237.5,1.4,333,217.0,1.5,326,25658,16370,29.2,114.0
Station_01,Inv_00,20170725,17:07:00,232.0,1.4,325,218.0,1.5,327,25658,16370,29.3,115.0
Station_01,Inv_00,20170725,17:08:00,239.1,1.4,335,218.0,1.5,327,25658,16370,29.4,114.0
Station_01,Inv_00,20170725,17:09:00,230.5,1.4,323,218.0,1.5,327,25658,16370,29.5,113.0
Station_01,Inv_00,20170725,17:10:00,235.0,1.3,306,217.0,1.5,326,25658,16370,29.5,111.0
Station_01,Inv_00,20170725,17:11:00,238.0,1.3,309,218.0,1.4,305,25658,16370,29.5,108.0
Station_01,Inv_00,20170725,17:12:00,236.0,1.2,283,218.0,1.4,305,25658,16370,29.5,106.0
Station_01,Inv_00,20170725,17:13:00,233.0,1.2,280,218.0,1.4,305,25658,16370,29.6,105.0
Station_01,Inv_00,20170725,17:14:00,230.5,1.2,277,217.0,1.4,304,25658,16370,29.6,103.0
Station_01,Inv_00,20170725,17:15:00,220.5,1.2,265,217.0,1.2,260,25658,16370,29.6,100.0
Station_01,Inv_00,20170725,17:16:00,234.5,1.1,258,218.0,1.3,283,25658,16370,29.5,97.0
Station_01,Inv_00,20170725,17:17:00,233.7,1.1,257,217.0,1.2,260,25658,16370,29.5,95.0
Station_01,Inv_00,20170725,17:18:00,230.0,1.1,253,217.0,1.2,260,25658,16370,29.4,93.0
Station_01,Inv_00,20170725,17:19:00,227.0,1.1,250,217.0,1.2,260,25658,16370,29.4,90.0
Station_01,Inv_00,20170725,17:20:00,228.0,1.1,251,217.0,1.1,239,25658,16370,29.5,88.0
Station_01,Inv_00,20170725,17:21:00,231.6,1.0,232,217.0,1.1,239,25658,16370,29.4,86.0
Station_01,Inv_00,20170725,17:22:00,225.0,0.9,203,217.0,1.1,239,25658,16370,29.4,84.0
Station_01,Inv_00,20170725,17:23:00,227.0,0.9,204,218.0,1.1,240,25658,16370,29.3,84.0
Station_01,Inv_00,20170725,17:24:00,226.8,1.0,227,218.0,1.1,240,25658,16370,29.4,82.0
Station_01,Inv_00,20170725,17:25:00,229.4,0.9,207,217.0,1.1,239,25658,16370,29.3,82.0
Station_01,Inv_00,20170725,17:26:00,231.0,1.0,231,218.0,1.1,240,25658,16370,29.3,81.0
Station_01,Inv_00,20170725,17:27:00,227.4,1.0,227,218.0,1.1,240,25658,16370,29.3,82.0
Station_01,Inv_00,20170725,17:28:00,225.0,1.1,248,218.0,1.1,240,25658,16370,29.3,84.0
Station_01,Inv_00,20170725,17:29:00,227.0,1.0,227,218.0,1.2,262,25658,16370,29.4,86.0
Station_01,Inv_00,20170725,17:30:00,235.9,1.1,260,218.0,1.2,262,25658,16370,29.4,88.0
Station_01,Inv_00,20170725,17:31:00,231.7,1.2,278,218.0,1.3,283,25658,16370,29.4,91.0
Station_01,Inv_00,20170725,17:32:00,228.0,1.2,274,218.0,1.3,283,25658,16370,29.4,92.0
Station_01,Inv_00,20170725,17:33:00,231.1,1.2,277,218.0,1.3,283,25658,16370,29.5,94.0
Station_01,Inv_00,20170725,17:34:00,230.0,1.2,276,218.0,1.4,305,25658,16370,29.6,96.0
Station_01,Inv_00,20170725,17:35:00,240.0,1.2,288,218.0,1.4,305,25658,16370,29.6,96.0
Station_01,Inv_00,20170725,17:36:00,211.0,1.2,253,218.0,1.3,283,25658,16370,29.7,95.0
Station_01,Inv_00,20170725,17:37:00,232.0,1.2,278,218.0,1.3,283,25658,16370,29.8,94.0
Station_01,Inv_00,20170725,17:38:00,229.0,1.2,275,217.0,1.3,282,25658,16370,29.8,91.0
Station_01,Inv_00,20170725,17:39:00,228.0,1.1,251,218.0,1.2,262,25658,16370,29.8,88.0
Station_01,Inv_00,20170725,17:40:00,231.7,1.1,255,218.0,1.2,262,25658,16370,29.8,85.0
Station_01,Inv_00,20170725,17:41:00,228.0,1.0,228,217.0,1.1,239,25658,16370,29.8,82.0
Station_01,Inv_00,20170725,17:42:00,224.4,0.9,202,217.0,1.1,239,25658,16370,29.8,81.0
Station_01,Inv_00,20170725,17:43:00,231.4,0.9,208,217.0,1.0,217,25658,16370,29.7,77.0
Station_01,Inv_00,20170725,17:44:00,228.1,0.9,205,218.0,1.0,218,25658,16370,29.6,73.0
Station_01,Inv_00,20170725,17:45:00,230.0,0.8,184,218.0,1.0,218,25658,16370,29.5,70.0
Station_01,Inv_00,20170725,17:46:00,227.0,0.7,159,218.0,0.9,196,25658,16370,29.5,66.0
Station_01,Inv_00,20170725,17:47:00,225.0,0.7,158,218.0,0.8,174,25658,16370,29.4,63.0
Station_01,Inv_00,20170725,17:48:00,226.0,0.6,136,217.0,0.8,174,25658,16370,29.3,60.0
Station_01,Inv_00,20170725,17:49:00,223.0,0.5,112,217.0,0.7,152,25658,16370,29.3,57.0
Station_01,Inv_00,20170725,17:50:00,225.6,0.5,113,218.0,0.6,131,25658,16370,29.1,54.0
Station_01,Inv_00,20170725,17:51:00,207.0,0.5,104,217.0,0.6,130,25658,16370,29.0,51.0
Station_01,Inv_00,20170725,17:52:00,222.0,0.4,89,217.0,0.6,130,25658,16370,29.0,49.0
Station_01,Inv_00,20170725,17:53:00,217.0,0.5,109,217.0,0.5,109,25658,16370,28.9,48.0
Station_01,Inv_00,20170725,17:54:00,217.0,0.4,87,217.0,0.5,109,25658,16370,28.8,46.0
Station_01,Inv_00,20170725,17:55:00,203.0,0.4,81,217.0,0.5,109,25658,16370,28.7,45.0
Station_01,Inv_00,20170725,17:56:00,216.0,0.4,86,217.0,0.5,109,25658,16370,28.7,44.0
Station_01,Inv_00,20170725,17:57:00,211.3,0.3,63,217.0,0.5,109,25658,16370,28.6,43.0
Station_01,Inv_00,20170725,17:58:00,194.0,0.3,58,217.0,0.5,109,25658,16370,28.5,40.0
Station_01,Inv_00,20170725,17:59:00,189.3,0.3,57,217.0,0.5,109,25658,16370,28.4,39.0
Station_01,Inv_00,20170725,18:00:00,182.0,0.2,36,218.0,0.4,87,25658,16370,28.3,37.0
Station_01,Inv_00,20170725,18:01:00,194.5,0.2,39,218.0,0.4,87,25658,16370,28.2,37.0
Station_01,Inv_00,20170725,18:02:00,223.5,0.2,45,218.0,0.5,109,25658,16370,28.1,35.0
Station_01,Inv_00,20170725,18:03:00,223.0,0.1,22,218.0,0.4,87,25658,16370,28.0,35.0
Station_01,Inv_00,20170725,18:04:00,216.0,0.3,65,219.0,0.4,88,25658,16370,27.9,34.0
Station_01,Inv_00,20170725,18:05:00,218.0,0.1,22,218.0,0.4,87,25658,16370,27.8,33.0
Station_01,Inv_00,20170725,18:06:00,219.0,0.1,22,219.0,0.4,88,25658,16370,27.7,32.0
Station_01,Inv_00,20170725,18:07:00,231.5,0.2,46,218.0,0.4,87,25658,16370,27.6,30.0
Station_01,Inv_00,20170725,18:08:00,224.5,0.2,45,218.0,0.4,87,25658,16370,27.6,30.0
Station_01,Inv_00,20170725,18:09:00,226.5,0.2,45,218.0,0.4,87,25658,16370,27.5,30.0
Station_01,Inv_00,20170725,18:10:00,220.5,0.2,44,217.0,0.4,87,25658,16370,27.3,31.0
Station_01,Inv_00,20170725,18:11:00,224.0,0.2,45,218.0,0.4,87,25658,16370,27.2,32.0
Station_01,Inv_00,20170725,18:12:00,227.5,0.2,46,218.0,0.4,87,25658,16370,27.1,31.0
Station_01,Inv_00,20170725,18:13:00,231.0,0.2,46,218.0,0.4,87,25658,16370,26.9,31.0
Station_01,Inv_00,20170725,18:14:00,210.5,0.2,42,218.0,0.4,87,25658,16370,26.8,31.0
Station_01,Inv_00,20170725,18:15:00,206.0,0.2,41,217.0,0.4,87,25658,16370,26.7,30.0
Station_01,Inv_00,20170725,18:16:00,201.0,0.2,40,217.0,0.4,87,25658,16370,26.7,29.0
Station_01,Inv_00,20170725,18:17:00,217.0,0.2,43,217.0,0.4,87,25658,16370,26.6,29.0
Station_01,Inv_00,20170725,18:18:00,226.5,0.2,45,218.0,0.4,87,25658,16370,26.5,28.0
Station_01,Inv_00,20170725,18:19:00,210.0,0.2,42,217.0,0.4,87,25658,16370,26.5,27.0
Station_01,Inv_00,20170725,18:20:00,0.0,0.0,0,217.0,0.4,87,25658,16370,26.4,26.0
Station_01,Inv_00,20170725,18:21:00,0.0,0.0,0,217.0,0.4,87,25658,16370,26.4,489.0
Station_01,Inv_00,20170725,18:22:00,0.0,0.0,0,217.0,0.4,87,25658,16370,26.4,26.0
Station_01,Inv_00,20170725,18:23:00,0.0,0.0,0,217.0,0.4,87,25658,16370,26.4,25.0
Station_01,Inv_00,20170725,18:24:00,0.0,0.0,0,216.0,0.4,86,25658,16370,26.4,26.0
Station_01,Inv_00,20170725,18:25:00,0.0,0.0,0,217.0,0.4,87,25658,16370,26.3,26.0
Station_01,Inv_00,20170725,18:26:00,0.0,0.0,0,223.0,0.5,112,25658,16370,26.3,26.0
Station_01,Inv_00,20170725,18:27:00,0.0,0.0,0,0.0,0.0,0,25658,16370,26.3,25.0
Station_01,Inv_00,20170725,18:28:00,0.0,0.0,0,0.0,0.0,0,25658,16370,26.3,25.0
Station_01,Inv_00,20170725,18:29:00,0.0,0.0,0,0.0,0.0,0,25658,16370,26.2,24.0
Station_01,Inv_00,20170725,18:30:00,0.0,0.0,0,0.0,0.0,0,25658,16370,26.2,24.0
Station_01,Inv_00,20170725,18:31:00,0.0,0.0,0,0.0,0.0,0,25658,16370,26.1,40.0
Station_01,Inv_00,20170725,18:32:00,0.0,0.0,0,0.0,0.0,0,25658,16370,26.1,23.0
Station_01,Inv_00,20170725,18:33:00,0.0,0.0,0,0.0,0.0,0,25658,16370,26.0,23.0
Station_01,Inv_00,20170725,18:34:00,0.0,0.0,0,0.0,0.0,0,25658,16370,26.0,22.0
Station_01,Inv_00,20170725,18:35:00,0.0,0.0,0,0.0,0.0,0,25658,16370,26.1,22.0
Station_01,Inv_00,20170725,18:36:00,0.0,0.0,0,0.0,0.0,0,25658,16370,26.0,22.0
Station_01,Inv_00,20170725,18:37:00,0.0,0.0,0,0.0,0.0,0,25658,16370,26.0,480.0
Station_01,Inv_00,20170725,18:38:00,0.0,0.0,0,0.0,0.0,0,25658,16370,26.0,22.0
Station_01,Inv_00,20170725,18:39:00,0.0,0.0,0,0.0,0.0,0,25658,16370,25.9,21.0
Station_01,Inv_00,20170725,18:40:00,0.0,0.0,0,0.0,0.0,0,25658,16370,26.1,21.0
Station_01,Inv_00,20170725,18:41:00,0.0,0.0,0,0.0,0.0,0,25658,16370,26.1,22.0
Station_01,Inv_00,20170725,18:42:00,0.0,0.0,0,0.0,0.0,0,25658,16370,26.2,21.0
Station_01,Inv_00,20170725,18:43:00,0.0,0.0,0,0.0,0.0,0,25658,16370,26.1,21.0
Station_01,Inv_00,20170725,18:44:00,0.0,0.0,0,0.0,0.0,0,25658,16370,26.2,20.0
Station_01,Inv_00,20170725,18:45:00,0.0,0.0,0,0.0,0.0,0,25658,16370,26.2,20.0
Station_01,Inv_00,20170725,18:46:00,0.0,0.0,0,0.0,0.0,0,25658,16370,26.2,20.0
Station_01,Inv_00,20170725,18:47:00,0.0,0.0,0,0.0,0.0,0,25658,16370,26.2,19.0
Station_01,Inv_00,20170725,18:48:00,0.0,0.0,0,0.0,0.0,0,25658,16370,26.2,19.0
Station_01,Inv_00,20170725,18:49:00,0.0,0.0,0,0.0,0.0,0,25658,16370,26.2,19.0
Station_01,Inv_00,20170725,18:50:00,0.0,0.0,0,0.0,0.0,0,25658,16370,26.1,19.0
Station_01,Inv_00,20170725,18:51:00,0.0,0.0,0,0.0,0.0,0,25658,16370,26.1,19.0
Station_01,Inv_00,20170725,18:52:00,0.0,0.0,0,0.0,0.0,0,25658,16370,26.0,19.0
Station_01,Inv_00,20170725,18:53:00,0.0,0.0,0,0.0,0.0,0,25658,16370,26.0,19.0
Station_01,Inv_00,20170725,18:54:00,0.0,0.0,0,0.0,0.0,0,25658,16370,26.0,19.0
Station_01,Inv_00,20170725,18:55:00,0.0,0.0,0,0.0,0.0,0,25658,16370,26.0,19.0
Station_01,Inv_00,20170725,18:56:00,0.0,0.0,0,0.0,0.0,0,25658,16370,26.0,19.0
Station_01,Inv_00,20170725,18:57:00,0.0,0.0,0,0.0,0.0,0,25658,16370,26.0,19.0
Station_01,Inv_00,20170725,18:58:00,0.0,0.0,0,0.0,0.0,0,25658,16370,26.0,19.0
Station_01,Inv_00,20170725,18:59:00,0.0,0.0,0,0.0,0.0,0,25658,16370,26.0,19.0
Station_01,Inv_00,20170725,19:00:00,0.0,0.0,0,0.0,0.0,0,25658,16370,25.9,19.0
Station_01,Inv_00,20170725,19:01:00,0.0,0.0,0,0.0,0.0,0,25658,16370,26.0,19.0
Station_01,Inv_00,20170725,19:02:00,0.0,0.0,0,0.0,0.0,0,25658,16370,25.9,19.0
Station_01,Inv_00,20170725,19:03:00,0.0,0.0,0,0.0,0.0,0,25658,16370,25.9,19.0
Station_01,Inv_00,20170725,19:04:00,0.0,0.0,0,0.0,0.0,0,25658,16370,25.9,19.0
Station_01,Inv_00,20170725,19:05:00,0.0,0.0,0,0.0,0.0,0,25658,16370,25.9,19.0
Station_01,Inv_00,20170725,19:06:00,0.0,0.0,0,0.0,0.0,0,25658,16370,25.9,19.0
Station_01,Inv_00,20170725,19:07:00,0.0,0.0,0,0.0,0.0,0,25658,16370,25.9,19.0
Station_01,Inv_00,20170725,19:08:00,0.0,0.0,0,0.0,0.0,0,25658,16370,25.9,19.0
Station_01,Inv_00,20170725,19:09:00,0.0,0.0,0,0.0,0.0,0,25658,16370,26.0,19.0
Station_01,Inv_00,20170725,19:10:00,0.0,0.0,0,0.0,0.0,0,25658,16370,25.9,18.0
Station_01,Inv_00,20170725,19:11:00,0.0,0.0,0,0.0,0.0,0,25658,16370,25.9,18.0
Station_01,Inv_00,20170725,19:12:00,0.0,0.0,0,0.0,0.0,0,25658,16370,25.8,18.0
Station_01,Inv_00,20170725,19:13:00,0.0,0.0,0,0.0,0.0,0,25658,16370,25.9,18.0
Station_01,Inv_00,20170725,19:14:00,0.0,0.0,0,0.0,0.0,0,25658,16370,25.9,18.0
Station_01,Inv_00,20170725,19:15:00,0.0,0.0,0,0.0,0.0,0,25658,16370,25.9,18.0
Station_01,Inv_00,20170725,19:16:00,0.0,0.0,0,0.0,0.0,0,25658,16370,25.9,18.0
Station_01,Inv_00,20170725,19:17:00,0.0,0.0,0,0.0,0.0,0,25658,16370,25.8,19.0
Station_01,Inv_00,20170725,19:18:00,0.0,0.0,0,0.0,0.0,0,25658,16370,25.9,18.0
Station_01,Inv_00,20170725,19:19:00,0.0,0.0,0,0.0,0.0,0,25658,16370,25.8,19.0
Station_01,Inv_00,20170725,19:20:00,0.0,0.0,0,0.0,0.0,0,25658,16370,25.8,19.0
Station_01,Inv_00,20170725,19:21:00,0.0,0.0,0,0.0,0.0,0,25658,16370,25.9,19.0
Station_01,Inv_00,20170725,19:22:00,0.0,0.0,0,0.0,0.0,0,25658,16370,25.9,19.0
Station_01,Inv_00,20170725,19:23:00,0.0,0.0,0,0.0,0.0,0,25658,16370,25.9,19.0
Station_01,Inv_00,20170725,19:24:00,0.0,0.0,0,0.0,0.0,0,25658,16370,25.9,19.0
Station_01,Inv_00,20170725,19:25:00,0.0,0.0,0,0.0,0.0,0,25658,16370,25.9,19.0
Station_01,Inv_00,20170725,19:26:00,0.0,0.0,0,0.0,0.0,0,25658,16370,25.9,19.0
Station_01,Inv_00,20170725,19:27:00,0.0,0.0,0,0.0,0.0,0,25658,16370,26.0,19.0
Station_01,Inv_00,20170725,19:28:00,0.0,0.0,0,0.0,0.0,0,25658,16370,26.0,19.0
Station_01,Inv_00,20170725,19:29:00,0.0,0.0,0,0.0,0.0,0,25658,16370,26.0,19.0
Station_01,Inv_00,20170725,19:30:00,0.0,0.0,0,0.0,0.0,0,25658,16370,26.0,19.0
Station_01,Inv_00,20170725,19:31:00,0.0,0.0,0,0.0,0.0,0,25658,16370,25.9,20.0
Station_01,Inv_00,20170725,19:32:00,0.0,0.0,0,0.0,0.0,0,25658,16370,25.9,19.0
Station_01,Inv_00,20170725,19:33:00,0.0,0.0,0,0.0,0.0,0,25658,16370,25.9,19.0
Station_01,Inv_00,20170725,19:34:00,0.0,0.0,0,0.0,0.0,0,25658,16370,25.9,19.0
Station_01,Inv_00,20170725,19:35:00,0.0,0.0,0,0.0,0.0,0,25658,16370,25.9,19.0
Station_01,Inv_00,20170725,19:36:00,0.0,0.0,0,0.0,0.0,0,25658,16370,25.9,20.0
Station_01,Inv_00,20170725,19:37:00,0.0,0.0,0,0.0,0.0,0,25658,16370,25.9,19.0
Station_01,Inv_00,20170725,19:38:00,0.0,0.0,0,0.0,0.0,0,25658,16370,25.9,19.0
Station_01,Inv_00,20170725,19:39:00,0.0,0.0,0,0.0,0.0,0,25658,16370,25.9,19.0
Station_01,Inv_00,20170725,19:40:00,0.0,0.0,0,0.0,0.0,0,25658,16370,25.8,18.0
Station_01,Inv_00,20170725,19:41:00,0.0,0.0,0,0.0,0.0,0,25658,16370,25.9,19.0
Station_01,Inv_00,20170725,19:42:00,0.0,0.0,0,0.0,0.0,0,25658,16370,25.9,19.0
Station_01,Inv_00,20170725,19:43:00,0.0,0.0,0,0.0,0.0,0,25658,16370,25.8,19.0
Station_01,Inv_00,20170725,19:44:00,0.0,0.0,0,0.0,0.0,0,25658,16370,25.8,19.0
Station_01,Inv_00,20170725,19:45:00,0.0,0.0,0,0.0,0.0,0,25658,16370,25.8,19.0
Station_01,Inv_00,20170725,19:46:00,0.0,0.0,0,0.0,0.0,0,25658,16370,25.8,19.0
Station_01,Inv_00,20170725,19:47:00,0.0,0.0,0,0.0,0.0,0,25658,16370,25.8,19.0
Station_01,Inv_00,20170725,19:48:00,0.0,0.0,0,0.0,0.0,0,25658,16370,25.8,19.0
Station_01,Inv_00,20170725,19:49:00,0.0,0.0,0,0.0,0.0,0,25658,16370,25.8,19.0
Station_01,Inv_00,20170725,19:50:00,0.0,0.0,0,0.0,0.0,0,25658,16370,25.7,19.0
Station_01,Inv_00,20170725,19:51:00,0.0,0.0,0,0.0,0.0,0,25658,16370,25.7,19.0
Station_01,Inv_00,20170725,19:52:00,0.0,0.0,0,0.0,0.0,0,25658,16370,25.6,19.0
Station_01,Inv_00,20170725,19:53:00,0.0,0.0,0,0.0,0.0,0,25658,16370,25.6,19.0
Station_01,Inv_00,20170725,19:54:00,0.0,0.0,0,0.0,0.0,0,25658,16370,25.6,19.0
Station_01,Inv_00,20170725,19:55:00,0.0,0.0,0,0.0,0.0,0,25658,16370,25.6,19.0
Station_01,Inv_00,20170725,19:56:00,0.0,0.0,0,0.0,0.0,0,25658,16370,25.5,19.0
Station_01,Inv_00,20170725,19:57:00,0.0,0.0,0,0.0,0.0,0,25658,16370,25.5,19.0
Station_01,Inv_00,20170725,19:58:00,0.0,0.0,0,0.0,0.0,0,25658,16370,25.4,19.0
Station_01,Inv_00,20170725,19:59:00,0.0,0.0,0,0.0,0.0,0,25658,16370,25.4,20.0
Station_01,Inv_00,20170725,20:00:00,0.0,0.0,0,0.0,0.0,0,25658,16370,25.3,20.0
