Station_01,Inv_00,20170718,05:00:00,0.0,0.0,0,217.0,0.4,87,25517,16280,25.4,18.0
Station_01,Inv_00,20170718,05:01:00,0.0,0.0,0,217.0,0.4,87,25517,16280,25.3,18.0
Station_01,Inv_00,20170718,05:02:00,0.0,0.0,0,217.0,0.4,87,25517,16280,25.4,18.0
Station_01,Inv_00,20170718,05:03:00,0.0,0.0,0,217.0,0.4,87,25517,16280,25.4,18.0
Station_01,Inv_00,20170718,05:04:00,0.0,0.0,0,217.0,0.4,87,25517,16280,25.4,18.0
Station_01,Inv_00,20170718,05:05:00,0.0,0.0,0,217.0,0.4,87,25517,16280,25.4,19.0
Station_01,Inv_00,20170718,05:06:00,0.0,0.0,0,217.0,0.4,87,25517,16280,25.4,18.0
Station_01,Inv_00,20170718,05:07:00,0.0,0.0,0,217.0,0.4,87,25517,16280,25.4,18.0
Station_01,Inv_00,20170718,05:08:00,0.0,0.0,0,217.0,0.4,87,25517,16280,25.4,18.0
Station_01,Inv_00,20170718,05:09:00,0.0,0.0,0,217.0,0.4,87,25517,16280,25.4,18.0
Station_01,Inv_00,20170718,05:10:00,0.0,0.0,0,217.0,0.4,87,25517,16280,25.4,19.0
Station_01,Inv_00,20170718,05:11:00,0.0,0.0,0,217.0,0.4,87,25517,16280,25.4,19.0
Station_01,Inv_00,20170718,05:12:00,0.0,0.0,0,217.0,0.4,87,25517,16280,25.4,19.0
Station_01,Inv_00,20170718,05:13:00,0.0,0.0,0,217.0,0.4,87,25517,16280,25.4,20.0
Station_01,Inv_00,20170718,05:14:00,0.0,0.0,0,217.0,0.4,87,25517,16280,25.4,20.0
Station_01,Inv_00,20170718,05:15:00,0.0,0.0,0,217.0,0.4,87,25517,16280,25.4,21.0
Station_01,Inv_00,20170718,05:16:00,0.0,0.0,0,217.0,0.4,87,25517,16280,25.4,20.0
Station_01,Inv_00,20170718,05:17:00,0.0,0.0,0,217.0,0.4,87,25517,16280,25.5,20.0
Station_01,Inv_00,20170718,05:18:00,0.0,0.0,0,217.0,0.4,87,25517,16280,25.5,20.0
Station_01,Inv_00,20170718,05:19:00,0.0,0.0,0,217.0,0.4,87,25517,16280,25.5,20.0
Station_01,Inv_00,20170718,05:20:00,0.0,0.0,0,217.0,0.4,87,25517,16280,25.5,20.0
Station_01,Inv_00,20170718,05:21:00,0.0,0.0,0,217.0,0.4,87,25517,16280,25.5,20.0
Station_01,Inv_00,20170718,05:22:00,0.0,0.0,0,217.0,0.4,87,25517,16280,25.6,20.0
Station_01,Inv_00,20170718,05:23:00,0.0,0.0,0,217.0,0.4,87,25517,16280,25.6,21.0
Station_01,Inv_00,20170718,05:24:00,0.0,0.0,0,217.0,0.4,87,25517,16280,25.6,21.0
Station_01,Inv_00,20170718,05:25:00,0.0,0.0,0,217.0,0.4,87,25517,16280,25.5,22.0
Station_01,Inv_00,20170718,05:26:00,0.0,0.0,0,217.0,0.4,87,25517,16280,25.5,23.0
Station_01,Inv_00,20170718,05:27:00,0.0,0.0,0,217.0,0.4,87,25517,16280,25.5,23.0
Station_01,Inv_00,20170718,05:28:00,0.0,0.0,0,217.0,0.4,87,25517,16280,25.6,24.0
Station_01,Inv_00,20170718,05:29:00,0.0,0.0,0,217.0,0.4,87,25517,16280,25.6,474.0
Station_01,Inv_00,20170718,05:30:00,0.0,0.0,0,217.0,0.4,87,25517,16280,25.6,26.0
Station_01,Inv_00,20170718,05:31:00,0.0,0.0,0,221.0,0.5,111,25517,16280,25.5,27.0
Station_01,Inv_00,20170718,05:32:00,0.0,0.0,0,221.0,0.5,111,25517,16280,25.5,28.0
Station_01,Inv_00,20170718,05:33:00,0.0,0.0,0,222.0,0.5,111,25517,16280,25.6,29.0
Station_01,Inv_00,20170718,05:34:00,0.0,0.0,0,223.0,0.5,112,25517,16280,25.6,29.0
Station_01,Inv_00,20170718,05:35:00,0.0,0.0,0,221.0,0.5,111,25517,16280,25.7,30.0
Station_01,Inv_00,20170718,05:36:00,202.0,0.1,20,0.0,0.0,0,25517,16280,25.7,31.0
Station_01,Inv_00,20170718,05:37:00,204.0,0.1,20,217.0,0.4,87,25517,16280,25.7,32.0
Station_01,Inv_00,20170718,05:38:00,203.0,0.1,20,217.0,0.5,109,25517,16280,25.7,33.0
Station_01,Inv_00,20170718,05:39:00,209.0,0.2,42,218.0,0.4,87,25517,16280,25.7,34.0
Station_01,Inv_00,20170718,05:40:00,227.3,0.3,68,217.0,0.5,109,25517,16280,25.7,35.0
Station_01,Inv_00,20170718,05:41:00,207.7,0.3,62,217.0,0.5,109,25517,16280,25.7,36.0
Station_01,Inv_00,20170718,05:42:00,210.3,0.3,63,218.0,0.4,87,25517,16280,25.7,37.0
Station_01,Inv_00,20170718,05:43:00,210.0,0.3,63,218.0,0.5,109,25517,16280,25.8,38.0
Station_01,Inv_00,20170718,05:44:00,213.7,0.3,64,218.0,0.5,109,25517,16280,25.8,39.0
Station_01,Inv_00,20170718,05:45:00,216.0,0.3,65,218.0,0.5,109,25517,16280,25.8,40.0
Station_01,Inv_00,20170718,05:46:00,214.0,0.3,64,218.0,0.5,109,25517,16280,25.8,41.0
Station_01,Inv_00,20170718,05:47:00,222.5,0.4,89,218.0,0.5,109,25517,16280,25.9,42.0
Station_01,Inv_00,20170718,05:48:00,225.0,0.4,90,218.0,0.5,109,25517,16280,25.9,43.0
Station_01,Inv_00,20170718,05:49:00,227.0,0.4,91,218.0,0.5,109,25517,16280,25.9,44.0
Station_01,Inv_00,20170718,05:50:00,196.0,0.4,78,218.0,0.5,109,25517,16280,25.9,45.0
Station_01,Inv_00,20170718,05:51:00,215.8,0.5,108,218.0,0.5,109,25517,16280,25.9,46.0
Station_01,Inv_00,20170718,05:52:00,220.8,0.5,110,218.0,0.5,109,25517,16280,26.0,48.0
Station_01,Inv_00,20170718,05:53:00,224.6,0.5,112,217.0,0.6,130,25517,16280,26.0,49.0
Station_01,Inv_00,20170718,05:54:00,231.0,0.5,116,217.0,0.6,130,25517,16280,26.0,51.0
Station_01,Inv_00,20170718,05:55:00,177.2,0.5,89,216.0,0.5,108,25517,16280,26.1,52.0
Station_01,Inv_00,20170718,05:56:00,183.8,0.5,92,216.0,0.6,130,25517,16280,26.1,54.0
Station_01,Inv_00,20170718,05:57:00,223.0,0.6,134,217.0,0.7,152,25517,16280,26.1,56.0
Station_01,Inv_00,20170718,05:58:00,220.7,0.7,155,218.0,0.7,153,25517,16280,26.2,57.0
Station_01,Inv_00,20170718,05:59:00,229.5,0.6,138,217.0,0.8,174,25517,16280,26.2,59.0
Station_01,Inv_00,20170718,06:00:00,239.0,0.6,143,217.0,0.8,174,25517,16280,26.3,61.0
Station_01,Inv_00,20170718,06:01:00,225.0,0.7,158,216.0,0.9,194,25517,16280,26.3,63.0
Station_01,Inv_00,20170718,06:02:00,226.0,0.8,181,216.0,0.9,194,25517,16280,26.4,65.0
Station_01,Inv_00,20170718,06:03:00,231.5,0.8,185,217.0,0.9,195,25517,16280,26.4,67.0
Station_01,Inv_00,20170718,06:04:00,224.0,0.8,179,217.0,1.0,217,25517,16280,26.4,69.0
Station_01,Inv_00,20170718,06:05:00,210.5,0.8,168,217.0,1.0,217,25517,16280,26.5,71.0
Station_01,Inv_00,20170718,06:06:00,224.0,0.9,202,216.0,1.0,216,25517,16280,26.6,73.0
Station_01,Inv_00,20170718,06:07:00,226.4,0.9,204,216.0,1.0,216,25517,16280,26.6,75.0
Station_01,Inv_00,20170718,06:08:00,226.0,0.8,181,216.0,1.0,216,25517,16280,26.7,76.0
Station_01,Inv_00,20170718,06:09:00,229.5,1.0,230,216.0,1.1,238,25517,16280,26.7,78.0
Station_01,Inv_00,20170718,06:10:00,225.5,1.0,226,216.0,1.1,238,25517,16280,26.8,80.0
Station_01,Inv_00,20170718,06:11:00,241.5,1.0,242,216.0,1.1,238,25517,16280,26.9,82.0
Station_01,Inv_00,20170718,06:12:00,236.2,0.9,213,217.0,1.1,239,25517,16280,27.0,84.0
Station_01,Inv_00,20170718,06:13:00,241.3,1.1,265,217.0,1.2,260,25517,16280,27.1,86.0
Station_01,Inv_00,20170718,06:14:00,225.4,1.1,248,216.0,1.2,259,25517,16280,27.1,88.0
Station_01,Inv_00,20170718,06:15:00,205.5,1.1,226,216.0,1.1,238,25517,16280,27.2,90.0
Station_01,Inv_00,20170718,06:16:00,241.8,1.1,266,216.0,1.3,281,25517,16280,27.3,92.0
Station_01,Inv_00,20170718,06:17:00,233.0,1.2,280,216.0,1.3,281,25517,16280,27.4,94.0
Station_01,Inv_00,20170718,06:18:00,234.5,1.2,281,216.0,1.3,281,25517,16280,27.5,96.0
Station_01,Inv_00,20170718,06:19:00,228.2,1.3,297,216.0,1.4,302,25517,16280,27.6,100.0
Station_01,Inv_00,20170718,06:20:00,210.0,1.4,294,216.0,1.3,281,25517,16280,27.7,106.0
Station_01,Inv_00,20170718,06:21:00,237.0,1.4,332,216.0,1.5,324,25517,16280,27.8,113.0
Station_01,Inv_00,20170718,06:22:00,245.5,1.5,368,216.0,1.6,346,25517,16280,28.0,120.0
Station_01,Inv_00,20170718,06:23:00,244.3,1.6,391,215.0,1.7,366,25517,16280,28.3,126.0
Station_01,Inv_00,20170718,06:24:00,233.0,1.6,373,216.0,1.7,367,25517,16280,28.6,128.0
Station_01,Inv_00,20170718,06:25:00,247.2,1.7,420,216.0,1.8,389,25517,16280,28.9,131.0
Station_01,Inv_00,20170718,06:26:00,249.9,1.5,375,216.0,1.8,389,25517,16280,29.2,131.0
Station_01,Inv_00,20170718,06:27:00,238.0,1.7,405,217.0,1.8,391,25517,16280,29.4,131.0
Station_01,Inv_00,20170718,06:28:00,246.0,1.7,418,217.0,1.8,391,25517,16280,29.5,131.0
Station_01,Inv_00,20170718,06:29:00,245.9,1.7,418,218.0,1.8,392,25517,16280,29.7,131.0
Station_01,Inv_00,20170718,06:30:00,237.9,1.7,404,216.0,1.8,389,25517,16280,29.9,129.0
Station_01,Inv_00,20170718,06:31:00,243.9,1.7,415,216.0,1.8,389,25517,16280,30.0,130.0
Station_01,Inv_00,20170718,06:32:00,236.2,1.8,425,216.0,1.8,389,25517,16280,30.2,132.0
Station_01,Inv_00,20170718,06:33:00,239.3,1.8,431,216.0,1.9,410,25517,16280,30.4,133.0
Station_01,Inv_00,20170718,06:34:00,230.5,1.8,415,216.0,1.8,389,25517,16280,30.4,135.0
Station_01,Inv_00,20170718,06:35:00,239.9,1.9,456,216.0,2.0,432,25517,16280,30.5,138.0
Station_01,Inv_00,20170718,06:36:00,240.4,1.9,457,216.0,2.0,432,25517,16280,30.6,141.0
Station_01,Inv_00,20170718,06:37:00,247.4,1.9,470,217.0,2.0,434,25517,16280,30.6,144.0
Station_01,Inv_00,20170718,06:38:00,244.0,2.0,488,217.0,2.1,456,25517,16280,30.9,148.0
Station_01,Inv_00,20170718,06:39:00,242.0,2.1,508,217.0,2.2,477,25517,16280,30.9,152.0
Station_01,Inv_00,20170718,06:40:00,246.0,2.0,492,216.0,2.3,497,25517,16280,31.2,157.0
Station_01,Inv_00,20170718,06:41:00,239.0,2.2,526,216.0,2.3,497,25517,16280,31.3,162.0
Station_01,Inv_00,20170718,06:42:00,243.2,2.3,559,216.0,2.4,518,25517,16280,31.5,165.0
Station_01,Inv_00,20170718,06:43:00,245.0,2.3,564,217.0,2.4,521,25517,16280,31.8,167.0
Station_01,Inv_00,20170718,06:44:00,241.0,2.4,578,217.0,2.5,543,25517,16280,31.8,170.0
Station_01,Inv_00,20170718,06:45:00,244.0,2.4,586,217.0,2.5,543,25517,16280,31.9,173.0
Station_01,Inv_00,20170718,06:46:00,248.4,2.5,621,217.0,2.6,564,25517,16280,32.2,179.0
Station_01,Inv_00,20170718,06:47:00,242.0,2.6,629,217.0,2.9,629,25517,16280,32.3,192.0
Station_01,Inv_00,20170718,06:48:00,245.9,2.9,713,217.0,3.1,673,25517,16280,32.7,205.0
Station_01,Inv_00,20170718,06:49:00,239.3,3.2,766,217.0,3.3,716,25517,16280,32.9,223.0
Station_01,Inv_00,20170718,06:50:00,243.5,3.1,755,217.0,3.2,694,25517,16280,33.1,225.0
Station_01,Inv_00,20170718,06:51:00,243.4,3.0,730,216.0,3.1,670,25517,16280,33.3,215.0
Station_01,Inv_00,20170718,06:52:00,243.5,3.0,731,217.0,3.1,673,25517,16280,33.4,210.0
Station_01,Inv_00,20170718,06:53:00,237.5,3.1,736,216.0,3.1,670,25517,16280,33.5,219.0
Station_01,Inv_00,20170718,06:54:00,243.5,3.1,755,216.0,3.2,691,25517,16280,33.6,217.0
Station_01,Inv_00,20170718,06:55:00,245.8,3.2,787,216.0,3.4,734,25517,16280,33.6,229.0
Station_01,Inv_00,20170718,06:56:00,246.4,3.3,813,216.0,3.5,756,25517,16280,33.6,231.0
Station_01,Inv_00,20170718,06:57:00,245.8,3.4,836,216.0,3.6,778,25517,16280,33.8,240.0
Station_01,Inv_00,20170718,06:58:00,244.5,3.1,758,217.0,3.2,694,25517,16280,33.7,224.0
Station_01,Inv_00,20170718,06:59:00,239.4,3.1,742,217.0,3.1,673,25517,16280,33.7,215.0
Station_01,Inv_00,20170718,07:00:00,242.4,3.1,751,217.0,3.2,694,25517,16280,33.9,216.0
Station_01,Inv_00,20170718,07:01:00,243.0,3.3,802,215.0,3.5,753,25517,16280,33.9,229.0
Station_01,Inv_00,20170718,07:02:00,239.5,3.0,719,215.0,3.2,688,25517,16280,33.8,219.0
Station_01,Inv_00,20170718,07:03:00,239.9,3.2,768,216.0,3.3,713,25517,16280,34.1,222.0
Station_01,Inv_00,20170718,07:04:00,243.5,3.1,755,216.0,3.2,691,25517,16280,34.2,217.0
Station_01,Inv_00,20170718,07:05:00,238.5,3.2,763,216.0,3.3,713,25517,16280,34.3,223.0
Station_01,Inv_00,20170718,07:06:00,239.5,3.2,766,215.0,3.3,710,25517,16280,34.3,219.0
Station_01,Inv_00,20170718,07:07:00,241.5,3.0,725,215.0,3.1,667,25517,16280,34.4,214.0
Station_01,Inv_00,20170718,07:08:00,237.5,3.0,713,217.0,3.1,673,25517,16280,34.1,210.0
Station_01,Inv_00,20170718,07:09:00,242.0,3.0,726,217.0,3.1,673,25517,16280,34.0,210.0
Station_01,Inv_00,20170718,07:10:00,237.5,3.1,736,217.0,3.1,673,25517,16280,33.9,211.0
Station_01,Inv_00,20170718,07:11:00,243.5,3.1,755,217.0,3.3,716,25517,16280,34.1,216.0
Station_01,Inv_00,20170718,07:12:00,242.0,3.2,774,217.0,3.3,716,25517,16280,34.1,221.0
Station_01,Inv_00,20170718,07:13:00,238.5,3.4,811,217.0,3.5,760,25517,16280,34.3,229.0
Station_01,Inv_00,20170718,07:14:00,246.5,3.4,838,217.0,3.6,781,25517,16280,34.0,234.0
Station_01,Inv_00,20170718,07:15:00,243.5,3.6,877,218.0,3.7,807,25517,16280,34.3,250.0
Station_01,Inv_00,20170718,07:16:00,239.0,3.4,813,217.0,3.6,781,25517,16280,34.3,234.0
Station_01,Inv_00,20170718,07:17:00,242.0,3.3,799,217.0,3.6,781,25517,16280,34.2,234.0
Station_01,Inv_00,20170718,07:18:00,240.5,3.4,818,217.0,3.6,781,25517,16280,34.1,238.0
Station_01,Inv_00,20170718,07:19:00,243.5,3.3,804,217.0,3.6,781,25517,16280,34.6,236.0
Station_01,Inv_00,20170718,07:20:00,241.4,3.5,845,217.0,3.6,781,25517,16280,34.6,240.0
Station_01,Inv_00,20170718,07:21:00,243.5,3.4,828,217.0,3.7,803,25517,16280,35.1,243.0
Station_01,Inv_00,20170718,07:22:00,246.0,3.4,836,218.0,3.7,807,25517,16280,34.9,246.0
Station_01,Inv_00,20170718,07:23:00,244.0,3.6,878,218.0,3.8,828,25517,16280,35.2,249.0
Station_01,Inv_00,20170718,07:24:00,240.4,3.7,890,218.0,3.8,828,25517,16280,35.1,252.0
Station_01,Inv_00,20170718,07:25:00,240.0,3.7,888,218.0,3.9,850,25517,16280,35.1,258.0
Station_01,Inv_00,20170718,07:26:00,239.0,3.9,932,218.0,4.0,872,25517,16280,35.1,263.0
Station_01,Inv_00,20170718,07:27:00,228.5,3.9,891,219.0,3.9,854,25517,16280,35.0,268.0
Station_01,Inv_00,20170718,07:28:00,237.0,4.0,948,219.0,4.1,898,25517,16280,35.3,276.0
Station_01,Inv_00,20170718,07:29:00,243.0,4.1,996,219.0,4.3,942,25517,16280,35.3,287.0
Station_01,Inv_00,20170718,07:30:00,238.0,4.3,1023,218.0,4.4,959,25517,16280,35.4,297.0
Station_01,Inv_00,20170718,07:31:00,242.9,4.5,1093,218.0,4.7,1025,25517,16280,35.7,318.0
Station_01,Inv_00,20170718,07:32:00,247.0,4.4,1087,218.0,4.7,1025,25517,16280,35.9,313.0
Station_01,Inv_00,20170718,07:33:00,243.5,4.6,1120,218.0,4.6,1003,25517,16280,35.7,311.0
Station_01,Inv_00,20170718,07:34:00,245.5,4.5,1105,219.0,4.7,1029,25517,16280,36.2,316.0
Station_01,Inv_00,20170718,07:35:00,244.9,4.8,1176,219.0,4.9,1073,25517,16280,36.2,325.0
Station_01,Inv_00,20170718,07:36:00,244.5,5.4,1320,219.0,5.6,1226,25517,16280,36.9,355.0
Station_01,Inv_00,20170718,07:37:00,243.5,5.0,1218,219.0,5.2,1139,25518,16280,37.1,347.0
Station_01,Inv_00,20170718,07:38:00,241.4,5.1,1231,219.0,5.1,1117,25518,16280,37.2,344.0
Station_01,Inv_00,20170718,07:39:00,242.0,4.8,1162,219.0,5.1,1117,25518,16280,37.1,336.0
Station_01,Inv_00,20170718,07:40:00,244.4,4.8,1173,220.0,5.1,1122,25518,16280,37.2,336.0
Station_01,Inv_00,20170718,07:41:00,239.0,5.2,1243,219.0,5.4,1183,25518,16280,37.7,354.0
Station_01,Inv_00,20170718,07:42:00,240.0,5.4,1296,219.0,5.4,1183,25518,16280,37.4,358.0
Station_01,Inv_00,20170718,07:43:00,240.5,5.9,1419,221.0,6.0,1326,25518,16280,38.1,384.0
Station_01,Inv_00,20170718,07:44:00,239.0,5.8,1386,219.0,6.0,1314,25518,16280,38.8,406.0
Station_01,Inv_00,20170718,07:45:00,240.4,6.2,1490,219.0,6.4,1402,25518,16280,38.9,404.0
Station_01,Inv_00,20170718,07:46:00,237.5,6.5,1544,218.0,6.7,1461,25518,16280,39.7,444.0
Station_01,Inv_00,20170718,07:47:00,239.0,6.1,1458,219.0,6.3,1380,25518,16280,40.4,426.0
Station_01,Inv_00,20170718,07:48:00,241.9,6.6,1597,219.0,6.8,1489,25518,16280,40.7,431.0
Station_01,Inv_00,20170718,07:49:00,243.5,6.4,1558,219.0,6.7,1467,25518,16280,40.8,442.0
Station_01,Inv_00,20170718,07:50:00,239.4,7.2,1724,219.0,7.4,1621,25518,16280,41.2,474.0
Station_01,Inv_00,20170718,07:51:00,237.9,8.0,1903,219.0,8.2,1796,25518,16280,41.8,538.0
Station_01,Inv_00,20170718,07:52:00,239.0,7.5,1792,219.0,7.7,1686,25518,16280,42.3,508.0
Station_01,Inv_00,20170718,07:53:00,236.5,7.3,1726,219.0,7.5,1643,25518,16280,42.5,495.0
Station_01,Inv_00,20170718,07:54:00,235.5,6.5,1531,218.0,6.7,1461,25518,16280,41.9,444.0
Station_01,Inv_00,20170718,07:55:00,234.0,6.3,1474,218.0,6.4,1395,25518,16280,42.2,425.0
Station_01,Inv_00,20170718,07:56:00,235.0,6.9,1622,218.0,7.1,1548,25518,16280,42.2,455.0
Station_01,Inv_00,20170718,07:57:00,235.5,6.5,1531,218.0,6.7,1461,25518,16280,42.4,441.0
Station_01,Inv_00,20170718,07:58:00,236.4,7.0,1655,218.0,7.2,1570,25518,16280,42.2,460.0
Station_01,Inv_00,20170718,07:59:00,237.0,6.9,1635,218.0,6.9,1504,25518,16280,41.8,451.0
Station_01,Inv_00,20170718,08:00:00,232.0,7.3,1694,217.0,7.3,1584,25518,16280,42.6,474.0
Station_01,Inv_00,20170718,08:01:00,237.0,7.9,1872,217.0,8.1,1758,25518,16280,43.0,492.0
Station_01,Inv_00,20170718,08:02:00,237.5,6.7,1591,217.0,7.0,1519,25518,16280,43.2,469.0
Station_01,Inv_00,20170718,08:03:00,237.5,6.8,1615,216.0,7.1,1534,25518,16280,43.8,460.0
Station_01,Inv_00,20170718,08:04:00,238.0,6.1,1452,218.0,6.3,1373,25518,16280,43.0,419.0
Station_01,Inv_00,20170718,08:05:00,233.0,6.3,1468,217.0,6.2,1345,25518,16280,42.8,414.0
Station_01,Inv_00,20170718,08:06:00,236.5,5.9,1395,216.0,6.2,1339,25518,16280,42.2,400.0
Station_01,Inv_00,20170718,08:07:00,231.9,5.9,1369,217.0,6.0,1302,25518,16280,42.0,394.0
Station_01,Inv_00,20170718,08:08:00,233.0,5.9,1375,216.0,6.0,1296,25518,16280,42.4,388.0
Station_01,Inv_00,20170718,08:09:00,233.5,6.0,1401,216.0,6.0,1296,25518,16280,42.8,391.0
Station_01,Inv_00,20170718,08:10:00,231.0,6.0,1386,217.0,6.1,1324,25518,16280,42.1,399.0
Station_01,Inv_00,20170718,08:11:00,233.0,6.0,1398,217.0,5.9,1280,25518,16280,41.9,390.0
Station_01,Inv_00,20170718,08:12:00,236.0,5.8,1369,217.0,5.9,1280,25518,16280,41.5,389.0
Station_01,Inv_00,20170718,08:13:00,236.5,6.1,1443,216.0,6.2,1339,25518,16280,40.9,397.0
Station_01,Inv_00,20170718,08:14:00,240.5,5.9,1419,216.0,6.1,1318,25518,16280,40.8,395.0
Station_01,Inv_00,20170718,08:15:00,241.0,5.7,1374,219.0,6.0,1314,25518,16280,40.5,391.0
Station_01,Inv_00,20170718,08:16:00,239.0,5.9,1410,219.0,5.9,1292,25518,16280,40.2,389.0
Station_01,Inv_00,20170718,08:17:00,237.0,5.8,1374,219.0,5.8,1270,25519,16281,39.8,383.0
Station_01,Inv_00,20170718,08:18:00,234.5,5.7,1337,218.0,5.7,1243,25519,16281,39.5,379.0
Station_01,Inv_00,20170718,08:19:00,239.5,5.5,1317,218.0,5.7,1243,25519,16281,39.4,375.0
Station_01,Inv_00,20170718,08:20:00,234.0,5.6,1310,218.0,5.7,1243,25519,16281,39.5,376.0
Station_01,Inv_00,20170718,08:21:00,243.0,5.6,1361,218.0,5.7,1243,25519,16281,40.1,374.0
Station_01,Inv_00,20170718,08:22:00,234.0,5.6,1310,219.0,5.6,1226,25519,16281,39.7,375.0
Station_01,Inv_00,20170718,08:23:00,244.4,5.4,1320,219.0,5.7,1248,25519,16281,40.1,374.0
Station_01,Inv_00,20170718,08:24:00,239.5,5.5,1317,218.0,5.7,1243,25519,16281,40.8,373.0
Station_01,Inv_00,20170718,08:25:00,238.5,5.5,1312,218.0,5.6,1221,25519,16281,41.4,373.0
Station_01,Inv_00,20170718,08:26:00,239.5,5.5,1317,219.0,5.7,1248,25519,16281,41.5,374.0
Station_01,Inv_00,20170718,08:27:00,237.5,6.0,1425,219.0,6.0,1314,25519,16281,41.9,393.0
Station_01,Inv_00,20170718,08:28:00,239.5,5.6,1341,219.0,5.6,1226,25519,16281,41.8,375.0
Station_01,Inv_00,20170718,08:29:00,237.0,5.5,1304,219.0,5.6,1226,25519,16281,42.1,373.0
Station_01,Inv_00,20170718,08:30:00,238.5,5.5,1312,218.0,5.6,1221,25519,16281,42.1,374.0
Station_01,Inv_00,20170718,08:31:00,238.9,5.4,1290,218.0,5.6,1221,25519,16281,41.7,370.0
Station_01,Inv_00,20170718,08:32:00,235.0,5.5,1292,217.0,5.6,1215,25519,16281,41.7,372.0
Station_01,Inv_00,20170718,08:33:00,234.4,5.6,1313,217.0,5.6,1215,25519,16281,41.6,370.0
Station_01,Inv_00,20170718,08:34:00,235.0,5.7,1339,217.0,5.9,1280,25519,16281,42.1,381.0
Station_01,Inv_00,20170718,08:35:00,236.0,5.9,1392,217.0,5.9,1280,25519,16281,41.8,398.0
Station_01,Inv_00,20170718,08:36:00,226.5,5.9,1336,217.0,5.6,1215,25519,16281,41.8,383.0
Station_01,Inv_00,20170718,08:37:00,236.0,6.3,1487,217.0,6.3,1367,25519,16281,41.4,400.0
Station_01,Inv_00,20170718,08:38:00,234.5,6.1,1430,217.0,6.1,1324,25519,16281,41.9,402.0
Station_01,Inv_00,20170718,08:39:00,236.5,5.9,1395,217.0,5.9,1280,25519,16281,41.3,392.0
Station_01,Inv_00,20170718,08:40:00,238.5,7.1,1693,217.0,7.2,1562,25519,16281,41.6,443.0
Station_01,Inv_00,20170718,08:41:00,236.0,9.9,2336,218.0,10.2,2224,25519,16281,43.2,658.0
Station_01,Inv_00,20170718,08:42:00,239.0,6.9,1649,219.0,7.1,1555,25519,16281,43.1,453.0
Station_01,Inv_00,20170718,08:43:00,236.4,7.4,1750,218.0,7.7,1679,25519,16281,42.9,508.0
Station_01,Inv_00,20170718,08:44:00,238.0,6.1,1452,219.0,6.2,1358,25519,16281,43.7,431.0
Station_01,Inv_00,20170718,08:45:00,236.5,6.2,1466,218.0,6.3,1373,25519,16281,42.8,418.0
Station_01,Inv_00,20170718,08:46:00,231.5,8.9,2060,218.0,9.0,1962,25519,16281,43.5,606.0
Station_01,Inv_00,20170718,08:47:00,236.0,8.7,2053,218.0,8.8,1918,25519,16281,43.9,545.0
Station_01,Inv_00,20170718,08:48:00,237.5,8.0,1900,218.0,8.2,1788,25519,16281,43.6,535.0
Station_01,Inv_00,20170718,08:49:00,230.5,6.8,1567,218.0,6.9,1504,25519,16281,45.0,510.0
Station_01,Inv_00,20170718,08:50:00,236.0,5.5,1298,217.0,5.5,1194,25519,16281,44.4,394.0
Station_01,Inv_00,20170718,08:51:00,228.5,5.7,1302,218.0,5.6,1221,25519,16281,44.7,423.0
Station_01,Inv_00,20170718,08:52:00,227.5,7.9,1797,219.0,7.7,1686,25519,16281,45.0,552.0
Station_01,Inv_00,20170718,08:53:00,232.9,4.8,1118,218.0,4.7,1025,25519,16281,43.6,358.0
Station_01,Inv_00,20170718,08:54:00,231.5,6.3,1458,218.0,6.2,1352,25519,16281,43.0,387.0
Station_01,Inv_00,20170718,08:55:00,237.5,6.3,1496,218.0,6.4,1395,25519,16281,42.4,435.0
Station_01,Inv_00,20170718,08:56:00,236.0,10.6,2501,219.0,10.8,2365,25519,16281,43.3,648.0
Station_01,Inv_00,20170718,08:57:00,236.5,8.7,2058,219.0,8.9,1949,25520,16282,43.8,579.0
Station_01,Inv_00,20170718,08:58:00,235.0,11.3,2655,219.0,11.4,2497,25520,16282,45.5,743.0
Station_01,Inv_00,20170718,08:59:00,234.0,11.1,2597,219.0,11.1,2431,25520,16282,45.3,722.0
Station_01,Inv_00,20170718,09:00:00,234.0,7.7,1802,219.0,7.7,1686,25520,16282,46.2,544.0
Station_01,Inv_00,20170718,09:01:00,232.0,7.7,1786,218.0,7.7,1679,25520,16282,46.3,529.0
Station_01,Inv_00,20170718,09:02:00,233.5,6.9,1611,218.0,6.9,1504,25520,16282,45.6,469.0
Station_01,Inv_00,20170718,09:03:00,231.0,6.4,1478,218.0,6.2,1352,25520,16282,45.8,424.0
Station_01,Inv_00,20170718,09:04:00,228.5,10.3,2354,219.0,10.1,2212,25520,16282,45.8,635.0
Station_01,Inv_00,20170718,09:05:00,230.5,10.6,2443,218.0,10.5,2289,25520,16282,46.7,667.0
Station_01,Inv_00,20170718,09:06:00,225.0,11.7,2632,218.0,11.3,2463,25520,16282,48.1,735.0
Station_01,Inv_00,20170718,09:07:00,229.5,11.3,2593,219.0,11.1,2431,25520,16282,48.6,674.0
Station_01,Inv_00,20170718,09:08:00,229.5,11.3,2593,219.0,11.2,2453,25520,16282,49.8,708.0
Station_01,Inv_00,20170718,09:09:00,226.5,11.1,2514,219.0,10.8,2365,25520,16282,49.7,680.0
Station_01,Inv_00,20170718,09:10:00,223.5,10.5,2347,218.0,10.2,2224,25520,16282,51.1,691.0
Station_01,Inv_00,20170718,09:11:00,226.5,9.1,2061,219.0,8.9,1949,25520,16282,50.1,633.0
Station_01,Inv_00,20170718,09:12:00,219.0,12.0,2628,219.0,11.3,2475,25520,16282,50.3,744.0
Station_01,Inv_00,20170718,09:13:00,221.0,10.9,2409,219.0,10.3,2256,25520,16282,49.0,682.0
Station_01,Inv_00,20170718,09:14:00,227.0,10.0,2270,219.0,9.8,2146,25520,16282,49.2,634.0
Station_01,Inv_00,20170718,09:15:00,226.5,9.0,2039,219.0,8.7,1905,25520,16282,47.3,591.0
Station_01,Inv_00,20170718,09:16:00,229.4,10.8,2478,219.0,10.7,2343,25520,16282,48.9,737.0
Station_01,Inv_00,20170718,09:17:00,227.9,8.4,1915,219.0,8.2,1796,25520,16282,48.2,582.0
Station_01,Inv_00,20170718,09:18:00,230.5,8.3,1913,219.0,8.2,1796,25520,16282,47.2,541.0
Station_01,Inv_00,20170718,09:19:00,229.5,7.9,1813,218.0,7.9,1722,25520,16282,45.7,523.0
Station_01,Inv_00,20170718,09:20:00,229.0,8.9,2038,218.0,8.8,1918,25520,16282,45.2,549.0
Station_01,Inv_00,20170718,09:21:00,232.0,7.9,1833,218.0,7.9,1722,25520,16282,45.6,513.0
Station_01,Inv_00,20170718,09:22:00,222.0,8.0,1776,218.0,7.7,1679,25520,16282,45.9,519.0
Station_01,Inv_00,20170718,09:23:00,235.0,7.6,1786,218.0,7.7,1679,25520,16282,45.9,510.0
Station_01,Inv_00,20170718,09:24:00,232.4,8.6,1999,218.0,8.7,1897,25520,16282,45.9,569.0
Station_01,Inv_00,20170718,09:25:00,232.0,8.1,1879,218.0,8.2,1788,25521,16282,45.9,541.0
Station_01,Inv_00,20170718,09:26:00,234.5,7.3,1712,218.0,7.4,1613,25521,16282,45.6,497.0
Station_01,Inv_00,20170718,09:27:00,234.5,6.8,1594,218.0,7.0,1526,25521,16282,45.8,466.0
Station_01,Inv_00,20170718,09:28:00,231.0,7.9,1825,218.0,8.0,1744,25521,16282,45.7,511.0
Station_01,Inv_00,20170718,09:29:00,218.0,8.1,1766,218.0,7.7,1679,25521,16282,47.1,540.0
Station_01,Inv_00,20170718,09:30:00,230.5,7.2,1660,218.0,7.2,1570,25521,16282,46.8,481.0
Station_01,Inv_00,20170718,09:31:00,232.5,7.2,1674,218.0,7.3,1591,25521,16282,46.6,489.0
Station_01,Inv_00,20170718,09:32:00,225.0,7.5,1687,218.0,7.3,1591,25521,16282,46.8,493.0
Station_01,Inv_00,20170718,09:33:00,231.0,7.2,1663,218.0,7.2,1570,25521,16282,46.0,484.0
Station_01,Inv_00,20170718,09:34:00,233.5,8.2,1915,219.0,8.2,1796,25521,16282,46.4,526.0
Station_01,Inv_00,20170718,09:35:00,232.5,7.7,1790,218.0,7.7,1679,25521,16282,46.5,530.0
Station_01,Inv_00,20170718,09:36:00,230.0,7.3,1679,218.0,7.2,1570,25521,16282,46.3,490.0
Station_01,Inv_00,20170718,09:37:00,228.5,8.3,1897,218.0,8.2,1788,25521,16282,46.2,516.0
Station_01,Inv_00,20170718,09:38:00,230.5,7.4,1706,218.0,7.2,1570,25521,16282,45.5,484.0
Station_01,Inv_00,20170718,09:39:00,229.5,7.1,1629,218.0,7.1,1548,25521,16282,45.3,458.0
Station_01,Inv_00,20170718,09:40:00,230.5,7.5,1729,218.0,7.6,1657,25521,16282,45.8,486.0
Station_01,Inv_00,20170718,09:41:00,234.5,7.2,1688,218.0,7.2,1570,25521,16282,44.6,469.0
Station_01,Inv_00,20170718,09:42:00,235.0,9.0,2115,218.0,9.2,2006,25521,16282,46.0,572.0
Station_01,Inv_00,20170718,09:43:00,233.4,9.0,2101,218.0,9.0,1962,25521,16282,46.4,575.0
Station_01,Inv_00,20170718,09:44:00,232.5,10.3,2395,219.0,10.3,2256,25521,16282,47.6,648.0
Station_01,Inv_00,20170718,09:45:00,232.0,9.0,2088,219.0,9.1,1993,25521,16282,47.0,585.0
Station_01,Inv_00,20170718,09:46:00,232.0,8.3,1925,219.0,8.3,1818,25521,16282,47.0,540.0
Station_01,Inv_00,20170718,09:47:00,223.5,12.3,2749,219.0,11.8,2584,25521,16282,49.4,775.0
Station_01,Inv_00,20170718,09:48:00,226.0,11.7,2644,219.0,11.4,2497,25521,16282,48.8,735.0
Station_01,Inv_00,20170718,09:49:00,230.5,7.7,1775,219.0,7.7,1686,25521,16282,49.7,545.0
Station_01,Inv_00,20170718,09:50:00,229.4,6.6,1514,218.0,6.4,1395,25521,16282,47.4,440.0
Station_01,Inv_00,20170718,09:51:00,218.0,7.1,1548,218.0,6.7,1461,25521,16282,46.6,463.0
Station_01,Inv_00,20170718,09:52:00,232.0,6.9,1601,218.0,6.8,1482,25521,16282,47.0,449.0
Station_01,Inv_00,20170718,09:53:00,230.0,10.3,2369,218.0,10.4,2267,25521,16282,47.1,641.0
Station_01,Inv_00,20170718,09:54:00,228.4,9.0,2056,218.0,9.0,1962,25521,16282,47.4,587.0
Station_01,Inv_00,20170718,09:55:00,231.5,7.2,1667,218.0,7.1,1548,25521,16282,46.8,476.0
Station_01,Inv_00,20170718,09:56:00,234.5,7.4,1735,218.0,7.4,1613,25521,16282,46.4,481.0
Station_01,Inv_00,20170718,09:57:00,234.5,8.7,2040,219.0,8.9,1949,25522,16283,46.8,597.0
Station_01,Inv_00,20170718,09:58:00,232.5,11.0,2557,219.0,11.0,2409,25522,16283,48.2,645.0
Station_01,Inv_00,20170718,09:59:00,230.0,9.9,2277,219.0,9.8,2146,25522,16283,49.3,669.0
Station_01,Inv_00,20170718,10:00:00,227.5,11.3,2571,219.0,11.2,2453,25522,16283,50.1,730.0
Station_01,Inv_00,20170718,10:01:00,224.5,8.1,1818,218.0,7.9,1722,25522,16283,50.7,566.0
Station_01,Inv_00,20170718,10:02:00,232.0,8.3,1926,218.0,8.4,1831,25522,16283,50.6,549.0
Station_01,Inv_00,20170718,10:03:00,229.5,8.9,2043,218.0,8.8,1918,25522,16283,50.4,576.0
Station_01,Inv_00,20170718,10:04:00,229.0,8.5,1946,218.0,8.4,1831,25522,16283,49.7,544.0
Station_01,Inv_00,20170718,10:05:00,229.5,7.8,1790,218.0,7.8,1700,25522,16283,49.3,566.0
Station_01,Inv_00,20170718,10:06:00,229.0,7.2,1649,218.0,7.2,1570,25522,16283,49.8,479.0
Station_01,Inv_00,20170718,10:07:00,227.5,7.5,1706,218.0,7.4,1613,25522,16283,48.7,489.0
Station_01,Inv_00,20170718,10:08:00,232.0,8.9,2065,218.0,8.9,1940,25522,16283,49.5,576.0
Station_01,Inv_00,20170718,10:09:00,218.0,7.7,1678,218.0,7.3,1591,25522,16283,49.4,522.0
Station_01,Inv_00,20170718,10:10:00,220.5,7.5,1654,217.0,7.1,1541,25522,16283,49.3,473.0
Station_01,Inv_00,20170718,10:11:00,221.5,8.7,1927,218.0,8.2,1788,25522,16283,48.3,536.0
Station_01,Inv_00,20170718,10:12:00,223.4,11.0,2458,218.0,10.7,2333,25522,16283,50.2,663.0
Station_01,Inv_00,20170718,10:13:00,230.0,8.1,1863,217.0,8.0,1736,25522,16283,50.3,529.0
Station_01,Inv_00,20170718,10:14:00,218.5,10.3,2250,217.0,9.8,2127,25522,16283,51.0,680.0
Station_01,Inv_00,20170718,10:15:00,220.0,14.2,3124,218.0,13.6,2965,25522,16283,52.4,851.0
Station_01,Inv_00,20170718,10:16:00,222.0,10.2,2264,218.0,9.8,2136,25522,16283,52.8,665.0
Station_01,Inv_00,20170718,10:17:00,227.5,9.5,2161,217.0,9.3,2018,25522,16283,53.4,604.0
Station_01,Inv_00,20170718,10:18:00,226.5,13.1,2967,218.0,12.9,2812,25522,16283,52.5,820.0
Station_01,Inv_00,20170718,10:19:00,224.5,11.3,2537,217.0,10.9,2365,25522,16283,52.1,708.0
Station_01,Inv_00,20170718,10:20:00,221.5,12.9,2857,218.0,12.4,2703,25522,16283,54.4,796.0
Station_01,Inv_00,20170718,10:21:00,225.5,9.7,2187,218.0,9.5,2071,25522,16283,52.6,642.0
Station_01,Inv_00,20170718,10:22:00,226.0,10.2,2305,218.0,10.0,2180,25522,16283,54.8,650.0
Station_01,Inv_00,20170718,10:23:00,226.5,8.8,1993,217.0,8.7,1888,25522,16283,55.6,621.0
Station_01,Inv_00,20170718,10:24:00,211.5,11.3,2390,218.0,10.3,2245,25523,16284,54.3,666.0
Station_01,Inv_00,20170718,10:25:00,222.0,10.5,2331,217.0,10.1,2192,25523,16284,54.6,669.0
Station_01,Inv_00,20170718,10:26:00,225.0,13.3,2992,218.0,12.8,2790,25523,16284,54.8,766.0
Station_01,Inv_00,20170718,10:27:00,223.0,10.2,2274,218.0,10.0,2180,25523,16284,53.6,703.0
Station_01,Inv_00,20170718,10:28:00,223.0,12.4,2765,218.0,11.8,2572,25523,16284,53.7,792.0
Station_01,Inv_00,20170718,10:29:00,220.0,10.2,2244,218.0,9.8,2136,25523,16284,55.1,687.0
Station_01,Inv_00,20170718,10:30:00,225.5,9.0,2030,218.0,8.9,1940,25523,16284,55.1,622.0
Station_01,Inv_00,20170718,10:31:00,222.8,9.5,2117,218.0,9.2,2006,25523,16284,54.6,612.0
Station_01,Inv_00,20170718,10:32:00,223.5,11.3,2525,218.0,11.0,2398,25523,16284,56.8,738.0
Station_01,Inv_00,20170718,10:33:00,211.5,9.3,1967,217.0,8.5,1845,25523,16284,53.9,621.0
Station_01,Inv_00,20170718,10:34:00,223.5,9.6,2145,218.0,9.3,2027,25523,16284,52.9,595.0
Station_01,Inv_00,20170718,10:35:00,220.0,13.0,2860,218.0,12.5,2725,25523,16284,53.0,854.0
Station_01,Inv_00,20170718,10:36:00,225.0,9.3,2092,217.0,9.2,1996,25523,16284,52.8,618.0
Station_01,Inv_00,20170718,10:37:00,226.0,10.2,2305,217.0,10.1,2192,25523,16284,52.8,730.0
Station_01,Inv_00,20170718,10:38:00,225.9,13.1,2960,218.0,12.6,2747,25523,16284,52.7,791.0
Station_01,Inv_00,20170718,10:39:00,221.5,11.5,2547,217.0,11.1,2409,25523,16284,54.9,781.0
Station_01,Inv_00,20170718,10:40:00,220.5,14.2,3131,218.0,13.7,2987,25523,16284,53.7,871.0
Station_01,Inv_00,20170718,10:41:00,223.5,9.4,2101,217.0,9.2,1996,25523,16284,53.9,634.0
Station_01,Inv_00,20170718,10:42:00,224.5,14.4,3233,218.0,13.9,3030,25523,16284,54.8,816.0
Station_01,Inv_00,20170718,10:43:00,225.0,9.0,2025,217.0,8.8,1910,25523,16284,53.8,600.0
Station_01,Inv_00,20170718,10:44:00,224.0,10.2,2285,217.0,9.9,2148,25523,16284,53.3,635.0
Station_01,Inv_00,20170718,10:45:00,221.9,9.8,2175,217.0,9.5,2062,25523,16284,53.6,678.0
Station_01,Inv_00,20170718,10:46:00,204.0,9.5,1938,217.0,8.4,1823,25523,16284,54.9,589.0
Station_01,Inv_00,20170718,10:47:00,207.0,17.3,3581,218.0,15.2,3314,25523,16284,54.3,847.0
Station_01,Inv_00,20170718,10:48:00,207.0,19.5,4036,218.0,17.1,3728,25523,16284,55.8,1168.0
Station_01,Inv_00,20170718,10:49:00,211.5,11.6,2453,218.0,10.7,2333,25524,16284,57.1,801.0
Station_01,Inv_00,20170718,10:50:00,213.0,15.5,3301,218.0,14.2,3096,25524,16284,57.6,853.0
Station_01,Inv_00,20170718,10:51:00,206.5,10.3,2127,217.0,9.2,1996,25524,16284,55.5,636.0
Station_01,Inv_00,20170718,10:52:00,218.5,9.0,1967,218.0,8.6,1875,25524,16284,55.6,581.0
Station_01,Inv_00,20170718,10:53:00,219.5,10.8,2370,218.0,10.3,2245,25524,16284,55.1,634.0
Station_01,Inv_00,20170718,10:54:00,218.4,12.9,2818,218.0,12.1,2638,25524,16284,57.6,818.0
Station_01,Inv_00,20170718,10:55:00,216.9,15.5,3363,218.0,14.6,3183,25524,16284,58.9,930.0
Station_01,Inv_00,20170718,10:56:00,220.5,11.6,2558,217.0,11.1,2409,25524,16284,58.1,723.0
Station_01,Inv_00,20170718,10:57:00,222.4,13.9,3092,218.0,13.2,2878,25524,16284,58.2,794.0
Station_01,Inv_00,20170718,10:58:00,217.5,15.2,3306,218.0,14.4,3139,25524,16284,60.0,970.0
Station_01,Inv_00,20170718,10:59:00,216.0,17.3,3737,218.0,16.0,3488,25524,16284,62.0,1115.0
Station_01,Inv_00,20170718,11:00:00,211.0,14.9,3144,218.0,13.6,2965,25524,16284,62.3,943.0
Station_01,Inv_00,20170718,11:01:00,209.0,11.1,2320,217.0,10.4,2257,25524,16284,60.8,824.0
Station_01,Inv_00,20170718,11:02:00,216.0,8.9,1922,217.0,8.5,1845,25524,16284,60.5,626.0
Station_01,Inv_00,20170718,11:03:00,216.0,8.1,1750,217.0,7.7,1671,25524,16284,58.2,528.0
Station_01,Inv_00,20170718,11:04:00,222.0,8.9,1976,217.0,8.6,1866,25524,16284,55.3,561.0
Station_01,Inv_00,20170718,11:05:00,219.0,13.9,3044,217.0,13.0,2821,25524,16284,59.8,925.0
Station_01,Inv_00,20170718,11:06:00,215.5,10.1,2176,217.0,9.3,2018,25524,16284,58.8,646.0
Station_01,Inv_00,20170718,11:07:00,212.5,15.8,3357,217.0,14.5,3147,25524,16284,60.6,1001.0
Station_01,Inv_00,20170718,11:08:00,217.0,12.7,2756,217.0,11.9,2582,25524,16284,59.9,834.0
Station_01,Inv_00,20170718,11:09:00,211.5,16.0,3384,217.0,14.8,3212,25524,16284,62.7,1079.0
Station_01,Inv_00,20170718,11:10:00,213.5,16.6,3544,217.0,15.2,3298,25524,16284,65.0,1014.0
Station_01,Inv_00,20170718,11:11:00,210.0,16.4,3444,217.0,14.9,3233,25525,16285,64.8,1048.0
Station_01,Inv_00,20170718,11:12:00,202.5,11.2,2268,217.0,9.9,2148,25525,16285,65.7,758.0
Station_01,Inv_00,20170718,11:13:00,206.0,13.4,2760,217.0,11.9,2582,25525,16285,63.7,864.0
Station_01,Inv_00,20170718,11:14:00,201.5,14.3,2881,217.0,12.4,2691,25525,16285,66.5,838.0
Station_01,Inv_00,20170718,11:15:00,205.4,11.5,2363,217.0,10.2,2213,25525,16285,65.6,712.0
Station_01,Inv_00,20170718,11:16:00,208.0,13.3,2766,217.0,11.9,2582,25525,16285,66.7,825.0
Station_01,Inv_00,20170718,11:17:00,205.0,13.1,2685,217.0,11.7,2539,25525,16285,65.4,849.0
Station_01,Inv_00,20170718,11:18:00,207.5,15.3,3175,217.0,13.8,2995,25525,16285,65.6,928.0
Station_01,Inv_00,20170718,11:19:00,200.0,14.8,2960,217.0,12.9,2799,25525,16285,64.1,902.0
Station_01,Inv_00,20170718,11:20:00,205.5,13.7,2815,217.0,12.0,2604,25525,16285,65.7,812.0
Station_01,Inv_00,20170718,11:21:00,204.4,12.9,2637,217.0,11.4,2474,25525,16285,63.7,851.0
Station_01,Inv_00,20170718,11:22:00,208.4,11.7,2438,217.0,10.6,2300,25525,16285,62.0,751.0
Station_01,Inv_00,20170718,11:23:00,214.4,9.9,2123,216.0,9.3,2009,25525,16285,60.7,664.0
Station_01,Inv_00,20170718,11:24:00,218.9,11.4,2496,216.0,10.8,2333,25525,16285,62.1,707.0
Station_01,Inv_00,20170718,11:25:00,215.5,13.3,2866,218.0,12.4,2703,25525,16285,63.6,821.0
Station_01,Inv_00,20170718,11:26:00,213.0,13.9,2961,217.0,12.6,2734,25525,16285,64.5,823.0
Station_01,Inv_00,20170718,11:27:00,210.5,16.0,3368,218.0,14.4,3139,25525,16285,66.9,1021.0
Station_01,Inv_00,20170718,11:28:00,205.9,16.5,3398,218.0,14.5,3161,25525,16285,67.4,1027.0
Station_01,Inv_00,20170718,11:29:00,206.0,16.8,3461,217.0,14.9,3233,25525,16285,67.3,1068.0
Station_01,Inv_00,20170718,11:30:00,205.5,15.1,3103,217.0,13.4,2908,25525,16285,67.6,945.0
Station_01,Inv_00,20170718,11:31:00,209.5,11.5,2409,217.0,10.5,2279,25525,16285,68.0,755.0
Station_01,Inv_00,20170718,11:32:00,208.0,11.3,2350,217.0,10.3,2235,25526,16286,67.0,710.0
Station_01,Inv_00,20170718,11:33:00,203.0,10.1,2050,216.0,8.9,1922,25526,16286,66.6,632.0
Station_01,Inv_00,20170718,11:34:00,214.0,9.9,2118,216.0,9.3,2009,25526,16286,64.3,627.0
Station_01,Inv_00,20170718,11:35:00,215.0,10.5,2258,217.0,9.8,2127,25526,16286,61.6,662.0
Station_01,Inv_00,20170718,11:36:00,213.0,10.5,2236,217.0,9.6,2083,25526,16286,60.8,635.0
Station_01,Inv_00,20170718,11:37:00,218.0,9.4,2049,217.0,9.0,1953,25526,16286,62.0,612.0
Station_01,Inv_00,20170718,11:38:00,213.9,13.5,2888,217.0,12.3,2669,25526,16286,63.0,770.0
Station_01,Inv_00,20170718,11:39:00,209.9,15.6,3274,217.0,14.3,3103,25526,16286,65.2,990.0
Station_01,Inv_00,20170718,11:40:00,212.9,14.9,3173,217.0,13.4,2908,25526,16286,61.6,810.0
Station_01,Inv_00,20170718,11:41:00,209.9,13.3,2792,217.0,11.9,2582,25526,16286,63.1,801.0
Station_01,Inv_00,20170718,11:42:00,212.0,9.8,2077,217.0,9.1,1975,25526,16286,62.6,671.0
Station_01,Inv_00,20170718,11:43:00,206.5,14.2,2932,217.0,12.4,2691,25526,16286,62.8,732.0
Station_01,Inv_00,20170718,11:44:00,209.9,10.2,2141,217.0,9.6,2083,25526,16286,63.3,710.0
Station_01,Inv_00,20170718,11:45:00,212.0,10.0,2120,217.0,9.3,2018,25526,16286,61.7,612.0
Station_01,Inv_00,20170718,11:46:00,212.0,8.0,1696,217.0,7.5,1628,25526,16286,60.5,525.0
Station_01,Inv_00,20170718,11:47:00,213.0,7.2,1533,217.0,6.7,1454,25526,16286,59.1,462.0
Station_01,Inv_00,20170718,11:48:00,211.0,8.5,1793,217.0,7.8,1693,25526,16286,58.3,542.0
Station_01,Inv_00,20170718,11:49:00,220.5,7.8,1720,217.0,7.5,1628,25526,16286,57.2,489.0
Station_01,Inv_00,20170718,11:50:00,222.0,12.4,2753,218.0,11.9,2594,25526,16286,57.7,738.0
Station_01,Inv_00,20170718,11:51:00,222.0,13.1,2908,218.0,12.6,2747,25526,16286,59.2,819.0
Station_01,Inv_00,20170718,11:52:00,207.5,13.9,2884,217.0,12.4,2691,25526,16286,61.1,813.0
Station_01,Inv_00,20170718,11:53:00,211.4,13.3,2812,218.0,12.0,2616,25526,16286,62.0,766.0
Station_01,Inv_00,20170718,11:54:00,206.5,15.1,3118,218.0,13.3,2899,25526,16286,64.5,914.0
Station_01,Inv_00,20170718,11:55:00,208.5,16.9,3524,219.0,15.0,3285,25526,16286,65.5,1042.0
Station_01,Inv_00,20170718,11:56:00,204.0,17.3,3529,219.0,15.0,3285,25526,16286,69.0,1044.0
Station_01,Inv_00,20170718,11:57:00,194.0,16.0,3104,219.0,13.3,2913,25527,16286,70.4,1004.0
Station_01,Inv_00,20170718,11:58:00,194.5,15.0,2918,219.0,12.4,2716,25527,16286,70.3,867.0
Station_01,Inv_00,20170718,11:59:00,197.5,16.8,3318,219.0,13.9,3044,25527,16286,70.8,938.0
Station_01,Inv_00,20170718,12:00:00,204.0,14.8,3019,219.0,12.8,2803,25527,16286,70.2,875.0
Station_01,Inv_00,20170718,12:01:00,206.0,15.2,3131,219.0,13.3,2913,25527,16286,68.6,938.0
Station_01,Inv_00,20170718,12:02:00,192.5,18.0,3465,220.0,14.7,3234,25527,16286,71.4,1074.0
Station_01,Inv_00,20170718,12:03:00,202.0,16.9,3414,220.0,14.4,3168,25527,16286,68.8,1019.0
Station_01,Inv_00,20170718,12:04:00,201.0,16.7,3357,220.0,14.3,3146,25527,16286,72.1,1021.0
Station_01,Inv_00,20170718,12:05:00,201.5,16.7,3365,220.0,14.2,3124,25527,16286,73.7,1013.0
Station_01,Inv_00,20170718,12:06:00,200.0,16.0,3200,220.0,13.5,2970,25527,16286,72.6,982.0
Station_01,Inv_00,20170718,12:07:00,195.0,13.8,2691,220.0,11.5,2530,25527,16286,73.4,847.0
Station_01,Inv_00,20170718,12:08:00,200.0,15.3,3060,220.0,13.0,2860,25527,16286,74.9,918.0
Station_01,Inv_00,20170718,12:09:00,196.0,15.3,2999,220.0,12.7,2794,25527,16286,75.0,940.0
Station_01,Inv_00,20170718,12:10:00,195.0,16.4,3198,220.0,13.6,2992,25527,16286,71.8,1021.0
Station_01,Inv_00,20170718,12:11:00,198.5,16.5,3275,220.0,13.8,3036,25527,16286,71.7,954.0
Station_01,Inv_00,20170718,12:12:00,200.0,15.9,3179,220.0,13.4,2948,25527,16286,73.3,982.0
Station_01,Inv_00,20170718,12:13:00,193.5,13.0,2515,220.0,10.8,2376,25527,16286,74.1,856.0
Station_01,Inv_00,20170718,12:14:00,192.0,12.0,2304,220.0,9.8,2156,25527,16286,71.8,731.0
Station_01,Inv_00,20170718,12:15:00,206.0,10.6,2183,219.0,9.4,2059,25527,16286,70.2,662.0
Station_01,Inv_00,20170718,12:16:00,207.0,12.0,2484,219.0,10.7,2343,25528,16287,69.8,737.0
Station_01,Inv_00,20170718,12:17:00,203.0,12.5,2538,219.0,10.9,2387,25528,16287,66.3,756.0
Station_01,Inv_00,20170718,12:18:00,204.5,14.5,2965,219.0,12.5,2738,25528,16287,64.5,839.0
Station_01,Inv_00,20170718,12:19:00,202.5,12.9,2612,219.0,11.3,2475,25528,16287,66.2,840.0
Station_01,Inv_00,20170718,12:20:00,212.0,11.7,2480,220.0,10.8,2376,25528,16287,65.6,748.0
Station_01,Inv_00,20170718,12:21:00,208.9,11.6,2424,220.0,10.3,2266,25528,16287,63.4,714.0
Station_01,Inv_00,20170718,12:22:00,209.9,12.1,2540,220.0,10.8,2376,25528,16287,66.2,758.0
Station_01,Inv_00,20170718,12:23:00,210.5,13.6,2862,220.0,12.3,2706,25528,16287,66.1,848.0
Station_01,Inv_00,20170718,12:24:00,209.5,13.0,2723,220.0,11.8,2596,25528,16287,65.5,857.0
Station_01,Inv_00,20170718,12:25:00,207.0,13.8,2856,220.0,12.3,2706,25528,16287,66.1,860.0
Station_01,Inv_00,20170718,12:26:00,205.4,15.8,3245,220.0,13.8,3036,25528,16287,67.0,922.0
Station_01,Inv_00,20170718,12:27:00,198.0,15.9,3148,220.0,13.4,2948,25528,16287,66.1,932.0
Station_01,Inv_00,20170718,12:28:00,203.5,14.9,3032,220.0,12.9,2838,25528,16287,69.6,866.0
Station_01,Inv_00,20170718,12:29:00,205.4,13.3,2732,220.0,11.7,2574,25528,16287,68.7,826.0
Station_01,Inv_00,20170718,12:30:00,208.5,11.0,2293,219.0,9.9,2168,25528,16287,68.3,708.0
Station_01,Inv_00,20170718,12:31:00,207.0,10.2,2111,219.0,9.2,2015,25528,16287,68.5,652.0
Station_01,Inv_00,20170718,12:32:00,194.0,9.9,1921,219.0,8.2,1796,25528,16287,67.2,592.0
Station_01,Inv_00,20170718,12:33:00,209.5,8.6,1802,219.0,7.8,1708,25528,16287,65.3,546.0
Station_01,Inv_00,20170718,12:34:00,213.5,7.5,1601,219.0,7.0,1533,25528,16287,63.8,489.0
Station_01,Inv_00,20170718,12:35:00,196.0,7.6,1489,219.0,6.4,1402,25528,16287,62.6,463.0
Station_01,Inv_00,20170718,12:36:00,208.0,7.4,1539,219.0,6.7,1467,25528,16287,61.4,462.0
Station_01,Inv_00,20170718,12:37:00,189.5,7.4,1402,219.0,6.1,1336,25528,16287,60.3,454.0
Station_01,Inv_00,20170718,12:38:00,188.0,7.2,1354,219.0,5.8,1270,25528,16287,58.3,444.0
Station_01,Inv_00,20170718,12:39:00,220.0,6.9,1518,218.0,6.5,1417,25528,16287,56.7,435.0
Station_01,Inv_00,20170718,12:40:00,222.0,6.9,1532,219.0,6.5,1424,25528,16287,57.3,434.0
Station_01,Inv_00,20170718,12:41:00,206.5,7.6,1569,219.0,6.7,1467,25528,16287,56.9,452.0
Station_01,Inv_00,20170718,12:42:00,204.0,8.8,1795,219.0,7.7,1686,25528,16287,57.3,527.0
Station_01,Inv_00,20170718,12:43:00,218.0,11.1,2420,220.0,10.3,2266,25529,16288,57.3,638.0
Station_01,Inv_00,20170718,12:44:00,218.5,13.4,2928,220.0,12.4,2728,25529,16288,58.3,798.0
Station_01,Inv_00,20170718,12:45:00,216.5,14.2,3074,220.0,13.0,2860,25529,16288,61.7,899.0
Station_01,Inv_00,20170718,12:46:00,208.5,14.4,3002,220.0,12.9,2838,25529,16288,62.8,850.0
Station_01,Inv_00,20170718,12:47:00,200.5,12.7,2546,219.0,10.9,2387,25529,16288,63.6,748.0
Station_01,Inv_00,20170718,12:48:00,201.5,10.5,2116,219.0,9.2,2015,25529,16288,64.3,746.0
Station_01,Inv_00,20170718,12:49:00,211.5,11.0,2326,219.0,9.8,2146,25529,16288,62.7,591.0
Station_01,Inv_00,20170718,12:50:00,211.4,9.4,1988,219.0,8.5,1862,25529,16288,62.1,615.0
Station_01,Inv_00,20170718,12:51:00,219.0,9.0,1971,219.0,8.4,1840,25529,16288,60.1,568.0
Station_01,Inv_00,20170718,12:52:00,219.0,12.2,2672,220.0,11.4,2508,25529,16288,61.9,697.0
Station_01,Inv_00,20170718,12:53:00,216.0,9.8,2117,219.0,9.2,2015,25529,16288,61.4,704.0
Station_01,Inv_00,20170718,12:54:00,216.5,12.7,2750,220.0,11.7,2574,25529,16288,62.1,673.0
Station_01,Inv_00,20170718,12:55:00,214.5,15.3,3281,220.0,14.0,3080,25529,16288,64.7,954.0
Station_01,Inv_00,20170718,12:56:00,212.0,12.4,2629,220.0,11.3,2486,25529,16288,65.0,776.0
Station_01,Inv_00,20170718,12:57:00,211.0,14.3,3017,220.0,12.8,2816,25529,16288,65.7,828.0
Station_01,Inv_00,20170718,12:58:00,207.5,9.8,2034,219.0,8.8,1927,25529,16288,66.7,667.0
Station_01,Inv_00,20170718,12:59:00,211.0,14.4,3038,218.0,12.9,2812,25529,16288,66.1,789.0
Station_01,Inv_00,20170718,13:00:00,207.5,14.6,3029,218.0,13.0,2834,25529,16288,66.7,880.0
Station_01,Inv_00,20170718,13:01:00,208.5,11.0,2293,215.0,10.1,2172,25529,16288,66.8,689.0
Station_01,Inv_00,20170718,13:02:00,204.5,10.7,2188,215.0,9.7,2086,25529,16288,67.0,664.0
Station_01,Inv_00,20170718,13:03:00,205.5,9.4,1931,214.0,8.5,1819,25529,16288,65.3,581.0
Station_01,Inv_00,20170718,13:04:00,210.4,8.2,1726,214.0,7.6,1626,25529,16288,64.5,535.0
Station_01,Inv_00,20170718,13:05:00,210.5,7.9,1663,214.0,7.4,1584,25529,16288,63.2,504.0
Station_01,Inv_00,20170718,13:06:00,209.0,8.7,1818,214.0,8.1,1733,25529,16288,62.8,543.0
Station_01,Inv_00,20170718,13:07:00,214.0,8.0,1712,212.0,7.6,1611,25529,16288,62.8,491.0
Station_01,Inv_00,20170718,13:08:00,200.0,11.6,2320,212.0,10.2,2162,25530,16288,62.7,571.0
Station_01,Inv_00,20170718,13:09:00,192.5,11.3,2175,211.0,9.6,2026,25530,16288,64.0,671.0
Station_01,Inv_00,20170718,13:10:00,202.0,9.5,1919,211.0,8.5,1794,25530,16288,63.2,570.0
Station_01,Inv_00,20170718,13:11:00,209.5,10.7,2241,211.0,10.1,2131,25530,16288,64.3,683.0
Station_01,Inv_00,20170718,13:12:00,211.0,8.7,1836,211.0,8.2,1730,25530,16288,63.4,540.0
Station_01,Inv_00,20170718,13:13:00,211.5,8.5,1798,211.0,8.1,1709,25530,16288,62.2,527.0
Station_01,Inv_00,20170718,13:14:00,215.5,10.1,2177,211.0,9.7,2047,25530,16288,62.4,612.0
Station_01,Inv_00,20170718,13:15:00,216.0,10.7,2311,212.0,10.3,2184,25530,16288,62.4,626.0
Station_01,Inv_00,20170718,13:16:00,216.0,8.3,1793,212.0,7.9,1675,25530,16288,61.6,522.0
Station_01,Inv_00,20170718,13:17:00,219.0,8.1,1774,212.0,7.9,1675,25530,16288,61.4,508.0
Station_01,Inv_00,20170718,13:18:00,219.0,7.5,1642,212.0,7.3,1548,25530,16288,60.5,493.0
Station_01,Inv_00,20170718,13:19:00,217.9,7.7,1678,211.0,7.2,1519,25530,16288,59.8,437.0
Station_01,Inv_00,20170718,13:20:00,218.0,6.7,1461,211.0,6.6,1393,25530,16288,57.9,458.0
Station_01,Inv_00,20170718,13:21:00,220.0,6.2,1364,212.0,6.0,1272,25530,16288,57.1,393.0
Station_01,Inv_00,20170718,13:22:00,225.0,6.1,1372,211.0,6.0,1266,25530,16288,57.0,384.0
Station_01,Inv_00,20170718,13:23:00,223.0,6.7,1494,211.0,6.7,1414,25530,16288,57.2,430.0
Station_01,Inv_00,20170718,13:24:00,206.0,6.3,1298,211.0,5.6,1182,25530,16288,56.6,389.0
Station_01,Inv_00,20170718,13:25:00,213.9,5.9,1262,211.0,5.5,1161,25530,16288,53.2,368.0
Station_01,Inv_00,20170718,13:26:00,222.0,5.9,1310,212.0,5.9,1251,25530,16288,53.1,374.0
Station_01,Inv_00,20170718,13:27:00,221.0,6.5,1436,211.0,6.2,1308,25530,16288,53.1,399.0
Station_01,Inv_00,20170718,13:28:00,217.5,7.1,1544,212.0,6.9,1463,25530,16288,53.5,447.0
Station_01,Inv_00,20170718,13:29:00,218.0,11.5,2507,212.0,11.1,2353,25530,16288,54.9,635.0
Station_01,Inv_00,20170718,13:30:00,212.5,8.7,1849,212.0,8.3,1760,25530,16288,54.9,578.0
Station_01,Inv_00,20170718,13:31:00,224.5,7.9,1774,212.0,8.0,1696,25530,16288,55.6,504.0
Station_01,Inv_00,20170718,13:32:00,218.0,8.3,1809,212.0,8.1,1717,25530,16288,55.0,508.0
Station_01,Inv_00,20170718,13:33:00,220.5,11.0,2425,212.0,10.8,2290,25530,16288,57.0,653.0
Station_01,Inv_00,20170718,13:34:00,211.5,14.6,3088,212.0,13.7,2904,25530,16288,58.3,836.0
Station_01,Inv_00,20170718,13:35:00,218.0,8.3,1809,212.0,7.9,1675,25530,16288,58.5,536.0
Station_01,Inv_00,20170718,13:36:00,219.3,11.8,2588,212.0,11.3,2396,25530,16288,59.3,665.0
Station_01,Inv_00,20170718,13:37:00,216.4,11.5,2489,212.0,11.1,2353,25530,16288,60.8,775.0
Station_01,Inv_00,20170718,13:38:00,216.9,13.0,2819,213.0,12.5,2663,25530,16288,61.8,786.0
Station_01,Inv_00,20170718,13:39:00,218.0,13.5,2942,212.0,12.9,2735,25531,16289,62.9,791.0
Station_01,Inv_00,20170718,13:40:00,213.5,8.7,1857,212.0,8.3,1760,25531,16289,62.7,599.0
Station_01,Inv_00,20170718,13:41:00,218.0,6.7,1461,211.0,6.5,1372,25531,16289,62.0,460.0
Station_01,Inv_00,20170718,13:42:00,220.5,5.9,1301,211.0,5.7,1203,25531,16289,60.0,378.0
Station_01,Inv_00,20170718,13:43:00,222.0,5.4,1199,211.0,5.4,1139,25531,16289,58.4,351.0
Station_01,Inv_00,20170718,13:44:00,213.0,12.1,2577,213.0,11.3,2407,25531,16289,59.2,625.0
Station_01,Inv_00,20170718,13:45:00,214.4,6.9,1480,212.0,6.8,1442,25531,16289,59.1,475.0
Station_01,Inv_00,20170718,13:46:00,222.4,5.6,1245,211.0,5.6,1182,25531,16289,57.5,358.0
Station_01,Inv_00,20170718,13:47:00,222.5,7.0,1558,211.0,6.9,1456,25531,16289,56.4,408.0
Station_01,Inv_00,20170718,13:48:00,223.0,10.8,2408,212.0,10.6,2247,25531,16289,58.0,606.0
Station_01,Inv_00,20170718,13:49:00,220.5,6.3,1389,211.0,6.1,1287,25531,16289,58.0,437.0
Station_01,Inv_00,20170718,13:50:00,218.0,5.6,1221,211.0,5.3,1118,25531,16289,56.0,350.0
Station_01,Inv_00,20170718,13:51:00,226.0,5.3,1198,211.0,5.2,1097,25531,16289,55.4,336.0
Station_01,Inv_00,20170718,13:52:00,224.5,5.0,1123,211.0,5.0,1055,25531,16289,55.1,321.0
Station_01,Inv_00,20170718,13:53:00,228.5,4.9,1120,211.0,5.0,1055,25531,16289,54.3,315.0
Station_01,Inv_00,20170718,13:54:00,226.0,11.1,2508,212.0,11.1,2353,25531,16289,54.7,556.0
Station_01,Inv_00,20170718,13:55:00,222.0,6.0,1332,211.0,5.9,1245,25531,16289,53.4,391.0
Station_01,Inv_00,20170718,13:56:00,228.0,5.1,1163,211.0,5.1,1076,25531,16289,52.1,331.0
Station_01,Inv_00,20170718,13:57:00,225.5,5.8,1308,212.0,5.6,1187,25531,16289,51.6,345.0
Station_01,Inv_00,20170718,13:58:00,224.5,9.1,2043,212.0,9.1,1929,25531,16289,52.3,505.0
Station_01,Inv_00,20170718,13:59:00,215.0,10.7,2301,212.0,10.3,2184,25531,16289,52.6,624.0
Station_01,Inv_00,20170718,14:00:00,225.5,8.3,1872,212.0,8.3,1760,25531,16289,53.5,544.0
Station_01,Inv_00,20170718,14:01:00,228.0,8.1,1847,211.0,8.2,1730,25531,16289,52.9,507.0
Station_01,Inv_00,20170718,14:02:00,225.5,5.4,1218,211.0,5.4,1139,25531,16289,53.5,431.0
Station_01,Inv_00,20170718,14:03:00,227.5,4.0,910,211.0,4.1,865,25531,16289,50.9,278.0
Station_01,Inv_00,20170718,14:04:00,226.0,3.9,881,211.0,3.9,823,25531,16289,50.2,253.0
Station_01,Inv_00,20170718,14:05:00,226.5,3.8,861,211.0,3.8,802,25531,16289,49.6,257.0
Station_01,Inv_00,20170718,14:06:00,222.5,3.8,845,211.0,3.8,802,25531,16289,49.2,258.0
Station_01,Inv_00,20170718,14:07:00,230.0,4.0,920,210.0,4.0,840,25531,16289,48.0,270.0
Station_01,Inv_00,20170718,14:08:00,227.4,4.6,1046,211.0,4.6,971,25531,16289,47.9,305.0
Station_01,Inv_00,20170718,14:09:00,226.5,5.6,1268,211.0,5.5,1161,25531,16289,47.2,339.0
Station_01,Inv_00,20170718,14:10:00,231.0,10.1,2333,211.0,10.3,2173,25531,16289,49.5,570.0
Station_01,Inv_00,20170718,14:11:00,238.9,10.3,2461,212.0,11.0,2332,25531,16289,51.1,655.0
Station_01,Inv_00,20170718,14:12:00,233.0,10.8,2516,212.0,11.1,2353,25531,16289,51.7,605.0
Station_01,Inv_00,20170718,14:13:00,230.0,5.8,1334,211.0,5.8,1224,25531,16289,52.0,398.0
Station_01,Inv_00,20170718,14:14:00,229.0,5.4,1237,212.0,5.6,1187,25531,16289,50.9,357.0
Station_01,Inv_00,20170718,14:15:00,228.0,6.3,1436,212.0,6.2,1314,25531,16289,50.6,378.0
Station_01,Inv_00,20170718,14:16:00,218.5,9.3,2032,211.0,8.7,1836,25531,16289,50.8,553.0
Station_01,Inv_00,20170718,14:17:00,229.5,7.4,1698,211.0,7.6,1604,25531,16289,51.8,543.0
Station_01,Inv_00,20170718,14:18:00,227.5,8.7,1979,212.0,8.9,1887,25532,16289,50.2,546.0
Station_01,Inv_00,20170718,14:19:00,224.4,8.2,1840,212.0,8.2,1738,25532,16289,51.5,545.0
Station_01,Inv_00,20170718,14:20:00,226.4,8.8,1993,211.0,8.9,1878,25532,16289,51.5,575.0
Station_01,Inv_00,20170718,14:21:00,229.4,9.0,2065,212.0,9.1,1929,25532,16289,51.8,572.0
Station_01,Inv_00,20170718,14:22:00,230.0,6.1,1403,211.0,6.2,1308,25532,16289,50.0,393.0
Station_01,Inv_00,20170718,14:23:00,224.5,8.0,1796,211.0,8.0,1688,25532,16289,51.2,529.0
Station_01,Inv_00,20170718,14:24:00,223.0,9.4,2096,211.0,9.3,1962,25532,16289,50.2,567.0
Station_01,Inv_00,20170718,14:25:00,224.0,9.1,2038,212.0,9.0,1908,25532,16289,51.6,575.0
Station_01,Inv_00,20170718,14:26:00,220.4,10.4,2293,212.0,10.3,2184,25532,16289,50.7,639.0
Station_01,Inv_00,20170718,14:27:00,226.0,10.7,2418,212.0,10.8,2290,25532,16289,50.5,651.0
Station_01,Inv_00,20170718,14:28:00,228.5,10.6,2422,212.0,10.8,2290,25532,16289,50.3,656.0
Station_01,Inv_00,20170718,14:29:00,212.0,11.5,2438,212.0,10.8,2290,25532,16289,50.5,693.0
Station_01,Inv_00,20170718,14:30:00,212.0,10.0,2120,212.0,9.1,1929,25532,16289,51.0,553.0
Station_01,Inv_00,20170718,14:31:00,225.5,11.0,2480,213.0,10.9,2322,25532,16289,52.8,665.0
Station_01,Inv_00,20170718,14:32:00,227.4,6.8,1547,211.0,6.8,1435,25532,16289,50.5,479.0
Station_01,Inv_00,20170718,14:33:00,226.5,10.3,2333,212.0,10.4,2205,25532,16289,51.2,660.0
Station_01,Inv_00,20170718,14:34:00,223.5,10.5,2347,212.0,10.4,2205,25532,16289,51.1,655.0
Station_01,Inv_00,20170718,14:35:00,211.0,10.1,2131,212.0,9.6,2035,25532,16289,50.1,634.0
Station_01,Inv_00,20170718,14:36:00,219.5,9.3,2041,212.0,9.2,1950,25532,16289,50.5,592.0
Station_01,Inv_00,20170718,14:37:00,226.0,7.5,1695,212.0,7.7,1632,25532,16289,49.4,522.0
Station_01,Inv_00,20170718,14:38:00,217.0,9.8,2127,212.0,9.4,1993,25532,16289,50.1,545.0
Station_01,Inv_00,20170718,14:39:00,221.5,10.9,2414,212.0,10.8,2290,25532,16289,49.8,676.0
Station_01,Inv_00,20170718,14:40:00,222.5,10.9,2425,212.0,10.8,2290,25532,16289,50.8,675.0
Station_01,Inv_00,20170718,14:41:00,224.4,10.6,2379,212.0,10.5,2226,25532,16289,51.1,667.0
Station_01,Inv_00,20170718,14:42:00,227.0,8.4,1906,212.0,8.6,1823,25532,16289,50.5,565.0
Station_01,Inv_00,20170718,14:43:00,225.0,7.3,1643,212.0,7.1,1505,25532,16289,51.2,446.0
Station_01,Inv_00,20170718,14:44:00,225.5,6.3,1421,212.0,6.2,1314,25532,16289,50.2,402.0
Station_01,Inv_00,20170718,14:45:00,227.0,8.6,1952,212.0,8.7,1844,25532,16289,51.7,548.0
Station_01,Inv_00,20170718,14:46:00,228.5,9.3,2125,212.0,9.5,2014,25532,16289,50.2,555.0
Station_01,Inv_00,20170718,14:47:00,227.5,8.9,2025,212.0,9.0,1908,25532,16289,50.7,583.0
Station_01,Inv_00,20170718,14:48:00,224.5,9.6,2155,212.0,9.7,2056,25533,16290,50.1,603.0
Station_01,Inv_00,20170718,14:49:00,230.5,5.5,1268,211.0,5.5,1161,25533,16290,49.7,365.0
Station_01,Inv_00,20170718,14:50:00,231.4,5.4,1250,212.0,5.6,1187,25533,16290,47.7,353.0
Station_01,Inv_00,20170718,14:51:00,230.0,8.3,1909,212.0,8.3,1760,25533,16290,49.1,516.0
Station_01,Inv_00,20170718,14:52:00,231.5,8.7,2014,213.0,8.8,1874,25533,16290,49.7,552.0
Station_01,Inv_00,20170718,14:53:00,228.5,8.3,1896,212.0,8.4,1781,25533,16290,50.2,541.0
Station_01,Inv_00,20170718,14:54:00,221.5,8.3,1838,213.0,8.1,1725,25533,16290,49.9,530.0
Station_01,Inv_00,20170718,14:55:00,226.0,9.5,2147,212.0,9.4,1993,25533,16290,49.6,584.0
Station_01,Inv_00,20170718,14:56:00,226.4,9.2,2083,212.0,9.3,1972,25533,16290,48.9,575.0
Station_01,Inv_00,20170718,14:57:00,229.5,8.8,2020,212.0,9.0,1908,25533,16290,49.8,568.0
Station_01,Inv_00,20170718,14:58:00,225.5,8.8,1984,212.0,8.8,1866,25533,16290,50.1,560.0
Station_01,Inv_00,20170718,14:59:00,228.0,8.0,1824,213.0,8.1,1725,25533,16290,49.2,532.0
Station_01,Inv_00,20170718,15:00:00,227.6,5.1,1161,212.0,5.0,1060,25533,16290,48.0,358.0
Station_01,Inv_00,20170718,15:01:00,229.2,5.3,1215,212.0,5.5,1166,25533,16290,47.6,405.0
Station_01,Inv_00,20170718,15:02:00,227.0,5.0,1135,212.0,5.0,1060,25533,16290,47.2,356.0
Station_01,Inv_00,20170718,15:03:00,230.0,5.0,1150,212.0,5.0,1060,25533,16290,45.6,310.0
Station_01,Inv_00,20170718,15:04:00,232.9,5.4,1258,212.0,5.4,1145,25533,16290,45.5,340.0
Station_01,Inv_00,20170718,15:05:00,230.0,5.4,1242,212.0,5.6,1187,25533,16290,45.4,353.0
Station_01,Inv_00,20170718,15:06:00,229.0,8.5,1946,213.0,8.7,1853,25533,16290,46.2,537.0
Station_01,Inv_00,20170718,15:07:00,233.0,7.0,1631,213.0,7.3,1555,25533,16290,45.2,477.0
Station_01,Inv_00,20170718,15:08:00,230.0,4.6,1058,212.0,4.7,996,25533,16290,44.8,319.0
Station_01,Inv_00,20170718,15:09:00,217.0,4.4,955,212.0,4.1,869,25533,16290,44.4,279.0
Station_01,Inv_00,20170718,15:10:00,215.5,4.4,948,212.0,4.1,869,25533,16290,43.3,276.0
Station_01,Inv_00,20170718,15:11:00,216.5,5.6,1212,213.0,5.2,1108,25533,16290,43.6,292.0
Station_01,Inv_00,20170718,15:12:00,226.5,6.0,1359,212.0,6.2,1314,25533,16290,44.4,396.0
Station_01,Inv_00,20170718,15:13:00,231.5,4.8,1111,212.0,5.0,1060,25533,16290,43.7,313.0
Station_01,Inv_00,20170718,15:14:00,233.5,5.3,1237,212.0,5.5,1166,25533,16290,43.6,338.0
Station_01,Inv_00,20170718,15:15:00,232.5,7.5,1744,213.0,7.8,1661,25533,16290,44.4,476.0
Station_01,Inv_00,20170718,15:16:00,234.0,7.9,1849,213.0,8.2,1747,25533,16290,45.2,496.0
Station_01,Inv_00,20170718,15:17:00,235.5,8.3,1955,213.0,8.7,1853,25533,16290,45.4,539.0
Station_01,Inv_00,20170718,15:18:00,236.0,6.9,1628,212.0,7.4,1569,25533,16290,46.2,502.0
Station_01,Inv_00,20170718,15:19:00,234.5,6.4,1501,212.0,6.6,1399,25533,16290,45.4,446.0
Station_01,Inv_00,20170718,15:20:00,240.4,5.4,1298,213.0,5.7,1214,25533,16290,45.0,386.0
Station_01,Inv_00,20170718,15:21:00,236.5,5.4,1277,212.0,5.6,1187,25533,16290,44.3,350.0
Station_01,Inv_00,20170718,15:22:00,231.5,5.8,1343,212.0,5.8,1230,25533,16290,43.4,369.0
Station_01,Inv_00,20170718,15:23:00,230.5,7.9,1821,212.0,8.1,1717,25533,16290,43.8,510.0
Station_01,Inv_00,20170718,15:24:00,223.5,8.1,1810,212.0,8.2,1738,25533,16290,44.4,523.0
Station_01,Inv_00,20170718,15:25:00,235.0,6.5,1527,212.0,6.7,1420,25533,16290,44.2,421.0
Station_01,Inv_00,20170718,15:26:00,229.5,6.5,1492,213.0,6.7,1427,25534,16291,44.3,408.0
Station_01,Inv_00,20170718,15:27:00,230.0,5.8,1334,213.0,6.0,1278,25534,16291,44.1,379.0
Station_01,Inv_00,20170718,15:28:00,234.5,5.0,1173,213.0,5.2,1108,25534,16291,43.0,334.0
Station_01,Inv_00,20170718,15:29:00,238.0,4.4,1047,213.0,4.5,959,25534,16291,41.8,290.0
Station_01,Inv_00,20170718,15:30:00,232.0,4.0,928,212.0,4.1,869,25534,16291,42.1,262.0
Station_01,Inv_00,20170718,15:31:00,229.4,4.2,964,213.0,4.0,852,25534,16291,41.0,266.0
Station_01,Inv_00,20170718,15:32:00,218.5,4.8,1049,212.0,4.6,975,25534,16291,41.9,312.0
Station_01,Inv_00,20170718,15:33:00,233.5,4.2,981,212.0,4.1,869,25534,16291,40.7,274.0
Station_01,Inv_00,20170718,15:34:00,231.5,4.2,972,212.0,4.2,890,25534,16291,40.7,265.0
Station_01,Inv_00,20170718,15:35:00,228.0,4.4,1003,212.0,4.3,912,25534,16291,41.3,268.0
Station_01,Inv_00,20170718,15:36:00,236.5,4.3,1017,212.0,4.4,933,25534,16291,40.9,271.0
Station_01,Inv_00,20170718,15:37:00,237.0,4.1,972,212.0,4.1,869,25534,16291,40.8,260.0
Station_01,Inv_00,20170718,15:38:00,231.3,3.6,833,212.0,3.7,784,25534,16291,41.3,233.0
Station_01,Inv_00,20170718,15:39:00,238.5,3.2,763,212.0,3.4,721,25534,16291,40.7,210.0
Station_01,Inv_00,20170718,15:40:00,239.5,3.2,766,213.0,3.5,746,25534,16291,40.3,207.0
Station_01,Inv_00,20170718,15:41:00,233.0,3.5,816,213.0,3.7,788,25534,16291,39.7,224.0
Station_01,Inv_00,20170718,15:42:00,232.9,5.2,1211,213.0,5.2,1108,25534,16291,39.7,297.0
Station_01,Inv_00,20170718,15:43:00,236.4,6.4,1513,213.0,6.7,1427,25534,16291,40.3,400.0
Station_01,Inv_00,20170718,15:44:00,231.5,7.1,1644,213.0,7.2,1534,25534,16291,40.8,439.0
Station_01,Inv_00,20170718,15:45:00,234.5,7.5,1759,214.0,7.7,1648,25534,16291,41.3,457.0
Station_01,Inv_00,20170718,15:46:00,235.5,7.9,1860,214.0,8.2,1755,25534,16291,42.9,489.0
Station_01,Inv_00,20170718,15:47:00,236.5,8.1,1916,213.0,8.5,1811,25534,16291,43.2,505.0
Station_01,Inv_00,20170718,15:48:00,235.0,8.3,1950,211.0,8.7,1836,25534,16291,43.9,517.0
Station_01,Inv_00,20170718,15:49:00,234.0,8.1,1895,211.0,8.5,1794,25534,16291,45.2,512.0
Station_01,Inv_00,20170718,15:50:00,233.5,8.1,1891,211.0,8.5,1794,25534,16291,45.3,502.0
Station_01,Inv_00,20170718,15:51:00,232.0,8.7,2018,211.0,9.1,1920,25534,16291,45.5,537.0
Station_01,Inv_00,20170718,15:52:00,238.4,8.4,2003,211.0,8.9,1878,25534,16291,45.3,540.0
Station_01,Inv_00,20170718,15:53:00,230.5,8.2,1890,211.0,8.5,1794,25534,16291,46.0,519.0
Station_01,Inv_00,20170718,15:54:00,234.0,8.2,1919,211.0,8.7,1836,25534,16291,46.1,512.0
Station_01,Inv_00,20170718,15:55:00,232.4,8.6,1999,211.0,8.8,1857,25534,16291,46.2,527.0
Station_01,Inv_00,20170718,15:56:00,230.3,8.9,2050,211.0,9.2,1941,25534,16291,46.4,549.0
Station_01,Inv_00,20170718,15:57:00,230.0,8.8,2024,211.0,9.1,1920,25534,16291,46.7,551.0
Station_01,Inv_00,20170718,15:58:00,227.0,8.7,1975,211.0,8.9,1878,25534,16291,46.1,537.0
Station_01,Inv_00,20170718,15:59:00,231.0,8.6,1987,212.0,8.8,1866,25534,16291,45.1,532.0
Station_01,Inv_00,20170718,16:00:00,230.5,6.5,1498,211.0,6.7,1414,25534,16291,43.9,441.0
Station_01,Inv_00,20170718,16:01:00,235.0,5.3,1245,210.0,5.5,1155,25534,16291,43.4,330.0
Station_01,Inv_00,20170718,16:02:00,236.0,4.6,1085,213.0,4.6,980,25534,16291,41.9,284.0
Station_01,Inv_00,20170718,16:03:00,224.0,4.2,941,215.0,4.1,881,25534,16291,42.1,253.0
Station_01,Inv_00,20170718,16:04:00,237.4,3.9,926,215.0,3.9,839,25534,16291,41.7,240.0
Station_01,Inv_00,20170718,16:05:00,233.0,3.8,885,215.0,4.0,860,25534,16291,41.0,242.0
Station_01,Inv_00,20170718,16:06:00,237.0,3.8,901,215.0,4.0,860,25534,16291,41.4,240.0
Station_01,Inv_00,20170718,16:07:00,232.8,3.8,885,216.0,4.0,864,25534,16291,41.5,241.0
Station_01,Inv_00,20170718,16:08:00,237.9,3.8,904,215.0,3.9,839,25534,16291,40.9,237.0
Station_01,Inv_00,20170718,16:09:00,234.0,3.8,889,216.0,4.0,864,25534,16291,40.4,243.0
Station_01,Inv_00,20170718,16:10:00,234.8,4.0,939,216.0,4.1,886,25535,16291,41.0,255.0
Station_01,Inv_00,20170718,16:11:00,235.0,4.5,1058,216.0,4.5,972,25535,16291,40.9,275.0
Station_01,Inv_00,20170718,16:12:00,237.8,4.8,1142,216.0,4.8,1037,25535,16291,40.3,296.0
Station_01,Inv_00,20170718,16:13:00,231.0,5.0,1155,216.0,5.1,1102,25535,16291,40.9,311.0
Station_01,Inv_00,20170718,16:14:00,239.0,5.1,1219,216.0,5.4,1166,25535,16291,41.0,325.0
Station_01,Inv_00,20170718,16:15:00,233.9,5.6,1310,216.0,5.6,1210,25535,16291,41.6,338.0
Station_01,Inv_00,20170718,16:16:00,233.5,5.5,1284,216.0,5.6,1210,25535,16291,41.9,346.0
Station_01,Inv_00,20170718,16:17:00,233.0,5.0,1165,215.0,5.1,1097,25535,16291,42.2,325.0
Station_01,Inv_00,20170718,16:18:00,234.5,4.0,938,216.0,4.0,864,25535,16291,41.5,264.0
Station_01,Inv_00,20170718,16:19:00,233.4,2.7,630,216.0,2.7,583,25535,16291,41.6,188.0
Station_01,Inv_00,20170718,16:20:00,231.5,2.0,463,215.0,2.0,430,25535,16291,40.4,140.0
Station_01,Inv_00,20170718,16:21:00,231.5,1.6,370,215.0,1.8,387,25535,16291,40.2,116.0
Station_01,Inv_00,20170718,16:22:00,215.3,1.6,345,215.0,1.6,344,25535,16291,39.5,108.0
Station_01,Inv_00,20170718,16:23:00,197.3,1.6,316,215.0,1.5,323,25535,16291,39.1,104.0
Station_01,Inv_00,20170718,16:24:00,228.0,1.4,319,215.0,1.5,323,25535,16291,38.5,100.0
Station_01,Inv_00,20170718,16:25:00,172.0,1.5,258,215.0,1.3,280,25535,16291,38.1,98.0
Station_01,Inv_00,20170718,16:26:00,187.7,1.4,263,216.0,1.3,281,25535,16291,38.0,96.0
Station_01,Inv_00,20170718,16:27:00,220.0,1.4,308,215.0,1.5,323,25535,16291,37.5,96.0
Station_01,Inv_00,20170718,16:28:00,217.0,1.4,304,216.0,1.5,324,25535,16291,37.3,97.0
Station_01,Inv_00,20170718,16:29:00,215.0,1.5,323,216.0,1.5,324,25535,16291,37.3,100.0
Station_01,Inv_00,20170718,16:30:00,217.0,1.6,347,216.0,1.5,324,25535,16291,36.3,104.0
Station_01,Inv_00,20170718,16:31:00,228.5,1.6,366,215.0,1.6,344,25535,16291,36.1,103.0
Station_01,Inv_00,20170718,16:32:00,216.3,1.6,346,216.0,1.5,324,25535,16291,35.3,103.0
Station_01,Inv_00,20170718,16:33:00,235.0,1.6,376,216.0,1.6,346,25535,16291,34.6,103.0
Station_01,Inv_00,20170718,16:34:00,230.9,1.4,323,216.0,1.5,324,25535,16291,34.2,98.0
Station_01,Inv_00,20170718,16:35:00,227.0,1.3,295,215.0,1.5,323,25535,16291,33.8,96.0
Station_01,Inv_00,20170718,16:36:00,224.9,1.4,315,216.0,1.5,324,25535,16291,33.4,94.0
Station_01,Inv_00,20170718,16:37:00,227.4,1.4,318,216.0,1.5,324,25535,16291,32.8,95.0
Station_01,Inv_00,20170718,16:38:00,226.9,1.5,340,216.0,1.5,324,25535,16291,32.3,100.0
Station_01,Inv_00,20170718,16:39:00,237.5,1.6,380,217.0,1.7,369,25535,16291,31.9,106.0
Station_01,Inv_00,20170718,16:40:00,238.1,1.8,429,216.0,2.0,432,25535,16291,31.5,119.0
Station_01,Inv_00,20170718,16:41:00,244.0,2.4,586,217.0,2.5,543,25535,16291,31.5,148.0
Station_01,Inv_00,20170718,16:42:00,238.5,3.0,716,217.0,3.1,673,25535,16291,31.6,181.0
Station_01,Inv_00,20170718,16:43:00,240.0,3.2,768,217.0,3.4,738,25535,16291,31.5,202.0
Station_01,Inv_00,20170718,16:44:00,242.5,3.4,825,217.0,3.6,781,25535,16291,31.8,214.0
Station_01,Inv_00,20170718,16:45:00,244.3,3.2,782,217.0,3.4,738,25535,16291,32.1,204.0
Station_01,Inv_00,20170718,16:46:00,243.9,3.1,756,217.0,3.3,716,25535,16291,32.4,197.0
Station_01,Inv_00,20170718,16:47:00,241.0,3.2,771,217.0,3.4,738,25535,16291,32.1,199.0
Station_01,Inv_00,20170718,16:48:00,239.8,3.2,767,216.0,3.4,734,25535,16291,32.5,200.0
Station_01,Inv_00,20170718,16:49:00,243.5,3.1,755,217.0,3.3,716,25535,16291,32.3,197.0
Station_01,Inv_00,20170718,16:50:00,239.9,3.1,744,216.0,3.2,691,25535,16291,32.7,190.0
Station_01,Inv_00,20170718,16:51:00,228.5,3.2,731,217.0,3.2,694,25535,16291,32.5,201.0
Station_01,Inv_00,20170718,16:52:00,243.7,3.0,731,217.0,3.2,694,25535,16291,32.0,190.0
Station_01,Inv_00,20170718,16:53:00,246.5,3.0,740,217.0,3.2,694,25535,16291,31.2,192.0
Station_01,Inv_00,20170718,16:54:00,252.5,3.0,758,217.0,3.4,738,25535,16291,30.5,194.0
Station_01,Inv_00,20170718,16:55:00,248.3,3.2,795,218.0,3.5,763,25535,16291,30.4,197.0
Station_01,Inv_00,20170718,16:56:00,248.0,3.3,818,218.0,3.6,785,25535,16291,30.0,205.0
Station_01,Inv_00,20170718,16:57:00,250.5,3.5,877,217.0,3.7,803,25535,16291,29.9,211.0
Station_01,Inv_00,20170718,16:58:00,246.5,3.7,912,218.0,3.9,850,25535,16291,30.1,224.0
Station_01,Inv_00,20170718,16:59:00,250.5,3.8,952,218.0,4.0,872,25535,16291,30.2,231.0
Station_01,Inv_00,20170718,17:00:00,246.5,3.8,937,218.0,4.0,872,25535,16291,30.6,230.0
Station_01,Inv_00,20170718,17:01:00,243.4,3.8,925,218.0,3.9,850,25535,16291,30.5,231.0
Station_01,Inv_00,20170718,17:02:00,249.5,4.0,998,218.0,4.1,894,25535,16291,30.4,239.0
Station_01,Inv_00,20170718,17:03:00,244.8,3.6,881,218.0,4.0,872,25535,16291,30.4,234.0
Station_01,Inv_00,20170718,17:04:00,247.5,3.3,817,218.0,3.6,785,25535,16291,29.8,206.0
Station_01,Inv_00,20170718,17:05:00,245.5,3.0,737,218.0,3.3,719,25535,16291,29.2,193.0
Station_01,Inv_00,20170718,17:06:00,247.9,3.1,769,218.0,3.4,741,25535,16291,29.1,194.0
Station_01,Inv_00,20170718,17:07:00,244.0,3.3,805,219.0,3.5,767,25535,16291,29.2,201.0
Station_01,Inv_00,20170718,17:08:00,243.4,3.4,828,219.0,3.6,788,25535,16291,29.4,205.0
Station_01,Inv_00,20170718,17:09:00,240.0,3.4,816,218.0,3.6,785,25535,16291,29.7,205.0
Station_01,Inv_00,20170718,17:10:00,247.5,3.4,841,218.0,3.6,785,25535,16291,29.9,210.0
Station_01,Inv_00,20170718,17:11:00,245.0,3.4,833,219.0,3.6,788,25535,16291,30.1,210.0
Station_01,Inv_00,20170718,17:12:00,243.0,3.3,802,218.0,3.6,785,25535,16291,30.4,208.0
Station_01,Inv_00,20170718,17:13:00,247.5,3.3,817,218.0,3.6,785,25535,16291,30.2,206.0
Station_01,Inv_00,20170718,17:14:00,240.6,3.2,770,218.0,3.5,763,25535,16291,30.3,202.0
Station_01,Inv_00,20170718,17:15:00,246.0,3.2,787,218.0,3.5,763,25535,16291,30.4,198.0
Station_01,Inv_00,20170718,17:16:00,249.5,3.1,773,218.0,3.4,741,25535,16291,30.4,196.0
Station_01,Inv_00,20170718,17:17:00,247.8,3.0,743,218.0,3.3,719,25535,16291,29.2,199.0
Station_01,Inv_00,20170718,17:18:00,247.0,3.0,741,218.0,3.2,698,25535,16291,28.9,188.0
Station_01,Inv_00,20170718,17:19:00,249.5,2.8,699,218.0,3.1,676,25535,16291,28.7,185.0
Station_01,Inv_00,20170718,17:20:00,247.4,2.8,693,217.0,3.1,673,25535,16291,28.7,179.0
Station_01,Inv_00,20170718,17:21:00,249.4,2.7,673,217.0,3.0,651,25535,16291,28.6,176.0
Station_01,Inv_00,20170718,17:22:00,244.0,2.7,659,218.0,2.9,632,25535,16291,28.8,174.0
Station_01,Inv_00,20170718,17:23:00,238.0,2.8,666,218.0,2.9,632,25535,16291,28.7,172.0
Station_01,Inv_00,20170718,17:24:00,247.0,2.7,667,218.0,2.9,632,25535,16291,28.5,171.0
Station_01,Inv_00,20170718,17:25:00,245.5,2.7,663,218.0,2.8,610,25535,16291,28.5,168.0
Station_01,Inv_00,20170718,17:26:00,243.5,2.6,633,219.0,2.8,613,25535,16291,28.3,168.0
Station_01,Inv_00,20170718,17:27:00,244.8,2.6,637,219.0,2.8,613,25535,16291,28.4,166.0
Station_01,Inv_00,20170718,17:28:00,237.0,2.6,616,218.0,2.7,589,25535,16291,28.4,167.0
Station_01,Inv_00,20170718,17:29:00,243.2,2.6,632,218.0,2.7,589,25535,16291,28.4,165.0
Station_01,Inv_00,20170718,17:30:00,248.8,2.5,622,218.0,2.7,589,25535,16291,28.4,164.0
Station_01,Inv_00,20170718,17:31:00,251.5,2.5,629,218.0,2.7,589,25535,16291,28.4,162.0
Station_01,Inv_00,20170718,17:32:00,247.0,2.6,642,217.0,2.7,586,25535,16291,28.4,162.0
Station_01,Inv_00,20170718,17:33:00,249.4,2.5,624,217.0,2.7,586,25535,16291,28.5,163.0
Station_01,Inv_00,20170718,17:34:00,250.0,2.5,625,217.0,2.7,586,25535,16291,28.5,161.0
Station_01,Inv_00,20170718,17:35:00,249.0,2.5,622,217.0,2.7,586,25535,16291,28.7,161.0
Station_01,Inv_00,20170718,17:36:00,246.0,2.4,590,218.0,2.6,567,25535,16291,28.9,159.0
Station_01,Inv_00,20170718,17:37:00,252.5,2.4,606,218.0,2.5,545,25535,16291,29.0,157.0
Station_01,Inv_00,20170718,17:38:00,245.0,2.4,588,218.0,2.5,545,25536,16292,29.3,156.0
Station_01,Inv_00,20170718,17:39:00,245.8,2.3,565,218.0,2.5,545,25536,16292,29.4,155.0
Station_01,Inv_00,20170718,17:40:00,249.4,2.3,574,218.0,2.5,545,25536,16292,29.7,152.0
Station_01,Inv_00,20170718,17:41:00,247.5,2.2,545,218.0,2.4,523,25536,16292,29.9,151.0
Station_01,Inv_00,20170718,17:42:00,244.6,2.2,538,217.0,2.4,521,25536,16292,30.1,148.0
Station_01,Inv_00,20170718,17:43:00,244.3,2.2,537,217.0,2.3,499,25536,16292,30.3,146.0
Station_01,Inv_00,20170718,17:44:00,243.4,2.1,511,218.0,2.2,480,25536,16292,30.3,145.0
Station_01,Inv_00,20170718,17:45:00,242.0,2.1,508,217.0,2.2,477,25536,16292,30.4,142.0
Station_01,Inv_00,20170718,17:46:00,237.0,2.0,474,218.0,2.1,458,25536,16292,30.5,139.0
Station_01,Inv_00,20170718,17:47:00,240.0,1.9,456,218.0,2.0,436,25536,16292,30.6,135.0
Station_01,Inv_00,20170718,17:48:00,243.4,1.8,438,218.0,2.0,436,25536,16292,30.6,131.0
Station_01,Inv_00,20170718,17:49:00,239.6,1.8,431,218.0,1.9,414,25536,16292,30.6,129.0
Station_01,Inv_00,20170718,17:50:00,240.9,1.7,410,218.0,1.9,414,25536,16292,30.6,126.0
Station_01,Inv_00,20170718,17:51:00,239.6,1.7,407,217.0,1.8,391,25536,16292,30.7,124.0
Station_01,Inv_00,20170718,17:52:00,204.4,1.7,347,218.0,1.5,327,25536,16292,30.7,121.0
Station_01,Inv_00,20170718,17:53:00,242.0,1.6,387,217.0,1.7,369,25536,16292,30.7,119.0
Station_01,Inv_00,20170718,17:54:00,236.0,1.6,378,217.0,1.6,347,25536,16292,30.6,116.0
Station_01,Inv_00,20170718,17:55:00,239.5,1.4,335,217.0,1.5,326,25536,16292,30.7,113.0
Station_01,Inv_00,20170718,17:56:00,204.5,1.4,286,217.0,1.4,304,25536,16292,30.6,109.0
Station_01,Inv_00,20170718,17:57:00,209.5,1.4,293,218.0,1.4,305,25536,16292,30.5,105.0
Station_01,Inv_00,20170718,17:58:00,218.0,1.3,283,218.0,1.4,305,25536,16292,30.5,102.0
Station_01,Inv_00,20170718,17:59:00,239.0,1.2,287,218.0,1.4,305,25536,16292,30.5,99.0
Station_01,Inv_00,20170718,18:00:00,233.0,1.2,280,217.0,1.3,282,25536,16292,30.6,96.0
Station_01,Inv_00,20170718,18:01:00,217.0,1.2,260,218.0,1.2,262,25536,16292,30.6,93.0
Station_01,Inv_00,20170718,18:02:00,226.8,1.1,250,217.0,1.2,260,25536,16292,30.6,90.0
Station_01,Inv_00,20170718,18:03:00,240.0,1.0,240,217.0,1.1,239,25536,16292,30.6,86.0
Station_01,Inv_00,20170718,18:04:00,208.6,1.0,209,217.0,1.0,217,25536,16292,30.6,81.0
Station_01,Inv_00,20170718,18:05:00,185.7,0.9,167,218.0,0.9,196,25536,16292,30.5,77.0
Station_01,Inv_00,20170718,18:06:00,228.0,0.8,182,218.0,1.0,218,25536,16292,30.5,74.0
Station_01,Inv_00,20170718,18:07:00,234.3,0.7,164,219.0,1.0,219,25536,16292,30.4,72.0
Station_01,Inv_00,20170718,18:08:00,176.4,0.8,141,218.0,0.8,174,25536,16292,30.2,70.0
Station_01,Inv_00,20170718,18:09:00,191.5,0.8,153,218.0,0.7,153,25536,16292,30.2,67.0
Station_01,Inv_00,20170718,18:10:00,224.0,0.6,134,218.0,0.8,174,25536,16292,30.1,64.0
Station_01,Inv_00,20170718,18:11:00,229.0,0.5,115,218.0,0.7,153,25536,16292,30.0,60.0
Station_01,Inv_00,20170718,18:12:00,222.5,0.4,89,218.0,0.6,131,25536,16292,29.9,55.0
Station_01,Inv_00,20170718,18:13:00,188.0,0.5,94,218.0,0.5,109,25536,16292,29.8,52.0
Station_01,Inv_00,20170718,18:14:00,216.0,0.4,86,218.0,0.5,109,25536,16292,29.7,50.0
Station_01,Inv_00,20170718,18:15:00,195.0,0.4,78,219.0,0.5,110,25536,16292,29.6,48.0
Station_01,Inv_00,20170718,18:16:00,218.0,0.4,87,219.0,0.5,110,25536,16292,29.6,47.0
Station_01,Inv_00,20170718,18:17:00,216.0,0.4,86,218.0,0.5,109,25536,16292,29.5,46.0
Station_01,Inv_00,20170718,18:18:00,214.0,0.4,86,218.0,0.5,109,25536,16292,29.5,45.0
Station_01,Inv_00,20170718,18:19:00,159.0,0.3,48,218.0,0.4,87,25536,16292,29.4,44.0
Station_01,Inv_00,20170718,18:20:00,160.0,0.3,48,219.0,0.4,88,25536,16292,29.3,43.0
Station_01,Inv_00,20170718,18:21:00,170.0,0.3,51,218.0,0.4,87,25536,16292,29.2,42.0
Station_01,Inv_00,20170718,18:22:00,206.0,0.4,82,218.0,0.5,109,25536,16292,29.0,41.0
Station_01,Inv_00,20170718,18:23:00,213.5,0.2,43,218.0,0.4,87,25536,16292,29.0,40.0
Station_01,Inv_00,20170718,18:24:00,220.0,0.2,44,218.0,0.4,87,25536,16292,28.8,39.0
Station_01,Inv_00,20170718,18:25:00,207.0,0.2,41,217.0,0.4,87,25536,16292,28.8,38.0
Station_01,Inv_00,20170718,18:26:00,214.5,0.2,43,217.0,0.4,87,25536,16292,28.6,37.0
Station_01,Inv_00,20170718,18:27:00,149.0,0.2,30,217.0,0.4,87,25536,16292,28.5,37.0
Station_01,Inv_00,20170718,18:28:00,0.0,0.0,0,0.0,0.0,0,25536,16292,28.4,36.0
Station_01,Inv_00,20170718,18:29:00,0.0,0.0,0,0.0,0.0,0,25536,16292,28.2,34.0
Station_01,Inv_00,20170718,18:30:00,0.0,0.0,0,0.0,0.0,0,25536,16292,28.0,33.0
Station_01,Inv_00,20170718,18:31:00,0.0,0.0,0,0.0,0.0,0,25536,16292,27.9,32.0
Station_01,Inv_00,20170718,18:32:00,0.0,0.0,0,0.0,0.0,0,25536,16292,27.8,30.0
Station_01,Inv_00,20170718,18:33:00,245.0,0.2,49,0.0,0.0,0,25536,16292,27.6,29.0
Station_01,Inv_00,20170718,18:34:00,206.0,0.2,41,217.0,0.4,87,25536,16292,27.5,28.0
Station_01,Inv_00,20170718,18:35:00,0.0,0.0,0,218.0,0.4,87,25536,16292,27.4,26.0
Station_01,Inv_00,20170718,18:36:00,0.0,0.0,0,218.0,0.4,87,25536,16292,27.3,26.0
Station_01,Inv_00,20170718,18:37:00,0.0,0.0,0,217.0,0.4,87,25536,16292,27.2,26.0
Station_01,Inv_00,20170718,18:38:00,0.0,0.0,0,217.0,0.4,87,25536,16292,27.0,25.0
Station_01,Inv_00,20170718,18:39:00,0.0,0.0,0,217.0,0.4,87,25536,16292,26.8,25.0
Station_01,Inv_00,20170718,18:40:00,0.0,0.0,0,217.0,0.4,87,25536,16292,26.7,24.0
Station_01,Inv_00,20170718,18:41:00,0.0,0.0,0,217.0,0.4,87,25536,16292,26.6,24.0
Station_01,Inv_00,20170718,18:42:00,0.0,0.0,0,217.0,0.4,87,25536,16292,26.5,23.0
Station_01,Inv_00,20170718,18:43:00,0.0,0.0,0,217.0,0.4,87,25536,16292,26.4,23.0
Station_01,Inv_00,20170718,18:44:00,0.0,0.0,0,217.0,0.4,87,25536,16292,26.3,22.0
Station_01,Inv_00,20170718,18:45:00,0.0,0.0,0,217.0,0.4,87,25536,16292,26.2,21.0
Station_01,Inv_00,20170718,18:46:00,0.0,0.0,0,217.0,0.4,87,25536,16292,26.2,21.0
Station_01,Inv_00,20170718,18:47:00,0.0,0.0,0,217.0,0.4,87,25536,16292,26.2,21.0
Station_01,Inv_00,20170718,18:48:00,0.0,0.0,0,217.0,0.4,87,25536,16292,26.1,21.0
Station_01,Inv_00,20170718,18:49:00,0.0,0.0,0,217.0,0.4,87,25536,16292,26.1,21.0
Station_01,Inv_00,20170718,18:50:00,0.0,0.0,0,217.0,0.4,87,25536,16292,26.1,20.0
Station_01,Inv_00,20170718,18:51:00,0.0,0.0,0,217.0,0.4,87,25536,16292,26.1,20.0
Station_01,Inv_00,20170718,18:52:00,0.0,0.0,0,217.0,0.4,87,25536,16292,26.0,21.0
Station_01,Inv_00,20170718,18:53:00,0.0,0.0,0,217.0,0.4,87,25536,16292,26.0,20.0
Station_01,Inv_00,20170718,18:54:00,0.0,0.0,0,217.0,0.4,87,25536,16292,26.0,20.0
Station_01,Inv_00,20170718,18:55:00,0.0,0.0,0,217.0,0.4,87,25536,16292,26.0,20.0
Station_01,Inv_00,20170718,18:56:00,0.0,0.0,0,217.0,0.4,87,25536,16292,25.9,20.0
Station_01,Inv_00,20170718,18:57:00,0.0,0.0,0,217.0,0.4,87,25536,16292,25.9,21.0
Station_01,Inv_00,20170718,18:58:00,0.0,0.0,0,217.0,0.4,87,25536,16292,25.9,20.0
Station_01,Inv_00,20170718,18:59:00,0.0,0.0,0,217.0,0.4,87,25536,16292,25.8,20.0
Station_01,Inv_00,20170718,19:00:00,0.0,0.0,0,217.0,0.4,87,25536,16292,25.9,20.0
Station_01,Inv_00,20170718,19:01:00,0.0,0.0,0,217.0,0.4,87,25536,16292,25.8,20.0
Station_01,Inv_00,20170718,19:02:00,0.0,0.0,0,217.0,0.4,87,25536,16292,25.8,20.0
Station_01,Inv_00,20170718,19:03:00,0.0,0.0,0,217.0,0.4,87,25536,16292,25.9,20.0
Station_01,Inv_00,20170718,19:04:00,0.0,0.0,0,217.0,0.4,87,25536,16292,25.8,20.0
Station_01,Inv_00,20170718,19:05:00,0.0,0.0,0,217.0,0.4,87,25536,16292,25.8,20.0
Station_01,Inv_00,20170718,19:06:00,0.0,0.0,0,217.0,0.4,87,25536,16292,25.7,20.0
Station_01,Inv_00,20170718,19:07:00,0.0,0.0,0,217.0,0.4,87,25536,16292,25.7,20.0
Station_01,Inv_00,20170718,19:08:00,0.0,0.0,0,217.0,0.4,87,25536,16292,25.6,20.0
Station_01,Inv_00,20170718,19:09:00,0.0,0.0,0,217.0,0.4,87,25536,16292,25.7,21.0
Station_01,Inv_00,20170718,19:10:00,0.0,0.0,0,217.0,0.4,87,25536,16292,25.6,20.0
Station_01,Inv_00,20170718,19:11:00,0.0,0.0,0,217.0,0.4,87,25536,16292,25.6,20.0
Station_01,Inv_00,20170718,19:12:00,0.0,0.0,0,217.0,0.4,87,25536,16292,25.5,20.0
Station_01,Inv_00,20170718,19:13:00,0.0,0.0,0,217.0,0.4,87,25536,16292,25.5,19.0
Station_01,Inv_00,20170718,19:14:00,0.0,0.0,0,217.0,0.4,87,25536,16292,25.5,19.0
Station_01,Inv_00,20170718,19:15:00,0.0,0.0,0,217.0,0.4,87,25536,16292,25.5,20.0
Station_01,Inv_00,20170718,19:16:00,0.0,0.0,0,217.0,0.4,87,25536,16292,25.6,19.0
Station_01,Inv_00,20170718,19:17:00,0.0,0.0,0,217.0,0.4,87,25536,16292,25.6,20.0
Station_01,Inv_00,20170718,19:18:00,0.0,0.0,0,217.0,0.4,87,25536,16292,25.5,20.0
Station_01,Inv_00,20170718,19:19:00,0.0,0.0,0,217.0,0.4,87,25536,16292,25.5,20.0
Station_01,Inv_00,20170718,19:20:00,0.0,0.0,0,217.0,0.4,87,25536,16292,25.5,20.0
Station_01,Inv_00,20170718,19:21:00,0.0,0.0,0,217.0,0.4,87,25536,16292,25.4,20.0
Station_01,Inv_00,20170718,19:22:00,0.0,0.0,0,217.0,0.4,87,25536,16292,25.5,20.0
Station_01,Inv_00,20170718,19:23:00,0.0,0.0,0,217.0,0.4,87,25536,16292,25.5,20.0
Station_01,Inv_00,20170718,19:24:00,0.0,0.0,0,217.0,0.4,87,25536,16292,25.4,20.0
Station_01,Inv_00,20170718,19:25:00,0.0,0.0,0,217.0,0.4,87,25536,16292,25.4,19.0
Station_01,Inv_00,20170718,19:26:00,0.0,0.0,0,217.0,0.4,87,25536,16292,25.4,19.0
Station_01,Inv_00,20170718,19:27:00,0.0,0.0,0,217.0,0.4,87,25536,16292,25.4,19.0
Station_01,Inv_00,20170718,19:28:00,0.0,0.0,0,217.0,0.4,87,25536,16292,25.4,19.0
Station_01,Inv_00,20170718,19:29:00,0.0,0.0,0,217.0,0.4,87,25536,16292,25.4,19.0
Station_01,Inv_00,20170718,19:30:00,0.0,0.0,0,217.0,0.4,87,25536,16292,25.5,20.0
Station_01,Inv_00,20170718,19:31:00,0.0,0.0,0,217.0,0.4,87,25536,16292,25.5,19.0
Station_01,Inv_00,20170718,19:32:00,0.0,0.0,0,217.0,0.4,87,25536,16292,25.5,19.0
Station_01,Inv_00,20170718,19:33:00,0.0,0.0,0,217.0,0.4,87,25536,16292,25.6,19.0
Station_01,Inv_00,20170718,19:34:00,0.0,0.0,0,217.0,0.4,87,25536,16292,25.6,19.0
Station_01,Inv_00,20170718,19:35:00,0.0,0.0,0,217.0,0.4,87,25536,16292,25.6,19.0
Station_01,Inv_00,20170718,19:36:00,0.0,0.0,0,217.0,0.4,87,25536,16292,25.5,19.0
Station_01,Inv_00,20170718,19:37:00,0.0,0.0,0,217.0,0.4,87,25536,16292,25.5,19.0
Station_01,Inv_00,20170718,19:38:00,0.0,0.0,0,217.0,0.4,87,25536,16292,25.5,19.0
Station_01,Inv_00,20170718,19:39:00,0.0,0.0,0,217.0,0.4,87,25536,16292,25.5,19.0
Station_01,Inv_00,20170718,19:40:00,0.0,0.0,0,217.0,0.4,87,25536,16292,25.4,19.0
Station_01,Inv_00,20170718,19:41:00,0.0,0.0,0,217.0,0.4,87,25536,16292,25.5,19.0
Station_01,Inv_00,20170718,19:42:00,0.0,0.0,0,217.0,0.4,87,25536,16292,25.6,20.0
Station_01,Inv_00,20170718,19:43:00,0.0,0.0,0,217.0,0.4,87,25536,16292,25.6,19.0
Station_01,Inv_00,20170718,19:44:00,0.0,0.0,0,217.0,0.4,87,25536,16292,25.6,20.0
Station_01,Inv_00,20170718,19:45:00,0.0,0.0,0,217.0,0.4,87,25536,16292,25.6,20.0
Station_01,Inv_00,20170718,19:46:00,0.0,0.0,0,217.0,0.4,87,25536,16292,25.7,20.0
Station_01,Inv_00,20170718,19:47:00,0.0,0.0,0,217.0,0.4,87,25536,16292,25.7,20.0
Station_01,Inv_00,20170718,19:48:00,0.0,0.0,0,217.0,0.4,87,25536,16292,25.8,19.0
Station_01,Inv_00,20170718,19:49:00,0.0,0.0,0,217.0,0.4,87,25536,16292,25.9,20.0
Station_01,Inv_00,20170718,19:50:00,0.0,0.0,0,217.0,0.4,87,25536,16292,25.9,20.0
Station_01,Inv_00,20170718,19:51:00,0.0,0.0,0,217.0,0.4,87,25536,16292,26.0,20.0
Station_01,Inv_00,20170718,19:52:00,0.0,0.0,0,217.0,0.4,87,25536,16292,26.0,20.0
Station_01,Inv_00,20170718,19:53:00,0.0,0.0,0,217.0,0.4,87,25536,16292,26.1,19.0
Station_01,Inv_00,20170718,19:54:00,0.0,0.0,0,217.0,0.4,87,25536,16292,26.1,19.0
Station_01,Inv_00,20170718,19:55:00,0.0,0.0,0,217.0,0.4,87,25536,16292,26.2,19.0
Station_01,Inv_00,20170718,19:56:00,0.0,0.0,0,217.0,0.4,87,25536,16292,26.2,19.0
Station_01,Inv_00,20170718,19:57:00,0.0,0.0,0,217.0,0.4,87,25536,16292,26.2,19.0
Station_01,Inv_00,20170718,19:58:00,0.0,0.0,0,217.0,0.4,87,25536,16292,26.3,19.0
Station_01,Inv_00,20170718,19:59:00,0.0,0.0,0,217.0,0.4,87,25536,16292,26.2,19.0
Station_01,Inv_00,20170718,20:00:00,0.0,0.0,0,217.0,0.4,87,25536,16292,26.3,19.0
