Station_01,Inv_00,20170723,05:00:00,0.0,0.0,0,222.0,0.1,22,25609,16339,27.1,18.0
Station_01,Inv_00,20170723,05:01:00,0.0,0.0,0,222.0,0.1,22,25609,16339,27.2,18.0
Station_01,Inv_00,20170723,05:02:00,0.0,0.0,0,222.0,0.1,22,25609,16339,27.2,18.0
Station_01,Inv_00,20170723,05:03:00,0.0,0.0,0,222.0,0.1,22,25609,16339,27.2,18.0
Station_01,Inv_00,20170723,05:04:00,0.0,0.0,0,222.0,0.1,22,25609,16339,27.2,18.0
Station_01,Inv_00,20170723,05:05:00,0.0,0.0,0,222.0,0.1,22,25609,16339,27.2,18.0
Station_01,Inv_00,20170723,05:06:00,0.0,0.0,0,222.0,0.1,22,25609,16339,27.2,18.0
Station_01,Inv_00,20170723,05:07:00,0.0,0.0,0,222.0,0.1,22,25609,16339,27.2,18.0
Station_01,Inv_00,20170723,05:08:00,0.0,0.0,0,222.0,0.1,22,25609,16339,27.2,18.0
Station_01,Inv_00,20170723,05:09:00,0.0,0.0,0,222.0,0.1,22,25609,16339,27.2,18.0
Station_01,Inv_00,20170723,05:10:00,0.0,0.0,0,222.0,0.1,22,25609,16339,27.2,19.0
Station_01,Inv_00,20170723,05:11:00,0.0,0.0,0,222.0,0.1,22,25609,16339,27.2,19.0
Station_01,Inv_00,20170723,05:12:00,0.0,0.0,0,222.0,0.1,22,25609,16339,27.2,19.0
Station_01,Inv_00,20170723,05:13:00,0.0,0.0,0,222.0,0.1,22,25609,16339,27.2,20.0
Station_01,Inv_00,20170723,05:14:00,0.0,0.0,0,222.0,0.1,22,25609,16339,27.2,20.0
Station_01,Inv_00,20170723,05:15:00,0.0,0.0,0,222.0,0.1,22,25609,16339,27.2,21.0
Station_01,Inv_00,20170723,05:16:00,0.0,0.0,0,222.0,0.1,22,25609,16339,27.2,21.0
Station_01,Inv_00,20170723,05:17:00,0.0,0.0,0,222.0,0.1,22,25609,16339,27.2,21.0
Station_01,Inv_00,20170723,05:18:00,0.0,0.0,0,222.0,0.1,22,25609,16339,27.2,21.0
Station_01,Inv_00,20170723,05:19:00,0.0,0.0,0,222.0,0.1,22,25609,16339,27.2,21.0
Station_01,Inv_00,20170723,05:20:00,0.0,0.0,0,222.0,0.1,22,25609,16339,27.2,504.0
Station_01,Inv_00,20170723,05:21:00,0.0,0.0,0,222.0,0.1,22,25609,16339,27.3,21.0
Station_01,Inv_00,20170723,05:22:00,0.0,0.0,0,222.0,0.1,22,25609,16339,27.3,21.0
Station_01,Inv_00,20170723,05:23:00,0.0,0.0,0,222.0,0.1,22,25609,16339,27.2,22.0
Station_01,Inv_00,20170723,05:24:00,0.0,0.0,0,222.0,0.1,22,25609,16339,27.2,22.0
Station_01,Inv_00,20170723,05:25:00,0.0,0.0,0,222.0,0.1,22,25609,16339,27.2,22.0
Station_01,Inv_00,20170723,05:26:00,0.0,0.0,0,222.0,0.1,22,25609,16339,27.2,504.0
Station_01,Inv_00,20170723,05:27:00,0.0,0.0,0,222.0,0.1,22,25609,16339,27.3,23.0
Station_01,Inv_00,20170723,05:28:00,0.0,0.0,0,222.0,0.1,22,25609,16339,27.2,23.0
Station_01,Inv_00,20170723,05:29:00,0.0,0.0,0,222.0,0.1,22,25609,16339,27.2,24.0
Station_01,Inv_00,20170723,05:30:00,0.0,0.0,0,222.0,0.1,22,25609,16339,27.3,25.0
Station_01,Inv_00,20170723,05:31:00,0.0,0.0,0,221.0,0.5,111,25609,16339,27.3,26.0
Station_01,Inv_00,20170723,05:32:00,0.0,0.0,0,221.0,0.5,111,25609,16339,27.4,26.0
Station_01,Inv_00,20170723,05:33:00,0.0,0.0,0,220.0,0.5,110,25609,16339,27.3,28.0
Station_01,Inv_00,20170723,05:34:00,0.0,0.0,0,220.0,0.5,110,25609,16339,27.4,30.0
Station_01,Inv_00,20170723,05:35:00,0.0,0.0,0,221.0,0.5,111,25609,16339,27.4,31.0
Station_01,Inv_00,20170723,05:36:00,217.0,0.3,65,217.0,0.4,87,25609,16339,27.4,33.0
Station_01,Inv_00,20170723,05:37:00,202.0,0.3,61,216.0,0.4,86,25609,16339,27.5,34.0
Station_01,Inv_00,20170723,05:38:00,201.0,0.3,60,217.0,0.5,109,25609,16339,27.5,36.0
Station_01,Inv_00,20170723,05:39:00,189.0,0.4,76,217.0,0.5,109,25609,16339,27.5,37.0
Station_01,Inv_00,20170723,05:40:00,218.5,0.4,87,217.0,0.5,109,25609,16339,27.5,38.0
Station_01,Inv_00,20170723,05:41:00,216.0,0.4,86,216.0,0.5,108,25609,16339,27.6,39.0
Station_01,Inv_00,20170723,05:42:00,222.7,0.3,67,218.0,0.5,109,25609,16339,27.6,40.0
Station_01,Inv_00,20170723,05:43:00,217.7,0.3,65,216.0,0.5,108,25609,16339,27.6,41.0
Station_01,Inv_00,20170723,05:44:00,221.0,0.4,88,218.0,0.5,109,25609,16339,27.6,42.0
Station_01,Inv_00,20170723,05:45:00,213.4,0.5,107,218.0,0.5,109,25609,16339,27.7,43.0
Station_01,Inv_00,20170723,05:46:00,203.0,0.5,102,217.0,0.5,109,25609,16339,27.7,46.0
Station_01,Inv_00,20170723,05:47:00,233.2,0.5,117,218.0,0.6,131,25609,16339,27.8,48.0
Station_01,Inv_00,20170723,05:48:00,219.4,0.5,110,216.0,0.6,130,25609,16339,27.8,50.0
Station_01,Inv_00,20170723,05:49:00,222.0,0.6,133,218.0,0.7,153,25609,16339,27.9,52.0
Station_01,Inv_00,20170723,05:50:00,209.5,0.6,126,217.0,0.7,152,25609,16339,27.9,54.0
Station_01,Inv_00,20170723,05:51:00,218.5,0.6,131,218.0,0.8,174,25609,16339,27.9,57.0
Station_01,Inv_00,20170723,05:52:00,225.9,0.7,158,218.0,0.8,174,25609,16339,28.0,59.0
Station_01,Inv_00,20170723,05:53:00,215.4,0.7,151,218.0,0.8,174,25609,16339,28.0,60.0
Station_01,Inv_00,20170723,05:54:00,225.9,0.7,158,218.0,0.9,196,25609,16339,28.1,62.0
Station_01,Inv_00,20170723,05:55:00,230.1,0.8,184,218.0,1.0,218,25609,16339,28.2,66.0
Station_01,Inv_00,20170723,05:56:00,234.0,0.9,211,218.0,1.0,218,25609,16339,28.2,70.0
Station_01,Inv_00,20170723,05:57:00,224.0,0.8,179,217.0,1.0,217,25609,16339,28.4,70.0
Station_01,Inv_00,20170723,05:58:00,227.5,0.8,182,216.0,1.0,216,25609,16339,28.5,68.0
Station_01,Inv_00,20170723,05:59:00,235.4,0.7,165,217.0,1.0,217,25609,16339,28.5,67.0
Station_01,Inv_00,20170723,06:00:00,239.4,0.7,168,216.0,0.9,194,25609,16339,28.6,66.0
Station_01,Inv_00,20170723,06:01:00,205.4,0.7,144,216.0,0.9,194,25609,16339,28.6,64.0
Station_01,Inv_00,20170723,06:02:00,229.0,0.8,183,216.0,0.9,194,25609,16339,28.8,64.0
Station_01,Inv_00,20170723,06:03:00,227.1,0.7,159,215.0,1.0,215,25609,16339,28.8,65.0
Station_01,Inv_00,20170723,06:04:00,226.0,0.8,181,215.0,0.9,194,25609,16339,29.0,65.0
Station_01,Inv_00,20170723,06:05:00,229.5,0.8,184,215.0,0.9,194,25609,16339,29.0,64.0
Station_01,Inv_00,20170723,06:06:00,227.0,0.7,159,217.0,0.9,195,25609,16339,29.1,62.0
Station_01,Inv_00,20170723,06:07:00,184.4,0.7,129,216.0,0.7,151,25609,16339,29.2,61.0
Station_01,Inv_00,20170723,06:08:00,226.7,0.7,159,216.0,0.8,173,25609,16339,29.2,60.0
Station_01,Inv_00,20170723,06:09:00,226.3,0.7,158,217.0,0.8,174,25609,16339,29.3,59.0
Station_01,Inv_00,20170723,06:10:00,218.0,0.6,131,216.0,0.8,173,25609,16339,29.3,60.0
Station_01,Inv_00,20170723,06:11:00,225.0,0.6,135,216.0,0.8,173,25609,16339,29.4,60.0
Station_01,Inv_00,20170723,06:12:00,220.0,0.7,154,216.0,0.8,173,25609,16339,29.4,58.0
Station_01,Inv_00,20170723,06:13:00,223.4,0.7,156,215.0,0.8,172,25609,16339,29.5,58.0
Station_01,Inv_00,20170723,06:14:00,225.3,0.7,158,216.0,0.8,173,25609,16339,29.5,57.0
Station_01,Inv_00,20170723,06:15:00,228.5,0.6,137,216.0,0.8,173,25609,16339,29.5,57.0
Station_01,Inv_00,20170723,06:16:00,221.5,0.6,133,216.0,0.8,173,25609,16339,29.6,57.0
Station_01,Inv_00,20170723,06:17:00,225.0,0.7,158,217.0,0.8,174,25609,16339,29.7,59.0
Station_01,Inv_00,20170723,06:18:00,228.4,0.7,160,218.0,0.9,196,25609,16339,29.7,62.0
Station_01,Inv_00,20170723,06:19:00,225.1,0.8,180,216.0,1.0,216,25609,16339,29.7,65.0
Station_01,Inv_00,20170723,06:20:00,218.5,0.8,175,217.0,1.0,217,25609,16339,29.7,66.0
Station_01,Inv_00,20170723,06:21:00,218.0,0.8,174,217.0,0.9,195,25609,16339,29.8,64.0
Station_01,Inv_00,20170723,06:22:00,217.0,0.8,174,216.0,0.9,194,25609,16339,29.9,62.0
Station_01,Inv_00,20170723,06:23:00,223.9,0.7,157,216.0,0.9,194,25609,16339,29.9,61.0
Station_01,Inv_00,20170723,06:24:00,223.0,0.7,156,217.0,0.9,195,25609,16339,29.9,62.0
Station_01,Inv_00,20170723,06:25:00,216.9,0.7,152,218.0,0.9,196,25609,16339,30.0,62.0
Station_01,Inv_00,20170723,06:26:00,229.4,0.7,161,218.0,0.9,196,25609,16339,30.0,63.0
Station_01,Inv_00,20170723,06:27:00,224.3,0.7,157,217.0,0.9,195,25609,16339,30.1,64.0
Station_01,Inv_00,20170723,06:28:00,213.1,0.7,149,217.0,0.9,195,25609,16339,30.1,65.0
Station_01,Inv_00,20170723,06:29:00,235.6,0.8,189,217.0,1.0,217,25609,16339,30.2,68.0
Station_01,Inv_00,20170723,06:30:00,232.1,0.9,209,217.0,1.0,217,25609,16339,30.4,73.0
Station_01,Inv_00,20170723,06:31:00,224.5,1.0,225,216.0,1.1,238,25609,16339,30.5,78.0
Station_01,Inv_00,20170723,06:32:00,210.6,1.1,232,216.0,1.1,238,25609,16339,30.6,82.0
Station_01,Inv_00,20170723,06:33:00,227.0,1.2,272,216.0,1.2,259,25609,16339,30.6,87.0
Station_01,Inv_00,20170723,06:34:00,212.3,1.2,255,216.0,1.2,259,25609,16339,30.7,91.0
Station_01,Inv_00,20170723,06:35:00,213.4,1.3,277,216.0,1.3,281,25609,16339,30.9,95.0
Station_01,Inv_00,20170723,06:36:00,219.0,1.3,285,216.0,1.3,281,25609,16339,31.0,98.0
Station_01,Inv_00,20170723,06:37:00,202.9,1.3,264,216.0,1.3,281,25609,16339,31.2,100.0
Station_01,Inv_00,20170723,06:38:00,234.0,1.4,328,216.0,1.5,324,25609,16339,31.3,103.0
Station_01,Inv_00,20170723,06:39:00,240.6,1.4,337,217.0,1.5,326,25609,16339,31.3,106.0
Station_01,Inv_00,20170723,06:40:00,231.7,1.5,348,217.0,1.5,326,25609,16339,31.4,108.0
Station_01,Inv_00,20170723,06:41:00,240.0,1.5,360,217.0,1.5,326,25609,16339,31.5,110.0
Station_01,Inv_00,20170723,06:42:00,229.5,1.5,344,217.0,1.5,326,25609,16339,31.5,112.0
Station_01,Inv_00,20170723,06:43:00,239.9,1.5,360,218.0,1.6,349,25609,16339,31.6,114.0
Station_01,Inv_00,20170723,06:44:00,232.9,1.6,373,216.0,1.6,346,25609,16339,31.7,116.0
Station_01,Inv_00,20170723,06:45:00,235.0,1.6,376,218.0,1.6,349,25609,16339,31.8,118.0
Station_01,Inv_00,20170723,06:46:00,238.5,1.6,382,216.0,1.7,367,25609,16339,31.7,120.0
Station_01,Inv_00,20170723,06:47:00,241.1,1.6,386,218.0,1.7,371,25609,16339,31.9,122.0
Station_01,Inv_00,20170723,06:48:00,238.9,1.7,406,218.0,1.7,371,25609,16339,32.0,125.0
Station_01,Inv_00,20170723,06:49:00,238.8,1.7,406,218.0,1.8,392,25609,16339,32.1,128.0
Station_01,Inv_00,20170723,06:50:00,235.5,1.7,400,218.0,1.9,414,25609,16339,32.2,131.0
Station_01,Inv_00,20170723,06:51:00,239.0,1.8,430,218.0,1.9,414,25609,16339,32.4,134.0
Station_01,Inv_00,20170723,06:52:00,238.0,1.8,428,218.0,2.0,436,25609,16339,32.4,137.0
Station_01,Inv_00,20170723,06:53:00,243.9,1.9,464,218.0,2.0,436,25609,16339,32.5,140.0
Station_01,Inv_00,20170723,06:54:00,234.0,2.0,468,218.0,2.0,436,25609,16339,32.8,142.0
Station_01,Inv_00,20170723,06:55:00,237.0,2.0,474,216.0,2.0,432,25609,16339,33.0,144.0
Station_01,Inv_00,20170723,06:56:00,239.0,2.0,478,217.0,2.0,434,25609,16339,33.1,145.0
Station_01,Inv_00,20170723,06:57:00,241.9,2.0,484,216.0,2.0,432,25609,16339,32.9,147.0
Station_01,Inv_00,20170723,06:58:00,238.0,2.0,476,216.0,2.1,454,25609,16339,33.0,148.0
Station_01,Inv_00,20170723,06:59:00,238.0,2.0,476,216.0,2.1,454,25609,16339,33.2,149.0
Station_01,Inv_00,20170723,07:00:00,241.5,2.0,483,215.0,2.1,452,25609,16339,33.2,150.0
Station_01,Inv_00,20170723,07:01:00,240.0,2.1,504,216.0,2.2,475,25609,16339,33.3,151.0
Station_01,Inv_00,20170723,07:02:00,243.5,2.1,511,216.0,2.1,454,25609,16339,33.4,152.0
Station_01,Inv_00,20170723,07:03:00,243.5,2.1,511,217.0,2.2,477,25609,16339,33.3,153.0
Station_01,Inv_00,20170723,07:04:00,241.5,2.1,507,216.0,2.2,475,25609,16339,33.7,153.0
Station_01,Inv_00,20170723,07:05:00,241.4,2.1,507,215.0,2.2,473,25609,16339,33.8,154.0
Station_01,Inv_00,20170723,07:06:00,240.0,2.2,528,216.0,2.2,475,25609,16339,33.9,156.0
Station_01,Inv_00,20170723,07:07:00,238.8,2.2,525,216.0,2.3,497,25609,16339,33.9,159.0
Station_01,Inv_00,20170723,07:08:00,239.0,2.1,502,216.0,2.3,497,25609,16339,34.0,160.0
Station_01,Inv_00,20170723,07:09:00,239.0,2.3,550,216.0,2.3,497,25609,16339,34.0,163.0
Station_01,Inv_00,20170723,07:10:00,237.5,2.2,523,216.0,2.4,518,25609,16339,34.1,166.0
Station_01,Inv_00,20170723,07:11:00,237.5,2.4,570,217.0,2.5,543,25609,16339,34.1,171.0
Station_01,Inv_00,20170723,07:12:00,241.0,2.4,578,217.0,2.5,543,25609,16339,34.0,174.0
Station_01,Inv_00,20170723,07:13:00,242.0,2.5,605,216.0,2.6,562,25609,16339,34.2,178.0
Station_01,Inv_00,20170723,07:14:00,241.3,2.6,627,218.0,2.6,567,25609,16339,34.4,182.0
Station_01,Inv_00,20170723,07:15:00,239.5,2.6,623,217.0,2.7,586,25609,16339,34.6,184.0
Station_01,Inv_00,20170723,07:16:00,240.0,2.6,624,217.0,2.7,586,25609,16339,35.1,186.0
Station_01,Inv_00,20170723,07:17:00,242.0,2.6,629,216.0,2.8,605,25609,16339,35.4,187.0
Station_01,Inv_00,20170723,07:18:00,242.4,2.6,630,217.0,2.7,586,25609,16339,35.5,186.0
Station_01,Inv_00,20170723,07:19:00,243.4,2.6,633,216.0,2.7,583,25609,16339,35.8,185.0
Station_01,Inv_00,20170723,07:20:00,241.0,2.5,603,216.0,2.7,583,25609,16339,35.8,183.0
Station_01,Inv_00,20170723,07:21:00,237.4,2.5,594,216.0,2.5,540,25609,16339,35.8,176.0
Station_01,Inv_00,20170723,07:22:00,240.0,2.4,576,216.0,2.5,540,25609,16339,35.7,171.0
Station_01,Inv_00,20170723,07:23:00,238.5,2.3,549,218.0,2.4,523,25609,16339,35.6,164.0
Station_01,Inv_00,20170723,07:24:00,241.0,2.1,506,217.0,2.3,499,25609,16339,35.7,158.0
Station_01,Inv_00,20170723,07:25:00,240.0,2.2,528,217.0,2.2,477,25609,16339,35.7,155.0
Station_01,Inv_00,20170723,07:26:00,238.4,2.2,524,216.0,2.3,497,25609,16339,35.6,157.0
Station_01,Inv_00,20170723,07:27:00,239.5,2.1,503,216.0,2.3,497,25609,16339,35.5,158.0
Station_01,Inv_00,20170723,07:28:00,235.0,2.2,517,216.0,2.2,475,25609,16339,35.5,156.0
Station_01,Inv_00,20170723,07:29:00,243.5,2.1,511,216.0,2.1,454,25609,16339,35.5,150.0
Station_01,Inv_00,20170723,07:30:00,242.3,2.0,485,216.0,2.0,432,25609,16339,35.3,144.0
Station_01,Inv_00,20170723,07:31:00,234.5,1.9,446,216.0,2.0,432,25609,16339,35.3,139.0
Station_01,Inv_00,20170723,07:32:00,222.9,1.9,424,217.0,1.9,412,25609,16339,35.1,137.0
Station_01,Inv_00,20170723,07:33:00,222.4,1.9,423,217.0,1.9,412,25609,16339,35.1,138.0
Station_01,Inv_00,20170723,07:34:00,215.0,2.0,430,217.0,1.9,412,25609,16339,35.2,140.0
Station_01,Inv_00,20170723,07:35:00,240.5,2.0,481,217.0,2.1,456,25609,16339,35.1,147.0
Station_01,Inv_00,20170723,07:36:00,238.0,2.0,476,217.0,2.1,456,25609,16339,35.0,146.0
Station_01,Inv_00,20170723,07:37:00,241.5,2.2,531,217.0,2.3,499,25609,16339,35.1,154.0
Station_01,Inv_00,20170723,07:38:00,238.5,2.4,572,217.0,2.5,543,25609,16339,35.2,165.0
Station_01,Inv_00,20170723,07:39:00,236.4,2.5,591,219.0,2.5,548,25609,16339,35.4,171.0
Station_01,Inv_00,20170723,07:40:00,236.0,2.5,590,217.0,2.5,543,25609,16339,35.7,173.0
Station_01,Inv_00,20170723,07:41:00,235.5,2.5,589,217.0,2.5,543,25609,16339,35.8,171.0
Station_01,Inv_00,20170723,07:42:00,234.0,2.4,562,217.0,2.4,521,25609,16339,35.7,163.0
Station_01,Inv_00,20170723,07:43:00,236.0,2.2,519,218.0,2.2,480,25609,16339,35.7,155.0
Station_01,Inv_00,20170723,07:44:00,235.4,2.2,518,218.0,2.2,480,25609,16339,35.7,149.0
Station_01,Inv_00,20170723,07:45:00,230.9,2.1,485,217.0,2.1,456,25609,16339,36.0,144.0
Station_01,Inv_00,20170723,07:46:00,236.5,2.1,497,218.0,2.1,458,25609,16339,36.1,140.0
Station_01,Inv_00,20170723,07:47:00,235.4,2.1,494,218.0,2.1,458,25609,16339,35.6,141.0
Station_01,Inv_00,20170723,07:48:00,220.5,2.1,463,219.0,2.0,438,25609,16339,35.7,142.0
Station_01,Inv_00,20170723,07:49:00,225.0,2.2,495,219.0,2.1,460,25609,16339,35.4,144.0
Station_01,Inv_00,20170723,07:50:00,214.5,2.2,472,217.0,2.0,434,25609,16339,35.5,145.0
Station_01,Inv_00,20170723,07:51:00,238.2,2.1,500,218.0,2.2,480,25609,16339,35.4,147.0
Station_01,Inv_00,20170723,07:52:00,232.0,2.2,510,219.0,2.2,482,25609,16339,35.4,148.0
Station_01,Inv_00,20170723,07:53:00,236.5,2.3,544,219.0,2.3,504,25609,16339,35.5,152.0
Station_01,Inv_00,20170723,07:54:00,232.4,2.6,604,219.0,2.6,569,25609,16339,35.5,168.0
Station_01,Inv_00,20170723,07:55:00,232.5,3.2,744,219.0,3.2,701,25609,16339,35.9,204.0
Station_01,Inv_00,20170723,07:56:00,241.9,3.5,847,219.0,3.6,788,25609,16339,36.7,227.0
Station_01,Inv_00,20170723,07:57:00,224.8,4.0,899,219.0,3.8,832,25609,16339,37.3,249.0
Station_01,Inv_00,20170723,07:58:00,233.5,4.3,1004,220.0,4.1,902,25609,16339,37.5,271.0
Station_01,Inv_00,20170723,07:59:00,241.2,4.2,1013,218.0,4.4,959,25609,16339,38.5,295.0
Station_01,Inv_00,20170723,08:00:00,244.5,3.7,905,218.0,4.0,872,25609,16339,38.8,259.0
Station_01,Inv_00,20170723,08:01:00,243.5,3.5,852,217.0,3.6,781,25609,16339,38.4,238.0
Station_01,Inv_00,20170723,08:02:00,242.0,3.2,774,217.0,3.4,738,25609,16339,38.6,221.0
Station_01,Inv_00,20170723,08:03:00,238.5,3.1,739,217.0,3.2,694,25609,16339,38.4,211.0
Station_01,Inv_00,20170723,08:04:00,238.0,3.0,714,216.0,3.1,670,25609,16339,38.5,207.0
Station_01,Inv_00,20170723,08:05:00,237.0,3.1,735,217.0,3.1,673,25609,16339,38.8,208.0
Station_01,Inv_00,20170723,08:06:00,236.5,3.1,733,217.0,3.3,716,25609,16339,38.2,215.0
Station_01,Inv_00,20170723,08:07:00,243.0,3.4,826,218.0,3.6,785,25609,16339,38.2,228.0
Station_01,Inv_00,20170723,08:08:00,239.5,4.3,1030,217.0,4.4,955,25609,16339,38.6,269.0
Station_01,Inv_00,20170723,08:09:00,241.5,4.3,1038,217.0,4.4,955,25609,16339,39.2,287.0
Station_01,Inv_00,20170723,08:10:00,238.0,6.3,1499,216.0,6.5,1404,25610,16339,40.6,418.0
Station_01,Inv_00,20170723,08:11:00,239.0,6.6,1577,217.0,6.6,1432,25610,16339,41.1,412.0
Station_01,Inv_00,20170723,08:12:00,234.0,8.4,1966,217.0,8.6,1866,25610,16339,42.9,538.0
Station_01,Inv_00,20170723,08:13:00,230.5,8.9,2051,220.0,8.8,1936,25610,16339,44.2,589.0
Station_01,Inv_00,20170723,08:14:00,236.0,8.1,1911,218.0,8.2,1788,25610,16339,45.5,543.0
Station_01,Inv_00,20170723,08:15:00,233.0,8.9,2074,217.0,9.1,1975,25610,16339,46.8,588.0
Station_01,Inv_00,20170723,08:16:00,232.5,8.5,1976,219.0,8.5,1862,25610,16339,47.8,571.0
Station_01,Inv_00,20170723,08:17:00,231.5,8.3,1921,219.0,8.2,1796,25610,16339,48.8,557.0
Station_01,Inv_00,20170723,08:18:00,231.5,7.9,1829,218.0,8.0,1744,25610,16339,48.9,550.0
Station_01,Inv_00,20170723,08:19:00,232.5,6.2,1442,217.0,6.2,1345,25610,16339,48.8,407.0
Station_01,Inv_00,20170723,08:20:00,230.5,7.9,1821,218.0,7.8,1700,25610,16339,49.6,540.0
Station_01,Inv_00,20170723,08:21:00,226.4,5.9,1336,219.0,5.6,1226,25610,16339,48.1,386.0
Station_01,Inv_00,20170723,08:22:00,232.0,5.2,1206,219.0,5.2,1139,25610,16339,47.6,355.0
Station_01,Inv_00,20170723,08:23:00,235.0,5.3,1245,221.0,5.2,1149,25610,16339,46.8,349.0
Station_01,Inv_00,20170723,08:24:00,231.5,5.5,1273,221.0,5.5,1216,25610,16339,47.1,366.0
Station_01,Inv_00,20170723,08:25:00,227.0,6.2,1407,219.0,5.9,1292,25610,16339,46.9,393.0
Station_01,Inv_00,20170723,08:26:00,228.5,7.3,1668,220.0,7.1,1562,25610,16339,47.5,446.0
Station_01,Inv_00,20170723,08:27:00,230.5,7.2,1660,219.0,7.2,1577,25610,16339,47.9,495.0
Station_01,Inv_00,20170723,08:28:00,231.5,7.0,1621,219.0,7.1,1555,25610,16339,47.5,478.0
Station_01,Inv_00,20170723,08:29:00,232.5,8.7,2023,220.0,8.7,1914,25610,16339,48.1,565.0
Station_01,Inv_00,20170723,08:30:00,231.0,6.4,1478,219.0,6.2,1358,25610,16339,47.6,444.0
Station_01,Inv_00,20170723,08:31:00,228.0,6.6,1505,219.0,6.3,1380,25610,16339,48.2,408.0
Station_01,Inv_00,20170723,08:32:00,221.4,8.2,1816,219.0,7.9,1730,25610,16339,48.2,531.0
Station_01,Inv_00,20170723,08:33:00,228.4,8.9,2033,219.0,8.7,1905,25610,16339,48.3,525.0
Station_01,Inv_00,20170723,08:34:00,224.5,7.3,1639,219.0,7.1,1555,25610,16339,50.1,544.0
Station_01,Inv_00,20170723,08:35:00,226.5,6.9,1563,219.0,6.7,1467,25610,16339,49.7,423.0
Station_01,Inv_00,20170723,08:36:00,228.5,9.3,2125,219.0,9.1,1993,25610,16339,49.8,589.0
Station_01,Inv_00,20170723,08:37:00,227.5,7.1,1615,218.0,7.4,1613,25610,16339,50.8,554.0
Station_01,Inv_00,20170723,08:38:00,228.5,5.3,1211,218.0,5.2,1134,25610,16339,48.9,362.0
Station_01,Inv_00,20170723,08:39:00,225.9,5.0,1129,218.0,4.8,1046,25610,16339,48.1,333.0
Station_01,Inv_00,20170723,08:40:00,231.5,6.5,1505,219.0,6.5,1424,25610,16339,48.0,402.0
Station_01,Inv_00,20170723,08:41:00,233.0,6.5,1515,219.0,6.6,1445,25610,16339,48.6,431.0
Station_01,Inv_00,20170723,08:42:00,233.5,4.2,981,218.0,4.2,916,25610,16339,47.4,297.0
Station_01,Inv_00,20170723,08:43:00,232.5,4.0,930,219.0,3.9,854,25610,16339,46.8,278.0
Station_01,Inv_00,20170723,08:44:00,232.0,4.0,928,218.0,3.9,850,25610,16339,45.6,264.0
Station_01,Inv_00,20170723,08:45:00,207.9,4.0,832,219.0,3.7,810,25610,16339,44.4,279.0
Station_01,Inv_00,20170723,08:46:00,237.0,4.1,972,219.0,4.1,898,25610,16339,44.1,273.0
Station_01,Inv_00,20170723,08:47:00,236.5,5.2,1230,218.0,5.1,1112,25610,16339,43.8,307.0
Station_01,Inv_00,20170723,08:48:00,235.4,4.9,1154,220.0,4.9,1078,25610,16339,44.0,341.0
Station_01,Inv_00,20170723,08:49:00,228.5,4.9,1120,220.0,4.8,1056,25611,16340,43.8,369.0
Station_01,Inv_00,20170723,08:50:00,237.9,4.4,1047,220.0,4.4,968,25611,16340,43.6,300.0
Station_01,Inv_00,20170723,08:51:00,229.5,4.9,1125,220.0,4.8,1056,25611,16340,42.8,322.0
Station_01,Inv_00,20170723,08:52:00,227.0,10.0,2270,221.0,9.7,2144,25611,16340,45.2,594.0
Station_01,Inv_00,20170723,08:53:00,233.9,7.8,1824,220.0,7.7,1694,25611,16340,45.7,507.0
Station_01,Inv_00,20170723,08:54:00,230.0,9.5,2185,220.0,9.3,2046,25611,16340,46.7,625.0
Station_01,Inv_00,20170723,08:55:00,232.0,10.0,2320,220.0,9.8,2156,25611,16340,47.2,572.0
Station_01,Inv_00,20170723,08:56:00,226.0,10.3,2328,219.0,10.0,2190,25611,16340,49.2,678.0
Station_01,Inv_00,20170723,08:57:00,224.5,10.2,2290,218.0,9.9,2158,25611,16340,49.9,655.0
Station_01,Inv_00,20170723,08:58:00,225.0,9.9,2228,219.0,9.6,2102,25611,16340,50.2,641.0
Station_01,Inv_00,20170723,08:59:00,219.0,10.7,2343,218.0,10.1,2202,25611,16340,51.9,667.0
Station_01,Inv_00,20170723,09:00:00,223.5,10.3,2302,219.0,9.9,2168,25611,16340,51.6,672.0
Station_01,Inv_00,20170723,09:01:00,222.5,10.9,2425,219.0,10.5,2300,25611,16340,53.2,700.0
Station_01,Inv_00,20170723,09:02:00,224.0,11.0,2464,219.0,10.6,2321,25611,16340,54.1,708.0
Station_01,Inv_00,20170723,09:03:00,226.9,10.4,2360,221.0,10.0,2210,25611,16340,54.2,681.0
Station_01,Inv_00,20170723,09:04:00,228.5,9.1,2079,219.0,7.9,1730,25611,16340,54.1,561.0
Station_01,Inv_00,20170723,09:05:00,225.5,5.0,1128,218.0,4.7,1025,25611,16340,51.5,343.0
Station_01,Inv_00,20170723,09:06:00,225.1,5.7,1283,218.0,5.2,1134,25611,16340,50.8,372.0
Station_01,Inv_00,20170723,09:07:00,224.1,10.7,2398,219.0,10.1,2212,25611,16340,51.8,688.0
Station_01,Inv_00,20170723,09:08:00,221.0,9.9,2188,219.0,9.5,2081,25611,16340,52.8,626.0
Station_01,Inv_00,20170723,09:09:00,225.0,9.7,2182,219.0,9.5,2081,25611,16340,52.3,586.0
Station_01,Inv_00,20170723,09:10:00,226.0,4.2,949,218.0,4.0,872,25611,16340,50.9,296.0
Station_01,Inv_00,20170723,09:11:00,218.0,4.0,872,218.0,3.9,850,25611,16340,49.3,274.0
Station_01,Inv_00,20170723,09:12:00,226.5,10.9,2469,220.0,10.7,2354,25611,16340,49.8,663.0
Station_01,Inv_00,20170723,09:13:00,223.5,11.3,2525,221.0,10.8,2387,25611,16340,51.1,712.0
Station_01,Inv_00,20170723,09:14:00,222.9,9.6,2140,220.0,8.7,1914,25611,16340,51.5,479.0
Station_01,Inv_00,20170723,09:15:00,223.0,10.1,2252,220.0,9.8,2156,25611,16340,51.1,681.0
Station_01,Inv_00,20170723,09:16:00,222.9,10.2,2274,219.0,9.8,2146,25611,16340,50.9,630.0
Station_01,Inv_00,20170723,09:17:00,229.9,9.6,2207,219.0,9.6,2102,25611,16340,52.9,645.0
Station_01,Inv_00,20170723,09:18:00,224.5,7.9,1774,219.0,7.8,1708,25611,16340,51.6,658.0
Station_01,Inv_00,20170723,09:19:00,218.5,11.9,2600,220.0,11.1,2442,25611,16340,53.0,745.0
Station_01,Inv_00,20170723,09:20:00,224.5,11.7,2627,219.0,11.3,2475,25612,16340,51.9,758.0
Station_01,Inv_00,20170723,09:21:00,223.0,11.3,2520,219.0,10.8,2365,25612,16340,52.4,734.0
Station_01,Inv_00,20170723,09:22:00,224.5,11.5,2582,220.0,11.1,2442,25612,16340,52.3,752.0
Station_01,Inv_00,20170723,09:23:00,225.5,11.0,2480,221.0,10.6,2343,25612,16340,53.7,728.0
Station_01,Inv_00,20170723,09:24:00,224.0,11.1,2486,220.0,10.8,2376,25612,16340,55.3,729.0
Station_01,Inv_00,20170723,09:25:00,221.5,11.3,2503,219.0,10.8,2365,25612,16340,54.6,733.0
Station_01,Inv_00,20170723,09:26:00,223.0,11.0,2453,219.0,10.6,2321,25612,16340,54.3,732.0
Station_01,Inv_00,20170723,09:27:00,208.5,11.7,2439,218.0,10.4,2267,25612,16340,53.7,721.0
Station_01,Inv_00,20170723,09:28:00,220.0,10.9,2398,218.0,10.5,2289,25612,16340,55.3,702.0
Station_01,Inv_00,20170723,09:29:00,224.4,4.8,1077,218.0,4.6,1003,25612,16340,52.5,331.0
Station_01,Inv_00,20170723,09:30:00,229.0,5.4,1236,218.0,5.3,1155,25612,16340,51.1,343.0
Station_01,Inv_00,20170723,09:31:00,229.5,7.7,1767,218.0,7.2,1570,25612,16340,50.3,448.0
Station_01,Inv_00,20170723,09:32:00,229.0,10.9,2496,219.0,10.9,2387,25612,16340,52.5,694.0
Station_01,Inv_00,20170723,09:33:00,222.3,5.0,1112,218.0,5.0,1090,25612,16340,51.9,430.0
Station_01,Inv_00,20170723,09:34:00,228.9,4.0,916,217.0,3.9,846,25612,16340,50.0,275.0
Station_01,Inv_00,20170723,09:35:00,230.5,4.0,922,217.0,3.9,846,25612,16340,47.9,266.0
Station_01,Inv_00,20170723,09:36:00,223.5,3.9,872,217.0,3.8,825,25612,16340,47.6,259.0
Station_01,Inv_00,20170723,09:37:00,224.0,3.7,829,217.0,3.6,781,25612,16340,45.9,246.0
Station_01,Inv_00,20170723,09:38:00,232.0,3.6,835,218.0,3.6,785,25612,16340,46.1,239.0
Station_01,Inv_00,20170723,09:39:00,221.5,3.4,753,217.0,3.4,738,25612,16340,45.2,236.0
Station_01,Inv_00,20170723,09:40:00,236.5,3.4,804,220.0,3.5,770,25612,16340,44.4,234.0
Station_01,Inv_00,20170723,09:41:00,230.4,3.5,807,220.0,3.5,770,25612,16340,43.2,237.0
Station_01,Inv_00,20170723,09:42:00,219.5,3.4,746,221.0,3.4,751,25612,16340,43.1,235.0
Station_01,Inv_00,20170723,09:43:00,227.7,3.6,820,218.0,3.6,785,25612,16340,42.9,251.0
Station_01,Inv_00,20170723,09:44:00,209.5,3.8,796,217.0,3.5,760,25612,16340,42.7,251.0
Station_01,Inv_00,20170723,09:45:00,236.5,3.9,922,218.0,3.9,850,25612,16340,42.2,260.0
Station_01,Inv_00,20170723,09:46:00,235.0,4.3,1010,219.0,4.4,964,25612,16340,42.1,286.0
Station_01,Inv_00,20170723,09:47:00,231.9,6.8,1577,219.0,6.7,1467,25612,16340,42.6,378.0
Station_01,Inv_00,20170723,09:48:00,235.0,12.0,2820,219.0,12.0,2628,25612,16340,45.4,728.0
Station_01,Inv_00,20170723,09:49:00,231.0,13.0,3003,220.0,12.8,2816,25612,16340,47.9,826.0
Station_01,Inv_00,20170723,09:50:00,220.0,7.6,1672,219.0,7.3,1599,25612,16340,49.5,744.0
Station_01,Inv_00,20170723,09:51:00,230.4,7.4,1705,219.0,7.4,1621,25612,16340,49.8,527.0
Station_01,Inv_00,20170723,09:52:00,232.0,7.7,1786,219.0,7.7,1686,25612,16340,50.6,531.0
Station_01,Inv_00,20170723,09:53:00,233.0,8.2,1911,218.0,8.2,1788,25612,16340,50.8,571.0
Station_01,Inv_00,20170723,09:54:00,218.0,13.7,2986,219.0,12.8,2803,25612,16340,52.6,835.0
Station_01,Inv_00,20170723,09:55:00,220.5,14.0,3087,219.0,13.3,2913,25613,16341,55.7,875.0
Station_01,Inv_00,20170723,09:56:00,221.0,13.8,3049,219.0,13.0,2847,25613,16341,56.0,879.0
Station_01,Inv_00,20170723,09:57:00,218.4,13.9,3036,219.0,12.9,2825,25613,16341,59.2,879.0
Station_01,Inv_00,20170723,09:58:00,216.0,14.1,3045,219.0,13.0,2847,25613,16341,60.1,890.0
Station_01,Inv_00,20170723,09:59:00,213.0,14.4,3067,219.0,13.0,2847,25613,16341,62.3,901.0
Station_01,Inv_00,20170723,10:00:00,214.0,14.3,3060,219.0,13.0,2847,25613,16341,61.3,898.0
Station_01,Inv_00,20170723,10:01:00,213.5,14.2,3032,219.0,12.9,2825,25613,16341,61.4,891.0
Station_01,Inv_00,20170723,10:02:00,214.0,14.1,3017,219.0,12.9,2825,25613,16341,62.2,891.0
Station_01,Inv_00,20170723,10:03:00,213.5,14.2,3031,218.0,12.9,2812,25613,16341,60.9,892.0
Station_01,Inv_00,20170723,10:04:00,213.5,14.4,3074,218.0,13.3,2899,25613,16341,62.7,920.0
Station_01,Inv_00,20170723,10:05:00,211.5,14.6,3088,218.0,13.2,2878,25613,16341,60.7,921.0
Station_01,Inv_00,20170723,10:06:00,209.0,14.4,3009,218.0,12.9,2812,25613,16341,60.4,890.0
Station_01,Inv_00,20170723,10:07:00,211.0,14.6,3080,217.0,13.2,2864,25613,16341,62.0,913.0
Station_01,Inv_00,20170723,10:08:00,210.5,14.5,3052,218.0,13.0,2834,25613,16341,60.5,912.0
Station_01,Inv_00,20170723,10:09:00,209.0,14.8,3093,219.0,13.4,2935,25613,16341,61.5,929.0
Station_01,Inv_00,20170723,10:10:00,208.5,14.2,2960,218.0,12.8,2790,25613,16341,62.3,893.0
Station_01,Inv_00,20170723,10:11:00,210.5,14.4,3031,217.0,13.2,2864,25613,16341,60.2,863.0
Station_01,Inv_00,20170723,10:12:00,212.0,15.0,3180,218.0,13.7,2987,25613,16341,62.5,934.0
Station_01,Inv_00,20170723,10:13:00,212.5,15.0,3187,218.0,13.7,2987,25613,16341,62.0,948.0
Station_01,Inv_00,20170723,10:14:00,206.5,15.4,3180,220.0,13.5,2970,25614,16342,61.9,957.0
Station_01,Inv_00,20170723,10:15:00,203.5,15.3,3114,221.0,13.2,2917,25614,16342,63.5,939.0
Station_01,Inv_00,20170723,10:16:00,211.5,14.3,3024,220.0,12.9,2838,25614,16342,63.6,907.0
Station_01,Inv_00,20170723,10:17:00,211.9,12.9,2734,221.0,11.7,2586,25614,16342,61.8,846.0
Station_01,Inv_00,20170723,10:18:00,212.0,13.4,2841,222.0,12.1,2686,25614,16342,62.1,862.0
Station_01,Inv_00,20170723,10:19:00,206.5,14.7,3036,220.0,12.8,2816,25614,16342,63.1,904.0
Station_01,Inv_00,20170723,10:20:00,212.0,14.2,3010,221.0,12.8,2829,25614,16342,63.4,904.0
Station_01,Inv_00,20170723,10:21:00,211.5,14.4,3045,221.0,12.9,2851,25614,16342,63.3,915.0
Station_01,Inv_00,20170723,10:22:00,208.4,14.5,3023,220.0,12.9,2838,25614,16342,63.1,916.0
Station_01,Inv_00,20170723,10:23:00,206.5,14.3,2953,221.0,12.5,2763,25614,16342,65.8,889.0
Station_01,Inv_00,20170723,10:24:00,208.0,14.1,2933,221.0,12.4,2740,25614,16342,66.2,856.0
Station_01,Inv_00,20170723,10:25:00,208.0,14.0,2912,220.0,12.4,2728,25614,16342,64.4,863.0
Station_01,Inv_00,20170723,10:26:00,204.0,14.4,2937,221.0,12.4,2740,25614,16342,61.1,863.0
Station_01,Inv_00,20170723,10:27:00,208.5,14.1,2940,221.0,12.4,2740,25614,16342,62.2,897.0
Station_01,Inv_00,20170723,10:28:00,206.0,14.9,3069,220.0,12.9,2838,25614,16342,63.8,919.0
Station_01,Inv_00,20170723,10:29:00,210.0,14.3,3003,220.0,12.9,2838,25614,16342,65.0,911.0
Station_01,Inv_00,20170723,10:30:00,209.5,14.3,2996,220.0,12.8,2816,25614,16342,61.3,909.0
Station_01,Inv_00,20170723,10:31:00,210.5,14.3,3010,219.0,12.9,2825,25614,16342,61.8,913.0
Station_01,Inv_00,20170723,10:32:00,210.0,14.6,3066,219.0,13.0,2847,25614,16342,60.5,920.0
Station_01,Inv_00,20170723,10:33:00,211.0,14.6,3080,220.0,13.1,2882,25614,16342,61.4,926.0
Station_01,Inv_00,20170723,10:34:00,207.0,14.9,3084,220.0,13.1,2882,25614,16342,60.2,931.0
Station_01,Inv_00,20170723,10:35:00,211.5,14.7,3109,221.0,13.2,2917,25615,16342,61.1,931.0
Station_01,Inv_00,20170723,10:36:00,210.0,14.7,3087,221.0,13.1,2895,25615,16342,60.7,925.0
Station_01,Inv_00,20170723,10:37:00,209.5,14.7,3080,220.0,13.1,2882,25615,16342,62.3,926.0
Station_01,Inv_00,20170723,10:38:00,207.0,14.9,3084,220.0,13.1,2882,25615,16342,62.2,935.0
Station_01,Inv_00,20170723,10:39:00,212.5,14.3,3039,220.0,12.9,2838,25615,16342,62.7,915.0
Station_01,Inv_00,20170723,10:40:00,211.0,14.4,3038,220.0,13.0,2860,25615,16342,63.1,927.0
Station_01,Inv_00,20170723,10:41:00,209.0,14.6,3051,220.0,13.1,2882,25615,16342,61.6,923.0
Station_01,Inv_00,20170723,10:42:00,209.0,14.7,3072,220.0,13.1,2882,25615,16342,60.2,931.0
Station_01,Inv_00,20170723,10:43:00,208.0,14.6,3037,220.0,13.0,2860,25615,16342,61.0,920.0
Station_01,Inv_00,20170723,10:44:00,208.0,14.6,3037,220.0,13.0,2860,25615,16342,61.5,900.0
Station_01,Inv_00,20170723,10:45:00,208.0,14.6,3037,220.0,13.0,2860,25615,16342,62.2,928.0
Station_01,Inv_00,20170723,10:46:00,207.5,14.9,3092,220.0,13.3,2926,25615,16342,62.3,936.0
Station_01,Inv_00,20170723,10:47:00,211.5,14.8,3130,221.0,13.4,2961,25615,16342,63.4,943.0
Station_01,Inv_00,20170723,10:48:00,207.0,14.8,3063,220.0,13.1,2882,25615,16342,63.2,931.0
Station_01,Inv_00,20170723,10:49:00,211.0,14.8,3122,221.0,13.2,2917,25615,16342,63.4,936.0
Station_01,Inv_00,20170723,10:50:00,211.5,14.3,3024,219.0,13.0,2847,25615,16342,64.6,919.0
Station_01,Inv_00,20170723,10:51:00,207.0,14.9,3084,219.0,13.2,2891,25615,16342,63.3,928.0
Station_01,Inv_00,20170723,10:52:00,208.5,14.8,3085,219.0,13.3,2913,25615,16342,64.4,938.0
Station_01,Inv_00,20170723,10:53:00,206.5,15.1,3118,218.0,13.4,2921,25615,16342,65.4,947.0
Station_01,Inv_00,20170723,10:54:00,209.5,15.0,3142,219.0,13.5,2957,25616,16343,63.7,959.0
Station_01,Inv_00,20170723,10:55:00,205.0,15.6,3198,218.0,13.7,2987,25616,16343,64.8,972.0
Station_01,Inv_00,20170723,10:56:00,208.0,15.5,3224,218.0,13.9,3030,25616,16343,66.5,979.0
Station_01,Inv_00,20170723,10:57:00,204.5,15.7,3211,217.0,13.8,2995,25616,16343,66.9,980.0
Station_01,Inv_00,20170723,10:58:00,211.5,15.1,3193,217.0,13.8,2995,25616,16343,66.3,979.0
Station_01,Inv_00,20170723,10:59:00,204.5,15.6,3190,219.0,13.6,2978,25616,16343,66.9,971.0
Station_01,Inv_00,20170723,11:00:00,204.0,15.6,3182,219.0,13.6,2978,25616,16343,66.1,974.0
Station_01,Inv_00,20170723,11:01:00,211.0,15.1,3186,218.0,13.6,2965,25616,16343,63.8,970.0
Station_01,Inv_00,20170723,11:02:00,207.0,15.4,3188,219.0,13.6,2978,25616,16343,66.5,968.0
Station_01,Inv_00,20170723,11:03:00,204.0,15.5,3162,218.0,13.6,2965,25616,16343,66.8,960.0
Station_01,Inv_00,20170723,11:04:00,201.5,15.9,3204,220.0,13.5,2970,25616,16343,65.5,983.0
Station_01,Inv_00,20170723,11:05:00,201.5,15.6,3143,220.0,13.4,2948,25616,16343,64.6,976.0
Station_01,Inv_00,20170723,11:06:00,205.5,15.1,3102,219.0,13.3,2913,25616,16343,65.3,946.0
Station_01,Inv_00,20170723,11:07:00,208.5,14.6,3044,218.0,13.1,2856,25616,16343,66.3,925.0
Station_01,Inv_00,20170723,11:08:00,207.5,14.8,3071,218.0,13.2,2878,25616,16343,68.2,939.0
Station_01,Inv_00,20170723,11:09:00,206.5,15.2,3139,219.0,13.4,2935,25616,16343,68.3,960.0
Station_01,Inv_00,20170723,11:10:00,199.5,15.9,3172,220.0,13.5,2970,25616,16343,68.1,978.0
Station_01,Inv_00,20170723,11:11:00,194.5,16.3,3170,220.0,13.5,2970,25616,16343,69.2,982.0
Station_01,Inv_00,20170723,11:12:00,203.5,16.0,3256,220.0,13.9,3058,25616,16343,66.0,1004.0
Station_01,Inv_00,20170723,11:13:00,206.0,15.7,3234,220.0,13.8,3036,25617,16344,66.0,1005.0
Station_01,Inv_00,20170723,11:14:00,201.5,16.2,3264,222.0,13.8,3064,25617,16344,67.5,999.0
Station_01,Inv_00,20170723,11:15:00,205.0,15.9,3260,220.0,13.9,3058,25617,16344,67.6,1007.0
Station_01,Inv_00,20170723,11:16:00,200.0,16.3,3260,219.0,13.9,3044,25617,16344,69.8,1003.0
Station_01,Inv_00,20170723,11:17:00,202.0,15.8,3191,218.0,13.7,2987,25617,16344,71.1,988.0
Station_01,Inv_00,20170723,11:18:00,200.0,16.2,3240,218.0,13.9,3030,25617,16344,71.2,1004.0
Station_01,Inv_00,20170723,11:19:00,202.0,16.2,3272,218.0,14.0,3052,25617,16344,69.4,1016.0
Station_01,Inv_00,20170723,11:20:00,200.0,15.5,3100,218.0,13.3,2899,25617,16344,70.6,990.0
Station_01,Inv_00,20170723,11:21:00,199.4,14.7,2932,218.0,12.7,2769,25617,16344,70.2,900.0
Station_01,Inv_00,20170723,11:22:00,198.4,14.3,2838,218.0,11.4,2485,25617,16344,68.0,852.0
Station_01,Inv_00,20170723,11:23:00,206.5,5.4,1115,217.0,4.9,1063,25617,16344,66.1,366.0
Station_01,Inv_00,20170723,11:24:00,210.3,5.6,1178,218.0,5.0,1090,25617,16344,62.8,348.0
Station_01,Inv_00,20170723,11:25:00,202.5,5.6,1134,218.0,5.0,1090,25617,16344,61.1,355.0
Station_01,Inv_00,20170723,11:26:00,198.5,10.4,2064,218.0,9.8,2136,25617,16344,62.1,786.0
Station_01,Inv_00,20170723,11:27:00,212.8,5.7,1213,217.0,5.2,1128,25617,16344,61.4,378.0
Station_01,Inv_00,20170723,11:28:00,209.5,16.3,3415,219.0,14.5,3176,25617,16344,63.0,999.0
Station_01,Inv_00,20170723,11:29:00,208.5,11.3,2356,218.0,10.2,2224,25617,16344,63.4,786.0
Station_01,Inv_00,20170723,11:30:00,216.4,5.0,1082,217.0,4.7,1020,25617,16344,59.8,343.0
Station_01,Inv_00,20170723,11:31:00,219.8,4.8,1055,217.0,4.5,977,25617,16344,55.5,314.0
Station_01,Inv_00,20170723,11:32:00,221.0,4.8,1061,217.0,4.5,977,25617,16344,54.2,306.0
Station_01,Inv_00,20170723,11:33:00,219.0,4.6,1007,217.0,4.4,955,25617,16344,53.9,301.0
Station_01,Inv_00,20170723,11:34:00,226.0,4.6,1040,218.0,4.6,1003,25617,16344,52.6,305.0
Station_01,Inv_00,20170723,11:35:00,226.0,5.2,1175,218.0,5.0,1090,25617,16344,52.0,331.0
Station_01,Inv_00,20170723,11:36:00,228.5,5.9,1348,217.0,5.7,1237,25617,16344,50.7,362.0
Station_01,Inv_00,20170723,11:37:00,228.0,16.1,3671,218.0,15.7,3423,25617,16344,54.4,859.0
Station_01,Inv_00,20170723,11:38:00,213.9,17.1,3659,218.0,15.6,3401,25617,16344,58.4,1053.0
Station_01,Inv_00,20170723,11:39:00,214.4,16.6,3560,218.0,15.3,3335,25618,16344,61.3,1044.0
Station_01,Inv_00,20170723,11:40:00,212.0,16.4,3476,218.0,14.8,3226,25618,16344,62.5,1025.0
Station_01,Inv_00,20170723,11:41:00,211.0,16.2,3418,218.0,14.6,3183,25618,16344,64.2,1014.0
Station_01,Inv_00,20170723,11:42:00,212.0,13.7,2904,218.0,12.5,2725,25618,16344,66.4,945.0
Station_01,Inv_00,20170723,11:43:00,213.0,7.6,1619,217.0,7.1,1541,25618,16344,63.1,575.0
Station_01,Inv_00,20170723,11:44:00,215.5,12.6,2715,217.0,11.8,2561,25618,16344,62.9,772.0
Station_01,Inv_00,20170723,11:45:00,211.0,15.8,3334,218.0,14.3,3117,25618,16344,65.2,976.0
Station_01,Inv_00,20170723,11:46:00,201.5,17.5,3526,219.0,14.9,3263,25618,16344,64.3,1046.0
Station_01,Inv_00,20170723,11:47:00,206.5,16.8,3469,219.0,14.9,3263,25618,16344,64.4,1045.0
Station_01,Inv_00,20170723,11:48:00,207.5,16.9,3507,219.0,14.9,3263,25618,16344,67.1,1047.0
Station_01,Inv_00,20170723,11:49:00,205.0,16.9,3465,219.0,14.8,3241,25618,16344,67.3,1046.0
Station_01,Inv_00,20170723,11:50:00,195.0,16.9,3295,219.0,14.1,3088,25618,16344,69.1,1018.0
Station_01,Inv_00,20170723,11:51:00,193.4,14.8,2862,219.0,12.4,2716,25618,16344,67.7,751.0
Station_01,Inv_00,20170723,11:52:00,195.9,13.2,2586,219.0,11.1,2431,25618,16344,67.8,812.0
Station_01,Inv_00,20170723,11:53:00,201.0,17.5,3517,220.0,14.9,3278,25618,16344,68.7,1054.0
Station_01,Inv_00,20170723,11:54:00,202.0,17.0,3434,219.0,14.7,3219,25618,16344,69.3,1053.0
Station_01,Inv_00,20170723,11:55:00,204.5,16.6,3394,219.0,14.5,3176,25618,16344,69.4,1040.0
Station_01,Inv_00,20170723,11:56:00,202.0,17.1,3454,218.0,14.8,3226,25618,16344,70.1,1049.0
Station_01,Inv_00,20170723,11:57:00,197.9,10.2,2019,216.0,8.6,1858,25618,16344,67.8,688.0
Station_01,Inv_00,20170723,11:58:00,204.3,15.8,3228,217.0,13.8,2995,25618,16344,65.4,835.0
Station_01,Inv_00,20170723,11:59:00,206.0,17.0,3502,218.0,15.0,3270,25619,16345,67.0,1051.0
Station_01,Inv_00,20170723,12:00:00,204.0,17.1,3488,217.0,15.0,3255,25619,16345,65.1,1053.0
Station_01,Inv_00,20170723,12:01:00,203.0,16.8,3410,217.0,14.6,3168,25619,16345,65.4,1022.0
Station_01,Inv_00,20170723,12:02:00,202.5,17.3,3503,218.0,14.9,3248,25619,16345,65.4,1033.0
Station_01,Inv_00,20170723,12:03:00,204.0,16.8,3427,219.0,14.6,3197,25619,16345,68.5,1029.0
Station_01,Inv_00,20170723,12:04:00,201.0,16.2,3256,219.0,13.9,3044,25619,16345,68.2,1016.0
Station_01,Inv_00,20170723,12:05:00,203.0,15.8,3207,219.0,13.7,3000,25619,16345,68.9,990.0
Station_01,Inv_00,20170723,12:06:00,195.0,16.8,3276,220.0,13.9,3058,25619,16345,69.6,1002.0
Station_01,Inv_00,20170723,12:07:00,197.0,16.7,3290,218.0,14.1,3074,25619,16345,70.6,1011.0
Station_01,Inv_00,20170723,12:08:00,200.0,16.6,3320,219.0,14.2,3110,25619,16345,68.9,1016.0
Station_01,Inv_00,20170723,12:09:00,199.0,16.8,3343,218.0,14.3,3117,25619,16345,71.1,1026.0
Station_01,Inv_00,20170723,12:10:00,206.0,15.9,3275,219.0,14.0,3066,25619,16345,72.1,1014.0
Station_01,Inv_00,20170723,12:11:00,197.5,16.7,3298,219.0,13.9,3044,25619,16345,73.0,1013.0
Station_01,Inv_00,20170723,12:12:00,200.5,16.4,3288,218.0,14.0,3052,25619,16345,70.1,1019.0
Station_01,Inv_00,20170723,12:13:00,194.0,13.2,2561,218.0,11.1,2420,25619,16345,69.6,920.0
Station_01,Inv_00,20170723,12:14:00,194.0,15.1,2929,218.0,12.8,2790,25619,16345,71.3,872.0
Station_01,Inv_00,20170723,12:15:00,199.0,17.3,3443,220.0,14.6,3212,25619,16345,71.7,1041.0
Station_01,Inv_00,20170723,12:16:00,200.0,17.4,3480,219.0,14.9,3263,25619,16345,67.6,1073.0
Station_01,Inv_00,20170723,12:17:00,198.5,16.9,3355,219.0,14.3,3132,25620,16346,67.1,1020.0
Station_01,Inv_00,20170723,12:18:00,191.0,18.1,3457,218.0,14.8,3226,25620,16346,70.1,1053.0
Station_01,Inv_00,20170723,12:19:00,202.5,17.1,3462,218.0,14.8,3226,25620,16346,69.7,1066.0
Station_01,Inv_00,20170723,12:20:00,200.0,16.7,3340,218.0,14.3,3117,25620,16346,71.5,1033.0
Station_01,Inv_00,20170723,12:21:00,202.0,16.2,3272,218.0,13.9,3030,25620,16346,72.7,1016.0
Station_01,Inv_00,20170723,12:22:00,197.5,8.3,1639,219.0,7.4,1621,25620,16346,70.0,666.0
Station_01,Inv_00,20170723,12:23:00,204.0,7.1,1448,219.0,6.2,1358,25620,16346,65.0,436.0
Station_01,Inv_00,20170723,12:24:00,215.5,6.4,1379,219.0,5.9,1292,25620,16346,62.4,409.0
Station_01,Inv_00,20170723,12:25:00,213.9,6.2,1326,219.0,5.6,1226,25620,16346,60.6,381.0
Station_01,Inv_00,20170723,12:26:00,217.5,6.0,1305,217.0,5.6,1215,25620,16346,57.8,374.0
Station_01,Inv_00,20170723,12:27:00,219.0,6.0,1314,217.0,5.6,1215,25620,16346,55.9,373.0
Station_01,Inv_00,20170723,12:28:00,219.5,6.3,1383,217.0,5.9,1280,25620,16346,56.1,388.0
Station_01,Inv_00,20170723,12:29:00,220.5,7.0,1543,217.0,6.7,1454,25620,16346,55.4,424.0
Station_01,Inv_00,20170723,12:30:00,221.5,12.5,2769,218.0,11.8,2572,25620,16346,55.6,770.0
Station_01,Inv_00,20170723,12:31:00,215.0,15.5,3332,218.0,14.3,3117,25620,16346,58.7,946.0
Station_01,Inv_00,20170723,12:32:00,214.0,15.7,3360,218.0,14.4,3139,25620,16346,60.4,971.0
Station_01,Inv_00,20170723,12:33:00,218.9,15.4,3371,218.0,14.5,3161,25620,16346,59.0,752.0
Station_01,Inv_00,20170723,12:34:00,224.0,12.5,2800,218.0,11.9,2594,25620,16346,59.0,747.0
Station_01,Inv_00,20170723,12:35:00,211.0,15.7,3313,219.0,14.2,3110,25620,16346,61.9,957.0
Station_01,Inv_00,20170723,12:36:00,211.0,15.4,3249,219.0,13.9,3044,25620,16346,63.2,952.0
Station_01,Inv_00,20170723,12:37:00,211.0,15.8,3333,219.0,14.3,3132,25620,16346,64.0,982.0
Station_01,Inv_00,20170723,12:38:00,210.0,15.8,3318,218.0,14.3,3117,25620,16346,65.9,980.0
Station_01,Inv_00,20170723,12:39:00,206.5,15.8,3262,218.0,14.0,3052,25620,16346,65.3,930.0
Station_01,Inv_00,20170723,12:40:00,198.5,14.4,2858,218.0,12.1,2638,25620,16346,63.0,749.0
Station_01,Inv_00,20170723,12:41:00,198.0,14.1,2792,217.0,12.3,2669,25621,16346,64.3,898.0
Station_01,Inv_00,20170723,12:42:00,199.5,10.3,2055,217.0,9.2,1996,25621,16346,62.7,655.0
Station_01,Inv_00,20170723,12:43:00,209.4,9.3,1947,217.0,8.2,1779,25621,16346,62.0,541.0
Station_01,Inv_00,20170723,12:44:00,205.9,6.4,1318,217.0,5.8,1259,25621,16346,61.7,583.0
Station_01,Inv_00,20170723,12:45:00,220.0,5.1,1122,217.0,4.7,1020,25621,16346,58.9,332.0
Station_01,Inv_00,20170723,12:46:00,224.5,4.7,1055,217.0,4.5,977,25621,16346,56.5,307.0
Station_01,Inv_00,20170723,12:47:00,224.5,4.8,1078,216.0,4.6,994,25621,16346,55.4,306.0
Station_01,Inv_00,20170723,12:48:00,226.9,5.5,1248,217.0,5.4,1172,25621,16346,54.2,342.0
Station_01,Inv_00,20170723,12:49:00,221.9,6.6,1465,218.0,6.2,1352,25621,16346,54.1,398.0
Station_01,Inv_00,20170723,12:50:00,223.5,8.4,1877,217.0,8.1,1758,25621,16346,53.2,463.0
Station_01,Inv_00,20170723,12:51:00,219.5,11.8,2590,219.0,11.2,2453,25621,16346,55.6,773.0
Station_01,Inv_00,20170723,12:52:00,218.5,12.9,2819,219.0,11.8,2584,25621,16346,58.0,801.0
Station_01,Inv_00,20170723,12:53:00,213.4,10.8,2305,219.0,10.1,2212,25621,16346,56.9,612.0
Station_01,Inv_00,20170723,12:54:00,219.5,12.9,2832,219.0,12.1,2650,25621,16346,58.9,801.0
Station_01,Inv_00,20170723,12:55:00,215.0,13.1,2816,219.0,12.1,2650,25621,16346,60.1,823.0
Station_01,Inv_00,20170723,12:56:00,221.5,6.0,1329,218.0,5.6,1221,25621,16346,57.2,418.0
Station_01,Inv_00,20170723,12:57:00,213.0,5.7,1214,218.0,5.2,1134,25621,16346,56.6,487.0
Station_01,Inv_00,20170723,12:58:00,211.0,5.6,1182,217.0,5.1,1107,25621,16346,55.2,355.0
Station_01,Inv_00,20170723,12:59:00,228.9,5.0,1145,216.0,4.9,1058,25621,16346,54.8,329.0
Station_01,Inv_00,20170723,13:00:00,218.0,4.8,1046,216.0,4.5,972,25621,16346,52.9,304.0
Station_01,Inv_00,20170723,13:01:00,216.5,4.5,974,216.0,4.1,886,25621,16346,50.5,288.0
Station_01,Inv_00,20170723,13:02:00,229.0,4.4,1007,217.0,4.2,911,25621,16346,50.1,281.0
Station_01,Inv_00,20170723,13:03:00,231.0,4.2,970,216.0,4.0,864,25621,16346,49.0,274.0
Station_01,Inv_00,20170723,13:04:00,233.4,4.0,934,216.0,4.0,864,25621,16346,48.5,264.0
Station_01,Inv_00,20170723,13:05:00,233.0,4.0,932,216.0,4.0,864,25621,16346,48.0,271.0
Station_01,Inv_00,20170723,13:06:00,233.5,3.7,864,220.0,3.8,836,25621,16346,46.4,247.0
Station_01,Inv_00,20170723,13:07:00,233.0,3.6,839,220.0,3.7,814,25621,16346,45.7,235.0
Station_01,Inv_00,20170723,13:08:00,234.0,3.6,842,218.0,3.6,785,25621,16346,45.6,231.0
Station_01,Inv_00,20170723,13:09:00,233.5,3.6,841,219.0,3.6,788,25621,16346,45.0,243.0
Station_01,Inv_00,20170723,13:10:00,222.0,3.7,822,219.0,3.6,788,25621,16346,44.8,234.0
Station_01,Inv_00,20170723,13:11:00,236.5,3.6,851,219.0,3.7,810,25621,16346,44.0,235.0
Station_01,Inv_00,20170723,13:12:00,233.5,3.8,887,219.0,3.8,832,25621,16346,44.2,237.0
Station_01,Inv_00,20170723,13:13:00,233.5,3.8,887,218.0,3.9,850,25621,16346,44.2,251.0
Station_01,Inv_00,20170723,13:14:00,231.8,3.8,881,218.0,3.9,850,25621,16346,43.9,244.0
Station_01,Inv_00,20170723,13:15:00,232.0,3.9,905,219.0,3.9,854,25621,16346,43.0,247.0
Station_01,Inv_00,20170723,13:16:00,231.0,4.0,924,220.0,3.9,858,25621,16346,43.1,250.0
Station_01,Inv_00,20170723,13:17:00,233.0,4.3,1002,220.0,4.1,902,25621,16346,42.8,267.0
Station_01,Inv_00,20170723,13:18:00,237.7,4.5,1070,219.0,4.4,964,25621,16346,43.5,294.0
Station_01,Inv_00,20170723,13:19:00,232.5,4.6,1070,219.0,4.6,1007,25621,16346,43.8,295.0
Station_01,Inv_00,20170723,13:20:00,235.0,4.6,1081,219.0,4.6,1007,25621,16346,43.7,303.0
Station_01,Inv_00,20170723,13:21:00,235.5,4.8,1130,219.0,4.7,1029,25621,16346,43.8,304.0
Station_01,Inv_00,20170723,13:22:00,223.0,4.5,1004,219.0,4.3,942,25621,16346,44.5,288.0
Station_01,Inv_00,20170723,13:23:00,232.5,4.5,1046,219.0,4.3,942,25621,16346,44.1,284.0
Station_01,Inv_00,20170723,13:24:00,227.0,4.8,1090,219.0,4.5,986,25621,16346,43.6,293.0
Station_01,Inv_00,20170723,13:25:00,229.5,4.8,1102,220.0,4.6,1012,25622,16347,44.6,303.0
Station_01,Inv_00,20170723,13:26:00,231.8,4.6,1066,221.0,4.6,1017,25622,16347,43.8,313.0
Station_01,Inv_00,20170723,13:27:00,235.9,4.6,1085,217.0,4.6,998,25622,16347,43.3,306.0
Station_01,Inv_00,20170723,13:28:00,233.9,4.5,1053,217.0,4.6,998,25622,16347,43.5,311.0
Station_01,Inv_00,20170723,13:29:00,225.0,3.6,810,217.0,3.6,781,25622,16347,43.2,239.0
Station_01,Inv_00,20170723,13:30:00,230.0,3.5,805,216.0,3.6,778,25622,16347,42.2,232.0
Station_01,Inv_00,20170723,13:31:00,213.5,3.4,726,217.0,3.2,694,25622,16347,41.5,215.0
Station_01,Inv_00,20170723,13:32:00,229.5,3.0,688,217.0,3.1,673,25622,16347,41.4,201.0
Station_01,Inv_00,20170723,13:33:00,232.9,2.8,652,217.0,3.0,651,25622,16347,41.2,191.0
Station_01,Inv_00,20170723,13:34:00,219.1,2.9,636,217.0,2.7,586,25622,16347,41.3,189.0
Station_01,Inv_00,20170723,13:35:00,226.5,2.7,612,217.0,2.8,608,25622,16347,41.0,182.0
Station_01,Inv_00,20170723,13:36:00,226.5,2.7,612,217.0,2.8,608,25622,16347,40.8,188.0
Station_01,Inv_00,20170723,13:37:00,226.5,2.7,612,217.0,2.8,608,25622,16347,40.4,181.0
Station_01,Inv_00,20170723,13:38:00,231.0,2.8,647,217.0,2.9,629,25622,16347,40.6,185.0
Station_01,Inv_00,20170723,13:39:00,237.5,2.8,665,217.0,2.9,629,25622,16347,40.7,188.0
Station_01,Inv_00,20170723,13:40:00,232.0,2.8,650,217.0,2.8,608,25622,16347,40.5,183.0
Station_01,Inv_00,20170723,13:41:00,231.5,2.8,648,217.0,2.8,608,25622,16347,39.9,181.0
Station_01,Inv_00,20170723,13:42:00,218.0,2.7,589,217.0,2.6,564,25622,16347,39.8,175.0
Station_01,Inv_00,20170723,13:43:00,234.0,2.6,608,217.0,2.7,586,25622,16347,39.1,173.0
Station_01,Inv_00,20170723,13:44:00,230.0,2.4,552,218.0,2.5,545,25622,16347,39.0,163.0
Station_01,Inv_00,20170723,13:45:00,234.9,2.2,517,219.0,2.3,504,25622,16347,38.3,151.0
Station_01,Inv_00,20170723,13:46:00,234.0,2.1,491,219.0,2.1,460,25622,16347,38.2,141.0
Station_01,Inv_00,20170723,13:47:00,233.5,2.1,490,220.0,2.1,462,25622,16347,37.1,139.0
Station_01,Inv_00,20170723,13:48:00,231.0,2.1,485,221.0,2.2,486,25622,16347,36.2,140.0
Station_01,Inv_00,20170723,13:49:00,239.5,2.2,527,220.0,2.2,484,25622,16347,35.9,142.0
Station_01,Inv_00,20170723,13:50:00,240.0,2.2,528,219.0,2.3,504,25622,16347,35.2,143.0
Station_01,Inv_00,20170723,13:51:00,237.9,2.2,523,218.0,2.3,501,25622,16347,34.7,146.0
Station_01,Inv_00,20170723,13:52:00,239.5,2.4,575,218.0,2.5,545,25622,16347,34.6,149.0
Station_01,Inv_00,20170723,13:53:00,242.5,2.4,582,218.0,2.5,545,25622,16347,34.4,151.0
Station_01,Inv_00,20170723,13:54:00,231.5,2.5,579,218.0,2.5,545,25622,16347,34.1,155.0
Station_01,Inv_00,20170723,13:55:00,238.0,2.6,619,218.0,2.6,567,25622,16347,34.0,159.0
Station_01,Inv_00,20170723,13:56:00,243.5,2.5,609,218.0,2.7,589,25622,16347,33.7,163.0
Station_01,Inv_00,20170723,13:57:00,246.5,2.5,616,217.0,2.7,586,25622,16347,33.5,162.0
Station_01,Inv_00,20170723,13:58:00,245.4,2.5,613,217.0,2.7,586,25622,16347,33.4,164.0
Station_01,Inv_00,20170723,13:59:00,245.9,2.6,639,216.0,2.7,583,25622,16347,33.4,170.0
Station_01,Inv_00,20170723,14:00:00,242.0,2.8,678,216.0,3.0,648,25622,16347,33.5,178.0
Station_01,Inv_00,20170723,14:01:00,242.0,2.7,653,216.0,2.9,626,25622,16347,33.5,174.0
Station_01,Inv_00,20170723,14:02:00,245.5,2.5,614,216.0,2.6,562,25622,16347,33.6,161.0
Station_01,Inv_00,20170723,14:03:00,231.0,2.4,554,218.0,2.4,523,25622,16347,33.7,151.0
Station_01,Inv_00,20170723,14:04:00,244.5,2.2,538,218.0,2.4,523,25622,16347,33.9,147.0
Station_01,Inv_00,20170723,14:05:00,244.5,2.2,538,218.0,2.3,501,25622,16347,34.0,147.0
Station_01,Inv_00,20170723,14:06:00,242.5,2.2,533,218.0,2.3,501,25622,16347,34.2,150.0
Station_01,Inv_00,20170723,14:07:00,247.0,2.0,494,219.0,2.3,504,25622,16347,34.2,148.0
Station_01,Inv_00,20170723,14:08:00,243.5,2.1,511,219.0,2.2,482,25622,16347,34.4,145.0
Station_01,Inv_00,20170723,14:09:00,241.0,2.0,482,218.0,2.1,458,25622,16347,34.4,148.0
Station_01,Inv_00,20170723,14:10:00,239.5,2.0,479,218.0,2.1,458,25622,16347,34.7,142.0
Station_01,Inv_00,20170723,14:11:00,232.0,2.1,487,218.0,2.1,458,25622,16347,34.6,141.0
Station_01,Inv_00,20170723,14:12:00,218.0,2.2,480,218.0,2.1,458,25622,16347,34.8,150.0
Station_01,Inv_00,20170723,14:13:00,173.0,2.3,398,219.0,1.8,394,25622,16347,34.9,154.0
Station_01,Inv_00,20170723,14:14:00,236.5,2.4,568,218.0,2.4,523,25622,16347,35.1,158.0
Station_01,Inv_00,20170723,14:15:00,239.9,2.5,600,219.0,2.5,548,25622,16347,35.4,164.0
Station_01,Inv_00,20170723,14:16:00,225.5,2.6,586,219.0,2.6,569,25622,16347,35.5,176.0
Station_01,Inv_00,20170723,14:17:00,238.0,2.9,690,218.0,3.1,676,25622,16347,35.4,199.0
Station_01,Inv_00,20170723,14:18:00,241.5,2.9,700,220.0,3.1,682,25622,16347,35.6,191.0
Station_01,Inv_00,20170723,14:19:00,241.5,2.6,628,220.0,2.7,594,25622,16347,35.5,174.0
Station_01,Inv_00,20170723,14:20:00,241.7,2.0,483,218.0,2.1,458,25622,16347,35.2,145.0
Station_01,Inv_00,20170723,14:21:00,238.0,1.6,381,219.0,1.7,372,25622,16347,34.8,124.0
Station_01,Inv_00,20170723,14:22:00,238.0,1.4,333,219.0,1.5,329,25622,16347,34.1,101.0
Station_01,Inv_00,20170723,14:23:00,232.5,1.2,279,219.0,1.4,307,25622,16347,33.6,91.0
Station_01,Inv_00,20170723,14:24:00,240.5,1.2,289,219.0,1.3,285,25622,16347,33.4,96.0
Station_01,Inv_00,20170723,14:25:00,235.0,1.2,282,219.0,1.4,307,25622,16347,32.9,99.0
Station_01,Inv_00,20170723,14:26:00,235.1,1.2,282,221.0,1.4,309,25622,16347,32.6,90.0
Station_01,Inv_00,20170723,14:27:00,236.0,1.2,283,218.0,1.4,305,25622,16347,32.5,102.0
Station_01,Inv_00,20170723,14:28:00,230.8,1.3,300,217.0,1.4,304,25622,16347,32.4,90.0
Station_01,Inv_00,20170723,14:29:00,230.8,1.3,300,217.0,1.4,304,25622,16347,32.4,90.0
Station_01,Inv_00,20170723,14:30:00,229.0,1.2,275,217.0,1.4,304,25622,16347,32.3,105.0
Station_01,Inv_00,20170723,14:31:00,236.5,1.2,284,216.0,1.4,302,25622,16347,32.3,100.0
Station_01,Inv_00,20170723,14:32:00,231.3,1.3,301,217.0,1.4,304,25622,16347,32.4,91.0
Station_01,Inv_00,20170723,14:33:00,222.5,1.2,267,217.0,1.3,282,25622,16347,32.4,89.0
Station_01,Inv_00,20170723,14:34:00,232.3,1.1,256,220.0,1.2,264,25622,16347,32.4,92.0
Station_01,Inv_00,20170723,14:35:00,215.0,1.0,215,219.0,1.1,241,25622,16347,32.5,87.0
Station_01,Inv_00,20170723,14:36:00,230.5,1.0,231,220.0,1.1,242,25622,16347,32.6,78.0
Station_01,Inv_00,20170723,14:37:00,224.0,1.0,224,218.0,1.1,240,25622,16347,32.5,77.0
Station_01,Inv_00,20170723,14:38:00,220.0,1.0,220,217.0,1.1,239,25622,16347,32.7,78.0
Station_01,Inv_00,20170723,14:39:00,223.0,1.1,245,217.0,1.1,239,25622,16347,32.7,79.0
Station_01,Inv_00,20170723,14:40:00,228.0,1.0,228,217.0,1.1,239,25622,16347,32.8,80.0
Station_01,Inv_00,20170723,14:41:00,234.0,1.0,234,216.0,1.2,259,25622,16347,32.8,80.0
Station_01,Inv_00,20170723,14:42:00,229.4,1.0,229,216.0,1.1,238,25622,16347,32.9,78.0
Station_01,Inv_00,20170723,14:43:00,228.4,0.9,206,217.0,1.0,217,25622,16347,33.0,72.0
Station_01,Inv_00,20170723,14:44:00,225.4,0.8,180,217.0,1.0,217,25622,16347,32.9,68.0
Station_01,Inv_00,20170723,14:45:00,215.4,0.9,194,217.0,1.0,217,25622,16347,33.0,72.0
Station_01,Inv_00,20170723,14:46:00,213.9,0.9,193,217.0,1.0,217,25622,16347,33.0,68.0
Station_01,Inv_00,20170723,14:47:00,219.2,0.9,197,217.0,1.0,217,25622,16347,33.0,71.0
Station_01,Inv_00,20170723,14:48:00,230.5,1.0,231,217.0,1.1,239,25622,16347,33.1,75.0
Station_01,Inv_00,20170723,14:49:00,210.0,1.1,231,217.0,1.1,239,25622,16347,33.1,80.0
Station_01,Inv_00,20170723,14:50:00,219.0,1.2,263,218.0,1.2,262,25622,16347,33.2,84.0
Station_01,Inv_00,20170723,14:51:00,234.0,1.1,257,217.0,1.3,282,25622,16347,33.2,86.0
Station_01,Inv_00,20170723,14:52:00,225.5,1.2,271,217.0,1.3,282,25622,16347,33.3,89.0
Station_01,Inv_00,20170723,14:53:00,228.7,1.2,274,217.0,1.3,282,25622,16347,33.5,89.0
Station_01,Inv_00,20170723,14:54:00,233.0,1.2,280,218.0,1.3,283,25622,16347,33.4,86.0
Station_01,Inv_00,20170723,14:55:00,220.8,1.1,243,218.0,1.2,262,25622,16347,33.5,83.0
Station_01,Inv_00,20170723,14:56:00,233.0,1.0,233,218.0,1.1,240,25622,16347,33.4,80.0
Station_01,Inv_00,20170723,14:57:00,231.0,1.0,231,218.0,1.1,240,25622,16347,33.4,78.0
Station_01,Inv_00,20170723,14:58:00,231.5,1.0,232,218.0,1.2,262,25622,16347,33.4,79.0
Station_01,Inv_00,20170723,14:59:00,234.5,1.0,235,218.0,1.2,262,25622,16347,33.3,81.0
Station_01,Inv_00,20170723,15:00:00,230.3,1.1,253,218.0,1.2,262,25622,16347,33.3,81.0
Station_01,Inv_00,20170723,15:01:00,230.0,1.1,253,218.0,1.2,262,25622,16347,33.1,80.0
Station_01,Inv_00,20170723,15:02:00,231.8,1.0,232,218.0,1.1,240,25622,16347,32.9,78.0
Station_01,Inv_00,20170723,15:03:00,228.0,1.0,228,218.0,1.1,240,25622,16347,32.8,77.0
Station_01,Inv_00,20170723,15:04:00,221.2,1.0,221,218.0,1.1,240,25622,16347,32.6,76.0
Station_01,Inv_00,20170723,15:05:00,232.5,1.1,256,218.0,1.1,240,25622,16347,32.6,78.0
Station_01,Inv_00,20170723,15:06:00,221.0,1.0,221,218.0,1.1,240,25622,16347,32.5,78.0
Station_01,Inv_00,20170723,15:07:00,226.5,1.1,249,218.0,1.1,240,25622,16347,32.4,78.0
Station_01,Inv_00,20170723,15:08:00,221.0,1.0,221,218.0,1.1,240,25622,16347,32.4,77.0
Station_01,Inv_00,20170723,15:09:00,228.0,1.0,228,218.0,1.2,262,25622,16347,32.3,77.0
Station_01,Inv_00,20170723,15:10:00,229.4,1.0,229,218.0,1.1,240,25622,16347,32.2,75.0
Station_01,Inv_00,20170723,15:11:00,218.4,0.9,197,218.0,1.0,218,25622,16347,32.2,72.0
Station_01,Inv_00,20170723,15:12:00,222.4,0.9,200,218.0,1.0,218,25622,16347,32.2,69.0
Station_01,Inv_00,20170723,15:13:00,218.0,0.9,196,218.0,1.0,218,25622,16347,32.1,66.0
Station_01,Inv_00,20170723,15:14:00,217.0,0.7,152,218.0,0.8,174,25622,16347,32.0,60.0
Station_01,Inv_00,20170723,15:15:00,217.0,0.6,130,218.0,0.7,153,25622,16347,31.9,54.0
Station_01,Inv_00,20170723,15:16:00,222.0,0.6,133,218.0,0.7,153,25622,16347,31.8,50.0
Station_01,Inv_00,20170723,15:17:00,217.4,0.5,109,219.0,0.6,131,25622,16347,31.6,47.0
Station_01,Inv_00,20170723,15:18:00,201.4,0.5,101,218.0,0.6,131,25622,16347,31.5,47.0
Station_01,Inv_00,20170723,15:19:00,224.0,0.5,112,219.0,0.6,131,25622,16347,31.5,48.0
Station_01,Inv_00,20170723,15:20:00,209.0,0.6,125,218.0,0.7,153,25622,16347,31.5,50.0
Station_01,Inv_00,20170723,15:21:00,212.5,0.6,128,219.0,0.7,153,25622,16347,31.5,53.0
Station_01,Inv_00,20170723,15:22:00,226.9,0.7,159,219.0,0.8,175,25622,16347,31.6,56.0
Station_01,Inv_00,20170723,15:23:00,221.0,0.7,155,219.0,0.9,197,25622,16347,31.7,59.0
Station_01,Inv_00,20170723,15:24:00,218.0,0.7,153,219.0,0.9,197,25622,16347,31.7,61.0
Station_01,Inv_00,20170723,15:25:00,218.3,0.7,153,218.0,0.9,196,25622,16347,31.8,61.0
Station_01,Inv_00,20170723,15:26:00,222.4,0.7,156,218.0,0.9,196,25622,16347,31.9,63.0
Station_01,Inv_00,20170723,15:27:00,223.0,0.8,178,218.0,1.0,218,25622,16347,32.0,64.0
Station_01,Inv_00,20170723,15:28:00,233.7,0.7,164,218.0,0.9,196,25622,16347,32.0,65.0
Station_01,Inv_00,20170723,15:29:00,226.0,0.8,181,218.0,1.0,218,25622,16347,32.1,65.0
Station_01,Inv_00,20170723,15:30:00,223.4,0.7,156,219.0,0.9,197,25622,16347,32.1,64.0
Station_01,Inv_00,20170723,15:31:00,218.4,0.7,153,218.0,0.9,196,25622,16347,32.2,63.0
Station_01,Inv_00,20170723,15:32:00,222.0,0.7,155,218.0,0.9,196,25622,16347,32.2,64.0
Station_01,Inv_00,20170723,15:33:00,223.5,0.8,179,218.0,0.9,196,25622,16347,32.3,62.0
Station_01,Inv_00,20170723,15:34:00,228.0,0.7,160,218.0,0.9,196,25622,16347,32.2,60.0
Station_01,Inv_00,20170723,15:35:00,220.1,0.7,154,218.0,0.9,196,25622,16347,32.3,60.0
Station_01,Inv_00,20170723,15:36:00,223.0,0.7,156,218.0,0.9,196,25622,16347,32.3,63.0
Station_01,Inv_00,20170723,15:37:00,223.0,0.7,156,218.0,0.9,196,25622,16347,32.2,64.0
Station_01,Inv_00,20170723,15:38:00,228.0,0.8,182,218.0,1.0,218,25622,16347,32.4,67.0
Station_01,Inv_00,20170723,15:39:00,226.4,0.9,204,218.0,1.0,218,25622,16347,32.4,68.0
Station_01,Inv_00,20170723,15:40:00,214.8,0.9,193,218.0,1.0,218,25622,16347,32.3,69.0
Station_01,Inv_00,20170723,15:41:00,223.0,0.8,178,219.0,1.0,219,25622,16347,32.0,69.0
Station_01,Inv_00,20170723,15:42:00,230.5,0.8,184,218.0,1.0,218,25622,16347,31.6,66.0
Station_01,Inv_00,20170723,15:43:00,218.5,0.8,175,218.0,1.0,218,25622,16347,31.5,64.0
Station_01,Inv_00,20170723,15:44:00,221.0,0.7,155,218.0,0.9,196,25622,16347,31.3,61.0
Station_01,Inv_00,20170723,15:45:00,229.1,0.7,160,218.0,0.9,196,25622,16347,31.1,60.0
Station_01,Inv_00,20170723,15:46:00,226.0,0.7,158,217.0,0.9,195,25622,16347,30.9,60.0
Station_01,Inv_00,20170723,15:47:00,227.0,0.8,182,217.0,0.9,195,25622,16347,30.7,60.0
Station_01,Inv_00,20170723,15:48:00,233.0,0.7,163,217.0,0.9,195,25622,16347,30.5,59.0
Station_01,Inv_00,20170723,15:49:00,224.0,0.7,157,218.0,0.9,196,25622,16347,30.3,58.0
Station_01,Inv_00,20170723,15:50:00,229.0,0.6,137,218.0,0.9,196,25622,16347,30.2,58.0
Station_01,Inv_00,20170723,15:51:00,230.1,0.7,161,218.0,0.9,196,25622,16347,30.1,59.0
Station_01,Inv_00,20170723,15:52:00,202.0,0.7,141,217.0,0.8,174,25622,16347,30.1,58.0
Station_01,Inv_00,20170723,15:53:00,222.0,0.7,155,217.0,0.9,195,25622,16347,30.0,74.0
Station_01,Inv_00,20170723,15:54:00,225.9,0.7,158,219.0,0.8,175,25622,16347,30.1,57.0
Station_01,Inv_00,20170723,15:55:00,235.4,0.7,165,218.0,0.8,174,25622,16347,30.1,56.0
Station_01,Inv_00,20170723,15:56:00,217.3,0.7,152,217.0,0.7,152,25622,16347,30.1,55.0
Station_01,Inv_00,20170723,15:57:00,228.3,0.6,137,217.0,0.8,174,25622,16347,30.2,55.0
Station_01,Inv_00,20170723,15:58:00,216.4,0.7,152,218.0,0.8,174,25622,16347,30.2,56.0
Station_01,Inv_00,20170723,15:59:00,209.1,0.7,146,217.0,0.8,174,25622,16347,30.2,58.0
Station_01,Inv_00,20170723,16:00:00,208.4,0.7,146,217.0,0.8,174,25622,16347,30.3,59.0
Station_01,Inv_00,20170723,16:01:00,224.9,0.7,157,217.0,0.9,195,25622,16347,30.4,60.0
Station_01,Inv_00,20170723,16:02:00,205.0,0.7,144,217.0,0.9,195,25622,16347,30.4,63.0
Station_01,Inv_00,20170723,16:03:00,220.6,0.8,177,217.0,1.0,217,25622,16347,30.5,69.0
Station_01,Inv_00,20170723,16:04:00,232.9,0.9,210,217.0,1.0,217,25622,16347,30.6,74.0
Station_01,Inv_00,20170723,16:05:00,227.8,1.1,251,219.0,1.2,263,25622,16347,30.9,85.0
Station_01,Inv_00,20170723,16:06:00,226.0,1.1,249,219.0,1.3,285,25622,16347,31.0,100.0
Station_01,Inv_00,20170723,16:07:00,217.5,1.4,305,218.0,1.4,305,25622,16347,31.2,98.0
Station_01,Inv_00,20170723,16:08:00,213.8,1.5,321,218.0,1.4,305,25622,16347,31.6,105.0
Station_01,Inv_00,20170723,16:09:00,233.0,1.5,350,218.0,1.5,327,25622,16347,31.8,112.0
Station_01,Inv_00,20170723,16:10:00,233.5,1.6,374,217.0,1.6,347,25622,16347,32.2,113.0
Station_01,Inv_00,20170723,16:11:00,230.5,1.5,346,218.0,1.5,327,25622,16347,32.4,108.0
Station_01,Inv_00,20170723,16:12:00,217.7,1.4,305,218.0,1.4,305,25622,16347,32.6,102.0
Station_01,Inv_00,20170723,16:13:00,233.0,1.2,280,217.0,1.3,282,25622,16347,32.6,90.0
Station_01,Inv_00,20170723,16:14:00,229.6,0.9,207,218.0,1.0,218,25622,16347,32.7,78.0
Station_01,Inv_00,20170723,16:15:00,221.9,0.8,178,218.0,0.9,196,25622,16347,32.6,68.0
Station_01,Inv_00,20170723,16:16:00,208.4,0.7,146,219.0,0.8,175,25622,16347,32.5,61.0
Station_01,Inv_00,20170723,16:17:00,211.7,0.7,148,218.0,0.7,153,25622,16347,32.5,56.0
Station_01,Inv_00,20170723,16:18:00,215.0,0.5,108,219.0,0.7,153,25622,16347,32.5,54.0
Station_01,Inv_00,20170723,16:19:00,214.0,0.6,128,219.0,0.7,153,25622,16347,32.4,54.0
Station_01,Inv_00,20170723,16:20:00,222.5,0.6,134,219.0,0.7,153,25622,16347,32.4,56.0
Station_01,Inv_00,20170723,16:21:00,222.4,0.7,156,219.0,0.8,175,25622,16347,32.4,60.0
Station_01,Inv_00,20170723,16:22:00,210.0,0.7,147,219.0,0.9,197,25623,16347,32.5,65.0
Station_01,Inv_00,20170723,16:23:00,214.0,0.8,171,219.0,1.0,219,25623,16347,32.5,74.0
Station_01,Inv_00,20170723,16:24:00,228.5,1.0,229,218.0,1.0,218,25623,16347,32.7,75.0
Station_01,Inv_00,20170723,16:25:00,228.0,1.0,228,218.0,1.1,240,25623,16347,32.8,80.0
Station_01,Inv_00,20170723,16:26:00,233.0,1.1,256,218.0,1.2,262,25623,16347,32.8,84.0
Station_01,Inv_00,20170723,16:27:00,235.0,1.1,259,218.0,1.2,262,25623,16347,33.0,88.0
Station_01,Inv_00,20170723,16:28:00,226.0,1.1,249,217.0,1.3,282,25623,16347,33.1,91.0
Station_01,Inv_00,20170723,16:29:00,231.7,1.2,278,218.0,1.3,283,25623,16347,33.3,94.0
Station_01,Inv_00,20170723,16:30:00,232.3,1.2,279,218.0,1.3,283,25623,16347,33.5,97.0
Station_01,Inv_00,20170723,16:31:00,230.5,1.3,300,218.0,1.3,283,25623,16347,33.5,96.0
Station_01,Inv_00,20170723,16:32:00,226.4,1.3,294,218.0,1.3,283,25623,16347,33.6,98.0
Station_01,Inv_00,20170723,16:33:00,227.5,1.4,319,218.0,1.4,305,25623,16347,33.7,100.0
Station_01,Inv_00,20170723,16:34:00,234.0,1.4,328,218.0,1.4,305,25623,16347,33.7,102.0
Station_01,Inv_00,20170723,16:35:00,230.0,1.4,322,218.0,1.5,327,25623,16347,33.8,104.0
Station_01,Inv_00,20170723,16:36:00,232.5,1.5,349,217.0,1.5,326,25623,16347,33.9,107.0
Station_01,Inv_00,20170723,16:37:00,234.7,1.6,376,218.0,1.6,349,25623,16347,33.9,111.0
Station_01,Inv_00,20170723,16:38:00,227.0,1.6,363,217.0,1.6,347,25623,16347,34.1,111.0
Station_01,Inv_00,20170723,16:39:00,229.0,1.6,366,218.0,1.5,327,25623,16347,34.0,108.0
Station_01,Inv_00,20170723,16:40:00,226.5,1.5,340,217.0,1.5,326,25623,16347,34.1,105.0
Station_01,Inv_00,20170723,16:41:00,226.0,1.3,294,217.0,1.5,326,25623,16347,34.1,100.0
Station_01,Inv_00,20170723,16:42:00,231.8,1.3,301,217.0,1.4,304,25623,16347,34.1,97.0
Station_01,Inv_00,20170723,16:43:00,234.6,1.3,305,217.0,1.4,304,25623,16347,34.2,98.0
Station_01,Inv_00,20170723,16:44:00,218.0,1.4,305,218.0,1.5,327,25623,16347,34.2,102.0
Station_01,Inv_00,20170723,16:45:00,234.0,1.5,351,218.0,1.5,327,25623,16347,34.3,106.0
Station_01,Inv_00,20170723,16:46:00,233.0,1.6,373,218.0,1.6,349,25623,16347,34.4,109.0
Station_01,Inv_00,20170723,16:47:00,233.5,1.6,374,219.0,1.6,350,25623,16347,34.6,112.0
Station_01,Inv_00,20170723,16:48:00,233.0,1.6,373,219.0,1.6,350,25623,16347,34.7,114.0
Station_01,Inv_00,20170723,16:49:00,233.5,1.6,374,218.0,1.6,349,25623,16347,34.5,111.0
Station_01,Inv_00,20170723,16:50:00,226.5,1.5,340,219.0,1.5,329,25623,16347,34.7,109.0
Station_01,Inv_00,20170723,16:51:00,226.5,1.5,340,218.0,1.5,327,25623,16347,34.6,108.0
Station_01,Inv_00,20170723,16:52:00,228.5,1.5,343,218.0,1.5,327,25623,16347,34.8,106.0
Station_01,Inv_00,20170723,16:53:00,228.5,1.5,343,218.0,1.5,327,25623,16347,34.9,107.0
Station_01,Inv_00,20170723,16:54:00,238.0,1.5,357,217.0,1.6,347,25623,16347,34.9,109.0
Station_01,Inv_00,20170723,16:55:00,237.5,1.6,380,217.0,1.6,347,25623,16347,34.8,112.0
Station_01,Inv_00,20170723,16:56:00,233.0,1.6,373,217.0,1.7,369,25623,16347,34.8,115.0
Station_01,Inv_00,20170723,16:57:00,233.0,1.7,396,217.0,1.8,391,25623,16347,35.0,120.0
Station_01,Inv_00,20170723,16:58:00,233.0,1.7,396,216.0,1.8,389,25623,16347,35.2,126.0
Station_01,Inv_00,20170723,16:59:00,237.0,1.8,427,218.0,1.9,414,25623,16347,35.2,128.0
Station_01,Inv_00,20170723,17:00:00,224.8,1.9,427,219.0,1.8,394,25623,16347,35.4,127.0
Station_01,Inv_00,20170723,17:01:00,237.0,1.8,427,217.0,2.0,434,25623,16347,35.5,141.0
Station_01,Inv_00,20170723,17:02:00,211.0,1.8,380,217.0,1.8,391,25623,16347,35.7,128.0
Station_01,Inv_00,20170723,17:03:00,236.5,1.8,426,217.0,1.9,412,25623,16347,35.7,126.0
Station_01,Inv_00,20170723,17:04:00,217.0,1.7,369,217.0,1.7,369,25623,16347,35.8,123.0
Station_01,Inv_00,20170723,17:05:00,233.5,1.8,420,217.0,1.8,391,25623,16347,35.8,121.0
Station_01,Inv_00,20170723,17:06:00,234.5,1.8,422,217.0,1.9,412,25623,16347,35.7,123.0
Station_01,Inv_00,20170723,17:07:00,234.5,1.8,422,217.0,2.0,434,25623,16347,35.8,128.0
Station_01,Inv_00,20170723,17:08:00,232.0,2.0,464,217.0,2.0,434,25623,16347,36.0,134.0
Station_01,Inv_00,20170723,17:09:00,233.0,2.1,489,217.0,2.2,477,25623,16347,36.0,141.0
Station_01,Inv_00,20170723,17:10:00,235.0,2.3,541,217.0,2.3,499,25623,16347,36.2,147.0
Station_01,Inv_00,20170723,17:11:00,230.9,2.3,531,218.0,2.3,501,25623,16347,36.3,150.0
Station_01,Inv_00,20170723,17:12:00,238.5,2.3,549,217.0,2.4,521,25623,16347,36.5,151.0
Station_01,Inv_00,20170723,17:13:00,238.0,2.3,547,218.0,2.4,523,25623,16347,36.6,153.0
Station_01,Inv_00,20170723,17:14:00,228.5,2.4,548,218.0,2.4,523,25623,16347,36.6,155.0
Station_01,Inv_00,20170723,17:15:00,235.0,2.4,564,217.0,2.5,543,25623,16347,36.7,157.0
Station_01,Inv_00,20170723,17:16:00,234.3,2.4,562,217.0,2.5,543,25623,16347,36.9,158.0
Station_01,Inv_00,20170723,17:17:00,237.8,2.4,571,217.0,2.5,543,25623,16347,36.9,158.0
Station_01,Inv_00,20170723,17:18:00,237.8,2.4,571,217.0,2.5,543,25623,16347,37.0,157.0
Station_01,Inv_00,20170723,17:19:00,224.0,2.4,538,218.0,2.4,523,25623,16347,37.2,157.0
Station_01,Inv_00,20170723,17:20:00,232.0,2.4,557,219.0,2.4,526,25623,16347,37.1,157.0
Station_01,Inv_00,20170723,17:21:00,238.0,2.3,547,219.0,2.4,526,25623,16347,37.2,156.0
Station_01,Inv_00,20170723,17:22:00,232.5,2.3,535,219.0,2.4,526,25623,16347,37.2,154.0
Station_01,Inv_00,20170723,17:23:00,236.0,2.2,519,219.0,2.3,504,25623,16347,37.3,150.0
Station_01,Inv_00,20170723,17:24:00,231.5,2.1,486,219.0,2.1,460,25623,16347,37.0,142.0
Station_01,Inv_00,20170723,17:25:00,230.5,2.1,484,218.0,2.1,458,25623,16347,37.0,139.0
Station_01,Inv_00,20170723,17:26:00,231.5,2.1,486,218.0,2.1,458,25623,16347,37.1,142.0
Station_01,Inv_00,20170723,17:27:00,234.5,2.2,516,218.0,2.1,458,25623,16347,37.0,142.0
Station_01,Inv_00,20170723,17:28:00,230.0,2.3,529,217.0,2.3,499,25623,16347,37.1,146.0
Station_01,Inv_00,20170723,17:29:00,234.5,2.3,539,218.0,2.4,523,25623,16347,36.9,150.0
Station_01,Inv_00,20170723,17:30:00,236.0,2.4,566,217.0,2.5,543,25623,16347,37.0,151.0
Station_01,Inv_00,20170723,17:31:00,236.0,2.2,519,217.0,2.4,521,25623,16347,37.1,151.0
Station_01,Inv_00,20170723,17:32:00,238.0,2.3,547,216.0,2.5,540,25623,16347,37.1,152.0
Station_01,Inv_00,20170723,17:33:00,234.0,2.4,562,217.0,2.4,521,25623,16347,37.3,151.0
Station_01,Inv_00,20170723,17:34:00,234.5,2.3,539,216.0,2.4,518,25623,16347,37.3,150.0
Station_01,Inv_00,20170723,17:35:00,234.5,2.2,516,217.0,2.3,499,25623,16347,37.2,147.0
Station_01,Inv_00,20170723,17:36:00,230.5,2.3,530,217.0,2.3,499,25623,16347,37.1,145.0
Station_01,Inv_00,20170723,17:37:00,232.0,2.1,487,217.0,2.2,477,25623,16347,37.1,143.0
Station_01,Inv_00,20170723,17:38:00,236.8,2.2,521,216.0,2.2,475,25623,16347,36.9,143.0
Station_01,Inv_00,20170723,17:39:00,239.5,2.2,527,217.0,2.3,499,25623,16347,37.2,143.0
Station_01,Inv_00,20170723,17:40:00,232.0,2.3,534,217.0,2.3,499,25623,16347,37.2,142.0
Station_01,Inv_00,20170723,17:41:00,235.8,2.1,495,216.0,2.2,475,25623,16347,37.3,138.0
Station_01,Inv_00,20170723,17:42:00,235.9,2.1,495,216.0,2.1,454,25623,16347,37.2,133.0
Station_01,Inv_00,20170723,17:43:00,235.5,2.0,471,217.0,2.0,434,25623,16347,37.0,129.0
Station_01,Inv_00,20170723,17:44:00,230.0,2.0,460,218.0,2.0,436,25623,16347,37.2,129.0
Station_01,Inv_00,20170723,17:45:00,236.5,2.0,473,218.0,2.1,458,25623,16347,36.9,132.0
Station_01,Inv_00,20170723,17:46:00,228.5,2.2,503,217.0,2.1,456,25623,16347,37.0,135.0
Station_01,Inv_00,20170723,17:47:00,206.0,2.2,453,217.0,2.0,434,25623,16347,37.1,139.0
Station_01,Inv_00,20170723,17:48:00,236.4,2.2,520,218.0,2.3,501,25623,16347,37.2,142.0
Station_01,Inv_00,20170723,17:49:00,231.5,2.1,486,218.0,2.2,480,25623,16347,37.3,140.0
Station_01,Inv_00,20170723,17:50:00,230.0,2.0,460,218.0,2.1,458,25623,16347,37.2,137.0
Station_01,Inv_00,20170723,17:51:00,229.5,2.0,459,218.0,2.1,458,25623,16347,37.1,135.0
Station_01,Inv_00,20170723,17:52:00,233.0,2.0,466,218.0,2.0,436,25623,16347,37.3,134.0
Station_01,Inv_00,20170723,17:53:00,230.8,2.0,462,217.0,2.0,434,25623,16347,37.3,131.0
Station_01,Inv_00,20170723,17:54:00,230.9,2.0,462,217.0,2.0,434,25623,16347,37.2,129.0
Station_01,Inv_00,20170723,17:55:00,225.3,2.0,451,219.0,2.0,438,25623,16347,37.2,126.0
Station_01,Inv_00,20170723,17:56:00,219.0,2.0,438,218.0,1.9,414,25623,16347,37.0,125.0
Station_01,Inv_00,20170723,17:57:00,231.3,1.9,439,219.0,1.9,416,25623,16347,37.0,125.0
Station_01,Inv_00,20170723,17:58:00,232.4,1.8,418,219.0,1.9,416,25623,16347,37.0,122.0
Station_01,Inv_00,20170723,17:59:00,229.0,1.7,389,219.0,1.7,372,25623,16347,37.0,116.0
Station_01,Inv_00,20170723,18:00:00,217.8,1.6,348,218.0,1.5,327,25623,16347,36.8,110.0
Station_01,Inv_00,20170723,18:01:00,234.0,1.4,328,218.0,1.5,327,25623,16347,36.9,105.0
Station_01,Inv_00,20170723,18:02:00,229.8,1.5,345,218.0,1.5,327,25623,16347,36.7,103.0
Station_01,Inv_00,20170723,18:03:00,215.3,1.5,323,217.0,1.5,326,25623,16347,36.4,101.0
Station_01,Inv_00,20170723,18:04:00,225.0,1.4,315,217.0,1.5,326,25623,16347,36.2,95.0
Station_01,Inv_00,20170723,18:05:00,231.0,1.2,277,217.0,1.4,304,25623,16347,36.2,92.0
Station_01,Inv_00,20170723,18:06:00,231.0,1.2,277,217.0,1.3,282,25623,16347,36.0,86.0
Station_01,Inv_00,20170723,18:07:00,214.8,1.1,236,217.0,1.2,260,25623,16347,36.0,81.0
Station_01,Inv_00,20170723,18:08:00,221.0,1.0,221,217.0,1.1,239,25623,16347,35.9,76.0
Station_01,Inv_00,20170723,18:09:00,202.0,0.9,182,217.0,1.0,217,25623,16347,35.7,71.0
Station_01,Inv_00,20170723,18:10:00,159.5,0.8,128,217.0,0.8,174,25623,16347,35.5,66.0
Station_01,Inv_00,20170723,18:11:00,217.4,0.7,152,217.0,0.9,195,25623,16347,35.2,62.0
Station_01,Inv_00,20170723,18:12:00,220.4,0.7,154,218.0,0.9,196,25623,16347,35.0,59.0
Station_01,Inv_00,20170723,18:13:00,211.0,0.6,127,218.0,0.8,174,25623,16347,34.6,56.0
Station_01,Inv_00,20170723,18:14:00,216.0,0.6,130,216.0,0.7,151,25623,16347,34.5,52.0
Station_01,Inv_00,20170723,18:15:00,216.4,0.5,108,217.0,0.6,130,25623,16347,34.4,48.0
Station_01,Inv_00,20170723,18:16:00,208.5,0.4,83,216.0,0.5,108,25623,16347,34.2,44.0
Station_01,Inv_00,20170723,18:17:00,210.0,0.4,84,216.0,0.5,108,25623,16347,34.0,40.0
Station_01,Inv_00,20170723,18:18:00,199.3,0.3,60,216.0,0.5,108,25623,16347,33.9,38.0
Station_01,Inv_00,20170723,18:19:00,198.3,0.3,60,217.0,0.5,109,25623,16347,33.6,37.0
Station_01,Inv_00,20170723,18:20:00,187.0,0.3,56,217.0,0.4,87,25623,16347,33.4,35.0
Station_01,Inv_00,20170723,18:21:00,193.3,0.3,58,216.0,0.5,108,25623,16347,33.2,34.0
Station_01,Inv_00,20170723,18:22:00,161.0,0.2,32,216.0,0.4,86,25623,16347,33.2,32.0
Station_01,Inv_00,20170723,18:23:00,208.5,0.2,42,217.0,0.4,87,25623,16347,33.1,30.0
Station_01,Inv_00,20170723,18:24:00,215.0,0.2,43,217.0,0.4,87,25623,16347,33.0,30.0
Station_01,Inv_00,20170723,18:25:00,220.0,0.2,44,216.0,0.4,86,25623,16347,32.8,28.0
Station_01,Inv_00,20170723,18:26:00,208.0,0.2,42,216.0,0.4,86,25623,16347,32.7,27.0
Station_01,Inv_00,20170723,18:27:00,179.0,0.2,36,217.0,0.4,87,25623,16347,32.6,26.0
Station_01,Inv_00,20170723,18:28:00,191.5,0.2,38,216.0,0.4,86,25623,16347,32.5,26.0
Station_01,Inv_00,20170723,18:29:00,0.0,0.0,0,216.0,0.4,86,25623,16347,32.5,25.0
Station_01,Inv_00,20170723,18:30:00,202.0,0.2,40,216.0,0.4,86,25623,16347,32.4,24.0
Station_01,Inv_00,20170723,18:31:00,0.0,0.0,0,216.0,0.4,86,25623,16347,32.3,24.0
Station_01,Inv_00,20170723,18:32:00,0.0,0.0,0,0.0,0.0,0,25623,16347,32.2,24.0
Station_01,Inv_00,20170723,18:33:00,0.0,0.0,0,0.0,0.0,0,25623,16347,32.1,23.0
Station_01,Inv_00,20170723,18:34:00,0.0,0.0,0,0.0,0.0,0,25623,16347,32.0,22.0
Station_01,Inv_00,20170723,18:35:00,0.0,0.0,0,0.0,0.0,0,25623,16347,32.0,22.0
Station_01,Inv_00,20170723,18:36:00,0.0,0.0,0,221.0,0.2,44,25623,16347,31.9,21.0
Station_01,Inv_00,20170723,18:37:00,0.0,0.0,0,221.0,0.2,44,25623,16347,31.8,20.0
Station_01,Inv_00,20170723,18:38:00,0.0,0.0,0,221.0,0.2,44,25623,16347,31.7,20.0
Station_01,Inv_00,20170723,18:39:00,0.0,0.0,0,221.0,0.2,44,25623,16347,31.7,20.0
Station_01,Inv_00,20170723,18:40:00,0.0,0.0,0,221.0,0.2,44,25623,16347,31.6,19.0
Station_01,Inv_00,20170723,18:41:00,0.0,0.0,0,221.0,0.2,44,25623,16347,31.5,19.0
Station_01,Inv_00,20170723,18:42:00,0.0,0.0,0,221.0,0.2,44,25623,16347,31.5,19.0
Station_01,Inv_00,20170723,18:43:00,0.0,0.0,0,221.0,0.2,44,25623,16347,31.4,19.0
Station_01,Inv_00,20170723,18:44:00,0.0,0.0,0,221.0,0.2,44,25623,16347,31.3,19.0
Station_01,Inv_00,20170723,18:45:00,0.0,0.0,0,221.0,0.2,44,25623,16347,31.2,18.0
Station_01,Inv_00,20170723,18:46:00,0.0,0.0,0,221.0,0.2,44,25623,16347,31.2,18.0
Station_01,Inv_00,20170723,18:47:00,0.0,0.0,0,221.0,0.2,44,25623,16347,31.1,18.0
Station_01,Inv_00,20170723,18:48:00,0.0,0.0,0,221.0,0.2,44,25623,16347,31.0,18.0
Station_01,Inv_00,20170723,18:49:00,0.0,0.0,0,221.0,0.2,44,25623,16347,31.0,18.0
Station_01,Inv_00,20170723,18:50:00,0.0,0.0,0,221.0,0.2,44,25623,16347,30.9,18.0
Station_01,Inv_00,20170723,18:51:00,0.0,0.0,0,221.0,0.2,44,25623,16347,30.9,18.0
Station_01,Inv_00,20170723,18:52:00,0.0,0.0,0,221.0,0.2,44,25623,16347,30.8,17.0
Station_01,Inv_00,20170723,18:53:00,0.0,0.0,0,221.0,0.2,44,25623,16347,30.8,17.0
Station_01,Inv_00,20170723,18:54:00,0.0,0.0,0,221.0,0.2,44,25623,16347,30.8,17.0
Station_01,Inv_00,20170723,18:55:00,0.0,0.0,0,221.0,0.2,44,25623,16347,30.7,17.0
Station_01,Inv_00,20170723,18:56:00,0.0,0.0,0,221.0,0.2,44,25623,16347,30.7,17.0
Station_01,Inv_00,20170723,18:57:00,0.0,0.0,0,221.0,0.2,44,25623,16347,30.6,17.0
Station_01,Inv_00,20170723,18:58:00,0.0,0.0,0,221.0,0.2,44,25623,16347,30.6,17.0
Station_01,Inv_00,20170723,18:59:00,0.0,0.0,0,221.0,0.2,44,25623,16347,30.5,17.0
Station_01,Inv_00,20170723,19:00:00,0.0,0.0,0,221.0,0.2,44,25623,16347,30.5,17.0
Station_01,Inv_00,20170723,19:01:00,0.0,0.0,0,221.0,0.2,44,25623,16347,30.5,18.0
Station_01,Inv_00,20170723,19:02:00,0.0,0.0,0,221.0,0.2,44,25623,16347,30.4,17.0
Station_01,Inv_00,20170723,19:03:00,0.0,0.0,0,221.0,0.2,44,25623,16347,30.4,17.0
Station_01,Inv_00,20170723,19:04:00,0.0,0.0,0,221.0,0.2,44,25623,16347,30.3,17.0
Station_01,Inv_00,20170723,19:05:00,0.0,0.0,0,221.0,0.2,44,25623,16347,30.3,17.0
Station_01,Inv_00,20170723,19:06:00,0.0,0.0,0,221.0,0.2,44,25623,16347,30.2,17.0
Station_01,Inv_00,20170723,19:07:00,0.0,0.0,0,221.0,0.2,44,25623,16347,30.2,17.0
Station_01,Inv_00,20170723,19:08:00,0.0,0.0,0,221.0,0.2,44,25623,16347,30.1,17.0
Station_01,Inv_00,20170723,19:09:00,0.0,0.0,0,221.0,0.2,44,25623,16347,30.1,17.0
Station_01,Inv_00,20170723,19:10:00,0.0,0.0,0,221.0,0.2,44,25623,16347,30.1,17.0
Station_01,Inv_00,20170723,19:11:00,0.0,0.0,0,221.0,0.2,44,25623,16347,29.9,17.0
Station_01,Inv_00,20170723,19:12:00,0.0,0.0,0,221.0,0.2,44,25623,16347,29.9,17.0
Station_01,Inv_00,20170723,19:13:00,0.0,0.0,0,221.0,0.2,44,25623,16347,29.9,17.0
Station_01,Inv_00,20170723,19:14:00,0.0,0.0,0,221.0,0.2,44,25623,16347,29.8,17.0
Station_01,Inv_00,20170723,19:15:00,0.0,0.0,0,221.0,0.2,44,25623,16347,29.7,17.0
Station_01,Inv_00,20170723,19:16:00,0.0,0.0,0,221.0,0.2,44,25623,16347,29.6,17.0
Station_01,Inv_00,20170723,19:17:00,0.0,0.0,0,221.0,0.2,44,25623,16347,29.5,17.0
Station_01,Inv_00,20170723,19:18:00,0.0,0.0,0,221.0,0.2,44,25623,16347,29.4,17.0
Station_01,Inv_00,20170723,19:19:00,0.0,0.0,0,221.0,0.2,44,25623,16347,29.4,17.0
Station_01,Inv_00,20170723,19:20:00,0.0,0.0,0,221.0,0.2,44,25623,16347,29.3,17.0
Station_01,Inv_00,20170723,19:21:00,0.0,0.0,0,221.0,0.2,44,25623,16347,29.3,17.0
Station_01,Inv_00,20170723,19:22:00,0.0,0.0,0,221.0,0.2,44,25623,16347,29.2,17.0
Station_01,Inv_00,20170723,19:23:00,0.0,0.0,0,221.0,0.2,44,25623,16347,29.1,17.0
Station_01,Inv_00,20170723,19:24:00,0.0,0.0,0,221.0,0.2,44,25623,16347,29.2,18.0
Station_01,Inv_00,20170723,19:25:00,0.0,0.0,0,221.0,0.2,44,25623,16347,29.1,18.0
Station_01,Inv_00,20170723,19:26:00,0.0,0.0,0,221.0,0.2,44,25623,16347,29.0,23.0
Station_01,Inv_00,20170723,19:27:00,0.0,0.0,0,221.0,0.2,44,25623,16347,29.0,17.0
Station_01,Inv_00,20170723,19:28:00,0.0,0.0,0,221.0,0.2,44,25623,16347,29.0,17.0
Station_01,Inv_00,20170723,19:29:00,0.0,0.0,0,221.0,0.2,44,25623,16347,29.0,17.0
Station_01,Inv_00,20170723,19:30:00,0.0,0.0,0,221.0,0.2,44,25623,16347,29.0,17.0
Station_01,Inv_00,20170723,19:31:00,0.0,0.0,0,221.0,0.2,44,25623,16347,29.0,17.0
Station_01,Inv_00,20170723,19:32:00,0.0,0.0,0,221.0,0.2,44,25623,16347,29.0,18.0
Station_01,Inv_00,20170723,19:33:00,0.0,0.0,0,221.0,0.2,44,25623,16347,28.9,17.0
Station_01,Inv_00,20170723,19:34:00,0.0,0.0,0,221.0,0.2,44,25623,16347,29.0,17.0
Station_01,Inv_00,20170723,19:35:00,0.0,0.0,0,221.0,0.2,44,25623,16347,28.9,17.0
Station_01,Inv_00,20170723,19:36:00,0.0,0.0,0,221.0,0.2,44,25623,16347,28.9,18.0
Station_01,Inv_00,20170723,19:37:00,0.0,0.0,0,221.0,0.2,44,25623,16347,28.9,17.0
Station_01,Inv_00,20170723,19:38:00,0.0,0.0,0,221.0,0.2,44,25623,16347,28.9,17.0
Station_01,Inv_00,20170723,19:39:00,0.0,0.0,0,221.0,0.2,44,25623,16347,28.8,17.0
Station_01,Inv_00,20170723,19:40:00,0.0,0.0,0,221.0,0.2,44,25623,16347,28.8,17.0
Station_01,Inv_00,20170723,19:41:00,0.0,0.0,0,221.0,0.2,44,25623,16347,28.8,17.0
Station_01,Inv_00,20170723,19:42:00,0.0,0.0,0,221.0,0.2,44,25623,16347,28.7,17.0
Station_01,Inv_00,20170723,19:43:00,0.0,0.0,0,221.0,0.2,44,25623,16347,28.7,19.0
Station_01,Inv_00,20170723,19:44:00,0.0,0.0,0,221.0,0.2,44,25623,16347,28.7,17.0
Station_01,Inv_00,20170723,19:45:00,0.0,0.0,0,221.0,0.2,44,25623,16347,28.6,17.0
Station_01,Inv_00,20170723,19:46:00,0.0,0.0,0,221.0,0.2,44,25623,16347,28.5,17.0
Station_01,Inv_00,20170723,19:47:00,0.0,0.0,0,221.0,0.2,44,25623,16347,28.5,18.0
Station_01,Inv_00,20170723,19:48:00,0.0,0.0,0,221.0,0.2,44,25623,16347,28.4,17.0
Station_01,Inv_00,20170723,19:49:00,0.0,0.0,0,221.0,0.2,44,25623,16347,28.4,17.0
Station_01,Inv_00,20170723,19:50:00,0.0,0.0,0,221.0,0.2,44,25623,16347,28.3,17.0
Station_01,Inv_00,20170723,19:51:00,0.0,0.0,0,221.0,0.2,44,25623,16347,28.3,17.0
Station_01,Inv_00,20170723,19:52:00,0.0,0.0,0,221.0,0.2,44,25623,16347,28.2,17.0
Station_01,Inv_00,20170723,19:53:00,0.0,0.0,0,221.0,0.2,44,25623,16347,28.2,17.0
Station_01,Inv_00,20170723,19:54:00,0.0,0.0,0,221.0,0.2,44,25623,16347,28.2,18.0
Station_01,Inv_00,20170723,19:55:00,0.0,0.0,0,221.0,0.2,44,25623,16347,28.2,17.0
Station_01,Inv_00,20170723,19:56:00,0.0,0.0,0,221.0,0.2,44,25623,16347,28.2,17.0
Station_01,Inv_00,20170723,19:57:00,0.0,0.0,0,221.0,0.2,44,25623,16347,28.2,17.0
Station_01,Inv_00,20170723,19:58:00,0.0,0.0,0,221.0,0.2,44,25623,16347,28.2,18.0
Station_01,Inv_00,20170723,19:59:00,0.0,0.0,0,221.0,0.2,44,25623,16347,28.2,17.0
Station_01,Inv_00,20170723,20:00:00,0.0,0.0,0,221.0,0.2,44,25623,16347,28.2,18.0
