Station_01,Inv_00,20170712,05:00:00,0.0,0.0,0,220.0,0.2,44,25415,16215,25.5,19.0
Station_01,Inv_00,20170712,05:01:00,0.0,0.0,0,220.0,0.2,44,25415,16215,25.4,19.0
Station_01,Inv_00,20170712,05:02:00,0.0,0.0,0,220.0,0.2,44,25415,16215,25.6,19.0
Station_01,Inv_00,20170712,05:03:00,0.0,0.0,0,220.0,0.2,44,25415,16215,25.5,19.0
Station_01,Inv_00,20170712,05:04:00,0.0,0.0,0,220.0,0.2,44,25415,16215,25.5,19.0
Station_01,Inv_00,20170712,05:05:00,0.0,0.0,0,220.0,0.2,44,25415,16215,25.5,19.0
Station_01,Inv_00,20170712,05:06:00,0.0,0.0,0,220.0,0.2,44,25415,16215,25.5,19.0
Station_01,Inv_00,20170712,05:07:00,0.0,0.0,0,220.0,0.2,44,25415,16215,25.4,19.0
Station_01,Inv_00,20170712,05:08:00,0.0,0.0,0,220.0,0.2,44,25415,16215,25.5,20.0
Station_01,Inv_00,20170712,05:09:00,0.0,0.0,0,220.0,0.2,44,25415,16215,25.5,20.0
Station_01,Inv_00,20170712,05:10:00,0.0,0.0,0,220.0,0.2,44,25415,16215,25.5,20.0
Station_01,Inv_00,20170712,05:11:00,0.0,0.0,0,220.0,0.2,44,25415,16215,25.5,20.0
Station_01,Inv_00,20170712,05:12:00,0.0,0.0,0,220.0,0.2,44,25415,16215,25.6,20.0
Station_01,Inv_00,20170712,05:13:00,0.0,0.0,0,220.0,0.2,44,25415,16215,25.6,20.0
Station_01,Inv_00,20170712,05:14:00,0.0,0.0,0,220.0,0.2,44,25415,16215,25.7,21.0
Station_01,Inv_00,20170712,05:15:00,0.0,0.0,0,220.0,0.2,44,25415,16215,25.7,21.0
Station_01,Inv_00,20170712,05:16:00,0.0,0.0,0,220.0,0.2,44,25415,16215,25.6,21.0
Station_01,Inv_00,20170712,05:17:00,0.0,0.0,0,220.0,0.2,44,25415,16215,25.6,21.0
Station_01,Inv_00,20170712,05:18:00,0.0,0.0,0,220.0,0.2,44,25415,16215,25.6,22.0
Station_01,Inv_00,20170712,05:19:00,0.0,0.0,0,220.0,0.2,44,25415,16215,25.6,22.0
Station_01,Inv_00,20170712,05:20:00,0.0,0.0,0,220.0,0.2,44,25415,16215,25.6,22.0
Station_01,Inv_00,20170712,05:21:00,0.0,0.0,0,220.0,0.2,44,25415,16215,25.7,23.0
Station_01,Inv_00,20170712,05:22:00,0.0,0.0,0,220.0,0.2,44,25415,16215,25.7,23.0
Station_01,Inv_00,20170712,05:23:00,0.0,0.0,0,220.0,0.2,44,25415,16215,25.8,24.0
Station_01,Inv_00,20170712,05:24:00,0.0,0.0,0,220.0,0.2,44,25415,16215,25.7,25.0
Station_01,Inv_00,20170712,05:25:00,0.0,0.0,0,220.0,0.2,44,25415,16215,25.8,477.0
Station_01,Inv_00,20170712,05:26:00,0.0,0.0,0,220.0,0.2,44,25415,16215,25.8,26.0
Station_01,Inv_00,20170712,05:27:00,0.0,0.0,0,220.0,0.2,44,25415,16215,25.8,26.0
Station_01,Inv_00,20170712,05:28:00,0.0,0.0,0,219.0,0.4,88,25415,16215,25.9,27.0
Station_01,Inv_00,20170712,05:29:00,0.0,0.0,0,220.0,0.5,110,25415,16215,26.0,28.0
Station_01,Inv_00,20170712,05:30:00,0.0,0.0,0,220.0,0.5,110,25415,16215,25.9,29.0
Station_01,Inv_00,20170712,05:31:00,0.0,0.0,0,220.0,0.5,110,25415,16215,26.0,30.0
Station_01,Inv_00,20170712,05:32:00,0.0,0.0,0,222.0,0.5,111,25415,16215,26.0,30.0
Station_01,Inv_00,20170712,05:33:00,0.0,0.0,0,222.0,0.5,111,25415,16215,26.1,31.0
Station_01,Inv_00,20170712,05:34:00,230.0,0.2,46,218.0,0.4,87,25415,16215,26.2,32.0
Station_01,Inv_00,20170712,05:35:00,219.0,0.2,44,217.0,0.4,87,25415,16215,26.2,34.0
Station_01,Inv_00,20170712,05:36:00,227.0,0.2,45,216.0,0.4,86,25415,16215,26.2,34.0
Station_01,Inv_00,20170712,05:37:00,232.0,0.2,46,216.0,0.4,86,25415,16215,26.3,35.0
Station_01,Inv_00,20170712,05:38:00,220.0,0.1,22,216.0,0.4,86,25415,16215,26.4,488.0
Station_01,Inv_00,20170712,05:39:00,224.3,0.3,67,217.0,0.4,87,25415,16215,26.4,39.0
Station_01,Inv_00,20170712,05:40:00,229.0,0.1,23,218.0,0.4,87,25415,16215,26.4,40.0
Station_01,Inv_00,20170712,05:41:00,213.0,0.1,21,217.0,0.4,87,25415,16215,26.5,42.0
Station_01,Inv_00,20170712,05:42:00,224.0,0.1,22,217.0,0.5,109,25415,16215,26.6,44.0
Station_01,Inv_00,20170712,05:43:00,235.0,0.3,71,217.0,0.4,87,25415,16215,26.7,45.0
Station_01,Inv_00,20170712,05:44:00,219.3,0.3,66,217.0,0.5,109,25415,16215,26.8,47.0
Station_01,Inv_00,20170712,05:45:00,210.3,0.3,63,217.0,0.5,109,25415,16215,26.8,49.0
Station_01,Inv_00,20170712,05:46:00,222.3,0.3,67,217.0,0.5,109,25415,16215,26.9,51.0
Station_01,Inv_00,20170712,05:47:00,230.0,0.4,92,217.0,0.5,109,25415,16215,27.0,53.0
Station_01,Inv_00,20170712,05:48:00,215.0,0.3,65,217.0,0.5,109,25415,16215,27.1,55.0
Station_01,Inv_00,20170712,05:49:00,212.3,0.3,64,218.0,0.5,109,25415,16215,27.1,57.0
Station_01,Inv_00,20170712,05:50:00,196.0,0.4,78,217.0,0.5,109,25415,16215,27.2,58.0
Station_01,Inv_00,20170712,05:51:00,204.5,0.4,82,216.0,0.5,108,25415,16215,27.3,60.0
Station_01,Inv_00,20170712,05:52:00,216.0,0.5,108,216.0,0.5,108,25415,16215,27.4,63.0
Station_01,Inv_00,20170712,05:53:00,205.5,0.4,82,216.0,0.5,108,25415,16215,27.5,65.0
Station_01,Inv_00,20170712,05:54:00,228.4,0.5,114,216.0,0.6,130,25415,16215,27.6,67.0
Station_01,Inv_00,20170712,05:55:00,223.0,0.5,112,218.0,0.6,131,25415,16215,27.7,69.0
Station_01,Inv_00,20170712,05:56:00,201.0,0.6,121,218.0,0.5,109,25415,16215,27.8,72.0
Station_01,Inv_00,20170712,05:57:00,187.5,0.6,113,217.0,0.6,130,25415,16215,27.9,74.0
Station_01,Inv_00,20170712,05:58:00,232.0,0.6,139,217.0,0.7,152,25415,16215,28.0,77.0
Station_01,Inv_00,20170712,05:59:00,225.0,0.6,135,217.0,0.8,174,25415,16215,28.1,80.0
Station_01,Inv_00,20170712,06:00:00,213.0,0.6,128,216.0,0.7,151,25415,16215,28.2,82.0
Station_01,Inv_00,20170712,06:01:00,235.4,0.7,165,216.0,0.8,173,25415,16215,28.3,84.0
Station_01,Inv_00,20170712,06:02:00,244.0,0.6,146,216.0,0.8,173,25415,16215,28.4,86.0
Station_01,Inv_00,20170712,06:03:00,230.0,0.7,161,215.0,0.9,194,25415,16215,28.5,89.0
Station_01,Inv_00,20170712,06:04:00,234.4,0.7,164,216.0,0.9,194,25415,16215,28.6,91.0
Station_01,Inv_00,20170712,06:05:00,228.9,0.8,183,216.0,0.9,194,25415,16215,28.7,94.0
Station_01,Inv_00,20170712,06:06:00,229.4,0.7,161,216.0,1.0,216,25415,16215,28.8,97.0
Station_01,Inv_00,20170712,06:07:00,233.0,0.9,210,215.0,1.0,215,25415,16215,29.0,101.0
Station_01,Inv_00,20170712,06:08:00,230.7,0.9,208,215.0,1.0,215,25415,16215,29.1,104.0
Station_01,Inv_00,20170712,06:09:00,239.0,0.9,215,216.0,1.1,238,25415,16215,29.2,107.0
Station_01,Inv_00,20170712,06:10:00,243.0,0.9,219,218.0,1.1,240,25415,16215,29.4,111.0
Station_01,Inv_00,20170712,06:11:00,231.5,1.0,232,219.0,1.1,241,25415,16215,29.6,114.0
Station_01,Inv_00,20170712,06:12:00,231.5,1.0,232,217.0,1.2,260,25415,16215,29.8,118.0
Station_01,Inv_00,20170712,06:13:00,206.5,1.1,227,217.0,1.1,239,25415,16215,29.9,122.0
Station_01,Inv_00,20170712,06:14:00,233.0,1.1,256,216.0,1.3,281,25415,16215,30.0,125.0
Station_01,Inv_00,20170712,06:15:00,232.0,1.2,278,216.0,1.3,281,25415,16215,30.2,129.0
Station_01,Inv_00,20170712,06:16:00,244.0,1.2,293,216.0,1.3,281,25415,16215,30.4,132.0
Station_01,Inv_00,20170712,06:17:00,245.8,1.3,320,216.0,1.4,302,25415,16215,30.6,136.0
Station_01,Inv_00,20170712,06:18:00,246.5,1.2,296,216.0,1.5,324,25415,16215,30.8,139.0
Station_01,Inv_00,20170712,06:19:00,249.0,1.3,324,216.0,1.5,324,25415,16215,30.8,142.0
Station_01,Inv_00,20170712,06:20:00,241.6,1.4,338,216.0,1.5,324,25415,16215,31.0,145.0
Station_01,Inv_00,20170712,06:21:00,245.0,1.4,343,216.0,1.5,324,25415,16215,31.2,148.0
Station_01,Inv_00,20170712,06:22:00,243.9,1.5,366,217.0,1.6,347,25415,16215,31.3,151.0
Station_01,Inv_00,20170712,06:23:00,239.4,1.5,359,217.0,1.6,347,25415,16215,31.6,155.0
Station_01,Inv_00,20170712,06:24:00,242.0,1.6,387,216.0,1.7,367,25415,16215,31.8,158.0
Station_01,Inv_00,20170712,06:25:00,225.4,1.7,383,216.0,1.6,346,25415,16215,32.0,161.0
Station_01,Inv_00,20170712,06:26:00,245.0,1.6,392,216.0,1.8,389,25415,16215,32.2,164.0
Station_01,Inv_00,20170712,06:27:00,243.4,1.7,414,216.0,1.9,410,25415,16215,32.5,167.0
Station_01,Inv_00,20170712,06:28:00,239.1,1.8,430,216.0,1.9,410,25415,16215,32.6,171.0
Station_01,Inv_00,20170712,06:29:00,242.0,1.8,436,216.0,2.0,432,25415,16215,32.9,174.0
Station_01,Inv_00,20170712,06:30:00,249.4,1.9,474,216.0,2.0,432,25415,16215,32.9,178.0
Station_01,Inv_00,20170712,06:31:00,252.0,1.8,454,216.0,2.0,432,25415,16215,33.1,181.0
Station_01,Inv_00,20170712,06:32:00,245.0,2.0,490,217.0,2.1,456,25415,16215,33.1,183.0
Station_01,Inv_00,20170712,06:33:00,235.0,2.1,493,217.0,2.1,456,25415,16215,33.5,188.0
Station_01,Inv_00,20170712,06:34:00,233.5,2.2,514,218.0,2.1,458,25415,16215,33.5,192.0
Station_01,Inv_00,20170712,06:35:00,243.9,2.2,537,216.0,2.3,497,25415,16215,33.8,196.0
Station_01,Inv_00,20170712,06:36:00,209.5,2.3,482,217.0,2.0,434,25415,16215,34.1,199.0
Station_01,Inv_00,20170712,06:37:00,195.1,2.4,468,216.0,2.0,432,25415,16215,34.1,203.0
Station_01,Inv_00,20170712,06:38:00,240.5,2.4,577,216.0,2.5,540,25415,16215,34.4,206.0
Station_01,Inv_00,20170712,06:39:00,227.0,2.5,568,217.0,2.4,521,25415,16215,34.4,210.0
Station_01,Inv_00,20170712,06:40:00,241.5,2.5,604,217.0,2.5,543,25415,16215,34.6,213.0
Station_01,Inv_00,20170712,06:41:00,241.3,2.5,603,216.0,2.6,562,25415,16215,34.7,217.0
Station_01,Inv_00,20170712,06:42:00,247.0,2.6,642,216.0,2.7,583,25415,16215,35.0,220.0
Station_01,Inv_00,20170712,06:43:00,245.7,2.6,639,216.0,2.8,605,25415,16215,34.9,223.0
Station_01,Inv_00,20170712,06:44:00,246.4,2.7,665,215.0,2.9,624,25415,16215,35.3,227.0
Station_01,Inv_00,20170712,06:45:00,204.0,2.8,571,215.0,2.5,538,25415,16215,35.6,230.0
Station_01,Inv_00,20170712,06:46:00,241.9,2.7,653,216.0,2.9,626,25415,16215,35.5,234.0
Station_01,Inv_00,20170712,06:47:00,212.0,3.0,636,216.0,2.7,583,25415,16215,35.8,237.0
Station_01,Inv_00,20170712,06:48:00,213.6,3.0,641,215.0,2.8,602,25415,16215,36.0,240.0
Station_01,Inv_00,20170712,06:49:00,226.0,3.1,701,215.0,3.0,645,25415,16215,36.3,244.0
Station_01,Inv_00,20170712,06:50:00,246.5,3.1,764,215.0,3.2,688,25415,16215,36.5,248.0
Station_01,Inv_00,20170712,06:51:00,247.5,3.1,767,215.0,3.3,710,25415,16215,36.4,251.0
Station_01,Inv_00,20170712,06:52:00,243.8,3.2,780,217.0,3.3,716,25415,16215,36.1,255.0
Station_01,Inv_00,20170712,06:53:00,224.3,3.2,718,217.0,3.2,694,25415,16215,36.7,258.0
Station_01,Inv_00,20170712,06:54:00,222.0,3.3,733,217.0,3.2,694,25415,16215,37.0,261.0
Station_01,Inv_00,20170712,06:55:00,245.0,3.4,833,217.0,3.6,781,25415,16215,37.1,265.0
Station_01,Inv_00,20170712,06:56:00,227.5,3.4,774,217.0,3.5,760,25415,16215,37.5,269.0
Station_01,Inv_00,20170712,06:57:00,224.9,3.5,787,217.0,3.5,760,25415,16215,37.7,272.0
Station_01,Inv_00,20170712,06:58:00,241.0,3.6,868,215.0,3.8,817,25415,16215,38.0,275.0
Station_01,Inv_00,20170712,06:59:00,243.9,3.5,854,215.0,3.9,839,25415,16215,38.0,279.0
Station_01,Inv_00,20170712,07:00:00,187.5,3.8,713,215.0,3.1,667,25415,16215,38.2,283.0
Station_01,Inv_00,20170712,07:01:00,225.4,3.7,834,215.0,3.8,817,25415,16215,38.7,286.0
Station_01,Inv_00,20170712,07:02:00,241.9,3.7,895,215.0,4.0,860,25415,16215,39.2,289.0
Station_01,Inv_00,20170712,07:03:00,235.4,3.9,918,215.0,3.9,839,25415,16215,39.4,293.0
Station_01,Inv_00,20170712,07:04:00,236.5,3.9,922,215.0,4.0,860,25415,16215,39.6,297.0
Station_01,Inv_00,20170712,07:05:00,231.3,4.1,948,215.0,4.0,860,25415,16215,39.6,301.0
Station_01,Inv_00,20170712,07:06:00,242.5,4.1,994,218.0,4.1,894,25415,16215,40.0,304.0
Station_01,Inv_00,20170712,07:07:00,240.4,4.2,1010,219.0,4.2,920,25415,16215,40.4,307.0
Station_01,Inv_00,20170712,07:08:00,243.0,4.2,1021,219.0,4.2,920,25415,16215,40.6,312.0
Station_01,Inv_00,20170712,07:09:00,241.5,4.3,1038,218.0,4.3,937,25415,16215,40.8,313.0
Station_01,Inv_00,20170712,07:10:00,245.0,4.3,1053,218.0,4.4,959,25415,16215,41.4,317.0
Station_01,Inv_00,20170712,07:11:00,240.5,4.3,1034,218.0,4.4,959,25415,16215,41.7,321.0
Station_01,Inv_00,20170712,07:12:00,230.0,4.6,1058,218.0,4.4,959,25415,16215,42.0,325.0
Station_01,Inv_00,20170712,07:13:00,240.4,4.4,1058,218.0,4.6,1003,25415,16215,41.9,330.0
Station_01,Inv_00,20170712,07:14:00,239.4,4.5,1077,217.0,4.6,998,25415,16215,42.6,332.0
Station_01,Inv_00,20170712,07:15:00,207.0,4.7,973,217.0,4.2,911,25415,16215,42.4,337.0
Station_01,Inv_00,20170712,07:16:00,227.5,4.7,1069,217.0,4.6,998,25415,16215,42.9,339.0
Station_01,Inv_00,20170712,07:17:00,239.5,4.7,1126,217.0,4.8,1042,25415,16215,43.0,341.0
Station_01,Inv_00,20170712,07:18:00,233.9,4.8,1123,219.0,4.8,1051,25415,16215,43.2,345.0
Station_01,Inv_00,20170712,07:19:00,238.5,4.8,1145,218.0,4.9,1068,25415,16215,43.4,348.0
Station_01,Inv_00,20170712,07:20:00,240.0,4.8,1152,217.0,5.0,1085,25415,16215,43.7,350.0
Station_01,Inv_00,20170712,07:21:00,238.0,4.9,1166,217.0,5.1,1107,25415,16215,44.1,353.0
Station_01,Inv_00,20170712,07:22:00,239.0,5.1,1219,218.0,5.1,1112,25415,16215,44.1,358.0
Station_01,Inv_00,20170712,07:23:00,234.5,5.1,1196,219.0,5.1,1117,25415,16215,44.3,361.0
Station_01,Inv_00,20170712,07:24:00,238.0,5.1,1214,220.0,5.1,1122,25415,16215,44.5,364.0
Station_01,Inv_00,20170712,07:25:00,237.0,5.1,1209,220.0,5.2,1144,25415,16215,44.9,366.0
Station_01,Inv_00,20170712,07:26:00,234.9,5.3,1245,220.0,5.2,1144,25415,16215,45.2,369.0
Station_01,Inv_00,20170712,07:27:00,234.0,5.4,1264,220.0,5.3,1166,25415,16215,45.1,375.0
Station_01,Inv_00,20170712,07:28:00,234.5,5.4,1266,221.0,5.4,1193,25415,16215,44.9,380.0
Station_01,Inv_00,20170712,07:29:00,235.5,5.5,1295,221.0,5.5,1216,25416,16215,44.8,383.0
Station_01,Inv_00,20170712,07:30:00,239.5,5.4,1293,217.0,5.6,1215,25416,16215,45.4,388.0
Station_01,Inv_00,20170712,07:31:00,218.4,5.7,1245,217.0,5.4,1172,25416,16215,45.3,392.0
Station_01,Inv_00,20170712,07:32:00,234.4,5.6,1313,217.0,5.7,1237,25416,16215,45.2,396.0
Station_01,Inv_00,20170712,07:33:00,240.0,5.7,1368,217.0,5.8,1259,25416,16215,45.3,398.0
Station_01,Inv_00,20170712,07:34:00,238.9,5.8,1386,218.0,5.8,1264,25416,16215,45.3,401.0
Station_01,Inv_00,20170712,07:35:00,237.5,5.9,1401,218.0,5.9,1286,25416,16215,45.5,406.0
Station_01,Inv_00,20170712,07:36:00,235.0,6.0,1410,217.0,5.9,1280,25416,16215,45.2,409.0
Station_01,Inv_00,20170712,07:37:00,222.5,6.1,1357,217.0,5.8,1259,25416,16215,46.0,412.0
Station_01,Inv_00,20170712,07:38:00,235.5,6.1,1436,217.0,6.2,1345,25416,16215,46.3,416.0
Station_01,Inv_00,20170712,07:39:00,229.5,6.3,1446,217.0,6.2,1345,25416,16215,46.3,421.0
Station_01,Inv_00,20170712,07:40:00,230.0,6.2,1426,217.0,6.2,1345,25416,16215,46.3,425.0
Station_01,Inv_00,20170712,07:41:00,231.0,6.3,1455,217.0,6.3,1367,25416,16215,46.0,429.0
Station_01,Inv_00,20170712,07:42:00,233.5,6.3,1471,217.0,6.4,1389,25416,16215,46.4,432.0
Station_01,Inv_00,20170712,07:43:00,234.0,6.3,1474,216.0,6.5,1404,25416,16215,45.5,436.0
Station_01,Inv_00,20170712,07:44:00,212.5,6.6,1403,216.0,6.2,1339,25416,16215,46.6,440.0
Station_01,Inv_00,20170712,07:45:00,232.0,6.5,1508,217.0,6.6,1432,25416,16215,46.4,444.0
Station_01,Inv_00,20170712,07:46:00,231.5,6.7,1551,217.0,6.6,1432,25416,16215,45.5,448.0
Station_01,Inv_00,20170712,07:47:00,233.9,6.6,1544,217.0,6.7,1454,25416,16215,46.2,451.0
Station_01,Inv_00,20170712,07:48:00,195.5,6.9,1349,217.0,5.8,1259,25416,16215,46.2,455.0
Station_01,Inv_00,20170712,07:49:00,229.9,6.9,1587,217.0,6.7,1454,25416,16215,46.0,459.0
Station_01,Inv_00,20170712,07:50:00,235.5,6.7,1578,218.0,6.9,1504,25416,16215,46.8,463.0
Station_01,Inv_00,20170712,07:51:00,234.5,6.8,1595,217.0,6.9,1497,25416,16215,47.2,466.0
Station_01,Inv_00,20170712,07:52:00,231.5,6.9,1597,217.0,7.0,1519,25416,16215,46.4,470.0
Station_01,Inv_00,20170712,07:53:00,232.5,7.0,1628,217.0,7.1,1541,25416,16215,46.9,475.0
Station_01,Inv_00,20170712,07:54:00,223.0,7.2,1605,216.0,7.0,1512,25416,16215,46.7,479.0
Station_01,Inv_00,20170712,07:55:00,236.0,7.0,1652,216.0,7.2,1555,25416,16215,46.3,481.0
Station_01,Inv_00,20170712,07:56:00,230.4,7.2,1659,217.0,7.2,1562,25416,16215,47.2,483.0
Station_01,Inv_00,20170712,07:57:00,233.5,7.2,1681,217.0,7.3,1584,25416,16215,47.7,486.0
Station_01,Inv_00,20170712,07:58:00,232.5,7.3,1697,217.0,7.3,1584,25416,16215,48.0,489.0
Station_01,Inv_00,20170712,07:59:00,215.0,7.6,1634,217.0,7.1,1541,25416,16215,48.3,493.0
Station_01,Inv_00,20170712,08:00:00,201.0,7.7,1548,217.0,6.7,1454,25416,16215,48.7,497.0
Station_01,Inv_00,20170712,08:01:00,232.5,7.5,1744,216.0,7.5,1620,25416,16215,49.0,502.0
Station_01,Inv_00,20170712,08:02:00,225.5,7.7,1736,217.0,7.5,1628,25416,16215,49.7,505.0
Station_01,Inv_00,20170712,08:03:00,215.0,7.8,1677,216.0,7.4,1598,25416,16215,48.9,510.0
Station_01,Inv_00,20170712,08:04:00,226.0,7.7,1740,216.0,7.7,1663,25416,16215,48.3,511.0
Station_01,Inv_00,20170712,08:05:00,213.0,7.9,1683,216.0,7.4,1598,25416,16215,50.2,513.0
Station_01,Inv_00,20170712,08:06:00,230.5,7.7,1775,219.0,7.7,1686,25416,16215,50.2,515.0
Station_01,Inv_00,20170712,08:07:00,231.5,7.9,1829,219.0,7.7,1686,25416,16215,50.8,522.0
Station_01,Inv_00,20170712,08:08:00,230.0,7.9,1817,219.0,7.8,1708,25417,16216,51.2,525.0
Station_01,Inv_00,20170712,08:09:00,229.0,7.9,1809,219.0,7.8,1708,25417,16216,51.7,526.0
Station_01,Inv_00,20170712,08:10:00,226.0,8.1,1831,219.0,7.8,1708,25417,16216,51.8,530.0
Station_01,Inv_00,20170712,08:11:00,228.0,8.1,1847,219.0,7.9,1730,25417,16216,51.2,532.0
Station_01,Inv_00,20170712,08:12:00,233.5,7.9,1845,219.0,7.9,1730,25417,16216,51.6,535.0
Station_01,Inv_00,20170712,08:13:00,231.4,8.0,1851,219.0,8.0,1752,25417,16216,51.2,539.0
Station_01,Inv_00,20170712,08:14:00,225.5,8.3,1872,219.0,8.1,1774,25417,16216,52.3,541.0
Station_01,Inv_00,20170712,08:15:00,227.5,8.3,1888,219.0,8.1,1774,25417,16216,52.8,541.0
Station_01,Inv_00,20170712,08:16:00,230.5,8.3,1913,219.0,8.1,1774,25417,16216,53.1,542.0
Station_01,Inv_00,20170712,08:17:00,224.0,8.5,1904,219.0,8.1,1774,25417,16216,50.4,549.0
Station_01,Inv_00,20170712,08:18:00,219.5,8.7,1910,219.0,8.2,1796,25417,16216,52.3,556.0
Station_01,Inv_00,20170712,08:19:00,227.0,8.5,1929,219.0,8.3,1818,25417,16216,52.5,558.0
Station_01,Inv_00,20170712,08:20:00,228.9,8.5,1945,219.0,8.3,1818,25417,16216,52.2,562.0
Station_01,Inv_00,20170712,08:21:00,210.5,9.0,1895,219.0,8.1,1774,25417,16216,52.5,565.0
Station_01,Inv_00,20170712,08:22:00,195.0,9.1,1774,219.0,7.7,1686,25417,16216,52.9,570.0
Station_01,Inv_00,20170712,08:23:00,222.5,8.9,1980,218.0,8.5,1853,25417,16216,53.0,570.0
Station_01,Inv_00,20170712,08:24:00,227.5,8.7,1979,219.0,8.6,1883,25417,16216,53.5,573.0
Station_01,Inv_00,20170712,08:25:00,208.0,9.2,1914,218.0,8.2,1788,25417,16216,53.2,578.0
Station_01,Inv_00,20170712,08:26:00,215.5,9.1,1961,219.0,8.5,1862,25417,16216,52.9,581.0
Station_01,Inv_00,20170712,08:27:00,214.0,9.3,1990,219.0,8.6,1883,25417,16216,54.2,582.0
Station_01,Inv_00,20170712,08:28:00,226.4,9.0,2038,219.0,8.7,1905,25417,16216,53.6,590.0
Station_01,Inv_00,20170712,08:29:00,218.5,9.3,2032,218.0,8.7,1897,25417,16216,54.8,591.0
Station_01,Inv_00,20170712,08:30:00,218.5,9.2,2010,219.0,8.7,1905,25417,16216,53.0,508.0
Station_01,Inv_00,20170712,08:31:00,226.5,9.1,2061,219.0,8.9,1949,25417,16216,55.1,593.0
Station_01,Inv_00,20170712,08:32:00,215.5,9.5,2047,218.0,8.8,1918,25417,16216,55.6,606.0
Station_01,Inv_00,20170712,08:33:00,223.5,9.3,2078,218.0,9.0,1962,25417,16216,56.2,599.0
Station_01,Inv_00,20170712,08:34:00,226.5,9.3,2106,219.0,9.0,1971,25417,16216,55.5,604.0
Station_01,Inv_00,20170712,08:35:00,207.5,9.8,2034,219.0,8.8,1927,25417,16216,55.9,612.0
Station_01,Inv_00,20170712,08:36:00,220.5,9.5,2095,219.0,9.1,1993,25417,16216,56.3,614.0
Station_01,Inv_00,20170712,08:37:00,218.9,9.6,2102,220.0,9.1,2002,25417,16216,56.2,616.0
Station_01,Inv_00,20170712,08:38:00,207.0,9.9,2049,220.0,8.7,1914,25417,16216,57.1,615.0
Station_01,Inv_00,20170712,08:39:00,201.0,10.1,2030,219.0,8.7,1905,25418,16217,57.7,615.0
Station_01,Inv_00,20170712,08:40:00,207.5,10.1,2096,220.0,8.9,1958,25418,16217,57.8,620.0
Station_01,Inv_00,20170712,08:41:00,217.5,9.9,2153,220.0,9.3,2046,25418,16217,56.8,626.0
Station_01,Inv_00,20170712,08:42:00,210.5,10.1,2126,219.0,9.2,2015,25418,16217,57.4,627.0
Station_01,Inv_00,20170712,08:43:00,216.4,10.0,2165,219.0,9.3,2037,25418,16217,58.0,630.0
Station_01,Inv_00,20170712,08:44:00,219.5,9.9,2173,219.0,9.3,2037,25418,16217,59.0,629.0
Station_01,Inv_00,20170712,08:45:00,221.5,9.8,2171,219.0,9.4,2059,25418,16217,59.3,633.0
Station_01,Inv_00,20170712,08:46:00,218.0,10.0,2180,220.0,9.4,2068,25418,16217,58.0,642.0
Station_01,Inv_00,20170712,08:47:00,221.0,10.0,2210,220.0,9.5,2090,25418,16217,59.2,641.0
Station_01,Inv_00,20170712,08:48:00,197.0,10.6,2088,219.0,8.9,1949,25418,16217,58.6,640.0
Station_01,Inv_00,20170712,08:49:00,221.5,10.1,2237,220.0,9.7,2134,25418,16217,56.4,650.0
Station_01,Inv_00,20170712,08:50:00,217.5,10.3,2240,219.0,9.7,2124,25418,16217,57.3,655.0
Station_01,Inv_00,20170712,08:51:00,217.0,10.5,2278,220.0,9.7,2134,25418,16217,56.1,654.0
Station_01,Inv_00,20170712,08:52:00,223.5,10.3,2302,219.0,9.8,2146,25418,16217,55.5,655.0
Station_01,Inv_00,20170712,08:53:00,221.5,10.3,2281,219.0,9.8,2146,25418,16217,56.4,658.0
Station_01,Inv_00,20170712,08:54:00,223.0,10.3,2297,218.0,9.9,2158,25418,16217,55.7,665.0
Station_01,Inv_00,20170712,08:55:00,214.5,10.7,2295,218.0,9.8,2136,25418,16217,56.1,669.0
Station_01,Inv_00,20170712,08:56:00,223.5,10.4,2324,219.0,10.0,2190,25418,16217,54.7,669.0
Station_01,Inv_00,20170712,08:57:00,218.0,10.7,2333,218.0,10.1,2202,25418,16217,56.7,670.0
Station_01,Inv_00,20170712,08:58:00,226.0,10.4,2350,218.0,10.1,2202,25418,16217,57.2,684.0
Station_01,Inv_00,20170712,08:59:00,199.5,11.1,2214,218.0,9.6,2093,25418,16217,58.1,679.0
Station_01,Inv_00,20170712,09:00:00,220.5,10.7,2359,218.0,10.2,2224,25418,16217,55.9,682.0
Station_01,Inv_00,20170712,09:01:00,220.4,10.7,2358,218.0,10.2,2224,25418,16217,57.6,680.0
Station_01,Inv_00,20170712,09:02:00,218.5,10.7,2338,219.0,10.2,2234,25418,16217,57.6,682.0
Station_01,Inv_00,20170712,09:03:00,209.5,11.1,2325,219.0,10.1,2212,25418,16217,57.6,688.0
Station_01,Inv_00,20170712,09:04:00,224.4,10.5,2357,218.0,10.3,2245,25418,16217,56.9,691.0
Station_01,Inv_00,20170712,09:05:00,219.5,10.9,2393,218.0,10.3,2245,25418,16217,55.9,693.0
Station_01,Inv_00,20170712,09:06:00,216.5,11.0,2381,219.0,10.3,2256,25419,16217,57.0,694.0
Station_01,Inv_00,20170712,09:07:00,222.5,10.7,2381,219.0,10.3,2256,25419,16217,55.4,695.0
Station_01,Inv_00,20170712,09:08:00,220.9,10.8,2386,219.0,10.3,2256,25419,16217,55.4,694.0
Station_01,Inv_00,20170712,09:09:00,220.5,11.1,2448,218.0,10.5,2289,25419,16217,56.4,696.0
Station_01,Inv_00,20170712,09:10:00,217.0,11.2,2430,218.0,10.5,2289,25419,16217,57.5,703.0
Station_01,Inv_00,20170712,09:11:00,215.0,11.3,2430,218.0,10.5,2289,25419,16217,56.8,708.0
Station_01,Inv_00,20170712,09:12:00,210.5,11.5,2421,218.0,10.4,2267,25419,16217,54.8,712.0
Station_01,Inv_00,20170712,09:13:00,198.0,11.9,2356,218.0,10.1,2202,25419,16217,55.5,716.0
Station_01,Inv_00,20170712,09:14:00,213.5,11.5,2455,219.0,10.5,2300,25419,16217,57.8,712.0
Station_01,Inv_00,20170712,09:15:00,217.4,11.3,2456,218.0,10.7,2333,25419,16217,57.2,712.0
Station_01,Inv_00,20170712,09:16:00,210.5,11.6,2442,218.0,10.6,2311,25419,16217,57.7,710.0
Station_01,Inv_00,20170712,09:17:00,219.0,11.3,2475,218.0,10.7,2333,25419,16217,58.6,712.0
Station_01,Inv_00,20170712,09:18:00,217.9,11.4,2485,218.0,10.7,2333,25419,16217,59.6,717.0
Station_01,Inv_00,20170712,09:19:00,220.5,11.2,2470,218.0,10.7,2333,25419,16217,60.1,716.0
Station_01,Inv_00,20170712,09:20:00,220.0,11.3,2486,218.0,10.8,2354,25419,16217,60.4,721.0
Station_01,Inv_00,20170712,09:21:00,217.5,11.4,2479,218.0,10.7,2333,25419,16217,61.2,727.0
Station_01,Inv_00,20170712,09:22:00,215.0,11.5,2473,219.0,10.7,2343,25419,16217,61.8,722.0
Station_01,Inv_00,20170712,09:23:00,218.5,11.7,2556,219.0,10.9,2387,25419,16217,60.8,734.0
Station_01,Inv_00,20170712,09:24:00,192.0,12.4,2381,219.0,10.3,2256,25419,16217,61.1,735.0
Station_01,Inv_00,20170712,09:25:00,215.9,11.8,2548,219.0,11.1,2431,25419,16217,62.2,739.0
Station_01,Inv_00,20170712,09:26:00,219.0,11.8,2584,219.0,11.1,2431,25419,16217,61.9,744.0
Station_01,Inv_00,20170712,09:27:00,195.0,12.6,2456,218.0,10.5,2289,25419,16217,61.6,751.0
Station_01,Inv_00,20170712,09:28:00,219.0,11.8,2584,218.0,11.2,2442,25419,16217,59.6,750.0
Station_01,Inv_00,20170712,09:29:00,215.5,12.1,2608,218.0,11.2,2442,25419,16217,61.2,750.0
Station_01,Inv_00,20170712,09:30:00,217.0,12.1,2626,219.0,11.3,2475,25420,16218,60.9,751.0
Station_01,Inv_00,20170712,09:31:00,217.4,12.0,2609,218.0,11.3,2463,25420,16218,62.0,754.0
Station_01,Inv_00,20170712,09:32:00,198.5,12.7,2521,218.0,10.9,2376,25420,16218,62.7,763.0
Station_01,Inv_00,20170712,09:33:00,218.5,11.9,2600,218.0,11.3,2463,25420,16218,60.7,759.0
Station_01,Inv_00,20170712,09:34:00,197.0,12.7,2502,218.0,10.8,2354,25420,16218,61.5,755.0
Station_01,Inv_00,20170712,09:35:00,213.0,12.2,2599,218.0,11.3,2463,25420,16218,62.0,763.0
Station_01,Inv_00,20170712,09:36:00,208.0,12.5,2600,218.0,11.2,2442,25420,16218,63.0,761.0
Station_01,Inv_00,20170712,09:37:00,204.5,12.7,2597,218.0,11.2,2442,25420,16218,63.0,759.0
Station_01,Inv_00,20170712,09:38:00,206.5,12.6,2602,219.0,11.2,2453,25420,16218,63.6,763.0
Station_01,Inv_00,20170712,09:39:00,215.0,12.3,2645,218.0,11.3,2463,25420,16218,64.1,771.0
Station_01,Inv_00,20170712,09:40:00,216.5,12.2,2641,218.0,11.3,2463,25420,16218,63.4,778.0
Station_01,Inv_00,20170712,09:41:00,215.5,12.2,2629,219.0,11.4,2497,25420,16218,62.7,783.0
Station_01,Inv_00,20170712,09:42:00,213.0,12.3,2620,219.0,11.4,2497,25420,16218,63.3,774.0
Station_01,Inv_00,20170712,09:43:00,209.5,12.7,2661,219.0,11.3,2475,25420,16218,63.6,777.0
Station_01,Inv_00,20170712,09:44:00,215.5,12.4,2672,219.0,11.4,2497,25420,16218,64.0,779.0
Station_01,Inv_00,20170712,09:45:00,199.5,13.1,2613,219.0,11.2,2453,25420,16218,62.4,780.0
Station_01,Inv_00,20170712,09:46:00,215.0,12.5,2688,219.0,11.6,2540,25420,16218,63.0,776.0
Station_01,Inv_00,20170712,09:47:00,214.0,12.6,2696,219.0,11.6,2540,25420,16218,62.9,780.0
Station_01,Inv_00,20170712,09:48:00,215.5,12.5,2694,219.0,11.7,2562,25420,16218,63.9,792.0
Station_01,Inv_00,20170712,09:49:00,206.9,12.9,2669,219.0,11.5,2519,25420,16218,63.9,788.0
Station_01,Inv_00,20170712,09:50:00,213.0,12.6,2684,219.0,11.5,2519,25420,16218,64.8,778.0
Station_01,Inv_00,20170712,09:51:00,209.5,12.7,2661,220.0,11.4,2508,25420,16218,66.0,782.0
Station_01,Inv_00,20170712,09:52:00,215.0,12.4,2666,219.0,11.4,2497,25420,16218,66.5,780.0
Station_01,Inv_00,20170712,09:53:00,214.5,12.4,2659,219.0,11.4,2497,25421,16219,66.1,779.0
Station_01,Inv_00,20170712,09:54:00,191.0,13.3,2540,219.0,10.8,2365,25421,16219,64.7,778.0
Station_01,Inv_00,20170712,09:55:00,212.0,12.7,2692,219.0,11.5,2519,25421,16219,64.6,787.0
Station_01,Inv_00,20170712,09:56:00,211.0,12.9,2722,219.0,11.7,2562,25421,16219,65.6,797.0
Station_01,Inv_00,20170712,09:57:00,211.0,13.0,2743,219.0,11.8,2584,25421,16219,64.0,812.0
Station_01,Inv_00,20170712,09:58:00,198.0,13.6,2692,219.0,11.5,2519,25421,16219,64.9,815.0
Station_01,Inv_00,20170712,09:59:00,213.5,12.9,2754,219.0,11.9,2606,25421,16219,63.6,812.0
Station_01,Inv_00,20170712,10:00:00,214.5,12.9,2767,219.0,11.8,2584,25421,16219,62.4,801.0
Station_01,Inv_00,20170712,10:01:00,213.0,13.0,2769,219.0,11.9,2606,25421,16219,62.8,810.0
Station_01,Inv_00,20170712,10:02:00,194.0,13.8,2677,219.0,11.4,2497,25421,16219,61.5,821.0
Station_01,Inv_00,20170712,10:03:00,211.0,13.2,2785,219.0,11.9,2606,25421,16219,62.1,831.0
Station_01,Inv_00,20170712,10:04:00,209.5,13.2,2765,219.0,11.8,2584,25421,16219,62.9,813.0
Station_01,Inv_00,20170712,10:05:00,212.0,13.0,2756,218.0,11.8,2572,25421,16219,61.9,800.0
Station_01,Inv_00,20170712,10:06:00,213.0,12.8,2726,219.0,11.8,2584,25421,16219,64.0,798.0
Station_01,Inv_00,20170712,10:07:00,214.5,12.5,2681,219.0,11.5,2519,25421,16219,62.8,783.0
Station_01,Inv_00,20170712,10:08:00,200.2,10.2,2042,218.0,8.8,1918,25421,16219,62.5,624.0
Station_01,Inv_00,20170712,10:09:00,203.4,12.9,2624,219.0,11.3,2475,25421,16219,62.8,742.0
Station_01,Inv_00,20170712,10:10:00,215.0,12.8,2752,219.0,11.8,2584,25421,16219,63.9,789.0
Station_01,Inv_00,20170712,10:11:00,213.0,13.2,2811,219.0,12.1,2650,25421,16219,64.7,812.0
Station_01,Inv_00,20170712,10:12:00,208.5,13.5,2815,219.0,12.2,2672,25421,16219,64.1,822.0
Station_01,Inv_00,20170712,10:13:00,210.5,13.6,2863,219.0,12.3,2694,25421,16219,63.6,838.0
Station_01,Inv_00,20170712,10:14:00,213.0,13.4,2854,219.0,12.3,2694,25421,16219,62.5,837.0
Station_01,Inv_00,20170712,10:15:00,211.0,13.5,2848,220.0,12.1,2662,25422,16219,63.6,833.0
Station_01,Inv_00,20170712,10:16:00,207.0,13.7,2836,219.0,12.2,2672,25422,16219,65.0,835.0
Station_01,Inv_00,20170712,10:17:00,193.5,14.3,2767,219.0,11.8,2584,25422,16219,64.3,841.0
Station_01,Inv_00,20170712,10:18:00,210.4,13.5,2841,219.0,12.2,2672,25422,16219,63.6,845.0
Station_01,Inv_00,20170712,10:19:00,209.9,13.7,2876,220.0,12.4,2728,25422,16219,64.8,848.0
Station_01,Inv_00,20170712,10:20:00,214.0,13.5,2889,219.0,12.4,2716,25422,16219,65.4,857.0
Station_01,Inv_00,20170712,10:21:00,209.0,13.7,2863,219.0,12.4,2716,25422,16219,64.4,859.0
Station_01,Inv_00,20170712,10:22:00,209.5,13.9,2912,219.0,12.4,2716,25422,16219,66.1,862.0
Station_01,Inv_00,20170712,10:23:00,211.0,13.8,2912,219.0,12.5,2738,25422,16219,65.7,873.0
Station_01,Inv_00,20170712,10:24:00,193.5,14.5,2806,219.0,12.1,2650,25422,16219,66.8,871.0
Station_01,Inv_00,20170712,10:25:00,206.0,13.9,2863,219.0,12.3,2694,25422,16219,68.3,852.0
Station_01,Inv_00,20170712,10:26:00,201.0,14.1,2834,219.0,12.2,2672,25422,16219,69.1,854.0
Station_01,Inv_00,20170712,10:27:00,188.5,14.7,2771,219.0,11.8,2584,25422,16219,69.3,861.0
Station_01,Inv_00,20170712,10:28:00,190.0,14.7,2793,219.0,11.9,2606,25422,16219,67.4,866.0
Station_01,Inv_00,20170712,10:29:00,205.0,13.7,2809,219.0,12.2,2672,25422,16219,68.7,858.0
Station_01,Inv_00,20170712,10:30:00,201.5,14.0,2821,219.0,12.1,2650,25422,16219,68.0,852.0
Station_01,Inv_00,20170712,10:31:00,191.5,14.3,2738,219.0,11.7,2562,25422,16219,68.0,838.0
Station_01,Inv_00,20170712,10:32:00,190.9,14.0,2673,219.0,11.5,2519,25422,16219,69.3,830.0
Station_01,Inv_00,20170712,10:33:00,209.5,13.5,2828,218.0,12.2,2660,25422,16219,68.9,828.0
Station_01,Inv_00,20170712,10:34:00,204.5,14.0,2863,217.0,12.4,2691,25422,16219,69.7,843.0
Station_01,Inv_00,20170712,10:35:00,212.5,13.3,2826,218.0,12.2,2660,25422,16219,69.3,842.0
Station_01,Inv_00,20170712,10:36:00,209.5,13.3,2786,218.0,11.9,2594,25423,16220,67.5,786.0
Station_01,Inv_00,20170712,10:37:00,206.5,13.8,2849,218.0,12.3,2681,25423,16220,69.0,834.0
Station_01,Inv_00,20170712,10:38:00,207.5,13.1,2718,218.0,11.8,2572,25423,16220,66.5,820.0
Station_01,Inv_00,20170712,10:39:00,212.9,12.1,2576,218.0,11.1,2420,25423,16220,67.9,819.0
Station_01,Inv_00,20170712,10:40:00,208.0,14.1,2933,219.0,12.6,2759,25423,16220,65.4,836.0
Station_01,Inv_00,20170712,10:41:00,204.0,14.2,2896,219.0,12.4,2716,25423,16220,66.6,846.0
Station_01,Inv_00,20170712,10:42:00,205.5,14.1,2898,218.0,12.5,2725,25423,16220,64.8,826.0
Station_01,Inv_00,20170712,10:43:00,210.0,13.6,2856,219.0,12.4,2716,25423,16220,66.4,835.0
Station_01,Inv_00,20170712,10:44:00,209.5,14.1,2954,219.0,12.7,2781,25423,16220,68.3,872.0
Station_01,Inv_00,20170712,10:45:00,208.0,14.4,2995,219.0,12.9,2825,25423,16220,68.4,894.0
Station_01,Inv_00,20170712,10:46:00,202.5,14.7,2977,219.0,12.8,2803,25423,16220,67.3,900.0
Station_01,Inv_00,20170712,10:47:00,202.5,14.7,2977,219.0,12.8,2803,25423,16220,67.2,914.0
Station_01,Inv_00,20170712,10:48:00,208.0,14.5,3016,219.0,12.9,2825,25423,16220,68.0,921.0
Station_01,Inv_00,20170712,10:49:00,207.4,14.5,3008,219.0,12.9,2825,25423,16220,70.1,904.0
Station_01,Inv_00,20170712,10:50:00,205.0,14.4,2952,219.0,12.6,2759,25423,16220,69.5,898.0
Station_01,Inv_00,20170712,10:51:00,208.5,14.2,2960,219.0,12.7,2781,25423,16220,70.1,892.0
Station_01,Inv_00,20170712,10:52:00,189.5,15.0,2842,219.0,12.1,2650,25423,16220,67.3,890.0
Station_01,Inv_00,20170712,10:53:00,203.9,14.4,2936,219.0,12.5,2738,25423,16220,70.7,870.0
Station_01,Inv_00,20170712,10:54:00,201.0,14.6,2934,219.0,12.6,2759,25423,16220,71.3,890.0
Station_01,Inv_00,20170712,10:55:00,204.9,14.2,2910,219.0,12.5,2738,25423,16220,67.2,807.0
Station_01,Inv_00,20170712,10:56:00,222.5,6.4,1424,218.0,5.9,1286,25423,16220,66.0,413.0
Station_01,Inv_00,20170712,10:57:00,217.5,11.7,2545,219.0,11.0,2409,25423,16220,66.2,750.0
Station_01,Inv_00,20170712,10:58:00,207.5,15.2,3154,219.0,13.5,2957,25424,16221,66.6,917.0
Station_01,Inv_00,20170712,10:59:00,208.5,14.8,3085,219.0,13.2,2891,25424,16221,67.5,896.0
Station_01,Inv_00,20170712,11:00:00,206.5,14.9,3077,216.0,13.4,2894,25424,16221,67.6,904.0
Station_01,Inv_00,20170712,11:01:00,206.5,15.0,3097,216.0,13.4,2894,25424,16221,67.3,897.0
Station_01,Inv_00,20170712,11:02:00,208.0,15.0,3120,216.0,13.5,2916,25424,16221,68.7,913.0
Station_01,Inv_00,20170712,11:03:00,208.0,14.2,2953,216.0,12.9,2786,25424,16221,68.3,874.0
Station_01,Inv_00,20170712,11:04:00,212.5,10.6,2253,215.0,9.9,2129,25424,16221,66.4,688.0
Station_01,Inv_00,20170712,11:05:00,206.5,14.2,2932,216.0,12.8,2765,25424,16221,67.0,858.0
Station_01,Inv_00,20170712,11:06:00,201.5,14.9,3002,216.0,13.0,2808,25424,16221,66.9,875.0
Station_01,Inv_00,20170712,11:07:00,207.5,14.4,2988,214.0,13.1,2803,25424,16221,64.2,888.0
Station_01,Inv_00,20170712,11:08:00,211.0,14.3,3017,213.0,13.3,2833,25424,16221,64.7,888.0
Station_01,Inv_00,20170712,11:09:00,206.5,14.9,3077,213.0,13.5,2876,25424,16221,64.8,895.0
Station_01,Inv_00,20170712,11:10:00,205.0,15.2,3116,211.0,13.8,2912,25424,16221,64.9,910.0
Station_01,Inv_00,20170712,11:11:00,207.5,14.9,3092,211.0,13.8,2912,25424,16221,65.7,911.0
Station_01,Inv_00,20170712,11:12:00,203.0,15.0,3045,211.0,13.5,2849,25424,16221,66.4,895.0
Station_01,Inv_00,20170712,11:13:00,197.5,15.2,3002,211.0,13.3,2806,25424,16221,67.8,887.0
Station_01,Inv_00,20170712,11:14:00,207.5,14.7,3050,211.0,13.5,2849,25424,16221,66.3,889.0
Station_01,Inv_00,20170712,11:15:00,206.5,14.7,3036,211.0,13.4,2827,25424,16221,66.6,900.0
Station_01,Inv_00,20170712,11:16:00,207.5,14.7,3050,211.0,13.5,2849,25424,16221,62.8,904.0
Station_01,Inv_00,20170712,11:17:00,202.5,15.1,3058,211.0,13.5,2849,25424,16221,63.4,889.0
Station_01,Inv_00,20170712,11:18:00,207.0,15.1,3125,211.0,13.9,2933,25425,16221,63.4,900.0
Station_01,Inv_00,20170712,11:19:00,207.5,15.2,3154,211.0,14.0,2954,25425,16221,63.4,927.0
Station_01,Inv_00,20170712,11:20:00,206.5,15.1,3118,211.0,13.9,2933,25425,16221,64.3,915.0
Station_01,Inv_00,20170712,11:21:00,206.0,15.2,3131,211.0,13.9,2933,25425,16221,65.6,914.0
Station_01,Inv_00,20170712,11:22:00,203.0,15.5,3147,211.0,13.9,2933,25425,16221,65.4,921.0
Station_01,Inv_00,20170712,11:23:00,199.5,15.7,3132,211.0,13.9,2933,25425,16221,68.9,928.0
Station_01,Inv_00,20170712,11:24:00,203.0,15.3,3106,211.0,13.8,2912,25425,16221,69.5,933.0
Station_01,Inv_00,20170712,11:25:00,191.0,16.0,3056,211.0,13.6,2870,25425,16221,71.3,939.0
Station_01,Inv_00,20170712,11:26:00,203.5,15.4,3134,211.0,13.9,2933,25425,16221,72.2,959.0
Station_01,Inv_00,20170712,11:27:00,203.5,15.4,3134,211.0,13.9,2933,25425,16221,72.4,967.0
Station_01,Inv_00,20170712,11:28:00,200.0,15.6,3120,211.0,13.9,2933,25425,16221,69.2,951.0
Station_01,Inv_00,20170712,11:29:00,200.0,15.4,3080,210.0,13.7,2877,25425,16221,69.7,920.0
Station_01,Inv_00,20170712,11:30:00,185.5,6.8,1261,210.0,6.4,1344,25425,16221,67.8,806.0
Station_01,Inv_00,20170712,11:31:00,208.0,3.0,624,210.0,2.9,609,25425,16221,65.2,215.0
Station_01,Inv_00,20170712,11:32:00,199.5,3.0,599,210.0,2.8,588,25425,16221,61.7,207.0
Station_01,Inv_00,20170712,11:33:00,203.0,3.1,629,210.0,2.9,609,25425,16221,59.4,208.0
Station_01,Inv_00,20170712,11:34:00,213.3,3.3,704,210.0,3.1,651,25425,16221,55.7,223.0
Station_01,Inv_00,20170712,11:35:00,202.9,3.5,710,210.0,3.2,672,25425,16221,53.9,233.0
Station_01,Inv_00,20170712,11:36:00,210.1,3.7,777,210.0,3.6,756,25425,16221,52.6,244.0
Station_01,Inv_00,20170712,11:37:00,222.0,4.3,955,211.0,4.1,865,25425,16221,52.0,271.0
Station_01,Inv_00,20170712,11:38:00,225.9,7.7,1740,211.0,7.5,1583,25425,16221,51.4,426.0
Station_01,Inv_00,20170712,11:39:00,221.5,14.6,3234,212.0,14.4,3053,25425,16221,54.6,901.0
Station_01,Inv_00,20170712,11:40:00,220.0,14.1,3102,212.0,13.8,2926,25425,16221,56.0,811.0
Station_01,Inv_00,20170712,11:41:00,219.0,6.2,1358,211.0,6.1,1287,25425,16221,56.1,446.0
Station_01,Inv_00,20170712,11:42:00,222.5,4.7,1046,211.0,4.5,950,25425,16221,54.5,311.0
Station_01,Inv_00,20170712,11:43:00,222.3,5.5,1223,211.0,5.5,1161,25425,16221,54.1,337.0
Station_01,Inv_00,20170712,11:44:00,220.4,10.6,2336,211.0,10.5,2216,25425,16221,56.0,620.0
Station_01,Inv_00,20170712,11:45:00,216.5,16.2,3507,212.0,15.5,3286,25426,16222,59.4,999.0
Station_01,Inv_00,20170712,11:46:00,211.0,16.5,3482,212.0,15.4,3265,25426,16222,62.3,1010.0
Station_01,Inv_00,20170712,11:47:00,204.5,16.2,3313,211.0,14.6,3081,25426,16222,64.3,1000.0
Station_01,Inv_00,20170712,11:48:00,211.5,3.8,804,210.0,3.7,777,25426,16222,60.6,287.0
Station_01,Inv_00,20170712,11:49:00,217.4,6.1,1326,211.0,5.7,1203,25426,16222,59.2,433.0
Station_01,Inv_00,20170712,11:50:00,213.5,16.6,3544,212.0,15.6,3307,25426,16222,59.7,1008.0
Station_01,Inv_00,20170712,11:51:00,214.0,10.6,2268,211.0,10.4,2194,25426,16222,59.3,510.0
Station_01,Inv_00,20170712,11:52:00,221.5,4.8,1063,211.0,4.5,950,25426,16222,57.1,324.0
Station_01,Inv_00,20170712,11:53:00,217.0,4.3,933,211.0,4.1,865,25426,16222,53.3,279.0
Station_01,Inv_00,20170712,11:54:00,218.0,3.8,828,211.0,3.7,781,25426,16222,52.0,256.0
Station_01,Inv_00,20170712,11:55:00,225.5,6.0,1353,211.0,6.1,1287,25426,16222,51.6,335.0
Station_01,Inv_00,20170712,11:56:00,222.0,15.4,3418,213.0,15.1,3216,25426,16222,54.0,860.0
Station_01,Inv_00,20170712,11:57:00,216.5,16.6,3593,213.0,15.7,3344,25426,16222,56.8,1028.0
Station_01,Inv_00,20170712,11:58:00,216.5,16.2,3507,213.0,15.4,3280,25426,16222,60.3,1026.0
Station_01,Inv_00,20170712,11:59:00,213.0,15.9,3387,214.0,14.9,3189,25426,16222,61.7,989.0
Station_01,Inv_00,20170712,12:00:00,208.5,16.0,3336,214.0,14.6,3124,25426,16222,64.3,979.0
Station_01,Inv_00,20170712,12:01:00,206.5,16.0,3304,212.0,14.6,3095,25426,16222,64.2,981.0
Station_01,Inv_00,20170712,12:02:00,198.5,16.8,3335,213.0,14.7,3131,25426,16222,64.3,997.0
Station_01,Inv_00,20170712,12:03:00,205.0,12.3,2521,212.0,11.1,2353,25426,16222,63.9,626.0
Station_01,Inv_00,20170712,12:04:00,206.4,11.5,2374,212.0,10.3,2184,25426,16222,64.3,749.0
Station_01,Inv_00,20170712,12:05:00,206.5,16.7,3449,213.0,15.2,3238,25426,16222,63.6,926.0
Station_01,Inv_00,20170712,12:06:00,212.0,12.2,2586,212.0,11.5,2438,25426,16222,63.3,800.0
Station_01,Inv_00,20170712,12:07:00,194.0,17.1,3317,213.0,14.5,3089,25426,16222,65.5,1003.0
Station_01,Inv_00,20170712,12:08:00,207.9,15.7,3265,213.0,14.4,3067,25426,16222,65.9,979.0
Station_01,Inv_00,20170712,12:09:00,209.0,15.5,3239,212.0,14.3,3032,25427,16222,67.6,980.0
Station_01,Inv_00,20170712,12:10:00,202.5,15.8,3199,212.0,14.1,2989,25427,16222,69.6,970.0
Station_01,Inv_00,20170712,12:11:00,199.5,16.3,3252,212.0,14.4,3053,25427,16222,69.4,993.0
Station_01,Inv_00,20170712,12:12:00,189.5,16.9,3203,212.0,14.1,2989,25427,16222,69.8,1003.0
Station_01,Inv_00,20170712,12:13:00,197.0,15.9,3132,212.0,13.9,2947,25427,16222,72.7,976.0
Station_01,Inv_00,20170712,12:14:00,202.5,15.7,3179,212.0,13.9,2947,25427,16222,73.6,970.0
Station_01,Inv_00,20170712,12:15:00,0.0,0.0,0,214.0,0.1,21,25427,16222,69.8,289.0
Station_01,Inv_00,20170712,12:16:00,0.0,0.0,0,215.0,0.1,22,25427,16222,66.8,192.0
Station_01,Inv_00,20170712,12:17:00,0.0,0.0,0,214.0,0.1,21,25427,16222,64.2,193.0
Station_01,Inv_00,20170712,12:18:00,0.0,0.0,0,214.0,0.1,21,25427,16222,61.5,191.0
Station_01,Inv_00,20170712,12:19:00,0.0,0.0,0,0.0,0.0,0,25427,16222,59.2,186.0
Station_01,Inv_00,20170712,12:20:00,267.5,0.2,54,210.0,1.2,252,25427,16222,56.9,183.0
Station_01,Inv_00,20170712,12:21:00,201.9,3.0,606,210.0,2.7,567,25427,16222,55.6,200.0
Station_01,Inv_00,20170712,12:22:00,216.9,2.8,607,210.0,2.8,588,25427,16222,53.6,195.0
Station_01,Inv_00,20170712,12:23:00,206.5,2.8,578,210.0,2.7,567,25427,16222,51.8,201.0
Station_01,Inv_00,20170712,12:24:00,208.3,2.8,583,210.0,2.6,546,25427,16222,50.4,199.0
Station_01,Inv_00,20170712,12:25:00,222.6,3.9,868,210.0,3.3,693,25427,16222,50.1,259.0
Station_01,Inv_00,20170712,12:26:00,215.5,16.5,3556,212.0,15.6,3307,25427,16222,53.3,828.0
Station_01,Inv_00,20170712,12:27:00,219.5,15.5,3402,212.0,15.1,3201,25427,16222,57.4,973.0
Station_01,Inv_00,20170712,12:28:00,217.0,15.5,3364,212.0,14.8,3138,25427,16222,60.1,959.0
Station_01,Inv_00,20170712,12:29:00,213.5,15.6,3331,212.0,14.8,3138,25427,16222,62.2,968.0
Station_01,Inv_00,20170712,12:30:00,211.5,15.6,3299,212.0,14.6,3095,25427,16222,64.0,963.0
Station_01,Inv_00,20170712,12:31:00,215.0,14.8,3182,211.0,14.2,2996,25427,16222,66.1,944.0
Station_01,Inv_00,20170712,12:32:00,209.5,15.0,3142,211.0,13.8,2912,25427,16222,67.2,937.0
Station_01,Inv_00,20170712,12:33:00,202.0,15.4,3111,211.0,13.8,2912,25427,16222,68.5,928.0
Station_01,Inv_00,20170712,12:34:00,207.5,15.2,3154,211.0,14.0,2954,25427,16222,68.8,942.0
Station_01,Inv_00,20170712,12:35:00,203.5,15.3,3113,211.0,13.9,2933,25427,16222,68.9,942.0
Station_01,Inv_00,20170712,12:36:00,205.0,15.3,3136,211.0,13.9,2933,25427,16222,70.1,954.0
Station_01,Inv_00,20170712,12:37:00,207.0,15.4,3188,211.0,14.2,2996,25428,16223,70.9,911.0
Station_01,Inv_00,20170712,12:38:00,202.0,16.0,3232,211.0,14.3,3017,25428,16223,67.2,928.0
Station_01,Inv_00,20170712,12:39:00,203.0,15.2,3085,211.0,13.7,2891,25428,16223,67.8,933.0
Station_01,Inv_00,20170712,12:40:00,205.0,16.3,3342,211.0,14.8,3123,25428,16223,68.0,990.0
Station_01,Inv_00,20170712,12:41:00,206.5,16.3,3366,211.0,14.9,3144,25428,16223,69.7,990.0
Station_01,Inv_00,20170712,12:42:00,205.0,16.3,3341,211.0,14.8,3123,25428,16223,70.5,1001.0
Station_01,Inv_00,20170712,12:43:00,203.0,16.4,3329,211.0,14.8,3123,25428,16223,72.6,1016.0
Station_01,Inv_00,20170712,12:44:00,201.0,16.8,3377,211.0,14.9,3144,25428,16223,74.3,1029.0
Station_01,Inv_00,20170712,12:45:00,198.4,17.2,3413,211.0,15.1,3186,25428,16223,75.0,1061.0
Station_01,Inv_00,20170712,12:46:00,197.5,17.4,3436,211.0,15.2,3207,25428,16223,74.8,1056.0
Station_01,Inv_00,20170712,12:47:00,199.0,17.5,3482,211.0,15.4,3249,25428,16223,72.5,1071.0
Station_01,Inv_00,20170712,12:48:00,198.5,17.6,3494,211.0,15.5,3271,25428,16223,74.4,1062.0
Station_01,Inv_00,20170712,12:49:00,198.0,17.7,3504,211.0,15.5,3271,25428,16223,73.8,1076.0
Station_01,Inv_00,20170712,12:50:00,200.0,16.6,3320,211.0,14.8,3123,25428,16223,72.1,1044.0
Station_01,Inv_00,20170712,12:51:00,197.0,16.5,3250,211.0,14.4,3038,25428,16223,74.7,984.0
Station_01,Inv_00,20170712,12:52:00,198.0,16.0,3168,211.0,14.3,3017,25428,16223,73.8,1004.0
Station_01,Inv_00,20170712,12:53:00,197.5,16.3,3219,211.0,14.2,2996,25428,16223,72.6,990.0
Station_01,Inv_00,20170712,12:54:00,205.5,15.9,3267,210.0,14.4,3024,25428,16223,69.9,983.0
Station_01,Inv_00,20170712,12:55:00,198.3,6.5,1289,210.0,5.7,1197,25428,16223,67.2,644.0
Station_01,Inv_00,20170712,12:56:00,185.4,9.3,1724,210.0,9.7,2037,25429,16224,68.8,705.0
Station_01,Inv_00,20170712,12:57:00,200.5,4.4,882,209.0,4.0,836,25429,16224,60.9,311.0
Station_01,Inv_00,20170712,12:58:00,200.5,4.5,902,209.0,4.1,857,25429,16224,59.7,281.0
Station_01,Inv_00,20170712,12:59:00,217.0,4.5,977,209.0,4.3,899,25429,16224,55.3,290.0
Station_01,Inv_00,20170712,13:00:00,221.3,4.6,1018,210.0,4.5,945,25429,16224,53.8,300.0
Station_01,Inv_00,20170712,13:01:00,217.5,4.5,979,210.0,4.3,903,25429,16224,52.0,288.0
Station_01,Inv_00,20170712,13:02:00,219.9,4.4,967,210.0,4.2,882,25429,16224,51.8,278.0
Station_01,Inv_00,20170712,13:03:00,222.9,4.2,936,210.0,4.2,882,25429,16224,49.3,278.0
Station_01,Inv_00,20170712,13:04:00,227.4,4.6,1046,210.0,4.5,945,25429,16224,47.7,285.0
Station_01,Inv_00,20170712,13:05:00,217.5,9.7,2109,210.0,9.3,1953,25429,16224,48.1,431.0
Station_01,Inv_00,20170712,13:06:00,215.5,16.0,3448,210.0,15.2,3192,25429,16224,51.2,863.0
Station_01,Inv_00,20170712,13:07:00,219.5,15.6,3424,210.0,15.4,3234,25429,16224,55.3,935.0
Station_01,Inv_00,20170712,13:08:00,220.5,15.0,3307,210.0,14.7,3087,25429,16224,56.7,914.0
Station_01,Inv_00,20170712,13:09:00,224.0,3.9,874,210.0,3.9,819,25429,16224,54.0,274.0
Station_01,Inv_00,20170712,13:10:00,215.3,3.4,732,210.0,3.3,693,25429,16224,52.2,230.0
Station_01,Inv_00,20170712,13:11:00,226.9,3.0,681,211.0,3.1,654,25429,16224,50.0,204.0
Station_01,Inv_00,20170712,13:12:00,224.0,2.8,627,210.0,3.0,630,25429,16224,47.7,194.0
Station_01,Inv_00,20170712,13:13:00,229.7,2.4,551,210.0,2.6,546,25429,16224,44.3,178.0
Station_01,Inv_00,20170712,13:14:00,227.0,2.2,499,210.0,2.3,483,25429,16224,44.0,156.0
Station_01,Inv_00,20170712,13:15:00,229.0,1.8,412,210.0,2.0,420,25429,16224,42.8,140.0
Station_01,Inv_00,20170712,13:16:00,227.5,1.6,364,210.0,1.8,378,25429,16224,42.1,127.0
Station_01,Inv_00,20170712,13:17:00,238.0,1.3,309,210.0,1.5,315,25429,16224,40.9,111.0
Station_01,Inv_00,20170712,13:18:00,237.2,0.9,214,211.0,1.1,232,25429,16224,40.1,89.0
Station_01,Inv_00,20170712,13:19:00,236.5,0.6,142,210.0,0.9,189,25429,16224,38.9,76.0
Station_01,Inv_00,20170712,13:20:00,228.3,0.6,137,211.0,0.6,127,25429,16224,37.5,63.0
Station_01,Inv_00,20170712,13:21:00,226.0,0.5,113,211.0,0.5,106,25429,16224,36.9,58.0
Station_01,Inv_00,20170712,13:22:00,221.3,0.3,66,211.0,0.5,106,25429,16224,36.3,46.0
Station_01,Inv_00,20170712,13:23:00,210.0,0.3,63,211.0,0.5,106,25429,16224,35.3,45.0
Station_01,Inv_00,20170712,13:24:00,217.5,0.4,87,211.0,0.6,127,25429,16224,34.6,48.0
Station_01,Inv_00,20170712,13:25:00,205.5,0.6,123,211.0,0.7,148,25429,16224,33.5,56.0
Station_01,Inv_00,20170712,13:26:00,222.7,0.7,156,211.0,0.9,190,25429,16224,32.6,66.0
Station_01,Inv_00,20170712,13:27:00,219.4,0.9,198,211.0,1.0,211,25429,16224,32.3,76.0
Station_01,Inv_00,20170712,13:28:00,226.0,1.2,271,211.0,1.2,253,25429,16224,31.9,84.0
Station_01,Inv_00,20170712,13:29:00,234.0,1.2,281,211.0,1.3,274,25429,16224,31.7,91.0
Station_01,Inv_00,20170712,13:30:00,237.0,1.2,284,211.0,1.4,295,25429,16224,31.6,93.0
Station_01,Inv_00,20170712,13:31:00,233.5,1.2,280,211.0,1.4,295,25429,16224,30.6,97.0
Station_01,Inv_00,20170712,13:32:00,232.0,1.3,302,211.0,1.3,274,25429,16224,29.7,97.0
Station_01,Inv_00,20170712,13:33:00,237.0,1.2,284,212.0,1.3,276,25429,16224,28.5,85.0
Station_01,Inv_00,20170712,13:34:00,204.5,1.1,225,211.0,1.2,253,25429,16224,27.9,79.0
Station_01,Inv_00,20170712,13:35:00,192.0,1.2,230,211.0,1.1,232,25429,16224,27.6,86.0
Station_01,Inv_00,20170712,13:36:00,239.0,1.3,311,211.0,1.5,317,25429,16224,27.5,91.0
Station_01,Inv_00,20170712,13:37:00,242.0,1.4,339,211.0,1.5,317,25429,16224,27.5,100.0
Station_01,Inv_00,20170712,13:38:00,238.0,1.7,405,211.0,1.8,380,25429,16224,27.6,114.0
Station_01,Inv_00,20170712,13:39:00,242.5,1.9,461,211.0,2.0,422,25429,16224,27.6,126.0
Station_01,Inv_00,20170712,13:40:00,246.8,2.2,543,212.0,2.4,509,25429,16224,27.8,147.0
Station_01,Inv_00,20170712,13:41:00,245.9,2.5,615,211.0,2.7,570,25429,16224,28.0,165.0
Station_01,Inv_00,20170712,13:42:00,242.5,2.8,679,212.0,3.0,636,25429,16224,28.3,183.0
Station_01,Inv_00,20170712,13:43:00,250.8,3.0,752,211.0,3.3,696,25429,16224,28.7,199.0
Station_01,Inv_00,20170712,13:44:00,243.5,3.2,779,212.0,3.5,742,25429,16224,29.1,211.0
Station_01,Inv_00,20170712,13:45:00,250.5,3.3,827,213.0,3.6,767,25429,16224,29.3,217.0
Station_01,Inv_00,20170712,13:46:00,249.0,3.3,822,212.0,3.6,763,25429,16224,29.6,222.0
Station_01,Inv_00,20170712,13:47:00,248.5,3.6,895,213.0,3.9,831,25429,16224,29.9,237.0
Station_01,Inv_00,20170712,13:48:00,249.5,4.1,1023,213.0,4.4,937,25429,16224,30.5,262.0
Station_01,Inv_00,20170712,13:49:00,248.5,4.8,1193,213.0,5.3,1129,25429,16224,31.1,306.0
Station_01,Inv_00,20170712,13:50:00,253.0,5.6,1417,213.0,6.2,1321,25429,16224,31.7,353.0
Station_01,Inv_00,20170712,13:51:00,251.0,6.5,1632,213.0,7.1,1512,25429,16224,32.5,404.0
Station_01,Inv_00,20170712,13:52:00,242.0,8.8,2130,213.0,9.5,2024,25429,16224,34.1,524.0
Station_01,Inv_00,20170712,13:53:00,212.5,10.0,2125,213.0,9.5,2024,25429,16224,35.3,636.0
Station_01,Inv_00,20170712,13:54:00,217.4,6.6,1435,213.0,6.3,1342,25429,16224,35.2,414.0
Station_01,Inv_00,20170712,13:55:00,231.4,7.3,1690,212.0,7.4,1569,25429,16224,35.1,439.0
Station_01,Inv_00,20170712,13:56:00,243.0,8.3,2017,213.0,8.9,1896,25429,16224,35.5,510.0
Station_01,Inv_00,20170712,13:57:00,243.5,8.3,2021,212.0,9.1,1929,25429,16224,35.5,520.0
Station_01,Inv_00,20170712,13:58:00,238.9,7.0,1672,213.0,7.5,1598,25429,16224,35.3,453.0
Station_01,Inv_00,20170712,13:59:00,247.5,6.9,1708,213.0,7.5,1598,25429,16224,35.6,436.0
Station_01,Inv_00,20170712,14:00:00,247.5,7.0,1733,212.0,7.7,1632,25429,16224,35.5,446.0
Station_01,Inv_00,20170712,14:01:00,249.9,7.6,1900,212.0,8.4,1781,25430,16224,36.9,474.0
Station_01,Inv_00,20170712,14:02:00,240.0,8.1,1944,213.0,8.5,1811,25430,16224,38.4,498.0
Station_01,Inv_00,20170712,14:03:00,240.0,6.5,1560,213.0,6.9,1470,25430,16224,39.3,424.0
Station_01,Inv_00,20170712,14:04:00,241.0,5.6,1350,213.0,5.9,1257,25430,16224,39.9,365.0
Station_01,Inv_00,20170712,14:05:00,241.0,5.4,1301,212.0,5.6,1187,25430,16224,40.1,345.0
Station_01,Inv_00,20170712,14:06:00,239.0,5.4,1291,213.0,5.6,1193,25430,16224,39.9,343.0
Station_01,Inv_00,20170712,14:07:00,235.0,5.5,1292,213.0,5.7,1214,25430,16224,39.8,352.0
Station_01,Inv_00,20170712,14:08:00,235.5,6.2,1460,213.0,6.5,1385,25430,16224,39.7,381.0
Station_01,Inv_00,20170712,14:09:00,235.5,9.5,2237,213.0,9.8,2087,25430,16224,41.8,552.0
Station_01,Inv_00,20170712,14:10:00,238.5,10.0,2385,212.0,10.7,2268,25430,16224,43.3,618.0
Station_01,Inv_00,20170712,14:11:00,235.5,12.0,2826,213.0,12.5,2663,25430,16224,46.2,772.0
Station_01,Inv_00,20170712,14:12:00,234.0,11.3,2644,213.0,11.7,2492,25430,16224,47.5,718.0
Station_01,Inv_00,20170712,14:13:00,233.5,9.8,2288,214.0,10.1,2161,25430,16224,46.6,610.0
Station_01,Inv_00,20170712,14:14:00,233.9,11.0,2573,214.0,11.3,2418,25430,16224,48.4,665.0
Station_01,Inv_00,20170712,14:15:00,232.0,13.5,3132,211.0,13.9,2933,25430,16224,49.1,823.0
Station_01,Inv_00,20170712,14:16:00,224.5,11.8,2649,211.0,11.9,2511,25430,16224,49.3,769.0
Station_01,Inv_00,20170712,14:17:00,231.5,5.0,1158,210.0,5.1,1071,25430,16224,47.3,345.0
Station_01,Inv_00,20170712,14:18:00,229.0,4.4,1008,210.0,4.4,924,25430,16224,46.8,290.0
Station_01,Inv_00,20170712,14:19:00,232.0,3.9,905,210.0,4.0,840,25430,16224,44.8,258.0
Station_01,Inv_00,20170712,14:20:00,227.0,3.9,885,210.0,4.0,840,25430,16224,44.2,247.0
Station_01,Inv_00,20170712,14:21:00,226.5,3.0,680,210.0,3.1,651,25430,16224,42.3,210.0
Station_01,Inv_00,20170712,14:22:00,232.2,2.6,604,211.0,2.7,570,25430,16224,41.3,178.0
Station_01,Inv_00,20170712,14:23:00,234.0,2.3,538,210.0,2.5,525,25430,16224,40.6,160.0
Station_01,Inv_00,20170712,14:24:00,223.5,2.3,514,210.0,2.3,483,25430,16224,39.8,150.0
Station_01,Inv_00,20170712,14:25:00,224.9,2.1,472,211.0,2.1,443,25430,16224,39.1,142.0
Station_01,Inv_00,20170712,14:26:00,228.0,2.0,456,210.0,2.0,420,25430,16224,38.7,146.0
Station_01,Inv_00,20170712,14:27:00,230.7,1.8,415,211.0,1.9,401,25430,16224,38.4,133.0
Station_01,Inv_00,20170712,14:28:00,221.4,1.8,399,211.0,1.8,380,25430,16224,38.1,123.0
Station_01,Inv_00,20170712,14:29:00,225.5,1.7,383,211.0,1.7,359,25430,16224,37.7,117.0
Station_01,Inv_00,20170712,14:30:00,222.0,1.6,355,211.0,1.6,338,25430,16224,36.9,113.0
Station_01,Inv_00,20170712,14:31:00,225.5,1.5,338,210.0,1.5,315,25430,16224,36.4,108.0
Station_01,Inv_00,20170712,14:32:00,233.0,1.4,326,210.0,1.5,315,25430,16224,35.6,103.0
Station_01,Inv_00,20170712,14:33:00,217.5,1.4,305,210.0,1.4,294,25430,16224,35.2,100.0
Station_01,Inv_00,20170712,14:34:00,212.0,1.3,276,210.0,1.4,294,25430,16224,34.6,96.0
Station_01,Inv_00,20170712,14:35:00,222.0,1.2,266,210.0,1.4,294,25430,16224,34.3,91.0
Station_01,Inv_00,20170712,14:36:00,214.8,1.2,258,210.0,1.3,273,25430,16224,34.0,89.0
Station_01,Inv_00,20170712,14:37:00,209.0,1.2,251,210.0,1.2,252,25430,16224,33.6,86.0
Station_01,Inv_00,20170712,14:38:00,224.5,1.1,247,211.0,1.2,253,25430,16224,33.3,82.0
Station_01,Inv_00,20170712,14:39:00,217.5,1.0,218,210.0,1.1,231,25430,16224,33.2,78.0
Station_01,Inv_00,20170712,14:40:00,221.5,0.8,177,210.0,1.0,210,25430,16224,32.9,72.0
Station_01,Inv_00,20170712,14:41:00,203.5,0.8,163,210.0,0.9,189,25430,16224,32.7,66.0
Station_01,Inv_00,20170712,14:42:00,204.4,0.7,143,210.0,0.8,168,25430,16224,32.4,60.0
Station_01,Inv_00,20170712,14:43:00,207.0,0.6,124,210.0,0.7,147,25430,16224,32.2,55.0
Station_01,Inv_00,20170712,14:44:00,213.0,0.6,128,210.0,0.7,147,25430,16224,31.8,51.0
Station_01,Inv_00,20170712,14:45:00,214.6,0.5,107,210.0,0.6,126,25430,16224,31.4,48.0
Station_01,Inv_00,20170712,14:46:00,207.0,0.5,104,210.0,0.6,126,25430,16224,31.1,47.0
Station_01,Inv_00,20170712,14:47:00,194.0,0.5,97,210.0,0.6,126,25430,16224,30.9,48.0
Station_01,Inv_00,20170712,14:48:00,216.8,0.5,108,211.0,0.7,148,25430,16224,30.7,52.0
Station_01,Inv_00,20170712,14:49:00,209.7,0.6,126,210.0,0.7,147,25430,16224,30.6,52.0
Station_01,Inv_00,20170712,14:50:00,215.7,0.6,129,211.0,0.7,148,25430,16224,30.4,53.0
Station_01,Inv_00,20170712,14:51:00,195.0,0.6,117,211.0,0.6,127,25430,16224,30.3,54.0
Station_01,Inv_00,20170712,14:52:00,217.5,0.6,131,210.0,0.7,147,25430,16224,30.0,53.0
Station_01,Inv_00,20170712,14:53:00,225.0,0.6,135,211.0,0.7,148,25430,16224,29.9,52.0
Station_01,Inv_00,20170712,14:54:00,223.3,0.6,134,211.0,0.7,148,25430,16224,29.7,52.0
Station_01,Inv_00,20170712,14:55:00,219.0,0.6,131,210.0,0.7,147,25430,16224,29.5,51.0
Station_01,Inv_00,20170712,14:56:00,212.0,0.6,127,211.0,0.6,127,25430,16224,29.3,51.0
Station_01,Inv_00,20170712,14:57:00,213.4,0.5,107,210.0,0.6,126,25430,16224,29.0,49.0
Station_01,Inv_00,20170712,14:58:00,200.0,0.5,100,210.0,0.6,126,25430,16224,29.0,47.0
Station_01,Inv_00,20170712,14:59:00,186.5,0.4,75,210.0,0.5,105,25430,16224,28.8,45.0
Station_01,Inv_00,20170712,15:00:00,209.0,0.4,84,211.0,0.5,106,25430,16224,28.8,43.0
Station_01,Inv_00,20170712,15:01:00,150.7,0.3,45,211.0,0.5,106,25430,16224,28.7,41.0
Station_01,Inv_00,20170712,15:02:00,211.0,0.4,84,210.0,0.5,105,25430,16224,28.6,40.0
Station_01,Inv_00,20170712,15:03:00,217.0,0.4,87,211.0,0.5,106,25430,16224,28.6,40.0
Station_01,Inv_00,20170712,15:04:00,217.5,0.4,87,211.0,0.5,106,25430,16224,28.5,40.0
Station_01,Inv_00,20170712,15:05:00,205.0,0.4,82,211.0,0.5,106,25430,16224,28.5,41.0
Station_01,Inv_00,20170712,15:06:00,187.5,0.4,75,211.0,0.5,106,25430,16224,28.4,46.0
Station_01,Inv_00,20170712,15:07:00,214.3,0.4,86,211.0,0.5,106,25430,16224,28.4,45.0
Station_01,Inv_00,20170712,15:08:00,219.0,0.4,88,211.0,0.6,127,25430,16224,28.4,46.0
Station_01,Inv_00,20170712,15:09:00,223.5,0.4,89,210.0,0.6,126,25430,16224,28.4,47.0
Station_01,Inv_00,20170712,15:10:00,205.0,0.5,103,211.0,0.6,127,25430,16224,28.4,47.0
Station_01,Inv_00,20170712,15:11:00,186.4,0.5,93,211.0,0.5,106,25430,16224,28.4,47.0
Station_01,Inv_00,20170712,15:12:00,217.0,0.4,87,211.0,0.6,127,25430,16224,28.4,47.0
Station_01,Inv_00,20170712,15:13:00,198.4,0.5,99,210.0,0.5,105,25430,16224,28.3,47.0
Station_01,Inv_00,20170712,15:14:00,189.0,0.5,95,211.0,0.5,106,25430,16224,28.3,50.0
Station_01,Inv_00,20170712,15:15:00,215.0,0.5,108,211.0,0.5,106,25430,16224,28.3,47.0
Station_01,Inv_00,20170712,15:16:00,192.0,0.5,96,211.0,0.5,106,25430,16224,28.2,45.0
Station_01,Inv_00,20170712,15:17:00,214.3,0.4,86,210.0,0.5,105,25430,16224,28.2,45.0
Station_01,Inv_00,20170712,15:18:00,191.5,0.4,77,210.0,0.5,105,25430,16224,28.2,44.0
Station_01,Inv_00,20170712,15:19:00,210.0,0.4,84,210.0,0.5,105,25430,16224,28.1,44.0
Station_01,Inv_00,20170712,15:20:00,205.0,0.4,82,210.0,0.5,105,25430,16224,28.2,43.0
Station_01,Inv_00,20170712,15:21:00,203.0,0.4,81,210.0,0.5,105,25430,16224,28.2,43.0
Station_01,Inv_00,20170712,15:22:00,225.5,0.4,90,210.0,0.5,105,25430,16224,28.2,43.0
Station_01,Inv_00,20170712,15:23:00,198.0,0.3,59,209.0,0.5,105,25430,16224,28.2,41.0
Station_01,Inv_00,20170712,15:24:00,179.3,0.3,54,210.0,0.5,105,25430,16224,28.2,39.0
Station_01,Inv_00,20170712,15:25:00,203.3,0.3,61,210.0,0.5,105,25430,16224,28.2,42.0
Station_01,Inv_00,20170712,15:26:00,218.0,0.2,44,210.0,0.4,84,25430,16224,28.1,36.0
Station_01,Inv_00,20170712,15:27:00,189.0,0.2,38,210.0,0.4,84,25430,16224,28.1,35.0
Station_01,Inv_00,20170712,15:28:00,190.3,0.3,57,210.0,0.4,84,25430,16224,28.0,34.0
Station_01,Inv_00,20170712,15:29:00,207.0,0.3,62,210.0,0.4,84,25430,16224,27.9,33.0
Station_01,Inv_00,20170712,15:30:00,175.3,0.3,53,210.0,0.4,84,25430,16224,27.8,34.0
Station_01,Inv_00,20170712,15:31:00,178.0,0.3,53,210.0,0.4,84,25430,16224,27.8,34.0
Station_01,Inv_00,20170712,15:32:00,174.0,0.3,52,210.0,0.4,84,25430,16224,27.7,34.0
Station_01,Inv_00,20170712,15:33:00,172.0,0.2,34,210.0,0.4,84,25430,16224,27.7,35.0
Station_01,Inv_00,20170712,15:34:00,182.5,0.2,37,211.0,0.4,84,25430,16224,27.7,35.0
Station_01,Inv_00,20170712,15:35:00,186.0,0.2,37,211.0,0.4,84,25430,16224,27.6,36.0
Station_01,Inv_00,20170712,15:36:00,205.5,0.2,41,211.0,0.5,106,25430,16224,27.5,35.0
Station_01,Inv_00,20170712,15:37:00,208.0,0.3,62,210.0,0.4,84,25430,16224,27.5,36.0
Station_01,Inv_00,20170712,15:38:00,231.7,0.3,70,210.0,0.4,84,25430,16224,27.5,37.0
Station_01,Inv_00,20170712,15:39:00,230.0,0.3,69,211.0,0.4,84,25430,16224,27.5,37.0
Station_01,Inv_00,20170712,15:40:00,206.0,0.2,41,211.0,0.5,106,25430,16224,27.4,36.0
Station_01,Inv_00,20170712,15:41:00,155.5,0.2,31,211.0,0.4,84,25430,16224,27.4,36.0
Station_01,Inv_00,20170712,15:42:00,207.0,0.2,41,211.0,0.4,84,25430,16224,27.4,35.0
Station_01,Inv_00,20170712,15:43:00,189.0,0.2,38,210.0,0.4,84,25430,16224,27.4,34.0
Station_01,Inv_00,20170712,15:44:00,214.5,0.2,43,210.0,0.4,84,25430,16224,27.4,34.0
Station_01,Inv_00,20170712,15:45:00,208.5,0.2,42,211.0,0.4,84,25430,16224,27.4,34.0
Station_01,Inv_00,20170712,15:46:00,192.0,0.2,38,210.0,0.4,84,25430,16224,27.3,34.0
Station_01,Inv_00,20170712,15:47:00,154.3,0.3,46,211.0,0.4,84,25430,16224,27.3,34.0
Station_01,Inv_00,20170712,15:48:00,162.7,0.3,49,211.0,0.4,84,25430,16224,27.3,36.0
Station_01,Inv_00,20170712,15:49:00,149.0,0.2,30,211.0,0.4,84,25430,16224,27.3,35.0
Station_01,Inv_00,20170712,15:50:00,153.0,0.3,46,211.0,0.4,84,25430,16224,27.3,35.0
Station_01,Inv_00,20170712,15:51:00,162.3,0.3,49,211.0,0.4,84,25430,16224,27.3,35.0
Station_01,Inv_00,20170712,15:52:00,148.0,0.3,44,211.0,0.4,84,25430,16224,27.2,35.0
Station_01,Inv_00,20170712,15:53:00,155.0,0.2,31,211.0,0.4,84,25430,16224,27.3,35.0
Station_01,Inv_00,20170712,15:54:00,154.0,0.3,46,211.0,0.4,84,25430,16224,27.2,35.0
Station_01,Inv_00,20170712,15:55:00,258.0,0.2,52,210.0,0.2,42,25430,16224,27.1,34.0
Station_01,Inv_00,20170712,15:56:00,0.0,0.0,0,215.0,0.1,22,25430,16224,27.2,34.0
Station_01,Inv_00,20170712,15:57:00,223.0,0.2,45,211.0,0.4,84,25430,16224,27.1,34.0
Station_01,Inv_00,20170712,15:58:00,0.0,0.0,0,211.0,0.5,106,25430,16224,27.1,33.0
Station_01,Inv_00,20170712,15:59:00,256.5,0.2,51,0.0,0.0,0,25430,16224,27.0,33.0
Station_01,Inv_00,20170712,16:00:00,0.0,0.0,0,0.0,0.0,0,25430,16224,27.1,32.0
Station_01,Inv_00,20170712,16:01:00,221.0,0.2,44,212.0,0.5,106,25430,16224,27.0,32.0
Station_01,Inv_00,20170712,16:02:00,0.0,0.0,0,213.0,0.5,107,25430,16224,27.0,31.0
Station_01,Inv_00,20170712,16:03:00,254.5,0.2,51,0.0,0.0,0,25430,16224,27.0,37.0
Station_01,Inv_00,20170712,16:04:00,255.5,0.2,51,0.0,0.0,0,25430,16224,27.0,32.0
Station_01,Inv_00,20170712,16:05:00,218.5,0.2,44,213.0,0.5,107,25430,16224,27.0,31.0
Station_01,Inv_00,20170712,16:06:00,0.0,0.0,0,213.0,0.6,128,25430,16224,27.0,30.0
Station_01,Inv_00,20170712,16:07:00,246.0,0.2,49,0.0,0.0,0,25430,16224,26.9,28.0
Station_01,Inv_00,20170712,16:08:00,212.0,0.2,42,220.0,0.3,66,25430,16224,27.0,27.0
Station_01,Inv_00,20170712,16:09:00,0.0,0.0,0,215.0,0.5,108,25430,16224,26.9,26.0
Station_01,Inv_00,20170712,16:10:00,233.0,0.2,47,215.0,0.7,151,25430,16224,26.9,27.0
Station_01,Inv_00,20170712,16:11:00,0.0,0.0,0,0.0,0.0,0,25430,16224,26.8,27.0
Station_01,Inv_00,20170712,16:12:00,0.0,0.0,0,215.0,0.4,86,25430,16224,26.8,28.0
Station_01,Inv_00,20170712,16:13:00,0.0,0.0,0,215.0,0.5,108,25430,16224,26.8,29.0
Station_01,Inv_00,20170712,16:14:00,0.0,0.0,0,0.0,0.0,0,25430,16224,26.7,29.0
Station_01,Inv_00,20170712,16:15:00,252.5,0.2,51,0.0,0.0,0,25430,16224,26.7,30.0
Station_01,Inv_00,20170712,16:16:00,218.0,0.2,44,215.0,0.5,108,25430,16224,26.6,31.0
Station_01,Inv_00,20170712,16:17:00,0.0,0.0,0,214.0,0.5,107,25430,16224,26.7,31.0
Station_01,Inv_00,20170712,16:18:00,254.5,0.2,51,0.0,0.0,0,25430,16224,26.6,31.0
Station_01,Inv_00,20170712,16:19:00,256.5,0.2,51,0.0,0.0,0,25430,16224,26.7,493.0
Station_01,Inv_00,20170712,16:20:00,221.0,0.2,44,218.0,0.5,109,25430,16224,26.6,32.0
Station_01,Inv_00,20170712,16:21:00,0.0,0.0,0,0.0,0.0,0,25430,16224,26.6,32.0
Station_01,Inv_00,20170712,16:22:00,0.0,0.0,0,0.0,0.0,0,25430,16224,26.7,493.0
Station_01,Inv_00,20170712,16:23:00,0.0,0.0,0,0.0,0.0,0,25430,16224,26.7,33.0
Station_01,Inv_00,20170712,16:24:00,0.0,0.0,0,218.0,0.5,109,25430,16224,26.6,32.0
Station_01,Inv_00,20170712,16:25:00,0.0,0.0,0,217.0,0.6,130,25430,16224,26.5,32.0
Station_01,Inv_00,20170712,16:26:00,256.5,0.2,51,0.0,0.0,0,25430,16224,26.5,32.0
Station_01,Inv_00,20170712,16:27:00,221.0,0.2,44,218.0,0.5,109,25430,16224,26.6,32.0
Station_01,Inv_00,20170712,16:28:00,222.0,0.2,44,218.0,0.5,109,25430,16224,26.4,489.0
Station_01,Inv_00,20170712,16:29:00,255.0,0.2,51,217.0,0.7,152,25430,16224,26.4,32.0
Station_01,Inv_00,20170712,16:30:00,0.0,0.0,0,0.0,0.0,0,25430,16224,26.4,32.0
Station_01,Inv_00,20170712,16:31:00,221.0,0.2,44,222.0,0.4,89,25430,16224,26.4,32.0
Station_01,Inv_00,20170712,16:32:00,215.5,0.2,43,218.0,0.5,109,25430,16224,26.3,32.0
Station_01,Inv_00,20170712,16:33:00,0.0,0.0,0,0.0,0.0,0,25430,16224,26.3,32.0
Station_01,Inv_00,20170712,16:34:00,0.0,0.0,0,223.0,0.2,45,25430,16224,26.3,32.0
Station_01,Inv_00,20170712,16:35:00,222.0,0.2,44,218.0,0.4,87,25430,16224,26.4,32.0
Station_01,Inv_00,20170712,16:36:00,0.0,0.0,0,0.0,0.0,0,25430,16224,26.3,31.0
Station_01,Inv_00,20170712,16:37:00,256.5,0.2,51,219.0,0.9,197,25430,16224,26.3,32.0
Station_01,Inv_00,20170712,16:38:00,258.0,0.2,52,0.0,0.0,0,25430,16224,26.4,31.0
Station_01,Inv_00,20170712,16:39:00,222.0,0.2,44,218.0,0.5,109,25430,16224,26.4,32.0
Station_01,Inv_00,20170712,16:40:00,0.0,0.0,0,219.0,0.6,131,25430,16224,26.4,33.0
Station_01,Inv_00,20170712,16:41:00,257.5,0.2,52,0.0,0.0,0,25430,16224,26.4,32.0
Station_01,Inv_00,20170712,16:42:00,0.0,0.0,0,0.0,0.0,0,25430,16224,26.4,32.0
Station_01,Inv_00,20170712,16:43:00,223.0,0.2,45,218.0,0.5,109,25430,16224,26.3,33.0
Station_01,Inv_00,20170712,16:44:00,0.0,0.0,0,219.0,0.5,110,25430,16224,26.4,33.0
Station_01,Inv_00,20170712,16:45:00,258.5,0.2,52,0.0,0.0,0,25430,16224,26.5,33.0
Station_01,Inv_00,20170712,16:46:00,0.0,0.0,0,0.0,0.0,0,25430,16224,26.7,34.0
Station_01,Inv_00,20170712,16:47:00,224.0,0.2,45,219.0,0.5,110,25430,16224,26.8,34.0
Station_01,Inv_00,20170712,16:48:00,0.0,0.0,0,219.0,0.6,131,25430,16224,26.8,34.0
Station_01,Inv_00,20170712,16:49:00,260.0,0.2,52,0.0,0.0,0,25430,16224,26.9,35.0
Station_01,Inv_00,20170712,16:50:00,261.0,0.2,52,0.0,0.0,0,25430,16224,27.0,36.0
Station_01,Inv_00,20170712,16:51:00,0.0,0.0,0,219.0,0.6,131,25430,16224,27.0,36.0
Station_01,Inv_00,20170712,16:52:00,260.0,0.2,52,219.0,0.6,131,25430,16224,27.1,37.0
Station_01,Inv_00,20170712,16:53:00,260.5,0.2,52,0.0,0.0,0,25430,16224,27.2,36.0
Station_01,Inv_00,20170712,16:54:00,0.0,0.0,0,0.0,0.0,0,25430,16224,27.2,37.0
Station_01,Inv_00,20170712,16:55:00,225.0,0.2,45,217.0,0.5,109,25430,16224,27.3,37.0
Station_01,Inv_00,20170712,16:56:00,0.0,0.0,0,217.0,0.6,130,25430,16224,27.3,37.0
Station_01,Inv_00,20170712,16:57:00,0.0,0.0,0,0.0,0.0,0,25430,16224,27.4,37.0
Station_01,Inv_00,20170712,16:58:00,0.0,0.0,0,222.0,0.3,67,25430,16224,27.4,37.0
Station_01,Inv_00,20170712,16:59:00,221.3,0.3,66,218.0,0.5,109,25430,16224,27.5,37.0
Station_01,Inv_00,20170712,17:00:00,261.0,0.2,52,218.0,0.7,153,25430,16224,27.5,38.0
Station_01,Inv_00,20170712,17:01:00,0.0,0.0,0,221.0,0.1,22,25430,16224,27.6,39.0
Station_01,Inv_00,20170712,17:02:00,226.3,0.3,68,216.0,0.5,108,25430,16224,27.6,39.0
Station_01,Inv_00,20170712,17:03:00,0.0,0.0,0,217.0,0.5,109,25430,16224,27.7,39.0
Station_01,Inv_00,20170712,17:04:00,263.0,0.2,53,0.0,0.0,0,25430,16224,27.7,40.0
Station_01,Inv_00,20170712,17:05:00,227.3,0.3,68,217.0,0.5,109,25430,16224,27.8,40.0
Station_01,Inv_00,20170712,17:06:00,217.7,0.3,65,217.0,0.5,109,25430,16224,27.9,42.0
Station_01,Inv_00,20170712,17:07:00,205.5,0.4,82,216.0,0.5,108,25430,16224,28.0,42.0
Station_01,Inv_00,20170712,17:08:00,181.0,0.4,72,217.0,0.5,109,25430,16224,28.0,42.0
Station_01,Inv_00,20170712,17:09:00,204.0,0.4,82,217.0,0.5,109,25430,16224,28.1,42.0
Station_01,Inv_00,20170712,17:10:00,192.0,0.4,77,217.0,0.5,109,25430,16224,28.1,44.0
Station_01,Inv_00,20170712,17:11:00,214.5,0.4,86,216.0,0.5,108,25430,16224,28.1,44.0
Station_01,Inv_00,20170712,17:12:00,218.0,0.3,65,216.0,0.5,108,25430,16224,28.2,45.0
Station_01,Inv_00,20170712,17:13:00,206.8,0.4,83,216.0,0.5,108,25430,16224,28.3,45.0
Station_01,Inv_00,20170712,17:14:00,188.5,0.4,75,217.0,0.5,109,25430,16224,28.3,46.0
Station_01,Inv_00,20170712,17:15:00,214.3,0.4,86,217.0,0.5,109,25430,16224,28.4,46.0
Station_01,Inv_00,20170712,17:16:00,219.5,0.4,88,216.0,0.5,108,25430,16224,28.4,46.0
Station_01,Inv_00,20170712,17:17:00,200.0,0.4,80,217.0,0.5,109,25430,16224,28.4,46.0
Station_01,Inv_00,20170712,17:18:00,152.0,0.5,76,216.0,0.5,108,25430,16224,28.4,47.0
Station_01,Inv_00,20170712,17:19:00,160.0,0.4,64,215.0,0.5,108,25430,16224,28.5,47.0
Station_01,Inv_00,20170712,17:20:00,216.2,0.5,108,215.0,0.5,108,25430,16224,28.5,48.0
Station_01,Inv_00,20170712,17:21:00,218.8,0.4,88,215.0,0.6,129,25430,16224,28.5,48.0
Station_01,Inv_00,20170712,17:22:00,201.0,0.4,80,216.0,0.5,108,25430,16224,28.5,48.0
Station_01,Inv_00,20170712,17:23:00,208.4,0.5,104,216.0,0.5,108,25430,16224,28.5,49.0
Station_01,Inv_00,20170712,17:24:00,219.0,0.5,110,216.0,0.5,108,25430,16224,28.5,61.0
Station_01,Inv_00,20170712,17:25:00,212.8,0.5,106,216.0,0.6,130,25430,16224,28.6,55.0
Station_01,Inv_00,20170712,17:26:00,197.0,0.4,79,216.0,0.5,108,25430,16224,28.6,49.0
Station_01,Inv_00,20170712,17:27:00,212.0,0.5,106,216.0,0.5,108,25430,16224,28.7,49.0
Station_01,Inv_00,20170712,17:28:00,205.0,0.4,82,215.0,0.5,108,25430,16224,28.7,49.0
Station_01,Inv_00,20170712,17:29:00,222.5,0.4,89,216.0,0.6,130,25430,16224,28.7,50.0
Station_01,Inv_00,20170712,17:30:00,226.5,0.4,91,216.0,0.5,108,25430,16224,28.8,49.0
Station_01,Inv_00,20170712,17:31:00,224.5,0.4,90,216.0,0.6,130,25430,16224,28.8,49.0
Station_01,Inv_00,20170712,17:32:00,182.0,0.4,73,216.0,0.5,108,25430,16224,28.8,48.0
Station_01,Inv_00,20170712,17:33:00,203.0,0.5,102,217.0,0.5,109,25430,16224,28.8,49.0
Station_01,Inv_00,20170712,17:34:00,216.8,0.5,108,216.0,0.5,108,25430,16224,28.9,48.0
Station_01,Inv_00,20170712,17:35:00,152.5,0.4,61,216.0,0.5,108,25430,16224,28.9,48.0
Station_01,Inv_00,20170712,17:36:00,212.0,0.4,85,215.0,0.5,108,25430,16224,29.0,48.0
Station_01,Inv_00,20170712,17:37:00,198.5,0.4,79,215.0,0.5,108,25430,16224,29.0,48.0
Station_01,Inv_00,20170712,17:38:00,158.0,0.4,63,216.0,0.5,108,25430,16224,29.0,47.0
Station_01,Inv_00,20170712,17:39:00,167.5,0.4,67,216.0,0.5,108,25430,16224,28.9,47.0
Station_01,Inv_00,20170712,17:40:00,208.0,0.4,83,216.0,0.5,108,25430,16224,28.8,46.0
Station_01,Inv_00,20170712,17:41:00,202.0,0.4,81,216.0,0.5,108,25430,16224,28.7,46.0
Station_01,Inv_00,20170712,17:42:00,202.0,0.5,101,216.0,0.5,108,25430,16224,28.6,46.0
Station_01,Inv_00,20170712,17:43:00,223.0,0.4,89,216.0,0.5,108,25430,16224,28.5,46.0
Station_01,Inv_00,20170712,17:44:00,214.5,0.4,86,215.0,0.5,108,25430,16224,28.5,45.0
Station_01,Inv_00,20170712,17:45:00,197.5,0.4,79,217.0,0.5,109,25430,16224,28.5,45.0
Station_01,Inv_00,20170712,17:46:00,226.5,0.4,91,217.0,0.5,109,25430,16224,28.4,45.0
Station_01,Inv_00,20170712,17:47:00,217.4,0.5,109,216.0,0.5,108,25430,16224,28.4,45.0
Station_01,Inv_00,20170712,17:48:00,222.0,0.4,89,216.0,0.5,108,25430,16224,28.3,45.0
Station_01,Inv_00,20170712,17:49:00,183.0,0.4,73,216.0,0.5,108,25430,16224,28.3,45.0
Station_01,Inv_00,20170712,17:50:00,171.0,0.5,86,216.0,0.5,108,25430,16224,28.3,45.0
Station_01,Inv_00,20170712,17:51:00,214.2,0.5,107,216.0,0.5,108,25430,16224,28.2,45.0
Station_01,Inv_00,20170712,17:52:00,210.0,0.4,84,216.0,0.5,108,25430,16224,28.2,45.0
Station_01,Inv_00,20170712,17:53:00,220.0,0.4,88,215.0,0.5,108,25430,16224,28.2,45.0
Station_01,Inv_00,20170712,17:54:00,217.5,0.4,87,216.0,0.6,130,25430,16224,28.2,45.0
Station_01,Inv_00,20170712,17:55:00,223.0,0.4,89,217.0,0.5,109,25430,16224,28.1,46.0
Station_01,Inv_00,20170712,17:56:00,222.5,0.4,89,216.0,0.5,108,25430,16224,28.1,46.0
Station_01,Inv_00,20170712,17:57:00,215.5,0.4,86,216.0,0.6,130,25430,16224,28.2,47.0
Station_01,Inv_00,20170712,17:58:00,217.0,0.4,87,216.0,0.5,108,25430,16224,28.2,46.0
Station_01,Inv_00,20170712,17:59:00,209.2,0.5,105,215.0,0.6,129,25430,16224,28.2,61.0
Station_01,Inv_00,20170712,18:00:00,221.8,0.5,111,216.0,0.5,108,25430,16224,28.2,46.0
Station_01,Inv_00,20170712,18:01:00,219.0,0.4,88,216.0,0.6,130,25430,16224,28.2,46.0
Station_01,Inv_00,20170712,18:02:00,151.0,0.4,60,216.0,0.5,108,25430,16224,28.3,47.0
Station_01,Inv_00,20170712,18:03:00,216.8,0.5,108,216.0,0.6,130,25430,16224,28.3,47.0
Station_01,Inv_00,20170712,18:04:00,202.0,0.5,101,216.0,0.6,130,25430,16224,28.3,48.0
Station_01,Inv_00,20170712,18:05:00,221.8,0.5,111,216.0,0.6,130,25430,16224,28.4,48.0
Station_01,Inv_00,20170712,18:06:00,217.4,0.5,109,217.0,0.6,130,25430,16224,28.4,48.0
Station_01,Inv_00,20170712,18:07:00,214.2,0.5,107,216.0,0.6,130,25430,16224,28.3,49.0
Station_01,Inv_00,20170712,18:08:00,218.2,0.5,109,216.0,0.6,130,25430,16224,28.3,49.0
Station_01,Inv_00,20170712,18:09:00,218.2,0.5,109,217.0,0.6,130,25430,16224,28.2,48.0
Station_01,Inv_00,20170712,18:10:00,186.6,0.5,93,216.0,0.5,108,25430,16224,28.2,48.0
Station_01,Inv_00,20170712,18:11:00,217.4,0.5,109,216.0,0.6,130,25430,16224,28.1,49.0
Station_01,Inv_00,20170712,18:12:00,216.6,0.5,108,216.0,0.6,130,25430,16224,28.0,49.0
Station_01,Inv_00,20170712,18:13:00,219.8,0.5,110,216.0,0.6,130,25430,16224,27.8,49.0
Station_01,Inv_00,20170712,18:14:00,225.6,0.5,113,217.0,0.6,130,25430,16224,27.6,49.0
Station_01,Inv_00,20170712,18:15:00,225.0,0.5,113,217.0,0.6,130,25430,16224,27.5,49.0
Station_01,Inv_00,20170712,18:16:00,215.0,0.5,108,215.0,0.6,129,25430,16224,27.3,50.0
Station_01,Inv_00,20170712,18:17:00,227.0,0.5,114,216.0,0.7,151,25430,16224,27.2,49.0
Station_01,Inv_00,20170712,18:18:00,222.5,0.6,134,216.0,0.6,130,25430,16224,27.1,49.0
Station_01,Inv_00,20170712,18:19:00,200.0,0.6,120,216.0,0.6,130,25430,16224,27.1,49.0
Station_01,Inv_00,20170712,18:20:00,175.0,0.6,105,217.0,0.6,130,25430,16224,27.0,49.0
Station_01,Inv_00,20170712,18:21:00,215.7,0.6,129,217.0,0.7,152,25430,16224,27.0,49.0
Station_01,Inv_00,20170712,18:22:00,197.0,0.6,118,217.0,0.7,152,25430,16224,27.0,50.0
Station_01,Inv_00,20170712,18:23:00,219.5,0.6,132,217.0,0.7,152,25430,16224,27.0,50.0
Station_01,Inv_00,20170712,18:24:00,204.0,0.6,122,217.0,0.6,130,25430,16224,27.0,51.0
Station_01,Inv_00,20170712,18:25:00,227.5,0.6,137,216.0,0.7,151,25430,16224,27.0,52.0
Station_01,Inv_00,20170712,18:26:00,188.0,0.5,94,216.0,0.6,130,25430,16224,27.1,49.0
Station_01,Inv_00,20170712,18:27:00,219.0,0.5,110,215.0,0.6,129,25430,16224,27.1,48.0
Station_01,Inv_00,20170712,18:28:00,207.0,0.5,104,215.0,0.6,129,25430,16224,27.0,49.0
Station_01,Inv_00,20170712,18:29:00,182.0,0.5,91,216.0,0.5,108,25430,16224,27.0,47.0
Station_01,Inv_00,20170712,18:30:00,189.0,0.5,95,215.0,0.5,108,25430,16224,27.0,48.0
Station_01,Inv_00,20170712,18:31:00,221.0,0.5,111,215.0,0.6,129,25430,16224,26.9,47.0
Station_01,Inv_00,20170712,18:32:00,154.0,0.4,62,215.0,0.5,108,25430,16224,27.0,46.0
Station_01,Inv_00,20170712,18:33:00,216.0,0.4,86,216.0,0.5,108,25430,16224,27.0,45.0
Station_01,Inv_00,20170712,18:34:00,208.0,0.4,83,216.0,0.5,108,25430,16224,26.9,57.0
Station_01,Inv_00,20170712,18:35:00,217.0,0.4,87,216.0,0.5,108,25430,16224,26.9,43.0
Station_01,Inv_00,20170712,18:36:00,213.0,0.4,85,216.0,0.5,108,25430,16224,26.9,42.0
Station_01,Inv_00,20170712,18:37:00,149.0,0.3,45,216.0,0.4,86,25430,16224,26.8,40.0
Station_01,Inv_00,20170712,18:38:00,154.0,0.3,46,216.0,0.4,86,25430,16224,26.7,38.0
Station_01,Inv_00,20170712,18:39:00,171.0,0.3,51,216.0,0.4,86,25430,16224,26.6,36.0
Station_01,Inv_00,20170712,18:40:00,172.7,0.3,52,216.0,0.5,108,25430,16224,26.7,35.0
Station_01,Inv_00,20170712,18:41:00,147.0,0.2,29,215.0,0.4,86,25430,16224,26.5,33.0
Station_01,Inv_00,20170712,18:42:00,168.7,0.3,51,216.0,0.4,86,25430,16224,26.5,32.0
Station_01,Inv_00,20170712,18:43:00,190.0,0.3,57,215.0,0.4,86,25430,16224,26.5,30.0
Station_01,Inv_00,20170712,18:44:00,212.5,0.2,43,216.0,0.4,86,25430,16224,26.4,31.0
Station_01,Inv_00,20170712,18:45:00,214.5,0.2,43,216.0,0.4,86,25430,16224,26.4,33.0
Station_01,Inv_00,20170712,18:46:00,209.0,0.2,42,215.0,0.4,86,25430,16224,26.4,26.0
Station_01,Inv_00,20170712,18:47:00,0.0,0.0,0,216.0,0.4,86,25430,16224,26.5,490.0
Station_01,Inv_00,20170712,18:48:00,0.0,0.0,0,216.0,0.4,86,25430,16224,26.5,23.0
Station_01,Inv_00,20170712,18:49:00,0.0,0.0,0,0.0,0.0,0,25430,16224,26.5,22.0
Station_01,Inv_00,20170712,18:50:00,0.0,0.0,0,0.0,0.0,0,25430,16224,26.6,21.0
Station_01,Inv_00,20170712,18:51:00,0.0,0.0,0,0.0,0.0,0,25430,16224,26.6,21.0
Station_01,Inv_00,20170712,18:52:00,0.0,0.0,0,0.0,0.0,0,25430,16224,26.6,21.0
Station_01,Inv_00,20170712,18:53:00,0.0,0.0,0,0.0,0.0,0,25430,16224,26.7,20.0
Station_01,Inv_00,20170712,18:54:00,0.0,0.0,0,0.0,0.0,0,25430,16224,26.6,21.0
Station_01,Inv_00,20170712,18:55:00,0.0,0.0,0,0.0,0.0,0,25430,16224,26.7,20.0
Station_01,Inv_00,20170712,18:56:00,0.0,0.0,0,0.0,0.0,0,25430,16224,26.7,20.0
Station_01,Inv_00,20170712,18:57:00,0.0,0.0,0,0.0,0.0,0,25430,16224,26.7,20.0
Station_01,Inv_00,20170712,18:58:00,0.0,0.0,0,0.0,0.0,0,25430,16224,26.6,19.0
Station_01,Inv_00,20170712,18:59:00,0.0,0.0,0,0.0,0.0,0,25430,16224,26.6,19.0
Station_01,Inv_00,20170712,19:00:00,0.0,0.0,0,0.0,0.0,0,25430,16224,26.6,21.0
Station_01,Inv_00,20170712,19:01:00,0.0,0.0,0,0.0,0.0,0,25430,16224,26.5,20.0
Station_01,Inv_00,20170712,19:02:00,0.0,0.0,0,0.0,0.0,0,25430,16224,26.5,20.0
Station_01,Inv_00,20170712,19:03:00,0.0,0.0,0,0.0,0.0,0,25430,16224,26.4,19.0
Station_01,Inv_00,20170712,19:04:00,0.0,0.0,0,0.0,0.0,0,25430,16224,26.4,28.0
Station_01,Inv_00,20170712,19:05:00,0.0,0.0,0,0.0,0.0,0,25430,16224,26.5,19.0
Station_01,Inv_00,20170712,19:06:00,0.0,0.0,0,0.0,0.0,0,25430,16224,26.4,19.0
Station_01,Inv_00,20170712,19:07:00,0.0,0.0,0,0.0,0.0,0,25430,16224,26.4,19.0
Station_01,Inv_00,20170712,19:08:00,0.0,0.0,0,0.0,0.0,0,25430,16224,26.4,19.0
Station_01,Inv_00,20170712,19:09:00,0.0,0.0,0,0.0,0.0,0,25430,16224,26.3,22.0
Station_01,Inv_00,20170712,19:10:00,0.0,0.0,0,0.0,0.0,0,25430,16224,26.3,19.0
Station_01,Inv_00,20170712,19:11:00,0.0,0.0,0,0.0,0.0,0,25430,16224,26.2,21.0
Station_01,Inv_00,20170712,19:12:00,0.0,0.0,0,0.0,0.0,0,25430,16224,26.2,19.0
Station_01,Inv_00,20170712,19:13:00,0.0,0.0,0,0.0,0.0,0,25430,16224,26.2,18.0
Station_01,Inv_00,20170712,19:14:00,0.0,0.0,0,0.0,0.0,0,25430,16224,26.2,21.0
Station_01,Inv_00,20170712,19:15:00,0.0,0.0,0,0.0,0.0,0,25430,16224,26.2,18.0
Station_01,Inv_00,20170712,19:16:00,0.0,0.0,0,0.0,0.0,0,25430,16224,26.1,18.0
Station_01,Inv_00,20170712,19:17:00,0.0,0.0,0,0.0,0.0,0,25430,16224,26.1,18.0
Station_01,Inv_00,20170712,19:18:00,0.0,0.0,0,0.0,0.0,0,25430,16224,26.1,17.0
Station_01,Inv_00,20170712,19:19:00,0.0,0.0,0,0.0,0.0,0,25430,16224,26.2,22.0
Station_01,Inv_00,20170712,19:20:00,0.0,0.0,0,0.0,0.0,0,25430,16224,26.2,18.0
Station_01,Inv_00,20170712,19:21:00,0.0,0.0,0,0.0,0.0,0,25430,16224,26.2,18.0
Station_01,Inv_00,20170712,19:22:00,0.0,0.0,0,0.0,0.0,0,25430,16224,26.2,19.0
Station_01,Inv_00,20170712,19:23:00,0.0,0.0,0,0.0,0.0,0,25430,16224,26.1,18.0
Station_01,Inv_00,20170712,19:24:00,0.0,0.0,0,0.0,0.0,0,25430,16224,26.3,19.0
Station_01,Inv_00,20170712,19:25:00,0.0,0.0,0,0.0,0.0,0,25430,16224,26.3,19.0
Station_01,Inv_00,20170712,19:26:00,0.0,0.0,0,0.0,0.0,0,25430,16224,26.3,19.0
Station_01,Inv_00,20170712,19:27:00,0.0,0.0,0,0.0,0.0,0,25430,16224,26.3,19.0
Station_01,Inv_00,20170712,19:28:00,0.0,0.0,0,0.0,0.0,0,25430,16224,26.4,18.0
Station_01,Inv_00,20170712,19:29:00,0.0,0.0,0,0.0,0.0,0,25430,16224,26.4,19.0
Station_01,Inv_00,20170712,19:30:00,0.0,0.0,0,0.0,0.0,0,25430,16224,26.3,20.0
Station_01,Inv_00,20170712,19:31:00,0.0,0.0,0,0.0,0.0,0,25430,16224,26.5,19.0
Station_01,Inv_00,20170712,19:32:00,0.0,0.0,0,0.0,0.0,0,25430,16224,26.6,19.0
Station_01,Inv_00,20170712,19:33:00,0.0,0.0,0,0.0,0.0,0,25430,16224,26.6,19.0
Station_01,Inv_00,20170712,19:34:00,0.0,0.0,0,0.0,0.0,0,25430,16224,26.7,19.0
Station_01,Inv_00,20170712,19:35:00,0.0,0.0,0,0.0,0.0,0,25430,16224,26.6,19.0
Station_01,Inv_00,20170712,19:36:00,0.0,0.0,0,0.0,0.0,0,25430,16224,26.6,26.0
Station_01,Inv_00,20170712,19:37:00,0.0,0.0,0,0.0,0.0,0,25430,16224,26.6,22.0
Station_01,Inv_00,20170712,19:38:00,0.0,0.0,0,0.0,0.0,0,25430,16224,26.7,19.0
Station_01,Inv_00,20170712,19:39:00,0.0,0.0,0,0.0,0.0,0,25430,16224,26.7,20.0
Station_01,Inv_00,20170712,19:40:00,0.0,0.0,0,0.0,0.0,0,25430,16224,26.6,19.0
Station_01,Inv_00,20170712,19:41:00,0.0,0.0,0,0.0,0.0,0,25430,16224,26.7,19.0
Station_01,Inv_00,20170712,19:42:00,0.0,0.0,0,0.0,0.0,0,25430,16224,26.8,34.0
Station_01,Inv_00,20170712,19:43:00,0.0,0.0,0,0.0,0.0,0,25430,16224,26.8,19.0
Station_01,Inv_00,20170712,19:44:00,0.0,0.0,0,0.0,0.0,0,25430,16224,26.7,20.0
Station_01,Inv_00,20170712,19:45:00,0.0,0.0,0,0.0,0.0,0,25430,16224,26.7,19.0
Station_01,Inv_00,20170712,19:46:00,0.0,0.0,0,0.0,0.0,0,25430,16224,26.6,18.0
Station_01,Inv_00,20170712,19:47:00,0.0,0.0,0,0.0,0.0,0,25430,16224,26.6,18.0
Station_01,Inv_00,20170712,19:48:00,0.0,0.0,0,0.0,0.0,0,25430,16224,26.6,18.0
Station_01,Inv_00,20170712,19:49:00,0.0,0.0,0,0.0,0.0,0,25430,16224,26.6,18.0
Station_01,Inv_00,20170712,19:50:00,0.0,0.0,0,0.0,0.0,0,25430,16224,26.6,18.0
Station_01,Inv_00,20170712,19:51:00,0.0,0.0,0,0.0,0.0,0,25430,16224,26.6,18.0
Station_01,Inv_00,20170712,19:52:00,0.0,0.0,0,0.0,0.0,0,25430,16224,26.5,18.0
Station_01,Inv_00,20170712,19:53:00,0.0,0.0,0,0.0,0.0,0,25430,16224,26.5,18.0
Station_01,Inv_00,20170712,19:54:00,0.0,0.0,0,0.0,0.0,0,25430,16224,26.4,18.0
Station_01,Inv_00,20170712,19:55:00,0.0,0.0,0,0.0,0.0,0,25430,16224,26.4,18.0
Station_01,Inv_00,20170712,19:56:00,0.0,0.0,0,0.0,0.0,0,25430,16224,26.4,18.0
Station_01,Inv_00,20170712,19:57:00,0.0,0.0,0,0.0,0.0,0,25430,16224,26.4,18.0
Station_01,Inv_00,20170712,19:58:00,0.0,0.0,0,0.0,0.0,0,25430,16224,26.4,18.0
Station_01,Inv_00,20170712,19:59:00,0.0,0.0,0,0.0,0.0,0,25430,16224,26.3,18.0
Station_01,Inv_00,20170712,20:00:00,0.0,0.0,0,0.0,0.0,0,25430,16224,26.2,18.0
