Station_01,Inv_00,20170812,05:00:00,0.0,0.0,0,0.0,0.0,0,25902,16525,27.2,18.0
Station_01,Inv_00,20170812,05:01:00,0.0,0.0,0,0.0,0.0,0,25902,16525,27.2,18.0
Station_01,Inv_00,20170812,05:02:00,0.0,0.0,0,0.0,0.0,0,25902,16525,27.2,18.0
Station_01,Inv_00,20170812,05:03:00,0.0,0.0,0,0.0,0.0,0,25902,16525,27.2,18.0
Station_01,Inv_00,20170812,05:04:00,0.0,0.0,0,0.0,0.0,0,25902,16525,27.3,18.0
Station_01,Inv_00,20170812,05:05:00,0.0,0.0,0,0.0,0.0,0,25902,16525,27.3,18.0
Station_01,Inv_00,20170812,05:06:00,0.0,0.0,0,0.0,0.0,0,25902,16525,27.3,18.0
Station_01,Inv_00,20170812,05:07:00,0.0,0.0,0,0.0,0.0,0,25902,16525,27.3,18.0
Station_01,Inv_00,20170812,05:08:00,0.0,0.0,0,0.0,0.0,0,25902,16525,27.3,18.0
Station_01,Inv_00,20170812,05:09:00,0.0,0.0,0,0.0,0.0,0,25902,16525,27.4,19.0
Station_01,Inv_00,20170812,05:10:00,0.0,0.0,0,0.0,0.0,0,25902,16525,27.4,18.0
Station_01,Inv_00,20170812,05:11:00,0.0,0.0,0,0.0,0.0,0,25902,16525,27.4,19.0
Station_01,Inv_00,20170812,05:12:00,0.0,0.0,0,0.0,0.0,0,25902,16525,27.4,18.0
Station_01,Inv_00,20170812,05:13:00,0.0,0.0,0,0.0,0.0,0,25902,16525,27.4,18.0
Station_01,Inv_00,20170812,05:14:00,0.0,0.0,0,0.0,0.0,0,25902,16525,27.4,18.0
Station_01,Inv_00,20170812,05:15:00,0.0,0.0,0,0.0,0.0,0,25902,16525,27.4,19.0
Station_01,Inv_00,20170812,05:16:00,0.0,0.0,0,0.0,0.0,0,25902,16525,27.4,19.0
Station_01,Inv_00,20170812,05:17:00,0.0,0.0,0,0.0,0.0,0,25902,16525,27.5,19.0
Station_01,Inv_00,20170812,05:18:00,0.0,0.0,0,0.0,0.0,0,25902,16525,27.4,19.0
Station_01,Inv_00,20170812,05:19:00,0.0,0.0,0,0.0,0.0,0,25902,16525,27.5,19.0
Station_01,Inv_00,20170812,05:20:00,0.0,0.0,0,0.0,0.0,0,25902,16525,27.5,19.0
Station_01,Inv_00,20170812,05:21:00,0.0,0.0,0,0.0,0.0,0,25902,16525,27.5,19.0
Station_01,Inv_00,20170812,05:22:00,0.0,0.0,0,0.0,0.0,0,25902,16525,27.5,19.0
Station_01,Inv_00,20170812,05:23:00,0.0,0.0,0,0.0,0.0,0,25902,16525,27.5,19.0
Station_01,Inv_00,20170812,05:24:00,0.0,0.0,0,0.0,0.0,0,25902,16525,27.4,19.0
Station_01,Inv_00,20170812,05:25:00,0.0,0.0,0,0.0,0.0,0,25902,16525,27.4,19.0
Station_01,Inv_00,20170812,05:26:00,0.0,0.0,0,0.0,0.0,0,25902,16525,27.4,19.0
Station_01,Inv_00,20170812,05:27:00,0.0,0.0,0,0.0,0.0,0,25902,16525,27.4,20.0
Station_01,Inv_00,20170812,05:28:00,0.0,0.0,0,0.0,0.0,0,25902,16525,27.4,20.0
Station_01,Inv_00,20170812,05:29:00,0.0,0.0,0,0.0,0.0,0,25902,16525,27.4,20.0
Station_01,Inv_00,20170812,05:30:00,0.0,0.0,0,0.0,0.0,0,25902,16525,27.4,20.0
Station_01,Inv_00,20170812,05:31:00,0.0,0.0,0,0.0,0.0,0,25902,16525,27.4,21.0
Station_01,Inv_00,20170812,05:32:00,0.0,0.0,0,0.0,0.0,0,25902,16525,27.3,21.0
Station_01,Inv_00,20170812,05:33:00,0.0,0.0,0,0.0,0.0,0,25902,16525,27.3,22.0
Station_01,Inv_00,20170812,05:34:00,0.0,0.0,0,0.0,0.0,0,25902,16525,27.3,22.0
Station_01,Inv_00,20170812,05:35:00,0.0,0.0,0,0.0,0.0,0,25902,16525,27.3,23.0
Station_01,Inv_00,20170812,05:36:00,0.0,0.0,0,0.0,0.0,0,25902,16525,27.2,24.0
Station_01,Inv_00,20170812,05:37:00,0.0,0.0,0,0.0,0.0,0,25902,16525,27.1,24.0
Station_01,Inv_00,20170812,05:38:00,0.0,0.0,0,0.0,0.0,0,25902,16525,27.1,24.0
Station_01,Inv_00,20170812,05:39:00,0.0,0.0,0,0.0,0.0,0,25902,16525,27.1,501.0
Station_01,Inv_00,20170812,05:40:00,0.0,0.0,0,0.0,0.0,0,25902,16525,27.0,25.0
Station_01,Inv_00,20170812,05:41:00,0.0,0.0,0,220.0,0.5,110,25902,16525,27.0,26.0
Station_01,Inv_00,20170812,05:42:00,0.0,0.0,0,221.0,0.5,111,25902,16525,27.0,28.0
Station_01,Inv_00,20170812,05:43:00,0.0,0.0,0,220.0,0.5,110,25902,16525,26.9,28.0
Station_01,Inv_00,20170812,05:44:00,0.0,0.0,0,220.0,0.5,110,25902,16525,26.9,29.0
Station_01,Inv_00,20170812,05:45:00,0.0,0.0,0,221.0,0.5,111,25902,16525,26.9,30.0
Station_01,Inv_00,20170812,05:46:00,252.0,0.2,50,216.0,0.7,151,25902,16525,26.9,497.0
Station_01,Inv_00,20170812,05:47:00,204.0,0.1,20,216.0,0.4,86,25902,16525,26.9,32.0
Station_01,Inv_00,20170812,05:48:00,214.0,0.1,21,216.0,0.4,86,25902,16525,26.9,33.0
Station_01,Inv_00,20170812,05:49:00,213.0,0.1,21,216.0,0.4,86,25902,16525,26.9,33.0
Station_01,Inv_00,20170812,05:50:00,217.0,0.1,22,217.0,0.5,109,25902,16525,26.9,33.0
Station_01,Inv_00,20170812,05:51:00,234.0,0.1,23,216.0,0.4,86,25902,16525,26.9,35.0
Station_01,Inv_00,20170812,05:52:00,221.0,0.1,22,216.0,0.4,86,25902,16525,27.0,37.0
Station_01,Inv_00,20170812,05:53:00,233.0,0.3,70,218.0,0.4,87,25902,16525,27.1,39.0
Station_01,Inv_00,20170812,05:54:00,220.3,0.3,66,217.0,0.5,109,25902,16525,27.2,39.0
Station_01,Inv_00,20170812,05:55:00,230.7,0.3,69,217.0,0.5,109,25902,16525,27.2,39.0
Station_01,Inv_00,20170812,05:56:00,226.0,0.3,68,217.0,0.4,87,25902,16525,27.2,39.0
Station_01,Inv_00,20170812,05:57:00,214.0,0.3,64,217.0,0.5,109,25902,16525,27.2,39.0
Station_01,Inv_00,20170812,05:58:00,223.0,0.3,67,216.0,0.5,108,25902,16525,27.3,41.0
Station_01,Inv_00,20170812,05:59:00,214.5,0.4,86,216.0,0.5,108,25902,16525,27.3,43.0
Station_01,Inv_00,20170812,06:00:00,208.0,0.4,83,215.0,0.5,108,25902,16525,27.5,43.0
Station_01,Inv_00,20170812,06:01:00,211.0,0.3,63,215.0,0.5,108,25902,16525,27.6,43.0
Station_01,Inv_00,20170812,06:02:00,203.0,0.4,81,215.0,0.5,108,25902,16525,27.7,44.0
Station_01,Inv_00,20170812,06:03:00,218.0,0.4,87,214.0,0.5,107,25902,16525,27.8,44.0
Station_01,Inv_00,20170812,06:04:00,221.0,0.4,88,215.0,0.5,108,25902,16525,28.0,45.0
Station_01,Inv_00,20170812,06:05:00,224.0,0.4,90,215.0,0.5,108,25902,16525,28.0,45.0
Station_01,Inv_00,20170812,06:06:00,221.8,0.5,111,217.0,0.5,109,25902,16525,28.1,46.0
Station_01,Inv_00,20170812,06:07:00,226.0,0.4,90,217.0,0.5,109,25902,16525,28.2,47.0
Station_01,Inv_00,20170812,06:08:00,220.6,0.5,110,218.0,0.6,131,25902,16525,28.3,50.0
Station_01,Inv_00,20170812,06:09:00,225.0,0.6,135,217.0,0.7,152,25902,16525,28.4,54.0
Station_01,Inv_00,20170812,06:10:00,226.5,0.6,136,219.0,0.7,153,25902,16525,28.5,58.0
Station_01,Inv_00,20170812,06:11:00,229.5,0.6,138,219.0,0.8,175,25902,16525,28.5,62.0
Station_01,Inv_00,20170812,06:12:00,232.0,0.7,162,218.0,0.9,196,25902,16525,28.6,66.0
Station_01,Inv_00,20170812,06:13:00,225.0,0.8,180,217.0,1.0,217,25902,16525,28.7,72.0
Station_01,Inv_00,20170812,06:14:00,237.6,1.1,261,218.0,1.2,262,25902,16525,28.9,92.0
Station_01,Inv_00,20170812,06:15:00,235.0,1.2,282,218.0,1.4,305,25902,16525,29.1,107.0
Station_01,Inv_00,20170812,06:16:00,234.5,1.3,305,218.0,1.5,327,25902,16525,29.5,113.0
Station_01,Inv_00,20170812,06:17:00,240.2,1.5,360,219.0,1.6,350,25902,16525,29.7,120.0
Station_01,Inv_00,20170812,06:18:00,241.0,1.6,386,218.0,1.7,371,25902,16525,30.0,126.0
Station_01,Inv_00,20170812,06:19:00,239.0,1.6,382,218.0,1.7,371,25902,16525,30.3,133.0
Station_01,Inv_00,20170812,06:20:00,240.0,1.4,336,218.0,1.5,327,25902,16525,30.4,117.0
Station_01,Inv_00,20170812,06:21:00,229.5,1.4,321,219.0,1.5,329,25902,16525,30.5,110.0
Station_01,Inv_00,20170812,06:22:00,233.5,1.2,280,219.0,1.3,285,25902,16525,30.4,100.0
Station_01,Inv_00,20170812,06:23:00,234.0,1.2,281,218.0,1.2,262,25902,16525,30.3,95.0
Station_01,Inv_00,20170812,06:24:00,230.0,1.1,253,218.0,1.2,262,25902,16525,30.3,92.0
Station_01,Inv_00,20170812,06:25:00,232.5,1.1,256,217.0,1.2,260,25902,16525,30.2,91.0
Station_01,Inv_00,20170812,06:26:00,224.5,1.1,247,218.0,1.1,240,25902,16525,30.2,90.0
Station_01,Inv_00,20170812,06:27:00,221.8,1.1,244,219.0,1.1,241,25902,16525,30.1,88.0
Station_01,Inv_00,20170812,06:28:00,232.0,1.0,232,218.0,1.2,262,25902,16525,30.2,90.0
Station_01,Inv_00,20170812,06:29:00,234.5,1.0,235,218.0,1.1,240,25902,16525,30.1,90.0
Station_01,Inv_00,20170812,06:30:00,236.0,1.0,236,218.0,1.1,240,25902,16525,30.0,84.0
Station_01,Inv_00,20170812,06:31:00,199.0,1.1,219,219.0,1.2,263,25902,16525,30.2,109.0
Station_01,Inv_00,20170812,06:32:00,229.5,1.0,230,218.0,1.0,218,25902,16525,30.1,90.0
Station_01,Inv_00,20170812,06:33:00,231.0,0.8,185,218.0,1.0,218,25902,16525,30.0,76.0
Station_01,Inv_00,20170812,06:34:00,230.0,0.8,184,218.0,1.0,218,25902,16525,29.9,74.0
Station_01,Inv_00,20170812,06:35:00,222.5,0.8,178,218.0,1.0,218,25902,16525,29.9,75.0
Station_01,Inv_00,20170812,06:36:00,225.0,0.9,203,218.0,1.0,218,25902,16525,29.8,79.0
Station_01,Inv_00,20170812,06:37:00,233.0,1.0,233,218.0,1.1,240,25902,16525,29.8,84.0
Station_01,Inv_00,20170812,06:38:00,238.0,1.0,238,218.0,1.2,262,25902,16525,29.9,89.0
Station_01,Inv_00,20170812,06:39:00,230.5,1.0,231,218.0,1.2,262,25902,16525,29.9,90.0
Station_01,Inv_00,20170812,06:40:00,235.0,1.2,282,218.0,1.2,262,25902,16525,29.9,100.0
Station_01,Inv_00,20170812,06:41:00,238.5,1.0,239,218.0,1.1,240,25902,16525,29.9,90.0
Station_01,Inv_00,20170812,06:42:00,233.0,1.0,233,218.0,1.2,262,25902,16525,29.9,90.0
Station_01,Inv_00,20170812,06:43:00,232.7,1.1,256,218.0,1.2,262,25902,16525,29.9,91.0
Station_01,Inv_00,20170812,06:44:00,241.0,1.7,410,218.0,1.8,392,25902,16525,30.2,133.0
Station_01,Inv_00,20170812,06:45:00,237.5,1.3,309,218.0,1.4,305,25902,16525,30.4,116.0
Station_01,Inv_00,20170812,06:46:00,237.6,1.4,333,218.0,1.5,327,25902,16525,30.3,112.0
Station_01,Inv_00,20170812,06:47:00,242.9,1.5,364,217.0,1.6,347,25902,16525,30.5,118.0
Station_01,Inv_00,20170812,06:48:00,243.5,1.6,390,219.0,1.7,372,25902,16525,30.7,125.0
Station_01,Inv_00,20170812,06:49:00,241.0,2.0,482,218.0,2.0,436,25902,16525,30.9,142.0
Station_01,Inv_00,20170812,06:50:00,239.3,2.6,622,218.0,2.6,567,25902,16525,31.4,182.0
Station_01,Inv_00,20170812,06:51:00,247.0,2.2,543,218.0,2.4,523,25902,16525,31.7,173.0
Station_01,Inv_00,20170812,06:52:00,246.0,2.0,492,218.0,2.1,458,25902,16525,32.0,154.0
Station_01,Inv_00,20170812,06:53:00,227.0,2.0,454,219.0,1.9,416,25902,16525,32.1,147.0
Station_01,Inv_00,20170812,06:54:00,238.0,2.0,476,220.0,2.1,462,25902,16525,32.2,151.0
Station_01,Inv_00,20170812,06:55:00,239.5,2.3,551,217.0,2.4,521,25902,16525,32.5,162.0
Station_01,Inv_00,20170812,06:56:00,237.0,2.6,616,217.0,2.6,564,25902,16525,32.8,177.0
Station_01,Inv_00,20170812,06:57:00,245.0,2.8,686,216.0,3.1,670,25902,16525,33.1,195.0
Station_01,Inv_00,20170812,06:58:00,245.5,3.0,737,216.0,3.2,691,25902,16525,33.7,227.0
Station_01,Inv_00,20170812,06:59:00,244.3,4.0,977,217.0,4.1,890,25902,16525,34.3,255.0
Station_01,Inv_00,20170812,07:00:00,249.0,4.0,996,217.0,4.3,933,25902,16525,35.2,295.0
Station_01,Inv_00,20170812,07:01:00,242.5,4.0,970,216.0,4.2,907,25902,16525,35.9,289.0
Station_01,Inv_00,20170812,07:02:00,247.5,3.4,842,215.0,3.8,817,25902,16525,36.4,254.0
Station_01,Inv_00,20170812,07:03:00,239.9,3.1,744,215.0,3.3,710,25902,16525,36.9,243.0
Station_01,Inv_00,20170812,07:04:00,237.0,2.8,664,215.0,3.0,645,25902,16525,36.9,201.0
Station_01,Inv_00,20170812,07:05:00,236.0,3.0,708,215.0,3.1,667,25902,16525,37.1,206.0
Station_01,Inv_00,20170812,07:06:00,243.0,2.8,680,215.0,3.0,645,25902,16525,37.2,195.0
Station_01,Inv_00,20170812,07:07:00,239.4,2.7,646,218.0,2.8,610,25902,16525,37.4,191.0
Station_01,Inv_00,20170812,07:08:00,236.5,2.7,639,218.0,2.8,610,25902,16525,37.3,188.0
Station_01,Inv_00,20170812,07:09:00,235.0,2.4,564,218.0,2.5,545,25902,16525,37.2,172.0
Station_01,Inv_00,20170812,07:10:00,241.0,2.2,530,218.0,2.3,501,25902,16525,36.9,161.0
Station_01,Inv_00,20170812,07:11:00,237.4,2.1,499,220.0,2.1,462,25902,16525,36.7,148.0
Station_01,Inv_00,20170812,07:12:00,238.5,1.9,453,219.0,2.0,438,25902,16525,36.4,137.0
Station_01,Inv_00,20170812,07:13:00,226.0,1.8,407,218.0,1.8,392,25902,16525,36.1,130.0
Station_01,Inv_00,20170812,07:14:00,219.5,1.6,351,218.0,1.5,327,25902,16525,35.9,118.0
Station_01,Inv_00,20170812,07:15:00,198.9,1.5,298,219.0,1.4,307,25902,16525,35.5,113.0
Station_01,Inv_00,20170812,07:16:00,230.0,1.4,322,218.0,1.5,327,25902,16525,35.4,113.0
Station_01,Inv_00,20170812,07:17:00,209.3,1.6,335,217.0,1.5,326,25902,16525,34.9,116.0
Station_01,Inv_00,20170812,07:18:00,226.7,1.4,317,217.0,1.5,326,25902,16525,34.9,116.0
Station_01,Inv_00,20170812,07:19:00,233.0,1.1,256,218.0,1.2,262,25902,16525,34.5,96.0
Station_01,Inv_00,20170812,07:20:00,219.4,1.0,219,218.0,1.1,240,25902,16525,34.2,89.0
Station_01,Inv_00,20170812,07:21:00,235.3,0.9,212,218.0,1.1,240,25902,16525,33.9,86.0
Station_01,Inv_00,20170812,07:22:00,237.4,0.9,214,219.0,1.0,219,25902,16525,33.7,84.0
Station_01,Inv_00,20170812,07:23:00,233.2,0.9,210,219.0,1.0,219,25902,16525,33.4,84.0
Station_01,Inv_00,20170812,07:24:00,224.4,0.9,202,220.0,1.0,220,25902,16525,33.1,84.0
Station_01,Inv_00,20170812,07:25:00,240.4,0.9,216,219.0,1.0,219,25902,16525,32.9,83.0
Station_01,Inv_00,20170812,07:26:00,234.0,0.9,211,218.0,1.0,218,25902,16525,32.7,82.0
Station_01,Inv_00,20170812,07:27:00,232.0,0.9,209,218.0,1.0,218,25902,16525,32.6,83.0
Station_01,Inv_00,20170812,07:28:00,239.2,0.9,215,219.0,1.0,219,25902,16525,32.4,84.0
Station_01,Inv_00,20170812,07:29:00,241.4,0.9,217,218.0,1.1,240,25902,16525,32.3,88.0
Station_01,Inv_00,20170812,07:30:00,245.0,1.0,245,219.0,1.2,263,25902,16525,32.2,93.0
Station_01,Inv_00,20170812,07:31:00,243.8,1.1,268,219.0,1.3,285,25902,16525,32.1,97.0
Station_01,Inv_00,20170812,07:32:00,243.0,1.2,292,219.0,1.3,285,25902,16525,32.1,102.0
Station_01,Inv_00,20170812,07:33:00,241.5,1.3,314,219.0,1.4,307,25902,16525,32.1,108.0
Station_01,Inv_00,20170812,07:34:00,229.9,1.5,345,217.0,1.5,326,25902,16525,32.2,119.0
Station_01,Inv_00,20170812,07:35:00,241.8,1.7,411,216.0,1.8,389,25902,16525,32.4,130.0
Station_01,Inv_00,20170812,07:36:00,243.0,1.9,462,217.0,2.0,434,25902,16525,32.7,140.0
Station_01,Inv_00,20170812,07:37:00,245.5,2.1,516,218.0,2.2,480,25902,16525,33.0,153.0
Station_01,Inv_00,20170812,07:38:00,246.5,2.1,518,219.0,2.4,526,25902,16525,33.3,164.0
Station_01,Inv_00,20170812,07:39:00,242.5,2.5,606,219.0,2.5,548,25902,16525,33.7,176.0
Station_01,Inv_00,20170812,07:40:00,232.0,2.8,650,219.0,2.9,635,25902,16525,34.0,199.0
Station_01,Inv_00,20170812,07:41:00,246.0,3.5,861,220.0,3.7,814,25902,16525,34.7,235.0
Station_01,Inv_00,20170812,07:42:00,237.5,7.2,1710,220.0,7.2,1584,25902,16525,36.5,446.0
Station_01,Inv_00,20170812,07:43:00,241.0,6.9,1663,219.0,7.2,1577,25902,16525,38.0,468.0
Station_01,Inv_00,20170812,07:44:00,247.0,4.9,1210,219.0,5.1,1117,25902,16525,39.1,375.0
Station_01,Inv_00,20170812,07:45:00,243.0,4.8,1166,219.0,4.8,1051,25902,16525,39.5,323.0
Station_01,Inv_00,20170812,07:46:00,245.0,4.2,1029,219.0,4.2,920,25902,16525,39.9,298.0
Station_01,Inv_00,20170812,07:47:00,243.9,3.9,951,219.0,4.1,898,25902,16525,40.3,280.0
Station_01,Inv_00,20170812,07:48:00,240.0,3.9,936,219.0,4.0,876,25902,16525,40.2,268.0
Station_01,Inv_00,20170812,07:49:00,241.5,4.0,966,220.0,4.0,880,25902,16525,40.5,268.0
Station_01,Inv_00,20170812,07:50:00,236.5,4.0,946,219.0,3.9,854,25902,16525,40.6,269.0
Station_01,Inv_00,20170812,07:51:00,237.0,3.9,924,219.0,4.0,876,25902,16525,40.7,270.0
Station_01,Inv_00,20170812,07:52:00,235.8,4.2,990,219.0,4.1,898,25902,16525,40.9,274.0
Station_01,Inv_00,20170812,07:53:00,237.0,4.2,995,220.0,4.3,946,25902,16525,41.5,316.0
Station_01,Inv_00,20170812,07:54:00,236.5,3.9,922,220.0,4.0,880,25902,16525,41.5,269.0
Station_01,Inv_00,20170812,07:55:00,211.5,4.0,846,219.0,3.6,788,25902,16525,41.6,259.0
Station_01,Inv_00,20170812,07:56:00,240.5,3.8,914,220.0,3.8,836,25902,16525,41.7,255.0
Station_01,Inv_00,20170812,07:57:00,241.5,3.4,821,220.0,3.7,814,25902,16525,41.5,243.0
Station_01,Inv_00,20170812,07:58:00,233.0,3.2,746,220.0,3.4,748,25902,16525,41.4,225.0
Station_01,Inv_00,20170812,07:59:00,235.0,2.8,658,220.0,3.0,660,25902,16525,41.0,204.0
Station_01,Inv_00,20170812,08:00:00,239.8,2.4,576,219.0,2.6,569,25902,16525,40.4,184.0
Station_01,Inv_00,20170812,08:01:00,224.5,2.3,516,219.0,2.4,526,25902,16525,40.2,169.0
Station_01,Inv_00,20170812,08:02:00,220.0,2.4,528,219.0,2.3,504,25902,16525,39.9,165.0
Station_01,Inv_00,20170812,08:03:00,239.0,2.2,526,219.0,2.4,526,25902,16525,39.5,177.0
Station_01,Inv_00,20170812,08:04:00,237.9,2.4,571,219.0,2.5,548,25902,16525,39.5,168.0
Station_01,Inv_00,20170812,08:05:00,240.5,2.4,577,218.0,2.5,545,25902,16525,39.3,169.0
Station_01,Inv_00,20170812,08:06:00,240.0,2.4,576,217.0,2.5,543,25902,16525,38.8,166.0
Station_01,Inv_00,20170812,08:07:00,232.5,2.4,558,218.0,2.5,545,25903,16526,38.7,171.0
Station_01,Inv_00,20170812,08:08:00,240.5,2.4,577,217.0,2.5,543,25903,16526,38.2,172.0
Station_01,Inv_00,20170812,08:09:00,241.9,2.5,605,218.0,2.6,567,25903,16526,37.9,174.0
Station_01,Inv_00,20170812,08:10:00,241.5,2.5,604,219.0,2.5,548,25903,16526,37.8,172.0
Station_01,Inv_00,20170812,08:11:00,239.0,2.3,550,219.0,2.5,548,25903,16526,37.7,165.0
Station_01,Inv_00,20170812,08:12:00,239.4,2.3,551,219.0,2.3,504,25903,16526,37.2,159.0
Station_01,Inv_00,20170812,08:13:00,242.0,2.3,557,219.0,2.4,526,25903,16526,36.8,158.0
Station_01,Inv_00,20170812,08:14:00,237.0,2.4,569,218.0,2.5,545,25903,16526,37.0,165.0
Station_01,Inv_00,20170812,08:15:00,236.0,2.7,637,220.0,2.7,594,25903,16526,37.2,176.0
Station_01,Inv_00,20170812,08:16:00,232.3,2.8,651,220.0,2.8,616,25903,16526,37.3,185.0
Station_01,Inv_00,20170812,08:17:00,230.0,2.9,667,219.0,2.8,613,25903,16526,37.4,190.0
Station_01,Inv_00,20170812,08:18:00,243.0,2.9,705,218.0,3.1,676,25903,16526,37.4,196.0
Station_01,Inv_00,20170812,08:19:00,237.5,3.0,713,219.0,3.1,679,25903,16526,37.5,203.0
Station_01,Inv_00,20170812,08:20:00,240.0,3.1,744,220.0,3.2,704,25903,16526,37.7,208.0
Station_01,Inv_00,20170812,08:21:00,239.5,3.2,766,222.0,3.3,733,25903,16526,37.8,213.0
Station_01,Inv_00,20170812,08:22:00,238.0,3.4,809,220.0,3.5,770,25903,16526,38.1,223.0
Station_01,Inv_00,20170812,08:23:00,241.9,4.1,992,219.0,4.1,898,25903,16526,38.4,272.0
Station_01,Inv_00,20170812,08:24:00,238.0,4.2,1000,220.0,4.2,924,25903,16526,38.6,276.0
Station_01,Inv_00,20170812,08:25:00,240.5,4.3,1034,221.0,4.4,972,25903,16526,39.0,281.0
Station_01,Inv_00,20170812,08:26:00,227.6,5.1,1161,221.0,5.2,1149,25903,16526,40.2,384.0
Station_01,Inv_00,20170812,08:27:00,240.5,3.7,890,220.0,3.8,836,25903,16526,40.0,268.0
Station_01,Inv_00,20170812,08:28:00,242.5,3.6,873,220.0,3.9,858,25903,16526,40.1,250.0
Station_01,Inv_00,20170812,08:29:00,241.5,4.1,990,220.0,4.1,902,25903,16526,40.2,264.0
Station_01,Inv_00,20170812,08:30:00,238.0,10.1,2404,220.0,10.2,2244,25903,16526,41.6,542.0
Station_01,Inv_00,20170812,08:31:00,236.9,9.4,2227,220.0,9.5,2090,25903,16526,43.7,598.0
Station_01,Inv_00,20170812,08:32:00,242.0,4.7,1137,220.0,4.8,1056,25903,16526,43.4,344.0
Station_01,Inv_00,20170812,08:33:00,227.0,4.5,1021,219.0,4.4,964,25903,16526,43.1,300.0
Station_01,Inv_00,20170812,08:34:00,223.0,4.2,937,220.0,4.1,902,25903,16526,43.1,297.0
Station_01,Inv_00,20170812,08:35:00,229.5,4.2,964,220.0,4.1,902,25903,16526,42.6,289.0
Station_01,Inv_00,20170812,08:36:00,236.0,4.0,944,219.0,4.0,876,25903,16526,42.8,261.0
Station_01,Inv_00,20170812,08:37:00,238.9,3.6,860,220.0,3.8,836,25903,16526,42.4,248.0
Station_01,Inv_00,20170812,08:38:00,237.0,3.8,901,219.0,3.8,832,25903,16526,42.2,245.0
Station_01,Inv_00,20170812,08:39:00,236.4,3.8,898,219.0,3.8,832,25903,16526,42.0,247.0
Station_01,Inv_00,20170812,08:40:00,229.0,3.6,824,219.0,3.7,810,25903,16526,41.4,245.0
Station_01,Inv_00,20170812,08:41:00,237.0,3.9,924,219.0,3.9,854,25903,16526,41.3,252.0
Station_01,Inv_00,20170812,08:42:00,242.0,3.5,847,219.0,3.8,832,25903,16526,41.1,245.0
Station_01,Inv_00,20170812,08:43:00,239.4,3.6,862,218.0,3.7,807,25903,16526,40.6,243.0
Station_01,Inv_00,20170812,08:44:00,234.5,3.6,844,219.0,3.6,788,25903,16526,40.6,239.0
Station_01,Inv_00,20170812,08:45:00,228.4,3.9,891,219.0,3.8,832,25903,16526,40.6,252.0
Station_01,Inv_00,20170812,08:46:00,236.8,3.6,853,219.0,3.9,854,25903,16526,40.3,254.0
Station_01,Inv_00,20170812,08:47:00,238.5,10.5,2504,219.0,10.8,2365,25903,16526,41.6,543.0
Station_01,Inv_00,20170812,08:48:00,235.0,7.5,1762,219.0,7.1,1555,25903,16526,41.5,379.0
Station_01,Inv_00,20170812,08:49:00,232.0,10.9,2529,219.0,10.7,2343,25903,16526,44.1,651.0
Station_01,Inv_00,20170812,08:50:00,233.5,11.1,2592,220.0,11.1,2442,25903,16526,46.3,702.0
Station_01,Inv_00,20170812,08:51:00,232.0,11.1,2575,219.0,11.0,2409,25903,16526,48.0,702.0
Station_01,Inv_00,20170812,08:52:00,231.0,11.1,2564,219.0,11.0,2409,25903,16526,48.9,705.0
Station_01,Inv_00,20170812,08:53:00,229.0,11.1,2542,220.0,10.8,2376,25903,16526,49.8,698.0
Station_01,Inv_00,20170812,08:54:00,229.0,11.3,2588,219.0,11.2,2453,25903,16526,51.2,719.0
Station_01,Inv_00,20170812,08:55:00,227.0,11.4,2588,220.0,11.0,2420,25903,16526,52.5,716.0
Station_01,Inv_00,20170812,08:56:00,225.5,11.5,2593,220.0,11.1,2442,25903,16526,52.9,722.0
Station_01,Inv_00,20170812,08:57:00,226.5,11.0,2491,221.0,10.7,2365,25904,16527,53.5,706.0
Station_01,Inv_00,20170812,08:58:00,225.5,11.6,2616,220.0,11.1,2442,25904,16527,53.5,733.0
Station_01,Inv_00,20170812,08:59:00,224.0,12.3,2755,221.0,11.8,2608,25904,16527,53.9,765.0
Station_01,Inv_00,20170812,09:00:00,213.5,13.1,2797,221.0,11.8,2608,25904,16527,55.5,790.0
Station_01,Inv_00,20170812,09:01:00,212.5,13.2,2805,221.0,12.0,2652,25904,16527,56.5,792.0
Station_01,Inv_00,20170812,09:02:00,205.2,7.6,1559,220.0,7.3,1606,25904,16527,57.1,710.0
Station_01,Inv_00,20170812,09:03:00,226.4,5.7,1291,219.0,5.5,1205,25904,16527,54.4,374.0
Station_01,Inv_00,20170812,09:04:00,226.0,4.4,994,219.0,4.3,942,25904,16527,53.0,315.0
Station_01,Inv_00,20170812,09:05:00,229.5,4.6,1056,219.0,4.3,942,25904,16527,50.1,294.0
Station_01,Inv_00,20170812,09:06:00,223.8,5.0,1119,219.0,4.6,1007,25904,16527,50.6,324.0
Station_01,Inv_00,20170812,09:07:00,217.0,12.8,2778,220.0,11.8,2596,25904,16527,49.7,615.0
Station_01,Inv_00,20170812,09:08:00,226.0,12.0,2712,219.0,11.7,2562,25904,16527,52.5,753.0
Station_01,Inv_00,20170812,09:09:00,226.0,6.0,1356,218.0,5.6,1221,25904,16527,51.2,341.0
Station_01,Inv_00,20170812,09:10:00,228.5,12.3,2811,219.0,12.1,2650,25904,16527,53.7,770.0
Station_01,Inv_00,20170812,09:11:00,224.5,10.9,2447,219.0,10.3,2256,25904,16527,54.2,649.0
Station_01,Inv_00,20170812,09:12:00,224.3,4.0,897,218.0,3.9,850,25904,16527,52.3,288.0
Station_01,Inv_00,20170812,09:13:00,223.0,3.6,803,218.0,3.6,785,25904,16527,51.1,250.0
Station_01,Inv_00,20170812,09:14:00,229.5,3.8,872,218.0,3.8,828,25904,16527,50.3,251.0
Station_01,Inv_00,20170812,09:15:00,235.5,3.8,895,219.0,3.9,854,25904,16527,48.0,259.0
Station_01,Inv_00,20170812,09:16:00,231.5,4.4,1019,219.0,4.2,920,25904,16527,47.4,275.0
Station_01,Inv_00,20170812,09:17:00,235.7,11.9,2805,219.0,11.9,2606,25904,16527,49.0,683.0
Station_01,Inv_00,20170812,09:18:00,230.5,12.4,2858,219.0,12.3,2694,25904,16527,50.0,767.0
Station_01,Inv_00,20170812,09:19:00,225.0,12.7,2858,219.0,12.3,2694,25904,16527,52.1,789.0
Station_01,Inv_00,20170812,09:20:00,223.0,8.8,1962,218.0,8.5,1853,25904,16527,51.4,555.0
Station_01,Inv_00,20170812,09:21:00,226.0,12.7,2870,219.0,12.4,2716,25904,16527,52.7,794.0
Station_01,Inv_00,20170812,09:22:00,228.8,6.4,1464,218.0,5.8,1264,25904,16527,52.7,537.0
Station_01,Inv_00,20170812,09:23:00,229.5,5.3,1216,218.0,5.1,1112,25904,16527,51.9,351.0
Station_01,Inv_00,20170812,09:24:00,230.2,8.0,1841,218.0,7.3,1591,25904,16527,50.8,361.0
Station_01,Inv_00,20170812,09:25:00,227.5,8.8,2002,218.0,9.0,1962,25904,16527,53.0,659.0
Station_01,Inv_00,20170812,09:26:00,225.5,13.3,2999,220.0,12.9,2838,25904,16527,53.7,822.0
Station_01,Inv_00,20170812,09:27:00,221.5,13.6,3012,220.0,12.9,2838,25904,16527,53.3,829.0
Station_01,Inv_00,20170812,09:28:00,223.0,13.6,3032,220.0,12.9,2838,25905,16527,54.9,856.0
Station_01,Inv_00,20170812,09:29:00,221.0,12.9,2851,219.0,12.3,2694,25905,16527,56.8,814.0
Station_01,Inv_00,20170812,09:30:00,221.9,7.6,1687,218.0,7.1,1548,25905,16527,55.4,471.0
Station_01,Inv_00,20170812,09:31:00,220.4,14.1,3108,219.0,13.3,2913,25905,16527,56.8,838.0
Station_01,Inv_00,20170812,09:32:00,217.0,13.9,3016,219.0,12.9,2825,25905,16527,57.5,856.0
Station_01,Inv_00,20170812,09:33:00,218.5,14.0,3059,219.0,13.1,2869,25905,16527,58.2,863.0
Station_01,Inv_00,20170812,09:34:00,213.0,10.4,2215,220.0,9.2,2024,25905,16527,59.7,740.0
Station_01,Inv_00,20170812,09:35:00,220.0,13.5,2970,220.0,12.6,2772,25905,16527,59.6,787.0
Station_01,Inv_00,20170812,09:36:00,221.9,8.5,1886,218.0,8.2,1788,25905,16527,59.4,629.0
Station_01,Inv_00,20170812,09:37:00,222.0,8.9,1976,219.0,8.8,1927,25905,16527,57.2,586.0
Station_01,Inv_00,20170812,09:38:00,206.5,15.5,3201,219.0,13.6,2978,25905,16527,60.7,910.0
Station_01,Inv_00,20170812,09:39:00,213.5,15.1,3224,220.0,13.7,3014,25905,16527,60.4,928.0
Station_01,Inv_00,20170812,09:40:00,197.5,15.7,3101,219.0,13.3,2913,25905,16527,60.9,918.0
Station_01,Inv_00,20170812,09:41:00,205.5,9.7,1993,219.0,9.4,2059,25905,16527,62.6,812.0
Station_01,Inv_00,20170812,09:42:00,215.9,9.1,1965,219.0,8.8,1927,25905,16527,60.5,729.0
Station_01,Inv_00,20170812,09:43:00,218.4,5.6,1223,218.0,5.3,1155,25905,16527,57.3,379.0
Station_01,Inv_00,20170812,09:44:00,221.5,5.1,1130,219.0,4.9,1073,25905,16527,55.4,333.0
Station_01,Inv_00,20170812,09:45:00,223.5,5.1,1140,219.0,5.0,1095,25905,16527,55.1,330.0
Station_01,Inv_00,20170812,09:46:00,219.5,5.4,1185,218.0,5.1,1112,25905,16527,52.6,342.0
Station_01,Inv_00,20170812,09:47:00,227.9,6.2,1413,219.0,6.0,1314,25905,16527,52.2,368.0
Station_01,Inv_00,20170812,09:48:00,225.0,7.4,1665,219.0,7.2,1577,25905,16527,52.0,457.0
Station_01,Inv_00,20170812,09:49:00,227.5,14.0,3185,219.0,13.6,2978,25905,16527,52.9,644.0
Station_01,Inv_00,20170812,09:50:00,227.0,12.2,2769,220.0,11.5,2530,25905,16527,54.7,689.0
Station_01,Inv_00,20170812,09:51:00,228.5,8.2,1874,219.0,8.3,1818,25905,16527,54.6,533.0
Station_01,Inv_00,20170812,09:52:00,226.4,5.8,1313,219.0,5.6,1226,25905,16527,53.1,384.0
Station_01,Inv_00,20170812,09:53:00,228.5,5.2,1188,219.0,5.0,1095,25905,16527,52.0,339.0
Station_01,Inv_00,20170812,09:54:00,229.0,4.8,1099,219.0,4.6,1007,25905,16527,51.6,312.0
Station_01,Inv_00,20170812,09:55:00,231.9,4.6,1067,218.0,4.5,981,25905,16527,51.0,298.0
Station_01,Inv_00,20170812,09:56:00,229.4,4.4,1010,218.0,4.3,937,25906,16528,50.2,290.0
Station_01,Inv_00,20170812,09:57:00,229.5,4.6,1056,219.0,4.4,964,25906,16528,49.1,293.0
Station_01,Inv_00,20170812,09:58:00,231.5,4.8,1111,219.0,4.6,1007,25906,16528,47.8,303.0
Station_01,Inv_00,20170812,09:59:00,231.5,5.0,1157,219.0,5.0,1095,25906,16528,47.1,320.0
Station_01,Inv_00,20170812,10:00:00,226.5,6.7,1518,219.0,6.6,1445,25906,16528,47.2,434.0
Station_01,Inv_00,20170812,10:01:00,228.5,5.0,1143,219.0,4.9,1073,25906,16528,46.7,325.0
Station_01,Inv_00,20170812,10:02:00,229.5,4.6,1056,219.0,4.5,986,25906,16528,45.2,295.0
Station_01,Inv_00,20170812,10:03:00,234.5,4.2,985,219.0,4.2,920,25906,16528,45.1,282.0
Station_01,Inv_00,20170812,10:04:00,235.0,4.2,987,219.0,4.1,898,25906,16528,44.2,274.0
Station_01,Inv_00,20170812,10:05:00,226.5,4.6,1042,219.0,4.4,964,25906,16528,43.2,291.0
Station_01,Inv_00,20170812,10:06:00,238.9,4.7,1123,219.0,4.7,1029,25906,16528,43.5,311.0
Station_01,Inv_00,20170812,10:07:00,233.5,4.6,1074,218.0,4.5,981,25906,16528,43.5,301.0
Station_01,Inv_00,20170812,10:08:00,233.5,4.4,1027,219.0,4.4,964,25906,16528,43.2,293.0
Station_01,Inv_00,20170812,10:09:00,235.0,4.0,940,219.0,4.1,898,25906,16528,42.8,279.0
Station_01,Inv_00,20170812,10:10:00,239.0,3.8,908,219.0,3.9,854,25906,16528,41.9,263.0
Station_01,Inv_00,20170812,10:11:00,239.0,3.7,884,219.0,3.8,832,25906,16528,41.4,251.0
Station_01,Inv_00,20170812,10:12:00,234.9,3.6,846,218.0,3.7,807,25906,16528,41.6,254.0
Station_01,Inv_00,20170812,10:13:00,236.0,3.7,873,219.0,3.7,810,25906,16528,41.1,252.0
Station_01,Inv_00,20170812,10:14:00,236.5,3.6,851,219.0,3.6,788,25906,16528,41.5,245.0
Station_01,Inv_00,20170812,10:15:00,238.0,3.9,928,219.0,4.0,876,25906,16528,40.5,257.0
Station_01,Inv_00,20170812,10:16:00,239.5,5.0,1198,219.0,5.0,1095,25906,16528,40.9,316.0
Station_01,Inv_00,20170812,10:17:00,235.5,14.2,3344,220.0,14.2,3124,25906,16528,44.2,875.0
Station_01,Inv_00,20170812,10:18:00,226.5,13.8,3125,220.0,13.3,2926,25906,16528,46.5,905.0
Station_01,Inv_00,20170812,10:19:00,222.5,9.9,2203,220.0,9.6,2112,25906,16528,48.1,708.0
Station_01,Inv_00,20170812,10:20:00,226.0,12.7,2870,220.0,12.4,2728,25906,16528,49.4,803.0
Station_01,Inv_00,20170812,10:21:00,230.0,5.3,1219,219.0,5.2,1139,25906,16528,48.1,373.0
Station_01,Inv_00,20170812,10:22:00,237.0,5.4,1280,219.0,5.4,1183,25906,16528,47.5,361.0
Station_01,Inv_00,20170812,10:23:00,230.0,15.6,3588,220.0,15.4,3388,25906,16528,51.0,980.0
Station_01,Inv_00,20170812,10:24:00,224.4,8.5,1908,219.0,8.3,1818,25906,16528,50.9,540.0
Station_01,Inv_00,20170812,10:25:00,223.5,15.5,3464,220.0,14.7,3234,25906,16528,54.2,963.0
Station_01,Inv_00,20170812,10:26:00,217.0,9.6,2083,220.0,8.9,1958,25906,16528,53.9,695.0
Station_01,Inv_00,20170812,10:27:00,226.5,6.3,1427,219.0,6.2,1358,25906,16528,53.9,426.0
Station_01,Inv_00,20170812,10:28:00,226.5,6.4,1450,219.0,6.2,1358,25906,16528,52.2,397.0
Station_01,Inv_00,20170812,10:29:00,219.5,15.9,3490,221.0,14.9,3293,25906,16528,53.9,930.0
Station_01,Inv_00,20170812,10:30:00,218.0,16.3,3553,221.0,15.0,3315,25906,16528,55.5,1022.0
Station_01,Inv_00,20170812,10:31:00,212.0,16.7,3540,221.0,14.9,3293,25906,16528,59.2,1044.0
Station_01,Inv_00,20170812,10:32:00,216.5,6.6,1429,220.0,6.1,1342,25907,16529,57.1,452.0
Station_01,Inv_00,20170812,10:33:00,217.0,6.3,1367,219.0,5.7,1248,25907,16529,55.2,398.0
Station_01,Inv_00,20170812,10:34:00,215.4,7.5,1616,219.0,6.5,1424,25907,16529,54.4,405.0
Station_01,Inv_00,20170812,10:35:00,214.0,4.7,1006,219.0,4.2,920,25907,16529,53.8,314.0
Station_01,Inv_00,20170812,10:36:00,221.7,3.8,843,219.0,3.8,832,25907,16529,52.3,263.0
Station_01,Inv_00,20170812,10:37:00,227.5,3.8,865,219.0,3.7,810,25907,16529,50.2,250.0
Station_01,Inv_00,20170812,10:38:00,231.4,4.0,926,219.0,3.9,854,25907,16529,48.3,261.0
Station_01,Inv_00,20170812,10:39:00,229.5,4.2,964,219.0,4.0,876,25907,16529,47.3,271.0
Station_01,Inv_00,20170812,10:40:00,231.0,4.2,970,219.0,4.0,876,25907,16529,46.0,274.0
Station_01,Inv_00,20170812,10:41:00,237.0,3.8,901,219.0,3.9,854,25907,16529,45.9,261.0
Station_01,Inv_00,20170812,10:42:00,235.4,4.0,942,218.0,3.9,850,25907,16529,44.6,261.0
Station_01,Inv_00,20170812,10:43:00,233.0,3.9,909,219.0,3.9,854,25907,16529,43.1,261.0
Station_01,Inv_00,20170812,10:44:00,241.0,3.8,916,219.0,3.9,854,25907,16529,43.2,260.0
Station_01,Inv_00,20170812,10:45:00,234.1,3.9,913,219.0,4.0,876,25907,16529,42.9,256.0
Station_01,Inv_00,20170812,10:46:00,233.0,3.7,862,219.0,3.9,854,25907,16529,41.9,256.0
Station_01,Inv_00,20170812,10:47:00,239.9,4.0,960,219.0,4.1,898,25907,16529,41.7,266.0
Station_01,Inv_00,20170812,10:48:00,235.5,4.3,1013,218.0,4.2,916,25907,16529,41.3,280.0
Station_01,Inv_00,20170812,10:49:00,238.0,4.4,1047,219.0,4.5,986,25907,16529,41.2,291.0
Station_01,Inv_00,20170812,10:50:00,239.4,4.6,1101,219.0,4.7,1029,25907,16529,41.2,306.0
Station_01,Inv_00,20170812,10:51:00,225.0,5.1,1147,219.0,5.0,1095,25907,16529,41.7,329.0
Station_01,Inv_00,20170812,10:52:00,226.5,5.3,1200,219.0,5.2,1139,25907,16529,41.7,344.0
Station_01,Inv_00,20170812,10:53:00,234.9,5.8,1363,218.0,5.7,1243,25907,16529,41.9,364.0
Station_01,Inv_00,20170812,10:54:00,238.5,5.9,1407,218.0,6.0,1308,25907,16529,42.5,382.0
Station_01,Inv_00,20170812,10:55:00,237.5,6.7,1591,218.0,6.7,1461,25907,16529,42.9,416.0
Station_01,Inv_00,20170812,10:56:00,236.5,7.4,1750,218.0,7.5,1635,25907,16529,43.4,470.0
Station_01,Inv_00,20170812,10:57:00,228.5,9.6,2194,218.0,9.8,2136,25907,16529,44.6,652.0
Station_01,Inv_00,20170812,10:58:00,235.4,15.4,3625,219.0,14.8,3241,25907,16529,49.0,1003.0
Station_01,Inv_00,20170812,10:59:00,233.4,8.1,1890,218.0,8.2,1788,25907,16529,48.8,542.0
Station_01,Inv_00,20170812,11:00:00,235.5,11.8,2779,219.0,11.7,2562,25907,16529,50.0,595.0
Station_01,Inv_00,20170812,11:01:00,232.0,7.3,1694,218.0,7.6,1657,25907,16529,50.5,596.0
Station_01,Inv_00,20170812,11:02:00,231.0,5.6,1294,218.0,5.6,1221,25907,16529,49.1,384.0
Station_01,Inv_00,20170812,11:03:00,234.0,5.5,1287,218.0,5.4,1177,25907,16529,48.1,362.0
Station_01,Inv_00,20170812,11:04:00,226.9,5.9,1339,218.0,5.6,1221,25907,16529,47.0,375.0
Station_01,Inv_00,20170812,11:05:00,236.0,6.2,1463,218.0,6.2,1352,25907,16529,46.6,404.0
Station_01,Inv_00,20170812,11:06:00,233.0,7.8,1817,219.0,7.8,1708,25907,16529,46.7,487.0
Station_01,Inv_00,20170812,11:07:00,233.4,16.4,3828,220.0,16.3,3586,25907,16529,48.7,849.0
Station_01,Inv_00,20170812,11:08:00,226.9,14.4,3268,218.0,13.9,3030,25907,16529,51.4,971.0
Station_01,Inv_00,20170812,11:09:00,220.0,17.1,3762,219.0,16.0,3504,25907,16529,56.0,1098.0
Station_01,Inv_00,20170812,11:10:00,217.5,17.1,3719,219.0,15.9,3482,25907,16529,59.0,1096.0
Station_01,Inv_00,20170812,11:11:00,206.5,16.6,3427,219.0,14.6,3197,25908,16529,60.4,1048.0
Station_01,Inv_00,20170812,11:12:00,211.5,16.5,3489,219.0,14.9,3263,25908,16529,61.0,1036.0
Station_01,Inv_00,20170812,11:13:00,215.4,16.1,3467,219.0,14.8,3241,25908,16529,61.5,1015.0
Station_01,Inv_00,20170812,11:14:00,207.0,16.2,3353,218.0,14.3,3117,25908,16529,62.9,1006.0
Station_01,Inv_00,20170812,11:15:00,211.5,4.7,994,217.0,4.4,955,25908,16529,59.1,345.0
Station_01,Inv_00,20170812,11:16:00,221.0,4.3,950,217.0,4.1,890,25908,16529,57.5,291.0
Station_01,Inv_00,20170812,11:17:00,224.0,4.1,918,218.0,4.0,872,25908,16529,54.5,276.0
Station_01,Inv_00,20170812,11:18:00,224.5,4.0,898,218.0,3.9,850,25908,16529,51.9,272.0
Station_01,Inv_00,20170812,11:19:00,225.0,4.1,923,217.0,4.0,868,25908,16529,50.8,272.0
Station_01,Inv_00,20170812,11:20:00,223.0,4.5,1004,217.0,4.3,933,25908,16529,49.7,292.0
Station_01,Inv_00,20170812,11:21:00,230.4,4.6,1060,217.0,4.5,977,25908,16529,48.8,296.0
Station_01,Inv_00,20170812,11:22:00,235.0,5.2,1222,217.0,5.1,1107,25908,16529,47.9,331.0
Station_01,Inv_00,20170812,11:23:00,232.4,6.0,1394,217.0,6.0,1302,25908,16529,47.2,376.0
Station_01,Inv_00,20170812,11:24:00,225.0,7.5,1688,217.0,7.3,1584,25908,16529,47.6,444.0
Station_01,Inv_00,20170812,11:25:00,224.0,9.7,2173,219.0,9.6,2102,25908,16529,48.6,620.0
Station_01,Inv_00,20170812,11:26:00,221.0,7.6,1680,217.0,7.3,1584,25908,16529,47.6,490.0
Station_01,Inv_00,20170812,11:27:00,231.5,8.5,1967,218.0,8.6,1875,25908,16529,49.0,531.0
Station_01,Inv_00,20170812,11:28:00,217.0,13.3,2886,218.0,12.5,2725,25908,16529,50.8,1008.0
Station_01,Inv_00,20170812,11:29:00,225.2,16.1,3625,219.0,15.4,3373,25908,16529,53.5,1073.0
Station_01,Inv_00,20170812,11:30:00,218.0,18.1,3945,218.0,16.8,3662,25908,16529,56.7,1149.0
Station_01,Inv_00,20170812,11:31:00,216.5,17.9,3875,218.0,16.5,3597,25908,16529,58.8,1143.0
Station_01,Inv_00,20170812,11:32:00,210.0,18.4,3864,218.0,16.5,3597,25908,16529,59.7,1155.0
Station_01,Inv_00,20170812,11:33:00,212.5,13.8,2933,218.0,12.8,2790,25908,16529,62.3,978.0
Station_01,Inv_00,20170812,11:34:00,219.0,16.7,3657,218.0,15.5,3379,25908,16529,63.1,1102.0
Station_01,Inv_00,20170812,11:35:00,218.0,16.5,3597,218.0,15.0,3270,25908,16529,62.7,923.0
Station_01,Inv_00,20170812,11:36:00,205.5,17.8,3658,218.0,15.7,3423,25909,16530,64.0,1085.0
Station_01,Inv_00,20170812,11:37:00,211.0,16.9,3566,218.0,15.2,3314,25909,16530,64.9,1091.0
Station_01,Inv_00,20170812,11:38:00,204.0,17.8,3631,218.0,15.5,3379,25909,16530,66.2,1103.0
Station_01,Inv_00,20170812,11:39:00,198.9,6.6,1313,217.0,5.6,1215,25909,16530,61.7,486.0
Station_01,Inv_00,20170812,11:40:00,210.0,5.7,1197,217.0,5.2,1128,25909,16530,60.6,370.0
Station_01,Inv_00,20170812,11:41:00,215.0,5.6,1204,217.0,5.2,1128,25909,16530,56.3,359.0
Station_01,Inv_00,20170812,11:42:00,224.5,6.9,1549,217.0,6.6,1432,25909,16530,53.6,376.0
Station_01,Inv_00,20170812,11:43:00,228.0,5.5,1254,217.0,5.4,1172,25909,16530,53.7,352.0
Station_01,Inv_00,20170812,11:44:00,225.9,5.1,1152,216.0,4.9,1058,25909,16530,53.1,325.0
Station_01,Inv_00,20170812,11:45:00,214.9,4.8,1032,217.0,4.5,977,25909,16530,51.0,310.0
Station_01,Inv_00,20170812,11:46:00,205.0,4.6,943,218.0,4.0,872,25909,16530,49.8,294.0
Station_01,Inv_00,20170812,11:47:00,223.0,4.5,1004,218.0,4.1,894,25909,16530,49.5,285.0
Station_01,Inv_00,20170812,11:48:00,230.0,4.4,1012,217.0,4.4,955,25909,16530,47.3,289.0
Station_01,Inv_00,20170812,11:49:00,217.0,4.7,1020,217.0,4.5,977,25909,16530,46.6,308.0
Station_01,Inv_00,20170812,11:50:00,232.3,5.0,1161,218.0,4.9,1068,25909,16530,46.9,322.0
Station_01,Inv_00,20170812,11:51:00,230.4,5.0,1152,217.0,4.9,1063,25909,16530,46.4,318.0
Station_01,Inv_00,20170812,11:52:00,224.0,5.5,1232,217.0,5.3,1150,25909,16530,46.0,339.0
Station_01,Inv_00,20170812,11:53:00,228.0,10.6,2416,218.0,9.8,2136,25909,16530,46.4,463.0
Station_01,Inv_00,20170812,11:54:00,230.0,5.8,1334,218.0,5.6,1221,25909,16530,46.8,391.0
Station_01,Inv_00,20170812,11:55:00,232.3,5.6,1301,218.0,5.5,1199,25909,16530,47.4,356.0
Station_01,Inv_00,20170812,11:56:00,224.8,7.8,1753,218.0,7.8,1700,25909,16530,49.9,686.0
Station_01,Inv_00,20170812,11:57:00,232.5,6.0,1395,217.0,5.9,1280,25909,16530,48.6,384.0
Station_01,Inv_00,20170812,11:58:00,230.6,5.9,1361,217.0,5.7,1237,25909,16530,48.1,372.0
Station_01,Inv_00,20170812,11:59:00,234.0,5.6,1310,217.0,5.6,1215,25909,16530,48.0,370.0
Station_01,Inv_00,20170812,12:00:00,231.0,5.9,1363,218.0,5.8,1264,25909,16530,47.4,372.0
Station_01,Inv_00,20170812,12:01:00,224.0,6.0,1344,217.0,5.7,1237,25909,16530,47.4,383.0
Station_01,Inv_00,20170812,12:02:00,233.4,5.1,1190,218.0,5.1,1112,25909,16530,47.3,350.0
Station_01,Inv_00,20170812,12:03:00,228.8,5.0,1144,218.0,4.9,1068,25909,16530,47.2,325.0
Station_01,Inv_00,20170812,12:04:00,230.4,5.0,1152,218.0,4.8,1046,25909,16530,45.7,318.0
Station_01,Inv_00,20170812,12:05:00,231.9,5.1,1183,218.0,5.1,1112,25909,16530,45.7,331.0
Station_01,Inv_00,20170812,12:06:00,232.3,6.0,1394,218.0,5.9,1286,25909,16530,45.5,387.0
Station_01,Inv_00,20170812,12:07:00,229.8,6.4,1471,218.0,6.3,1373,25909,16530,45.4,401.0
Station_01,Inv_00,20170812,12:08:00,233.0,6.9,1607,217.0,6.9,1497,25909,16530,45.3,437.0
Station_01,Inv_00,20170812,12:09:00,231.5,11.0,2547,218.0,11.1,2420,25909,16530,45.7,639.0
Station_01,Inv_00,20170812,12:10:00,228.0,8.0,1824,218.0,7.8,1700,25909,16530,46.8,515.0
Station_01,Inv_00,20170812,12:11:00,225.5,16.1,3631,219.0,15.5,3395,25909,16530,49.4,956.0
Station_01,Inv_00,20170812,12:12:00,228.1,7.3,1665,218.0,7.3,1591,25909,16530,50.0,535.0
Station_01,Inv_00,20170812,12:13:00,224.3,7.1,1592,218.0,6.8,1482,25909,16530,49.5,468.0
Station_01,Inv_00,20170812,12:14:00,227.5,16.1,3663,218.0,14.8,3226,25910,16531,49.3,779.0
Station_01,Inv_00,20170812,12:15:00,227.4,8.3,1888,218.0,8.2,1788,25910,16531,49.7,542.0
Station_01,Inv_00,20170812,12:16:00,231.5,9.9,2292,218.0,9.8,2136,25910,16531,50.4,626.0
Station_01,Inv_00,20170812,12:17:00,228.5,11.1,2536,219.0,11.1,2431,25910,16531,51.1,850.0
Station_01,Inv_00,20170812,12:18:00,221.5,13.1,2901,218.0,12.4,2703,25910,16531,54.1,983.0
Station_01,Inv_00,20170812,12:19:00,223.4,17.2,3842,218.0,16.6,3619,25910,16531,56.6,1081.0
Station_01,Inv_00,20170812,12:20:00,213.5,7.2,1537,217.0,6.6,1432,25910,16531,56.4,528.0
Station_01,Inv_00,20170812,12:21:00,216.5,6.8,1472,217.0,6.4,1389,25910,16531,54.0,469.0
Station_01,Inv_00,20170812,12:22:00,223.0,6.0,1338,217.0,5.7,1237,25910,16531,52.7,387.0
Station_01,Inv_00,20170812,12:23:00,223.5,6.0,1341,217.0,5.8,1259,25910,16531,51.6,382.0
Station_01,Inv_00,20170812,12:24:00,224.0,6.8,1523,217.0,6.6,1432,25910,16531,51.1,416.0
Station_01,Inv_00,20170812,12:25:00,222.0,15.9,3530,218.0,15.1,3292,25910,16531,53.4,840.0
Station_01,Inv_00,20170812,12:26:00,221.0,7.0,1547,218.0,6.6,1439,25910,16531,52.7,480.0
Station_01,Inv_00,20170812,12:27:00,220.5,6.6,1455,218.0,6.2,1352,25910,16531,52.2,415.0
Station_01,Inv_00,20170812,12:28:00,224.0,6.6,1478,218.0,6.4,1395,25910,16531,51.3,418.0
Station_01,Inv_00,20170812,12:29:00,223.4,8.3,1854,219.0,8.1,1774,25910,16531,51.2,501.0
Station_01,Inv_00,20170812,12:30:00,228.9,7.2,1648,218.0,7.2,1570,25910,16531,50.5,474.0
Station_01,Inv_00,20170812,12:31:00,233.3,6.7,1563,218.0,6.8,1482,25910,16531,49.9,449.0
Station_01,Inv_00,20170812,12:32:00,223.5,7.5,1676,217.0,7.1,1541,25910,16531,49.6,450.0
Station_01,Inv_00,20170812,12:33:00,226.5,7.4,1676,217.0,7.2,1562,25910,16531,50.1,489.0
Station_01,Inv_00,20170812,12:34:00,227.5,7.4,1684,218.0,7.2,1570,25910,16531,50.2,470.0
Station_01,Inv_00,20170812,12:35:00,230.4,8.0,1843,218.0,8.0,1744,25910,16531,49.8,486.0
Station_01,Inv_00,20170812,12:36:00,224.9,8.9,2002,218.0,8.8,1918,25910,16531,50.6,591.0
Station_01,Inv_00,20170812,12:37:00,230.5,7.9,1821,218.0,7.9,1722,25910,16531,50.7,500.0
Station_01,Inv_00,20170812,12:38:00,229.5,7.8,1790,218.0,7.8,1700,25910,16531,50.8,518.0
Station_01,Inv_00,20170812,12:39:00,226.5,7.9,1789,218.0,7.7,1679,25910,16531,50.6,502.0
Station_01,Inv_00,20170812,12:40:00,223.5,18.7,4180,219.0,17.0,3723,25910,16531,52.1,940.0
Station_01,Inv_00,20170812,12:41:00,221.5,13.2,2924,218.0,12.5,2725,25910,16531,54.7,974.0
Station_01,Inv_00,20170812,12:42:00,222.5,8.6,1913,218.0,8.5,1853,25910,16531,53.3,580.0
Station_01,Inv_00,20170812,12:43:00,214.0,15.7,3360,219.0,14.5,3176,25911,16531,54.0,931.0
Station_01,Inv_00,20170812,12:44:00,214.9,18.3,3932,219.0,16.8,3679,25911,16531,58.3,1117.0
Station_01,Inv_00,20170812,12:45:00,224.5,7.7,1729,219.0,7.5,1643,25911,16531,55.5,517.0
Station_01,Inv_00,20170812,12:46:00,221.0,11.8,2608,219.0,11.1,2431,25911,16531,54.6,559.0
Station_01,Inv_00,20170812,12:47:00,218.5,8.8,1923,218.0,8.4,1831,25911,16531,54.9,659.0
Station_01,Inv_00,20170812,12:48:00,215.5,14.9,3211,219.0,13.5,2957,25911,16531,55.3,674.0
Station_01,Inv_00,20170812,12:49:00,217.5,7.4,1610,219.0,7.0,1533,25911,16531,55.4,513.0
Station_01,Inv_00,20170812,12:50:00,224.4,14.3,3209,218.0,13.2,2878,25911,16531,53.9,557.0
Station_01,Inv_00,20170812,12:51:00,212.9,9.4,2001,218.0,8.8,1918,25911,16531,56.5,872.0
Station_01,Inv_00,20170812,12:52:00,220.5,7.2,1588,218.0,6.7,1461,25911,16531,53.6,460.0
Station_01,Inv_00,20170812,12:53:00,213.5,7.8,1665,218.0,7.1,1548,25911,16531,53.9,464.0
Station_01,Inv_00,20170812,12:54:00,219.0,9.2,2015,219.0,8.6,1883,25911,16531,54.8,752.0
Station_01,Inv_00,20170812,12:55:00,225.9,6.2,1401,218.0,6.1,1330,25911,16531,51.9,413.0
Station_01,Inv_00,20170812,12:56:00,224.0,6.6,1478,218.0,6.2,1352,25911,16531,49.9,412.0
Station_01,Inv_00,20170812,12:57:00,230.5,6.2,1429,218.0,6.1,1330,25911,16531,49.4,394.0
Station_01,Inv_00,20170812,12:58:00,232.5,6.5,1511,218.0,6.6,1439,25911,16531,49.1,408.0
Station_01,Inv_00,20170812,12:59:00,223.5,11.8,2637,217.0,11.6,2517,25911,16531,50.8,755.0
Station_01,Inv_00,20170812,13:00:00,231.4,6.8,1573,217.0,6.9,1497,25911,16531,49.7,468.0
Station_01,Inv_00,20170812,13:01:00,231.5,7.0,1621,217.0,6.9,1497,25911,16531,50.1,433.0
Station_01,Inv_00,20170812,13:02:00,234.5,8.4,1970,217.0,8.5,1845,25911,16531,50.0,556.0
Station_01,Inv_00,20170812,13:03:00,224.1,11.3,2532,220.0,12.5,2750,25911,16531,51.0,806.0
Station_01,Inv_00,20170812,13:04:00,228.5,7.5,1714,219.0,7.5,1643,25911,16531,51.3,555.0
Station_01,Inv_00,20170812,13:05:00,230.5,6.0,1383,219.0,5.9,1292,25911,16531,50.2,399.0
Station_01,Inv_00,20170812,13:06:00,232.5,5.3,1232,218.0,5.4,1177,25911,16531,49.9,354.0
Station_01,Inv_00,20170812,13:07:00,232.5,5.0,1162,219.0,5.1,1117,25911,16531,48.6,334.0
Station_01,Inv_00,20170812,13:08:00,233.5,4.9,1144,218.0,5.0,1090,25911,16531,47.1,326.0
Station_01,Inv_00,20170812,13:09:00,232.9,5.0,1165,218.0,5.0,1090,25911,16531,46.4,323.0
Station_01,Inv_00,20170812,13:10:00,237.5,4.9,1164,218.0,4.9,1068,25911,16531,45.8,316.0
Station_01,Inv_00,20170812,13:11:00,232.5,4.8,1116,218.0,4.7,1025,25911,16531,45.2,309.0
Station_01,Inv_00,20170812,13:12:00,231.0,4.9,1132,218.0,4.7,1025,25911,16531,45.3,305.0
Station_01,Inv_00,20170812,13:13:00,232.0,4.8,1114,220.0,4.8,1056,25911,16531,44.0,312.0
Station_01,Inv_00,20170812,13:14:00,238.0,4.8,1142,219.0,4.9,1073,25911,16531,44.0,310.0
Station_01,Inv_00,20170812,13:15:00,233.4,5.0,1167,218.0,5.0,1090,25911,16531,43.8,316.0
Station_01,Inv_00,20170812,13:16:00,236.8,5.7,1350,219.0,5.9,1292,25912,16532,43.8,356.0
Station_01,Inv_00,20170812,13:17:00,234.0,5.8,1357,218.0,5.7,1243,25912,16532,43.9,368.0
Station_01,Inv_00,20170812,13:18:00,227.5,6.1,1388,218.0,5.9,1286,25912,16532,44.0,377.0
Station_01,Inv_00,20170812,13:19:00,235.5,5.9,1389,218.0,5.9,1286,25912,16532,44.2,372.0
Station_01,Inv_00,20170812,13:20:00,235.5,6.1,1437,219.0,6.1,1336,25912,16532,45.1,374.0
Station_01,Inv_00,20170812,13:21:00,239.0,5.2,1243,218.0,5.3,1155,25912,16532,45.3,354.0
Station_01,Inv_00,20170812,13:22:00,236.4,4.6,1087,218.0,4.7,1025,25912,16532,44.2,311.0
Station_01,Inv_00,20170812,13:23:00,236.0,4.3,1015,218.0,4.4,959,25912,16532,44.2,288.0
Station_01,Inv_00,20170812,13:24:00,232.5,4.4,1023,217.0,4.4,955,25912,16532,44.3,283.0
Station_01,Inv_00,20170812,13:25:00,236.0,4.6,1086,218.0,4.6,1003,25912,16532,44.4,297.0
Station_01,Inv_00,20170812,13:26:00,234.5,5.2,1219,219.0,5.2,1139,25912,16532,43.7,329.0
Station_01,Inv_00,20170812,13:27:00,237.5,6.4,1520,220.0,6.2,1364,25912,16532,44.2,368.0
Station_01,Inv_00,20170812,13:28:00,225.8,5.2,1174,218.0,5.1,1112,25912,16532,44.6,341.0
Station_01,Inv_00,20170812,13:29:00,237.0,4.6,1090,218.0,4.6,1003,25912,16532,44.4,307.0
Station_01,Inv_00,20170812,13:30:00,237.9,4.4,1047,218.0,4.5,981,25912,16532,43.8,296.0
Station_01,Inv_00,20170812,13:31:00,234.0,4.2,983,218.0,4.2,916,25912,16532,43.2,284.0
Station_01,Inv_00,20170812,13:32:00,236.0,4.1,968,218.0,4.1,894,25912,16532,42.4,270.0
Station_01,Inv_00,20170812,13:33:00,237.5,4.0,950,218.0,4.0,872,25912,16532,41.9,262.0
Station_01,Inv_00,20170812,13:34:00,239.5,3.9,934,217.0,4.1,890,25912,16532,41.7,269.0
Station_01,Inv_00,20170812,13:35:00,238.0,4.2,1000,219.0,4.2,920,25912,16532,41.7,274.0
Station_01,Inv_00,20170812,13:36:00,238.5,4.7,1121,218.0,4.6,1003,25912,16532,41.9,300.0
Station_01,Inv_00,20170812,13:37:00,233.0,5.3,1235,219.0,5.2,1139,25912,16532,42.3,331.0
Station_01,Inv_00,20170812,13:38:00,232.4,6.0,1394,218.0,5.8,1264,25912,16532,42.7,368.0
Station_01,Inv_00,20170812,13:39:00,235.4,6.8,1601,218.0,6.8,1482,25912,16532,43.6,434.0
Station_01,Inv_00,20170812,13:40:00,238.5,7.1,1693,219.0,7.3,1599,25912,16532,44.0,460.0
Station_01,Inv_00,20170812,13:41:00,222.0,8.2,1820,219.0,7.7,1686,25912,16532,44.0,477.0
Station_01,Inv_00,20170812,13:42:00,213.0,9.0,1917,219.0,8.4,1840,25912,16532,47.7,804.0
Station_01,Inv_00,20170812,13:43:00,224.5,8.2,1841,219.0,8.0,1752,25912,16532,47.8,549.0
Station_01,Inv_00,20170812,13:44:00,230.5,7.4,1706,219.0,7.4,1621,25912,16532,48.5,537.0
Station_01,Inv_00,20170812,13:45:00,223.5,7.6,1699,219.0,7.4,1621,25912,16532,48.4,475.0
Station_01,Inv_00,20170812,13:46:00,224.9,7.4,1665,219.0,7.2,1577,25912,16532,48.0,484.0
Station_01,Inv_00,20170812,13:47:00,222.0,8.6,1909,219.0,8.2,1796,25912,16532,48.7,497.0
Station_01,Inv_00,20170812,13:48:00,226.5,14.0,3171,219.0,12.6,2759,25912,16532,49.0,653.0
Station_01,Inv_00,20170812,13:49:00,223.0,13.5,3010,219.0,13.0,2847,25912,16532,51.8,945.0
Station_01,Inv_00,20170812,13:50:00,223.0,15.5,3456,219.0,14.8,3241,25912,16532,53.8,962.0
Station_01,Inv_00,20170812,13:51:00,218.0,15.8,3444,219.0,14.7,3219,25912,16532,55.4,937.0
Station_01,Inv_00,20170812,13:52:00,211.5,7.6,1607,218.0,7.2,1570,25912,16532,55.8,694.0
Station_01,Inv_00,20170812,13:53:00,221.0,8.3,1834,219.0,8.0,1752,25912,16532,53.3,502.0
Station_01,Inv_00,20170812,13:54:00,225.9,7.0,1582,219.0,6.8,1489,25913,16532,52.8,457.0
Station_01,Inv_00,20170812,13:55:00,225.9,6.4,1446,219.0,6.3,1380,25913,16532,51.3,420.0
Station_01,Inv_00,20170812,13:56:00,226.9,5.8,1316,219.0,5.6,1226,25913,16532,50.4,377.0
Station_01,Inv_00,20170812,13:57:00,231.5,5.4,1250,219.0,5.4,1183,25913,16532,49.9,352.0
Station_01,Inv_00,20170812,13:58:00,233.5,5.6,1308,220.0,5.6,1232,25913,16532,48.7,362.0
Station_01,Inv_00,20170812,13:59:00,233.9,7.6,1778,219.0,7.5,1643,25913,16532,48.2,454.0
Station_01,Inv_00,20170812,14:00:00,232.1,12.4,2878,220.0,12.3,2706,25913,16532,49.1,651.0
Station_01,Inv_00,20170812,14:01:00,228.4,6.2,1416,219.0,6.1,1336,25913,16532,50.4,514.0
Station_01,Inv_00,20170812,14:02:00,231.5,5.7,1319,219.0,5.8,1270,25913,16532,49.3,383.0
Station_01,Inv_00,20170812,14:03:00,231.0,5.2,1201,219.0,5.1,1117,25913,16532,47.6,344.0
Station_01,Inv_00,20170812,14:04:00,234.0,5.0,1170,220.0,5.1,1122,25913,16532,46.8,330.0
Station_01,Inv_00,20170812,14:05:00,232.5,5.3,1232,219.0,5.1,1117,25913,16532,46.0,332.0
Station_01,Inv_00,20170812,14:06:00,220.0,5.7,1254,219.0,5.3,1161,25913,16532,45.6,345.0
Station_01,Inv_00,20170812,14:07:00,231.5,5.8,1343,219.0,5.7,1248,25913,16532,46.1,361.0
Station_01,Inv_00,20170812,14:08:00,230.0,9.9,2277,220.0,10.1,2222,25913,16532,46.0,535.0
Station_01,Inv_00,20170812,14:09:00,227.5,8.8,2002,218.0,9.2,2006,25913,16532,46.1,521.0
Station_01,Inv_00,20170812,14:10:00,224.5,9.1,2043,219.0,8.9,1949,25913,16532,47.1,567.0
Station_01,Inv_00,20170812,14:11:00,235.0,5.5,1293,218.0,5.5,1199,25913,16532,47.7,407.0
Station_01,Inv_00,20170812,14:12:00,234.5,5.0,1173,218.0,5.1,1112,25913,16532,46.2,327.0
Station_01,Inv_00,20170812,14:13:00,236.0,5.0,1180,218.0,5.1,1112,25913,16532,46.0,328.0
Station_01,Inv_00,20170812,14:14:00,233.0,5.3,1235,218.0,5.2,1134,25913,16532,45.7,331.0
Station_01,Inv_00,20170812,14:15:00,236.5,4.9,1159,218.0,5.1,1112,25913,16532,44.9,324.0
Station_01,Inv_00,20170812,14:16:00,238.0,5.0,1190,218.0,5.0,1090,25913,16532,44.4,317.0
Station_01,Inv_00,20170812,14:17:00,226.0,5.2,1175,218.0,5.1,1112,25913,16532,44.6,324.0
Station_01,Inv_00,20170812,14:18:00,238.5,5.5,1312,219.0,5.5,1205,25913,16532,44.6,341.0
Station_01,Inv_00,20170812,14:19:00,234.9,5.8,1363,218.0,5.9,1286,25913,16532,44.7,366.0
Station_01,Inv_00,20170812,14:20:00,231.8,5.8,1345,218.0,5.7,1243,25913,16532,45.0,365.0
Station_01,Inv_00,20170812,14:21:00,236.9,5.4,1279,218.0,5.4,1177,25913,16532,44.8,346.0
Station_01,Inv_00,20170812,14:22:00,240.5,5.0,1202,218.0,5.1,1112,25913,16532,44.8,324.0
Station_01,Inv_00,20170812,14:23:00,237.0,4.7,1114,218.0,4.6,1003,25913,16532,44.0,301.0
Station_01,Inv_00,20170812,14:24:00,234.5,4.4,1032,218.0,4.3,937,25913,16532,43.9,279.0
Station_01,Inv_00,20170812,14:25:00,233.0,4.2,978,218.0,4.1,894,25913,16532,43.3,273.0
Station_01,Inv_00,20170812,14:26:00,237.0,4.0,948,218.0,4.1,894,25913,16532,43.2,266.0
Station_01,Inv_00,20170812,14:27:00,235.0,4.2,987,219.0,4.1,898,25913,16532,42.5,268.0
Station_01,Inv_00,20170812,14:28:00,236.0,4.1,968,219.0,4.1,898,25913,16532,42.6,265.0
Station_01,Inv_00,20170812,14:29:00,235.5,4.0,942,218.0,4.1,894,25913,16532,42.5,264.0
Station_01,Inv_00,20170812,14:30:00,237.5,4.1,974,218.0,4.1,894,25913,16532,42.2,267.0
Station_01,Inv_00,20170812,14:31:00,232.0,4.4,1021,218.0,4.2,916,25913,16532,42.8,274.0
Station_01,Inv_00,20170812,14:32:00,235.0,4.4,1034,218.0,4.3,937,25913,16532,42.4,280.0
Station_01,Inv_00,20170812,14:33:00,233.0,4.4,1025,218.0,4.3,937,25913,16532,42.2,281.0
Station_01,Inv_00,20170812,14:34:00,237.5,4.4,1045,219.0,4.3,942,25913,16532,42.1,294.0
Station_01,Inv_00,20170812,14:35:00,234.3,4.6,1078,218.0,4.5,981,25913,16532,42.3,305.0
Station_01,Inv_00,20170812,14:36:00,238.5,4.6,1097,220.0,4.6,1012,25913,16532,42.7,300.0
Station_01,Inv_00,20170812,14:37:00,234.4,4.6,1078,218.0,4.6,1003,25913,16532,42.7,312.0
Station_01,Inv_00,20170812,14:38:00,237.5,4.4,1045,218.0,4.4,959,25913,16532,42.2,293.0
Station_01,Inv_00,20170812,14:39:00,224.0,4.2,941,218.0,4.1,894,25913,16532,42.2,295.0
Station_01,Inv_00,20170812,14:40:00,232.5,4.3,1000,218.0,4.1,894,25914,16533,42.1,274.0
Station_01,Inv_00,20170812,14:41:00,236.5,4.4,1041,218.0,4.3,937,25914,16533,42.0,303.0
Station_01,Inv_00,20170812,14:42:00,234.0,4.2,983,218.0,4.2,916,25914,16533,41.7,280.0
Station_01,Inv_00,20170812,14:43:00,240.4,4.4,1058,219.0,4.5,986,25914,16533,40.9,293.0
Station_01,Inv_00,20170812,14:44:00,239.0,4.7,1123,218.0,4.6,1003,25914,16533,41.9,305.0
Station_01,Inv_00,20170812,14:45:00,240.4,4.9,1178,219.0,5.0,1095,25914,16533,41.8,322.0
Station_01,Inv_00,20170812,14:46:00,235.0,5.2,1222,219.0,5.1,1117,25914,16533,42.5,335.0
Station_01,Inv_00,20170812,14:47:00,229.0,5.5,1260,219.0,5.3,1161,25914,16533,42.8,345.0
Station_01,Inv_00,20170812,14:48:00,239.0,6.4,1530,219.0,6.4,1402,25914,16533,43.2,405.0
Station_01,Inv_00,20170812,14:49:00,239.5,4.8,1150,219.0,5.0,1095,25914,16533,43.3,340.0
Station_01,Inv_00,20170812,14:50:00,237.4,4.4,1045,219.0,4.4,964,25914,16533,43.6,302.0
Station_01,Inv_00,20170812,14:51:00,236.0,4.1,968,219.0,4.1,898,25914,16533,43.2,273.0
Station_01,Inv_00,20170812,14:52:00,236.0,4.2,991,219.0,4.1,898,25914,16533,42.4,273.0
Station_01,Inv_00,20170812,14:53:00,238.0,4.1,976,218.0,4.2,916,25914,16533,42.6,274.0
Station_01,Inv_00,20170812,14:54:00,235.3,4.6,1083,219.0,4.6,1007,25914,16533,42.9,314.0
Station_01,Inv_00,20170812,14:55:00,233.4,4.4,1027,218.0,4.5,981,25914,16533,42.6,288.0
Station_01,Inv_00,20170812,14:56:00,235.9,4.4,1038,219.0,4.5,986,25914,16533,42.6,292.0
Station_01,Inv_00,20170812,14:57:00,235.5,4.5,1060,219.0,4.6,1007,25914,16533,42.6,291.0
Station_01,Inv_00,20170812,14:58:00,238.0,4.9,1166,220.0,4.9,1078,25914,16533,43.0,312.0
Station_01,Inv_00,20170812,14:59:00,237.0,4.9,1161,220.0,5.0,1100,25914,16533,43.2,311.0
Station_01,Inv_00,20170812,15:00:00,231.0,5.5,1270,219.0,5.5,1205,25914,16533,43.6,347.0
Station_01,Inv_00,20170812,15:01:00,229.0,7.0,1603,220.0,6.9,1518,25914,16533,44.1,427.0
Station_01,Inv_00,20170812,15:02:00,240.0,5.0,1200,220.0,5.0,1100,25914,16533,43.9,327.0
Station_01,Inv_00,20170812,15:03:00,236.5,5.9,1395,220.0,5.9,1298,25914,16533,43.8,335.0
Station_01,Inv_00,20170812,15:04:00,242.0,4.7,1137,220.0,4.7,1034,25914,16533,44.6,331.0
Station_01,Inv_00,20170812,15:05:00,233.5,4.3,1004,219.0,4.3,942,25914,16533,44.0,286.0
Station_01,Inv_00,20170812,15:06:00,234.0,4.6,1076,220.0,4.5,990,25914,16533,44.1,290.0
Station_01,Inv_00,20170812,15:07:00,234.5,4.5,1055,220.0,4.6,1012,25914,16533,43.4,296.0
Station_01,Inv_00,20170812,15:08:00,234.0,4.3,1006,219.0,4.2,920,25914,16533,43.1,281.0
Station_01,Inv_00,20170812,15:09:00,237.0,4.1,972,218.0,4.1,894,25914,16533,43.1,266.0
Station_01,Inv_00,20170812,15:10:00,233.0,3.8,885,219.0,3.9,854,25914,16533,43.1,258.0
Station_01,Inv_00,20170812,15:11:00,217.5,3.8,826,218.0,3.6,785,25914,16533,42.6,245.0
Station_01,Inv_00,20170812,15:12:00,234.0,3.6,842,219.0,3.8,832,25914,16533,42.6,244.0
Station_01,Inv_00,20170812,15:13:00,229.5,3.9,895,218.0,3.9,850,25914,16533,42.8,253.0
Station_01,Inv_00,20170812,15:14:00,230.9,3.7,854,218.0,3.7,807,25914,16533,42.3,242.0
Station_01,Inv_00,20170812,15:15:00,225.5,3.6,812,218.0,3.6,785,25914,16533,42.5,232.0
Station_01,Inv_00,20170812,15:16:00,235.3,3.4,800,219.0,3.6,788,25914,16533,42.1,234.0
Station_01,Inv_00,20170812,15:17:00,235.4,3.8,894,220.0,3.8,836,25914,16533,42.2,241.0
Station_01,Inv_00,20170812,15:18:00,230.5,4.0,922,218.0,4.0,872,25914,16533,41.7,262.0
Station_01,Inv_00,20170812,15:19:00,237.9,4.4,1047,218.0,4.4,959,25914,16533,41.7,285.0
Station_01,Inv_00,20170812,15:20:00,237.4,4.4,1045,219.0,4.4,964,25914,16533,41.5,289.0
Station_01,Inv_00,20170812,15:21:00,237.0,4.2,995,218.0,4.1,894,25914,16533,41.8,278.0
Station_01,Inv_00,20170812,15:22:00,236.5,4.0,946,219.0,4.0,876,25914,16533,41.3,267.0
Station_01,Inv_00,20170812,15:23:00,241.0,4.8,1157,219.0,4.9,1073,25914,16533,41.4,308.0
Station_01,Inv_00,20170812,15:24:00,233.9,7.4,1731,219.0,7.5,1643,25914,16533,43.1,474.0
Station_01,Inv_00,20170812,15:25:00,233.5,7.9,1845,220.0,7.9,1738,25914,16533,44.5,503.0
Station_01,Inv_00,20170812,15:26:00,236.0,6.2,1463,220.0,6.2,1364,25914,16533,45.4,426.0
Station_01,Inv_00,20170812,15:27:00,231.0,5.6,1294,219.0,5.6,1226,25914,16533,45.3,376.0
Station_01,Inv_00,20170812,15:28:00,234.0,5.4,1264,219.0,5.4,1183,25914,16533,45.3,341.0
Station_01,Inv_00,20170812,15:29:00,236.5,6.3,1490,219.0,6.5,1424,25914,16533,45.6,427.0
Station_01,Inv_00,20170812,15:30:00,239.4,6.4,1532,219.0,6.7,1467,25914,16533,45.6,437.0
Station_01,Inv_00,20170812,15:31:00,231.0,7.4,1709,219.0,7.4,1621,25914,16533,46.0,460.0
Station_01,Inv_00,20170812,15:32:00,229.5,8.1,1859,219.0,7.9,1730,25915,16534,46.5,494.0
Station_01,Inv_00,20170812,15:33:00,234.5,7.8,1829,219.0,7.9,1730,25915,16534,47.3,499.0
Station_01,Inv_00,20170812,15:34:00,229.0,4.3,985,219.0,4.1,898,25915,16534,45.9,335.0
Station_01,Inv_00,20170812,15:35:00,233.0,3.2,746,219.0,3.2,701,25915,16534,44.5,222.0
Station_01,Inv_00,20170812,15:36:00,229.5,3.1,711,218.0,3.2,698,25915,16534,43.6,217.0
Station_01,Inv_00,20170812,15:37:00,236.9,7.0,1659,219.0,7.0,1533,25915,16534,44.5,378.0
Station_01,Inv_00,20170812,15:38:00,235.0,4.6,1081,218.0,4.7,1025,25915,16534,44.2,310.0
Station_01,Inv_00,20170812,15:39:00,234.0,7.5,1755,219.0,7.4,1621,25915,16534,44.8,431.0
Station_01,Inv_00,20170812,15:40:00,236.5,7.5,1774,219.0,7.7,1686,25915,16534,45.3,480.0
Station_01,Inv_00,20170812,15:41:00,235.5,8.3,1955,220.0,8.5,1870,25915,16534,46.5,533.0
Station_01,Inv_00,20170812,15:42:00,232.5,8.0,1860,220.0,8.0,1760,25915,16534,47.5,537.0
Station_01,Inv_00,20170812,15:43:00,225.5,9.0,2029,220.0,8.7,1914,25915,16534,47.8,528.0
Station_01,Inv_00,20170812,15:44:00,230.5,5.5,1268,219.0,5.5,1205,25915,16534,48.3,374.0
Station_01,Inv_00,20170812,15:45:00,232.0,4.6,1067,219.0,4.5,986,25915,16534,46.8,303.0
Station_01,Inv_00,20170812,15:46:00,235.0,4.6,1081,219.0,4.6,1007,25915,16534,46.2,299.0
Station_01,Inv_00,20170812,15:47:00,230.5,6.1,1406,220.0,6.1,1342,25915,16534,46.7,453.0
Station_01,Inv_00,20170812,15:48:00,231.4,8.6,1990,220.0,8.6,1892,25915,16534,47.8,523.0
Station_01,Inv_00,20170812,15:49:00,218.3,5.4,1179,219.0,5.1,1117,25915,16534,46.8,391.0
Station_01,Inv_00,20170812,15:50:00,211.5,6.2,1311,219.0,5.6,1226,25915,16534,46.1,360.0
Station_01,Inv_00,20170812,15:51:00,235.0,4.9,1151,220.0,5.0,1100,25915,16534,45.8,324.0
Station_01,Inv_00,20170812,15:52:00,235.0,7.0,1645,220.0,6.9,1518,25915,16534,45.6,383.0
Station_01,Inv_00,20170812,15:53:00,230.4,5.8,1336,219.0,5.6,1226,25915,16534,46.6,377.0
Station_01,Inv_00,20170812,15:54:00,231.0,5.0,1155,220.0,4.8,1056,25915,16534,45.8,277.0
Station_01,Inv_00,20170812,15:55:00,221.0,5.6,1238,221.0,5.8,1282,25915,16534,46.0,439.0
Station_01,Inv_00,20170812,15:56:00,224.9,4.9,1102,220.0,4.7,1034,25915,16534,46.4,380.0
Station_01,Inv_00,20170812,15:57:00,233.5,4.2,981,220.0,4.2,924,25915,16534,45.0,282.0
Station_01,Inv_00,20170812,15:58:00,232.5,4.3,1000,218.0,4.2,916,25915,16534,45.1,272.0
Station_01,Inv_00,20170812,15:59:00,234.0,4.2,983,218.0,4.1,894,25915,16534,43.8,272.0
Station_01,Inv_00,20170812,16:00:00,233.0,3.9,909,217.0,4.0,868,25915,16534,44.0,258.0
Station_01,Inv_00,20170812,16:01:00,236.9,3.7,877,217.0,3.8,825,25915,16534,43.6,244.0
Station_01,Inv_00,20170812,16:02:00,230.5,3.6,830,217.0,3.7,803,25915,16534,43.0,233.0
Station_01,Inv_00,20170812,16:03:00,231.5,3.6,833,216.0,3.6,778,25915,16534,42.7,233.0
Station_01,Inv_00,20170812,16:04:00,228.0,3.6,821,217.0,3.5,760,25915,16534,42.5,228.0
Station_01,Inv_00,20170812,16:05:00,235.0,3.3,776,217.0,3.5,760,25915,16534,41.7,224.0
Station_01,Inv_00,20170812,16:06:00,234.0,3.1,725,217.0,3.1,673,25915,16534,41.4,210.0
Station_01,Inv_00,20170812,16:07:00,232.0,2.6,603,217.0,2.7,586,25915,16534,40.9,187.0
Station_01,Inv_00,20170812,16:08:00,235.5,2.2,518,217.0,2.4,521,25915,16534,40.8,165.0
Station_01,Inv_00,20170812,16:09:00,225.0,2.2,495,216.0,2.2,475,25915,16534,40.2,159.0
Station_01,Inv_00,20170812,16:10:00,232.8,2.4,559,218.0,2.4,523,25915,16534,39.8,161.0
Station_01,Inv_00,20170812,16:11:00,230.5,3.0,692,218.0,3.0,654,25915,16534,39.4,192.0
Station_01,Inv_00,20170812,16:12:00,230.5,3.2,738,217.0,3.2,694,25915,16534,39.2,210.0
Station_01,Inv_00,20170812,16:13:00,234.5,3.4,797,217.0,3.5,760,25915,16534,39.5,221.0
Station_01,Inv_00,20170812,16:14:00,229.0,6.0,1374,217.0,6.0,1302,25915,16534,40.3,362.0
Station_01,Inv_00,20170812,16:15:00,239.9,5.2,1248,216.0,5.4,1166,25915,16534,40.9,370.0
Station_01,Inv_00,20170812,16:16:00,238.9,5.0,1195,217.0,5.2,1128,25915,16534,41.5,346.0
Station_01,Inv_00,20170812,16:17:00,234.0,4.5,1053,217.0,4.5,977,25915,16534,42.0,297.0
Station_01,Inv_00,20170812,16:18:00,232.4,3.6,837,217.0,3.8,825,25915,16534,41.8,262.0
Station_01,Inv_00,20170812,16:19:00,234.5,3.1,727,216.0,3.1,670,25915,16534,41.9,212.0
Station_01,Inv_00,20170812,16:20:00,233.5,2.7,631,217.0,2.7,586,25915,16534,40.9,189.0
Station_01,Inv_00,20170812,16:21:00,229.0,2.8,641,218.0,2.9,632,25915,16534,41.2,193.0
Station_01,Inv_00,20170812,16:22:00,229.5,2.8,643,218.0,3.0,654,25915,16534,40.9,197.0
Station_01,Inv_00,20170812,16:23:00,237.0,2.6,616,217.0,2.7,586,25915,16534,40.3,178.0
Station_01,Inv_00,20170812,16:24:00,230.9,2.5,577,217.0,2.5,543,25915,16534,40.0,170.0
Station_01,Inv_00,20170812,16:25:00,230.9,3.6,831,216.0,3.6,778,25915,16534,40.3,233.0
Station_01,Inv_00,20170812,16:26:00,233.5,2.8,654,216.0,2.9,626,25915,16534,40.2,199.0
Station_01,Inv_00,20170812,16:27:00,232.3,2.8,651,217.0,2.8,608,25915,16534,39.9,184.0
Station_01,Inv_00,20170812,16:28:00,234.8,2.5,587,216.0,2.5,540,25915,16534,39.5,196.0
Station_01,Inv_00,20170812,16:29:00,235.5,2.5,589,216.0,2.5,540,25916,16534,39.2,165.0
Station_01,Inv_00,20170812,16:30:00,235.0,2.4,564,217.0,2.5,543,25916,16534,39.2,168.0
Station_01,Inv_00,20170812,16:31:00,231.2,2.2,509,218.0,2.2,480,25916,16534,38.7,160.0
Station_01,Inv_00,20170812,16:32:00,233.0,2.0,466,217.0,2.0,434,25916,16534,38.6,139.0
Station_01,Inv_00,20170812,16:33:00,231.0,2.0,462,216.0,2.0,432,25916,16534,38.2,149.0
Station_01,Inv_00,20170812,16:34:00,232.0,2.0,464,216.0,2.0,432,25916,16534,38.1,134.0
Station_01,Inv_00,20170812,16:35:00,221.1,1.9,420,216.0,1.9,410,25916,16534,38.0,130.0
Station_01,Inv_00,20170812,16:36:00,219.5,2.2,483,216.0,2.0,432,25916,16534,37.7,134.0
Station_01,Inv_00,20170812,16:37:00,231.5,1.8,417,217.0,1.8,391,25916,16534,37.6,123.0
Station_01,Inv_00,20170812,16:38:00,238.0,2.0,476,217.0,2.0,434,25916,16534,37.5,127.0
Station_01,Inv_00,20170812,16:39:00,235.0,1.8,423,217.0,2.0,434,25916,16534,37.6,151.0
Station_01,Inv_00,20170812,16:40:00,234.0,1.8,421,217.0,1.9,412,25916,16534,37.3,130.0
Station_01,Inv_00,20170812,16:41:00,237.5,1.9,451,216.0,2.1,454,25916,16534,37.2,136.0
Station_01,Inv_00,20170812,16:42:00,232.0,2.3,534,217.0,2.3,499,25916,16534,37.3,149.0
Station_01,Inv_00,20170812,16:43:00,235.5,2.5,589,217.0,2.5,543,25916,16534,37.2,162.0
Station_01,Inv_00,20170812,16:44:00,235.9,2.5,590,217.0,2.5,543,25916,16534,37.3,168.0
Station_01,Inv_00,20170812,16:45:00,240.0,2.4,576,217.0,2.6,564,25916,16534,37.5,169.0
Station_01,Inv_00,20170812,16:46:00,232.5,2.6,604,217.0,2.6,564,25916,16534,37.5,170.0
Station_01,Inv_00,20170812,16:47:00,233.9,2.7,632,216.0,2.8,605,25916,16534,37.8,175.0
Station_01,Inv_00,20170812,16:48:00,238.0,2.8,666,217.0,3.0,651,25916,16534,37.8,184.0
Station_01,Inv_00,20170812,16:49:00,230.0,3.1,713,217.0,3.1,673,25916,16534,37.6,196.0
Station_01,Inv_00,20170812,16:50:00,239.0,3.2,765,217.0,3.3,716,25916,16534,38.1,205.0
Station_01,Inv_00,20170812,16:51:00,239.3,3.6,861,217.0,3.6,781,25916,16534,38.5,222.0
Station_01,Inv_00,20170812,16:52:00,237.0,3.5,829,217.0,3.6,781,25916,16534,38.8,232.0
Station_01,Inv_00,20170812,16:53:00,235.9,3.5,826,218.0,3.6,785,25916,16534,39.1,221.0
Station_01,Inv_00,20170812,16:54:00,237.5,4.2,998,218.0,4.1,894,25916,16534,39.3,269.0
Station_01,Inv_00,20170812,16:55:00,233.9,4.0,936,219.0,4.0,876,25916,16534,39.8,289.0
Station_01,Inv_00,20170812,16:56:00,238.0,3.6,857,219.0,3.7,810,25916,16534,39.7,254.0
Station_01,Inv_00,20170812,16:57:00,234.4,3.3,774,218.0,3.4,741,25916,16534,39.9,220.0
Station_01,Inv_00,20170812,16:58:00,235.0,2.2,517,218.0,2.3,501,25916,16534,39.3,159.0
Station_01,Inv_00,20170812,16:59:00,236.0,2.4,566,218.0,2.5,545,25916,16534,39.1,159.0
Station_01,Inv_00,20170812,17:00:00,232.8,1.9,442,217.0,2.0,434,25916,16534,38.8,142.0
Station_01,Inv_00,20170812,17:01:00,231.3,1.8,416,218.0,1.9,414,25916,16534,38.5,130.0
Station_01,Inv_00,20170812,17:02:00,228.0,1.8,410,217.0,1.9,412,25916,16534,38.2,128.0
Station_01,Inv_00,20170812,17:03:00,232.0,1.9,441,217.0,1.9,412,25916,16534,38.0,129.0
Station_01,Inv_00,20170812,17:04:00,232.5,2.0,465,217.0,2.0,434,25916,16534,37.7,134.0
Station_01,Inv_00,20170812,17:05:00,228.0,2.2,502,217.0,2.1,456,25916,16534,37.4,142.0
Station_01,Inv_00,20170812,17:06:00,237.0,2.2,521,217.0,2.4,521,25916,16534,37.2,152.0
Station_01,Inv_00,20170812,17:07:00,236.5,2.4,568,217.0,2.5,543,25916,16534,37.2,162.0
Station_01,Inv_00,20170812,17:08:00,238.0,2.6,619,217.0,2.6,564,25916,16534,37.2,168.0
Station_01,Inv_00,20170812,17:09:00,236.5,2.4,568,217.0,2.5,543,25916,16534,37.4,167.0
Station_01,Inv_00,20170812,17:10:00,235.9,2.5,590,217.0,2.5,543,25916,16534,37.5,165.0
Station_01,Inv_00,20170812,17:11:00,234.8,2.5,587,217.0,2.5,543,25916,16534,37.6,164.0
Station_01,Inv_00,20170812,17:12:00,210.0,3.3,693,217.0,3.2,694,25916,16534,37.2,165.0
Station_01,Inv_00,20170812,17:13:00,228.6,3.3,754,218.0,3.3,719,25916,16534,37.2,160.0
Station_01,Inv_00,20170812,17:14:00,235.0,3.0,705,217.0,3.1,673,25916,16534,36.9,156.0
Station_01,Inv_00,20170812,17:15:00,222.5,2.9,645,217.0,2.9,629,25916,16534,36.7,150.0
Station_01,Inv_00,20170812,17:16:00,229.5,2.6,597,217.0,2.6,564,25916,16534,36.7,145.0
Station_01,Inv_00,20170812,17:17:00,246.3,2.4,591,217.0,2.5,543,25916,16534,36.6,141.0
Station_01,Inv_00,20170812,17:18:00,247.0,2.4,593,217.0,2.5,543,25916,16534,36.4,139.0
Station_01,Inv_00,20170812,17:19:00,245.1,2.3,564,217.0,2.5,543,25916,16534,36.3,139.0
Station_01,Inv_00,20170812,17:20:00,245.7,2.1,516,218.0,2.3,501,25916,16534,36.1,140.0
Station_01,Inv_00,20170812,17:21:00,243.3,2.3,560,217.0,2.5,543,25916,16534,36.3,141.0
Station_01,Inv_00,20170812,17:22:00,244.7,2.4,587,217.0,2.5,543,25916,16534,36.2,141.0
Station_01,Inv_00,20170812,17:23:00,239.9,2.2,528,217.0,2.3,499,25916,16534,36.3,135.0
Station_01,Inv_00,20170812,17:24:00,237.5,2.1,499,218.0,2.1,458,25916,16534,36.0,127.0
Station_01,Inv_00,20170812,17:25:00,221.0,2.0,442,218.0,2.0,436,25916,16534,35.8,122.0
Station_01,Inv_00,20170812,17:26:00,242.7,1.8,437,217.0,2.0,434,25916,16534,35.8,117.0
Station_01,Inv_00,20170812,17:27:00,232.8,1.8,419,218.0,1.8,392,25916,16534,35.6,113.0
Station_01,Inv_00,20170812,17:28:00,227.0,1.7,386,218.0,1.7,371,25916,16534,35.4,110.0
Station_01,Inv_00,20170812,17:29:00,225.0,1.7,383,218.0,1.6,349,25916,16534,35.4,108.0
Station_01,Inv_00,20170812,17:30:00,226.8,1.5,340,217.0,1.6,347,25916,16534,35.1,107.0
Station_01,Inv_00,20170812,17:31:00,237.0,1.6,379,217.0,1.6,347,25916,16534,35.0,108.0
Station_01,Inv_00,20170812,17:32:00,233.0,1.6,373,218.0,1.6,349,25916,16534,35.0,109.0
Station_01,Inv_00,20170812,17:33:00,236.4,1.5,355,217.0,1.7,369,25916,16534,34.9,110.0
Station_01,Inv_00,20170812,17:34:00,233.0,1.7,396,218.0,1.7,371,25916,16534,34.8,112.0
Station_01,Inv_00,20170812,17:35:00,236.3,1.7,402,218.0,1.8,392,25916,16534,34.9,114.0
Station_01,Inv_00,20170812,17:36:00,228.0,1.7,388,218.0,1.7,371,25916,16534,34.8,114.0
Station_01,Inv_00,20170812,17:37:00,236.4,1.6,378,217.0,1.6,347,25916,16534,34.7,112.0
Station_01,Inv_00,20170812,17:38:00,235.5,1.5,353,217.0,1.6,347,25916,16534,34.9,107.0
Station_01,Inv_00,20170812,17:39:00,231.0,1.4,323,216.0,1.5,324,25916,16534,34.7,104.0
Station_01,Inv_00,20170812,17:40:00,224.8,1.5,337,217.0,1.5,326,25916,16534,34.7,101.0
Station_01,Inv_00,20170812,17:41:00,230.9,1.4,323,217.0,1.5,326,25916,16534,34.7,100.0
Station_01,Inv_00,20170812,17:42:00,230.5,1.4,323,216.0,1.5,324,25916,16534,34.8,100.0
Station_01,Inv_00,20170812,17:43:00,227.9,1.5,342,217.0,1.5,326,25916,16534,34.8,100.0
Station_01,Inv_00,20170812,17:44:00,227.0,1.4,318,217.0,1.5,326,25916,16534,34.9,98.0
Station_01,Inv_00,20170812,17:45:00,225.4,1.4,316,217.0,1.4,304,25916,16534,34.8,97.0
Station_01,Inv_00,20170812,17:46:00,226.0,1.3,294,217.0,1.4,304,25916,16534,34.7,95.0
Station_01,Inv_00,20170812,17:47:00,220.8,1.3,287,217.0,1.4,304,25916,16534,34.7,94.0
Station_01,Inv_00,20170812,17:48:00,219.8,1.3,286,217.0,1.4,304,25916,16534,34.7,93.0
Station_01,Inv_00,20170812,17:49:00,234.3,1.3,305,218.0,1.4,305,25916,16534,34.5,92.0
Station_01,Inv_00,20170812,17:50:00,228.0,1.2,274,218.0,1.4,305,25916,16534,34.4,92.0
Station_01,Inv_00,20170812,17:51:00,225.3,1.3,293,218.0,1.3,283,25916,16534,34.5,91.0
Station_01,Inv_00,20170812,17:52:00,229.1,1.2,275,217.0,1.3,282,25916,16534,34.4,89.0
Station_01,Inv_00,20170812,17:53:00,228.2,1.1,251,217.0,1.2,260,25916,16534,34.2,85.0
Station_01,Inv_00,20170812,17:54:00,234.5,1.0,235,218.0,1.1,240,25916,16534,34.0,80.0
Station_01,Inv_00,20170812,17:55:00,227.0,0.8,182,217.0,1.0,217,25916,16534,33.8,74.0
Station_01,Inv_00,20170812,17:56:00,225.0,0.7,158,218.0,0.9,196,25916,16534,33.7,63.0
Station_01,Inv_00,20170812,17:57:00,222.0,0.6,133,218.0,0.7,153,25916,16534,33.5,55.0
Station_01,Inv_00,20170812,17:58:00,217.0,0.5,109,218.0,0.6,131,25916,16534,33.2,51.0
Station_01,Inv_00,20170812,17:59:00,212.6,0.5,106,218.0,0.6,131,25916,16534,33.1,48.0
Station_01,Inv_00,20170812,18:00:00,215.0,0.5,108,217.0,0.6,130,25916,16534,33.0,48.0
Station_01,Inv_00,20170812,18:01:00,211.5,0.6,127,217.0,0.6,130,25916,16534,32.8,50.0
Station_01,Inv_00,20170812,18:02:00,224.0,0.6,134,217.0,0.7,152,25916,16534,32.6,50.0
Station_01,Inv_00,20170812,18:03:00,224.0,0.6,134,217.0,0.7,152,25916,16534,32.5,51.0
Station_01,Inv_00,20170812,18:04:00,228.2,0.5,114,218.0,0.6,131,25916,16534,32.4,50.0
Station_01,Inv_00,20170812,18:05:00,221.0,0.6,133,217.0,0.6,130,25916,16534,32.2,51.0
Station_01,Inv_00,20170812,18:06:00,221.2,0.5,111,217.0,0.6,130,25916,16534,32.1,47.0
Station_01,Inv_00,20170812,18:07:00,208.0,0.4,83,217.0,0.5,109,25916,16534,32.0,47.0
Station_01,Inv_00,20170812,18:08:00,173.4,0.5,87,216.0,0.5,108,25916,16534,31.8,45.0
Station_01,Inv_00,20170812,18:09:00,210.5,0.4,84,216.0,0.5,108,25916,16534,31.8,43.0
Station_01,Inv_00,20170812,18:10:00,214.0,0.4,86,217.0,0.5,109,25916,16534,31.7,42.0
Station_01,Inv_00,20170812,18:11:00,210.0,0.4,84,217.0,0.5,109,25916,16534,31.5,41.0
Station_01,Inv_00,20170812,18:12:00,170.0,0.4,68,217.0,0.5,109,25916,16534,31.4,40.0
Station_01,Inv_00,20170812,18:13:00,170.0,0.4,68,218.0,0.5,109,25916,16534,31.4,39.0
Station_01,Inv_00,20170812,18:14:00,168.3,0.3,51,218.0,0.5,109,25916,16534,31.3,38.0
Station_01,Inv_00,20170812,18:15:00,212.3,0.3,64,217.0,0.5,109,25916,16534,31.1,36.0
Station_01,Inv_00,20170812,18:16:00,214.0,0.3,64,217.0,0.4,87,25916,16534,31.1,35.0
Station_01,Inv_00,20170812,18:17:00,212.5,0.2,43,216.0,0.4,86,25916,16534,31.0,34.0
Station_01,Inv_00,20170812,18:18:00,218.3,0.3,66,216.0,0.5,108,25916,16534,30.9,32.0
Station_01,Inv_00,20170812,18:19:00,218.0,0.1,22,216.0,0.4,86,25916,16534,30.8,31.0
Station_01,Inv_00,20170812,18:20:00,229.5,0.2,46,217.0,0.4,87,25916,16534,30.7,30.0
Station_01,Inv_00,20170812,18:21:00,216.5,0.2,43,216.0,0.4,86,25916,16534,30.7,29.0
Station_01,Inv_00,20170812,18:22:00,218.5,0.2,44,216.0,0.4,86,25916,16534,30.5,28.0
Station_01,Inv_00,20170812,18:23:00,215.0,0.2,43,216.0,0.4,86,25916,16534,30.5,28.0
Station_01,Inv_00,20170812,18:24:00,199.0,0.2,40,216.0,0.4,86,25916,16534,30.5,27.0
Station_01,Inv_00,20170812,18:25:00,0.0,0.0,0,216.0,0.4,86,25916,16534,30.5,27.0
Station_01,Inv_00,20170812,18:26:00,0.0,0.0,0,221.0,0.5,111,25916,16534,30.5,27.0
Station_01,Inv_00,20170812,18:27:00,0.0,0.0,0,0.0,0.0,0,25916,16534,30.6,26.0
Station_01,Inv_00,20170812,18:28:00,0.0,0.0,0,0.0,0.0,0,25916,16534,30.5,26.0
Station_01,Inv_00,20170812,18:29:00,0.0,0.0,0,0.0,0.0,0,25916,16534,30.5,24.0
Station_01,Inv_00,20170812,18:30:00,0.0,0.0,0,0.0,0.0,0,25916,16534,30.5,23.0
Station_01,Inv_00,20170812,18:31:00,0.0,0.0,0,0.0,0.0,0,25916,16534,30.5,22.0
Station_01,Inv_00,20170812,18:32:00,0.0,0.0,0,0.0,0.0,0,25916,16534,30.5,21.0
Station_01,Inv_00,20170812,18:33:00,0.0,0.0,0,0.0,0.0,0,25916,16534,30.4,21.0
Station_01,Inv_00,20170812,18:34:00,0.0,0.0,0,0.0,0.0,0,25916,16534,30.4,20.0
Station_01,Inv_00,20170812,18:35:00,0.0,0.0,0,0.0,0.0,0,25916,16534,30.2,19.0
Station_01,Inv_00,20170812,18:36:00,0.0,0.0,0,0.0,0.0,0,25916,16534,30.2,19.0
Station_01,Inv_00,20170812,18:37:00,0.0,0.0,0,0.0,0.0,0,25916,16534,30.1,19.0
Station_01,Inv_00,20170812,18:38:00,0.0,0.0,0,0.0,0.0,0,25916,16534,30.1,19.0
Station_01,Inv_00,20170812,18:39:00,0.0,0.0,0,0.0,0.0,0,25916,16534,30.0,18.0
Station_01,Inv_00,20170812,18:40:00,0.0,0.0,0,0.0,0.0,0,25916,16534,29.9,18.0
Station_01,Inv_00,20170812,18:41:00,0.0,0.0,0,0.0,0.0,0,25916,16534,29.8,17.0
Station_01,Inv_00,20170812,18:42:00,0.0,0.0,0,0.0,0.0,0,25916,16534,29.8,17.0
Station_01,Inv_00,20170812,18:43:00,0.0,0.0,0,0.0,0.0,0,25916,16534,29.7,17.0
Station_01,Inv_00,20170812,18:44:00,0.0,0.0,0,0.0,0.0,0,25916,16534,29.7,17.0
Station_01,Inv_00,20170812,18:45:00,0.0,0.0,0,0.0,0.0,0,25916,16534,29.6,17.0
Station_01,Inv_00,20170812,18:46:00,0.0,0.0,0,0.0,0.0,0,25916,16534,29.6,17.0
Station_01,Inv_00,20170812,18:47:00,0.0,0.0,0,0.0,0.0,0,25916,16534,29.6,17.0
Station_01,Inv_00,20170812,18:48:00,0.0,0.0,0,0.0,0.0,0,25916,16534,29.7,17.0
Station_01,Inv_00,20170812,18:49:00,0.0,0.0,0,0.0,0.0,0,25916,16534,29.7,18.0
Station_01,Inv_00,20170812,18:50:00,0.0,0.0,0,0.0,0.0,0,25916,16534,29.8,18.0
Station_01,Inv_00,20170812,18:51:00,0.0,0.0,0,0.0,0.0,0,25916,16534,29.8,18.0
Station_01,Inv_00,20170812,18:52:00,0.0,0.0,0,0.0,0.0,0,25916,16534,29.9,19.0
Station_01,Inv_00,20170812,18:53:00,0.0,0.0,0,0.0,0.0,0,25916,16534,29.8,18.0
Station_01,Inv_00,20170812,18:54:00,0.0,0.0,0,0.0,0.0,0,25916,16534,29.9,18.0
Station_01,Inv_00,20170812,18:55:00,0.0,0.0,0,0.0,0.0,0,25916,16534,29.9,18.0
Station_01,Inv_00,20170812,18:56:00,0.0,0.0,0,0.0,0.0,0,25916,16534,29.9,18.0
Station_01,Inv_00,20170812,18:57:00,0.0,0.0,0,0.0,0.0,0,25916,16534,29.9,22.0
Station_01,Inv_00,20170812,18:58:00,0.0,0.0,0,0.0,0.0,0,25916,16534,30.0,20.0
Station_01,Inv_00,20170812,18:59:00,0.0,0.0,0,0.0,0.0,0,25916,16534,30.0,20.0
Station_01,Inv_00,20170812,19:00:00,0.0,0.0,0,0.0,0.0,0,25916,16534,30.0,17.0
Station_01,Inv_00,20170812,19:01:00,0.0,0.0,0,0.0,0.0,0,25916,16534,30.0,18.0
Station_01,Inv_00,20170812,19:02:00,0.0,0.0,0,0.0,0.0,0,25916,16534,30.0,18.0
Station_01,Inv_00,20170812,19:03:00,0.0,0.0,0,0.0,0.0,0,25916,16534,30.0,32.0
Station_01,Inv_00,20170812,19:04:00,0.0,0.0,0,0.0,0.0,0,25916,16534,30.1,18.0
Station_01,Inv_00,20170812,19:05:00,0.0,0.0,0,0.0,0.0,0,25916,16534,30.0,18.0
Station_01,Inv_00,20170812,19:06:00,0.0,0.0,0,0.0,0.0,0,25916,16534,30.1,18.0
Station_01,Inv_00,20170812,19:07:00,0.0,0.0,0,0.0,0.0,0,25916,16534,30.1,18.0
Station_01,Inv_00,20170812,19:08:00,0.0,0.0,0,0.0,0.0,0,25916,16534,30.1,18.0
Station_01,Inv_00,20170812,19:09:00,0.0,0.0,0,0.0,0.0,0,25916,16534,30.1,18.0
Station_01,Inv_00,20170812,19:10:00,0.0,0.0,0,0.0,0.0,0,25916,16534,30.1,18.0
Station_01,Inv_00,20170812,19:11:00,0.0,0.0,0,0.0,0.0,0,25916,16534,30.1,18.0
Station_01,Inv_00,20170812,19:12:00,0.0,0.0,0,0.0,0.0,0,25916,16534,30.1,18.0
Station_01,Inv_00,20170812,19:13:00,0.0,0.0,0,0.0,0.0,0,25916,16534,30.1,18.0
Station_01,Inv_00,20170812,19:14:00,0.0,0.0,0,0.0,0.0,0,25916,16534,30.1,18.0
Station_01,Inv_00,20170812,19:15:00,0.0,0.0,0,0.0,0.0,0,25916,16534,30.0,18.0
Station_01,Inv_00,20170812,19:16:00,0.0,0.0,0,0.0,0.0,0,25916,16534,30.1,18.0
Station_01,Inv_00,20170812,19:17:00,0.0,0.0,0,0.0,0.0,0,25916,16534,30.1,18.0
Station_01,Inv_00,20170812,19:18:00,0.0,0.0,0,0.0,0.0,0,25916,16534,30.0,18.0
Station_01,Inv_00,20170812,19:19:00,0.0,0.0,0,0.0,0.0,0,25916,16534,30.0,18.0
Station_01,Inv_00,20170812,19:20:00,0.0,0.0,0,0.0,0.0,0,25916,16534,30.0,18.0
Station_01,Inv_00,20170812,19:21:00,0.0,0.0,0,0.0,0.0,0,25916,16534,30.0,18.0
Station_01,Inv_00,20170812,19:22:00,0.0,0.0,0,0.0,0.0,0,25916,16534,30.0,18.0
Station_01,Inv_00,20170812,19:23:00,0.0,0.0,0,0.0,0.0,0,25916,16534,30.0,18.0
Station_01,Inv_00,20170812,19:24:00,0.0,0.0,0,0.0,0.0,0,25916,16534,30.0,18.0
Station_01,Inv_00,20170812,19:25:00,0.0,0.0,0,0.0,0.0,0,25916,16534,30.1,18.0
Station_01,Inv_00,20170812,19:26:00,0.0,0.0,0,0.0,0.0,0,25916,16534,30.0,18.0
Station_01,Inv_00,20170812,19:27:00,0.0,0.0,0,0.0,0.0,0,25916,16534,30.0,18.0
Station_01,Inv_00,20170812,19:28:00,0.0,0.0,0,0.0,0.0,0,25916,16534,29.9,18.0
Station_01,Inv_00,20170812,19:29:00,0.0,0.0,0,0.0,0.0,0,25916,16534,30.0,18.0
Station_01,Inv_00,20170812,19:30:00,0.0,0.0,0,0.0,0.0,0,25916,16534,30.0,18.0
Station_01,Inv_00,20170812,19:31:00,0.0,0.0,0,0.0,0.0,0,25916,16534,30.0,18.0
Station_01,Inv_00,20170812,19:32:00,0.0,0.0,0,0.0,0.0,0,25916,16534,30.0,18.0
Station_01,Inv_00,20170812,19:33:00,0.0,0.0,0,0.0,0.0,0,25916,16534,30.0,18.0
Station_01,Inv_00,20170812,19:34:00,0.0,0.0,0,0.0,0.0,0,25916,16534,30.0,18.0
Station_01,Inv_00,20170812,19:35:00,0.0,0.0,0,0.0,0.0,0,25916,16534,30.0,19.0
Station_01,Inv_00,20170812,19:36:00,0.0,0.0,0,0.0,0.0,0,25916,16534,29.9,18.0
Station_01,Inv_00,20170812,19:37:00,0.0,0.0,0,0.0,0.0,0,25916,16534,30.0,18.0
Station_01,Inv_00,20170812,19:38:00,0.0,0.0,0,0.0,0.0,0,25916,16534,30.0,24.0
Station_01,Inv_00,20170812,19:39:00,0.0,0.0,0,0.0,0.0,0,25916,16534,30.0,18.0
Station_01,Inv_00,20170812,19:40:00,0.0,0.0,0,0.0,0.0,0,25916,16534,29.9,18.0
Station_01,Inv_00,20170812,19:41:00,0.0,0.0,0,0.0,0.0,0,25916,16534,30.0,18.0
Station_01,Inv_00,20170812,19:42:00,0.0,0.0,0,0.0,0.0,0,25916,16534,30.0,18.0
Station_01,Inv_00,20170812,19:43:00,0.0,0.0,0,0.0,0.0,0,25916,16534,29.9,18.0
Station_01,Inv_00,20170812,19:44:00,0.0,0.0,0,0.0,0.0,0,25916,16534,29.9,19.0
Station_01,Inv_00,20170812,19:45:00,0.0,0.0,0,0.0,0.0,0,25916,16534,30.0,19.0
Station_01,Inv_00,20170812,19:46:00,0.0,0.0,0,0.0,0.0,0,25916,16534,29.9,28.0
Station_01,Inv_00,20170812,19:47:00,0.0,0.0,0,0.0,0.0,0,25916,16534,29.9,18.0
Station_01,Inv_00,20170812,19:48:00,0.0,0.0,0,0.0,0.0,0,25916,16534,29.9,18.0
Station_01,Inv_00,20170812,19:49:00,0.0,0.0,0,0.0,0.0,0,25916,16534,29.9,18.0
Station_01,Inv_00,20170812,19:50:00,0.0,0.0,0,0.0,0.0,0,25916,16534,29.9,18.0
Station_01,Inv_00,20170812,19:51:00,0.0,0.0,0,0.0,0.0,0,25916,16534,29.9,18.0
Station_01,Inv_00,20170812,19:52:00,0.0,0.0,0,0.0,0.0,0,25916,16534,29.9,18.0
Station_01,Inv_00,20170812,19:53:00,0.0,0.0,0,0.0,0.0,0,25916,16534,29.9,19.0
Station_01,Inv_00,20170812,19:54:00,0.0,0.0,0,0.0,0.0,0,25916,16534,29.9,18.0
Station_01,Inv_00,20170812,19:55:00,0.0,0.0,0,0.0,0.0,0,25916,16534,29.9,19.0
Station_01,Inv_00,20170812,19:56:00,0.0,0.0,0,0.0,0.0,0,25916,16534,29.8,19.0
Station_01,Inv_00,20170812,19:57:00,0.0,0.0,0,0.0,0.0,0,25916,16534,29.8,18.0
Station_01,Inv_00,20170812,19:58:00,0.0,0.0,0,0.0,0.0,0,25916,16534,29.9,18.0
Station_01,Inv_00,20170812,19:59:00,0.0,0.0,0,0.0,0.0,0,25916,16534,29.8,18.0
Station_01,Inv_00,20170812,20:00:00,0.0,0.0,0,0.0,0.0,0,25916,16534,29.8,18.0
