Station_01,Inv_00,20170806,05:00:00,0.0,0.0,0,223.0,0.5,112,25801,16461,25.4,18.0
Station_01,Inv_00,20170806,05:01:00,0.0,0.0,0,223.0,0.5,112,25801,16461,25.5,18.0
Station_01,Inv_00,20170806,05:02:00,0.0,0.0,0,223.0,0.5,112,25801,16461,25.4,18.0
Station_01,Inv_00,20170806,05:03:00,0.0,0.0,0,223.0,0.5,112,25801,16461,25.4,18.0
Station_01,Inv_00,20170806,05:04:00,0.0,0.0,0,223.0,0.5,112,25801,16461,25.4,18.0
Station_01,Inv_00,20170806,05:05:00,0.0,0.0,0,223.0,0.5,112,25801,16461,25.4,18.0
Station_01,Inv_00,20170806,05:06:00,0.0,0.0,0,223.0,0.5,112,25801,16461,25.5,18.0
Station_01,Inv_00,20170806,05:07:00,0.0,0.0,0,223.0,0.5,112,25801,16461,25.5,18.0
Station_01,Inv_00,20170806,05:08:00,0.0,0.0,0,223.0,0.5,112,25801,16461,25.5,18.0
Station_01,Inv_00,20170806,05:09:00,0.0,0.0,0,223.0,0.5,112,25801,16461,25.5,18.0
Station_01,Inv_00,20170806,05:10:00,0.0,0.0,0,223.0,0.5,112,25801,16461,25.5,18.0
Station_01,Inv_00,20170806,05:11:00,0.0,0.0,0,223.0,0.5,112,25801,16461,25.5,18.0
Station_01,Inv_00,20170806,05:12:00,0.0,0.0,0,223.0,0.5,112,25801,16461,25.5,18.0
Station_01,Inv_00,20170806,05:13:00,0.0,0.0,0,223.0,0.5,112,25801,16461,25.5,18.0
Station_01,Inv_00,20170806,05:14:00,0.0,0.0,0,223.0,0.5,112,25801,16461,25.5,18.0
Station_01,Inv_00,20170806,05:15:00,0.0,0.0,0,223.0,0.5,112,25801,16461,25.5,18.0
Station_01,Inv_00,20170806,05:16:00,0.0,0.0,0,223.0,0.5,112,25801,16461,25.6,18.0
Station_01,Inv_00,20170806,05:17:00,0.0,0.0,0,223.0,0.5,112,25801,16461,25.6,19.0
Station_01,Inv_00,20170806,05:18:00,0.0,0.0,0,223.0,0.5,112,25801,16461,25.5,19.0
Station_01,Inv_00,20170806,05:19:00,0.0,0.0,0,223.0,0.5,112,25801,16461,25.6,19.0
Station_01,Inv_00,20170806,05:20:00,0.0,0.0,0,223.0,0.5,112,25801,16461,25.5,19.0
Station_01,Inv_00,20170806,05:21:00,0.0,0.0,0,223.0,0.5,112,25801,16461,25.6,19.0
Station_01,Inv_00,20170806,05:22:00,0.0,0.0,0,223.0,0.5,112,25801,16461,25.5,18.0
Station_01,Inv_00,20170806,05:23:00,0.0,0.0,0,223.0,0.5,112,25801,16461,25.5,19.0
Station_01,Inv_00,20170806,05:24:00,0.0,0.0,0,223.0,0.5,112,25801,16461,25.6,19.0
Station_01,Inv_00,20170806,05:25:00,0.0,0.0,0,223.0,0.5,112,25801,16461,25.5,19.0
Station_01,Inv_00,20170806,05:26:00,0.0,0.0,0,223.0,0.5,112,25801,16461,25.5,19.0
Station_01,Inv_00,20170806,05:27:00,0.0,0.0,0,223.0,0.5,112,25801,16461,25.5,19.0
Station_01,Inv_00,20170806,05:28:00,0.0,0.0,0,223.0,0.5,112,25801,16461,25.5,19.0
Station_01,Inv_00,20170806,05:29:00,0.0,0.0,0,223.0,0.5,112,25801,16461,25.6,20.0
Station_01,Inv_00,20170806,05:30:00,0.0,0.0,0,223.0,0.5,112,25801,16461,25.6,20.0
Station_01,Inv_00,20170806,05:31:00,0.0,0.0,0,223.0,0.5,112,25801,16461,25.5,21.0
Station_01,Inv_00,20170806,05:32:00,0.0,0.0,0,223.0,0.5,112,25801,16461,25.6,21.0
Station_01,Inv_00,20170806,05:33:00,0.0,0.0,0,223.0,0.5,112,25801,16461,25.6,22.0
Station_01,Inv_00,20170806,05:34:00,0.0,0.0,0,223.0,0.5,112,25801,16461,25.6,23.0
Station_01,Inv_00,20170806,05:35:00,0.0,0.0,0,223.0,0.5,112,25801,16461,25.6,475.0
Station_01,Inv_00,20170806,05:36:00,0.0,0.0,0,223.0,0.5,112,25801,16461,25.7,25.0
Station_01,Inv_00,20170806,05:37:00,0.0,0.0,0,223.0,0.5,112,25801,16461,25.7,26.0
Station_01,Inv_00,20170806,05:38:00,0.0,0.0,0,220.0,0.5,110,25801,16461,25.7,27.0
Station_01,Inv_00,20170806,05:39:00,0.0,0.0,0,220.0,0.5,110,25801,16461,25.7,28.0
Station_01,Inv_00,20170806,05:40:00,0.0,0.0,0,220.0,0.5,110,25801,16461,25.7,29.0
Station_01,Inv_00,20170806,05:41:00,0.0,0.0,0,220.0,0.5,110,25801,16461,25.8,31.0
Station_01,Inv_00,20170806,05:42:00,0.0,0.0,0,220.0,0.5,110,25801,16461,25.8,32.0
Station_01,Inv_00,20170806,05:43:00,0.0,0.0,0,222.0,0.5,111,25801,16461,25.9,33.0
Station_01,Inv_00,20170806,05:44:00,214.0,0.3,64,217.0,0.5,109,25801,16461,25.8,35.0
Station_01,Inv_00,20170806,05:45:00,212.3,0.3,64,216.0,0.5,108,25801,16461,25.9,37.0
Station_01,Inv_00,20170806,05:46:00,200.0,0.3,60,216.0,0.4,86,25801,16461,25.8,38.0
Station_01,Inv_00,20170806,05:47:00,212.7,0.3,64,216.0,0.5,108,25801,16461,25.9,39.0
Station_01,Inv_00,20170806,05:48:00,199.3,0.3,60,216.0,0.5,108,25801,16461,25.9,41.0
Station_01,Inv_00,20170806,05:49:00,216.3,0.4,87,216.0,0.5,108,25801,16461,25.9,43.0
Station_01,Inv_00,20170806,05:50:00,216.0,0.4,86,217.0,0.5,109,25801,16461,26.0,44.0
Station_01,Inv_00,20170806,05:51:00,223.0,0.4,89,216.0,0.5,108,25801,16461,26.0,46.0
Station_01,Inv_00,20170806,05:52:00,214.0,0.4,86,216.0,0.5,108,25801,16461,26.0,47.0
Station_01,Inv_00,20170806,05:53:00,191.6,0.5,96,217.0,0.5,109,25801,16461,26.1,49.0
Station_01,Inv_00,20170806,05:54:00,216.0,0.5,108,217.0,0.6,130,25801,16461,26.1,50.0
Station_01,Inv_00,20170806,05:55:00,233.4,0.5,117,217.0,0.6,130,25801,16461,26.1,52.0
Station_01,Inv_00,20170806,05:56:00,212.0,0.6,127,217.0,0.6,130,25801,16461,26.2,54.0
Station_01,Inv_00,20170806,05:57:00,208.4,0.5,104,217.0,0.6,130,25801,16461,26.2,56.0
Station_01,Inv_00,20170806,05:58:00,231.3,0.6,139,217.0,0.7,152,25801,16461,26.3,59.0
Station_01,Inv_00,20170806,05:59:00,226.0,0.6,136,216.0,0.8,173,25801,16461,26.4,62.0
Station_01,Inv_00,20170806,06:00:00,233.0,0.6,140,216.0,0.8,173,25801,16461,26.4,64.0
Station_01,Inv_00,20170806,06:01:00,234.7,0.7,164,215.0,0.8,172,25801,16461,26.5,66.0
Station_01,Inv_00,20170806,06:02:00,228.0,0.7,160,215.0,0.9,194,25801,16461,26.5,67.0
Station_01,Inv_00,20170806,06:03:00,228.0,0.8,182,215.0,0.9,194,25801,16461,26.6,69.0
Station_01,Inv_00,20170806,06:04:00,229.1,0.7,160,215.0,0.9,194,25801,16461,26.7,71.0
Station_01,Inv_00,20170806,06:05:00,230.3,0.7,161,215.0,1.0,215,25801,16461,26.7,74.0
Station_01,Inv_00,20170806,06:06:00,234.5,0.8,188,215.0,1.0,215,25801,16461,26.8,76.0
Station_01,Inv_00,20170806,06:07:00,241.0,0.8,193,216.0,1.0,216,25801,16461,26.9,79.0
Station_01,Inv_00,20170806,06:08:00,228.4,0.9,206,216.0,1.0,216,25801,16461,26.9,82.0
Station_01,Inv_00,20170806,06:09:00,230.0,0.9,207,217.0,1.0,217,25801,16461,27.0,85.0
Station_01,Inv_00,20170806,06:10:00,231.0,1.0,231,217.0,1.1,239,25801,16461,27.1,88.0
Station_01,Inv_00,20170806,06:11:00,238.4,0.9,215,216.0,1.1,238,25801,16461,27.2,90.0
Station_01,Inv_00,20170806,06:12:00,244.5,1.0,245,217.0,1.2,260,25801,16461,27.3,93.0
Station_01,Inv_00,20170806,06:13:00,244.0,1.1,268,215.0,1.2,258,25801,16461,27.4,95.0
Station_01,Inv_00,20170806,06:14:00,241.5,1.1,266,215.0,1.2,258,25801,16461,27.6,98.0
Station_01,Inv_00,20170806,06:15:00,237.8,1.1,262,216.0,1.2,259,25801,16461,27.6,101.0
Station_01,Inv_00,20170806,06:16:00,232.5,1.1,256,215.0,1.3,280,25801,16461,27.7,103.0
Station_01,Inv_00,20170806,06:17:00,241.5,1.1,266,216.0,1.3,281,25801,16461,27.8,107.0
Station_01,Inv_00,20170806,06:18:00,228.0,1.2,274,215.0,1.3,280,25801,16461,27.9,110.0
Station_01,Inv_00,20170806,06:19:00,234.5,1.3,305,215.0,1.3,280,25801,16461,28.0,113.0
Station_01,Inv_00,20170806,06:20:00,245.0,1.2,294,215.0,1.4,301,25801,16461,28.1,116.0
Station_01,Inv_00,20170806,06:21:00,248.0,1.3,322,215.0,1.4,301,25801,16461,28.1,119.0
Station_01,Inv_00,20170806,06:22:00,244.0,1.3,317,215.0,1.5,323,25801,16461,28.2,122.0
Station_01,Inv_00,20170806,06:23:00,241.1,1.4,338,216.0,1.5,324,25801,16461,28.3,125.0
Station_01,Inv_00,20170806,06:24:00,245.5,1.4,344,216.0,1.5,324,25801,16461,28.4,128.0
Station_01,Inv_00,20170806,06:25:00,251.5,1.4,352,216.0,1.6,346,25801,16461,28.5,130.0
Station_01,Inv_00,20170806,06:26:00,240.5,1.5,361,215.0,1.6,344,25801,16461,28.6,132.0
Station_01,Inv_00,20170806,06:27:00,242.5,1.5,364,215.0,1.6,344,25801,16461,28.7,134.0
Station_01,Inv_00,20170806,06:28:00,238.5,1.6,382,215.0,1.6,344,25801,16461,28.8,137.0
Station_01,Inv_00,20170806,06:29:00,249.9,1.6,400,217.0,1.7,369,25801,16461,28.9,141.0
Station_01,Inv_00,20170806,06:30:00,242.4,1.7,412,216.0,1.8,389,25801,16461,29.0,144.0
Station_01,Inv_00,20170806,06:31:00,246.4,1.7,419,215.0,1.8,387,25801,16461,29.3,147.0
Station_01,Inv_00,20170806,06:32:00,251.0,1.6,402,216.0,1.9,410,25801,16461,29.6,149.0
Station_01,Inv_00,20170806,06:33:00,248.0,1.8,446,216.0,1.9,410,25801,16461,29.9,152.0
Station_01,Inv_00,20170806,06:34:00,244.4,1.7,415,217.0,1.8,391,25801,16461,30.2,155.0
Station_01,Inv_00,20170806,06:35:00,243.2,1.9,462,217.0,2.0,434,25801,16461,30.4,158.0
Station_01,Inv_00,20170806,06:36:00,243.9,1.9,464,215.0,2.0,430,25801,16461,30.6,162.0
Station_01,Inv_00,20170806,06:37:00,244.4,2.0,489,216.0,2.0,432,25801,16461,30.9,166.0
Station_01,Inv_00,20170806,06:38:00,245.5,2.0,491,216.0,2.1,454,25801,16461,31.2,169.0
Station_01,Inv_00,20170806,06:39:00,246.0,2.1,517,216.0,2.2,475,25801,16461,31.4,173.0
Station_01,Inv_00,20170806,06:40:00,244.9,2.1,514,216.0,2.2,475,25801,16461,31.6,177.0
Station_01,Inv_00,20170806,06:41:00,243.5,2.2,536,215.0,2.3,494,25801,16461,31.8,181.0
Station_01,Inv_00,20170806,06:42:00,241.5,2.2,531,216.0,2.4,518,25801,16461,32.1,185.0
Station_01,Inv_00,20170806,06:43:00,248.9,2.3,573,215.0,2.5,538,25801,16461,32.4,189.0
Station_01,Inv_00,20170806,06:44:00,246.9,2.3,568,215.0,2.5,538,25801,16461,32.6,191.0
Station_01,Inv_00,20170806,06:45:00,248.4,2.3,571,216.0,2.5,540,25801,16461,32.7,193.0
Station_01,Inv_00,20170806,06:46:00,251.0,2.4,602,216.0,2.5,540,25801,16461,33.0,196.0
Station_01,Inv_00,20170806,06:47:00,247.0,2.4,593,216.0,2.6,562,25801,16461,33.2,200.0
Station_01,Inv_00,20170806,06:48:00,245.0,2.5,613,216.0,2.6,562,25801,16461,33.3,205.0
Station_01,Inv_00,20170806,06:49:00,243.7,2.6,634,216.0,2.7,583,25801,16461,33.5,209.0
Station_01,Inv_00,20170806,06:50:00,244.5,2.7,660,216.0,2.8,605,25801,16461,33.7,213.0
Station_01,Inv_00,20170806,06:51:00,246.9,2.7,667,216.0,2.9,626,25801,16461,33.8,217.0
Station_01,Inv_00,20170806,06:52:00,245.5,2.8,687,217.0,3.0,651,25801,16461,33.9,221.0
Station_01,Inv_00,20170806,06:53:00,246.5,2.8,690,216.0,3.0,648,25801,16461,34.3,224.0
Station_01,Inv_00,20170806,06:54:00,241.0,3.0,723,216.0,3.1,670,25801,16461,34.4,230.0
Station_01,Inv_00,20170806,06:55:00,249.0,3.0,747,217.0,3.1,673,25801,16461,34.8,236.0
Station_01,Inv_00,20170806,06:56:00,243.0,3.1,753,216.0,3.2,691,25801,16461,35.2,238.0
Station_01,Inv_00,20170806,06:57:00,240.5,3.1,746,217.0,3.2,694,25801,16461,35.1,241.0
Station_01,Inv_00,20170806,06:58:00,245.0,3.0,735,217.0,3.3,716,25801,16461,35.5,243.0
Station_01,Inv_00,20170806,06:59:00,249.5,3.1,773,217.0,3.4,738,25801,16461,35.7,246.0
Station_01,Inv_00,20170806,07:00:00,245.4,3.3,810,217.0,3.5,760,25801,16461,35.9,251.0
Station_01,Inv_00,20170806,07:01:00,242.0,3.2,774,217.0,3.5,760,25801,16461,36.0,254.0
Station_01,Inv_00,20170806,07:02:00,243.4,3.4,828,217.0,3.6,781,25801,16461,36.0,258.0
Station_01,Inv_00,20170806,07:03:00,241.5,3.4,821,217.0,3.6,781,25801,16461,36.5,263.0
Station_01,Inv_00,20170806,07:04:00,241.5,3.6,869,217.0,3.7,803,25801,16461,36.5,269.0
Station_01,Inv_00,20170806,07:05:00,241.4,3.5,845,217.0,3.8,825,25801,16461,36.7,272.0
Station_01,Inv_00,20170806,07:06:00,246.0,3.7,910,217.0,3.9,846,25801,16461,36.7,277.0
Station_01,Inv_00,20170806,07:07:00,243.9,3.7,903,216.0,3.9,842,25801,16461,36.9,280.0
Station_01,Inv_00,20170806,07:08:00,246.0,3.8,935,216.0,3.9,842,25801,16461,36.9,283.0
Station_01,Inv_00,20170806,07:09:00,242.9,3.9,948,216.0,4.0,864,25801,16461,37.2,287.0
Station_01,Inv_00,20170806,07:10:00,245.0,3.8,931,216.0,4.0,864,25801,16461,37.3,290.0
Station_01,Inv_00,20170806,07:11:00,236.0,3.9,920,217.0,4.0,868,25801,16461,37.7,295.0
Station_01,Inv_00,20170806,07:12:00,238.0,4.0,952,217.0,4.0,868,25801,16461,37.3,300.0
Station_01,Inv_00,20170806,07:13:00,241.5,4.0,966,216.0,4.1,886,25801,16461,37.6,303.0
Station_01,Inv_00,20170806,07:14:00,246.0,4.0,984,217.0,4.2,911,25801,16461,37.9,306.0
Station_01,Inv_00,20170806,07:15:00,237.5,4.2,998,217.0,4.2,911,25801,16461,37.7,311.0
Station_01,Inv_00,20170806,07:16:00,238.0,4.4,1047,216.0,4.4,950,25801,16461,38.1,316.0
Station_01,Inv_00,20170806,07:17:00,243.5,4.3,1047,217.0,4.5,977,25801,16461,38.1,324.0
Station_01,Inv_00,20170806,07:18:00,245.4,4.5,1105,216.0,4.6,994,25801,16461,38.6,329.0
Station_01,Inv_00,20170806,07:19:00,243.5,4.7,1144,215.0,4.8,1032,25801,16461,38.9,337.0
Station_01,Inv_00,20170806,07:20:00,236.5,4.7,1111,217.0,4.8,1042,25801,16461,38.9,345.0
Station_01,Inv_00,20170806,07:21:00,242.0,4.7,1137,216.0,5.0,1080,25801,16461,39.4,348.0
Station_01,Inv_00,20170806,07:22:00,239.5,4.8,1150,217.0,5.0,1085,25801,16461,40.1,350.0
Station_01,Inv_00,20170806,07:23:00,240.4,4.9,1178,216.0,5.1,1102,25801,16461,40.1,353.0
Station_01,Inv_00,20170806,07:24:00,238.5,4.9,1169,217.0,5.1,1107,25801,16461,40.4,357.0
Station_01,Inv_00,20170806,07:25:00,241.0,5.0,1205,215.0,5.2,1118,25801,16461,41.2,362.0
Station_01,Inv_00,20170806,07:26:00,244.0,4.9,1196,217.0,5.2,1128,25801,16461,41.4,364.0
Station_01,Inv_00,20170806,07:27:00,242.0,5.0,1210,216.0,5.2,1123,25801,16461,41.6,367.0
Station_01,Inv_00,20170806,07:28:00,243.4,5.2,1266,216.0,5.4,1166,25801,16461,42.0,372.0
Station_01,Inv_00,20170806,07:29:00,242.0,5.3,1282,216.0,5.5,1188,25801,16461,41.7,377.0
Station_01,Inv_00,20170806,07:30:00,240.0,5.3,1272,216.0,5.5,1188,25801,16461,42.2,376.0
Station_01,Inv_00,20170806,07:31:00,237.0,5.3,1256,218.0,5.5,1199,25801,16461,42.2,381.0
Station_01,Inv_00,20170806,07:32:00,235.0,5.5,1292,218.0,5.5,1199,25802,16462,42.6,386.0
Station_01,Inv_00,20170806,07:33:00,239.0,5.4,1290,218.0,5.6,1221,25802,16462,42.8,389.0
Station_01,Inv_00,20170806,07:34:00,237.0,5.5,1303,219.0,5.6,1226,25802,16462,43.2,391.0
Station_01,Inv_00,20170806,07:35:00,233.4,5.7,1331,220.0,5.6,1232,25802,16462,43.5,390.0
Station_01,Inv_00,20170806,07:36:00,238.0,5.5,1309,218.0,5.6,1221,25802,16462,43.6,392.0
Station_01,Inv_00,20170806,07:37:00,240.5,5.7,1371,219.0,5.7,1248,25802,16462,43.3,398.0
Station_01,Inv_00,20170806,07:38:00,238.5,5.7,1359,219.0,5.9,1292,25802,16462,43.7,405.0
Station_01,Inv_00,20170806,07:39:00,230.5,5.9,1360,219.0,5.9,1292,25802,16462,43.9,411.0
Station_01,Inv_00,20170806,07:40:00,235.0,6.1,1433,219.0,6.0,1314,25802,16462,43.8,416.0
Station_01,Inv_00,20170806,07:41:00,233.5,6.0,1401,221.0,6.0,1326,25802,16462,43.9,418.0
Station_01,Inv_00,20170806,07:42:00,236.0,6.0,1416,219.0,6.1,1336,25802,16462,44.5,419.0
Station_01,Inv_00,20170806,07:43:00,234.0,6.0,1404,219.0,6.1,1336,25802,16462,44.8,419.0
Station_01,Inv_00,20170806,07:44:00,234.5,6.1,1430,219.0,6.2,1358,25802,16462,44.4,420.0
Station_01,Inv_00,20170806,07:45:00,229.5,6.2,1423,219.0,6.2,1358,25802,16462,45.1,426.0
Station_01,Inv_00,20170806,07:46:00,239.0,6.2,1482,220.0,6.4,1408,25802,16462,45.2,435.0
Station_01,Inv_00,20170806,07:47:00,239.0,6.3,1506,219.0,6.5,1424,25802,16462,45.5,443.0
Station_01,Inv_00,20170806,07:48:00,238.5,6.5,1550,220.0,6.5,1430,25802,16462,44.8,445.0
Station_01,Inv_00,20170806,07:49:00,237.0,6.4,1517,220.0,6.6,1452,25802,16462,44.8,445.0
Station_01,Inv_00,20170806,07:50:00,235.0,6.7,1574,221.0,6.6,1459,25802,16462,44.7,450.0
Station_01,Inv_00,20170806,07:51:00,231.9,6.6,1531,220.0,6.5,1430,25802,16462,45.4,444.0
Station_01,Inv_00,20170806,07:52:00,218.5,6.7,1464,220.0,6.2,1364,25802,16462,45.7,442.0
Station_01,Inv_00,20170806,07:53:00,236.0,6.4,1510,220.0,6.5,1430,25802,16462,45.8,442.0
Station_01,Inv_00,20170806,07:54:00,237.0,6.6,1564,221.0,6.7,1481,25802,16462,46.4,452.0
Station_01,Inv_00,20170806,07:55:00,237.4,6.6,1567,219.0,6.7,1467,25802,16462,45.4,455.0
Station_01,Inv_00,20170806,07:56:00,237.5,6.6,1567,218.0,6.7,1461,25802,16462,45.9,458.0
Station_01,Inv_00,20170806,07:57:00,237.0,6.6,1564,219.0,6.7,1467,25802,16462,46.6,458.0
Station_01,Inv_00,20170806,07:58:00,235.0,6.7,1574,219.0,6.8,1489,25802,16462,46.6,460.0
Station_01,Inv_00,20170806,07:59:00,216.0,7.2,1555,219.0,6.6,1445,25802,16462,46.7,466.0
Station_01,Inv_00,20170806,08:00:00,232.5,7.1,1651,219.0,7.0,1533,25802,16462,47.0,469.0
Station_01,Inv_00,20170806,08:01:00,231.5,7.2,1667,219.0,7.2,1577,25802,16462,47.2,485.0
Station_01,Inv_00,20170806,08:02:00,235.0,7.1,1668,220.0,7.2,1584,25802,16462,47.6,486.0
Station_01,Inv_00,20170806,08:03:00,235.0,7.2,1692,219.0,7.2,1577,25802,16462,47.8,486.0
Station_01,Inv_00,20170806,08:04:00,234.5,7.3,1712,219.0,7.4,1621,25802,16462,48.3,494.0
Station_01,Inv_00,20170806,08:05:00,233.5,7.4,1728,219.0,7.5,1643,25802,16462,48.9,499.0
Station_01,Inv_00,20170806,08:06:00,232.5,7.5,1744,218.0,7.6,1657,25802,16462,48.4,506.0
Station_01,Inv_00,20170806,08:07:00,224.5,7.7,1729,219.0,7.4,1621,25802,16462,49.4,506.0
Station_01,Inv_00,20170806,08:08:00,232.0,7.7,1786,218.0,7.7,1679,25802,16462,48.3,515.0
Station_01,Inv_00,20170806,08:09:00,231.0,7.6,1755,218.0,7.6,1657,25802,16462,49.4,512.0
Station_01,Inv_00,20170806,08:10:00,229.0,7.5,1717,218.0,7.5,1635,25802,16462,48.7,506.0
Station_01,Inv_00,20170806,08:11:00,233.9,6.9,1614,217.0,6.8,1476,25803,16462,49.3,427.0
Station_01,Inv_00,20170806,08:12:00,231.5,7.9,1829,218.0,7.8,1700,25803,16462,48.4,514.0
Station_01,Inv_00,20170806,08:13:00,230.5,8.2,1890,218.0,8.2,1788,25803,16462,48.1,546.0
Station_01,Inv_00,20170806,08:14:00,231.5,8.3,1921,219.0,8.3,1818,25803,16462,48.7,555.0
Station_01,Inv_00,20170806,08:15:00,232.9,8.0,1863,219.0,8.1,1774,25803,16462,49.7,541.0
Station_01,Inv_00,20170806,08:16:00,230.5,8.3,1913,219.0,8.2,1796,25803,16462,48.8,549.0
Station_01,Inv_00,20170806,08:17:00,229.5,8.1,1859,218.0,8.1,1766,25803,16462,49.5,534.0
Station_01,Inv_00,20170806,08:18:00,233.5,8.1,1891,218.0,8.1,1766,25803,16462,49.6,537.0
Station_01,Inv_00,20170806,08:19:00,231.5,8.1,1875,218.0,8.2,1788,25803,16462,50.0,540.0
Station_01,Inv_00,20170806,08:20:00,230.5,8.3,1913,217.0,8.2,1779,25803,16462,50.5,547.0
Station_01,Inv_00,20170806,08:21:00,230.0,8.4,1932,218.0,8.4,1831,25803,16462,49.7,557.0
Station_01,Inv_00,20170806,08:22:00,230.5,8.3,1913,218.0,8.3,1809,25803,16462,49.1,558.0
Station_01,Inv_00,20170806,08:23:00,231.5,8.2,1898,218.0,8.2,1788,25803,16462,49.6,549.0
Station_01,Inv_00,20170806,08:24:00,228.5,8.3,1897,218.0,8.3,1809,25803,16462,50.2,554.0
Station_01,Inv_00,20170806,08:25:00,231.5,8.5,1968,218.0,8.5,1853,25803,16462,50.4,561.0
Station_01,Inv_00,20170806,08:26:00,226.4,8.8,1993,218.0,8.7,1897,25803,16462,50.7,571.0
Station_01,Inv_00,20170806,08:27:00,229.0,8.5,1946,219.0,8.3,1818,25803,16462,50.1,562.0
Station_01,Inv_00,20170806,08:28:00,228.5,8.6,1965,218.0,8.4,1831,25803,16462,50.7,566.0
Station_01,Inv_00,20170806,08:29:00,223.5,8.7,1944,218.0,8.4,1831,25803,16462,50.0,567.0
Station_01,Inv_00,20170806,08:30:00,220.0,8.8,1936,217.0,8.4,1823,25803,16462,49.8,572.0
Station_01,Inv_00,20170806,08:31:00,219.4,8.6,1887,218.0,8.2,1788,25803,16462,50.0,572.0
Station_01,Inv_00,20170806,08:32:00,226.0,8.8,1989,217.0,8.6,1866,25803,16462,50.0,580.0
Station_01,Inv_00,20170806,08:33:00,222.0,8.8,1954,217.0,8.5,1845,25803,16462,49.8,573.0
Station_01,Inv_00,20170806,08:34:00,223.0,8.8,1962,220.0,8.5,1870,25803,16462,49.7,575.0
Station_01,Inv_00,20170806,08:35:00,214.0,9.0,1926,220.0,8.2,1804,25803,16462,48.8,574.0
Station_01,Inv_00,20170806,08:36:00,205.5,9.2,1891,221.0,8.1,1790,25803,16462,49.8,584.0
Station_01,Inv_00,20170806,08:37:00,204.0,9.0,1836,222.0,7.8,1732,25803,16462,50.6,578.0
Station_01,Inv_00,20170806,08:38:00,222.0,8.9,1976,221.0,8.5,1879,25803,16462,51.4,577.0
Station_01,Inv_00,20170806,08:39:00,230.0,8.8,2024,221.0,8.6,1901,25803,16462,50.5,583.0
Station_01,Inv_00,20170806,08:40:00,228.4,8.8,2010,220.0,8.6,1892,25803,16462,50.1,584.0
Station_01,Inv_00,20170806,08:41:00,229.5,8.8,2020,220.0,8.6,1892,25803,16462,50.3,586.0
Station_01,Inv_00,20170806,08:42:00,232.5,8.8,2046,220.0,8.7,1914,25803,16462,49.7,592.0
Station_01,Inv_00,20170806,08:43:00,227.0,9.0,2043,221.0,8.7,1923,25804,16463,50.1,599.0
Station_01,Inv_00,20170806,08:44:00,230.5,8.5,1959,220.0,8.4,1848,25804,16463,49.9,589.0
Station_01,Inv_00,20170806,08:45:00,225.0,9.4,2115,220.0,9.1,2002,25804,16463,49.4,592.0
Station_01,Inv_00,20170806,08:46:00,230.0,9.5,2185,220.0,9.4,2068,25804,16463,49.0,597.0
Station_01,Inv_00,20170806,08:47:00,225.0,9.7,2182,220.0,9.4,2068,25804,16463,49.6,627.0
Station_01,Inv_00,20170806,08:48:00,220.0,9.8,2156,220.0,9.2,2024,25804,16463,49.6,621.0
Station_01,Inv_00,20170806,08:49:00,225.9,8.8,1988,220.0,8.0,1760,25804,16463,48.9,464.0
Station_01,Inv_00,20170806,08:50:00,226.4,3.6,815,219.0,3.6,788,25804,16463,49.0,415.0
Station_01,Inv_00,20170806,08:51:00,220.5,10.3,2271,220.0,9.1,2002,25804,16463,47.4,368.0
Station_01,Inv_00,20170806,08:52:00,228.0,3.3,752,221.0,3.3,729,25804,16463,46.5,261.0
Station_01,Inv_00,20170806,08:53:00,224.7,4.2,944,220.0,4.1,902,25804,16463,45.8,280.0
Station_01,Inv_00,20170806,08:54:00,231.0,9.8,2264,221.0,9.8,2166,25804,16463,48.0,644.0
Station_01,Inv_00,20170806,08:55:00,229.0,10.8,2473,221.0,10.5,2321,25804,16463,47.9,695.0
Station_01,Inv_00,20170806,08:56:00,226.0,11.3,2554,221.0,10.9,2409,25804,16463,49.6,726.0
Station_01,Inv_00,20170806,08:57:00,219.0,6.2,1358,220.0,5.9,1298,25804,16463,50.4,620.0
Station_01,Inv_00,20170806,08:58:00,221.5,4.2,930,220.0,4.0,880,25804,16463,48.2,290.0
Station_01,Inv_00,20170806,08:59:00,225.9,12.3,2779,220.0,11.8,2596,25804,16463,50.0,758.0
Station_01,Inv_00,20170806,09:00:00,224.0,12.4,2777,222.0,11.8,2620,25804,16463,51.3,791.0
Station_01,Inv_00,20170806,09:01:00,223.5,12.1,2704,221.0,11.5,2542,25804,16463,53.1,751.0
Station_01,Inv_00,20170806,09:02:00,222.5,12.5,2781,222.0,11.8,2620,25804,16463,54.4,802.0
Station_01,Inv_00,20170806,09:03:00,218.0,11.3,2463,221.0,10.5,2321,25804,16463,53.9,752.0
Station_01,Inv_00,20170806,09:04:00,222.9,4.6,1025,221.0,4.2,928,25804,16463,51.7,335.0
Station_01,Inv_00,20170806,09:05:00,227.5,4.2,956,221.0,4.0,884,25804,16463,51.1,290.0
Station_01,Inv_00,20170806,09:06:00,221.0,4.3,951,221.0,4.0,884,25804,16463,49.1,282.0
Station_01,Inv_00,20170806,09:07:00,225.9,11.2,2531,222.0,10.9,2420,25804,16463,48.3,530.0
Station_01,Inv_00,20170806,09:08:00,224.5,11.6,2604,222.0,11.1,2464,25804,16463,50.3,733.0
Station_01,Inv_00,20170806,09:09:00,225.0,11.2,2520,221.0,10.8,2387,25804,16463,51.8,710.0
Station_01,Inv_00,20170806,09:10:00,214.5,8.2,1759,221.0,8.2,1812,25804,16463,51.6,720.0
Station_01,Inv_00,20170806,09:11:00,229.5,6.2,1423,220.0,5.9,1298,25804,16463,49.6,336.0
Station_01,Inv_00,20170806,09:12:00,227.5,4.6,1047,219.0,4.5,986,25804,16463,48.7,358.0
Station_01,Inv_00,20170806,09:13:00,229.5,10.9,2501,220.0,10.7,2354,25804,16463,48.6,596.0
Station_01,Inv_00,20170806,09:14:00,231.5,10.2,2361,220.0,10.2,2244,25805,16464,49.1,676.0
Station_01,Inv_00,20170806,09:15:00,227.5,4.6,1047,218.0,4.5,981,25805,16464,49.0,391.0
Station_01,Inv_00,20170806,09:16:00,224.0,11.7,2621,220.0,11.2,2464,25805,16464,48.9,707.0
Station_01,Inv_00,20170806,09:17:00,222.0,10.2,2264,219.0,10.3,2256,25805,16464,50.2,709.0
Station_01,Inv_00,20170806,09:18:00,223.4,5.8,1296,219.0,5.5,1205,25805,16464,49.3,403.0
Station_01,Inv_00,20170806,09:19:00,223.0,5.5,1227,218.0,5.1,1112,25805,16464,47.9,398.0
Station_01,Inv_00,20170806,09:20:00,224.4,5.2,1167,218.0,5.0,1090,25805,16464,47.5,339.0
Station_01,Inv_00,20170806,09:21:00,221.0,5.8,1282,219.0,5.6,1226,25805,16464,47.3,400.0
Station_01,Inv_00,20170806,09:22:00,205.5,8.4,1726,219.0,8.0,1752,25805,16464,47.4,734.0
Station_01,Inv_00,20170806,09:23:00,226.5,14.5,3284,220.0,14.0,3080,25805,16464,48.8,813.0
Station_01,Inv_00,20170806,09:24:00,224.0,13.6,3046,222.0,13.1,2908,25805,16464,52.1,915.0
Station_01,Inv_00,20170806,09:25:00,225.0,14.6,3285,221.0,13.9,3072,25805,16464,54.0,909.0
Station_01,Inv_00,20170806,09:26:00,221.4,14.9,3299,220.0,14.1,3102,25805,16464,55.2,953.0
Station_01,Inv_00,20170806,09:27:00,218.0,14.7,3205,220.0,13.7,3014,25805,16464,57.3,933.0
Station_01,Inv_00,20170806,09:28:00,221.4,6.3,1395,219.0,5.7,1248,25805,16464,56.6,566.0
Station_01,Inv_00,20170806,09:29:00,225.5,11.0,2481,220.0,10.6,2332,25805,16464,52.9,534.0
Station_01,Inv_00,20170806,09:30:00,225.4,12.4,2794,220.0,11.9,2618,25805,16464,55.0,745.0
Station_01,Inv_00,20170806,09:31:00,216.0,13.3,2873,219.0,12.3,2694,25805,16464,54.2,645.0
Station_01,Inv_00,20170806,09:32:00,218.5,13.6,2971,220.0,12.7,2794,25805,16464,56.1,851.0
Station_01,Inv_00,20170806,09:33:00,216.5,13.5,2923,220.0,12.3,2706,25805,16464,57.0,852.0
Station_01,Inv_00,20170806,09:34:00,218.0,13.4,2921,219.0,12.4,2716,25805,16464,58.4,852.0
Station_01,Inv_00,20170806,09:35:00,215.0,13.6,2924,221.0,12.4,2740,25805,16464,56.6,861.0
Station_01,Inv_00,20170806,09:36:00,215.0,13.7,2945,221.0,12.5,2763,25805,16464,57.9,869.0
Station_01,Inv_00,20170806,09:37:00,215.5,13.7,2952,220.0,12.6,2772,25805,16464,57.5,869.0
Station_01,Inv_00,20170806,09:38:00,218.0,13.8,3008,220.0,12.8,2816,25805,16464,58.1,886.0
Station_01,Inv_00,20170806,09:39:00,215.5,14.2,3060,220.0,13.0,2860,25806,16464,59.1,902.0
Station_01,Inv_00,20170806,09:40:00,213.5,14.3,3053,219.0,13.1,2869,25806,16464,61.2,909.0
Station_01,Inv_00,20170806,09:41:00,212.5,14.7,3124,220.0,13.3,2926,25806,16464,61.2,925.0
Station_01,Inv_00,20170806,09:42:00,209.0,15.0,3135,220.0,13.3,2926,25806,16464,61.6,931.0
Station_01,Inv_00,20170806,09:43:00,206.5,8.2,1693,219.0,7.7,1686,25806,16464,61.6,772.0
Station_01,Inv_00,20170806,09:44:00,219.0,4.0,876,220.0,3.9,858,25806,16464,57.6,289.0
Station_01,Inv_00,20170806,09:45:00,217.0,3.7,803,219.0,3.6,788,25806,16464,55.7,255.0
Station_01,Inv_00,20170806,09:46:00,222.0,3.4,755,219.0,3.5,767,25806,16464,52.1,248.0
Station_01,Inv_00,20170806,09:47:00,225.4,4.7,1059,219.0,4.4,964,25806,16464,50.0,282.0
Station_01,Inv_00,20170806,09:48:00,216.0,14.2,3067,220.0,12.9,2838,25806,16464,50.6,730.0
Station_01,Inv_00,20170806,09:49:00,227.0,3.7,840,219.0,3.6,788,25806,16464,48.7,276.0
Station_01,Inv_00,20170806,09:50:00,229.4,13.3,3052,220.0,13.0,2860,25806,16464,47.1,521.0
Station_01,Inv_00,20170806,09:51:00,170.0,4.1,697,218.0,3.2,698,25806,16464,50.3,768.0
Station_01,Inv_00,20170806,09:52:00,229.0,3.4,779,219.0,3.3,723,25806,16464,48.3,237.0
Station_01,Inv_00,20170806,09:53:00,228.4,13.3,3038,220.0,13.0,2860,25806,16464,50.4,807.0
Station_01,Inv_00,20170806,09:54:00,220.0,14.0,3080,220.0,13.1,2882,25806,16464,52.0,879.0
Station_01,Inv_00,20170806,09:55:00,217.0,14.3,3103,221.0,13.2,2917,25806,16464,54.6,893.0
Station_01,Inv_00,20170806,09:56:00,221.0,14.3,3160,220.0,13.4,2948,25806,16464,57.0,911.0
Station_01,Inv_00,20170806,09:57:00,222.5,14.6,3248,220.0,13.8,3036,25806,16464,56.6,708.0
Station_01,Inv_00,20170806,09:58:00,212.5,13.2,2805,220.0,10.5,2310,25806,16464,57.7,713.0
Station_01,Inv_00,20170806,09:59:00,200.5,9.1,1824,221.0,9.2,2033,25806,16464,59.6,972.0
Station_01,Inv_00,20170806,10:00:00,212.4,6.8,1444,219.0,6.0,1314,25806,16464,57.8,553.0
Station_01,Inv_00,20170806,10:01:00,219.0,4.0,876,219.0,3.8,832,25806,16464,56.2,298.0
Station_01,Inv_00,20170806,10:02:00,220.5,15.3,3374,221.0,14.3,3160,25806,16464,57.6,869.0
Station_01,Inv_00,20170806,10:03:00,213.0,16.0,3408,221.0,14.4,3182,25806,16464,59.4,983.0
Station_01,Inv_00,20170806,10:04:00,215.5,15.8,3405,221.0,14.4,3182,25806,16464,61.3,995.0
Station_01,Inv_00,20170806,10:05:00,210.5,16.5,3473,221.0,14.7,3249,25806,16464,62.8,992.0
Station_01,Inv_00,20170806,10:06:00,209.9,15.9,3338,220.0,14.2,3124,25807,16465,60.7,1003.0
Station_01,Inv_00,20170806,10:07:00,206.5,16.0,3304,220.0,14.1,3102,25807,16465,64.1,1003.0
Station_01,Inv_00,20170806,10:08:00,209.5,15.5,3247,221.0,13.7,3028,25807,16465,65.1,961.0
Station_01,Inv_00,20170806,10:09:00,207.4,7.1,1472,220.0,6.4,1408,25807,16465,64.0,625.0
Station_01,Inv_00,20170806,10:10:00,214.9,3.4,731,220.0,3.3,726,25807,16465,57.7,257.0
Station_01,Inv_00,20170806,10:11:00,217.0,3.0,651,220.0,2.9,638,25807,16465,54.1,210.0
Station_01,Inv_00,20170806,10:12:00,199.5,2.9,579,220.0,2.5,550,25807,16465,52.5,190.0
Station_01,Inv_00,20170806,10:13:00,207.0,2.8,580,220.0,2.5,550,25807,16465,50.0,189.0
Station_01,Inv_00,20170806,10:14:00,197.5,3.0,592,220.0,2.6,572,25807,16465,48.8,195.0
Station_01,Inv_00,20170806,10:15:00,228.0,3.2,730,219.0,3.2,701,25807,16465,46.8,212.0
Station_01,Inv_00,20170806,10:16:00,231.5,3.6,833,219.0,3.6,788,25807,16465,45.2,233.0
Station_01,Inv_00,20170806,10:17:00,232.5,3.7,860,219.0,3.8,832,25807,16465,44.1,248.0
Station_01,Inv_00,20170806,10:18:00,232.5,4.4,1023,219.0,4.3,942,25807,16465,43.3,287.0
Station_01,Inv_00,20170806,10:19:00,235.4,4.6,1083,219.0,4.6,1007,25807,16465,43.2,306.0
Station_01,Inv_00,20170806,10:20:00,236.4,5.6,1324,219.0,5.7,1248,25807,16465,43.5,359.0
Station_01,Inv_00,20170806,10:21:00,227.5,17.1,3890,221.0,16.5,3647,25807,16465,46.5,1017.0
Station_01,Inv_00,20170806,10:22:00,217.5,7.2,1566,219.0,6.7,1467,25807,16465,48.7,618.0
Station_01,Inv_00,20170806,10:23:00,232.4,5.8,1348,219.0,5.6,1226,25807,16465,47.8,388.0
Station_01,Inv_00,20170806,10:24:00,230.9,5.2,1201,219.0,5.1,1117,25807,16465,47.6,341.0
Station_01,Inv_00,20170806,10:25:00,233.7,4.3,1005,219.0,4.2,920,25807,16465,46.9,291.0
Station_01,Inv_00,20170806,10:26:00,226.0,4.0,904,220.0,3.9,858,25807,16465,45.7,260.0
Station_01,Inv_00,20170806,10:27:00,235.0,3.9,917,219.0,3.9,854,25807,16465,45.0,253.0
Station_01,Inv_00,20170806,10:28:00,228.5,4.2,960,219.0,4.0,876,25807,16465,44.0,272.0
Station_01,Inv_00,20170806,10:29:00,226.5,4.4,997,218.0,4.1,894,25807,16465,43.9,274.0
Station_01,Inv_00,20170806,10:30:00,240.4,4.4,1058,219.0,4.4,964,25807,16465,43.0,287.0
Station_01,Inv_00,20170806,10:31:00,234.0,5.9,1381,219.0,5.6,1226,25807,16465,42.3,342.0
Station_01,Inv_00,20170806,10:32:00,237.0,4.2,995,219.0,4.2,920,25807,16465,42.6,287.0
Station_01,Inv_00,20170806,10:33:00,235.5,4.1,966,219.0,4.0,876,25807,16465,42.4,271.0
Station_01,Inv_00,20170806,10:34:00,235.0,3.8,893,218.0,3.9,850,25807,16465,41.8,262.0
Station_01,Inv_00,20170806,10:35:00,233.5,3.7,864,218.0,3.9,850,25807,16465,41.5,255.0
Station_01,Inv_00,20170806,10:36:00,235.0,3.7,870,218.0,3.8,828,25807,16465,41.7,251.0
Station_01,Inv_00,20170806,10:37:00,237.0,3.8,901,220.0,3.9,858,25807,16465,40.8,252.0
Station_01,Inv_00,20170806,10:38:00,239.5,3.8,910,220.0,3.9,858,25807,16465,40.9,256.0
Station_01,Inv_00,20170806,10:39:00,240.5,3.9,938,219.0,3.9,854,25807,16465,40.1,261.0
Station_01,Inv_00,20170806,10:40:00,236.5,4.1,970,218.0,4.0,872,25807,16465,40.2,273.0
Station_01,Inv_00,20170806,10:41:00,236.4,4.0,946,218.0,4.1,894,25807,16465,40.6,281.0
Station_01,Inv_00,20170806,10:42:00,241.5,4.0,966,219.0,4.1,898,25807,16465,40.0,283.0
Station_01,Inv_00,20170806,10:43:00,228.9,4.8,1099,219.0,4.6,1007,25807,16465,40.1,312.0
Station_01,Inv_00,20170806,10:44:00,227.5,15.0,3413,220.0,14.6,3212,25807,16465,42.4,854.0
Station_01,Inv_00,20170806,10:45:00,230.5,15.7,3619,220.0,15.4,3388,25807,16465,45.7,993.0
Station_01,Inv_00,20170806,10:46:00,225.5,15.7,3540,221.0,15.0,3315,25807,16465,49.3,1004.0
Station_01,Inv_00,20170806,10:47:00,222.5,16.1,3582,220.0,15.2,3344,25808,16466,52.4,1032.0
Station_01,Inv_00,20170806,10:48:00,221.0,16.1,3558,220.0,15.1,3322,25808,16466,54.0,1034.0
Station_01,Inv_00,20170806,10:49:00,217.5,16.3,3545,220.0,15.0,3300,25808,16466,56.6,1038.0
Station_01,Inv_00,20170806,10:50:00,211.5,16.7,3532,220.0,14.9,3278,25808,16466,57.2,1038.0
Station_01,Inv_00,20170806,10:51:00,209.4,7.0,1466,219.0,6.2,1358,25808,16466,57.3,724.0
Station_01,Inv_00,20170806,10:52:00,220.5,16.5,3638,219.0,15.5,3395,25808,16466,57.3,942.0
Station_01,Inv_00,20170806,10:53:00,212.5,17.0,3612,220.0,15.5,3410,25808,16466,58.9,1059.0
Station_01,Inv_00,20170806,10:54:00,209.1,12.5,2613,219.0,13.0,2847,25808,16466,59.3,1000.0
Station_01,Inv_00,20170806,10:55:00,219.0,5.7,1248,219.0,5.2,1139,25808,16466,56.2,370.0
Station_01,Inv_00,20170806,10:56:00,221.5,14.5,3212,220.0,13.6,2992,25808,16466,55.7,600.0
Station_01,Inv_00,20170806,10:57:00,204.5,12.4,2536,219.0,11.3,2475,25808,16466,58.4,1099.0
Station_01,Inv_00,20170806,10:58:00,223.0,14.9,3323,219.0,14.3,3132,25808,16466,58.4,1083.0
Station_01,Inv_00,20170806,10:59:00,219.4,9.4,2063,218.0,9.2,2006,25808,16466,58.2,593.0
Station_01,Inv_00,20170806,11:00:00,222.5,14.1,3138,219.0,13.1,2869,25808,16466,57.9,862.0
Station_01,Inv_00,20170806,11:01:00,216.0,17.6,3801,219.0,16.2,3548,25808,16466,57.9,1112.0
Station_01,Inv_00,20170806,11:02:00,210.0,16.5,3464,219.0,15.2,3329,25808,16466,59.4,1115.0
Station_01,Inv_00,20170806,11:03:00,209.3,16.5,3454,219.0,13.9,3044,25808,16466,60.4,953.0
Station_01,Inv_00,20170806,11:04:00,209.9,17.3,3632,220.0,15.5,3410,25808,16466,59.8,1113.0
Station_01,Inv_00,20170806,11:05:00,215.0,16.6,3569,219.0,15.2,3329,25808,16466,59.7,1108.0
Station_01,Inv_00,20170806,11:06:00,209.5,15.7,3289,219.0,13.8,3022,25808,16466,62.3,1025.0
Station_01,Inv_00,20170806,11:07:00,213.0,15.9,3387,220.0,14.4,3168,25809,16466,61.5,1028.0
Station_01,Inv_00,20170806,11:08:00,211.5,15.8,3341,219.0,14.3,3132,25809,16466,64.4,1037.0
Station_01,Inv_00,20170806,11:09:00,210.0,16.0,3360,221.0,14.3,3160,25809,16466,63.1,1021.0
Station_01,Inv_00,20170806,11:10:00,210.0,16.2,3402,220.0,14.5,3190,25809,16466,64.4,1042.0
Station_01,Inv_00,20170806,11:11:00,211.0,16.5,3481,220.0,14.8,3256,25809,16466,63.5,1058.0
Station_01,Inv_00,20170806,11:12:00,208.5,17.1,3565,219.0,15.3,3351,25809,16466,62.6,1089.0
Station_01,Inv_00,20170806,11:13:00,207.9,16.9,3514,221.0,14.9,3293,25809,16466,64.0,1073.0
Station_01,Inv_00,20170806,11:14:00,208.0,17.2,3577,220.0,15.1,3322,25809,16466,63.1,1103.0
Station_01,Inv_00,20170806,11:15:00,205.0,15.5,3178,220.0,13.5,2970,25809,16466,63.3,1073.0
Station_01,Inv_00,20170806,11:16:00,208.0,4.5,936,219.0,3.9,854,25809,16466,61.6,567.0
Station_01,Inv_00,20170806,11:17:00,207.9,13.6,2828,220.0,12.3,2706,25809,16466,60.5,833.0
Station_01,Inv_00,20170806,11:18:00,208.0,16.4,3411,220.0,14.4,3168,25809,16466,62.6,1035.0
Station_01,Inv_00,20170806,11:19:00,210.0,15.9,3339,220.0,14.3,3146,25809,16466,62.6,1027.0
Station_01,Inv_00,20170806,11:20:00,206.0,16.6,3419,219.0,14.5,3176,25809,16466,64.0,1034.0
Station_01,Inv_00,20170806,11:21:00,208.5,16.3,3399,219.0,14.5,3176,25809,16466,63.6,1042.0
Station_01,Inv_00,20170806,11:22:00,210.4,16.4,3451,219.0,14.8,3241,25809,16466,63.8,1048.0
Station_01,Inv_00,20170806,11:23:00,209.5,17.0,3562,219.0,15.2,3329,25809,16466,64.0,1035.0
Station_01,Inv_00,20170806,11:24:00,206.5,17.2,3552,219.0,15.2,3329,25809,16466,64.8,1091.0
Station_01,Inv_00,20170806,11:25:00,208.5,13.1,2731,218.0,11.7,2551,25810,16467,63.4,759.0
Station_01,Inv_00,20170806,11:26:00,207.5,17.4,3610,218.0,15.5,3379,25810,16467,62.9,1085.0
Station_01,Inv_00,20170806,11:27:00,204.0,7.6,1550,218.0,6.6,1439,25810,16467,63.5,564.0
Station_01,Inv_00,20170806,11:28:00,204.0,12.8,2611,219.0,11.1,2431,25810,16467,62.5,880.0
Station_01,Inv_00,20170806,11:29:00,221.5,6.8,1506,217.0,6.6,1432,25810,16467,60.0,454.0
Station_01,Inv_00,20170806,11:30:00,209.0,9.8,2048,219.0,10.0,2190,25810,16467,59.2,782.0
Station_01,Inv_00,20170806,11:31:00,219.0,6.0,1314,219.0,5.6,1226,25810,16467,54.8,412.0
Station_01,Inv_00,20170806,11:32:00,216.0,5.9,1274,218.0,5.5,1199,25810,16467,54.1,368.0
Station_01,Inv_00,20170806,11:33:00,216.5,17.3,3745,219.0,16.0,3504,25810,16467,57.1,1065.0
Station_01,Inv_00,20170806,11:34:00,210.0,17.5,3675,218.0,15.8,3444,25810,16467,58.5,1097.0
Station_01,Inv_00,20170806,11:35:00,215.0,17.2,3698,219.0,15.8,3460,25810,16467,59.4,1094.0
Station_01,Inv_00,20170806,11:36:00,210.5,6.2,1305,218.0,6.0,1308,25810,16467,61.0,662.0
Station_01,Inv_00,20170806,11:37:00,216.0,5.6,1210,218.0,5.1,1112,25810,16467,56.3,395.0
Station_01,Inv_00,20170806,11:38:00,210.9,17.1,3607,220.0,15.4,3388,25810,16467,58.2,984.0
Station_01,Inv_00,20170806,11:39:00,209.0,15.9,3324,219.0,14.3,3132,25810,16467,57.1,992.0
Station_01,Inv_00,20170806,11:40:00,207.9,17.9,3722,220.0,15.9,3498,25810,16467,57.9,1070.0
Station_01,Inv_00,20170806,11:41:00,212.5,15.7,3336,220.0,12.8,2816,25810,16467,59.5,921.0
Station_01,Inv_00,20170806,11:42:00,204.0,14.1,2876,221.0,11.4,2519,25810,16467,61.2,947.0
Station_01,Inv_00,20170806,11:43:00,208.5,18.3,3815,220.0,16.1,3542,25810,16467,63.9,1166.0
Station_01,Inv_00,20170806,11:44:00,204.5,8.1,1657,219.0,7.1,1555,25810,16467,65.3,756.0
Station_01,Inv_00,20170806,11:45:00,212.5,16.0,3400,219.0,14.1,3088,25810,16467,66.0,865.0
Station_01,Inv_00,20170806,11:46:00,201.0,13.1,2633,219.0,11.3,2475,25810,16467,62.6,924.0
Station_01,Inv_00,20170806,11:47:00,203.0,17.5,3552,220.0,15.1,3322,25811,16467,63.4,1085.0
Station_01,Inv_00,20170806,11:48:00,209.0,17.2,3594,220.0,15.3,3366,25811,16467,66.5,1093.0
Station_01,Inv_00,20170806,11:49:00,181.0,8.1,1466,219.0,6.3,1380,25811,16467,63.7,836.0
Station_01,Inv_00,20170806,11:50:00,191.0,10.1,1929,221.0,7.9,1746,25811,16467,64.6,823.0
Station_01,Inv_00,20170806,11:51:00,206.0,6.8,1401,220.0,5.8,1276,25811,16467,62.6,513.0
Station_01,Inv_00,20170806,11:52:00,219.5,6.4,1405,219.0,5.9,1292,25811,16467,59.2,431.0
Station_01,Inv_00,20170806,11:53:00,220.0,6.0,1320,217.0,5.6,1215,25811,16467,56.3,394.0
Station_01,Inv_00,20170806,11:54:00,221.9,6.2,1376,217.0,5.9,1280,25811,16467,55.2,398.0
Station_01,Inv_00,20170806,11:55:00,218.4,18.2,3975,219.0,16.9,3701,25811,16467,55.5,966.0
Station_01,Inv_00,20170806,11:56:00,207.5,10.2,2117,217.0,9.2,1996,25811,16467,55.1,775.0
Station_01,Inv_00,20170806,11:57:00,214.5,8.2,1759,218.0,8.0,1744,25811,16467,53.9,568.0
Station_01,Inv_00,20170806,11:58:00,216.5,17.4,3767,219.0,16.0,3504,25811,16467,56.8,1097.0
Station_01,Inv_00,20170806,11:59:00,197.0,17.8,3507,218.0,14.9,3248,25811,16467,58.1,1080.0
Station_01,Inv_00,20170806,12:00:00,212.5,17.1,3634,218.0,15.5,3379,25811,16467,59.8,1082.0
Station_01,Inv_00,20170806,12:01:00,209.9,17.1,3590,218.0,15.4,3357,25811,16467,60.4,1050.0
Station_01,Inv_00,20170806,12:02:00,204.0,17.1,3488,218.0,15.0,3270,25811,16467,62.8,1090.0
Station_01,Inv_00,20170806,12:03:00,189.5,18.0,3411,218.0,14.6,3183,25811,16467,62.9,1074.0
Station_01,Inv_00,20170806,12:04:00,211.0,16.6,3502,218.0,15.0,3270,25811,16467,65.2,1067.0
Station_01,Inv_00,20170806,12:05:00,192.0,18.3,3513,218.0,14.9,3248,25811,16467,63.3,1086.0
Station_01,Inv_00,20170806,12:06:00,199.5,18.4,3671,218.0,15.8,3444,25811,16467,62.8,1124.0
Station_01,Inv_00,20170806,12:07:00,196.0,16.4,3215,219.0,13.6,2978,25811,16467,60.6,834.0
Station_01,Inv_00,20170806,12:08:00,194.0,19.7,3822,219.0,16.3,3570,25812,16468,62.5,1080.0
Station_01,Inv_00,20170806,12:09:00,203.5,19.6,3988,218.0,17.0,3706,25812,16468,63.6,1200.0
Station_01,Inv_00,20170806,12:10:00,206.4,8.2,1693,218.0,7.4,1613,25812,16468,60.0,617.0
Station_01,Inv_00,20170806,12:11:00,213.9,13.8,2952,219.0,12.6,2759,25812,16468,61.5,934.0
Station_01,Inv_00,20170806,12:12:00,208.5,18.5,3857,221.0,16.4,3624,25812,16468,63.2,1174.0
Station_01,Inv_00,20170806,12:13:00,192.4,11.6,2232,220.0,9.6,2112,25812,16468,62.4,1016.0
Station_01,Inv_00,20170806,12:14:00,208.1,12.0,2497,219.0,10.6,2321,25812,16468,63.1,844.0
Station_01,Inv_00,20170806,12:15:00,207.9,9.6,1996,219.0,8.2,1796,25812,16468,61.2,527.0
Station_01,Inv_00,20170806,12:16:00,213.0,6.1,1300,218.0,5.5,1199,25812,16468,58.2,398.0
Station_01,Inv_00,20170806,12:17:00,217.3,6.9,1499,218.0,6.6,1439,25812,16468,55.8,453.0
Station_01,Inv_00,20170806,12:18:00,220.5,6.4,1411,218.0,6.1,1330,25812,16468,54.5,410.0
Station_01,Inv_00,20170806,12:19:00,224.5,7.6,1706,218.0,7.2,1570,25812,16468,52.2,476.0
Station_01,Inv_00,20170806,12:20:00,225.9,7.4,1672,217.0,7.2,1562,25812,16468,51.8,472.0
Station_01,Inv_00,20170806,12:21:00,214.0,17.7,3788,219.0,16.0,3504,25812,16468,55.1,1092.0
Station_01,Inv_00,20170806,12:22:00,191.5,8.6,1647,218.0,7.2,1570,25812,16468,56.9,931.0
Station_01,Inv_00,20170806,12:23:00,223.5,4.8,1073,217.0,4.6,998,25812,16468,53.8,337.0
Station_01,Inv_00,20170806,12:24:00,224.5,5.0,1123,218.0,4.8,1046,25812,16468,53.1,325.0
Station_01,Inv_00,20170806,12:25:00,228.0,5.3,1209,217.0,5.3,1150,25812,16468,49.9,350.0
Station_01,Inv_00,20170806,12:26:00,228.0,6.0,1368,219.0,5.9,1292,25812,16468,49.0,389.0
Station_01,Inv_00,20170806,12:27:00,230.0,7.2,1656,219.0,7.0,1533,25812,16468,48.1,440.0
Station_01,Inv_00,20170806,12:28:00,221.0,16.3,3602,220.0,14.7,3234,25812,16468,52.3,1062.0
Station_01,Inv_00,20170806,12:29:00,218.9,16.9,3700,221.0,15.6,3448,25812,16468,53.0,1089.0
Station_01,Inv_00,20170806,12:30:00,194.0,8.1,1572,220.0,7.8,1716,25812,16468,55.0,1088.0
Station_01,Inv_00,20170806,12:31:00,222.5,6.2,1380,219.0,5.8,1270,25812,16468,52.0,421.0
Station_01,Inv_00,20170806,12:32:00,224.5,6.0,1347,219.0,5.8,1270,25812,16468,51.1,396.0
Station_01,Inv_00,20170806,12:33:00,229.0,6.1,1397,219.0,5.9,1292,25812,16468,50.2,399.0
Station_01,Inv_00,20170806,12:34:00,231.0,6.3,1455,218.0,6.2,1352,25813,16469,48.7,424.0
Station_01,Inv_00,20170806,12:35:00,221.5,15.4,3411,219.0,15.2,3329,25813,16469,51.8,1013.0
Station_01,Inv_00,20170806,12:36:00,205.5,10.9,2240,219.0,13.9,3044,25813,16469,53.8,1028.0
Station_01,Inv_00,20170806,12:37:00,227.5,4.8,1092,218.0,4.6,1003,25813,16469,51.4,336.0
Station_01,Inv_00,20170806,12:38:00,228.5,4.4,1005,218.0,4.3,937,25813,16469,50.3,299.0
Station_01,Inv_00,20170806,12:39:00,229.5,4.3,987,218.0,4.2,916,25813,16469,48.8,288.0
Station_01,Inv_00,20170806,12:40:00,225.0,4.3,968,219.0,4.1,898,25813,16469,47.6,290.0
Station_01,Inv_00,20170806,12:41:00,233.5,4.5,1051,219.0,4.4,964,25813,16469,47.2,294.0
Station_01,Inv_00,20170806,12:42:00,230.0,5.0,1150,219.0,4.8,1051,25813,16469,45.9,316.0
Station_01,Inv_00,20170806,12:43:00,230.5,6.3,1452,219.0,6.1,1336,25813,16469,45.6,368.0
Station_01,Inv_00,20170806,12:44:00,224.4,16.8,3770,220.0,16.0,3520,25813,16469,49.0,1047.0
Station_01,Inv_00,20170806,12:45:00,202.0,8.0,1616,220.0,7.6,1672,25813,16469,51.6,993.0
Station_01,Inv_00,20170806,12:46:00,226.5,15.7,3555,220.0,15.2,3344,25813,16469,50.9,929.0
Station_01,Inv_00,20170806,12:47:00,229.0,7.0,1603,219.0,7.0,1533,25813,16469,49.8,483.0
Station_01,Inv_00,20170806,12:48:00,224.0,9.3,2083,219.0,8.7,1905,25813,16469,49.2,516.0
Station_01,Inv_00,20170806,12:49:00,223.4,8.8,1966,220.0,8.5,1870,25813,16469,49.4,589.0
Station_01,Inv_00,20170806,12:50:00,223.9,17.2,3852,220.0,16.4,3608,25813,16469,51.5,1022.0
Station_01,Inv_00,20170806,12:51:00,217.5,17.4,3784,220.0,16.2,3564,25813,16469,52.7,1089.0
Station_01,Inv_00,20170806,12:52:00,219.4,12.2,2677,219.0,10.7,2343,25813,16469,53.2,723.0
Station_01,Inv_00,20170806,12:53:00,229.5,6.7,1538,219.0,6.6,1445,25813,16469,50.8,463.0
Station_01,Inv_00,20170806,12:54:00,224.9,6.9,1552,219.0,6.8,1489,25813,16469,49.3,465.0
Station_01,Inv_00,20170806,12:55:00,227.9,6.7,1527,219.0,6.7,1467,25813,16469,49.0,449.0
Station_01,Inv_00,20170806,12:56:00,227.0,8.5,1929,219.0,8.2,1796,25813,16469,48.8,523.0
Station_01,Inv_00,20170806,12:57:00,223.5,18.0,4023,220.0,17.0,3740,25813,16469,51.4,1043.0
Station_01,Inv_00,20170806,12:58:00,211.0,12.9,2722,220.0,12.3,2706,25813,16469,51.2,913.0
Station_01,Inv_00,20170806,12:59:00,216.5,13.6,2944,219.0,12.5,2738,25813,16469,52.1,965.0
Station_01,Inv_00,20170806,13:00:00,218.5,16.7,3648,220.0,15.6,3432,25813,16469,53.7,1034.0
Station_01,Inv_00,20170806,13:01:00,221.5,15.7,3477,219.0,14.9,3263,25814,16469,56.8,1017.0
Station_01,Inv_00,20170806,13:02:00,219.0,16.3,3570,220.0,15.2,3344,25814,16469,58.3,1017.0
Station_01,Inv_00,20170806,13:03:00,220.5,6.2,1367,218.0,5.8,1264,25814,16469,57.2,421.0
Station_01,Inv_00,20170806,13:04:00,221.4,6.4,1417,218.0,6.1,1330,25814,16469,55.3,407.0
Station_01,Inv_00,20170806,13:05:00,220.5,8.2,1808,218.0,7.9,1722,25814,16469,54.3,519.0
Station_01,Inv_00,20170806,13:06:00,226.0,13.5,3051,220.0,13.3,2926,25814,16469,55.1,705.0
Station_01,Inv_00,20170806,13:07:00,226.5,6.4,1449,218.0,6.2,1352,25814,16469,53.4,447.0
Station_01,Inv_00,20170806,13:08:00,223.5,6.0,1341,218.0,5.7,1243,25814,16469,52.4,391.0
Station_01,Inv_00,20170806,13:09:00,230.5,5.5,1268,219.0,5.4,1183,25814,16469,50.4,359.0
Station_01,Inv_00,20170806,13:10:00,230.5,5.3,1222,218.0,5.3,1155,25814,16469,50.0,347.0
Station_01,Inv_00,20170806,13:11:00,226.0,5.5,1243,219.0,5.3,1161,25814,16469,49.8,347.0
Station_01,Inv_00,20170806,13:12:00,226.5,5.7,1291,219.0,5.6,1226,25814,16469,49.4,362.0
Station_01,Inv_00,20170806,13:13:00,225.5,7.1,1601,219.0,6.8,1489,25814,16469,48.4,428.0
Station_01,Inv_00,20170806,13:14:00,229.0,6.4,1465,219.0,6.3,1380,25814,16469,47.7,407.0
Station_01,Inv_00,20170806,13:15:00,233.5,6.7,1564,219.0,6.7,1467,25814,16469,46.6,428.0
Station_01,Inv_00,20170806,13:16:00,230.5,8.3,1913,220.0,8.2,1804,25814,16469,48.1,529.0
Station_01,Inv_00,20170806,13:17:00,227.9,7.5,1710,220.0,7.4,1628,25814,16469,49.8,506.0
Station_01,Inv_00,20170806,13:18:00,228.5,6.5,1485,219.0,6.3,1380,25814,16469,49.2,421.0
Station_01,Inv_00,20170806,13:19:00,224.5,6.0,1347,219.0,5.8,1270,25814,16469,48.3,392.0
Station_01,Inv_00,20170806,13:20:00,234.5,5.9,1384,219.0,6.0,1314,25814,16469,47.6,408.0
Station_01,Inv_00,20170806,13:21:00,230.5,6.8,1567,219.0,6.7,1467,25814,16469,46.8,429.0
Station_01,Inv_00,20170806,13:22:00,231.5,7.5,1736,219.0,7.4,1621,25814,16469,48.0,471.0
Station_01,Inv_00,20170806,13:23:00,237.9,14.6,3473,220.0,14.1,3102,25814,16469,49.8,794.0
Station_01,Inv_00,20170806,13:24:00,213.4,17.8,3799,220.0,16.1,3542,25814,16469,53.9,1076.0
Station_01,Inv_00,20170806,13:25:00,216.5,17.2,3724,221.0,15.8,3492,25814,16469,56.6,1066.0
Station_01,Inv_00,20170806,13:26:00,217.0,16.8,3645,220.0,15.5,3410,25814,16469,58.4,1043.0
Station_01,Inv_00,20170806,13:27:00,215.5,15.3,3297,220.0,14.3,3146,25814,16469,59.5,988.0
Station_01,Inv_00,20170806,13:28:00,213.5,15.7,3352,221.0,14.3,3160,25814,16469,60.6,1018.0
Station_01,Inv_00,20170806,13:29:00,196.5,9.0,1769,220.0,7.7,1694,25814,16469,61.7,940.0
Station_01,Inv_00,20170806,13:30:00,212.5,5.6,1190,219.0,5.0,1095,25815,16470,58.9,398.0
Station_01,Inv_00,20170806,13:31:00,221.3,4.9,1084,219.0,4.6,1007,25815,16470,56.4,346.0
Station_01,Inv_00,20170806,13:32:00,224.0,4.7,1053,219.0,4.4,964,25815,16470,52.2,315.0
Station_01,Inv_00,20170806,13:33:00,227.0,5.1,1158,219.0,5.0,1095,25815,16470,51.4,340.0
Station_01,Inv_00,20170806,13:34:00,227.4,5.6,1274,219.0,5.4,1183,25815,16470,50.4,405.0
Station_01,Inv_00,20170806,13:35:00,236.0,14.6,3445,220.0,14.6,3212,25815,16470,50.9,606.0
Station_01,Inv_00,20170806,13:36:00,226.5,14.9,3375,221.0,14.4,3182,25815,16470,55.0,944.0
Station_01,Inv_00,20170806,13:37:00,220.4,15.3,3372,221.0,14.3,3160,25815,16470,54.8,919.0
Station_01,Inv_00,20170806,13:38:00,217.5,5.1,1109,219.0,4.6,1007,25815,16470,52.6,356.0
Station_01,Inv_00,20170806,13:39:00,219.5,5.0,1098,219.0,4.7,1029,25815,16470,51.0,334.0
Station_01,Inv_00,20170806,13:40:00,228.9,5.4,1236,219.0,5.3,1161,25815,16470,50.3,355.0
Station_01,Inv_00,20170806,13:41:00,226.9,6.4,1452,219.0,6.2,1358,25815,16470,50.0,404.0
Station_01,Inv_00,20170806,13:42:00,227.4,6.4,1455,219.0,6.3,1380,25815,16470,49.6,436.0
Station_01,Inv_00,20170806,13:43:00,224.0,13.8,3091,220.0,13.7,3014,25815,16470,50.7,742.0
Station_01,Inv_00,20170806,13:44:00,226.3,8.8,1992,220.0,8.7,1914,25815,16470,52.6,739.0
Station_01,Inv_00,20170806,13:45:00,223.5,15.9,3554,221.0,15.0,3315,25815,16470,54.5,1002.0
Station_01,Inv_00,20170806,13:46:00,219.5,15.4,3380,221.0,14.4,3182,25815,16470,56.7,965.0
Station_01,Inv_00,20170806,13:47:00,217.0,15.1,3277,221.0,13.9,3072,25815,16470,58.6,941.0
Station_01,Inv_00,20170806,13:48:00,213.5,15.3,3267,220.0,13.9,3058,25815,16470,60.0,932.0
Station_01,Inv_00,20170806,13:49:00,211.5,15.7,3321,220.0,14.1,3102,25815,16470,60.5,955.0
Station_01,Inv_00,20170806,13:50:00,208.5,8.3,1730,219.0,7.3,1599,25815,16470,62.2,716.0
Station_01,Inv_00,20170806,13:51:00,211.4,6.6,1395,220.0,6.0,1320,25815,16470,61.1,580.0
Station_01,Inv_00,20170806,13:52:00,223.9,6.2,1388,219.0,6.0,1314,25815,16470,59.3,411.0
Station_01,Inv_00,20170806,13:53:00,218.0,16.1,3510,220.0,15.0,3300,25815,16470,59.8,758.0
Station_01,Inv_00,20170806,13:54:00,223.9,6.2,1388,219.0,5.9,1292,25815,16470,58.1,424.0
Station_01,Inv_00,20170806,13:55:00,221.5,6.7,1484,219.0,6.2,1358,25815,16470,56.8,407.0
Station_01,Inv_00,20170806,13:56:00,226.5,6.4,1450,219.0,6.3,1380,25815,16470,55.6,436.0
Station_01,Inv_00,20170806,13:57:00,224.0,15.7,3516,220.0,14.8,3256,25815,16470,57.1,948.0
Station_01,Inv_00,20170806,13:58:00,220.5,13.2,2911,220.0,12.5,2750,25816,16471,58.0,779.0
Station_01,Inv_00,20170806,13:59:00,205.5,10.2,2096,220.0,10.7,2354,25816,16471,58.5,898.0
Station_01,Inv_00,20170806,14:00:00,217.0,10.0,2170,219.0,8.6,1883,25816,16471,56.6,457.0
Station_01,Inv_00,20170806,14:01:00,216.0,5.4,1166,219.0,5.0,1095,25816,16471,57.6,501.0
Station_01,Inv_00,20170806,14:02:00,223.5,5.0,1117,219.0,4.8,1051,25816,16471,54.9,338.0
Station_01,Inv_00,20170806,14:03:00,219.0,9.0,1971,220.0,8.5,1870,25816,16471,53.1,409.0
Station_01,Inv_00,20170806,14:04:00,228.4,4.8,1096,219.0,4.7,1029,25816,16471,52.1,326.0
Station_01,Inv_00,20170806,14:05:00,225.5,5.2,1173,219.0,5.0,1095,25816,16471,50.2,332.0
Station_01,Inv_00,20170806,14:06:00,216.5,6.9,1494,219.0,6.4,1402,25816,16471,50.3,507.0
Station_01,Inv_00,20170806,14:07:00,209.5,7.6,1592,219.0,7.7,1686,25816,16471,51.7,623.0
Station_01,Inv_00,20170806,14:08:00,220.0,5.4,1188,219.0,5.0,1095,25816,16471,49.7,366.0
Station_01,Inv_00,20170806,14:09:00,232.5,5.0,1162,219.0,4.9,1073,25816,16471,49.1,330.0
Station_01,Inv_00,20170806,14:10:00,228.0,4.8,1094,218.0,4.6,1003,25816,16471,47.7,319.0
Station_01,Inv_00,20170806,14:11:00,233.0,4.8,1118,219.0,4.8,1051,25816,16471,47.0,332.0
Station_01,Inv_00,20170806,14:12:00,225.5,6.9,1556,219.0,6.7,1467,25816,16471,47.1,453.0
Station_01,Inv_00,20170806,14:13:00,227.5,14.8,3367,220.0,14.4,3168,25816,16471,50.7,920.0
Station_01,Inv_00,20170806,14:14:00,223.0,10.8,2408,220.0,10.5,2310,25816,16471,53.2,796.0
Station_01,Inv_00,20170806,14:15:00,232.5,5.0,1163,219.0,5.0,1095,25816,16471,50.5,357.0
Station_01,Inv_00,20170806,14:16:00,221.5,5.2,1152,219.0,5.0,1095,25816,16471,50.4,340.0
Station_01,Inv_00,20170806,14:17:00,226.4,5.6,1268,219.0,5.3,1161,25816,16471,49.2,353.0
Station_01,Inv_00,20170806,14:18:00,224.0,6.6,1478,219.0,6.2,1358,25816,16471,49.4,389.0
Station_01,Inv_00,20170806,14:19:00,214.9,13.2,2837,220.0,12.4,2728,25816,16471,50.7,887.0
Station_01,Inv_00,20170806,14:20:00,221.9,7.0,1554,218.0,6.7,1461,25816,16471,50.7,512.0
Station_01,Inv_00,20170806,14:21:00,223.4,11.6,2592,219.0,10.5,2300,25816,16471,49.6,502.0
Station_01,Inv_00,20170806,14:22:00,225.0,15.2,3420,220.0,14.6,3212,25816,16471,52.7,943.0
Station_01,Inv_00,20170806,14:23:00,221.9,15.1,3351,219.0,14.4,3154,25816,16471,54.5,923.0
Station_01,Inv_00,20170806,14:24:00,214.5,9.6,2059,219.0,9.6,2102,25816,16471,56.0,873.0
Station_01,Inv_00,20170806,14:25:00,221.5,5.8,1285,218.0,5.5,1199,25816,16471,52.9,416.0
Station_01,Inv_00,20170806,14:26:00,223.4,5.2,1162,218.0,4.9,1068,25816,16471,51.4,350.0
Station_01,Inv_00,20170806,14:27:00,227.4,5.0,1137,218.0,4.7,1025,25816,16471,51.0,323.0
Station_01,Inv_00,20170806,14:28:00,226.9,7.2,1634,219.0,7.1,1555,25816,16471,49.4,513.0
Station_01,Inv_00,20170806,14:29:00,212.9,7.9,1682,218.0,8.1,1766,25816,16471,51.0,805.0
Station_01,Inv_00,20170806,14:30:00,221.0,7.0,1547,219.0,6.9,1511,25817,16471,50.1,688.0
Station_01,Inv_00,20170806,14:31:00,229.9,13.9,3196,219.0,13.7,3000,25817,16471,51.9,844.0
Station_01,Inv_00,20170806,14:32:00,224.5,13.5,3031,220.0,12.9,2838,25817,16471,53.3,858.0
Station_01,Inv_00,20170806,14:33:00,220.0,12.9,2838,220.0,12.1,2662,25817,16471,52.3,840.0
Station_01,Inv_00,20170806,14:34:00,218.5,14.3,3125,220.0,13.4,2948,25817,16471,55.8,882.0
Station_01,Inv_00,20170806,14:35:00,218.5,14.6,3190,219.0,13.5,2957,25817,16471,55.5,893.0
Station_01,Inv_00,20170806,14:36:00,218.0,14.2,3095,219.0,13.3,2913,25817,16471,56.2,879.0
Station_01,Inv_00,20170806,14:37:00,221.0,13.6,3006,219.0,12.9,2825,25817,16471,56.0,858.0
Station_01,Inv_00,20170806,14:38:00,217.0,10.7,2322,219.0,9.9,2168,25817,16471,57.5,739.0
Station_01,Inv_00,20170806,14:39:00,218.9,6.5,1423,218.0,6.1,1330,25817,16471,55.0,469.0
Station_01,Inv_00,20170806,14:40:00,223.0,5.8,1293,218.0,5.6,1221,25817,16471,53.9,370.0
Station_01,Inv_00,20170806,14:41:00,223.5,7.1,1587,219.0,6.7,1467,25817,16471,52.7,429.0
Station_01,Inv_00,20170806,14:42:00,224.5,8.5,1908,219.0,8.3,1818,25817,16471,52.4,503.0
Station_01,Inv_00,20170806,14:43:00,219.9,7.6,1671,219.0,7.5,1643,25817,16471,53.6,632.0
Station_01,Inv_00,20170806,14:44:00,222.0,7.5,1665,220.0,7.1,1562,25817,16471,52.8,514.0
Station_01,Inv_00,20170806,14:45:00,225.5,12.3,2774,221.0,11.9,2630,25817,16471,54.9,738.0
Station_01,Inv_00,20170806,14:46:00,227.0,5.0,1135,219.0,4.9,1073,25817,16471,52.2,369.0
Station_01,Inv_00,20170806,14:47:00,227.5,4.5,1024,219.0,4.3,942,25817,16471,52.2,286.0
Station_01,Inv_00,20170806,14:48:00,225.0,4.5,1013,218.0,4.2,916,25817,16471,49.3,279.0
Station_01,Inv_00,20170806,14:49:00,228.0,4.6,1049,218.0,4.5,981,25817,16471,47.6,288.0
Station_01,Inv_00,20170806,14:50:00,227.0,5.0,1135,218.0,4.9,1068,25817,16471,47.0,316.0
Station_01,Inv_00,20170806,14:51:00,223.0,6.9,1539,218.0,6.5,1417,25817,16471,47.3,360.0
Station_01,Inv_00,20170806,14:52:00,231.5,12.9,2986,219.0,12.8,2803,25817,16471,49.2,791.0
Station_01,Inv_00,20170806,14:53:00,234.2,7.7,1804,218.0,7.7,1679,25817,16471,48.8,560.0
Station_01,Inv_00,20170806,14:54:00,234.0,6.6,1544,218.0,6.5,1417,25817,16471,48.9,416.0
Station_01,Inv_00,20170806,14:55:00,234.5,11.6,2720,220.0,11.7,2574,25817,16471,51.2,690.0
Station_01,Inv_00,20170806,14:56:00,232.0,12.8,2969,220.0,12.7,2794,25817,16471,51.0,698.0
Station_01,Inv_00,20170806,14:57:00,227.0,12.4,2814,219.0,12.1,2650,25817,16471,52.1,765.0
Station_01,Inv_00,20170806,14:58:00,222.5,5.8,1291,218.0,5.6,1221,25818,16472,50.7,430.0
Station_01,Inv_00,20170806,14:59:00,222.0,6.8,1510,218.0,6.5,1417,25818,16472,49.3,410.0
Station_01,Inv_00,20170806,15:00:00,223.9,6.4,1433,218.0,6.0,1308,25818,16472,48.1,390.0
Station_01,Inv_00,20170806,15:01:00,231.0,5.2,1201,218.0,5.1,1112,25818,16472,47.4,331.0
Station_01,Inv_00,20170806,15:02:00,227.0,5.3,1203,218.0,5.1,1112,25818,16472,45.8,336.0
Station_01,Inv_00,20170806,15:03:00,233.4,5.6,1307,218.0,5.6,1221,25818,16472,46.1,354.0
Station_01,Inv_00,20170806,15:04:00,234.0,6.0,1404,218.0,6.1,1330,25818,16472,45.7,376.0
Station_01,Inv_00,20170806,15:05:00,227.5,9.7,2207,219.0,9.4,2059,25818,16472,46.9,645.0
Station_01,Inv_00,20170806,15:06:00,234.9,5.2,1222,219.0,5.3,1161,25818,16472,46.2,354.0
Station_01,Inv_00,20170806,15:07:00,233.0,5.2,1212,218.0,5.1,1112,25818,16472,46.0,338.0
Station_01,Inv_00,20170806,15:08:00,234.0,5.1,1193,218.0,5.0,1090,25818,16472,45.7,329.0
Station_01,Inv_00,20170806,15:09:00,236.0,4.7,1109,218.0,4.6,1003,25818,16472,45.7,313.0
Station_01,Inv_00,20170806,15:10:00,230.5,4.4,1014,218.0,4.4,959,25818,16472,44.9,294.0
Station_01,Inv_00,20170806,15:11:00,236.0,4.4,1038,218.0,4.4,959,25818,16472,44.1,291.0
Station_01,Inv_00,20170806,15:12:00,231.0,4.6,1063,219.0,4.4,964,25818,16472,44.0,294.0
Station_01,Inv_00,20170806,15:13:00,236.5,6.0,1419,219.0,6.0,1314,25818,16472,43.4,338.0
Station_01,Inv_00,20170806,15:14:00,239.9,5.9,1416,219.0,6.0,1314,25818,16472,44.6,400.0
Station_01,Inv_00,20170806,15:15:00,229.5,7.3,1675,219.0,7.1,1555,25818,16472,44.2,423.0
Station_01,Inv_00,20170806,15:16:00,231.0,11.8,2725,220.0,11.7,2574,25818,16472,45.9,716.0
Station_01,Inv_00,20170806,15:17:00,230.4,6.5,1498,219.0,6.3,1380,25818,16472,45.6,430.0
Station_01,Inv_00,20170806,15:18:00,233.0,10.8,2516,220.0,10.9,2398,25818,16472,46.9,685.0
Station_01,Inv_00,20170806,15:19:00,233.0,10.5,2446,220.0,10.5,2310,25818,16472,47.6,639.0
Station_01,Inv_00,20170806,15:20:00,234.0,10.1,2363,220.0,10.3,2266,25818,16472,47.7,659.0
Station_01,Inv_00,20170806,15:21:00,228.0,9.9,2257,219.0,9.7,2124,25818,16472,48.8,627.0
Station_01,Inv_00,20170806,15:22:00,230.0,9.7,2231,220.0,9.5,2090,25818,16472,49.7,614.0
Station_01,Inv_00,20170806,15:23:00,229.0,9.5,2175,220.0,9.3,2046,25818,16472,49.4,582.0
Station_01,Inv_00,20170806,15:24:00,230.5,9.7,2236,220.0,9.7,2134,25818,16472,50.5,614.0
Station_01,Inv_00,20170806,15:25:00,222.0,10.1,2242,220.0,9.6,2112,25818,16472,49.9,544.0
Station_01,Inv_00,20170806,15:26:00,225.0,5.8,1305,219.0,5.9,1292,25818,16472,50.3,511.0
Station_01,Inv_00,20170806,15:27:00,227.5,4.4,1001,220.0,4.3,946,25818,16472,49.1,308.0
Station_01,Inv_00,20170806,15:28:00,228.4,5.1,1165,220.0,4.9,1078,25818,16472,48.3,316.0
Station_01,Inv_00,20170806,15:29:00,229.0,10.4,2382,220.0,10.3,2266,25818,16472,49.2,617.0
Station_01,Inv_00,20170806,15:30:00,219.0,10.9,2387,220.0,10.3,2266,25818,16472,49.9,629.0
Station_01,Inv_00,20170806,15:31:00,227.0,10.6,2406,220.0,10.3,2266,25818,16472,51.4,672.0
Station_01,Inv_00,20170806,15:32:00,217.5,10.3,2240,220.0,9.7,2134,25818,16472,50.9,640.0
Station_01,Inv_00,20170806,15:33:00,218.0,10.1,2202,220.0,9.5,2090,25819,16473,51.6,624.0
Station_01,Inv_00,20170806,15:34:00,217.0,10.2,2213,220.0,9.5,2090,25819,16473,50.9,626.0
Station_01,Inv_00,20170806,15:35:00,227.0,9.9,2247,220.0,9.8,2156,25819,16473,51.2,631.0
Station_01,Inv_00,20170806,15:36:00,213.5,10.1,2156,220.0,9.3,2046,25819,16473,51.1,624.0
Station_01,Inv_00,20170806,15:37:00,217.4,4.6,1000,219.0,4.2,920,25819,16473,50.0,312.0
Station_01,Inv_00,20170806,15:38:00,211.7,4.5,953,219.0,4.1,898,25819,16473,48.8,294.0
Station_01,Inv_00,20170806,15:39:00,216.2,7.3,1578,219.0,6.8,1489,25819,16473,47.6,446.0
Station_01,Inv_00,20170806,15:40:00,229.4,9.6,2203,220.0,9.5,2090,25819,16473,49.7,597.0
Station_01,Inv_00,20170806,15:41:00,235.0,9.3,2186,219.0,9.4,2059,25819,16473,49.1,608.0
Station_01,Inv_00,20170806,15:42:00,225.0,9.3,2092,219.0,9.0,1971,25819,16473,49.5,588.0
Station_01,Inv_00,20170806,15:43:00,229.0,9.1,2084,218.0,9.1,1984,25819,16473,48.6,581.0
Station_01,Inv_00,20170806,15:44:00,231.0,9.0,2079,219.0,9.1,1993,25819,16473,49.5,581.0
Station_01,Inv_00,20170806,15:45:00,231.5,9.0,2083,219.0,8.9,1949,25819,16473,48.8,577.0
Station_01,Inv_00,20170806,15:46:00,226.5,8.8,1993,219.0,8.7,1905,25819,16473,49.5,576.0
Station_01,Inv_00,20170806,15:47:00,229.5,7.5,1721,219.0,7.3,1599,25819,16473,49.7,484.0
Station_01,Inv_00,20170806,15:48:00,234.9,8.8,2067,218.0,9.0,1962,25819,16473,48.8,540.0
Station_01,Inv_00,20170806,15:49:00,227.9,6.8,1550,219.0,6.7,1467,25819,16473,50.5,523.0
Station_01,Inv_00,20170806,15:50:00,228.5,5.1,1165,218.0,4.9,1068,25819,16473,49.3,335.0
Station_01,Inv_00,20170806,15:51:00,229.4,4.7,1078,218.0,4.6,1003,25819,16473,48.0,301.0
Station_01,Inv_00,20170806,15:52:00,230.4,4.4,1014,218.0,4.3,937,25819,16473,46.9,283.0
Station_01,Inv_00,20170806,15:53:00,231.4,4.6,1065,218.0,4.4,959,25819,16473,45.0,286.0
Station_01,Inv_00,20170806,15:54:00,234.0,4.9,1147,218.0,4.8,1046,25819,16473,45.3,302.0
Station_01,Inv_00,20170806,15:55:00,236.4,8.6,2033,220.0,8.7,1914,25819,16473,45.5,439.0
Station_01,Inv_00,20170806,15:56:00,237.5,7.7,1829,220.0,7.8,1716,25819,16473,46.4,512.0
Station_01,Inv_00,20170806,15:57:00,231.0,8.0,1848,220.0,8.0,1760,25819,16473,46.4,496.0
Station_01,Inv_00,20170806,15:58:00,235.0,6.3,1480,220.0,6.2,1364,25819,16473,46.5,442.0
Station_01,Inv_00,20170806,15:59:00,222.0,4.6,1021,219.0,4.3,942,25819,16473,46.5,340.0
Station_01,Inv_00,20170806,16:00:00,229.4,4.4,1009,219.0,4.2,920,25819,16473,45.8,281.0
Station_01,Inv_00,20170806,16:01:00,234.5,5.2,1219,219.0,5.2,1139,25819,16473,45.2,335.0
Station_01,Inv_00,20170806,16:02:00,232.9,6.8,1584,219.0,6.7,1467,25819,16473,45.4,392.0
Station_01,Inv_00,20170806,16:03:00,234.0,6.6,1544,219.0,6.7,1467,25819,16473,45.6,412.0
Station_01,Inv_00,20170806,16:04:00,234.9,6.2,1456,219.0,6.3,1380,25819,16473,46.2,408.0
Station_01,Inv_00,20170806,16:05:00,234.4,4.4,1032,218.0,4.3,937,25819,16473,45.5,284.0
Station_01,Inv_00,20170806,16:06:00,229.5,4.3,987,218.0,4.3,937,25819,16473,44.4,281.0
Station_01,Inv_00,20170806,16:07:00,236.0,4.1,968,218.0,4.1,894,25819,16473,43.4,268.0
Station_01,Inv_00,20170806,16:08:00,225.5,5.5,1240,218.0,5.3,1155,25819,16473,43.4,296.0
Station_01,Inv_00,20170806,16:09:00,231.4,6.3,1458,218.0,6.3,1373,25819,16473,44.1,421.0
Station_01,Inv_00,20170806,16:10:00,234.9,4.6,1081,218.0,4.6,1003,25819,16473,43.4,298.0
Station_01,Inv_00,20170806,16:11:00,228.9,4.2,961,219.0,4.0,876,25819,16473,42.5,261.0
Station_01,Inv_00,20170806,16:12:00,237.8,5.9,1403,219.0,5.9,1292,25820,16473,42.6,347.0
Station_01,Inv_00,20170806,16:13:00,238.0,7.0,1666,219.0,7.2,1577,25820,16473,43.5,461.0
Station_01,Inv_00,20170806,16:14:00,230.5,8.1,1867,219.0,8.1,1774,25820,16473,43.7,505.0
Station_01,Inv_00,20170806,16:15:00,218.4,6.9,1507,219.0,6.5,1424,25820,16473,45.0,483.0
Station_01,Inv_00,20170806,16:16:00,228.0,5.0,1140,219.0,4.8,1051,25820,16473,44.5,319.0
Station_01,Inv_00,20170806,16:17:00,236.5,5.2,1230,219.0,5.1,1117,25820,16473,44.5,327.0
Station_01,Inv_00,20170806,16:18:00,233.4,8.2,1914,219.0,8.1,1774,25820,16473,44.4,406.0
Station_01,Inv_00,20170806,16:19:00,235.9,8.0,1888,219.0,8.0,1752,25820,16473,44.7,510.0
Station_01,Inv_00,20170806,16:20:00,233.0,5.1,1188,219.0,5.2,1139,25820,16473,44.9,415.0
Station_01,Inv_00,20170806,16:21:00,234.9,7.6,1786,219.0,7.6,1664,25820,16473,44.3,444.0
Station_01,Inv_00,20170806,16:22:00,233.0,7.7,1794,218.0,7.7,1679,25820,16473,45.1,470.0
Station_01,Inv_00,20170806,16:23:00,234.4,7.6,1782,219.0,7.7,1686,25820,16473,45.2,492.0
Station_01,Inv_00,20170806,16:24:00,232.3,7.5,1742,219.0,7.6,1664,25820,16473,46.0,484.0
Station_01,Inv_00,20170806,16:25:00,230.0,7.7,1771,219.0,7.7,1686,25820,16473,45.7,492.0
Station_01,Inv_00,20170806,16:26:00,231.5,7.4,1713,219.0,7.4,1621,25820,16473,47.1,480.0
Station_01,Inv_00,20170806,16:27:00,232.5,7.4,1720,218.0,7.3,1591,25820,16473,47.0,467.0
Station_01,Inv_00,20170806,16:28:00,232.0,7.3,1693,219.0,7.3,1599,25820,16473,46.6,469.0
Station_01,Inv_00,20170806,16:29:00,234.0,7.1,1661,219.0,7.2,1577,25820,16473,47.3,461.0
Station_01,Inv_00,20170806,16:30:00,231.0,6.7,1548,219.0,6.6,1445,25820,16473,47.3,416.0
Station_01,Inv_00,20170806,16:31:00,225.0,5.4,1215,218.0,5.5,1199,25820,16473,47.0,396.0
Station_01,Inv_00,20170806,16:32:00,228.0,4.2,958,218.0,4.1,894,25820,16473,45.8,282.0
Station_01,Inv_00,20170806,16:33:00,224.5,6.0,1347,218.0,5.8,1264,25820,16473,45.5,390.0
Station_01,Inv_00,20170806,16:34:00,231.5,5.3,1227,219.0,5.1,1117,25820,16473,44.1,322.0
Station_01,Inv_00,20170806,16:35:00,227.0,6.1,1385,218.0,6.0,1308,25820,16473,43.8,394.0
Station_01,Inv_00,20170806,16:36:00,233.0,5.6,1305,219.0,5.6,1226,25820,16473,43.6,377.0
Station_01,Inv_00,20170806,16:37:00,237.0,5.2,1232,218.0,5.3,1155,25820,16473,43.3,353.0
Station_01,Inv_00,20170806,16:38:00,237.0,5.2,1232,219.0,5.1,1117,25820,16473,43.1,342.0
Station_01,Inv_00,20170806,16:39:00,230.0,5.1,1173,218.0,4.9,1068,25820,16473,43.3,329.0
Station_01,Inv_00,20170806,16:40:00,230.0,4.9,1127,218.0,4.7,1025,25820,16473,43.0,320.0
Station_01,Inv_00,20170806,16:41:00,230.5,4.9,1129,219.0,4.7,1029,25820,16473,42.9,318.0
Station_01,Inv_00,20170806,16:42:00,229.5,4.8,1102,219.0,4.6,1007,25820,16473,42.6,313.0
Station_01,Inv_00,20170806,16:43:00,230.0,4.5,1035,218.0,4.5,981,25820,16473,42.0,305.0
Station_01,Inv_00,20170806,16:44:00,231.0,4.3,993,218.0,4.3,937,25820,16473,41.7,293.0
Station_01,Inv_00,20170806,16:45:00,230.0,4.4,1012,218.0,4.2,916,25820,16473,41.7,287.0
Station_01,Inv_00,20170806,16:46:00,230.0,4.4,1012,219.0,4.2,920,25820,16473,41.5,287.0
Station_01,Inv_00,20170806,16:47:00,231.0,4.3,993,219.0,4.1,898,25820,16473,41.4,285.0
Station_01,Inv_00,20170806,16:48:00,230.5,4.3,991,219.0,4.1,898,25820,16473,40.9,281.0
Station_01,Inv_00,20170806,16:49:00,237.9,4.0,952,219.0,4.1,898,25820,16473,40.8,277.0
Station_01,Inv_00,20170806,16:50:00,239.5,3.8,910,219.0,3.9,854,25820,16473,40.9,264.0
Station_01,Inv_00,20170806,16:51:00,232.5,3.8,884,219.0,3.9,854,25820,16473,40.4,254.0
Station_01,Inv_00,20170806,16:52:00,238.5,3.6,859,219.0,3.7,810,25820,16473,40.2,247.0
Station_01,Inv_00,20170806,16:53:00,216.6,3.5,758,219.0,3.3,723,25820,16473,39.8,234.0
Station_01,Inv_00,20170806,16:54:00,223.2,3.2,714,219.0,3.1,679,25820,16473,39.5,217.0
Station_01,Inv_00,20170806,16:55:00,234.4,2.8,656,218.0,2.8,610,25820,16473,39.3,197.0
Station_01,Inv_00,20170806,16:56:00,234.5,2.6,610,218.0,2.7,589,25820,16473,38.8,187.0
Station_01,Inv_00,20170806,16:57:00,235.5,2.6,612,218.0,2.7,589,25820,16473,38.3,186.0
Station_01,Inv_00,20170806,16:58:00,233.5,2.6,607,218.0,2.7,589,25820,16473,38.1,186.0
Station_01,Inv_00,20170806,16:59:00,202.1,2.7,546,217.0,2.4,521,25820,16473,37.7,185.0
Station_01,Inv_00,20170806,17:00:00,202.0,2.5,505,217.0,2.3,499,25820,16473,37.2,183.0
Station_01,Inv_00,20170806,17:01:00,227.5,2.6,591,217.0,2.5,543,25821,16474,37.5,179.0
Station_01,Inv_00,20170806,17:02:00,208.0,2.6,541,218.0,2.4,523,25821,16474,37.2,180.0
Station_01,Inv_00,20170806,17:03:00,234.0,2.4,562,218.0,2.5,545,25821,16474,36.8,174.0
Station_01,Inv_00,20170806,17:04:00,214.6,2.5,537,218.0,2.3,501,25821,16474,36.8,173.0
Station_01,Inv_00,20170806,17:05:00,241.0,2.3,554,218.0,2.4,523,25821,16474,36.7,168.0
Station_01,Inv_00,20170806,17:06:00,230.8,2.4,554,219.0,2.3,504,25821,16474,36.4,162.0
Station_01,Inv_00,20170806,17:07:00,233.0,2.3,536,219.0,2.3,504,25821,16474,36.3,156.0
Station_01,Inv_00,20170806,17:08:00,237.8,2.4,571,218.0,2.5,545,25821,16474,36.3,149.0
Station_01,Inv_00,20170806,17:09:00,241.0,2.3,554,218.0,2.4,523,25821,16474,36.0,134.0
Station_01,Inv_00,20170806,17:10:00,238.8,2.1,502,218.0,2.2,480,25821,16474,36.1,125.0
Station_01,Inv_00,20170806,17:11:00,245.2,1.8,441,218.0,2.0,436,25821,16474,36.0,119.0
Station_01,Inv_00,20170806,17:12:00,245.2,1.7,417,218.0,1.9,414,25821,16474,35.8,113.0
Station_01,Inv_00,20170806,17:13:00,208.0,1.8,374,218.0,1.7,371,25821,16474,35.3,107.0
Station_01,Inv_00,20170806,17:14:00,229.1,1.7,390,218.0,1.7,371,25821,16474,35.2,103.0
Station_01,Inv_00,20170806,17:15:00,224.4,1.6,359,218.0,1.6,349,25821,16474,35.0,100.0
Station_01,Inv_00,20170806,17:16:00,224.0,1.4,314,218.0,1.5,327,25821,16474,34.8,98.0
Station_01,Inv_00,20170806,17:17:00,233.0,1.3,303,219.0,1.5,329,25821,16474,34.7,96.0
Station_01,Inv_00,20170806,17:18:00,240.2,1.3,312,217.0,1.4,304,25821,16474,34.5,94.0
Station_01,Inv_00,20170806,17:19:00,237.9,1.3,309,218.0,1.5,327,25821,16474,34.1,95.0
Station_01,Inv_00,20170806,17:20:00,234.0,1.3,304,218.0,1.5,327,25821,16474,34.0,94.0
Station_01,Inv_00,20170806,17:21:00,238.5,1.3,310,218.0,1.4,305,25821,16474,33.8,94.0
Station_01,Inv_00,20170806,17:22:00,239.8,1.3,312,218.0,1.4,305,25821,16474,33.8,93.0
Station_01,Inv_00,20170806,17:23:00,239.7,1.3,312,218.0,1.4,305,25821,16474,33.8,93.0
Station_01,Inv_00,20170806,17:24:00,235.0,1.3,306,218.0,1.4,305,25821,16474,33.7,92.0
Station_01,Inv_00,20170806,17:25:00,236.2,1.3,307,218.0,1.4,305,25821,16474,33.6,91.0
Station_01,Inv_00,20170806,17:26:00,224.5,1.2,269,219.0,1.3,285,25821,16474,33.5,88.0
Station_01,Inv_00,20170806,17:27:00,170.8,1.1,188,218.0,1.0,218,25821,16474,33.4,86.0
Station_01,Inv_00,20170806,17:28:00,235.4,1.1,259,218.0,1.2,262,25821,16474,33.4,84.0
Station_01,Inv_00,20170806,17:29:00,233.5,1.0,234,218.0,1.2,262,25821,16474,33.2,83.0
Station_01,Inv_00,20170806,17:30:00,213.0,1.0,213,217.0,1.1,239,25821,16474,33.2,81.0
Station_01,Inv_00,20170806,17:31:00,195.9,1.1,216,217.0,1.0,217,25821,16474,33.0,80.0
Station_01,Inv_00,20170806,17:32:00,235.0,1.0,235,218.0,1.1,240,25821,16474,33.0,79.0
Station_01,Inv_00,20170806,17:33:00,202.0,1.0,202,218.0,1.0,218,25821,16474,32.9,77.0
Station_01,Inv_00,20170806,17:34:00,222.0,0.9,200,217.0,1.1,239,25821,16474,32.8,77.0
Station_01,Inv_00,20170806,17:35:00,237.8,0.9,214,218.0,1.1,240,25821,16474,32.7,76.0
Station_01,Inv_00,20170806,17:36:00,233.4,0.9,210,218.0,1.0,218,25821,16474,32.7,74.0
Station_01,Inv_00,20170806,17:37:00,232.6,0.9,209,217.0,1.0,217,25821,16474,32.6,74.0
Station_01,Inv_00,20170806,17:38:00,216.0,0.9,194,218.0,1.0,218,25821,16474,32.5,73.0
Station_01,Inv_00,20170806,17:39:00,174.0,0.8,139,217.0,0.8,174,25821,16474,32.5,71.0
Station_01,Inv_00,20170806,17:40:00,230.5,0.8,184,218.0,1.0,218,25821,16474,32.5,70.0
Station_01,Inv_00,20170806,17:41:00,192.0,0.8,154,218.0,0.9,196,25821,16474,32.4,70.0
Station_01,Inv_00,20170806,17:42:00,201.5,0.8,161,217.0,0.9,195,25821,16474,32.3,69.0
Station_01,Inv_00,20170806,17:43:00,202.4,0.8,162,217.0,0.9,195,25821,16474,32.3,68.0
Station_01,Inv_00,20170806,17:44:00,230.0,0.8,184,219.0,0.9,197,25821,16474,32.3,68.0
Station_01,Inv_00,20170806,17:45:00,220.0,0.8,176,218.0,0.9,196,25821,16474,32.2,67.0
Station_01,Inv_00,20170806,17:46:00,228.0,0.7,160,219.0,0.9,197,25821,16474,32.2,66.0
Station_01,Inv_00,20170806,17:47:00,220.8,0.8,177,218.0,0.9,196,25821,16474,32.1,66.0
Station_01,Inv_00,20170806,17:48:00,231.5,0.8,185,218.0,0.9,196,25821,16474,32.1,67.0
Station_01,Inv_00,20170806,17:49:00,222.1,0.8,178,217.0,0.9,195,25821,16474,32.0,67.0
Station_01,Inv_00,20170806,17:50:00,227.0,0.7,159,219.0,1.0,219,25821,16474,32.0,67.0
Station_01,Inv_00,20170806,17:51:00,227.4,0.7,159,218.0,1.0,218,25821,16474,32.0,68.0
Station_01,Inv_00,20170806,17:52:00,224.5,0.8,180,218.0,1.0,218,25821,16474,31.9,69.0
Station_01,Inv_00,20170806,17:53:00,233.5,0.8,187,218.0,1.0,218,25821,16474,31.9,70.0
Station_01,Inv_00,20170806,17:54:00,223.0,0.9,201,218.0,1.0,218,25821,16474,32.0,71.0
Station_01,Inv_00,20170806,17:55:00,220.8,0.8,177,219.0,1.0,219,25821,16474,31.9,71.0
Station_01,Inv_00,20170806,17:56:00,188.0,0.8,150,218.0,0.9,196,25821,16474,31.9,70.0
Station_01,Inv_00,20170806,17:57:00,222.5,0.8,178,219.0,0.9,197,25821,16474,31.9,67.0
Station_01,Inv_00,20170806,17:58:00,227.6,0.7,159,218.0,0.9,196,25821,16474,31.9,65.0
Station_01,Inv_00,20170806,17:59:00,215.9,0.7,151,218.0,0.8,174,25821,16474,31.8,62.0
Station_01,Inv_00,20170806,18:00:00,227.4,0.7,159,218.0,0.8,174,25821,16474,31.8,61.0
Station_01,Inv_00,20170806,18:01:00,208.3,0.7,146,219.0,0.8,175,25821,16474,31.7,61.0
Station_01,Inv_00,20170806,18:02:00,231.0,0.6,139,218.0,0.8,174,25821,16474,31.7,59.0
Station_01,Inv_00,20170806,18:03:00,225.5,0.6,135,218.0,0.8,174,25821,16474,31.7,58.0
Station_01,Inv_00,20170806,18:04:00,216.3,0.6,130,219.0,0.8,175,25821,16474,31.7,56.0
Station_01,Inv_00,20170806,18:05:00,217.3,0.6,130,218.0,0.7,153,25821,16474,31.6,55.0
Station_01,Inv_00,20170806,18:06:00,222.5,0.6,134,218.0,0.7,153,25821,16474,31.6,55.0
Station_01,Inv_00,20170806,18:07:00,220.0,0.6,132,218.0,0.7,153,25821,16474,31.5,55.0
Station_01,Inv_00,20170806,18:08:00,225.5,0.6,135,217.0,0.7,152,25821,16474,31.5,54.0
Station_01,Inv_00,20170806,18:09:00,214.3,0.6,129,217.0,0.7,152,25821,16474,31.5,55.0
Station_01,Inv_00,20170806,18:10:00,227.0,0.6,136,218.0,0.8,174,25821,16474,31.5,58.0
Station_01,Inv_00,20170806,18:11:00,223.0,0.7,156,217.0,0.8,174,25821,16474,31.5,59.0
Station_01,Inv_00,20170806,18:12:00,230.0,0.6,138,218.0,0.8,174,25821,16474,31.6,59.0
Station_01,Inv_00,20170806,18:13:00,230.5,0.6,138,218.0,0.8,174,25821,16474,31.6,58.0
Station_01,Inv_00,20170806,18:14:00,218.0,0.6,131,217.0,0.7,152,25821,16474,31.6,55.0
Station_01,Inv_00,20170806,18:15:00,216.0,0.5,108,218.0,0.6,131,25821,16474,31.7,52.0
Station_01,Inv_00,20170806,18:16:00,204.0,0.5,102,219.0,0.6,131,25821,16474,31.7,50.0
Station_01,Inv_00,20170806,18:17:00,207.0,0.5,104,218.0,0.6,131,25821,16474,31.6,49.0
Station_01,Inv_00,20170806,18:18:00,218.0,0.5,109,218.0,0.6,131,25821,16474,31.6,48.0
Station_01,Inv_00,20170806,18:19:00,178.4,0.5,89,217.0,0.5,109,25821,16474,31.5,48.0
Station_01,Inv_00,20170806,18:20:00,174.4,0.5,87,217.0,0.5,109,25821,16474,31.5,47.0
Station_01,Inv_00,20170806,18:21:00,210.8,0.5,105,217.0,0.5,109,25821,16474,31.5,46.0
Station_01,Inv_00,20170806,18:22:00,204.5,0.4,82,218.0,0.5,109,25821,16474,31.5,45.0
Station_01,Inv_00,20170806,18:23:00,198.0,0.4,79,217.0,0.5,109,25821,16474,31.5,44.0
Station_01,Inv_00,20170806,18:24:00,220.0,0.4,88,217.0,0.5,109,25821,16474,31.4,42.0
Station_01,Inv_00,20170806,18:25:00,213.0,0.3,64,217.0,0.5,109,25821,16474,31.3,39.0
Station_01,Inv_00,20170806,18:26:00,206.0,0.3,62,218.0,0.5,109,25821,16474,31.3,37.0
Station_01,Inv_00,20170806,18:27:00,217.5,0.2,44,218.0,0.4,87,25821,16474,31.2,35.0
Station_01,Inv_00,20170806,18:28:00,194.0,0.3,58,217.0,0.4,87,25821,16474,31.1,33.0
Station_01,Inv_00,20170806,18:29:00,211.0,0.2,42,217.0,0.4,87,25821,16474,31.0,31.0
Station_01,Inv_00,20170806,18:30:00,207.5,0.2,42,217.0,0.4,87,25821,16474,30.9,30.0
Station_01,Inv_00,20170806,18:31:00,211.0,0.2,42,217.0,0.4,87,25821,16474,30.9,28.0
Station_01,Inv_00,20170806,18:32:00,209.0,0.2,42,216.0,0.4,86,25821,16474,30.7,27.0
Station_01,Inv_00,20170806,18:33:00,207.5,0.2,42,217.0,0.4,87,25821,16474,30.6,567.0
Station_01,Inv_00,20170806,18:34:00,0.0,0.0,0,217.0,0.4,87,25821,16474,30.5,25.0
Station_01,Inv_00,20170806,18:35:00,0.0,0.0,0,0.0,0.0,0,25821,16474,30.4,23.0
Station_01,Inv_00,20170806,18:36:00,0.0,0.0,0,0.0,0.0,0,25821,16474,30.3,22.0
Station_01,Inv_00,20170806,18:37:00,0.0,0.0,0,0.0,0.0,0,25821,16474,30.2,21.0
Station_01,Inv_00,20170806,18:38:00,0.0,0.0,0,222.0,0.2,44,25821,16474,30.1,21.0
Station_01,Inv_00,20170806,18:39:00,0.0,0.0,0,222.0,0.2,44,25821,16474,30.1,20.0
Station_01,Inv_00,20170806,18:40:00,0.0,0.0,0,222.0,0.2,44,25821,16474,30.0,20.0
Station_01,Inv_00,20170806,18:41:00,0.0,0.0,0,222.0,0.2,44,25821,16474,29.9,553.0
Station_01,Inv_00,20170806,18:42:00,0.0,0.0,0,222.0,0.2,44,25821,16474,29.8,19.0
Station_01,Inv_00,20170806,18:43:00,0.0,0.0,0,222.0,0.2,44,25821,16474,29.8,19.0
Station_01,Inv_00,20170806,18:44:00,0.0,0.0,0,222.0,0.2,44,25821,16474,29.8,19.0
Station_01,Inv_00,20170806,18:45:00,0.0,0.0,0,222.0,0.2,44,25821,16474,29.7,19.0
Station_01,Inv_00,20170806,18:46:00,0.0,0.0,0,222.0,0.2,44,25821,16474,29.6,19.0
Station_01,Inv_00,20170806,18:47:00,0.0,0.0,0,222.0,0.2,44,25821,16474,29.6,19.0
Station_01,Inv_00,20170806,18:48:00,0.0,0.0,0,222.0,0.2,44,25821,16474,29.6,19.0
Station_01,Inv_00,20170806,18:49:00,0.0,0.0,0,222.0,0.2,44,25821,16474,29.6,18.0
Station_01,Inv_00,20170806,18:50:00,0.0,0.0,0,222.0,0.2,44,25821,16474,29.5,18.0
Station_01,Inv_00,20170806,18:51:00,0.0,0.0,0,222.0,0.2,44,25821,16474,29.5,18.0
Station_01,Inv_00,20170806,18:52:00,0.0,0.0,0,222.0,0.2,44,25821,16474,29.4,30.0
Station_01,Inv_00,20170806,18:53:00,0.0,0.0,0,222.0,0.2,44,25821,16474,29.4,29.0
Station_01,Inv_00,20170806,18:54:00,0.0,0.0,0,222.0,0.2,44,25821,16474,29.4,17.0
Station_01,Inv_00,20170806,18:55:00,0.0,0.0,0,222.0,0.2,44,25821,16474,29.4,17.0
Station_01,Inv_00,20170806,18:56:00,0.0,0.0,0,222.0,0.2,44,25821,16474,29.4,17.0
Station_01,Inv_00,20170806,18:57:00,0.0,0.0,0,222.0,0.2,44,25821,16474,29.4,17.0
Station_01,Inv_00,20170806,18:58:00,0.0,0.0,0,222.0,0.2,44,25821,16474,29.4,29.0
Station_01,Inv_00,20170806,18:59:00,0.0,0.0,0,222.0,0.2,44,25821,16474,29.3,17.0
Station_01,Inv_00,20170806,19:00:00,0.0,0.0,0,222.0,0.2,44,25821,16474,29.3,18.0
Station_01,Inv_00,20170806,19:01:00,0.0,0.0,0,222.0,0.2,44,25821,16474,29.4,29.0
Station_01,Inv_00,20170806,19:02:00,0.0,0.0,0,222.0,0.2,44,25821,16474,29.3,29.0
Station_01,Inv_00,20170806,19:03:00,0.0,0.0,0,222.0,0.2,44,25821,16474,29.2,17.0
Station_01,Inv_00,20170806,19:04:00,0.0,0.0,0,222.0,0.2,44,25821,16474,29.2,17.0
Station_01,Inv_00,20170806,19:05:00,0.0,0.0,0,222.0,0.2,44,25821,16474,29.2,17.0
Station_01,Inv_00,20170806,19:06:00,0.0,0.0,0,222.0,0.2,44,25821,16474,29.2,25.0
Station_01,Inv_00,20170806,19:07:00,0.0,0.0,0,222.0,0.2,44,25821,16474,29.1,23.0
Station_01,Inv_00,20170806,19:08:00,0.0,0.0,0,222.0,0.2,44,25821,16474,29.2,26.0
Station_01,Inv_00,20170806,19:09:00,0.0,0.0,0,222.0,0.2,44,25821,16474,29.1,17.0
Station_01,Inv_00,20170806,19:10:00,0.0,0.0,0,222.0,0.2,44,25821,16474,29.1,17.0
Station_01,Inv_00,20170806,19:11:00,0.0,0.0,0,222.0,0.2,44,25821,16474,29.1,17.0
Station_01,Inv_00,20170806,19:12:00,0.0,0.0,0,222.0,0.2,44,25821,16474,29.2,20.0
Station_01,Inv_00,20170806,19:13:00,0.0,0.0,0,222.0,0.2,44,25821,16474,29.1,17.0
Station_01,Inv_00,20170806,19:14:00,0.0,0.0,0,222.0,0.2,44,25821,16474,29.0,17.0
Station_01,Inv_00,20170806,19:15:00,0.0,0.0,0,222.0,0.2,44,25821,16474,29.1,17.0
Station_01,Inv_00,20170806,19:16:00,0.0,0.0,0,222.0,0.2,44,25821,16474,29.1,17.0
Station_01,Inv_00,20170806,19:17:00,0.0,0.0,0,222.0,0.2,44,25821,16474,29.1,17.0
Station_01,Inv_00,20170806,19:18:00,0.0,0.0,0,222.0,0.2,44,25821,16474,29.0,17.0
Station_01,Inv_00,20170806,19:19:00,0.0,0.0,0,222.0,0.2,44,25821,16474,28.9,17.0
Station_01,Inv_00,20170806,19:20:00,0.0,0.0,0,222.0,0.2,44,25821,16474,28.8,17.0
Station_01,Inv_00,20170806,19:21:00,0.0,0.0,0,222.0,0.2,44,25821,16474,28.9,17.0
Station_01,Inv_00,20170806,19:22:00,0.0,0.0,0,222.0,0.2,44,25821,16474,28.8,17.0
Station_01,Inv_00,20170806,19:23:00,0.0,0.0,0,222.0,0.2,44,25821,16474,28.8,17.0
Station_01,Inv_00,20170806,19:24:00,0.0,0.0,0,222.0,0.2,44,25821,16474,28.8,17.0
Station_01,Inv_00,20170806,19:25:00,0.0,0.0,0,222.0,0.2,44,25821,16474,28.7,18.0
Station_01,Inv_00,20170806,19:26:00,0.0,0.0,0,222.0,0.2,44,25821,16474,28.8,17.0
Station_01,Inv_00,20170806,19:27:00,0.0,0.0,0,222.0,0.2,44,25821,16474,28.7,17.0
Station_01,Inv_00,20170806,19:28:00,0.0,0.0,0,222.0,0.2,44,25821,16474,28.7,17.0
Station_01,Inv_00,20170806,19:29:00,0.0,0.0,0,222.0,0.2,44,25821,16474,28.7,17.0
Station_01,Inv_00,20170806,19:30:00,0.0,0.0,0,222.0,0.2,44,25821,16474,28.6,17.0
Station_01,Inv_00,20170806,19:31:00,0.0,0.0,0,222.0,0.2,44,25821,16474,28.6,18.0
Station_01,Inv_00,20170806,19:32:00,0.0,0.0,0,222.0,0.2,44,25821,16474,28.7,18.0
Station_01,Inv_00,20170806,19:33:00,0.0,0.0,0,222.0,0.2,44,25821,16474,28.6,17.0
Station_01,Inv_00,20170806,19:34:00,0.0,0.0,0,222.0,0.2,44,25821,16474,28.5,17.0
Station_01,Inv_00,20170806,19:35:00,0.0,0.0,0,222.0,0.2,44,25821,16474,28.6,17.0
Station_01,Inv_00,20170806,19:36:00,0.0,0.0,0,222.0,0.2,44,25821,16474,28.5,18.0
Station_01,Inv_00,20170806,19:37:00,0.0,0.0,0,222.0,0.2,44,25821,16474,28.5,17.0
Station_01,Inv_00,20170806,19:38:00,0.0,0.0,0,222.0,0.2,44,25821,16474,28.5,17.0
Station_01,Inv_00,20170806,19:39:00,0.0,0.0,0,222.0,0.2,44,25821,16474,28.5,17.0
Station_01,Inv_00,20170806,19:40:00,0.0,0.0,0,222.0,0.2,44,25821,16474,28.6,18.0
Station_01,Inv_00,20170806,19:41:00,0.0,0.0,0,222.0,0.2,44,25821,16474,28.5,18.0
Station_01,Inv_00,20170806,19:42:00,0.0,0.0,0,222.0,0.2,44,25821,16474,28.4,18.0
Station_01,Inv_00,20170806,19:43:00,0.0,0.0,0,222.0,0.2,44,25821,16474,28.5,18.0
Station_01,Inv_00,20170806,19:44:00,0.0,0.0,0,222.0,0.2,44,25821,16474,28.4,18.0
Station_01,Inv_00,20170806,19:45:00,0.0,0.0,0,222.0,0.2,44,25821,16474,28.3,18.0
Station_01,Inv_00,20170806,19:46:00,0.0,0.0,0,222.0,0.2,44,25821,16474,28.4,17.0
Station_01,Inv_00,20170806,19:47:00,0.0,0.0,0,222.0,0.2,44,25821,16474,28.5,17.0
Station_01,Inv_00,20170806,19:48:00,0.0,0.0,0,222.0,0.2,44,25821,16474,28.4,18.0
Station_01,Inv_00,20170806,19:49:00,0.0,0.0,0,222.0,0.2,44,25821,16474,28.5,18.0
Station_01,Inv_00,20170806,19:50:00,0.0,0.0,0,222.0,0.2,44,25821,16474,28.3,18.0
Station_01,Inv_00,20170806,19:51:00,0.0,0.0,0,222.0,0.2,44,25821,16474,28.3,18.0
Station_01,Inv_00,20170806,19:52:00,0.0,0.0,0,222.0,0.2,44,25821,16474,28.3,18.0
Station_01,Inv_00,20170806,19:53:00,0.0,0.0,0,222.0,0.2,44,25821,16474,28.4,18.0
Station_01,Inv_00,20170806,19:54:00,0.0,0.0,0,222.0,0.2,44,25821,16474,28.2,18.0
Station_01,Inv_00,20170806,19:55:00,0.0,0.0,0,222.0,0.2,44,25821,16474,28.2,18.0
Station_01,Inv_00,20170806,19:56:00,0.0,0.0,0,222.0,0.2,44,25821,16474,28.2,18.0
Station_01,Inv_00,20170806,19:57:00,0.0,0.0,0,222.0,0.2,44,25821,16474,28.1,18.0
Station_01,Inv_00,20170806,19:58:00,0.0,0.0,0,222.0,0.2,44,25821,16474,28.1,18.0
Station_01,Inv_00,20170806,19:59:00,0.0,0.0,0,222.0,0.2,44,25821,16474,28.1,18.0
Station_01,Inv_00,20170806,20:00:00,0.0,0.0,0,222.0,0.2,44,25821,16474,28.1,18.0
