Station_01,Inv_00,20170808,05:00:00,0.0,0.0,0,219.0,0.2,44,25841,16487,26.8,17.0
Station_01,Inv_00,20170808,05:01:00,0.0,0.0,0,219.0,0.2,44,25841,16487,26.8,17.0
Station_01,Inv_00,20170808,05:02:00,0.0,0.0,0,219.0,0.2,44,25841,16487,26.8,17.0
Station_01,Inv_00,20170808,05:03:00,0.0,0.0,0,219.0,0.2,44,25841,16487,26.7,18.0
Station_01,Inv_00,20170808,05:04:00,0.0,0.0,0,219.0,0.2,44,25841,16487,26.6,18.0
Station_01,Inv_00,20170808,05:05:00,0.0,0.0,0,219.0,0.2,44,25841,16487,26.6,17.0
Station_01,Inv_00,20170808,05:06:00,0.0,0.0,0,219.0,0.2,44,25841,16487,26.6,17.0
Station_01,Inv_00,20170808,05:07:00,0.0,0.0,0,219.0,0.2,44,25841,16487,26.6,17.0
Station_01,Inv_00,20170808,05:08:00,0.0,0.0,0,219.0,0.2,44,25841,16487,26.5,17.0
Station_01,Inv_00,20170808,05:09:00,0.0,0.0,0,219.0,0.2,44,25841,16487,26.5,18.0
Station_01,Inv_00,20170808,05:10:00,0.0,0.0,0,219.0,0.2,44,25841,16487,26.5,17.0
Station_01,Inv_00,20170808,05:11:00,0.0,0.0,0,219.0,0.2,44,25841,16487,26.5,18.0
Station_01,Inv_00,20170808,05:12:00,0.0,0.0,0,219.0,0.2,44,25841,16487,26.5,18.0
Station_01,Inv_00,20170808,05:13:00,0.0,0.0,0,219.0,0.2,44,25841,16487,26.5,18.0
Station_01,Inv_00,20170808,05:14:00,0.0,0.0,0,219.0,0.2,44,25841,16487,26.5,18.0
Station_01,Inv_00,20170808,05:15:00,0.0,0.0,0,219.0,0.2,44,25841,16487,26.5,18.0
Station_01,Inv_00,20170808,05:16:00,0.0,0.0,0,219.0,0.2,44,25841,16487,26.4,18.0
Station_01,Inv_00,20170808,05:17:00,0.0,0.0,0,219.0,0.2,44,25841,16487,26.4,18.0
Station_01,Inv_00,20170808,05:18:00,0.0,0.0,0,219.0,0.2,44,25841,16487,26.4,18.0
Station_01,Inv_00,20170808,05:19:00,0.0,0.0,0,219.0,0.2,44,25841,16487,26.3,18.0
Station_01,Inv_00,20170808,05:20:00,0.0,0.0,0,219.0,0.2,44,25841,16487,26.3,18.0
Station_01,Inv_00,20170808,05:21:00,0.0,0.0,0,219.0,0.2,44,25841,16487,26.3,18.0
Station_01,Inv_00,20170808,05:22:00,0.0,0.0,0,219.0,0.2,44,25841,16487,26.2,18.0
Station_01,Inv_00,20170808,05:23:00,0.0,0.0,0,219.0,0.2,44,25841,16487,26.1,18.0
Station_01,Inv_00,20170808,05:24:00,0.0,0.0,0,219.0,0.2,44,25841,16487,26.1,19.0
Station_01,Inv_00,20170808,05:25:00,0.0,0.0,0,219.0,0.2,44,25841,16487,26.1,19.0
Station_01,Inv_00,20170808,05:26:00,0.0,0.0,0,219.0,0.2,44,25841,16487,26.1,19.0
Station_01,Inv_00,20170808,05:27:00,0.0,0.0,0,219.0,0.2,44,25841,16487,26.1,19.0
Station_01,Inv_00,20170808,05:28:00,0.0,0.0,0,219.0,0.2,44,25841,16487,26.1,20.0
Station_01,Inv_00,20170808,05:29:00,0.0,0.0,0,219.0,0.2,44,25841,16487,26.1,20.0
Station_01,Inv_00,20170808,05:30:00,0.0,0.0,0,219.0,0.2,44,25841,16487,26.1,20.0
Station_01,Inv_00,20170808,05:31:00,0.0,0.0,0,219.0,0.2,44,25841,16487,26.1,21.0
Station_01,Inv_00,20170808,05:32:00,0.0,0.0,0,219.0,0.2,44,25841,16487,26.2,22.0
Station_01,Inv_00,20170808,05:33:00,0.0,0.0,0,219.0,0.2,44,25841,16487,26.1,22.0
Station_01,Inv_00,20170808,05:34:00,0.0,0.0,0,219.0,0.2,44,25841,16487,26.1,23.0
Station_01,Inv_00,20170808,05:35:00,0.0,0.0,0,219.0,0.2,44,25841,16487,26.1,24.0
Station_01,Inv_00,20170808,05:36:00,0.0,0.0,0,219.0,0.2,44,25841,16487,26.1,24.0
Station_01,Inv_00,20170808,05:37:00,0.0,0.0,0,219.0,0.2,44,25841,16487,26.1,26.0
Station_01,Inv_00,20170808,05:38:00,0.0,0.0,0,222.0,0.5,111,25841,16487,26.1,27.0
Station_01,Inv_00,20170808,05:39:00,0.0,0.0,0,221.0,0.5,111,25841,16487,26.2,28.0
Station_01,Inv_00,20170808,05:40:00,0.0,0.0,0,222.0,0.5,111,25841,16487,26.2,30.0
Station_01,Inv_00,20170808,05:41:00,0.0,0.0,0,222.0,0.5,111,25841,16487,26.2,485.0
Station_01,Inv_00,20170808,05:42:00,0.0,0.0,0,222.0,0.5,111,25841,16487,26.3,33.0
Station_01,Inv_00,20170808,05:43:00,0.0,0.0,0,217.0,0.6,130,25841,16487,26.3,35.0
Station_01,Inv_00,20170808,05:44:00,214.3,0.3,64,216.0,0.5,108,25841,16487,26.4,36.0
Station_01,Inv_00,20170808,05:45:00,226.0,0.2,45,216.0,0.5,108,25841,16487,26.4,38.0
Station_01,Inv_00,20170808,05:46:00,212.0,0.3,64,216.0,0.5,108,25841,16487,26.5,39.0
Station_01,Inv_00,20170808,05:47:00,217.0,0.2,43,216.0,0.5,108,25841,16487,26.5,41.0
Station_01,Inv_00,20170808,05:48:00,221.3,0.3,66,216.0,0.5,108,25841,16487,26.6,44.0
Station_01,Inv_00,20170808,05:49:00,216.0,0.3,65,216.0,0.5,108,25841,16487,26.7,47.0
Station_01,Inv_00,20170808,05:50:00,219.5,0.4,88,216.0,0.5,108,25841,16487,26.8,49.0
Station_01,Inv_00,20170808,05:51:00,215.3,0.3,65,216.0,0.5,108,25841,16487,26.8,51.0
Station_01,Inv_00,20170808,05:52:00,221.0,0.4,88,218.0,0.5,109,25841,16487,26.9,53.0
Station_01,Inv_00,20170808,05:53:00,215.6,0.5,108,217.0,0.5,109,25841,16487,27.0,55.0
Station_01,Inv_00,20170808,05:54:00,228.8,0.5,114,218.0,0.5,109,25841,16487,27.1,58.0
Station_01,Inv_00,20170808,05:55:00,220.0,0.5,110,217.0,0.6,130,25841,16487,27.2,60.0
Station_01,Inv_00,20170808,05:56:00,217.4,0.5,109,216.0,0.6,130,25841,16487,27.3,62.0
Station_01,Inv_00,20170808,05:57:00,231.2,0.5,116,215.0,0.7,151,25841,16487,27.4,65.0
Station_01,Inv_00,20170808,05:58:00,228.5,0.6,137,216.0,0.7,151,25841,16487,27.5,66.0
Station_01,Inv_00,20170808,05:59:00,232.5,0.6,140,216.0,0.7,151,25841,16487,27.6,66.0
Station_01,Inv_00,20170808,06:00:00,211.0,0.6,127,215.0,0.7,151,25841,16487,27.6,68.0
Station_01,Inv_00,20170808,06:01:00,228.0,0.6,137,216.0,0.8,173,25841,16487,27.7,69.0
Station_01,Inv_00,20170808,06:02:00,234.0,0.7,164,216.0,0.8,173,25841,16487,27.8,71.0
Station_01,Inv_00,20170808,06:03:00,235.0,0.7,165,215.0,0.8,172,25841,16487,27.9,72.0
Station_01,Inv_00,20170808,06:04:00,235.7,0.7,165,215.0,0.9,194,25841,16487,28.0,72.0
Station_01,Inv_00,20170808,06:05:00,217.0,0.7,152,215.0,0.9,194,25841,16487,28.1,73.0
Station_01,Inv_00,20170808,06:06:00,235.4,0.7,165,217.0,0.9,195,25841,16487,28.2,75.0
Station_01,Inv_00,20170808,06:07:00,224.0,0.8,179,216.0,0.9,194,25841,16487,28.3,78.0
Station_01,Inv_00,20170808,06:08:00,224.0,0.8,179,216.0,1.0,216,25841,16487,28.5,82.0
Station_01,Inv_00,20170808,06:09:00,226.0,0.8,181,217.0,1.0,217,25841,16487,28.6,85.0
Station_01,Inv_00,20170808,06:10:00,222.8,0.9,201,216.0,1.0,216,25841,16487,28.7,87.0
Station_01,Inv_00,20170808,06:11:00,237.0,0.9,213,216.0,1.0,216,25841,16487,28.8,88.0
Station_01,Inv_00,20170808,06:12:00,231.3,0.9,208,215.0,1.0,215,25841,16487,28.8,89.0
Station_01,Inv_00,20170808,06:13:00,237.0,0.9,213,216.0,1.0,216,25841,16487,28.9,91.0
Station_01,Inv_00,20170808,06:14:00,232.9,0.9,210,215.0,1.1,237,25841,16487,29.0,94.0
Station_01,Inv_00,20170808,06:15:00,221.0,1.0,221,215.0,1.1,237,25841,16487,29.1,96.0
Station_01,Inv_00,20170808,06:16:00,239.0,0.9,215,216.0,1.1,238,25841,16487,29.2,100.0
Station_01,Inv_00,20170808,06:17:00,234.5,1.1,258,217.0,1.2,260,25841,16487,29.3,104.0
Station_01,Inv_00,20170808,06:18:00,238.5,1.1,262,217.0,1.2,260,25841,16487,29.5,108.0
Station_01,Inv_00,20170808,06:19:00,233.5,1.1,257,216.0,1.3,281,25841,16487,29.6,112.0
Station_01,Inv_00,20170808,06:20:00,243.0,1.2,292,216.0,1.3,281,25841,16487,29.7,116.0
Station_01,Inv_00,20170808,06:21:00,237.5,1.3,309,216.0,1.4,302,25841,16487,29.9,119.0
Station_01,Inv_00,20170808,06:22:00,241.4,1.3,314,216.0,1.5,324,25841,16487,30.0,123.0
Station_01,Inv_00,20170808,06:23:00,240.0,1.4,336,215.0,1.5,323,25841,16487,30.1,127.0
Station_01,Inv_00,20170808,06:24:00,237.9,1.3,309,216.0,1.5,324,25841,16487,30.2,131.0
Station_01,Inv_00,20170808,06:25:00,229.4,1.5,344,215.0,1.5,323,25841,16487,30.4,135.0
Station_01,Inv_00,20170808,06:26:00,245.5,1.5,368,216.0,1.6,346,25841,16487,30.6,138.0
Station_01,Inv_00,20170808,06:27:00,249.5,1.5,374,216.0,1.6,346,25841,16487,30.7,142.0
Station_01,Inv_00,20170808,06:28:00,240.5,1.6,385,216.0,1.7,367,25841,16487,30.9,146.0
Station_01,Inv_00,20170808,06:29:00,238.5,1.6,382,216.0,1.7,367,25841,16487,31.1,149.0
Station_01,Inv_00,20170808,06:30:00,242.5,1.7,412,216.0,1.8,389,25841,16487,31.2,154.0
Station_01,Inv_00,20170808,06:31:00,244.8,1.7,416,216.0,1.9,410,25841,16487,31.3,159.0
Station_01,Inv_00,20170808,06:32:00,245.0,1.8,441,216.0,2.0,432,25841,16487,31.5,162.0
Station_01,Inv_00,20170808,06:33:00,228.5,1.9,434,216.0,1.9,410,25841,16487,31.7,164.0
Station_01,Inv_00,20170808,06:34:00,244.5,1.9,465,216.0,2.0,432,25841,16487,31.9,167.0
Station_01,Inv_00,20170808,06:35:00,235.0,2.0,470,216.0,2.0,432,25841,16487,32.0,171.0
Station_01,Inv_00,20170808,06:36:00,244.0,2.0,488,216.0,2.1,454,25841,16487,32.2,174.0
Station_01,Inv_00,20170808,06:37:00,250.0,2.0,500,216.0,2.1,454,25841,16487,32.4,177.0
Station_01,Inv_00,20170808,06:38:00,220.8,2.1,464,215.0,2.0,430,25841,16487,32.5,181.0
Station_01,Inv_00,20170808,06:39:00,244.5,2.0,489,216.0,2.2,475,25841,16487,32.7,182.0
Station_01,Inv_00,20170808,06:40:00,245.5,2.1,516,216.0,2.2,475,25841,16487,32.7,184.0
Station_01,Inv_00,20170808,06:41:00,245.0,2.2,539,217.0,2.3,499,25841,16487,32.8,186.0
Station_01,Inv_00,20170808,06:42:00,239.5,2.3,551,216.0,2.4,518,25841,16487,32.9,189.0
Station_01,Inv_00,20170808,06:43:00,245.9,2.3,566,217.0,2.4,521,25841,16487,33.0,193.0
Station_01,Inv_00,20170808,06:44:00,247.0,2.4,593,216.0,2.5,540,25841,16487,33.2,198.0
Station_01,Inv_00,20170808,06:45:00,247.9,2.4,595,217.0,2.5,543,25841,16487,33.3,202.0
Station_01,Inv_00,20170808,06:46:00,249.5,2.3,574,216.0,2.5,540,25841,16487,33.4,204.0
Station_01,Inv_00,20170808,06:47:00,243.0,2.5,608,217.0,2.6,564,25841,16487,33.6,206.0
Station_01,Inv_00,20170808,06:48:00,247.5,2.6,644,216.0,2.7,583,25841,16487,33.7,211.0
Station_01,Inv_00,20170808,06:49:00,246.0,2.6,640,216.0,2.8,605,25841,16487,34.1,216.0
Station_01,Inv_00,20170808,06:50:00,232.5,2.8,651,216.0,2.8,605,25841,16487,34.3,220.0
Station_01,Inv_00,20170808,06:51:00,218.5,2.8,612,216.0,2.7,583,25841,16487,34.3,224.0
Station_01,Inv_00,20170808,06:52:00,236.5,2.9,686,215.0,3.0,645,25841,16487,34.6,228.0
Station_01,Inv_00,20170808,06:53:00,239.5,2.9,695,216.0,3.0,648,25841,16487,34.8,231.0
Station_01,Inv_00,20170808,06:54:00,243.0,3.0,729,215.0,3.1,667,25841,16487,35.0,233.0
Station_01,Inv_00,20170808,06:55:00,246.0,3.0,738,216.0,3.1,670,25841,16487,35.4,236.0
Station_01,Inv_00,20170808,06:56:00,241.0,3.0,723,216.0,3.1,670,25841,16487,35.5,237.0
Station_01,Inv_00,20170808,06:57:00,247.0,3.0,741,216.0,3.2,691,25841,16487,35.6,240.0
Station_01,Inv_00,20170808,06:58:00,248.4,3.1,770,216.0,3.3,713,25841,16487,35.7,244.0
Station_01,Inv_00,20170808,06:59:00,241.5,3.1,749,215.0,3.4,731,25841,16487,36.0,248.0
Station_01,Inv_00,20170808,07:00:00,245.0,3.1,760,215.0,3.5,753,25841,16487,36.1,251.0
Station_01,Inv_00,20170808,07:01:00,241.5,3.1,749,215.0,3.4,731,25841,16487,36.0,250.0
Station_01,Inv_00,20170808,07:02:00,243.0,3.2,778,215.0,3.4,731,25841,16487,36.4,248.0
Station_01,Inv_00,20170808,07:03:00,238.5,3.3,787,215.0,3.4,731,25841,16487,36.2,252.0
Station_01,Inv_00,20170808,07:04:00,242.5,3.4,825,215.0,3.6,774,25841,16487,36.5,256.0
Station_01,Inv_00,20170808,07:05:00,243.5,3.4,828,214.0,3.6,770,25841,16487,36.4,257.0
Station_01,Inv_00,20170808,07:06:00,245.5,3.4,835,216.0,3.6,778,25841,16487,36.2,260.0
Station_01,Inv_00,20170808,07:07:00,243.5,3.5,852,218.0,3.6,785,25841,16487,36.6,263.0
Station_01,Inv_00,20170808,07:08:00,242.0,3.6,871,217.0,3.7,803,25841,16487,36.2,269.0
Station_01,Inv_00,20170808,07:09:00,241.4,3.7,893,217.0,3.8,825,25841,16487,36.9,273.0
Station_01,Inv_00,20170808,07:10:00,240.0,3.7,888,217.0,3.8,825,25841,16487,36.9,276.0
Station_01,Inv_00,20170808,07:11:00,243.5,3.7,901,217.0,3.9,846,25841,16487,37.0,277.0
Station_01,Inv_00,20170808,07:12:00,241.0,3.8,916,217.0,3.8,825,25841,16487,37.1,280.0
Station_01,Inv_00,20170808,07:13:00,243.4,3.7,901,217.0,3.9,846,25841,16487,37.3,285.0
Station_01,Inv_00,20170808,07:14:00,234.0,3.8,889,217.0,4.0,868,25841,16487,37.3,288.0
Station_01,Inv_00,20170808,07:15:00,244.5,3.9,954,218.0,4.0,872,25841,16487,37.2,289.0
Station_01,Inv_00,20170808,07:16:00,243.5,3.8,925,217.0,4.0,868,25841,16487,37.6,291.0
Station_01,Inv_00,20170808,07:17:00,242.5,4.0,970,218.0,4.1,894,25841,16487,37.6,293.0
Station_01,Inv_00,20170808,07:18:00,241.8,4.0,967,218.0,4.0,872,25841,16487,37.9,291.0
Station_01,Inv_00,20170808,07:19:00,241.5,3.9,942,218.0,4.1,894,25841,16487,37.5,295.0
Station_01,Inv_00,20170808,07:20:00,244.0,4.2,1025,217.0,4.3,933,25841,16487,38.0,305.0
Station_01,Inv_00,20170808,07:21:00,239.0,4.4,1052,217.0,4.4,955,25841,16487,37.7,318.0
Station_01,Inv_00,20170808,07:22:00,241.4,4.2,1014,217.0,4.5,977,25841,16487,37.8,320.0
Station_01,Inv_00,20170808,07:23:00,237.0,4.3,1019,218.0,4.4,959,25841,16487,38.2,319.0
Station_01,Inv_00,20170808,07:24:00,237.4,4.6,1092,218.0,4.6,1003,25841,16487,38.2,327.0
Station_01,Inv_00,20170808,07:25:00,241.5,4.5,1087,218.0,4.6,1003,25841,16487,38.6,331.0
Station_01,Inv_00,20170808,07:26:00,243.0,4.5,1093,218.0,4.7,1025,25841,16487,38.5,335.0
Station_01,Inv_00,20170808,07:27:00,244.0,4.5,1098,218.0,4.7,1025,25841,16487,38.8,335.0
Station_01,Inv_00,20170808,07:28:00,241.0,4.6,1109,218.0,4.7,1025,25841,16487,39.2,337.0
Station_01,Inv_00,20170808,07:29:00,235.0,4.8,1128,219.0,4.8,1051,25841,16487,39.5,342.0
Station_01,Inv_00,20170808,07:30:00,243.5,4.7,1144,219.0,5.0,1095,25841,16487,39.8,347.0
Station_01,Inv_00,20170808,07:31:00,236.4,4.9,1159,219.0,5.0,1095,25841,16487,39.2,355.0
Station_01,Inv_00,20170808,07:32:00,235.0,5.0,1175,219.0,5.1,1117,25841,16487,39.8,361.0
Station_01,Inv_00,20170808,07:33:00,242.5,5.1,1237,219.0,5.2,1139,25841,16487,40.2,363.0
Station_01,Inv_00,20170808,07:34:00,239.5,5.1,1221,219.0,5.2,1139,25841,16487,40.1,368.0
Station_01,Inv_00,20170808,07:35:00,235.0,5.2,1222,218.0,5.2,1134,25842,16487,40.3,369.0
Station_01,Inv_00,20170808,07:36:00,235.0,5.2,1222,219.0,5.3,1161,25842,16487,41.3,369.0
Station_01,Inv_00,20170808,07:37:00,241.0,5.2,1253,219.0,5.4,1183,25842,16487,41.3,374.0
Station_01,Inv_00,20170808,07:38:00,232.5,5.5,1279,219.0,5.5,1205,25842,16487,41.5,386.0
Station_01,Inv_00,20170808,07:39:00,240.5,5.5,1323,219.0,5.7,1248,25842,16487,42.1,392.0
Station_01,Inv_00,20170808,07:40:00,236.0,5.7,1345,219.0,5.7,1248,25842,16487,42.4,398.0
Station_01,Inv_00,20170808,07:41:00,235.0,5.9,1386,220.0,5.8,1276,25842,16487,42.6,401.0
Station_01,Inv_00,20170808,07:42:00,234.5,6.0,1407,220.0,6.0,1320,25842,16487,43.4,413.0
Station_01,Inv_00,20170808,07:43:00,236.0,6.0,1416,220.0,6.1,1342,25842,16487,43.6,418.0
Station_01,Inv_00,20170808,07:44:00,230.5,6.3,1452,220.0,6.1,1342,25842,16487,43.3,423.0
Station_01,Inv_00,20170808,07:45:00,231.5,6.3,1458,220.0,6.2,1364,25842,16487,43.9,427.0
Station_01,Inv_00,20170808,07:46:00,230.5,6.3,1452,219.0,6.2,1358,25842,16487,44.0,430.0
Station_01,Inv_00,20170808,07:47:00,230.0,6.3,1449,218.0,6.3,1373,25842,16487,44.2,431.0
Station_01,Inv_00,20170808,07:48:00,229.5,6.5,1492,218.0,6.3,1373,25842,16487,44.6,432.0
Station_01,Inv_00,20170808,07:49:00,230.5,6.5,1498,218.0,6.3,1373,25842,16487,45.1,432.0
Station_01,Inv_00,20170808,07:50:00,230.5,6.3,1452,218.0,6.3,1373,25842,16487,45.2,431.0
Station_01,Inv_00,20170808,07:51:00,237.0,6.4,1517,217.0,6.4,1389,25842,16487,44.9,432.0
Station_01,Inv_00,20170808,07:52:00,233.5,6.5,1518,218.0,6.4,1395,25842,16487,44.9,435.0
Station_01,Inv_00,20170808,07:53:00,231.0,6.6,1525,217.0,6.5,1411,25842,16487,44.2,440.0
Station_01,Inv_00,20170808,07:54:00,229.0,6.7,1534,218.0,6.5,1417,25842,16487,44.7,445.0
Station_01,Inv_00,20170808,07:55:00,230.0,6.5,1495,217.0,6.5,1411,25842,16487,44.0,444.0
Station_01,Inv_00,20170808,07:56:00,236.5,6.5,1537,218.0,6.7,1461,25842,16487,45.2,446.0
Station_01,Inv_00,20170808,07:57:00,239.0,6.4,1529,219.0,6.6,1445,25842,16487,45.2,448.0
Station_01,Inv_00,20170808,07:58:00,228.0,6.7,1527,219.0,6.7,1467,25842,16487,45.5,452.0
Station_01,Inv_00,20170808,07:59:00,237.5,6.7,1591,218.0,6.8,1482,25842,16487,45.4,456.0
Station_01,Inv_00,20170808,08:00:00,220.5,6.9,1521,216.0,6.7,1447,25842,16487,45.2,462.0
Station_01,Inv_00,20170808,08:01:00,236.0,6.8,1605,216.0,6.8,1469,25842,16487,45.4,456.0
Station_01,Inv_00,20170808,08:02:00,231.4,6.8,1574,216.0,6.8,1469,25842,16487,44.9,458.0
Station_01,Inv_00,20170808,08:03:00,234.0,6.7,1568,216.0,6.8,1469,25842,16487,44.9,457.0
Station_01,Inv_00,20170808,08:04:00,235.0,6.7,1574,218.0,6.8,1482,25842,16487,45.3,455.0
Station_01,Inv_00,20170808,08:05:00,222.0,7.1,1576,218.0,6.7,1461,25842,16487,44.7,461.0
Station_01,Inv_00,20170808,08:06:00,229.4,6.9,1583,218.0,6.9,1504,25842,16487,43.8,469.0
Station_01,Inv_00,20170808,08:07:00,228.5,7.3,1668,218.0,7.1,1548,25842,16487,45.2,478.0
Station_01,Inv_00,20170808,08:08:00,219.0,7.2,1577,218.0,6.8,1482,25842,16487,44.2,481.0
Station_01,Inv_00,20170808,08:09:00,219.0,7.3,1599,217.0,7.0,1519,25842,16487,44.6,486.0
Station_01,Inv_00,20170808,08:10:00,219.0,7.4,1621,217.0,7.0,1519,25842,16487,45.0,487.0
Station_01,Inv_00,20170808,08:11:00,219.0,7.6,1664,218.0,7.2,1570,25842,16487,44.2,499.0
Station_01,Inv_00,20170808,08:12:00,218.0,7.6,1657,220.0,7.2,1584,25842,16487,45.1,498.0
Station_01,Inv_00,20170808,08:13:00,218.0,7.8,1700,219.0,7.2,1577,25842,16487,45.4,502.0
Station_01,Inv_00,20170808,08:14:00,218.0,7.8,1700,218.0,7.4,1613,25842,16487,46.1,510.0
Station_01,Inv_00,20170808,08:15:00,218.5,7.9,1726,218.0,7.5,1635,25843,16488,45.4,515.0
Station_01,Inv_00,20170808,08:16:00,234.5,7.7,1806,219.0,7.8,1708,25843,16488,46.5,522.0
Station_01,Inv_00,20170808,08:17:00,219.0,8.2,1796,220.0,7.7,1694,25843,16488,45.2,528.0
Station_01,Inv_00,20170808,08:18:00,219.0,8.3,1818,219.0,7.9,1730,25843,16488,45.2,543.0
Station_01,Inv_00,20170808,08:19:00,227.5,8.3,1888,218.0,8.2,1788,25843,16488,46.5,547.0
Station_01,Inv_00,20170808,08:20:00,231.5,8.4,1944,219.0,8.3,1818,25843,16488,47.0,556.0
Station_01,Inv_00,20170808,08:21:00,229.0,8.5,1946,221.0,8.2,1812,25843,16488,47.4,556.0
Station_01,Inv_00,20170808,08:22:00,229.5,8.4,1928,221.0,8.2,1812,25843,16488,47.9,553.0
Station_01,Inv_00,20170808,08:23:00,221.5,8.3,1838,220.0,8.0,1760,25843,16488,48.0,545.0
Station_01,Inv_00,20170808,08:24:00,232.5,8.5,1976,217.0,8.5,1845,25843,16488,47.5,560.0
Station_01,Inv_00,20170808,08:25:00,224.5,8.6,1930,217.0,8.4,1823,25843,16488,47.5,560.0
Station_01,Inv_00,20170808,08:26:00,233.5,8.5,1985,217.0,8.7,1888,25843,16488,46.7,575.0
Station_01,Inv_00,20170808,08:27:00,225.4,8.8,1984,217.0,8.7,1888,25843,16488,46.3,577.0
Station_01,Inv_00,20170808,08:28:00,229.0,8.7,1992,216.0,8.7,1879,25843,16488,47.1,574.0
Station_01,Inv_00,20170808,08:29:00,232.0,8.8,2041,217.0,8.7,1888,25843,16488,47.5,575.0
Station_01,Inv_00,20170808,08:30:00,233.4,8.8,2054,217.0,8.8,1910,25843,16488,46.4,585.0
Station_01,Inv_00,20170808,08:31:00,232.5,8.8,2046,216.0,8.9,1922,25843,16488,46.9,587.0
Station_01,Inv_00,20170808,08:32:00,233.5,8.7,2031,217.0,8.9,1931,25843,16488,46.6,585.0
Station_01,Inv_00,20170808,08:33:00,223.0,8.9,1985,216.0,8.7,1879,25843,16488,47.9,581.0
Station_01,Inv_00,20170808,08:34:00,228.5,8.5,1942,217.0,8.6,1866,25843,16488,47.0,578.0
Station_01,Inv_00,20170808,08:35:00,233.4,8.8,2054,217.0,8.9,1931,25843,16488,46.6,564.0
Station_01,Inv_00,20170808,08:36:00,193.0,4.6,888,216.0,5.9,1274,25843,16488,46.6,526.0
Station_01,Inv_00,20170808,08:37:00,224.4,8.6,1930,216.0,8.4,1814,25843,16488,46.7,567.0
Station_01,Inv_00,20170808,08:38:00,223.0,9.7,2163,216.0,9.4,2030,25843,16488,45.9,589.0
Station_01,Inv_00,20170808,08:39:00,230.5,9.4,2167,217.0,9.5,2062,25843,16488,47.4,619.0
Station_01,Inv_00,20170808,08:40:00,228.5,9.8,2239,216.0,9.8,2117,25843,16488,48.3,631.0
Station_01,Inv_00,20170808,08:41:00,231.5,9.6,2222,216.0,9.8,2117,25843,16488,47.6,634.0
Station_01,Inv_00,20170808,08:42:00,226.0,10.1,2283,216.0,9.9,2138,25843,16488,47.4,649.0
Station_01,Inv_00,20170808,08:43:00,224.5,10.3,2312,217.0,10.0,2170,25843,16488,48.0,657.0
Station_01,Inv_00,20170808,08:44:00,229.5,10.1,2318,217.0,10.1,2192,25843,16488,49.2,659.0
Station_01,Inv_00,20170808,08:45:00,225.5,10.2,2300,218.0,10.0,2180,25844,16488,49.3,655.0
Station_01,Inv_00,20170808,08:46:00,226.0,10.3,2328,217.0,10.1,2192,25844,16488,50.6,667.0
Station_01,Inv_00,20170808,08:47:00,230.5,10.2,2351,218.0,10.2,2224,25844,16488,51.5,666.0
Station_01,Inv_00,20170808,08:48:00,227.5,8.6,1957,217.0,8.1,1758,25844,16488,51.8,643.0
Station_01,Inv_00,20170808,08:49:00,219.5,3.1,680,217.0,3.0,651,25844,16488,49.4,249.0
Station_01,Inv_00,20170808,08:50:00,222.5,2.8,623,216.0,2.7,583,25844,16488,47.2,242.0
Station_01,Inv_00,20170808,08:51:00,224.5,2.8,629,216.0,2.8,605,25844,16488,45.8,196.0
Station_01,Inv_00,20170808,08:52:00,222.5,10.4,2314,217.0,10.3,2235,25844,16488,46.4,659.0
Station_01,Inv_00,20170808,08:53:00,231.0,5.5,1271,216.0,5.5,1188,25844,16488,45.5,459.0
Station_01,Inv_00,20170808,08:54:00,226.8,10.3,2336,217.0,10.1,2192,25844,16488,45.1,412.0
Station_01,Inv_00,20170808,08:55:00,233.0,9.9,2307,217.0,10.0,2170,25844,16488,46.5,635.0
Station_01,Inv_00,20170808,08:56:00,230.0,10.1,2323,217.0,10.0,2170,25844,16488,46.5,656.0
Station_01,Inv_00,20170808,08:57:00,230.0,9.7,2231,217.0,9.8,2127,25844,16488,47.6,643.0
Station_01,Inv_00,20170808,08:58:00,231.5,9.8,2269,217.0,9.9,2148,25844,16488,48.1,648.0
Station_01,Inv_00,20170808,08:59:00,231.0,9.9,2287,218.0,9.9,2158,25844,16488,49.8,651.0
Station_01,Inv_00,20170808,09:00:00,228.5,10.3,2353,218.0,10.3,2245,25844,16488,51.1,670.0
Station_01,Inv_00,20170808,09:01:00,227.5,10.7,2434,218.0,10.5,2289,25844,16488,51.7,685.0
Station_01,Inv_00,20170808,09:02:00,223.0,10.7,2386,217.0,10.4,2257,25844,16488,52.0,680.0
Station_01,Inv_00,20170808,09:03:00,227.3,3.1,705,216.0,2.9,626,25844,16488,50.0,293.0
Station_01,Inv_00,20170808,09:04:00,220.5,10.8,2381,217.0,10.3,2235,25844,16488,52.0,680.0
Station_01,Inv_00,20170808,09:05:00,224.0,11.3,2531,217.0,10.9,2365,25844,16488,51.9,710.0
Station_01,Inv_00,20170808,09:06:00,213.5,11.7,2498,215.0,11.1,2387,25844,16488,51.0,750.0
Station_01,Inv_00,20170808,09:07:00,225.0,3.0,675,213.0,3.0,639,25844,16488,47.8,228.0
Station_01,Inv_00,20170808,09:08:00,219.5,3.1,680,214.0,3.2,685,25844,16488,46.0,220.0
Station_01,Inv_00,20170808,09:09:00,230.5,3.4,784,214.0,3.2,685,25844,16488,44.3,209.0
Station_01,Inv_00,20170808,09:10:00,232.5,3.8,884,216.0,3.8,821,25844,16488,44.8,282.0
Station_01,Inv_00,20170808,09:11:00,232.0,11.9,2761,215.0,12.2,2623,25844,16488,46.7,749.0
Station_01,Inv_00,20170808,09:12:00,229.9,11.6,2667,214.0,11.6,2482,25844,16488,46.7,614.0
Station_01,Inv_00,20170808,09:13:00,223.0,9.8,2185,213.0,9.8,2087,25844,16488,44.8,422.0
Station_01,Inv_00,20170808,09:14:00,232.4,4.0,930,212.0,4.0,848,25844,16488,44.6,346.0
Station_01,Inv_00,20170808,09:15:00,227.5,5.0,1138,212.0,4.9,1039,25844,16488,44.8,357.0
Station_01,Inv_00,20170808,09:16:00,219.4,5.8,1273,212.0,6.4,1357,25844,16488,44.9,638.0
Station_01,Inv_00,20170808,09:17:00,231.4,12.0,2777,213.0,12.1,2577,25844,16488,44.9,745.0
Station_01,Inv_00,20170808,09:18:00,226.0,4.8,1085,213.0,4.7,1001,25844,16488,42.9,293.0
Station_01,Inv_00,20170808,09:19:00,226.5,11.3,2559,214.0,11.3,2418,25845,16489,43.2,473.0
Station_01,Inv_00,20170808,09:20:00,232.5,4.2,977,211.0,4.2,886,25845,16489,42.4,295.0
Station_01,Inv_00,20170808,09:21:00,232.4,12.6,2929,213.0,12.9,2748,25845,16489,45.0,802.0
Station_01,Inv_00,20170808,09:22:00,222.0,12.8,2841,213.0,12.5,2663,25845,16489,46.1,810.0
Station_01,Inv_00,20170808,09:23:00,225.4,13.3,2998,213.0,13.1,2790,25845,16489,47.8,792.0
Station_01,Inv_00,20170808,09:24:00,225.5,13.3,2999,212.0,13.3,2820,25845,16489,49.2,842.0
Station_01,Inv_00,20170808,09:25:00,220.5,12.9,2844,212.0,12.5,2650,25845,16489,50.7,818.0
Station_01,Inv_00,20170808,09:26:00,225.5,12.4,2796,212.0,12.4,2629,25845,16489,52.1,807.0
Station_01,Inv_00,20170808,09:27:00,218.5,12.8,2796,212.0,12.5,2650,25845,16489,52.4,818.0
Station_01,Inv_00,20170808,09:28:00,221.5,12.6,2791,212.0,12.4,2629,25845,16489,54.0,808.0
Station_01,Inv_00,20170808,09:29:00,218.9,12.6,2759,212.0,12.2,2586,25845,16489,54.8,799.0
Station_01,Inv_00,20170808,09:30:00,224.0,12.4,2777,212.0,12.3,2608,25845,16489,55.5,807.0
Station_01,Inv_00,20170808,09:31:00,222.0,12.7,2819,212.0,12.5,2650,25845,16489,56.1,820.0
Station_01,Inv_00,20170808,09:32:00,219.5,13.1,2875,212.0,12.8,2714,25845,16489,58.3,834.0
Station_01,Inv_00,20170808,09:33:00,221.5,12.8,2835,211.0,12.7,2680,25845,16489,58.0,842.0
Station_01,Inv_00,20170808,09:34:00,211.0,13.5,2848,211.0,12.6,2659,25845,16489,58.9,830.0
Station_01,Inv_00,20170808,09:35:00,216.0,2.7,583,210.0,2.6,546,25845,16489,54.0,236.0
Station_01,Inv_00,20170808,09:36:00,219.0,12.7,2781,211.0,12.3,2595,25845,16489,51.6,443.0
Station_01,Inv_00,20170808,09:37:00,216.0,12.3,2657,211.0,11.8,2490,25845,16489,52.6,784.0
Station_01,Inv_00,20170808,09:38:00,217.0,12.2,2647,211.0,11.8,2490,25845,16489,52.9,759.0
Station_01,Inv_00,20170808,09:39:00,221.5,12.7,2813,211.0,12.4,2616,25845,16489,54.0,795.0
Station_01,Inv_00,20170808,09:40:00,223.5,12.5,2794,211.0,12.5,2638,25845,16489,52.6,820.0
Station_01,Inv_00,20170808,09:41:00,220.0,2.8,616,210.0,2.8,588,25845,16489,52.2,361.0
Station_01,Inv_00,20170808,09:42:00,214.0,11.6,2482,211.0,10.8,2279,25845,16489,49.6,411.0
Station_01,Inv_00,20170808,09:43:00,221.0,4.4,973,210.0,4.0,840,25845,16489,50.2,594.0
Station_01,Inv_00,20170808,09:44:00,226.5,12.5,2831,212.0,12.6,2671,25846,16490,51.2,801.0
Station_01,Inv_00,20170808,09:45:00,222.5,3.2,712,211.0,3.2,675,25846,16490,48.9,419.0
Station_01,Inv_00,20170808,09:46:00,224.6,3.3,741,211.0,3.3,696,25846,16490,46.5,318.0
Station_01,Inv_00,20170808,09:47:00,217.0,12.7,2757,213.0,12.3,2620,25846,16490,46.7,499.0
Station_01,Inv_00,20170808,09:48:00,223.3,3.8,848,212.0,3.8,806,25846,16490,46.5,321.0
Station_01,Inv_00,20170808,09:49:00,225.4,4.8,1082,211.0,4.6,971,25846,16490,46.4,322.0
Station_01,Inv_00,20170808,09:50:00,224.0,4.0,896,211.0,4.0,844,25846,16490,46.5,504.0
Station_01,Inv_00,20170808,09:51:00,212.0,5.6,1187,212.0,6.8,1442,25846,16490,45.4,423.0
Station_01,Inv_00,20170808,09:52:00,228.5,13.7,3130,214.0,13.7,2932,25846,16490,48.0,867.0
Station_01,Inv_00,20170808,09:53:00,227.0,13.4,3042,213.0,13.4,2854,25846,16490,50.2,873.0
Station_01,Inv_00,20170808,09:54:00,220.5,13.5,2977,213.0,13.1,2790,25846,16490,51.2,859.0
Station_01,Inv_00,20170808,09:55:00,222.5,13.3,2959,213.0,13.0,2769,25846,16490,52.1,855.0
Station_01,Inv_00,20170808,09:56:00,222.0,13.4,2974,213.0,13.0,2769,25846,16490,52.4,859.0
Station_01,Inv_00,20170808,09:57:00,217.5,13.9,3023,213.0,13.3,2833,25846,16490,54.3,878.0
Station_01,Inv_00,20170808,09:58:00,219.0,14.0,3065,214.0,13.4,2868,25846,16490,56.1,893.0
Station_01,Inv_00,20170808,09:59:00,217.0,14.4,3125,214.0,13.8,2953,25846,16490,57.6,922.0
Station_01,Inv_00,20170808,10:00:00,214.0,14.4,3082,213.0,13.5,2876,25846,16490,58.4,914.0
Station_01,Inv_00,20170808,10:01:00,214.0,14.2,3039,213.0,13.4,2854,25846,16490,60.6,899.0
Station_01,Inv_00,20170808,10:02:00,214.0,14.2,3039,214.0,13.4,2868,25846,16490,60.7,907.0
Station_01,Inv_00,20170808,10:03:00,215.5,14.4,3103,214.0,13.6,2910,25846,16490,61.8,919.0
Station_01,Inv_00,20170808,10:04:00,207.9,4.7,977,212.0,3.9,827,25846,16490,58.2,575.0
Station_01,Inv_00,20170808,10:05:00,211.0,6.0,1266,212.0,5.5,1166,25846,16490,55.7,335.0
Station_01,Inv_00,20170808,10:06:00,219.1,4.3,942,212.0,4.1,869,25846,16490,53.2,291.0
Station_01,Inv_00,20170808,10:07:00,199.0,16.8,3343,213.0,14.5,3089,25846,16490,52.2,746.0
Station_01,Inv_00,20170808,10:08:00,212.0,16.3,3456,213.0,15.1,3216,25846,16490,54.6,1003.0
Station_01,Inv_00,20170808,10:09:00,218.5,16.3,3561,214.0,15.5,3317,25847,16490,57.1,1038.0
Station_01,Inv_00,20170808,10:10:00,215.5,13.5,2910,213.0,13.6,2897,25847,16490,58.6,958.0
Station_01,Inv_00,20170808,10:11:00,223.5,6.4,1430,212.0,6.3,1336,25847,16490,57.3,939.0
Station_01,Inv_00,20170808,10:12:00,218.0,6.7,1461,212.0,6.4,1357,25847,16490,54.9,420.0
Station_01,Inv_00,20170808,10:13:00,216.5,11.1,2403,212.0,10.5,2226,25847,16490,53.4,618.0
Station_01,Inv_00,20170808,10:14:00,217.0,10.3,2235,212.0,9.9,2099,25847,16490,54.8,643.0
Station_01,Inv_00,20170808,10:15:00,217.0,10.3,2235,212.0,9.9,2099,25847,16490,54.8,651.0
Station_01,Inv_00,20170808,10:16:00,217.0,10.3,2235,212.0,9.9,2099,25847,16490,54.8,651.0
Station_01,Inv_00,20170808,10:17:00,220.5,6.2,1367,212.0,6.0,1272,25847,16490,52.3,409.0
Station_01,Inv_00,20170808,10:18:00,223.5,6.1,1363,212.0,6.0,1272,25847,16490,51.7,391.0
Station_01,Inv_00,20170808,10:19:00,228.0,7.5,1710,211.0,6.9,1456,25847,16490,51.4,375.0
Station_01,Inv_00,20170808,10:20:00,228.0,5.2,1185,212.0,5.1,1081,25847,16490,49.9,347.0
Station_01,Inv_00,20170808,10:21:00,231.5,4.9,1134,212.0,5.0,1060,25847,16490,47.9,339.0
Station_01,Inv_00,20170808,10:22:00,216.5,4.9,1061,211.0,4.6,971,25847,16490,46.7,326.0
Station_01,Inv_00,20170808,10:23:00,231.5,5.1,1180,212.0,5.2,1102,25847,16490,45.9,345.0
Station_01,Inv_00,20170808,10:24:00,228.5,16.0,3656,213.0,16.1,3429,25847,16490,47.3,988.0
Station_01,Inv_00,20170808,10:25:00,229.5,13.6,3121,213.0,12.8,2726,25847,16490,50.3,828.0
Station_01,Inv_00,20170808,10:26:00,219.5,16.5,3622,213.0,16.0,3408,25847,16490,51.6,1067.0
Station_01,Inv_00,20170808,10:27:00,218.0,17.2,3750,213.0,16.4,3493,25847,16490,53.3,991.0
Station_01,Inv_00,20170808,10:28:00,210.5,17.9,3768,213.0,16.5,3515,25847,16490,56.4,1123.0
Station_01,Inv_00,20170808,10:29:00,214.4,15.5,3324,213.0,14.4,3067,25847,16490,57.7,993.0
Station_01,Inv_00,20170808,10:30:00,214.9,15.2,3266,213.0,14.3,3046,25847,16490,59.1,920.0
Station_01,Inv_00,20170808,10:31:00,210.5,17.3,3642,213.0,15.9,3387,25847,16490,60.5,1101.0
Station_01,Inv_00,20170808,10:32:00,206.0,17.2,3543,213.0,15.5,3302,25847,16490,62.3,1070.0
Station_01,Inv_00,20170808,10:33:00,208.5,16.9,3524,212.0,15.5,3286,25847,16490,63.7,1071.0
Station_01,Inv_00,20170808,10:34:00,208.0,17.0,3536,213.0,15.5,3302,25848,16491,64.6,1067.0
Station_01,Inv_00,20170808,10:35:00,207.5,16.6,3444,213.0,15.2,3238,25848,16491,62.7,1074.0
Station_01,Inv_00,20170808,10:36:00,214.9,5.8,1246,211.0,5.5,1161,25848,16491,59.7,405.0
Station_01,Inv_00,20170808,10:37:00,221.9,12.9,2863,211.0,10.9,2300,25848,16491,55.8,520.0
Station_01,Inv_00,20170808,10:38:00,214.5,16.7,3581,212.0,15.8,3350,25848,16491,59.3,1050.0
Station_01,Inv_00,20170808,10:39:00,220.5,15.0,3307,212.0,14.6,3095,25848,16491,58.3,963.0
Station_01,Inv_00,20170808,10:40:00,218.5,15.9,3473,212.0,15.2,3222,25848,16491,57.1,891.0
Station_01,Inv_00,20170808,10:41:00,210.0,15.6,3276,212.0,14.3,3032,25848,16491,56.0,984.0
Station_01,Inv_00,20170808,10:42:00,211.5,8.4,1777,211.0,8.0,1688,25848,16491,54.9,543.0
Station_01,Inv_00,20170808,10:43:00,216.5,17.2,3723,212.0,16.4,3477,25848,16491,55.0,934.0
Station_01,Inv_00,20170808,10:44:00,215.4,7.2,1551,211.0,7.0,1477,25848,16491,53.2,517.0
Station_01,Inv_00,20170808,10:45:00,218.5,7.2,1573,211.0,7.0,1477,25848,16491,51.1,461.0
Station_01,Inv_00,20170808,10:46:00,228.9,7.4,1694,211.0,7.5,1583,25848,16491,49.6,469.0
Station_01,Inv_00,20170808,10:47:00,228.0,7.6,1733,211.0,7.7,1625,25848,16491,48.6,501.0
Station_01,Inv_00,20170808,10:48:00,215.0,8.6,1849,210.0,8.5,1785,25848,16491,50.5,791.0
Station_01,Inv_00,20170808,10:49:00,223.0,6.9,1539,210.0,6.8,1428,25848,16491,49.7,449.0
Station_01,Inv_00,20170808,10:50:00,218.5,7.2,1573,210.0,7.6,1596,25848,16491,49.3,464.0
Station_01,Inv_00,20170808,10:51:00,229.9,4.9,1127,210.0,5.1,1071,25848,16491,47.6,344.0
Station_01,Inv_00,20170808,10:52:00,228.0,4.9,1117,210.0,4.9,1029,25848,16491,46.8,317.0
Station_01,Inv_00,20170808,10:53:00,229.4,4.6,1055,210.0,4.6,966,25848,16491,45.3,305.0
Station_01,Inv_00,20170808,10:54:00,232.5,4.3,1000,210.0,4.4,924,25848,16491,44.2,285.0
Station_01,Inv_00,20170808,10:55:00,232.0,4.2,974,210.0,4.4,924,25848,16491,43.7,290.0
Station_01,Inv_00,20170808,10:56:00,233.0,4.4,1025,210.0,4.5,945,25848,16491,42.2,298.0
Station_01,Inv_00,20170808,10:57:00,237.5,4.5,1069,210.0,4.6,966,25848,16491,42.3,290.0
Station_01,Inv_00,20170808,10:58:00,240.4,4.4,1058,210.0,4.6,966,25848,16491,41.9,292.0
Station_01,Inv_00,20170808,10:59:00,240.0,4.2,1008,210.0,4.6,966,25848,16491,41.1,289.0
Station_01,Inv_00,20170808,11:00:00,240.5,4.2,1010,210.0,4.4,924,25848,16491,40.8,279.0
Station_01,Inv_00,20170808,11:01:00,243.4,3.8,925,210.0,4.1,861,25848,16491,40.4,269.0
Station_01,Inv_00,20170808,11:02:00,237.3,4.0,949,210.0,4.1,861,25848,16491,39.8,268.0
Station_01,Inv_00,20170808,11:03:00,243.0,3.9,948,210.0,4.2,882,25848,16491,40.1,267.0
Station_01,Inv_00,20170808,11:04:00,241.8,4.0,967,210.0,4.4,924,25848,16491,40.0,271.0
Station_01,Inv_00,20170808,11:05:00,237.0,4.4,1043,210.0,4.5,945,25848,16491,39.8,282.0
Station_01,Inv_00,20170808,11:06:00,241.4,4.6,1111,210.0,5.0,1050,25848,16491,39.8,302.0
Station_01,Inv_00,20170808,11:07:00,235.5,5.2,1225,210.0,5.5,1155,25848,16491,40.0,333.0
Station_01,Inv_00,20170808,11:08:00,200.0,6.4,1280,210.0,5.7,1197,25848,16491,40.8,393.0
Station_01,Inv_00,20170808,11:09:00,224.5,7.4,1661,210.0,7.2,1512,25848,16491,41.7,438.0
Station_01,Inv_00,20170808,11:10:00,229.5,7.1,1629,210.0,7.3,1533,25849,16492,42.3,519.0
Station_01,Inv_00,20170808,11:11:00,225.5,8.4,1894,210.0,8.4,1764,25849,16492,42.7,497.0
Station_01,Inv_00,20170808,11:12:00,226.9,12.6,2859,211.0,13.2,2785,25849,16492,44.1,764.0
Station_01,Inv_00,20170808,11:13:00,229.3,8.9,2041,211.0,9.1,1920,25849,16492,45.3,635.0
Station_01,Inv_00,20170808,11:14:00,227.0,12.5,2837,211.0,12.5,2638,25849,16492,46.9,771.0
Station_01,Inv_00,20170808,11:15:00,221.5,15.8,3499,211.0,15.6,3292,25849,16492,48.3,864.0
Station_01,Inv_00,20170808,11:16:00,227.5,8.9,2025,210.0,8.9,1869,25849,16492,47.2,554.0
Station_01,Inv_00,20170808,11:17:00,231.0,8.3,1917,210.0,8.6,1806,25849,16492,46.7,551.0
Station_01,Inv_00,20170808,11:18:00,233.0,7.8,1817,210.0,8.2,1722,25849,16492,46.1,516.0
Station_01,Inv_00,20170808,11:19:00,216.0,9.8,2117,211.0,9.5,2005,25849,16492,46.5,768.0
Station_01,Inv_00,20170808,11:20:00,225.0,14.3,3217,211.0,14.4,3038,25849,16492,48.5,871.0
Station_01,Inv_00,20170808,11:21:00,227.2,7.5,1704,210.0,7.6,1596,25849,16492,47.6,537.0
Station_01,Inv_00,20170808,11:22:00,230.5,8.5,1959,210.0,8.8,1848,25849,16492,46.4,495.0
Station_01,Inv_00,20170808,11:23:00,227.5,9.7,2206,210.0,9.8,2058,25849,16492,48.0,598.0
Station_01,Inv_00,20170808,11:24:00,229.4,13.8,3166,211.0,13.6,2870,25849,16492,47.5,574.0
Station_01,Inv_00,20170808,11:25:00,214.9,9.8,2106,210.0,9.9,2079,25849,16492,50.8,857.0
Station_01,Inv_00,20170808,11:26:00,224.0,6.1,1366,210.0,6.1,1281,25849,16492,46.8,402.0
Station_01,Inv_00,20170808,11:27:00,227.5,6.5,1479,210.0,6.5,1365,25849,16492,46.7,410.0
Station_01,Inv_00,20170808,11:28:00,229.5,6.8,1561,210.0,7.1,1491,25849,16492,45.8,444.0
Station_01,Inv_00,20170808,11:29:00,231.5,6.6,1528,210.0,6.7,1407,25849,16492,44.8,443.0
Station_01,Inv_00,20170808,11:30:00,235.0,6.8,1598,210.0,7.1,1491,25849,16492,45.8,440.0
Station_01,Inv_00,20170808,11:31:00,234.0,7.1,1661,210.0,7.3,1533,25849,16492,45.6,454.0
Station_01,Inv_00,20170808,11:32:00,235.0,7.2,1692,210.0,7.5,1575,25849,16492,45.5,468.0
Station_01,Inv_00,20170808,11:33:00,234.5,8.2,1923,210.0,8.7,1827,25849,16492,46.2,537.0
Station_01,Inv_00,20170808,11:34:00,233.5,7.6,1774,211.0,7.8,1646,25849,16492,45.2,498.0
Station_01,Inv_00,20170808,11:35:00,221.5,9.1,2016,211.0,8.7,1836,25849,16492,45.0,531.0
Station_01,Inv_00,20170808,11:36:00,235.5,7.6,1790,211.0,8.1,1709,25849,16492,44.7,511.0
Station_01,Inv_00,20170808,11:37:00,235.5,8.9,2096,210.0,9.3,1953,25849,16492,45.2,576.0
Station_01,Inv_00,20170808,11:38:00,234.0,18.0,4211,212.0,18.6,3943,25849,16492,49.9,1196.0
Station_01,Inv_00,20170808,11:39:00,231.4,9.6,2222,211.0,9.9,2089,25850,16492,49.4,729.0
Station_01,Inv_00,20170808,11:40:00,230.5,9.1,2097,211.0,9.3,1962,25850,16492,47.8,623.0
Station_01,Inv_00,20170808,11:41:00,230.9,8.5,1962,211.0,8.7,1836,25850,16492,47.8,571.0
Station_01,Inv_00,20170808,11:42:00,227.5,7.9,1797,211.0,8.2,1730,25850,16492,46.5,521.0
Station_01,Inv_00,20170808,11:43:00,215.5,11.8,2542,211.0,11.7,2469,25850,16492,47.5,725.0
Station_01,Inv_00,20170808,11:44:00,220.5,18.3,4035,212.0,17.8,3774,25850,16492,49.4,1119.0
Station_01,Inv_00,20170808,11:45:00,219.0,17.8,3898,212.0,17.2,3646,25850,16492,51.9,1160.0
Station_01,Inv_00,20170808,11:46:00,211.5,13.0,2750,211.0,12.3,2595,25850,16492,53.4,896.0
Station_01,Inv_00,20170808,11:47:00,212.5,17.1,3634,212.0,16.0,3392,25850,16492,53.8,991.0
Station_01,Inv_00,20170808,11:48:00,203.5,17.7,3602,212.0,16.0,3392,25850,16492,55.0,1069.0
Station_01,Inv_00,20170808,11:49:00,209.0,10.7,2236,211.0,9.9,2089,25850,16492,53.5,652.0
Station_01,Inv_00,20170808,11:50:00,208.4,15.8,3293,212.0,14.7,3116,25850,16492,54.6,822.0
Station_01,Inv_00,20170808,11:51:00,214.0,15.4,3296,212.0,14.7,3116,25850,16492,56.1,868.0
Station_01,Inv_00,20170808,11:52:00,213.4,8.8,1878,211.0,8.3,1751,25850,16492,54.0,575.0
Station_01,Inv_00,20170808,11:53:00,216.4,5.0,1082,211.0,4.7,992,25850,16492,51.9,344.0
Station_01,Inv_00,20170808,11:54:00,227.5,3.8,864,211.0,3.8,802,25850,16492,49.2,260.0
Station_01,Inv_00,20170808,11:55:00,226.5,3.4,770,211.0,3.4,717,25850,16492,47.4,227.0
Station_01,Inv_00,20170808,11:56:00,231.0,3.4,785,211.0,3.6,760,25850,16492,45.8,226.0
Station_01,Inv_00,20170808,11:57:00,233.5,3.6,841,211.0,3.7,781,25850,16492,44.6,235.0
Station_01,Inv_00,20170808,11:58:00,234.0,3.5,819,212.0,3.7,784,25850,16492,43.8,234.0
Station_01,Inv_00,20170808,11:59:00,238.5,3.6,859,212.0,3.8,806,25850,16492,42.5,241.0
Station_01,Inv_00,20170808,12:00:00,236.0,3.6,850,212.0,3.8,806,25850,16492,41.4,242.0
Station_01,Inv_00,20170808,12:01:00,221.8,3.6,799,212.0,3.6,763,25850,16492,40.6,237.0
Station_01,Inv_00,20170808,12:02:00,239.5,3.6,862,213.0,3.8,809,25850,16492,39.9,239.0
Station_01,Inv_00,20170808,12:03:00,236.9,3.8,900,211.0,3.9,823,25850,16492,39.5,249.0
Station_01,Inv_00,20170808,12:04:00,241.5,4.0,966,210.0,4.2,882,25850,16492,39.2,260.0
Station_01,Inv_00,20170808,12:05:00,241.0,4.2,1012,210.0,4.4,924,25850,16492,38.7,272.0
Station_01,Inv_00,20170808,12:06:00,241.5,4.4,1063,210.0,4.6,966,25850,16492,38.6,286.0
Station_01,Inv_00,20170808,12:07:00,240.5,5.0,1203,210.0,5.5,1155,25850,16492,39.2,328.0
Station_01,Inv_00,20170808,12:08:00,241.5,4.8,1159,210.0,5.1,1071,25850,16492,38.9,338.0
Station_01,Inv_00,20170808,12:09:00,242.0,4.6,1113,210.0,4.9,1029,25850,16492,38.8,308.0
Station_01,Inv_00,20170808,12:10:00,240.4,4.6,1106,210.0,4.9,1029,25850,16492,39.2,310.0
Station_01,Inv_00,20170808,12:11:00,243.4,4.8,1168,210.0,5.1,1071,25850,16492,38.8,319.0
Station_01,Inv_00,20170808,12:12:00,233.9,5.4,1263,210.0,5.5,1155,25850,16492,39.0,345.0
Station_01,Inv_00,20170808,12:13:00,226.5,7.5,1699,210.0,7.5,1575,25850,16492,39.6,435.0
Station_01,Inv_00,20170808,12:14:00,224.4,8.8,1975,210.0,8.8,1848,25851,16493,41.4,619.0
Station_01,Inv_00,20170808,12:15:00,231.5,14.0,3241,211.0,14.4,3038,25851,16493,43.6,863.0
Station_01,Inv_00,20170808,12:16:00,228.5,14.3,3268,211.0,14.4,3038,25851,16493,46.4,897.0
Station_01,Inv_00,20170808,12:17:00,228.0,14.4,3283,211.0,14.5,3060,25851,16493,49.2,927.0
Station_01,Inv_00,20170808,12:18:00,223.0,14.0,3122,211.0,13.9,2933,25851,16493,50.3,898.0
Station_01,Inv_00,20170808,12:19:00,228.5,4.9,1120,210.0,4.8,1008,25851,16493,47.4,337.0
Station_01,Inv_00,20170808,12:20:00,233.5,14.1,3292,211.0,14.6,3081,25851,16493,47.0,569.0
Station_01,Inv_00,20170808,12:21:00,225.0,14.6,3284,211.0,14.5,3060,25851,16493,49.6,924.0
Station_01,Inv_00,20170808,12:22:00,225.5,14.3,3225,211.0,14.4,3038,25851,16493,51.5,933.0
Station_01,Inv_00,20170808,12:23:00,223.0,13.9,3100,211.0,13.9,2933,25851,16493,54.0,900.0
Station_01,Inv_00,20170808,12:24:00,222.0,13.0,2886,211.0,12.9,2722,25851,16493,54.5,840.0
Station_01,Inv_00,20170808,12:25:00,220.0,12.8,2816,211.0,12.6,2659,25851,16493,54.5,845.0
Station_01,Inv_00,20170808,12:26:00,224.0,12.2,2733,210.0,12.1,2541,25851,16493,54.4,760.0
Station_01,Inv_00,20170808,12:27:00,222.0,12.7,2819,211.0,12.6,2659,25851,16493,53.3,830.0
Station_01,Inv_00,20170808,12:28:00,215.0,13.3,2859,211.0,12.8,2701,25851,16493,52.7,812.0
Station_01,Inv_00,20170808,12:29:00,212.4,14.1,2995,210.0,13.4,2814,25851,16493,53.2,881.0
Station_01,Inv_00,20170808,12:30:00,219.0,14.4,3154,211.0,14.0,2954,25851,16493,55.0,916.0
Station_01,Inv_00,20170808,12:31:00,218.0,15.0,3270,211.0,14.5,3060,25851,16493,55.3,948.0
Station_01,Inv_00,20170808,12:32:00,213.9,13.8,2952,210.0,11.9,2499,25851,16493,54.2,917.0
Station_01,Inv_00,20170808,12:33:00,223.9,6.6,1478,210.0,6.5,1365,25851,16493,51.5,427.0
Station_01,Inv_00,20170808,12:34:00,211.5,9.5,2009,210.0,10.3,2163,25851,16493,52.4,787.0
Station_01,Inv_00,20170808,12:35:00,227.0,6.2,1407,210.0,6.2,1302,25851,16493,50.4,411.0
Station_01,Inv_00,20170808,12:36:00,230.7,9.1,2099,210.0,8.7,1827,25852,16494,50.5,508.0
Station_01,Inv_00,20170808,12:37:00,232.0,12.9,2993,210.0,10.8,2268,25852,16494,50.1,615.0
Station_01,Inv_00,20170808,12:38:00,223.0,14.6,3255,210.0,14.6,3066,25852,16494,52.1,931.0
Station_01,Inv_00,20170808,12:39:00,227.5,4.8,1092,210.0,4.8,1008,25852,16494,48.6,332.0
Station_01,Inv_00,20170808,12:40:00,223.4,5.4,1207,210.0,5.2,1092,25852,16494,47.1,343.0
Station_01,Inv_00,20170808,12:41:00,220.0,6.8,1496,210.0,7.2,1512,25852,16494,45.9,419.0
Station_01,Inv_00,20170808,12:42:00,223.5,13.9,3107,213.0,13.7,2918,25852,16494,49.0,880.0
Station_01,Inv_00,20170808,12:43:00,222.5,6.2,1379,211.0,6.2,1308,25852,16494,48.2,447.0
Station_01,Inv_00,20170808,12:44:00,216.0,15.7,3391,213.0,14.9,3174,25852,16494,49.7,937.0
Station_01,Inv_00,20170808,12:45:00,220.5,6.4,1411,212.0,6.2,1314,25852,16494,49.5,491.0
Station_01,Inv_00,20170808,12:46:00,200.7,5.8,1164,212.0,5.6,1187,25852,16494,48.7,579.0
Station_01,Inv_00,20170808,12:47:00,228.4,4.4,1005,212.0,4.5,954,25852,16494,46.8,304.0
Station_01,Inv_00,20170808,12:48:00,232.0,5.0,1160,212.0,5.0,1060,25852,16494,45.6,318.0
Station_01,Inv_00,20170808,12:49:00,230.0,6.2,1426,212.0,6.2,1314,25852,16494,45.0,388.0
Station_01,Inv_00,20170808,12:50:00,219.5,16.7,3666,213.0,16.0,3408,25852,16494,46.8,891.0
Station_01,Inv_00,20170808,12:51:00,224.3,6.6,1481,211.0,6.6,1393,25852,16494,46.1,437.0
Station_01,Inv_00,20170808,12:52:00,226.4,5.6,1268,211.0,5.7,1203,25852,16494,46.5,456.0
Station_01,Inv_00,20170808,12:53:00,234.5,4.4,1032,211.0,4.6,971,25852,16494,45.0,315.0
Station_01,Inv_00,20170808,12:54:00,232.9,4.5,1048,211.0,4.7,992,25852,16494,44.1,304.0
Station_01,Inv_00,20170808,12:55:00,231.4,5.5,1273,211.0,5.6,1182,25852,16494,43.6,348.0
Station_01,Inv_00,20170808,12:56:00,234.5,5.6,1313,211.0,5.9,1245,25852,16494,43.5,364.0
Station_01,Inv_00,20170808,12:57:00,231.5,17.1,3959,212.0,17.5,3710,25852,16494,45.3,750.0
Station_01,Inv_00,20170808,12:58:00,229.5,6.6,1515,211.0,6.7,1414,25852,16494,45.6,437.0
Station_01,Inv_00,20170808,12:59:00,228.5,7.3,1668,210.0,7.5,1575,25852,16494,45.9,528.0
Station_01,Inv_00,20170808,13:00:00,233.5,6.3,1471,210.0,6.6,1386,25852,16494,44.3,425.0
Station_01,Inv_00,20170808,13:01:00,216.0,14.8,3196,211.0,16.7,3524,25852,16494,47.6,1038.0
Station_01,Inv_00,20170808,13:02:00,232.0,5.8,1346,210.0,6.1,1281,25852,16494,45.6,422.0
Station_01,Inv_00,20170808,13:03:00,227.0,5.5,1248,211.0,5.5,1161,25852,16494,44.8,358.0
Station_01,Inv_00,20170808,13:04:00,227.5,6.4,1456,211.0,6.5,1372,25852,16494,44.0,399.0
Station_01,Inv_00,20170808,13:05:00,220.5,18.4,4057,212.0,17.8,3774,25852,16494,47.6,1085.0
Station_01,Inv_00,20170808,13:06:00,217.0,18.4,3993,212.0,17.5,3710,25852,16494,52.0,1118.0
Station_01,Inv_00,20170808,13:07:00,220.0,17.6,3872,212.0,17.0,3604,25853,16494,52.3,1058.0
Station_01,Inv_00,20170808,13:08:00,220.0,16.2,3564,214.0,15.6,3338,25853,16494,55.3,1043.0
Station_01,Inv_00,20170808,13:09:00,225.5,6.0,1353,212.0,6.1,1293,25853,16494,50.5,422.0
Station_01,Inv_00,20170808,13:10:00,224.0,16.2,3629,214.0,15.9,3403,25853,16494,49.6,714.0
Station_01,Inv_00,20170808,13:11:00,225.5,8.1,1826,213.0,7.9,1683,25853,16494,49.6,516.0
Station_01,Inv_00,20170808,13:12:00,219.9,11.6,2550,213.0,12.3,2620,25853,16494,50.7,890.0
Station_01,Inv_00,20170808,13:13:00,230.5,6.0,1383,213.0,6.1,1299,25853,16494,48.2,411.0
Station_01,Inv_00,20170808,13:14:00,229.0,7.3,1672,213.0,7.2,1534,25853,16494,47.4,426.0
Station_01,Inv_00,20170808,13:15:00,232.5,6.3,1465,212.0,6.5,1378,25853,16494,48.3,531.0
Station_01,Inv_00,20170808,13:16:00,219.5,6.0,1317,213.0,5.7,1214,25853,16494,47.0,387.0
Station_01,Inv_00,20170808,13:17:00,222.9,7.6,1694,213.0,7.8,1661,25853,16494,46.8,449.0
Station_01,Inv_00,20170808,13:18:00,220.4,14.2,3130,214.0,14.2,3039,25853,16494,48.1,870.0
Station_01,Inv_00,20170808,13:19:00,212.5,7.0,1487,213.0,6.5,1385,25853,16494,48.6,545.0
Station_01,Inv_00,20170808,13:20:00,229.0,6.0,1374,212.0,6.1,1293,25853,16494,48.1,397.0
Station_01,Inv_00,20170808,13:21:00,232.0,6.2,1438,213.0,6.4,1363,25853,16494,47.0,405.0
Station_01,Inv_00,20170808,13:22:00,224.5,17.0,3816,214.0,16.5,3531,25853,16494,49.4,985.0
Station_01,Inv_00,20170808,13:23:00,226.9,6.6,1497,213.0,6.7,1427,25853,16494,48.2,487.0
Station_01,Inv_00,20170808,13:24:00,232.0,5.0,1160,213.0,5.1,1086,25853,16494,47.3,347.0
Station_01,Inv_00,20170808,13:25:00,229.5,5.2,1193,213.0,5.3,1129,25853,16494,46.2,334.0
Station_01,Inv_00,20170808,13:26:00,227.5,14.6,3321,214.0,13.7,2932,25853,16494,46.6,577.0
Station_01,Inv_00,20170808,13:27:00,216.5,10.3,2230,214.0,10.4,2226,25853,16494,48.4,863.0
Station_01,Inv_00,20170808,13:28:00,229.0,6.7,1534,213.0,6.8,1448,25853,16494,47.3,618.0
Station_01,Inv_00,20170808,13:29:00,231.0,6.4,1478,213.0,6.3,1342,25853,16494,45.5,402.0
Station_01,Inv_00,20170808,13:30:00,229.5,8.4,1928,213.0,8.2,1747,25853,16494,46.3,557.0
Station_01,Inv_00,20170808,13:31:00,224.5,7.3,1639,213.0,7.2,1534,25853,16494,46.1,440.0
Station_01,Inv_00,20170808,13:32:00,223.9,16.8,3761,214.0,16.4,3510,25853,16494,48.7,965.0
Station_01,Inv_00,20170808,13:33:00,225.0,16.4,3690,214.0,16.1,3445,25853,16494,49.8,919.0
Station_01,Inv_00,20170808,13:34:00,234.4,5.9,1383,213.0,6.0,1278,25853,16494,48.6,450.0
Station_01,Inv_00,20170808,13:35:00,224.5,11.7,2626,213.0,10.9,2322,25853,16494,49.4,642.0
Station_01,Inv_00,20170808,13:36:00,227.0,16.0,3632,214.0,15.9,3403,25854,16495,50.7,985.0
Station_01,Inv_00,20170808,13:37:00,216.8,8.9,1929,213.0,11.1,2364,25854,16495,48.5,629.0
Station_01,Inv_00,20170808,13:38:00,231.0,5.0,1155,212.0,5.1,1081,25854,16495,47.8,338.0
Station_01,Inv_00,20170808,13:39:00,231.5,5.8,1343,212.0,6.0,1272,25854,16495,46.3,362.0
Station_01,Inv_00,20170808,13:40:00,227.4,16.6,3776,214.0,16.5,3531,25854,16495,47.7,970.0
Station_01,Inv_00,20170808,13:41:00,227.0,11.4,2588,213.0,11.2,2386,25854,16495,48.8,756.0
Station_01,Inv_00,20170808,13:42:00,224.4,6.9,1548,212.0,6.8,1442,25854,16495,49.4,472.0
Station_01,Inv_00,20170808,13:43:00,234.0,5.8,1357,212.0,5.9,1251,25854,16495,47.4,390.0
Station_01,Inv_00,20170808,13:44:00,231.5,6.1,1412,212.0,6.2,1314,25854,16495,45.8,387.0
Station_01,Inv_00,20170808,13:45:00,234.0,6.8,1591,213.0,7.0,1491,25854,16495,46.6,456.0
Station_01,Inv_00,20170808,13:46:00,229.0,15.8,3618,214.0,15.8,3381,25854,16495,49.5,984.0
Station_01,Inv_00,20170808,13:47:00,222.5,14.1,3137,214.0,14.0,2996,25854,16495,51.2,1012.0
Station_01,Inv_00,20170808,13:48:00,219.4,16.2,3554,214.0,15.6,3338,25854,16495,51.5,954.0
Station_01,Inv_00,20170808,13:49:00,220.5,16.1,3550,214.0,15.5,3317,25854,16495,52.5,888.0
Station_01,Inv_00,20170808,13:50:00,217.0,6.6,1432,213.0,6.3,1342,25854,16495,50.3,660.0
Station_01,Inv_00,20170808,13:51:00,214.0,8.1,1733,213.0,7.9,1683,25854,16495,51.6,824.0
Station_01,Inv_00,20170808,13:52:00,230.5,5.9,1360,213.0,5.9,1257,25854,16495,48.8,390.0
Station_01,Inv_00,20170808,13:53:00,222.4,15.8,3515,214.0,15.4,3296,25854,16495,49.8,670.0
Station_01,Inv_00,20170808,13:54:00,219.0,6.8,1490,213.0,6.6,1406,25854,16495,51.6,640.0
Station_01,Inv_00,20170808,13:55:00,228.5,6.6,1508,213.0,6.6,1406,25854,16495,50.3,430.0
Station_01,Inv_00,20170808,13:56:00,228.5,6.6,1508,213.0,6.6,1406,25854,16495,50.3,430.0
Station_01,Inv_00,20170808,13:57:00,228.5,6.6,1508,213.0,6.6,1406,25854,16495,50.3,430.0
Station_01,Inv_00,20170808,13:58:00,228.5,6.6,1508,213.0,6.6,1406,25854,16495,50.3,430.0
Station_01,Inv_00,20170808,13:59:00,224.9,13.9,3127,214.0,13.8,2953,25854,16495,52.0,430.0
Station_01,Inv_00,20170808,14:00:00,218.0,14.6,3183,214.0,13.9,2975,25854,16495,53.2,899.0
Station_01,Inv_00,20170808,14:01:00,221.5,6.4,1417,213.0,6.1,1299,25855,16495,51.6,573.0
Station_01,Inv_00,20170808,14:02:00,213.0,7.8,1661,213.0,7.3,1555,25855,16495,50.6,466.0
Station_01,Inv_00,20170808,14:03:00,208.5,10.6,2210,213.0,10.9,2322,25855,16495,52.8,894.0
Station_01,Inv_00,20170808,14:04:00,217.9,14.6,3181,214.0,13.7,2932,25855,16495,52.4,875.0
Station_01,Inv_00,20170808,14:05:00,217.9,14.6,3181,214.0,13.7,2932,25855,16495,52.4,875.0
Station_01,Inv_00,20170808,14:06:00,217.9,14.6,3181,214.0,13.7,2932,25855,16495,52.4,875.0
Station_01,Inv_00,20170808,14:07:00,217.9,14.6,3181,214.0,13.7,2932,25855,16495,52.4,875.0
Station_01,Inv_00,20170808,14:08:00,217.9,14.6,3181,214.0,13.7,2932,25855,16495,52.4,875.0
Station_01,Inv_00,20170808,14:09:00,231.5,5.8,1343,213.0,5.9,1257,25855,16495,48.3,380.0
Station_01,Inv_00,20170808,14:10:00,221.4,5.8,1284,213.0,5.6,1193,25855,16495,45.9,381.0
Station_01,Inv_00,20170808,14:11:00,212.5,15.6,3315,214.0,14.4,3082,25855,16495,48.7,886.0
Station_01,Inv_00,20170808,14:12:00,210.5,13.7,2884,214.0,12.6,2696,25855,16495,50.0,877.0
Station_01,Inv_00,20170808,14:13:00,229.6,8.5,1952,211.0,8.0,1688,25855,16495,48.7,370.0
Station_01,Inv_00,20170808,14:14:00,225.3,14.7,3312,212.0,14.8,3138,25855,16495,48.8,585.0
Station_01,Inv_00,20170808,14:15:00,212.5,10.4,2210,211.0,11.4,2405,25855,16495,51.4,853.0
Station_01,Inv_00,20170808,14:16:00,221.9,14.2,3150,212.0,14.0,2968,25855,16495,52.0,884.0
Station_01,Inv_00,20170808,14:17:00,219.0,14.6,3197,211.0,14.1,2975,25855,16495,53.9,903.0
Station_01,Inv_00,20170808,14:18:00,212.5,5.5,1169,210.0,5.3,1113,25855,16495,52.1,468.0
Station_01,Inv_00,20170808,14:19:00,220.9,14.7,3248,212.0,14.3,3032,25855,16495,53.3,870.0
Station_01,Inv_00,20170808,14:20:00,223.0,14.0,3122,212.0,13.9,2947,25855,16495,52.5,892.0
Station_01,Inv_00,20170808,14:21:00,223.0,14.1,3144,212.0,13.9,2947,25855,16495,53.0,878.0
Station_01,Inv_00,20170808,14:22:00,222.0,14.4,3196,212.0,14.0,2968,25855,16495,54.8,899.0
Station_01,Inv_00,20170808,14:23:00,222.0,14.5,3219,212.0,14.3,3032,25855,16495,54.2,909.0
Station_01,Inv_00,20170808,14:24:00,214.0,15.6,3338,212.0,14.7,3116,25855,16495,54.1,941.0
Station_01,Inv_00,20170808,14:25:00,216.0,9.0,1944,211.0,8.7,1836,25856,16496,52.6,601.0
Station_01,Inv_00,20170808,14:26:00,216.0,11.0,2376,211.0,10.5,2216,25856,16496,53.2,686.0
Station_01,Inv_00,20170808,14:27:00,218.0,10.2,2224,211.0,9.7,2047,25856,16496,51.3,615.0
Station_01,Inv_00,20170808,14:28:00,220.5,11.6,2558,211.0,11.6,2448,25856,16496,52.7,762.0
Station_01,Inv_00,20170808,14:29:00,218.5,11.1,2425,211.0,10.7,2258,25856,16496,51.3,679.0
Station_01,Inv_00,20170808,14:30:00,223.4,8.8,1966,212.0,8.7,1844,25856,16496,50.3,577.0
Station_01,Inv_00,20170808,14:31:00,224.5,7.4,1661,211.0,7.5,1583,25856,16496,50.8,508.0
Station_01,Inv_00,20170808,14:32:00,225.0,6.4,1440,211.0,6.5,1372,25856,16496,49.0,445.0
Station_01,Inv_00,20170808,14:33:00,234.0,5.4,1263,211.0,5.6,1182,25856,16496,47.7,377.0
Station_01,Inv_00,20170808,14:34:00,223.4,5.4,1207,211.0,5.3,1118,25856,16496,46.1,354.0
Station_01,Inv_00,20170808,14:35:00,222.5,5.2,1157,211.0,5.2,1097,25856,16496,45.4,345.0
Station_01,Inv_00,20170808,14:36:00,223.0,5.2,1160,210.0,5.2,1092,25856,16496,43.8,344.0
Station_01,Inv_00,20170808,14:37:00,234.9,5.0,1175,211.0,5.3,1118,25856,16496,43.3,338.0
Station_01,Inv_00,20170808,14:38:00,237.0,5.0,1185,211.0,5.2,1097,25856,16496,42.2,334.0
Station_01,Inv_00,20170808,14:39:00,235.5,5.0,1177,211.0,5.1,1076,25856,16496,41.2,331.0
Station_01,Inv_00,20170808,14:40:00,239.5,4.6,1102,210.0,4.9,1029,25856,16496,41.2,315.0
Station_01,Inv_00,20170808,14:41:00,242.5,4.3,1043,211.0,4.7,992,25856,16496,41.3,301.0
Station_01,Inv_00,20170808,14:42:00,232.7,4.5,1047,210.0,4.6,966,25856,16496,40.5,292.0
Station_01,Inv_00,20170808,14:43:00,240.4,4.3,1034,210.0,4.5,945,25856,16496,39.9,285.0
Station_01,Inv_00,20170808,14:44:00,240.9,4.2,1012,210.0,4.6,966,25856,16496,39.4,285.0
Station_01,Inv_00,20170808,14:45:00,242.0,4.4,1065,210.0,4.6,966,25856,16496,39.0,290.0
Station_01,Inv_00,20170808,14:46:00,236.0,4.3,1015,211.0,4.6,971,25856,16496,39.5,289.0
Station_01,Inv_00,20170808,14:47:00,234.9,4.4,1034,210.0,4.5,945,25856,16496,39.4,286.0
Station_01,Inv_00,20170808,14:48:00,236.4,4.3,1017,210.0,4.4,924,25856,16496,39.5,281.0
Station_01,Inv_00,20170808,14:49:00,237.8,4.0,951,210.0,4.3,903,25856,16496,39.3,274.0
Station_01,Inv_00,20170808,14:50:00,234.5,4.1,961,211.0,4.1,865,25856,16496,38.8,268.0
Station_01,Inv_00,20170808,14:51:00,240.3,3.8,913,211.0,4.1,865,25856,16496,39.1,259.0
Station_01,Inv_00,20170808,14:52:00,242.0,3.8,920,210.0,4.0,840,25856,16496,39.2,256.0
Station_01,Inv_00,20170808,14:53:00,239.9,3.8,912,211.0,4.0,844,25856,16496,39.0,252.0
Station_01,Inv_00,20170808,14:54:00,243.4,3.7,901,211.0,3.9,823,25856,16496,38.6,250.0
Station_01,Inv_00,20170808,14:55:00,238.0,3.7,881,211.0,3.9,823,25856,16496,38.4,246.0
Station_01,Inv_00,20170808,14:56:00,230.5,3.6,830,211.0,3.8,802,25856,16496,37.9,247.0
Station_01,Inv_00,20170808,14:57:00,233.9,3.8,889,210.0,4.0,840,25856,16496,37.6,250.0
Station_01,Inv_00,20170808,14:58:00,243.5,3.8,925,210.0,4.1,861,25856,16496,37.7,268.0
Station_01,Inv_00,20170808,14:59:00,242.9,4.0,972,210.0,4.1,861,25856,16496,38.2,260.0
Station_01,Inv_00,20170808,15:00:00,236.5,4.2,993,210.0,4.3,903,25856,16496,37.9,284.0
Station_01,Inv_00,20170808,15:01:00,242.5,4.5,1091,210.0,4.7,987,25856,16496,38.0,294.0
Station_01,Inv_00,20170808,15:02:00,241.0,5.0,1205,210.0,5.2,1092,25856,16496,38.3,328.0
Station_01,Inv_00,20170808,15:03:00,238.4,6.8,1621,211.0,7.2,1519,25856,16496,39.1,381.0
Station_01,Inv_00,20170808,15:04:00,240.5,5.7,1371,211.0,6.2,1308,25856,16496,39.4,376.0
Station_01,Inv_00,20170808,15:05:00,242.0,6.5,1573,211.0,6.9,1456,25856,16496,40.8,461.0
Station_01,Inv_00,20170808,15:06:00,239.4,9.2,2203,211.0,9.8,2068,25856,16496,41.3,515.0
Station_01,Inv_00,20170808,15:07:00,238.4,8.5,2026,211.0,9.3,1962,25856,16496,43.3,550.0
Station_01,Inv_00,20170808,15:08:00,236.0,5.8,1369,211.0,6.2,1308,25856,16496,42.6,441.0
Station_01,Inv_00,20170808,15:09:00,218.9,5.3,1160,211.0,5.2,1097,25856,16496,42.5,368.0
Station_01,Inv_00,20170808,15:10:00,241.8,5.4,1306,210.0,5.7,1197,25857,16497,41.6,345.0
Station_01,Inv_00,20170808,15:11:00,237.0,6.3,1493,211.0,6.7,1414,25857,16497,41.4,406.0
Station_01,Inv_00,20170808,15:12:00,238.9,5.4,1290,210.0,5.6,1176,25857,16497,42.7,412.0
Station_01,Inv_00,20170808,15:13:00,237.5,5.2,1235,210.0,5.5,1155,25857,16497,42.6,373.0
Station_01,Inv_00,20170808,15:14:00,234.0,5.0,1170,210.0,5.1,1071,25857,16497,41.8,328.0
Station_01,Inv_00,20170808,15:15:00,235.9,5.0,1180,210.0,5.1,1071,25857,16497,42.5,358.0
Station_01,Inv_00,20170808,15:16:00,231.4,4.6,1065,210.0,4.7,987,25857,16497,42.2,315.0
Station_01,Inv_00,20170808,15:17:00,241.4,4.4,1062,210.0,4.6,966,25857,16497,42.0,297.0
Station_01,Inv_00,20170808,15:18:00,238.0,4.2,1000,210.0,4.5,945,25857,16497,41.3,293.0
Station_01,Inv_00,20170808,15:19:00,236.3,4.2,993,210.0,4.3,903,25857,16497,40.9,285.0
Station_01,Inv_00,20170808,15:20:00,237.5,3.9,926,211.0,4.1,865,25857,16497,40.8,275.0
Station_01,Inv_00,20170808,15:21:00,243.5,3.8,925,210.0,4.0,840,25857,16497,40.4,265.0
Station_01,Inv_00,20170808,15:22:00,238.0,3.7,881,210.0,4.0,840,25857,16497,40.3,262.0
Station_01,Inv_00,20170808,15:23:00,238.5,4.2,1002,211.0,4.3,907,25857,16497,40.5,275.0
Station_01,Inv_00,20170808,15:24:00,239.4,4.8,1149,211.0,5.1,1076,25857,16497,40.4,322.0
Station_01,Inv_00,20170808,15:25:00,240.4,5.4,1298,211.0,5.6,1182,25857,16497,40.8,339.0
Station_01,Inv_00,20170808,15:26:00,233.5,5.3,1237,211.0,5.4,1139,25857,16497,40.9,345.0
Station_01,Inv_00,20170808,15:27:00,240.5,4.8,1154,211.0,5.0,1055,25857,16497,40.7,325.0
Station_01,Inv_00,20170808,15:28:00,236.3,4.6,1087,211.0,4.9,1034,25857,16497,40.0,318.0
Station_01,Inv_00,20170808,15:29:00,239.0,5.7,1362,211.0,6.0,1266,25857,16497,40.3,344.0
Station_01,Inv_00,20170808,15:30:00,238.5,5.9,1407,211.0,6.1,1287,25857,16497,42.5,499.0
Station_01,Inv_00,20170808,15:31:00,233.5,11.8,2755,212.0,12.3,2608,25857,16497,44.7,727.0
Station_01,Inv_00,20170808,15:32:00,235.5,11.1,2614,212.0,11.7,2480,25857,16497,46.2,717.0
Station_01,Inv_00,20170808,15:33:00,234.5,4.2,985,211.0,4.2,886,25857,16497,44.6,310.0
Station_01,Inv_00,20170808,15:34:00,240.9,5.1,1229,211.0,5.0,1055,25857,16497,45.2,438.0
Station_01,Inv_00,20170808,15:35:00,232.5,10.2,2371,212.0,10.6,2247,25857,16497,46.2,655.0
Station_01,Inv_00,20170808,15:36:00,233.5,9.7,2265,211.0,10.2,2152,25857,16497,47.6,630.0
Station_01,Inv_00,20170808,15:37:00,231.0,9.3,2148,211.0,9.7,2047,25857,16497,48.7,600.0
Station_01,Inv_00,20170808,15:38:00,221.0,9.6,2122,211.0,9.5,2005,25857,16497,48.7,594.0
Station_01,Inv_00,20170808,15:39:00,229.0,9.1,2084,211.0,9.3,1962,25857,16497,48.2,586.0
Station_01,Inv_00,20170808,15:40:00,229.5,8.9,2043,211.0,9.2,1941,25857,16497,49.2,575.0
Station_01,Inv_00,20170808,15:41:00,233.0,8.4,1957,211.0,8.7,1836,25857,16497,48.7,557.0
Station_01,Inv_00,20170808,15:42:00,229.5,8.4,1928,211.0,8.7,1836,25857,16497,48.4,541.0
Station_01,Inv_00,20170808,15:43:00,231.0,8.2,1894,212.0,8.5,1802,25857,16497,46.9,542.0
Station_01,Inv_00,20170808,15:44:00,231.5,8.2,1898,212.0,8.5,1802,25857,16497,48.0,532.0
Station_01,Inv_00,20170808,15:45:00,228.0,8.2,1870,212.0,8.3,1760,25857,16497,48.2,532.0
Station_01,Inv_00,20170808,15:46:00,230.0,8.1,1863,212.0,8.3,1760,25857,16497,47.9,529.0
Station_01,Inv_00,20170808,15:47:00,231.0,8.2,1894,212.0,8.4,1781,25857,16497,46.5,536.0
Station_01,Inv_00,20170808,15:48:00,229.5,8.3,1905,212.0,8.4,1781,25858,16497,46.1,543.0
Station_01,Inv_00,20170808,15:49:00,233.5,8.3,1938,212.0,8.7,1844,25858,16497,45.9,551.0
Station_01,Inv_00,20170808,15:50:00,222.5,7.4,1647,212.0,7.4,1569,25858,16497,46.3,509.0
Station_01,Inv_00,20170808,15:51:00,224.5,5.3,1190,212.0,5.3,1124,25858,16497,44.2,385.0
Station_01,Inv_00,20170808,15:52:00,225.5,5.0,1128,211.0,4.9,1034,25858,16497,44.1,366.0
Station_01,Inv_00,20170808,15:53:00,230.5,4.2,968,211.0,4.1,865,25858,16497,43.3,292.0
Station_01,Inv_00,20170808,15:54:00,232.0,3.2,742,211.0,3.4,717,25858,16497,41.7,238.0
Station_01,Inv_00,20170808,15:55:00,231.0,3.2,739,212.0,3.3,700,25858,16497,41.0,228.0
Station_01,Inv_00,20170808,15:56:00,240.0,3.2,768,212.0,3.5,742,25858,16497,40.4,232.0
Station_01,Inv_00,20170808,15:57:00,232.5,3.2,744,211.0,3.3,696,25858,16497,39.4,225.0
Station_01,Inv_00,20170808,15:58:00,232.0,3.2,742,212.0,3.3,700,25858,16497,38.8,225.0
Station_01,Inv_00,20170808,15:59:00,242.0,7.7,1863,213.0,8.2,1747,25858,16497,38.9,325.0
Station_01,Inv_00,20170808,16:00:00,237.5,8.3,1971,213.0,8.7,1853,25858,16497,40.5,533.0
Station_01,Inv_00,20170808,16:01:00,236.5,8.3,1963,212.0,8.7,1844,25858,16497,41.6,532.0
Station_01,Inv_00,20170808,16:02:00,231.4,5.0,1157,212.0,5.2,1102,25858,16497,42.0,375.0
Station_01,Inv_00,20170808,16:03:00,228.8,3.8,869,212.0,3.9,827,25858,16497,40.4,273.0
Station_01,Inv_00,20170808,16:04:00,226.3,3.8,860,212.0,3.9,827,25858,16497,39.7,253.0
Station_01,Inv_00,20170808,16:05:00,232.5,4.6,1070,211.0,4.6,971,25858,16497,39.6,303.0
Station_01,Inv_00,20170808,16:06:00,238.4,2.6,620,212.0,2.9,615,25858,16497,39.1,207.0
Station_01,Inv_00,20170808,16:07:00,237.0,2.4,569,211.0,2.5,528,25858,16497,38.4,189.0
Station_01,Inv_00,20170808,16:08:00,228.5,2.4,548,211.0,2.5,528,25858,16497,38.3,184.0
Station_01,Inv_00,20170808,16:09:00,237.5,2.5,594,212.0,2.6,551,25858,16497,37.5,182.0
Station_01,Inv_00,20170808,16:10:00,244.9,5.0,1224,212.0,5.1,1081,25858,16497,37.9,290.0
Station_01,Inv_00,20170808,16:11:00,243.8,4.6,1122,212.0,4.8,1018,25858,16497,38.7,305.0
Station_01,Inv_00,20170808,16:12:00,230.0,4.9,1127,212.0,5.0,1060,25858,16497,38.4,317.0
Station_01,Inv_00,20170808,16:13:00,237.5,4.2,998,210.0,4.3,903,25858,16497,38.9,295.0
Station_01,Inv_00,20170808,16:14:00,241.4,4.7,1135,210.0,5.1,1071,25858,16497,38.5,301.0
Station_01,Inv_00,20170808,16:15:00,243.0,7.3,1774,210.0,7.8,1638,25858,16497,40.3,473.0
Station_01,Inv_00,20170808,16:16:00,242.0,6.3,1525,210.0,6.8,1428,25858,16497,40.6,442.0
Station_01,Inv_00,20170808,16:17:00,240.3,3.4,817,210.0,3.6,756,25858,16497,39.7,270.0
Station_01,Inv_00,20170808,16:18:00,232.0,5.0,1160,210.0,5.0,1050,25858,16497,39.3,282.0
Station_01,Inv_00,20170808,16:19:00,239.0,6.7,1601,210.0,7.1,1491,25858,16497,40.6,433.0
Station_01,Inv_00,20170808,16:20:00,237.5,6.7,1591,210.0,7.0,1470,25858,16497,41.6,432.0
Station_01,Inv_00,20170808,16:21:00,237.5,6.7,1591,210.0,7.2,1512,25858,16497,41.6,428.0
Station_01,Inv_00,20170808,16:22:00,239.5,4.3,1030,210.0,4.5,945,25858,16497,40.9,316.0
Station_01,Inv_00,20170808,16:23:00,236.9,3.7,877,210.0,3.9,819,25858,16497,39.8,277.0
Station_01,Inv_00,20170808,16:24:00,239.5,4.2,1006,210.0,4.3,903,25858,16497,40.0,270.0
Station_01,Inv_00,20170808,16:25:00,240.0,3.0,720,209.0,3.2,669,25858,16497,39.5,226.0
Station_01,Inv_00,20170808,16:26:00,238.5,2.7,644,210.0,3.0,630,25858,16497,39.0,201.0
Station_01,Inv_00,20170808,16:27:00,237.0,2.6,616,210.0,2.8,588,25858,16497,38.4,192.0
Station_01,Inv_00,20170808,16:28:00,233.5,2.9,677,210.0,3.0,630,25858,16497,37.5,196.0
Station_01,Inv_00,20170808,16:29:00,241.9,2.8,677,210.0,3.1,651,25858,16497,37.4,208.0
Station_01,Inv_00,20170808,16:30:00,242.5,3.5,849,210.0,3.6,756,25858,16497,37.3,223.0
Station_01,Inv_00,20170808,16:31:00,245.5,4.3,1056,210.0,4.3,903,25858,16497,37.7,216.0
Station_01,Inv_00,20170808,16:32:00,242.0,2.3,557,210.0,2.4,504,25858,16497,37.1,157.0
Station_01,Inv_00,20170808,16:33:00,237.0,4.0,948,210.0,4.2,882,25858,16497,37.4,264.0
Station_01,Inv_00,20170808,16:34:00,234.9,2.4,564,210.0,2.5,525,25858,16497,38.0,230.0
Station_01,Inv_00,20170808,16:35:00,244.6,5.1,1248,210.0,5.5,1155,25858,16497,38.2,321.0
Station_01,Inv_00,20170808,16:36:00,238.5,3.7,882,210.0,3.9,819,25858,16497,38.4,274.0
Station_01,Inv_00,20170808,16:37:00,232.5,5.6,1302,210.0,5.7,1197,25858,16497,39.0,309.0
Station_01,Inv_00,20170808,16:38:00,239.9,5.2,1247,210.0,5.4,1134,25858,16497,39.5,335.0
Station_01,Inv_00,20170808,16:39:00,240.9,5.1,1229,210.0,5.6,1176,25858,16497,39.0,355.0
Station_01,Inv_00,20170808,16:40:00,238.0,4.4,1047,210.0,4.6,966,25858,16497,39.3,296.0
Station_01,Inv_00,20170808,16:41:00,243.0,4.8,1166,210.0,5.1,1071,25858,16497,39.5,331.0
Station_01,Inv_00,20170808,16:42:00,231.5,5.1,1181,210.0,5.3,1113,25858,16497,40.0,338.0
Station_01,Inv_00,20170808,16:43:00,234.0,4.7,1100,210.0,4.9,1029,25858,16497,39.2,270.0
Station_01,Inv_00,20170808,16:44:00,233.3,2.8,653,210.0,3.0,630,25859,16498,39.4,214.0
Station_01,Inv_00,20170808,16:45:00,241.4,4.7,1135,210.0,5.1,1071,25859,16498,39.7,315.0
Station_01,Inv_00,20170808,16:46:00,236.5,4.6,1088,210.0,4.8,1008,25859,16498,40.0,315.0
Station_01,Inv_00,20170808,16:47:00,237.9,3.2,761,210.0,3.3,693,25859,16498,39.7,237.0
Station_01,Inv_00,20170808,16:48:00,236.9,2.4,569,210.0,2.6,546,25859,16498,39.4,185.0
Station_01,Inv_00,20170808,16:49:00,208.1,3.7,770,210.0,4.0,840,25859,16498,39.4,275.0
Station_01,Inv_00,20170808,16:50:00,231.3,2.1,486,210.0,2.2,462,25859,16498,38.5,160.0
Station_01,Inv_00,20170808,16:51:00,231.9,2.1,487,210.0,2.1,441,25859,16498,37.8,154.0
Station_01,Inv_00,20170808,16:52:00,231.7,2.1,487,211.0,2.2,464,25859,16498,37.1,158.0
Station_01,Inv_00,20170808,16:53:00,230.5,2.2,507,211.0,2.3,485,25859,16498,36.7,163.0
Station_01,Inv_00,20170808,16:54:00,236.1,4.0,944,211.0,4.1,865,25859,16498,36.6,290.0
Station_01,Inv_00,20170808,16:55:00,236.5,2.2,520,211.0,2.4,506,25859,16498,36.7,179.0
Station_01,Inv_00,20170808,16:56:00,240.9,2.1,506,211.0,2.2,464,25859,16498,36.7,168.0
Station_01,Inv_00,20170808,16:57:00,230.5,3.2,738,212.0,3.3,700,25859,16498,36.3,222.0
Station_01,Inv_00,20170808,16:58:00,232.0,2.0,464,211.0,2.2,464,25859,16498,36.3,189.0
Station_01,Inv_00,20170808,16:59:00,233.5,3.2,747,211.0,3.3,696,25859,16498,36.2,238.0
Station_01,Inv_00,20170808,17:00:00,236.5,3.2,757,211.0,3.4,717,25859,16498,36.2,234.0
Station_01,Inv_00,20170808,17:01:00,241.1,3.3,796,212.0,3.5,742,25859,16498,35.8,229.0
Station_01,Inv_00,20170808,17:02:00,231.5,3.5,810,213.0,3.6,767,25859,16498,36.4,252.0
Station_01,Inv_00,20170808,17:03:00,234.2,3.5,820,214.0,3.6,770,25859,16498,36.2,254.0
Station_01,Inv_00,20170808,17:04:00,241.9,3.4,823,214.0,3.6,770,25859,16498,36.2,246.0
Station_01,Inv_00,20170808,17:05:00,230.4,3.4,783,214.0,3.5,749,25859,16498,36.1,254.0
Station_01,Inv_00,20170808,17:06:00,235.9,3.2,755,213.0,3.2,682,25859,16498,35.9,220.0
Station_01,Inv_00,20170808,17:07:00,233.9,3.2,749,213.0,3.3,703,25859,16498,35.9,198.0
Station_01,Inv_00,20170808,17:08:00,238.5,3.0,716,216.0,3.1,670,25859,16498,35.8,145.0
Station_01,Inv_00,20170808,17:09:00,236.8,2.9,687,216.0,3.0,648,25859,16498,35.6,130.0
Station_01,Inv_00,20170808,17:10:00,239.5,2.8,671,216.0,2.9,626,25859,16498,35.6,122.0
Station_01,Inv_00,20170808,17:11:00,242.0,2.5,605,215.0,2.6,559,25859,16498,35.3,116.0
Station_01,Inv_00,20170808,17:12:00,228.9,2.5,572,215.0,2.5,538,25859,16498,35.1,110.0
Station_01,Inv_00,20170808,17:13:00,241.0,2.2,530,215.0,2.4,516,25859,16498,34.6,106.0
Station_01,Inv_00,20170808,17:14:00,230.4,2.3,530,215.0,2.3,494,25859,16498,34.4,104.0
Station_01,Inv_00,20170808,17:15:00,229.8,2.1,483,215.0,2.1,452,25859,16498,34.3,100.0
Station_01,Inv_00,20170808,17:16:00,227.1,2.1,477,215.0,2.1,452,25859,16498,34.3,98.0
Station_01,Inv_00,20170808,17:17:00,224.9,1.7,382,214.0,1.8,385,25859,16498,34.0,97.0
Station_01,Inv_00,20170808,17:18:00,233.8,1.3,304,214.0,1.5,321,25859,16498,33.8,96.0
Station_01,Inv_00,20170808,17:19:00,242.0,1.5,363,214.0,1.7,364,25859,16498,33.6,96.0
Station_01,Inv_00,20170808,17:20:00,214.9,1.5,322,217.0,1.5,326,25859,16498,33.4,96.0
Station_01,Inv_00,20170808,17:21:00,213.5,1.6,342,217.0,1.5,326,25859,16498,33.3,95.0
Station_01,Inv_00,20170808,17:22:00,225.8,1.5,339,217.0,1.5,326,25859,16498,33.3,95.0
Station_01,Inv_00,20170808,17:23:00,240.3,1.4,336,217.0,1.6,347,25859,16498,33.3,94.0
Station_01,Inv_00,20170808,17:24:00,201.0,1.5,302,217.0,1.4,304,25859,16498,33.2,93.0
Station_01,Inv_00,20170808,17:25:00,244.0,1.5,366,217.0,1.5,326,25859,16498,33.0,93.0
Station_01,Inv_00,20170808,17:26:00,244.6,1.5,367,218.0,1.5,327,25859,16498,32.9,94.0
Station_01,Inv_00,20170808,17:27:00,244.0,1.4,342,218.0,1.5,327,25859,16498,32.9,94.0
Station_01,Inv_00,20170808,17:28:00,227.6,1.3,296,217.0,1.4,304,25859,16498,32.9,92.0
Station_01,Inv_00,20170808,17:29:00,238.2,1.3,310,217.0,1.4,304,25859,16498,32.9,97.0
Station_01,Inv_00,20170808,17:30:00,233.4,1.3,303,217.0,1.4,304,25859,16498,32.9,92.0
Station_01,Inv_00,20170808,17:31:00,230.7,1.3,300,218.0,1.4,305,25859,16498,32.8,93.0
Station_01,Inv_00,20170808,17:32:00,228.5,1.1,251,217.0,1.2,260,25859,16498,32.8,92.0
Station_01,Inv_00,20170808,17:33:00,237.0,1.0,237,217.0,1.1,239,25859,16498,32.7,90.0
Station_01,Inv_00,20170808,17:34:00,191.4,1.1,211,217.0,1.0,217,25859,16498,32.8,100.0
Station_01,Inv_00,20170808,17:35:00,189.5,1.1,208,217.0,1.0,217,25859,16498,32.7,85.0
Station_01,Inv_00,20170808,17:36:00,211.0,0.9,190,217.0,1.0,217,25859,16498,32.8,82.0
Station_01,Inv_00,20170808,17:37:00,234.1,0.9,211,217.0,1.0,217,25859,16498,32.6,83.0
Station_01,Inv_00,20170808,17:38:00,243.8,0.9,219,217.0,1.0,217,25859,16498,32.5,77.0
Station_01,Inv_00,20170808,17:39:00,241.0,0.8,193,217.0,1.0,217,25859,16498,32.5,76.0
Station_01,Inv_00,20170808,17:40:00,241.8,0.8,193,216.0,1.0,216,25859,16498,32.5,76.0
Station_01,Inv_00,20170808,17:41:00,217.0,0.8,174,216.0,0.9,194,25859,16498,32.4,74.0
Station_01,Inv_00,20170808,17:42:00,233.5,0.8,187,216.0,0.9,194,25859,16498,32.3,71.0
Station_01,Inv_00,20170808,17:43:00,234.9,0.7,164,217.0,0.9,195,25859,16498,32.2,71.0
Station_01,Inv_00,20170808,17:44:00,236.7,0.7,166,217.0,0.8,174,25859,16498,32.2,69.0
Station_01,Inv_00,20170808,17:45:00,217.5,0.6,131,217.0,0.8,174,25859,16498,32.2,68.0
Station_01,Inv_00,20170808,17:46:00,229.4,0.7,161,216.0,0.8,173,25859,16498,32.1,66.0
Station_01,Inv_00,20170808,17:47:00,190.0,0.6,114,216.0,0.6,130,25859,16498,32.0,65.0
Station_01,Inv_00,20170808,17:48:00,226.0,0.6,136,216.0,0.8,173,25859,16498,32.0,64.0
Station_01,Inv_00,20170808,17:49:00,218.5,0.6,131,216.0,0.7,151,25859,16498,32.0,64.0
Station_01,Inv_00,20170808,17:50:00,238.4,0.5,119,216.0,0.7,151,25859,16498,31.9,62.0
Station_01,Inv_00,20170808,17:51:00,218.0,0.6,131,217.0,0.7,152,25859,16498,31.9,61.0
Station_01,Inv_00,20170808,17:52:00,227.5,0.6,137,216.0,0.7,151,25859,16498,31.8,59.0
Station_01,Inv_00,20170808,17:53:00,236.6,0.5,118,216.0,0.7,151,25859,16498,31.8,59.0
Station_01,Inv_00,20170808,17:54:00,228.0,0.6,137,217.0,0.7,152,25859,16498,31.7,58.0
Station_01,Inv_00,20170808,17:55:00,234.0,0.5,117,217.0,0.6,130,25859,16498,31.6,56.0
Station_01,Inv_00,20170808,17:56:00,232.4,0.5,116,217.0,0.6,130,25859,16498,31.6,55.0
Station_01,Inv_00,20170808,17:57:00,233.2,0.5,117,218.0,0.6,131,25859,16498,31.6,55.0
Station_01,Inv_00,20170808,17:58:00,230.0,0.5,115,218.0,0.6,131,25859,16498,31.5,54.0
Station_01,Inv_00,20170808,17:59:00,222.0,0.4,89,218.0,0.6,131,25859,16498,31.5,53.0
Station_01,Inv_00,20170808,18:00:00,229.8,0.5,115,218.0,0.6,131,25859,16498,31.4,53.0
Station_01,Inv_00,20170808,18:01:00,229.0,0.4,92,218.0,0.5,109,25859,16498,31.4,52.0
Station_01,Inv_00,20170808,18:02:00,226.5,0.4,91,218.0,0.6,131,25859,16498,31.4,51.0
Station_01,Inv_00,20170808,18:03:00,217.0,0.5,109,218.0,0.5,109,25859,16498,31.4,50.0
Station_01,Inv_00,20170808,18:04:00,223.5,0.4,89,219.0,0.5,110,25859,16498,31.3,49.0
Station_01,Inv_00,20170808,18:05:00,199.5,0.4,80,219.0,0.5,110,25859,16498,31.3,48.0
Station_01,Inv_00,20170808,18:06:00,218.3,0.4,87,219.0,0.5,110,25859,16498,31.2,46.0
Station_01,Inv_00,20170808,18:07:00,184.0,0.4,74,218.0,0.5,109,25859,16498,31.2,45.0
Station_01,Inv_00,20170808,18:08:00,227.0,0.4,91,218.0,0.5,109,25859,16498,31.1,44.0
Station_01,Inv_00,20170808,18:09:00,225.5,0.4,90,218.0,0.5,109,25859,16498,31.0,43.0
Station_01,Inv_00,20170808,18:10:00,214.7,0.3,64,218.0,0.5,109,25859,16498,30.9,42.0
Station_01,Inv_00,20170808,18:11:00,212.0,0.3,64,216.0,0.5,108,25859,16498,30.9,40.0
Station_01,Inv_00,20170808,18:12:00,204.3,0.3,61,217.0,0.5,109,25859,16498,30.9,39.0
Station_01,Inv_00,20170808,18:13:00,213.5,0.2,43,217.0,0.5,109,25859,16498,30.8,38.0
Station_01,Inv_00,20170808,18:14:00,201.0,0.2,40,217.0,0.5,109,25859,16498,30.7,37.0
Station_01,Inv_00,20170808,18:15:00,182.3,0.3,55,217.0,0.4,87,25859,16498,30.7,35.0
Station_01,Inv_00,20170808,18:16:00,188.0,0.3,56,218.0,0.4,87,25859,16498,30.6,34.0
Station_01,Inv_00,20170808,18:17:00,197.5,0.2,40,217.0,0.4,87,25859,16498,30.5,33.0
Station_01,Inv_00,20170808,18:18:00,209.0,0.2,42,217.0,0.4,87,25859,16498,30.5,32.0
Station_01,Inv_00,20170808,18:19:00,217.0,0.2,43,217.0,0.4,87,25859,16498,30.4,31.0
Station_01,Inv_00,20170808,18:20:00,220.0,0.2,44,217.0,0.4,87,25859,16498,30.4,31.0
Station_01,Inv_00,20170808,18:21:00,208.0,0.2,42,217.0,0.4,87,25859,16498,30.3,29.0
Station_01,Inv_00,20170808,18:22:00,211.5,0.2,42,216.0,0.4,86,25859,16498,30.3,29.0
Station_01,Inv_00,20170808,18:23:00,200.5,0.2,40,216.0,0.4,86,25859,16498,30.2,28.0
Station_01,Inv_00,20170808,18:24:00,0.0,0.0,0,216.0,0.4,86,25859,16498,30.2,27.0
Station_01,Inv_00,20170808,18:25:00,0.0,0.0,0,216.0,0.4,86,25859,16498,30.2,26.0
Station_01,Inv_00,20170808,18:26:00,0.0,0.0,0,216.0,0.4,86,25859,16498,30.1,25.0
Station_01,Inv_00,20170808,18:27:00,0.0,0.0,0,0.0,0.0,0,25859,16498,30.0,25.0
Station_01,Inv_00,20170808,18:28:00,0.0,0.0,0,0.0,0.0,0,25859,16498,30.0,24.0
Station_01,Inv_00,20170808,18:29:00,0.0,0.0,0,0.0,0.0,0,25859,16498,29.9,23.0
Station_01,Inv_00,20170808,18:30:00,0.0,0.0,0,0.0,0.0,0,25859,16498,29.9,22.0
Station_01,Inv_00,20170808,18:31:00,0.0,0.0,0,221.0,0.2,44,25859,16498,29.9,21.0
Station_01,Inv_00,20170808,18:32:00,0.0,0.0,0,221.0,0.2,44,25859,16498,29.8,21.0
Station_01,Inv_00,20170808,18:33:00,0.0,0.0,0,221.0,0.2,44,25859,16498,29.7,20.0
Station_01,Inv_00,20170808,18:34:00,0.0,0.0,0,221.0,0.2,44,25859,16498,29.7,20.0
Station_01,Inv_00,20170808,18:35:00,0.0,0.0,0,221.0,0.2,44,25859,16498,29.7,19.0
Station_01,Inv_00,20170808,18:36:00,0.0,0.0,0,221.0,0.2,44,25859,16498,29.6,19.0
Station_01,Inv_00,20170808,18:37:00,0.0,0.0,0,221.0,0.2,44,25859,16498,29.6,19.0
Station_01,Inv_00,20170808,18:38:00,0.0,0.0,0,221.0,0.2,44,25859,16498,29.5,19.0
Station_01,Inv_00,20170808,18:39:00,0.0,0.0,0,221.0,0.2,44,25859,16498,29.5,18.0
Station_01,Inv_00,20170808,18:40:00,0.0,0.0,0,221.0,0.2,44,25859,16498,29.5,18.0
Station_01,Inv_00,20170808,18:41:00,0.0,0.0,0,221.0,0.2,44,25859,16498,29.4,18.0
Station_01,Inv_00,20170808,18:42:00,0.0,0.0,0,221.0,0.2,44,25859,16498,29.5,18.0
Station_01,Inv_00,20170808,18:43:00,0.0,0.0,0,221.0,0.2,44,25859,16498,29.4,18.0
Station_01,Inv_00,20170808,18:44:00,0.0,0.0,0,221.0,0.2,44,25859,16498,29.3,18.0
Station_01,Inv_00,20170808,18:45:00,0.0,0.0,0,221.0,0.2,44,25859,16498,29.4,18.0
Station_01,Inv_00,20170808,18:46:00,0.0,0.0,0,221.0,0.2,44,25859,16498,29.3,18.0
Station_01,Inv_00,20170808,18:47:00,0.0,0.0,0,221.0,0.2,44,25859,16498,29.4,17.0
Station_01,Inv_00,20170808,18:48:00,0.0,0.0,0,221.0,0.2,44,25859,16498,29.3,17.0
Station_01,Inv_00,20170808,18:49:00,0.0,0.0,0,221.0,0.2,44,25859,16498,29.2,17.0
Station_01,Inv_00,20170808,18:50:00,0.0,0.0,0,221.0,0.2,44,25859,16498,29.2,18.0
Station_01,Inv_00,20170808,18:51:00,0.0,0.0,0,221.0,0.2,44,25859,16498,29.3,18.0
Station_01,Inv_00,20170808,18:52:00,0.0,0.0,0,221.0,0.2,44,25859,16498,29.3,18.0
Station_01,Inv_00,20170808,18:53:00,0.0,0.0,0,221.0,0.2,44,25859,16498,29.3,17.0
Station_01,Inv_00,20170808,18:54:00,0.0,0.0,0,221.0,0.2,44,25859,16498,29.2,18.0
Station_01,Inv_00,20170808,18:55:00,0.0,0.0,0,221.0,0.2,44,25859,16498,29.2,18.0
Station_01,Inv_00,20170808,18:56:00,0.0,0.0,0,221.0,0.2,44,25859,16498,29.3,17.0
Station_01,Inv_00,20170808,18:57:00,0.0,0.0,0,221.0,0.2,44,25859,16498,29.2,18.0
Station_01,Inv_00,20170808,18:58:00,0.0,0.0,0,221.0,0.2,44,25859,16498,29.2,18.0
Station_01,Inv_00,20170808,18:59:00,0.0,0.0,0,221.0,0.2,44,25859,16498,29.2,18.0
Station_01,Inv_00,20170808,19:00:00,0.0,0.0,0,221.0,0.2,44,25859,16498,29.2,18.0
Station_01,Inv_00,20170808,19:01:00,0.0,0.0,0,221.0,0.2,44,25859,16498,29.1,18.0
Station_01,Inv_00,20170808,19:02:00,0.0,0.0,0,221.0,0.2,44,25859,16498,29.2,17.0
Station_01,Inv_00,20170808,19:03:00,0.0,0.0,0,221.0,0.2,44,25859,16498,29.0,18.0
Station_01,Inv_00,20170808,19:04:00,0.0,0.0,0,221.0,0.2,44,25859,16498,29.0,17.0
Station_01,Inv_00,20170808,19:05:00,0.0,0.0,0,221.0,0.2,44,25859,16498,29.0,17.0
Station_01,Inv_00,20170808,19:06:00,0.0,0.0,0,221.0,0.2,44,25859,16498,29.1,17.0
Station_01,Inv_00,20170808,19:07:00,0.0,0.0,0,221.0,0.2,44,25859,16498,29.0,18.0
Station_01,Inv_00,20170808,19:08:00,0.0,0.0,0,221.0,0.2,44,25859,16498,29.0,18.0
Station_01,Inv_00,20170808,19:09:00,0.0,0.0,0,221.0,0.2,44,25859,16498,29.0,18.0
Station_01,Inv_00,20170808,19:10:00,0.0,0.0,0,221.0,0.2,44,25859,16498,29.0,18.0
Station_01,Inv_00,20170808,19:11:00,0.0,0.0,0,221.0,0.2,44,25859,16498,29.0,18.0
Station_01,Inv_00,20170808,19:12:00,0.0,0.0,0,221.0,0.2,44,25859,16498,29.0,18.0
Station_01,Inv_00,20170808,19:13:00,0.0,0.0,0,221.0,0.2,44,25859,16498,29.0,18.0
Station_01,Inv_00,20170808,19:14:00,0.0,0.0,0,221.0,0.2,44,25859,16498,28.9,18.0
Station_01,Inv_00,20170808,19:15:00,0.0,0.0,0,221.0,0.2,44,25859,16498,28.9,18.0
Station_01,Inv_00,20170808,19:16:00,0.0,0.0,0,221.0,0.2,44,25859,16498,28.8,19.0
Station_01,Inv_00,20170808,19:17:00,0.0,0.0,0,221.0,0.2,44,25859,16498,28.8,17.0
Station_01,Inv_00,20170808,19:18:00,0.0,0.0,0,221.0,0.2,44,25859,16498,28.7,17.0
Station_01,Inv_00,20170808,19:19:00,0.0,0.0,0,221.0,0.2,44,25859,16498,28.6,17.0
Station_01,Inv_00,20170808,19:20:00,0.0,0.0,0,221.0,0.2,44,25859,16498,28.6,17.0
Station_01,Inv_00,20170808,19:21:00,0.0,0.0,0,221.0,0.2,44,25859,16498,28.5,17.0
Station_01,Inv_00,20170808,19:22:00,0.0,0.0,0,221.0,0.2,44,25859,16498,28.5,17.0
Station_01,Inv_00,20170808,19:23:00,0.0,0.0,0,221.0,0.2,44,25859,16498,28.5,17.0
Station_01,Inv_00,20170808,19:24:00,0.0,0.0,0,221.0,0.2,44,25859,16498,28.5,17.0
Station_01,Inv_00,20170808,19:25:00,0.0,0.0,0,221.0,0.2,44,25859,16498,28.6,17.0
Station_01,Inv_00,20170808,19:26:00,0.0,0.0,0,221.0,0.2,44,25859,16498,28.6,17.0
Station_01,Inv_00,20170808,19:27:00,0.0,0.0,0,221.0,0.2,44,25859,16498,28.5,17.0
Station_01,Inv_00,20170808,19:28:00,0.0,0.0,0,221.0,0.2,44,25859,16498,28.5,18.0
Station_01,Inv_00,20170808,19:29:00,0.0,0.0,0,221.0,0.2,44,25859,16498,28.5,17.0
Station_01,Inv_00,20170808,19:30:00,0.0,0.0,0,221.0,0.2,44,25859,16498,28.4,17.0
Station_01,Inv_00,20170808,19:31:00,0.0,0.0,0,221.0,0.2,44,25859,16498,28.3,19.0
Station_01,Inv_00,20170808,19:32:00,0.0,0.0,0,221.0,0.2,44,25859,16498,28.3,17.0
Station_01,Inv_00,20170808,19:33:00,0.0,0.0,0,221.0,0.2,44,25859,16498,28.3,17.0
Station_01,Inv_00,20170808,19:34:00,0.0,0.0,0,221.0,0.2,44,25859,16498,28.2,17.0
Station_01,Inv_00,20170808,19:35:00,0.0,0.0,0,221.0,0.2,44,25859,16498,28.3,17.0
Station_01,Inv_00,20170808,19:36:00,0.0,0.0,0,221.0,0.2,44,25859,16498,28.2,18.0
Station_01,Inv_00,20170808,19:37:00,0.0,0.0,0,221.0,0.2,44,25859,16498,28.1,17.0
Station_01,Inv_00,20170808,19:38:00,0.0,0.0,0,221.0,0.2,44,25859,16498,28.1,17.0
Station_01,Inv_00,20170808,19:39:00,0.0,0.0,0,221.0,0.2,44,25859,16498,28.1,17.0
Station_01,Inv_00,20170808,19:40:00,0.0,0.0,0,221.0,0.2,44,25859,16498,28.0,17.0
Station_01,Inv_00,20170808,19:41:00,0.0,0.0,0,221.0,0.2,44,25859,16498,28.0,17.0
Station_01,Inv_00,20170808,19:42:00,0.0,0.0,0,221.0,0.2,44,25859,16498,28.0,17.0
Station_01,Inv_00,20170808,19:43:00,0.0,0.0,0,221.0,0.2,44,25859,16498,28.0,17.0
Station_01,Inv_00,20170808,19:44:00,0.0,0.0,0,221.0,0.2,44,25859,16498,28.1,17.0
Station_01,Inv_00,20170808,19:45:00,0.0,0.0,0,221.0,0.2,44,25859,16498,28.0,17.0
Station_01,Inv_00,20170808,19:46:00,0.0,0.0,0,221.0,0.2,44,25859,16498,28.0,17.0
Station_01,Inv_00,20170808,19:47:00,0.0,0.0,0,221.0,0.2,44,25859,16498,28.0,17.0
Station_01,Inv_00,20170808,19:48:00,0.0,0.0,0,221.0,0.2,44,25859,16498,28.0,17.0
Station_01,Inv_00,20170808,19:49:00,0.0,0.0,0,221.0,0.2,44,25859,16498,28.1,17.0
Station_01,Inv_00,20170808,19:50:00,0.0,0.0,0,221.0,0.2,44,25859,16498,28.1,17.0
Station_01,Inv_00,20170808,19:51:00,0.0,0.0,0,221.0,0.2,44,25859,16498,28.1,17.0
Station_01,Inv_00,20170808,19:52:00,0.0,0.0,0,221.0,0.2,44,25859,16498,28.0,18.0
Station_01,Inv_00,20170808,19:53:00,0.0,0.0,0,221.0,0.2,44,25859,16498,28.2,17.0
Station_01,Inv_00,20170808,19:54:00,0.0,0.0,0,221.0,0.2,44,25859,16498,28.1,17.0
Station_01,Inv_00,20170808,19:55:00,0.0,0.0,0,221.0,0.2,44,25859,16498,28.1,18.0
Station_01,Inv_00,20170808,19:56:00,0.0,0.0,0,221.0,0.2,44,25859,16498,28.1,18.0
Station_01,Inv_00,20170808,19:57:00,0.0,0.0,0,221.0,0.2,44,25859,16498,28.1,18.0
Station_01,Inv_00,20170808,19:58:00,0.0,0.0,0,221.0,0.2,44,25859,16498,28.0,18.0
Station_01,Inv_00,20170808,19:59:00,0.0,0.0,0,221.0,0.2,44,25859,16498,28.1,17.0
Station_01,Inv_00,20170808,20:00:00,0.0,0.0,0,221.0,0.2,44,25859,16498,28.0,18.0
