Station_01,Inv_00,20170724,05:00:00,0.0,0.0,0,221.0,0.2,44,25623,16347,26.9,18.0
Station_01,Inv_00,20170724,05:01:00,0.0,0.0,0,221.0,0.2,44,25623,16347,26.9,18.0
Station_01,Inv_00,20170724,05:02:00,0.0,0.0,0,221.0,0.2,44,25623,16347,26.9,18.0
Station_01,Inv_00,20170724,05:03:00,0.0,0.0,0,221.0,0.2,44,25623,16347,26.9,18.0
Station_01,Inv_00,20170724,05:04:00,0.0,0.0,0,221.0,0.2,44,25623,16347,26.9,18.0
Station_01,Inv_00,20170724,05:05:00,0.0,0.0,0,221.0,0.2,44,25623,16347,26.9,19.0
Station_01,Inv_00,20170724,05:06:00,0.0,0.0,0,221.0,0.2,44,25623,16347,26.8,19.0
Station_01,Inv_00,20170724,05:07:00,0.0,0.0,0,221.0,0.2,44,25623,16347,26.8,18.0
Station_01,Inv_00,20170724,05:08:00,0.0,0.0,0,221.0,0.2,44,25623,16347,26.9,19.0
Station_01,Inv_00,20170724,05:09:00,0.0,0.0,0,221.0,0.2,44,25623,16347,26.9,19.0
Station_01,Inv_00,20170724,05:10:00,0.0,0.0,0,221.0,0.2,44,25623,16347,26.8,19.0
Station_01,Inv_00,20170724,05:11:00,0.0,0.0,0,221.0,0.2,44,25623,16347,26.8,19.0
Station_01,Inv_00,20170724,05:12:00,0.0,0.0,0,221.0,0.2,44,25623,16347,26.8,19.0
Station_01,Inv_00,20170724,05:13:00,0.0,0.0,0,221.0,0.2,44,25623,16347,26.7,19.0
Station_01,Inv_00,20170724,05:14:00,0.0,0.0,0,221.0,0.2,44,25623,16347,26.7,19.0
Station_01,Inv_00,20170724,05:15:00,0.0,0.0,0,221.0,0.2,44,25623,16347,26.7,19.0
Station_01,Inv_00,20170724,05:16:00,0.0,0.0,0,221.0,0.2,44,25623,16347,26.7,19.0
Station_01,Inv_00,20170724,05:17:00,0.0,0.0,0,221.0,0.2,44,25623,16347,26.6,19.0
Station_01,Inv_00,20170724,05:18:00,0.0,0.0,0,221.0,0.2,44,25623,16347,26.6,19.0
Station_01,Inv_00,20170724,05:19:00,0.0,0.0,0,221.0,0.2,44,25623,16347,26.6,19.0
Station_01,Inv_00,20170724,05:20:00,0.0,0.0,0,221.0,0.2,44,25623,16347,26.5,19.0
Station_01,Inv_00,20170724,05:21:00,0.0,0.0,0,221.0,0.2,44,25623,16347,26.5,19.0
Station_01,Inv_00,20170724,05:22:00,0.0,0.0,0,221.0,0.2,44,25623,16347,26.4,20.0
Station_01,Inv_00,20170724,05:23:00,0.0,0.0,0,221.0,0.2,44,25623,16347,26.4,20.0
Station_01,Inv_00,20170724,05:24:00,0.0,0.0,0,221.0,0.2,44,25623,16347,26.4,20.0
Station_01,Inv_00,20170724,05:25:00,0.0,0.0,0,221.0,0.2,44,25623,16347,26.4,21.0
Station_01,Inv_00,20170724,05:26:00,0.0,0.0,0,221.0,0.2,44,25623,16347,26.4,488.0
Station_01,Inv_00,20170724,05:27:00,0.0,0.0,0,221.0,0.2,44,25623,16347,26.3,21.0
Station_01,Inv_00,20170724,05:28:00,0.0,0.0,0,221.0,0.2,44,25623,16347,26.3,22.0
Station_01,Inv_00,20170724,05:29:00,0.0,0.0,0,221.0,0.2,44,25623,16347,26.3,22.0
Station_01,Inv_00,20170724,05:30:00,0.0,0.0,0,221.0,0.2,44,25623,16347,26.3,23.0
Station_01,Inv_00,20170724,05:31:00,0.0,0.0,0,221.0,0.2,44,25623,16347,26.3,486.0
Station_01,Inv_00,20170724,05:32:00,0.0,0.0,0,221.0,0.2,44,25623,16347,26.4,24.0
Station_01,Inv_00,20170724,05:33:00,0.0,0.0,0,221.0,0.2,44,25623,16347,26.4,25.0
Station_01,Inv_00,20170724,05:34:00,0.0,0.0,0,221.0,0.2,44,25623,16347,26.4,25.0
Station_01,Inv_00,20170724,05:35:00,0.0,0.0,0,221.0,0.2,44,25623,16347,26.4,26.0
Station_01,Inv_00,20170724,05:36:00,0.0,0.0,0,222.0,0.5,111,25623,16347,26.4,27.0
Station_01,Inv_00,20170724,05:37:00,0.0,0.0,0,221.0,0.5,111,25623,16347,26.5,28.0
Station_01,Inv_00,20170724,05:38:00,0.0,0.0,0,222.0,0.5,111,25623,16347,26.6,28.0
Station_01,Inv_00,20170724,05:39:00,0.0,0.0,0,223.0,0.5,112,25623,16347,26.7,29.0
Station_01,Inv_00,20170724,05:40:00,0.0,0.0,0,223.0,0.5,112,25623,16347,26.7,30.0
Station_01,Inv_00,20170724,05:41:00,251.0,0.2,50,0.0,0.0,0,25623,16347,26.8,31.0
Station_01,Inv_00,20170724,05:42:00,232.0,0.2,46,217.0,0.5,109,25623,16347,26.8,32.0
Station_01,Inv_00,20170724,05:43:00,232.5,0.2,47,217.0,0.4,87,25623,16347,27.0,33.0
Station_01,Inv_00,20170724,05:44:00,227.5,0.2,46,217.0,0.4,87,25623,16347,26.9,33.0
Station_01,Inv_00,20170724,05:45:00,226.0,0.2,45,217.0,0.4,87,25623,16347,27.1,34.0
Station_01,Inv_00,20170724,05:46:00,202.0,0.2,40,217.0,0.4,87,25623,16347,27.1,34.0
Station_01,Inv_00,20170724,05:47:00,212.3,0.3,64,216.0,0.5,108,25623,16347,27.1,35.0
Station_01,Inv_00,20170724,05:48:00,194.3,0.3,58,217.0,0.5,109,25623,16347,27.2,35.0
Station_01,Inv_00,20170724,05:49:00,171.3,0.3,51,217.0,0.4,87,25623,16347,27.3,35.0
Station_01,Inv_00,20170724,05:50:00,202.7,0.3,61,217.0,0.4,87,25623,16347,27.4,36.0
Station_01,Inv_00,20170724,05:51:00,179.0,0.3,54,218.0,0.4,87,25623,16347,27.4,36.0
Station_01,Inv_00,20170724,05:52:00,201.3,0.3,60,218.0,0.5,109,25623,16347,27.5,37.0
Station_01,Inv_00,20170724,05:53:00,199.7,0.3,60,217.0,0.4,87,25623,16347,27.6,37.0
Station_01,Inv_00,20170724,05:54:00,223.7,0.3,67,216.0,0.5,108,25623,16347,27.6,38.0
Station_01,Inv_00,20170724,05:55:00,207.7,0.3,62,217.0,0.5,109,25623,16347,27.8,39.0
Station_01,Inv_00,20170724,05:56:00,192.0,0.3,58,217.0,0.5,109,25623,16347,27.8,40.0
Station_01,Inv_00,20170724,05:57:00,208.3,0.3,63,216.0,0.5,108,25623,16347,27.8,41.0
Station_01,Inv_00,20170724,05:58:00,158.3,0.3,48,217.0,0.4,87,25623,16347,27.9,42.0
Station_01,Inv_00,20170724,05:59:00,147.3,0.3,44,218.0,0.4,87,25623,16347,28.1,44.0
Station_01,Inv_00,20170724,06:00:00,155.3,0.3,47,218.0,0.5,109,25623,16347,28.2,48.0
Station_01,Inv_00,20170724,06:01:00,190.5,0.4,76,217.0,0.5,109,25623,16347,28.4,51.0
Station_01,Inv_00,20170724,06:02:00,223.0,0.4,89,215.0,0.5,108,25623,16347,28.6,53.0
Station_01,Inv_00,20170724,06:03:00,211.0,0.4,84,216.0,0.5,108,25623,16347,28.7,56.0
Station_01,Inv_00,20170724,06:04:00,222.0,0.5,111,216.0,0.6,130,25623,16347,28.8,58.0
Station_01,Inv_00,20170724,06:05:00,205.0,0.6,123,217.0,0.6,130,25623,16347,29.0,61.0
Station_01,Inv_00,20170724,06:06:00,230.0,0.6,138,216.0,0.7,151,25623,16347,29.1,65.0
Station_01,Inv_00,20170724,06:07:00,227.5,0.6,137,217.0,0.8,174,25623,16347,29.3,69.0
Station_01,Inv_00,20170724,06:08:00,220.0,0.7,154,217.0,0.9,195,25623,16347,29.5,73.0
Station_01,Inv_00,20170724,06:09:00,219.3,0.7,154,217.0,0.9,195,25623,16347,29.7,76.0
Station_01,Inv_00,20170724,06:10:00,206.0,0.8,165,217.0,0.9,195,25623,16347,29.8,78.0
Station_01,Inv_00,20170724,06:11:00,147.4,0.7,103,217.0,0.6,130,25623,16347,30.0,79.0
Station_01,Inv_00,20170724,06:12:00,209.1,0.7,146,216.0,0.9,194,25623,16347,30.1,78.0
Station_01,Inv_00,20170724,06:13:00,232.0,0.8,186,216.0,0.9,194,25623,16347,30.2,77.0
Station_01,Inv_00,20170724,06:14:00,212.0,0.8,170,217.0,0.9,195,25623,16347,30.3,74.0
Station_01,Inv_00,20170724,06:15:00,197.0,0.7,138,217.0,0.8,174,25623,16347,30.3,69.0
Station_01,Inv_00,20170724,06:16:00,198.4,0.7,139,218.0,0.8,174,25623,16347,30.3,68.0
Station_01,Inv_00,20170724,06:17:00,226.4,0.7,159,218.0,0.9,196,25623,16347,30.4,71.0
Station_01,Inv_00,20170724,06:18:00,215.8,0.9,194,217.0,1.0,217,25623,16347,30.6,86.0
Station_01,Inv_00,20170724,06:19:00,220.0,1.0,220,216.0,1.0,216,25623,16347,30.8,92.0
Station_01,Inv_00,20170724,06:20:00,198.5,1.0,199,216.0,1.0,216,25623,16347,30.9,97.0
Station_01,Inv_00,20170724,06:21:00,224.9,1.1,247,216.0,1.1,238,25623,16347,31.0,101.0
Station_01,Inv_00,20170724,06:22:00,222.0,1.2,266,217.0,1.2,260,25623,16347,31.2,107.0
Station_01,Inv_00,20170724,06:23:00,234.7,1.3,305,217.0,1.4,304,25623,16347,31.2,113.0
Station_01,Inv_00,20170724,06:24:00,227.8,1.3,296,218.0,1.4,305,25623,16347,31.4,119.0
Station_01,Inv_00,20170724,06:25:00,231.5,1.3,301,218.0,1.4,305,25623,16347,31.7,120.0
Station_01,Inv_00,20170724,06:26:00,236.0,1.4,330,217.0,1.5,326,25623,16347,31.8,122.0
Station_01,Inv_00,20170724,06:27:00,238.9,1.4,334,217.0,1.5,326,25623,16347,32.0,122.0
Station_01,Inv_00,20170724,06:28:00,237.0,1.4,332,217.0,1.5,326,25623,16347,32.0,122.0
Station_01,Inv_00,20170724,06:29:00,231.5,1.4,324,217.0,1.5,326,25623,16347,32.3,123.0
Station_01,Inv_00,20170724,06:30:00,219.9,1.5,330,216.0,1.5,324,25623,16347,32.5,124.0
Station_01,Inv_00,20170724,06:31:00,214.7,1.8,386,216.0,1.6,346,25623,16347,32.6,141.0
Station_01,Inv_00,20170724,06:32:00,235.9,1.9,448,216.0,1.9,410,25623,16347,32.9,152.0
Station_01,Inv_00,20170724,06:33:00,238.9,1.9,454,216.0,2.0,432,25623,16347,33.2,161.0
Station_01,Inv_00,20170724,06:34:00,242.0,2.0,484,216.0,2.0,432,25623,16347,33.5,165.0
Station_01,Inv_00,20170724,06:35:00,242.0,2.0,484,216.0,2.0,432,25623,16347,33.5,170.0
Station_01,Inv_00,20170724,06:36:00,242.0,2.0,484,216.0,2.0,432,25623,16347,33.8,173.0
Station_01,Inv_00,20170724,06:37:00,242.0,2.0,484,216.0,2.0,432,25623,16347,34.0,176.0
Station_01,Inv_00,20170724,06:38:00,242.0,2.0,484,216.0,2.0,432,25623,16347,34.3,175.0
Station_01,Inv_00,20170724,06:39:00,242.0,2.0,484,216.0,2.0,432,25623,16347,34.3,180.0
Station_01,Inv_00,20170724,06:40:00,244.5,2.3,562,216.0,2.4,518,25623,16347,34.6,185.0
Station_01,Inv_00,20170724,06:41:00,223.4,2.3,514,216.0,2.3,497,25623,16347,34.7,188.0
Station_01,Inv_00,20170724,06:42:00,223.4,2.3,514,216.0,2.3,497,25623,16347,34.8,170.0
Station_01,Inv_00,20170724,06:43:00,225.0,2.3,518,216.0,2.4,518,25623,16347,34.9,183.0
Station_01,Inv_00,20170724,06:44:00,225.0,2.3,518,216.0,2.4,518,25623,16347,35.1,185.0
Station_01,Inv_00,20170724,06:45:00,225.0,2.3,518,216.0,2.4,518,25623,16347,35.3,189.0
Station_01,Inv_00,20170724,06:46:00,223.0,2.6,580,215.0,2.5,538,25623,16347,35.4,181.0
Station_01,Inv_00,20170724,06:47:00,223.0,2.6,580,215.0,2.5,538,25623,16347,35.4,184.0
Station_01,Inv_00,20170724,06:48:00,223.0,2.6,580,215.0,2.5,538,25623,16347,35.3,176.0
Station_01,Inv_00,20170724,06:49:00,243.0,2.5,607,217.0,2.5,543,25623,16347,35.6,208.0
Station_01,Inv_00,20170724,06:50:00,228.4,2.7,617,215.0,2.6,559,25623,16347,35.9,202.0
Station_01,Inv_00,20170724,06:51:00,230.0,2.4,552,216.0,2.5,540,25623,16347,35.8,185.0
Station_01,Inv_00,20170724,06:52:00,219.5,2.6,571,216.0,2.5,540,25623,16347,35.8,168.0
Station_01,Inv_00,20170724,06:53:00,219.5,2.6,571,216.0,2.5,540,25623,16347,35.6,164.0
Station_01,Inv_00,20170724,06:54:00,219.5,2.6,571,216.0,2.5,540,25623,16347,35.6,173.0
Station_01,Inv_00,20170724,06:55:00,219.5,2.6,571,216.0,2.5,540,25623,16347,35.7,170.0
Station_01,Inv_00,20170724,06:56:00,219.5,2.6,571,216.0,2.5,540,25623,16347,35.6,152.0
Station_01,Inv_00,20170724,06:57:00,242.9,1.9,462,217.0,2.0,434,25623,16347,35.2,146.0
Station_01,Inv_00,20170724,06:58:00,242.9,1.9,462,217.0,2.0,434,25623,16347,35.3,143.0
Station_01,Inv_00,20170724,06:59:00,242.9,1.9,462,217.0,2.0,434,25623,16347,35.2,141.0
Station_01,Inv_00,20170724,07:00:00,237.8,1.9,452,216.0,2.0,432,25623,16347,35.0,143.0
Station_01,Inv_00,20170724,07:01:00,234.0,1.9,445,216.0,2.1,454,25623,16347,34.9,148.0
Station_01,Inv_00,20170724,07:02:00,240.5,2.1,505,216.0,2.2,475,25623,16347,34.9,158.0
Station_01,Inv_00,20170724,07:03:00,240.5,2.1,505,216.0,2.2,475,25623,16347,35.0,166.0
Station_01,Inv_00,20170724,07:04:00,240.5,2.1,505,216.0,2.2,475,25623,16347,35.0,169.0
Station_01,Inv_00,20170724,07:05:00,240.5,2.1,505,216.0,2.2,475,25623,16347,35.0,167.0
Station_01,Inv_00,20170724,07:06:00,240.5,2.1,505,216.0,2.2,475,25623,16347,34.8,165.0
Station_01,Inv_00,20170724,07:07:00,240.5,2.1,505,216.0,2.2,475,25623,16347,34.6,162.0
Station_01,Inv_00,20170724,07:08:00,236.5,2.0,473,217.0,2.1,456,25623,16347,34.5,156.0
Station_01,Inv_00,20170724,07:09:00,236.5,2.0,473,217.0,2.1,456,25623,16347,34.2,149.0
Station_01,Inv_00,20170724,07:10:00,234.3,1.9,445,216.0,1.9,410,25623,16347,34.4,141.0
Station_01,Inv_00,20170724,07:11:00,243.0,1.8,437,217.0,1.9,412,25623,16347,34.2,137.0
Station_01,Inv_00,20170724,07:12:00,243.0,1.8,437,217.0,1.9,412,25623,16347,34.2,138.0
Station_01,Inv_00,20170724,07:13:00,243.0,1.8,437,217.0,1.9,412,25623,16347,34.1,144.0
Station_01,Inv_00,20170724,07:14:00,243.0,1.8,437,217.0,1.9,412,25623,16347,34.3,156.0
Station_01,Inv_00,20170724,07:15:00,243.0,1.8,437,217.0,1.9,412,25623,16347,34.3,174.0
Station_01,Inv_00,20170724,07:16:00,243.0,1.8,437,217.0,1.9,412,25623,16347,35.5,287.0
Station_01,Inv_00,20170724,07:17:00,236.4,4.3,1017,217.0,4.4,955,25623,16347,36.6,321.0
Station_01,Inv_00,20170724,07:18:00,236.4,4.3,1017,217.0,4.4,955,25623,16347,37.4,344.0
Station_01,Inv_00,20170724,07:19:00,236.4,4.3,1017,217.0,4.4,955,25623,16347,38.0,358.0
Station_01,Inv_00,20170724,07:20:00,246.5,5.1,1257,216.0,5.3,1145,25623,16347,38.8,362.0
Station_01,Inv_00,20170724,07:21:00,241.0,3.9,940,218.0,4.1,894,25623,16347,39.3,319.0
Station_01,Inv_00,20170724,07:22:00,239.0,3.4,813,218.0,3.6,785,25623,16347,39.3,230.0
Station_01,Inv_00,20170724,07:23:00,237.0,3.2,758,217.0,3.3,716,25623,16347,39.4,219.0
Station_01,Inv_00,20170724,07:24:00,236.0,3.2,755,218.0,3.2,698,25623,16347,38.9,221.0
Station_01,Inv_00,20170724,07:25:00,236.0,3.2,755,218.0,3.2,698,25623,16347,39.1,225.0
Station_01,Inv_00,20170724,07:26:00,236.0,3.2,755,218.0,3.2,698,25623,16347,39.3,230.0
Station_01,Inv_00,20170724,07:27:00,236.0,3.2,755,218.0,3.2,698,25623,16347,39.3,233.0
Station_01,Inv_00,20170724,07:28:00,236.0,3.2,755,218.0,3.2,698,25623,16347,39.4,241.0
Station_01,Inv_00,20170724,07:29:00,236.0,3.2,755,218.0,3.2,698,25623,16347,39.9,284.0
Station_01,Inv_00,20170724,07:30:00,235.0,5.4,1269,217.0,5.3,1150,25623,16347,41.0,358.0
Station_01,Inv_00,20170724,07:31:00,240.5,5.7,1371,216.0,6.0,1296,25623,16347,41.5,403.0
Station_01,Inv_00,20170724,07:32:00,240.5,5.7,1371,216.0,6.0,1296,25623,16347,42.7,413.0
Station_01,Inv_00,20170724,07:33:00,240.5,5.7,1371,216.0,6.0,1296,25623,16347,43.0,418.0
Station_01,Inv_00,20170724,07:34:00,240.5,5.7,1371,216.0,6.0,1296,25623,16347,44.3,426.0
Station_01,Inv_00,20170724,07:35:00,240.5,5.7,1371,216.0,6.0,1296,25623,16347,45.0,432.0
Station_01,Inv_00,20170724,07:36:00,238.0,6.3,1499,217.0,6.5,1411,25623,16347,45.7,447.0
Station_01,Inv_00,20170724,07:37:00,234.0,6.8,1591,219.0,6.9,1511,25623,16347,46.2,461.0
Station_01,Inv_00,20170724,07:38:00,234.0,6.8,1591,219.0,6.9,1511,25623,16347,46.8,464.0
Station_01,Inv_00,20170724,07:39:00,235.0,6.9,1621,218.0,6.9,1504,25623,16347,45.5,462.0
Station_01,Inv_00,20170724,07:40:00,235.5,6.7,1578,218.0,6.8,1482,25623,16347,47.1,459.0
Station_01,Inv_00,20170724,07:41:00,235.5,6.7,1578,217.0,6.9,1497,25623,16347,47.7,459.0
Station_01,Inv_00,20170724,07:42:00,234.5,6.7,1571,218.0,6.8,1482,25624,16348,48.1,457.0
Station_01,Inv_00,20170724,07:43:00,230.0,6.5,1495,217.0,6.5,1411,25624,16348,46.9,435.0
Station_01,Inv_00,20170724,07:44:00,230.0,6.5,1495,217.0,6.5,1411,25624,16348,46.7,423.0
Station_01,Inv_00,20170724,07:45:00,230.0,6.5,1495,217.0,6.5,1411,25624,16348,47.2,391.0
Station_01,Inv_00,20170724,07:46:00,230.0,6.5,1495,217.0,6.5,1411,25624,16348,45.5,294.0
Station_01,Inv_00,20170724,07:47:00,230.0,6.5,1495,217.0,6.5,1411,25624,16348,45.2,259.0
Station_01,Inv_00,20170724,07:48:00,230.0,6.5,1495,217.0,6.5,1411,25624,16348,44.1,244.0
Station_01,Inv_00,20170724,07:49:00,230.0,6.5,1495,217.0,6.5,1411,25624,16348,43.7,238.0
Station_01,Inv_00,20170724,07:50:00,230.0,3.7,851,217.0,3.7,803,25624,16348,42.4,242.0
Station_01,Inv_00,20170724,07:51:00,224.5,3.9,876,216.0,3.9,842,25624,16348,42.9,259.0
Station_01,Inv_00,20170724,07:52:00,224.5,3.9,876,216.0,3.9,842,25624,16348,42.5,327.0
Station_01,Inv_00,20170724,07:53:00,224.5,3.9,876,216.0,3.9,842,25624,16348,43.6,349.0
Station_01,Inv_00,20170724,07:54:00,234.4,5.8,1360,217.0,5.9,1280,25624,16348,43.8,353.0
Station_01,Inv_00,20170724,07:55:00,234.4,5.8,1360,217.0,5.9,1280,25624,16348,44.6,419.0
Station_01,Inv_00,20170724,07:56:00,207.0,5.3,1097,218.0,4.7,1025,25624,16348,44.6,378.0
Station_01,Inv_00,20170724,07:57:00,208.5,4.9,1022,218.0,4.2,916,25624,16348,43.6,270.0
Station_01,Inv_00,20170724,07:58:00,227.5,6.5,1479,217.0,6.4,1389,25624,16348,44.6,428.0
Station_01,Inv_00,20170724,07:59:00,222.5,6.1,1357,217.0,5.9,1280,25624,16348,44.9,331.0
Station_01,Inv_00,20170724,08:00:00,223.5,3.8,849,218.0,3.8,828,25624,16348,44.3,253.0
Station_01,Inv_00,20170724,08:01:00,221.0,3.9,862,217.0,3.8,825,25624,16348,43.8,256.0
Station_01,Inv_00,20170724,08:02:00,233.0,4.9,1142,216.0,4.9,1058,25624,16348,44.0,350.0
Station_01,Inv_00,20170724,08:03:00,228.5,4.1,937,216.0,4.1,886,25624,16348,44.3,288.0
Station_01,Inv_00,20170724,08:04:00,231.0,3.8,878,216.0,3.9,842,25624,16348,43.1,259.0
Station_01,Inv_00,20170724,08:05:00,233.5,3.5,817,216.0,3.6,778,25624,16348,43.1,238.0
Station_01,Inv_00,20170724,08:06:00,232.0,2.8,650,217.0,2.9,629,25624,16348,42.4,196.0
Station_01,Inv_00,20170724,08:07:00,236.5,2.4,568,217.0,2.5,543,25624,16348,41.4,172.0
Station_01,Inv_00,20170724,08:08:00,234.0,2.5,585,217.0,2.5,543,25624,16348,40.9,170.0
Station_01,Inv_00,20170724,08:09:00,233.5,2.4,560,216.0,2.5,540,25624,16348,40.8,171.0
Station_01,Inv_00,20170724,08:10:00,237.0,2.3,545,216.0,2.4,518,25624,16348,39.8,166.0
Station_01,Inv_00,20170724,08:11:00,245.0,4.7,1152,216.0,4.7,1015,25624,16348,40.7,388.0
Station_01,Inv_00,20170724,08:12:00,227.5,7.5,1706,217.0,7.3,1584,25624,16348,42.3,482.0
Station_01,Inv_00,20170724,08:13:00,223.4,7.6,1698,220.0,7.3,1606,25624,16348,43.6,498.0
Station_01,Inv_00,20170724,08:14:00,237.5,7.6,1805,220.0,7.7,1694,25624,16348,44.4,510.0
Station_01,Inv_00,20170724,08:15:00,237.5,7.6,1805,220.0,7.8,1716,25624,16348,45.4,516.0
Station_01,Inv_00,20170724,08:16:00,203.5,8.1,1648,220.0,7.1,1562,25624,16348,46.8,521.0
Station_01,Inv_00,20170724,08:17:00,201.5,8.3,1672,220.0,7.1,1562,25624,16348,47.8,526.0
Station_01,Inv_00,20170724,08:18:00,233.5,7.9,1845,221.0,8.0,1768,25624,16348,47.8,528.0
Station_01,Inv_00,20170724,08:19:00,218.5,8.3,1813,220.0,7.8,1716,25624,16348,47.7,536.0
Station_01,Inv_00,20170724,08:20:00,229.4,8.0,1835,221.0,7.9,1746,25624,16348,49.4,535.0
Station_01,Inv_00,20170724,08:21:00,224.4,8.2,1840,221.0,7.9,1746,25624,16348,49.9,539.0
Station_01,Inv_00,20170724,08:22:00,225.5,8.3,1872,221.0,7.9,1746,25624,16348,49.5,534.0
Station_01,Inv_00,20170724,08:23:00,231.0,7.6,1756,221.0,7.6,1680,25624,16348,49.7,520.0
Station_01,Inv_00,20170724,08:24:00,230.5,7.4,1705,220.0,7.2,1584,25624,16348,49.7,496.0
Station_01,Inv_00,20170724,08:25:00,230.4,7.0,1613,220.0,7.0,1540,25624,16348,50.5,460.0
Station_01,Inv_00,20170724,08:26:00,229.5,8.3,1905,220.0,8.2,1804,25624,16348,51.5,544.0
Station_01,Inv_00,20170724,08:27:00,205.0,9.1,1865,219.0,7.9,1730,25624,16348,52.1,571.0
Station_01,Inv_00,20170724,08:28:00,230.5,8.7,2005,219.0,8.7,1905,25625,16349,52.6,580.0
Station_01,Inv_00,20170724,08:29:00,228.5,9.3,2125,219.0,9.2,2015,25625,16349,54.0,609.0
Station_01,Inv_00,20170724,08:30:00,229.9,9.0,2069,219.0,9.0,1971,25625,16349,54.7,605.0
Station_01,Inv_00,20170724,08:31:00,207.5,9.5,1971,218.0,8.5,1853,25625,16349,54.3,601.0
Station_01,Inv_00,20170724,08:32:00,223.0,9.7,2163,218.0,9.4,2049,25625,16349,56.1,624.0
Station_01,Inv_00,20170724,08:33:00,220.0,10.2,2244,218.0,9.7,2115,25625,16349,56.5,654.0
Station_01,Inv_00,20170724,08:34:00,218.5,10.7,2338,219.0,10.0,2190,25625,16349,55.7,674.0
Station_01,Inv_00,20170724,08:35:00,218.5,10.9,2382,219.0,10.2,2234,25625,16349,56.8,682.0
Station_01,Inv_00,20170724,08:36:00,218.5,11.2,2447,218.0,10.4,2267,25625,16349,58.3,697.0
Station_01,Inv_00,20170724,08:37:00,203.5,11.5,2340,218.0,10.1,2202,25625,16349,58.3,705.0
Station_01,Inv_00,20170724,08:38:00,220.0,11.2,2464,218.0,10.6,2311,25625,16349,58.2,712.0
Station_01,Inv_00,20170724,08:39:00,222.9,11.1,2474,218.0,10.7,2333,25625,16349,59.0,712.0
Station_01,Inv_00,20170724,08:40:00,203.5,12.1,2462,218.0,10.6,2311,25625,16349,59.5,727.0
Station_01,Inv_00,20170724,08:41:00,218.9,11.4,2496,218.0,10.8,2354,25625,16349,60.1,724.0
Station_01,Inv_00,20170724,08:42:00,217.5,10.2,2219,218.0,9.6,2093,25625,16349,60.0,673.0
Station_01,Inv_00,20170724,08:43:00,218.0,6.3,1373,218.0,6.0,1308,25625,16349,59.5,431.0
Station_01,Inv_00,20170724,08:44:00,199.5,8.4,1676,219.0,7.4,1621,25625,16349,57.6,462.0
Station_01,Inv_00,20170724,08:45:00,203.5,6.1,1241,218.0,5.3,1155,25625,16349,56.5,399.0
Station_01,Inv_00,20170724,08:46:00,221.4,7.6,1683,218.0,7.2,1570,25625,16349,55.9,419.0
Station_01,Inv_00,20170724,08:47:00,221.5,7.0,1550,218.0,6.5,1417,25625,16349,56.1,463.0
Station_01,Inv_00,20170724,08:48:00,222.0,5.6,1243,218.0,5.4,1177,25625,16349,55.0,354.0
Station_01,Inv_00,20170724,08:49:00,228.5,5.8,1325,218.0,5.6,1221,25625,16349,53.6,362.0
Station_01,Inv_00,20170724,08:50:00,187.5,6.5,1219,218.0,5.2,1134,25625,16349,53.5,388.0
Station_01,Inv_00,20170724,08:51:00,188.5,10.4,1960,218.0,8.5,1853,25625,16349,54.9,649.0
Station_01,Inv_00,20170724,08:52:00,202.5,9.8,1985,219.0,8.6,1883,25625,16349,54.4,639.0
Station_01,Inv_00,20170724,08:53:00,207.0,6.8,1408,219.0,6.2,1358,25625,16349,55.7,480.0
Station_01,Inv_00,20170724,08:54:00,225.5,5.8,1308,219.0,5.6,1226,25625,16349,54.7,379.0
Station_01,Inv_00,20170724,08:55:00,213.0,5.8,1235,219.0,5.3,1161,25625,16349,54.7,384.0
Station_01,Inv_00,20170724,08:56:00,223.0,5.2,1159,219.0,4.9,1073,25625,16349,52.3,334.0
Station_01,Inv_00,20170724,08:57:00,218.9,5.0,1094,219.0,4.6,1007,25625,16349,52.5,321.0
Station_01,Inv_00,20170724,08:58:00,228.0,4.6,1049,219.0,4.5,986,25625,16349,51.2,308.0
Station_01,Inv_00,20170724,08:59:00,224.0,4.5,1008,219.0,4.4,964,25625,16349,49.0,298.0
Station_01,Inv_00,20170724,09:00:00,223.0,5.3,1182,219.0,5.1,1117,25625,16349,49.2,338.0
Station_01,Inv_00,20170724,09:01:00,223.0,10.2,2274,219.0,9.8,2146,25626,16349,50.6,634.0
Station_01,Inv_00,20170724,09:02:00,221.0,12.7,2807,219.0,11.9,2606,25626,16349,52.8,773.0
Station_01,Inv_00,20170724,09:03:00,223.0,12.1,2698,218.0,11.6,2529,25626,16349,53.6,768.0
Station_01,Inv_00,20170724,09:04:00,222.0,12.2,2708,219.0,11.6,2540,25626,16349,55.2,768.0
Station_01,Inv_00,20170724,09:05:00,219.5,12.8,2809,219.0,12.2,2672,25626,16349,55.6,798.0
Station_01,Inv_00,20170724,09:06:00,214.5,13.1,2810,219.0,12.0,2628,25626,16349,55.6,795.0
Station_01,Inv_00,20170724,09:07:00,219.5,10.9,2392,218.0,10.2,2224,25626,16349,57.5,665.0
Station_01,Inv_00,20170724,09:08:00,224.4,8.8,1975,218.0,8.3,1809,25626,16349,56.4,491.0
Station_01,Inv_00,20170724,09:09:00,225.0,10.4,2340,218.0,9.7,2115,25626,16349,55.9,519.0
Station_01,Inv_00,20170724,09:10:00,216.0,12.7,2743,217.0,11.8,2561,25626,16349,55.6,787.0
Station_01,Inv_00,20170724,09:11:00,219.5,11.3,2480,218.0,10.7,2333,25626,16349,56.0,750.0
Station_01,Inv_00,20170724,09:12:00,221.5,10.0,2215,217.0,9.3,2018,25626,16349,54.5,556.0
Station_01,Inv_00,20170724,09:13:00,217.5,6.4,1392,216.0,6.1,1318,25626,16349,52.8,434.0
Station_01,Inv_00,20170724,09:14:00,217.5,6.4,1392,216.0,6.1,1318,25626,16349,54.0,698.0
Station_01,Inv_00,20170724,09:15:00,221.0,12.2,2696,218.0,11.7,2551,25626,16349,55.2,766.0
Station_01,Inv_00,20170724,09:16:00,220.9,5.3,1171,217.0,5.1,1107,25626,16349,53.3,408.0
Station_01,Inv_00,20170724,09:17:00,226.5,5.2,1178,216.0,5.0,1080,25626,16349,51.1,340.0
Station_01,Inv_00,20170724,09:18:00,224.5,5.4,1212,216.0,5.1,1102,25626,16349,50.6,342.0
Station_01,Inv_00,20170724,09:19:00,225.9,5.8,1310,216.0,5.6,1210,25626,16349,49.4,370.0
Station_01,Inv_00,20170724,09:20:00,225.0,6.6,1485,217.0,6.5,1411,25626,16349,48.9,414.0
Station_01,Inv_00,20170724,09:21:00,224.0,8.9,1994,218.0,8.5,1853,25626,16349,48.8,503.0
Station_01,Inv_00,20170724,09:22:00,220.5,13.5,2977,218.0,12.7,2769,25626,16349,51.3,819.0
Station_01,Inv_00,20170724,09:23:00,220.9,13.4,2961,219.0,12.7,2781,25626,16349,53.7,839.0
Station_01,Inv_00,20170724,09:24:00,217.0,13.3,2886,219.0,12.4,2716,25626,16349,55.6,834.0
Station_01,Inv_00,20170724,09:25:00,216.0,13.2,2851,219.0,12.3,2694,25626,16349,57.7,823.0
Station_01,Inv_00,20170724,09:26:00,216.5,12.6,2728,219.0,11.8,2584,25626,16349,59.0,797.0
Station_01,Inv_00,20170724,09:27:00,214.5,11.5,2467,218.0,10.9,2376,25626,16349,60.0,750.0
Station_01,Inv_00,20170724,09:28:00,213.9,13.3,2845,218.0,12.3,2681,25627,16350,59.6,824.0
Station_01,Inv_00,20170724,09:29:00,210.5,13.4,2820,219.0,12.0,2628,25627,16350,61.8,831.0
Station_01,Inv_00,20170724,09:30:00,210.0,13.7,2877,219.0,12.4,2716,25627,16350,61.2,840.0
Station_01,Inv_00,20170724,09:31:00,215.5,13.3,2866,218.0,12.4,2703,25627,16350,59.9,844.0
Station_01,Inv_00,20170724,09:32:00,212.0,13.0,2756,219.0,11.9,2606,25627,16350,61.1,821.0
Station_01,Inv_00,20170724,09:33:00,215.0,6.2,1333,217.0,5.9,1280,25627,16350,58.8,462.0
Station_01,Inv_00,20170724,09:34:00,219.0,5.8,1270,218.0,5.4,1177,25627,16350,56.9,367.0
Station_01,Inv_00,20170724,09:35:00,220.5,6.0,1323,218.0,5.6,1221,25627,16350,55.1,373.0
Station_01,Inv_00,20170724,09:36:00,215.0,11.3,2429,218.0,10.5,2289,25627,16350,54.5,676.0
Station_01,Inv_00,20170724,09:37:00,223.5,6.7,1497,217.0,6.5,1411,25627,16350,53.5,435.0
Station_01,Inv_00,20170724,09:38:00,205.5,7.3,1500,218.0,6.4,1395,25627,16350,53.4,441.0
Station_01,Inv_00,20170724,09:39:00,175.0,9.5,1662,218.0,7.6,1657,25627,16350,53.2,714.0
Station_01,Inv_00,20170724,09:40:00,191.5,11.9,2279,219.0,9.6,2102,25627,16350,53.3,609.0
Station_01,Inv_00,20170724,09:41:00,205.4,14.0,2876,219.0,12.3,2694,25627,16350,54.9,833.0
Station_01,Inv_00,20170724,09:42:00,214.5,13.9,2982,219.0,12.7,2781,25627,16350,57.7,824.0
Station_01,Inv_00,20170724,09:43:00,218.9,13.5,2956,219.0,12.7,2781,25627,16350,58.9,852.0
Station_01,Inv_00,20170724,09:44:00,215.5,14.0,3017,219.0,12.9,2825,25627,16350,60.1,873.0
Station_01,Inv_00,20170724,09:45:00,214.9,14.3,3074,219.0,13.2,2891,25627,16350,62.8,893.0
Station_01,Inv_00,20170724,09:46:00,216.9,14.1,3059,218.0,13.2,2878,25627,16350,61.8,871.0
Station_01,Inv_00,20170724,09:47:00,203.0,8.4,1705,218.0,7.5,1635,25627,16350,61.5,560.0
Station_01,Inv_00,20170724,09:48:00,209.5,8.2,1718,217.0,7.5,1628,25627,16350,58.3,516.0
Station_01,Inv_00,20170724,09:49:00,189.5,8.6,1630,218.0,7.1,1548,25627,16350,58.8,542.0
Station_01,Inv_00,20170724,09:50:00,207.5,7.1,1473,217.0,6.5,1411,25627,16350,57.6,451.0
Station_01,Inv_00,20170724,09:51:00,205.0,7.4,1517,217.0,6.5,1411,25627,16350,55.4,451.0
Station_01,Inv_00,20170724,09:52:00,210.5,12.9,2715,218.0,11.7,2551,25627,16350,55.7,763.0
Station_01,Inv_00,20170724,09:53:00,212.0,13.9,2947,218.0,12.7,2769,25627,16350,54.6,838.0
Station_01,Inv_00,20170724,09:54:00,221.5,13.5,2990,218.0,12.8,2790,25628,16351,57.1,849.0
Station_01,Inv_00,20170724,09:55:00,219.0,13.4,2934,218.0,12.6,2747,25628,16351,57.0,845.0
Station_01,Inv_00,20170724,09:56:00,225.5,12.0,2706,218.0,11.7,2551,25628,16351,56.3,790.0
Station_01,Inv_00,20170724,09:57:00,216.5,13.8,2987,219.0,12.9,2825,25628,16351,56.0,861.0
Station_01,Inv_00,20170724,09:58:00,219.0,13.7,3000,219.0,12.9,2825,25628,16351,58.1,860.0
Station_01,Inv_00,20170724,09:59:00,216.5,13.5,2923,219.0,12.6,2759,25628,16351,57.4,855.0
Station_01,Inv_00,20170724,10:00:00,217.5,13.4,2914,216.0,12.7,2743,25628,16351,58.0,857.0
Station_01,Inv_00,20170724,10:01:00,213.5,13.5,2882,216.0,12.5,2700,25628,16351,58.5,868.0
Station_01,Inv_00,20170724,10:02:00,215.0,13.9,2988,216.0,13.0,2808,25628,16351,59.4,878.0
Station_01,Inv_00,20170724,10:03:00,215.0,13.9,2988,216.0,13.0,2808,25628,16351,61.5,877.0
Station_01,Inv_00,20170724,10:04:00,213.5,13.4,2860,216.0,12.4,2678,25628,16351,60.6,858.0
Station_01,Inv_00,20170724,10:05:00,212.5,14.5,3081,216.0,13.4,2894,25628,16351,60.8,910.0
Station_01,Inv_00,20170724,10:06:00,210.5,14.3,3010,216.0,13.2,2851,25628,16351,62.4,915.0
Station_01,Inv_00,20170724,10:07:00,207.5,14.4,2988,214.0,13.1,2803,25628,16351,60.2,892.0
Station_01,Inv_00,20170724,10:08:00,216.5,11.4,2468,214.0,11.2,2397,25628,16351,59.4,818.0
Station_01,Inv_00,20170724,10:09:00,217.5,12.5,2719,215.0,11.8,2537,25628,16351,57.5,779.0
Station_01,Inv_00,20170724,10:10:00,199.5,14.7,2933,215.0,12.8,2752,25628,16351,58.2,875.0
Station_01,Inv_00,20170724,10:11:00,205.5,14.7,3021,213.0,13.3,2833,25628,16351,58.5,893.0
Station_01,Inv_00,20170724,10:12:00,204.5,14.8,3027,212.0,13.4,2841,25628,16351,61.7,894.0
Station_01,Inv_00,20170724,10:13:00,212.9,14.3,3045,213.0,13.4,2854,25628,16351,62.8,901.0
Station_01,Inv_00,20170724,10:14:00,203.0,14.6,2963,213.0,13.1,2790,25628,16351,61.8,898.0
Station_01,Inv_00,20170724,10:15:00,199.0,14.7,2925,212.0,12.9,2735,25629,16351,61.7,890.0
Station_01,Inv_00,20170724,10:16:00,211.5,14.4,3045,212.0,13.5,2862,25629,16351,63.0,903.0
Station_01,Inv_00,20170724,10:17:00,205.5,14.8,3041,212.0,13.4,2841,25629,16351,62.3,915.0
Station_01,Inv_00,20170724,10:18:00,199.5,15.4,3072,212.0,13.5,2862,25629,16351,63.9,926.0
Station_01,Inv_00,20170724,10:19:00,199.0,15.5,3084,212.0,13.5,2862,25629,16351,64.4,924.0
Station_01,Inv_00,20170724,10:20:00,208.5,14.5,3023,211.0,13.4,2827,25629,16351,64.9,918.0
Station_01,Inv_00,20170724,10:21:00,208.0,13.3,2766,212.0,12.3,2608,25629,16351,63.7,818.0
Station_01,Inv_00,20170724,10:22:00,212.0,8.9,1887,211.0,8.4,1772,25629,16351,62.7,572.0
Station_01,Inv_00,20170724,10:23:00,218.5,8.6,1879,212.0,8.3,1760,25629,16351,61.8,533.0
Station_01,Inv_00,20170724,10:24:00,221.4,7.8,1727,211.0,7.7,1625,25629,16351,59.7,509.0
Station_01,Inv_00,20170724,10:25:00,220.5,8.0,1764,211.0,7.8,1646,25629,16351,59.0,515.0
Station_01,Inv_00,20170724,10:26:00,221.4,8.9,1971,212.0,8.6,1823,25629,16351,56.1,533.0
Station_01,Inv_00,20170724,10:27:00,223.4,8.8,1966,211.0,8.8,1857,25629,16351,56.2,595.0
Station_01,Inv_00,20170724,10:28:00,224.7,8.7,1954,212.0,8.7,1844,25629,16351,55.0,572.0
Station_01,Inv_00,20170724,10:29:00,221.7,8.4,1862,212.0,8.4,1781,25629,16351,53.3,586.0
Station_01,Inv_00,20170724,10:30:00,223.0,9.8,2185,212.0,9.7,2056,25629,16351,53.7,572.0
Station_01,Inv_00,20170724,10:31:00,223.0,13.2,2943,212.0,13.1,2777,25629,16351,56.1,847.0
Station_01,Inv_00,20170724,10:32:00,209.5,11.6,2430,211.0,11.1,2342,25629,16351,57.1,789.0
Station_01,Inv_00,20170724,10:33:00,211.5,8.0,1692,211.0,7.5,1583,25629,16351,54.1,665.0
Station_01,Inv_00,20170724,10:34:00,206.0,7.4,1524,211.0,6.8,1435,25629,16351,51.9,476.0
Station_01,Inv_00,20170724,10:35:00,186.5,7.7,1436,211.0,6.4,1350,25629,16351,49.7,499.0
Station_01,Inv_00,20170724,10:36:00,206.5,7.8,1611,211.0,7.3,1540,25629,16351,49.9,555.0
Station_01,Inv_00,20170724,10:37:00,210.0,6.4,1344,210.0,5.9,1239,25629,16351,48.9,393.0
Station_01,Inv_00,20170724,10:38:00,229.0,6.2,1420,211.0,6.2,1308,25629,16351,46.4,388.0
Station_01,Inv_00,20170724,10:39:00,230.0,6.7,1541,210.0,6.7,1407,25629,16351,47.2,412.0
Station_01,Inv_00,20170724,10:40:00,231.0,7.2,1663,211.0,7.4,1561,25629,16351,47.3,448.0
Station_01,Inv_00,20170724,10:41:00,232.0,10.2,2367,211.0,10.1,2131,25629,16351,48.6,592.0
Station_01,Inv_00,20170724,10:42:00,224.4,13.1,2940,211.0,12.7,2680,25630,16352,50.6,788.0
Station_01,Inv_00,20170724,10:43:00,223.5,16.1,3598,212.0,15.8,3350,25630,16352,53.5,1004.0
Station_01,Inv_00,20170724,10:44:00,219.5,15.8,3468,212.0,15.3,3244,25630,16352,55.1,993.0
Station_01,Inv_00,20170724,10:45:00,219.0,15.0,3285,212.0,14.6,3095,25630,16352,56.2,955.0
Station_01,Inv_00,20170724,10:46:00,220.5,14.1,3109,212.0,13.9,2947,25630,16352,57.8,913.0
Station_01,Inv_00,20170724,10:47:00,214.5,14.3,3067,212.0,13.6,2883,25630,16352,58.8,896.0
Station_01,Inv_00,20170724,10:48:00,204.9,10.6,2172,211.0,9.4,1983,25630,16352,59.0,696.0
Station_01,Inv_00,20170724,10:49:00,217.9,14.5,3160,212.0,13.9,2947,25630,16352,59.6,921.0
Station_01,Inv_00,20170724,10:50:00,216.5,14.6,3161,212.0,13.9,2947,25630,16352,60.8,924.0
Station_01,Inv_00,20170724,10:51:00,215.0,14.4,3096,212.0,13.8,2926,25630,16352,59.1,913.0
Station_01,Inv_00,20170724,10:52:00,213.5,14.6,3117,212.0,13.8,2926,25630,16352,59.1,918.0
Station_01,Inv_00,20170724,10:53:00,202.0,15.1,3050,212.0,13.5,2862,25630,16352,57.6,911.0
Station_01,Inv_00,20170724,10:54:00,211.5,14.9,3151,211.0,14.0,2954,25630,16352,58.4,922.0
Station_01,Inv_00,20170724,10:55:00,199.5,15.6,3112,212.0,13.8,2926,25630,16352,58.8,933.0
Station_01,Inv_00,20170724,10:56:00,210.5,14.8,3115,211.0,13.8,2912,25630,16352,59.5,926.0
Station_01,Inv_00,20170724,10:57:00,210.0,14.4,3024,211.0,13.5,2849,25630,16352,60.6,908.0
Station_01,Inv_00,20170724,10:58:00,213.9,7.4,1583,210.0,7.2,1512,25630,16352,57.8,491.0
Station_01,Inv_00,20170724,10:59:00,216.0,13.6,2937,212.0,13.0,2756,25630,16352,58.7,842.0
Station_01,Inv_00,20170724,11:00:00,211.0,9.7,2047,210.0,8.9,1869,25630,16352,58.2,607.0
Station_01,Inv_00,20170724,11:01:00,200.5,15.6,3128,211.0,13.9,2933,25630,16352,59.6,929.0
Station_01,Inv_00,20170724,11:02:00,212.5,14.6,3102,211.0,13.7,2891,25631,16353,59.9,904.0
Station_01,Inv_00,20170724,11:03:00,213.4,12.2,2604,211.0,11.9,2511,25631,16353,59.3,849.0
Station_01,Inv_00,20170724,11:04:00,215.3,9.1,1959,211.0,8.9,1878,25631,16353,57.1,663.0
Station_01,Inv_00,20170724,11:05:00,219.5,7.8,1712,211.0,7.7,1625,25631,16353,54.9,504.0
Station_01,Inv_00,20170724,11:06:00,200.0,16.3,3260,212.0,14.4,3053,25631,16353,58.3,955.0
Station_01,Inv_00,20170724,11:07:00,211.0,8.1,1709,211.0,7.6,1604,25631,16353,57.2,731.0
Station_01,Inv_00,20170724,11:08:00,223.5,11.7,2616,211.0,10.8,2279,25631,16353,57.1,500.0
Station_01,Inv_00,20170724,11:09:00,220.5,14.4,3175,211.0,14.2,2996,25631,16353,57.1,894.0
Station_01,Inv_00,20170724,11:10:00,209.0,15.7,3281,211.0,14.5,3060,25631,16353,57.5,957.0
Station_01,Inv_00,20170724,11:11:00,221.0,14.4,3182,211.0,14.0,2954,25631,16353,58.2,884.0
Station_01,Inv_00,20170724,11:12:00,215.5,15.2,3275,211.0,14.5,3060,25631,16353,58.7,957.0
Station_01,Inv_00,20170724,11:13:00,194.5,15.9,3092,212.0,13.6,2883,25631,16353,60.0,947.0
Station_01,Inv_00,20170724,11:14:00,208.5,13.2,2752,211.0,12.7,2680,25631,16353,59.0,900.0
Station_01,Inv_00,20170724,11:15:00,208.5,15.0,3127,211.0,13.9,2933,25631,16353,59.0,874.0
Station_01,Inv_00,20170724,11:16:00,207.5,15.3,3175,211.0,14.1,2975,25631,16353,61.3,942.0
Station_01,Inv_00,20170724,11:17:00,202.5,15.3,3098,211.0,13.8,2912,25631,16353,60.9,935.0
Station_01,Inv_00,20170724,11:18:00,194.5,15.7,3054,211.0,13.4,2827,25631,16353,60.2,940.0
Station_01,Inv_00,20170724,11:19:00,209.3,15.0,3140,211.0,13.8,2912,25631,16353,61.9,930.0
Station_01,Inv_00,20170724,11:20:00,204.3,15.4,3146,211.0,13.9,2933,25631,16353,59.7,948.0
Station_01,Inv_00,20170724,11:21:00,211.0,15.2,3207,211.0,14.2,2996,25631,16353,61.2,947.0
Station_01,Inv_00,20170724,11:22:00,212.5,15.4,3272,211.0,14.4,3038,25632,16353,61.0,970.0
Station_01,Inv_00,20170724,11:23:00,211.0,15.4,3249,211.0,14.4,3038,25632,16353,60.0,972.0
Station_01,Inv_00,20170724,11:24:00,194.5,16.3,3170,211.0,14.0,2954,25632,16353,60.4,968.0
Station_01,Inv_00,20170724,11:25:00,209.4,15.8,3309,211.0,14.4,3038,25632,16353,60.8,997.0
Station_01,Inv_00,20170724,11:26:00,207.5,12.1,2511,211.0,11.3,2384,25632,16353,61.9,859.0
Station_01,Inv_00,20170724,11:27:00,213.9,13.1,2803,212.0,12.4,2629,25632,16353,58.7,778.0
Station_01,Inv_00,20170724,11:28:00,215.0,16.6,3569,212.0,15.7,3328,25632,16353,60.9,1041.0
Station_01,Inv_00,20170724,11:29:00,211.5,16.3,3447,212.0,15.2,3222,25632,16353,61.9,1027.0
Station_01,Inv_00,20170724,11:30:00,211.5,15.6,3299,212.0,14.6,3095,25632,16353,62.2,998.0
Station_01,Inv_00,20170724,11:31:00,200.0,16.0,3200,211.0,14.1,2975,25632,16353,63.4,966.0
Station_01,Inv_00,20170724,11:32:00,210.5,15.5,3263,212.0,14.5,3074,25632,16353,62.1,986.0
Station_01,Inv_00,20170724,11:33:00,210.0,14.1,2961,211.0,13.5,2849,25632,16353,61.7,949.0
Station_01,Inv_00,20170724,11:34:00,213.5,15.3,3267,211.0,14.5,3060,25632,16353,61.4,925.0
Station_01,Inv_00,20170724,11:35:00,211.0,15.1,3186,211.0,14.4,3038,25632,16353,62.7,964.0
Station_01,Inv_00,20170724,11:36:00,205.0,9.2,1886,210.0,8.5,1785,25632,16353,62.5,737.0
Station_01,Inv_00,20170724,11:37:00,221.4,6.8,1506,210.0,6.8,1428,25632,16353,58.7,461.0
Station_01,Inv_00,20170724,11:38:00,207.5,7.2,1494,210.0,6.6,1386,25632,16353,56.1,448.0
Station_01,Inv_00,20170724,11:39:00,220.9,9.0,1988,210.0,8.8,1848,25632,16353,56.5,542.0
Station_01,Inv_00,20170724,11:40:00,221.4,14.6,3232,211.0,14.3,3017,25632,16353,56.1,831.0
Station_01,Inv_00,20170724,11:41:00,216.5,15.7,3399,211.0,15.0,3165,25632,16353,56.4,983.0
Station_01,Inv_00,20170724,11:42:00,212.0,14.2,3010,211.0,13.1,2764,25632,16353,58.1,937.0
Station_01,Inv_00,20170724,11:43:00,216.4,15.5,3355,211.0,14.9,3144,25633,16354,58.7,978.0
Station_01,Inv_00,20170724,11:44:00,216.0,15.3,3305,211.0,14.7,3102,25633,16354,59.9,957.0
Station_01,Inv_00,20170724,11:45:00,216.5,10.1,2186,211.0,10.0,2110,25633,16354,57.8,666.0
Station_01,Inv_00,20170724,11:46:00,220.5,9.2,2028,210.0,9.0,1890,25633,16354,57.9,576.0
Station_01,Inv_00,20170724,11:47:00,222.4,14.6,3248,211.0,14.3,3017,25633,16354,57.2,811.0
Station_01,Inv_00,20170724,11:48:00,210.9,11.3,2384,211.0,11.1,2342,25633,16354,58.9,887.0
Station_01,Inv_00,20170724,11:49:00,220.5,14.5,3197,211.0,14.2,2996,25633,16354,61.3,917.0
Station_01,Inv_00,20170724,11:50:00,200.5,16.0,3208,212.0,14.1,2989,25633,16354,61.4,964.0
Station_01,Inv_00,20170724,11:51:00,214.5,14.9,3196,211.0,14.3,3017,25633,16354,61.6,948.0
Station_01,Inv_00,20170724,11:52:00,212.0,15.6,3307,212.0,14.6,3095,25633,16354,61.7,978.0
Station_01,Inv_00,20170724,11:53:00,209.0,15.8,3302,211.0,14.6,3081,25633,16354,59.9,986.0
Station_01,Inv_00,20170724,11:54:00,208.0,16.0,3328,212.0,14.6,3095,25633,16354,59.1,990.0
Station_01,Inv_00,20170724,11:55:00,197.5,16.3,3219,212.0,14.2,3010,25633,16354,59.9,980.0
Station_01,Inv_00,20170724,11:56:00,214.9,15.3,3289,212.0,14.4,3053,25633,16354,58.5,976.0
Station_01,Inv_00,20170724,11:57:00,210.5,15.4,3241,212.0,14.3,3032,25633,16354,61.1,964.0
Station_01,Inv_00,20170724,11:58:00,206.5,15.5,3201,211.0,14.1,2975,25633,16354,62.5,969.0
Station_01,Inv_00,20170724,11:59:00,209.0,15.7,3281,212.0,14.5,3074,25633,16354,62.0,981.0
Station_01,Inv_00,20170724,12:00:00,211.5,15.1,3193,213.0,14.1,3003,25633,16354,63.1,964.0
Station_01,Inv_00,20170724,12:01:00,207.0,15.1,3125,212.0,13.9,2947,25633,16354,63.8,943.0
Station_01,Inv_00,20170724,12:02:00,203.5,15.5,3154,213.0,13.9,2961,25634,16354,63.2,952.0
Station_01,Inv_00,20170724,12:03:00,204.0,15.8,3223,211.0,14.2,2996,25634,16354,63.6,960.0
Station_01,Inv_00,20170724,12:04:00,210.9,14.9,3142,211.0,13.3,2806,25634,16354,62.8,905.0
Station_01,Inv_00,20170724,12:05:00,212.4,15.1,3207,212.0,14.1,2989,25634,16354,62.5,817.0
Station_01,Inv_00,20170724,12:06:00,209.9,7.7,1617,211.0,7.2,1519,25634,16354,58.5,538.0
Station_01,Inv_00,20170724,12:07:00,209.4,7.2,1508,210.0,6.7,1407,25634,16354,58.8,504.0
Station_01,Inv_00,20170724,12:08:00,215.0,8.8,1892,211.0,8.4,1772,25634,16354,57.7,523.0
Station_01,Inv_00,20170724,12:09:00,214.0,16.7,3574,212.0,15.8,3350,25634,16354,58.6,1037.0
Station_01,Inv_00,20170724,12:10:00,199.5,17.3,3451,211.0,15.2,3207,25634,16354,61.9,1035.0
Station_01,Inv_00,20170724,12:11:00,189.0,8.4,1588,211.0,7.2,1519,25634,16354,62.2,726.0
Station_01,Inv_00,20170724,12:12:00,216.4,6.5,1407,211.0,6.3,1329,25634,16354,58.9,433.0
Station_01,Inv_00,20170724,12:13:00,218.4,6.2,1354,210.0,6.0,1260,25634,16354,57.1,393.0
Station_01,Inv_00,20170724,12:14:00,224.5,5.9,1325,210.0,5.8,1218,25634,16354,55.8,375.0
Station_01,Inv_00,20170724,12:15:00,224.5,5.7,1280,210.0,5.6,1176,25634,16354,54.8,361.0
Station_01,Inv_00,20170724,12:16:00,223.5,5.5,1229,211.0,5.4,1139,25634,16354,53.9,348.0
Station_01,Inv_00,20170724,12:17:00,221.0,5.4,1193,211.0,5.3,1118,25634,16354,51.7,346.0
Station_01,Inv_00,20170724,12:18:00,228.4,5.6,1279,211.0,5.7,1203,25634,16354,51.7,357.0
Station_01,Inv_00,20170724,12:19:00,221.5,6.1,1351,211.0,6.0,1266,25634,16354,50.9,375.0
Station_01,Inv_00,20170724,12:20:00,222.0,7.2,1598,211.0,7.2,1519,25634,16354,50.1,440.0
Station_01,Inv_00,20170724,12:21:00,222.0,14.5,3219,211.0,14.5,3060,25634,16354,53.0,927.0
Station_01,Inv_00,20170724,12:22:00,225.4,8.4,1893,211.0,8.4,1772,25634,16354,52.5,576.0
Station_01,Inv_00,20170724,12:23:00,229.0,11.5,2634,211.0,11.6,2448,25634,16354,53.4,710.0
Station_01,Inv_00,20170724,12:24:00,220.5,14.2,3131,211.0,13.9,2933,25634,16354,55.9,923.0
Station_01,Inv_00,20170724,12:25:00,221.5,8.2,1816,211.0,8.3,1751,25634,16354,54.3,594.0
Station_01,Inv_00,20170724,12:26:00,220.0,6.7,1474,211.0,6.7,1414,25634,16354,54.4,614.0
Station_01,Inv_00,20170724,12:27:00,225.0,5.8,1305,210.0,5.7,1197,25634,16354,53.8,375.0
Station_01,Inv_00,20170724,12:28:00,213.0,5.9,1257,211.0,5.5,1161,25634,16354,53.2,362.0
Station_01,Inv_00,20170724,12:29:00,221.0,6.0,1326,211.0,5.9,1245,25634,16354,52.3,373.0
Station_01,Inv_00,20170724,12:30:00,199.0,9.4,1871,211.0,8.2,1730,25634,16354,51.6,522.0
Station_01,Inv_00,20170724,12:31:00,189.0,6.7,1266,211.0,6.6,1393,25634,16354,54.0,803.0
Station_01,Inv_00,20170724,12:32:00,225.5,6.1,1375,211.0,6.1,1287,25635,16355,50.8,386.0
Station_01,Inv_00,20170724,12:33:00,229.0,7.3,1672,211.0,7.3,1540,25635,16355,51.1,439.0
Station_01,Inv_00,20170724,12:34:00,231.0,7.1,1640,211.0,7.2,1519,25635,16355,49.8,443.0
Station_01,Inv_00,20170724,12:35:00,231.9,8.2,1902,211.0,8.5,1794,25635,16355,51.0,576.0
Station_01,Inv_00,20170724,12:36:00,232.5,13.1,3046,211.0,13.3,2806,25635,16355,52.6,776.0
Station_01,Inv_00,20170724,12:37:00,225.0,15.4,3465,211.0,15.3,3228,25635,16355,53.4,936.0
Station_01,Inv_00,20170724,12:38:00,215.0,15.8,3397,211.0,15.1,3186,25635,16355,56.1,1014.0
Station_01,Inv_00,20170724,12:39:00,217.5,15.9,3458,211.0,15.3,3228,25635,16355,57.6,1001.0
Station_01,Inv_00,20170724,12:40:00,213.0,16.4,3493,211.0,15.4,3249,25635,16355,58.6,1005.0
Station_01,Inv_00,20170724,12:41:00,213.5,9.2,1964,210.0,8.7,1827,25635,16355,58.6,648.0
Station_01,Inv_00,20170724,12:42:00,205.0,12.1,2481,211.0,11.9,2511,25635,16355,60.0,889.0
Station_01,Inv_00,20170724,12:43:00,220.0,6.8,1496,210.0,6.7,1407,25635,16355,56.6,463.0
Station_01,Inv_00,20170724,12:44:00,225.5,6.9,1556,210.0,6.8,1428,25635,16355,54.5,449.0
Station_01,Inv_00,20170724,12:45:00,228.0,14.4,3283,211.0,14.4,3038,25635,16355,55.1,818.0
Station_01,Inv_00,20170724,12:46:00,219.5,14.4,3161,211.0,13.8,2912,25635,16355,57.3,934.0
Station_01,Inv_00,20170724,12:47:00,217.0,14.5,3146,211.0,14.0,2954,25635,16355,58.0,926.0
Station_01,Inv_00,20170724,12:48:00,215.0,13.5,2903,211.0,12.9,2722,25635,16355,57.6,839.0
Station_01,Inv_00,20170724,12:49:00,211.0,10.2,2153,211.0,10.8,2279,25635,16355,56.7,809.0
Station_01,Inv_00,20170724,12:50:00,226.0,7.1,1605,210.0,7.2,1512,25635,16355,54.8,469.0
Station_01,Inv_00,20170724,12:51:00,217.0,12.5,2713,211.0,12.3,2595,25635,16355,56.7,881.0
Station_01,Inv_00,20170724,12:52:00,214.0,12.2,2611,211.0,12.4,2616,25635,16355,58.3,897.0
Station_01,Inv_00,20170724,12:53:00,220.0,14.3,3146,211.0,13.9,2933,25635,16355,57.3,908.0
Station_01,Inv_00,20170724,12:54:00,216.5,15.5,3356,211.0,14.9,3144,25635,16355,57.4,981.0
Station_01,Inv_00,20170724,12:55:00,214.5,14.9,3196,211.0,14.3,3017,25636,16356,59.9,959.0
Station_01,Inv_00,20170724,12:56:00,211.5,14.9,3151,210.0,14.1,2961,25636,16356,60.9,935.0
Station_01,Inv_00,20170724,12:57:00,210.0,14.9,3129,211.0,13.9,2933,25636,16356,60.5,942.0
Station_01,Inv_00,20170724,12:58:00,212.0,11.7,2480,210.0,10.7,2247,25636,16356,62.0,739.0
Station_01,Inv_00,20170724,12:59:00,205.0,13.2,2706,210.0,12.2,2562,25636,16356,60.8,803.0
Station_01,Inv_00,20170724,13:00:00,207.5,13.4,2780,210.0,12.4,2604,25636,16356,62.4,780.0
Station_01,Inv_00,20170724,13:01:00,212.0,13.0,2756,209.0,12.5,2613,25636,16356,62.3,796.0
Station_01,Inv_00,20170724,13:02:00,209.0,14.8,3093,209.0,13.9,2905,25636,16356,61.9,876.0
Station_01,Inv_00,20170724,13:03:00,213.5,15.1,3224,211.0,14.3,3017,25636,16356,62.0,939.0
Station_01,Inv_00,20170724,13:04:00,209.0,14.8,3093,211.0,13.8,2912,25636,16356,62.5,931.0
Station_01,Inv_00,20170724,13:05:00,211.0,14.7,3102,211.0,13.8,2912,25636,16356,63.3,897.0
Station_01,Inv_00,20170724,13:06:00,210.0,15.2,3192,210.0,14.3,3003,25636,16356,63.3,931.0
Station_01,Inv_00,20170724,13:07:00,207.5,7.6,1577,210.0,7.2,1512,25636,16356,61.8,772.0
Station_01,Inv_00,20170724,13:08:00,219.5,7.5,1646,210.0,7.2,1512,25636,16356,59.9,474.0
Station_01,Inv_00,20170724,13:09:00,219.5,8.4,1844,210.0,8.2,1722,25636,16356,59.6,606.0
Station_01,Inv_00,20170724,13:10:00,213.5,7.4,1580,210.0,7.2,1512,25636,16356,59.0,514.0
Station_01,Inv_00,20170724,13:11:00,214.0,14.6,3124,211.0,13.9,2933,25636,16356,59.3,876.0
Station_01,Inv_00,20170724,13:12:00,214.3,11.1,2379,212.0,10.8,2290,25636,16356,59.3,809.0
Station_01,Inv_00,20170724,13:13:00,214.5,6.8,1458,211.0,6.6,1393,25636,16356,56.9,491.0
Station_01,Inv_00,20170724,13:14:00,225.0,6.6,1485,211.0,6.5,1372,25636,16356,56.6,417.0
Station_01,Inv_00,20170724,13:15:00,222.5,12.8,2848,211.0,12.5,2638,25636,16356,56.8,785.0
Station_01,Inv_00,20170724,13:16:00,217.5,15.3,3327,211.0,14.9,3144,25636,16356,57.8,931.0
Station_01,Inv_00,20170724,13:17:00,220.5,14.0,3087,211.0,13.7,2891,25636,16356,58.8,845.0
Station_01,Inv_00,20170724,13:18:00,214.9,15.5,3331,211.0,14.8,3123,25637,16356,59.0,958.0
Station_01,Inv_00,20170724,13:19:00,212.5,9.3,1976,210.0,9.1,1911,25637,16356,59.2,839.0
Station_01,Inv_00,20170724,13:20:00,224.0,12.7,2845,211.0,12.6,2659,25637,16356,58.1,752.0
Station_01,Inv_00,20170724,13:21:00,220.5,9.8,2161,211.0,9.6,2026,25637,16356,58.0,644.0
Station_01,Inv_00,20170724,13:22:00,215.5,14.5,3125,212.0,13.9,2947,25637,16356,58.7,900.0
Station_01,Inv_00,20170724,13:23:00,213.5,14.4,3074,211.0,13.6,2870,25637,16356,59.8,910.0
Station_01,Inv_00,20170724,13:24:00,209.5,7.8,1634,211.0,7.2,1519,25637,16356,61.0,700.0
Station_01,Inv_00,20170724,13:25:00,222.5,13.2,2937,211.0,12.7,2680,25637,16356,57.6,635.0
Station_01,Inv_00,20170724,13:26:00,218.0,14.3,3117,212.0,13.7,2904,25637,16356,60.0,885.0
Station_01,Inv_00,20170724,13:27:00,214.0,14.6,3124,212.0,13.8,2926,25637,16356,61.0,897.0
Station_01,Inv_00,20170724,13:28:00,212.9,8.1,1725,211.0,7.7,1625,25637,16356,60.9,567.0
Station_01,Inv_00,20170724,13:29:00,219.5,8.8,1932,211.0,8.5,1794,25637,16356,59.3,532.0
Station_01,Inv_00,20170724,13:30:00,221.5,5.6,1240,211.0,5.6,1182,25637,16356,56.6,372.0
Station_01,Inv_00,20170724,13:31:00,222.4,5.4,1201,211.0,5.2,1097,25637,16356,56.0,339.0
Station_01,Inv_00,20170724,13:32:00,217.0,5.3,1150,211.0,5.1,1076,25637,16356,53.2,333.0
Station_01,Inv_00,20170724,13:33:00,230.5,5.2,1199,210.0,5.3,1113,25637,16356,52.0,332.0
Station_01,Inv_00,20170724,13:34:00,229.0,5.7,1305,210.0,5.6,1176,25637,16356,51.8,340.0
Station_01,Inv_00,20170724,13:35:00,233.0,5.2,1212,211.0,5.3,1118,25637,16356,49.3,339.0
Station_01,Inv_00,20170724,13:36:00,230.9,5.0,1154,211.0,5.1,1076,25637,16356,49.0,324.0
Station_01,Inv_00,20170724,13:37:00,230.5,4.9,1129,211.0,4.9,1034,25637,16356,48.9,313.0
Station_01,Inv_00,20170724,13:38:00,233.0,4.8,1118,211.0,4.9,1034,25637,16356,47.6,308.0
Station_01,Inv_00,20170724,13:39:00,234.0,4.8,1123,211.0,4.9,1034,25637,16356,46.1,309.0
Station_01,Inv_00,20170724,13:40:00,233.0,4.9,1142,210.0,5.0,1050,25637,16356,46.1,311.0
Station_01,Inv_00,20170724,13:41:00,213.0,5.3,1129,211.0,5.1,1076,25637,16356,46.6,331.0
Station_01,Inv_00,20170724,13:42:00,232.4,5.9,1371,210.0,6.1,1281,25637,16356,46.3,365.0
Station_01,Inv_00,20170724,13:43:00,223.5,6.2,1386,210.0,6.2,1302,25637,16356,47.6,385.0
Station_01,Inv_00,20170724,13:44:00,225.5,6.0,1353,210.0,6.1,1281,25637,16356,46.5,384.0
Station_01,Inv_00,20170724,13:45:00,233.0,6.1,1421,211.0,6.2,1308,25637,16356,46.5,382.0
Station_01,Inv_00,20170724,13:46:00,230.0,6.5,1495,211.0,6.6,1393,25637,16356,45.7,399.0
Station_01,Inv_00,20170724,13:47:00,234.0,7.0,1638,211.0,7.2,1519,25637,16356,46.7,432.0
Station_01,Inv_00,20170724,13:48:00,229.5,9.1,2089,211.0,9.4,1983,25637,16356,46.5,524.0
Station_01,Inv_00,20170724,13:49:00,228.5,7.5,1714,211.0,7.7,1625,25637,16356,48.2,541.0
Station_01,Inv_00,20170724,13:50:00,232.5,6.7,1558,210.0,7.0,1470,25637,16356,47.3,439.0
Station_01,Inv_00,20170724,13:51:00,225.0,7.7,1733,211.0,7.8,1646,25638,16357,47.9,450.0
Station_01,Inv_00,20170724,13:52:00,234.5,6.1,1430,210.0,6.4,1344,25638,16357,48.3,404.0
Station_01,Inv_00,20170724,13:53:00,229.5,5.9,1354,210.0,6.1,1281,25638,16357,47.8,383.0
Station_01,Inv_00,20170724,13:54:00,231.4,5.8,1342,210.0,6.1,1281,25638,16357,47.4,377.0
Station_01,Inv_00,20170724,13:55:00,233.9,5.8,1357,211.0,6.0,1266,25638,16357,47.3,375.0
Station_01,Inv_00,20170724,13:56:00,236.0,5.6,1321,211.0,5.8,1224,25638,16357,46.0,364.0
Station_01,Inv_00,20170724,13:57:00,224.8,5.8,1304,211.0,5.7,1203,25638,16357,47.0,364.0
Station_01,Inv_00,20170724,13:58:00,232.5,6.0,1395,210.0,6.2,1302,25638,16357,45.4,382.0
Station_01,Inv_00,20170724,13:59:00,235.0,6.3,1480,210.0,6.5,1365,25638,16357,45.7,407.0
Station_01,Inv_00,20170724,14:00:00,226.0,7.3,1650,211.0,7.2,1519,25638,16357,46.3,446.0
Station_01,Inv_00,20170724,14:01:00,224.0,14.8,3315,212.0,14.6,3095,25638,16357,49.3,842.0
Station_01,Inv_00,20170724,14:02:00,225.5,14.4,3247,212.0,14.4,3053,25638,16357,52.3,903.0
Station_01,Inv_00,20170724,14:03:00,220.0,13.6,2992,212.0,13.3,2820,25638,16357,53.5,846.0
Station_01,Inv_00,20170724,14:04:00,224.0,12.9,2890,211.0,12.9,2722,25638,16357,54.9,818.0
Station_01,Inv_00,20170724,14:05:00,222.5,12.4,2759,211.0,12.3,2595,25638,16357,57.0,794.0
Station_01,Inv_00,20170724,14:06:00,222.0,12.5,2775,211.0,12.4,2616,25638,16357,58.4,795.0
Station_01,Inv_00,20170724,14:07:00,217.5,12.7,2762,211.0,12.3,2595,25638,16357,60.3,794.0
Station_01,Inv_00,20170724,14:08:00,214.0,12.7,2718,211.0,12.1,2553,25638,16357,58.9,791.0
Station_01,Inv_00,20170724,14:09:00,220.0,12.6,2772,212.0,12.3,2608,25638,16357,60.2,793.0
Station_01,Inv_00,20170724,14:10:00,216.5,13.1,2836,212.0,12.7,2692,25638,16357,61.1,817.0
Station_01,Inv_00,20170724,14:11:00,214.3,9.8,2101,211.0,9.1,1920,25638,16357,60.2,591.0
Station_01,Inv_00,20170724,14:12:00,217.5,8.5,1849,211.0,8.2,1730,25638,16357,58.5,512.0
Station_01,Inv_00,20170724,14:13:00,204.0,13.5,2754,211.0,12.1,2553,25638,16357,58.5,779.0
Station_01,Inv_00,20170724,14:14:00,215.0,13.5,2902,211.0,12.9,2722,25638,16357,59.5,826.0
Station_01,Inv_00,20170724,14:15:00,215.5,12.9,2780,211.0,12.4,2616,25638,16357,60.5,809.0
Station_01,Inv_00,20170724,14:16:00,220.0,9.8,2156,211.0,9.3,1962,25638,16357,57.8,516.0
Station_01,Inv_00,20170724,14:17:00,218.5,12.7,2775,211.0,12.3,2595,25639,16358,59.1,781.0
Station_01,Inv_00,20170724,14:18:00,219.0,13.0,2847,211.0,12.6,2659,25639,16358,58.8,804.0
Station_01,Inv_00,20170724,14:19:00,209.4,8.8,1843,210.0,8.2,1722,25639,16358,58.9,710.0
Station_01,Inv_00,20170724,14:20:00,218.3,10.8,2358,211.0,10.1,2131,25639,16358,55.9,548.0
Station_01,Inv_00,20170724,14:21:00,212.9,12.9,2747,211.0,12.4,2616,25639,16358,57.0,800.0
Station_01,Inv_00,20170724,14:22:00,213.0,13.3,2833,211.0,12.6,2659,25639,16358,58.1,797.0
Station_01,Inv_00,20170724,14:23:00,213.5,6.6,1409,210.0,6.4,1344,25639,16358,57.5,426.0
Station_01,Inv_00,20170724,14:24:00,218.9,6.0,1314,210.0,5.9,1239,25639,16358,55.6,383.0
Station_01,Inv_00,20170724,14:25:00,220.3,6.0,1322,210.0,5.8,1218,25639,16358,54.5,375.0
Station_01,Inv_00,20170724,14:26:00,225.0,6.2,1395,210.0,6.3,1323,25639,16358,53.2,388.0
Station_01,Inv_00,20170724,14:27:00,229.0,9.8,2244,211.0,9.8,2068,25639,16358,52.1,607.0
Station_01,Inv_00,20170724,14:28:00,224.4,9.6,2155,211.0,9.5,2005,25639,16358,53.6,688.0
Station_01,Inv_00,20170724,14:29:00,224.0,11.5,2576,211.0,11.5,2427,25639,16358,53.5,717.0
Station_01,Inv_00,20170724,14:30:00,222.0,10.5,2331,211.0,10.5,2216,25639,16358,51.9,687.0
Station_01,Inv_00,20170724,14:31:00,226.0,11.1,2509,211.0,11.3,2384,25639,16358,54.1,702.0
Station_01,Inv_00,20170724,14:32:00,225.5,11.0,2480,211.0,11.1,2342,25639,16358,55.0,687.0
Station_01,Inv_00,20170724,14:33:00,219.5,12.2,2677,211.0,11.8,2490,25639,16358,55.4,742.0
Station_01,Inv_00,20170724,14:34:00,223.5,12.5,2794,212.0,12.4,2629,25639,16358,54.5,778.0
Station_01,Inv_00,20170724,14:35:00,221.4,12.6,2790,212.0,12.4,2629,25639,16358,56.5,790.0
Station_01,Inv_00,20170724,14:36:00,220.5,12.8,2822,211.0,12.5,2638,25639,16358,55.8,793.0
Station_01,Inv_00,20170724,14:37:00,212.5,12.6,2678,211.0,11.8,2490,25639,16358,57.3,764.0
Station_01,Inv_00,20170724,14:38:00,217.0,12.2,2647,211.0,11.8,2490,25639,16358,57.3,769.0
Station_01,Inv_00,20170724,14:39:00,211.8,11.7,2478,211.0,11.0,2321,25639,16358,57.1,726.0
Station_01,Inv_00,20170724,14:40:00,214.0,11.4,2440,211.0,10.8,2279,25639,16358,58.0,706.0
Station_01,Inv_00,20170724,14:41:00,219.9,5.7,1254,211.0,5.5,1161,25639,16358,55.6,475.0
Station_01,Inv_00,20170724,14:42:00,227.0,4.8,1090,210.0,4.9,1029,25639,16358,53.6,325.0
Station_01,Inv_00,20170724,14:43:00,222.5,4.4,979,210.0,4.4,924,25639,16358,51.3,294.0
Station_01,Inv_00,20170724,14:44:00,224.0,4.3,963,210.0,4.1,861,25639,16358,49.8,276.0
Station_01,Inv_00,20170724,14:45:00,229.5,4.1,941,210.0,4.1,861,25640,16358,48.4,266.0
Station_01,Inv_00,20170724,14:46:00,224.0,4.1,918,210.0,4.0,840,25640,16358,46.9,260.0
Station_01,Inv_00,20170724,14:47:00,230.5,3.9,899,210.0,4.0,840,25640,16358,46.6,256.0
Station_01,Inv_00,20170724,14:48:00,230.9,4.0,924,210.0,4.0,840,25640,16358,45.7,256.0
Station_01,Inv_00,20170724,14:49:00,235.0,3.8,893,210.0,4.0,840,25640,16358,44.4,252.0
Station_01,Inv_00,20170724,14:50:00,234.5,3.8,891,211.0,3.9,823,25640,16358,44.6,245.0
Station_01,Inv_00,20170724,14:51:00,227.5,3.7,842,210.0,3.9,819,25640,16358,44.1,244.0
Station_01,Inv_00,20170724,14:52:00,231.0,3.8,878,210.0,3.9,819,25640,16358,44.6,243.0
Station_01,Inv_00,20170724,14:53:00,228.0,3.8,866,211.0,3.9,823,25640,16358,44.1,249.0
Station_01,Inv_00,20170724,14:54:00,230.5,3.8,876,210.0,4.0,840,25640,16358,43.8,248.0
Station_01,Inv_00,20170724,14:55:00,236.0,3.7,873,210.0,3.9,819,25640,16358,43.2,245.0
Station_01,Inv_00,20170724,14:56:00,235.5,3.6,848,210.0,3.8,798,25640,16358,43.0,236.0
Station_01,Inv_00,20170724,14:57:00,234.5,3.6,844,211.0,3.7,781,25640,16358,42.6,237.0
Station_01,Inv_00,20170724,14:58:00,232.0,3.6,835,211.0,3.6,760,25640,16358,43.0,233.0
Station_01,Inv_00,20170724,14:59:00,235.0,3.5,823,211.0,3.6,760,25640,16358,42.4,231.0
Station_01,Inv_00,20170724,15:00:00,234.5,3.3,774,212.0,3.5,742,25640,16358,42.4,223.0
Station_01,Inv_00,20170724,15:01:00,236.5,3.0,710,211.0,3.1,654,25640,16358,41.3,207.0
Station_01,Inv_00,20170724,15:02:00,238.0,2.7,643,211.0,2.9,612,25640,16358,41.2,187.0
Station_01,Inv_00,20170724,15:03:00,231.0,2.5,578,211.0,2.7,570,25640,16358,40.9,174.0
Station_01,Inv_00,20170724,15:04:00,234.0,2.5,585,211.0,2.6,549,25640,16358,40.5,173.0
Station_01,Inv_00,20170724,15:05:00,233.5,2.8,654,211.0,3.0,633,25640,16358,39.7,186.0
Station_01,Inv_00,20170724,15:06:00,234.0,3.0,702,212.0,3.1,657,25640,16358,39.9,196.0
Station_01,Inv_00,20170724,15:07:00,239.4,3.4,814,212.0,3.6,763,25640,16358,40.2,217.0
Station_01,Inv_00,20170724,15:08:00,236.5,4.0,946,211.0,4.1,865,25640,16358,40.4,249.0
Station_01,Inv_00,20170724,15:09:00,240.0,6.4,1536,211.0,6.7,1414,25640,16358,40.8,371.0
Station_01,Inv_00,20170724,15:10:00,242.4,4.8,1163,211.0,5.1,1076,25640,16358,42.1,349.0
Station_01,Inv_00,20170724,15:11:00,234.0,8.9,2083,212.0,9.3,1972,25640,16358,42.7,454.0
Station_01,Inv_00,20170724,15:12:00,237.4,4.3,1021,211.0,4.5,950,25640,16358,43.4,323.0
Station_01,Inv_00,20170724,15:13:00,233.5,4.0,934,211.0,4.1,865,25640,16358,42.5,263.0
Station_01,Inv_00,20170724,15:14:00,231.5,3.4,787,210.0,3.6,756,25640,16358,41.9,256.0
Station_01,Inv_00,20170724,15:15:00,236.5,3.3,780,210.0,3.4,714,25640,16358,41.9,218.0
Station_01,Inv_00,20170724,15:16:00,231.0,3.2,739,211.0,3.3,696,25640,16358,41.6,211.0
Station_01,Inv_00,20170724,15:17:00,234.9,3.4,799,211.0,3.6,760,25640,16358,41.5,224.0
Station_01,Inv_00,20170724,15:18:00,236.5,3.6,851,210.0,3.9,819,25640,16358,41.1,239.0
Station_01,Inv_00,20170724,15:19:00,235.0,3.8,893,211.0,3.9,823,25640,16358,41.0,247.0
Station_01,Inv_00,20170724,15:20:00,232.0,4.4,1021,211.0,4.4,928,25640,16358,41.1,275.0
Station_01,Inv_00,20170724,15:21:00,233.5,5.0,1168,211.0,5.2,1097,25640,16358,41.5,353.0
Station_01,Inv_00,20170724,15:22:00,238.0,5.2,1238,211.0,5.4,1139,25640,16358,41.1,333.0
Station_01,Inv_00,20170724,15:23:00,233.9,5.8,1357,211.0,5.9,1245,25640,16358,41.8,348.0
Station_01,Inv_00,20170724,15:24:00,235.9,8.4,1982,212.0,8.9,1887,25640,16358,42.8,483.0
Station_01,Inv_00,20170724,15:25:00,233.4,6.4,1494,211.0,6.6,1393,25640,16358,42.6,433.0
Station_01,Inv_00,20170724,15:26:00,236.0,10.1,2383,212.0,10.7,2268,25640,16358,44.8,635.0
Station_01,Inv_00,20170724,15:27:00,237.0,9.4,2228,211.0,9.9,2089,25640,16358,45.6,574.0
Station_01,Inv_00,20170724,15:28:00,228.0,7.1,1619,211.0,7.3,1540,25640,16358,46.7,560.0
Station_01,Inv_00,20170724,15:29:00,230.0,7.4,1702,211.0,7.4,1561,25640,16358,45.7,415.0
Station_01,Inv_00,20170724,15:30:00,231.5,6.2,1435,211.0,6.3,1329,25640,16358,45.6,403.0
Station_01,Inv_00,20170724,15:31:00,231.0,9.0,2079,211.0,9.1,1920,25640,16358,46.5,539.0
Station_01,Inv_00,20170724,15:32:00,231.1,8.4,1941,211.0,8.7,1836,25640,16358,46.8,549.0
Station_01,Inv_00,20170724,15:33:00,221.6,6.3,1396,211.0,6.2,1308,25640,16358,47.4,505.0
Station_01,Inv_00,20170724,15:34:00,222.1,9.3,2065,212.0,9.2,1950,25640,16358,48.7,588.0
Station_01,Inv_00,20170724,15:35:00,231.9,8.7,2018,211.0,9.0,1899,25640,16358,49.4,596.0
Station_01,Inv_00,20170724,15:36:00,233.4,6.1,1424,211.0,6.4,1350,25640,16358,48.8,482.0
Station_01,Inv_00,20170724,15:37:00,226.5,5.9,1336,211.0,6.1,1287,25641,16359,48.3,410.0
Station_01,Inv_00,20170724,15:38:00,229.5,4.9,1124,211.0,4.9,1034,25641,16359,47.3,317.0
Station_01,Inv_00,20170724,15:39:00,231.9,6.8,1577,211.0,6.8,1435,25641,16359,47.9,433.0
Station_01,Inv_00,20170724,15:40:00,231.5,7.1,1644,211.0,7.4,1561,25641,16359,47.5,412.0
Station_01,Inv_00,20170724,15:41:00,225.4,5.3,1195,210.0,5.2,1092,25641,16359,46.3,341.0
Station_01,Inv_00,20170724,15:42:00,231.0,5.8,1340,210.0,5.9,1239,25641,16359,46.4,381.0
Station_01,Inv_00,20170724,15:43:00,236.0,4.9,1156,210.0,5.1,1071,25641,16359,46.1,320.0
Station_01,Inv_00,20170724,15:44:00,230.0,5.3,1219,211.0,5.3,1118,25641,16359,45.7,323.0
Station_01,Inv_00,20170724,15:45:00,231.9,4.7,1090,211.0,4.9,1034,25641,16359,45.9,313.0
Station_01,Inv_00,20170724,15:46:00,205.5,4.6,945,210.0,4.1,861,25641,16359,44.7,291.0
Station_01,Inv_00,20170724,15:47:00,233.0,4.2,979,210.0,4.4,924,25641,16359,43.6,279.0
Station_01,Inv_00,20170724,15:48:00,232.4,4.1,953,211.0,4.1,865,25641,16359,43.3,264.0
Station_01,Inv_00,20170724,15:49:00,226.9,3.9,885,211.0,3.9,823,25641,16359,42.7,251.0
Station_01,Inv_00,20170724,15:50:00,238.0,3.8,904,210.0,4.0,840,25641,16359,42.4,252.0
Station_01,Inv_00,20170724,15:51:00,237.5,3.9,926,211.0,4.0,844,25641,16359,41.4,254.0
Station_01,Inv_00,20170724,15:52:00,232.0,3.9,905,211.0,4.0,844,25641,16359,41.2,252.0
Station_01,Inv_00,20170724,15:53:00,227.5,3.8,865,211.0,3.9,823,25641,16359,40.6,252.0
Station_01,Inv_00,20170724,15:54:00,222.5,4.2,935,211.0,4.1,865,25641,16359,40.7,261.0
Station_01,Inv_00,20170724,15:55:00,230.5,4.6,1060,211.0,4.6,971,25641,16359,40.9,287.0
Station_01,Inv_00,20170724,15:56:00,235.5,5.0,1178,212.0,5.2,1102,25641,16359,40.9,327.0
Station_01,Inv_00,20170724,15:57:00,228.0,5.4,1231,211.0,5.5,1161,25641,16359,41.4,337.0
Station_01,Inv_00,20170724,15:58:00,195.0,7.1,1384,212.0,6.2,1314,25641,16359,42.0,432.0
Station_01,Inv_00,20170724,15:59:00,215.0,7.8,1677,212.0,7.4,1569,25641,16359,42.6,469.0
Station_01,Inv_00,20170724,16:00:00,231.0,7.7,1779,211.0,8.0,1688,25641,16359,44.0,495.0
Station_01,Inv_00,20170724,16:01:00,234.0,8.1,1895,214.0,8.3,1776,25641,16359,44.8,517.0
Station_01,Inv_00,20170724,16:02:00,232.5,8.3,1930,213.0,8.5,1811,25641,16359,46.1,524.0
Station_01,Inv_00,20170724,16:03:00,233.0,8.1,1887,214.0,8.4,1798,25641,16359,46.7,523.0
Station_01,Inv_00,20170724,16:04:00,233.5,7.7,1798,213.0,8.0,1704,25641,16359,46.8,505.0
Station_01,Inv_00,20170724,16:05:00,230.5,7.7,1775,213.0,7.8,1661,25641,16359,48.0,489.0
Station_01,Inv_00,20170724,16:06:00,231.0,7.7,1779,213.0,7.8,1661,25641,16359,47.8,489.0
Station_01,Inv_00,20170724,16:07:00,233.5,7.9,1845,213.0,8.2,1747,25641,16359,47.1,511.0
Station_01,Inv_00,20170724,16:08:00,233.0,7.9,1841,216.0,8.1,1750,25641,16359,48.5,507.0
Station_01,Inv_00,20170724,16:09:00,233.5,7.9,1845,216.0,8.1,1750,25641,16359,49.1,507.0
Station_01,Inv_00,20170724,16:10:00,232.0,7.6,1763,216.0,7.8,1685,25641,16359,48.8,492.0
Station_01,Inv_00,20170724,16:11:00,233.5,6.8,1588,216.0,6.6,1426,25641,16359,47.9,398.0
Station_01,Inv_00,20170724,16:12:00,230.0,5.1,1173,215.0,5.1,1097,25641,16359,46.7,325.0
Station_01,Inv_00,20170724,16:13:00,226.0,6.5,1469,216.0,6.5,1404,25641,16359,46.1,371.0
Station_01,Inv_00,20170724,16:14:00,237.0,4.7,1114,218.0,4.7,1025,25641,16359,44.5,314.0
Station_01,Inv_00,20170724,16:15:00,229.6,4.3,987,219.0,4.2,920,25641,16359,45.0,290.0
Station_01,Inv_00,20170724,16:16:00,227.9,2.9,661,218.0,2.9,632,25641,16359,43.0,205.0
Station_01,Inv_00,20170724,16:17:00,231.7,2.2,510,217.0,2.2,477,25641,16359,42.3,150.0
Station_01,Inv_00,20170724,16:18:00,183.0,2.2,403,217.0,1.8,391,25641,16359,40.8,140.0
Station_01,Inv_00,20170724,16:19:00,231.5,2.2,509,217.0,2.2,477,25641,16359,40.2,142.0
Station_01,Inv_00,20170724,16:20:00,229.9,2.2,506,217.0,2.2,477,25641,16359,39.5,144.0
Station_01,Inv_00,20170724,16:21:00,232.0,2.2,510,217.0,2.3,499,25641,16359,39.2,149.0
Station_01,Inv_00,20170724,16:22:00,227.5,2.4,546,217.0,2.4,521,25641,16359,38.6,154.0
Station_01,Inv_00,20170724,16:23:00,231.0,2.4,554,218.0,2.5,545,25641,16359,38.3,158.0
Station_01,Inv_00,20170724,16:24:00,233.6,2.3,537,218.0,2.4,523,25641,16359,37.5,162.0
Station_01,Inv_00,20170724,16:25:00,229.0,2.4,550,218.0,2.5,545,25641,16359,37.3,161.0
Station_01,Inv_00,20170724,16:26:00,229.5,2.4,551,218.0,2.5,545,25641,16359,37.0,158.0
Station_01,Inv_00,20170724,16:27:00,234.0,2.2,515,218.0,2.3,501,25641,16359,36.6,149.0
Station_01,Inv_00,20170724,16:28:00,229.5,2.0,459,218.0,2.0,436,25641,16359,36.1,136.0
Station_01,Inv_00,20170724,16:29:00,193.0,1.8,347,218.0,1.5,327,25641,16359,35.3,120.0
Station_01,Inv_00,20170724,16:30:00,230.0,1.4,322,218.0,1.5,327,25642,16360,34.2,99.0
Station_01,Inv_00,20170724,16:31:00,226.2,1.0,226,217.0,1.1,239,25642,16360,33.3,77.0
Station_01,Inv_00,20170724,16:32:00,220.0,0.9,198,217.0,1.0,217,25642,16360,32.7,66.0
Station_01,Inv_00,20170724,16:33:00,220.0,0.8,176,218.0,1.0,218,25642,16360,32.1,62.0
Station_01,Inv_00,20170724,16:34:00,224.0,0.8,179,218.0,1.0,218,25642,16360,31.7,59.0
Station_01,Inv_00,20170724,16:35:00,220.5,0.8,176,218.0,1.0,218,25642,16360,31.3,59.0
Station_01,Inv_00,20170724,16:36:00,230.0,0.8,184,218.0,1.0,218,25642,16360,31.0,60.0
Station_01,Inv_00,20170724,16:37:00,211.6,0.8,169,218.0,1.0,218,25642,16360,30.9,61.0
Station_01,Inv_00,20170724,16:38:00,233.0,0.8,186,218.0,1.0,218,25642,16360,30.8,62.0
Station_01,Inv_00,20170724,16:39:00,166.0,0.9,149,218.0,0.9,196,25642,16360,30.7,67.0
Station_01,Inv_00,20170724,16:40:00,153.4,1.0,153,218.0,0.8,174,25642,16360,30.6,68.0
Station_01,Inv_00,20170724,16:41:00,208.0,1.0,208,217.0,1.0,217,25642,16360,30.5,72.0
Station_01,Inv_00,20170724,16:42:00,229.0,1.0,229,218.0,1.1,240,25642,16360,30.3,74.0
Station_01,Inv_00,20170724,16:43:00,230.4,1.0,230,218.0,1.1,240,25642,16360,30.2,74.0
Station_01,Inv_00,20170724,16:44:00,225.0,1.0,225,218.0,1.1,240,25642,16360,30.2,72.0
Station_01,Inv_00,20170724,16:45:00,235.0,0.9,212,218.0,1.1,240,25642,16360,30.2,71.0
Station_01,Inv_00,20170724,16:46:00,223.0,0.9,201,218.0,1.1,240,25642,16360,30.3,71.0
Station_01,Inv_00,20170724,16:47:00,225.0,0.9,203,218.0,1.1,240,25642,16360,30.4,72.0
Station_01,Inv_00,20170724,16:48:00,214.3,0.9,193,217.0,1.0,217,25642,16360,30.5,71.0
Station_01,Inv_00,20170724,16:49:00,234.0,0.9,211,218.0,1.0,218,25642,16360,30.7,69.0
Station_01,Inv_00,20170724,16:50:00,226.0,0.8,181,219.0,1.0,219,25642,16360,30.8,67.0
Station_01,Inv_00,20170724,16:51:00,227.5,0.8,182,218.0,1.0,218,25642,16360,30.9,66.0
Station_01,Inv_00,20170724,16:52:00,226.0,0.7,158,218.0,1.0,218,25642,16360,31.0,64.0
Station_01,Inv_00,20170724,16:53:00,223.5,0.8,179,219.0,0.9,197,25642,16360,31.1,62.0
Station_01,Inv_00,20170724,16:54:00,220.9,0.7,155,220.0,0.9,198,25642,16360,31.1,62.0
Station_01,Inv_00,20170724,16:55:00,220.0,0.6,132,220.0,0.8,176,25642,16360,31.2,59.0
Station_01,Inv_00,20170724,16:56:00,204.0,0.6,122,218.0,0.8,174,25642,16360,31.3,57.0
Station_01,Inv_00,20170724,16:57:00,181.0,0.6,109,216.0,0.7,151,25642,16360,31.3,56.0
Station_01,Inv_00,20170724,16:58:00,200.0,0.6,120,216.0,0.7,151,25642,16360,31.4,55.0
Station_01,Inv_00,20170724,16:59:00,214.0,0.6,128,216.0,0.7,151,25642,16360,31.4,54.0
Station_01,Inv_00,20170724,17:00:00,205.0,0.6,123,217.0,0.7,152,25642,16360,31.3,54.0
Station_01,Inv_00,20170724,17:01:00,214.4,0.7,150,216.0,0.7,151,25642,16360,30.7,52.0
Station_01,Inv_00,20170724,17:02:00,158.4,0.5,79,216.0,0.5,108,25642,16360,30.1,48.0
Station_01,Inv_00,20170724,17:03:00,200.0,0.5,100,216.0,0.5,108,25642,16360,29.9,44.0
Station_01,Inv_00,20170724,17:04:00,213.5,0.4,85,216.0,0.5,108,25642,16360,29.6,43.0
Station_01,Inv_00,20170724,17:05:00,213.0,0.4,85,217.0,0.5,109,25642,16360,29.6,39.0
Station_01,Inv_00,20170724,17:06:00,217.3,0.3,65,216.0,0.5,108,25642,16360,29.3,36.0
Station_01,Inv_00,20170724,17:07:00,217.3,0.3,65,217.0,0.5,109,25642,16360,29.1,34.0
Station_01,Inv_00,20170724,17:08:00,218.5,0.2,44,216.0,0.5,108,25642,16360,29.0,32.0
Station_01,Inv_00,20170724,17:09:00,218.5,0.2,44,217.0,0.5,109,25642,16360,28.8,31.0
Station_01,Inv_00,20170724,17:10:00,214.0,0.3,64,216.0,0.5,108,25642,16360,28.8,31.0
Station_01,Inv_00,20170724,17:11:00,202.3,0.3,61,216.0,0.5,108,25642,16360,28.6,33.0
Station_01,Inv_00,20170724,17:12:00,160.7,0.3,48,216.0,0.4,86,25642,16360,28.7,34.0
Station_01,Inv_00,20170724,17:13:00,194.7,0.3,58,216.0,0.5,108,25642,16360,28.6,35.0
Station_01,Inv_00,20170724,17:14:00,219.3,0.3,66,216.0,0.5,108,25642,16360,28.6,35.0
Station_01,Inv_00,20170724,17:15:00,190.0,0.3,57,216.0,0.5,108,25642,16360,28.6,36.0
Station_01,Inv_00,20170724,17:16:00,218.7,0.3,66,216.0,0.5,108,25642,16360,28.5,38.0
Station_01,Inv_00,20170724,17:17:00,212.3,0.3,64,216.0,0.5,108,25642,16360,28.6,37.0
Station_01,Inv_00,20170724,17:18:00,200.3,0.3,60,215.0,0.5,108,25642,16360,28.6,37.0
Station_01,Inv_00,20170724,17:19:00,189.0,0.3,57,215.0,0.5,108,25642,16360,28.6,38.0
Station_01,Inv_00,20170724,17:20:00,210.3,0.3,63,215.0,0.5,108,25642,16360,28.5,38.0
Station_01,Inv_00,20170724,17:21:00,161.0,0.3,48,215.0,0.5,108,25642,16360,28.6,37.0
Station_01,Inv_00,20170724,17:22:00,159.7,0.3,48,215.0,0.5,108,25642,16360,28.6,37.0
Station_01,Inv_00,20170724,17:23:00,167.3,0.3,50,215.0,0.5,108,25642,16360,28.6,36.0
Station_01,Inv_00,20170724,17:24:00,194.0,0.3,58,215.0,0.5,108,25642,16360,28.6,35.0
Station_01,Inv_00,20170724,17:25:00,174.3,0.3,52,215.0,0.5,108,25642,16360,28.5,35.0
Station_01,Inv_00,20170724,17:26:00,170.0,0.3,51,215.0,0.5,108,25642,16360,28.6,35.0
Station_01,Inv_00,20170724,17:27:00,176.0,0.3,53,215.0,0.4,86,25642,16360,28.6,34.0
Station_01,Inv_00,20170724,17:28:00,166.0,0.3,50,215.0,0.4,86,25642,16360,28.6,33.0
Station_01,Inv_00,20170724,17:29:00,182.0,0.3,55,215.0,0.5,108,25642,16360,28.6,32.0
Station_01,Inv_00,20170724,17:30:00,207.3,0.3,62,215.0,0.4,86,25642,16360,28.6,32.0
Station_01,Inv_00,20170724,17:31:00,200.7,0.3,60,215.0,0.5,108,25642,16360,28.6,31.0
Station_01,Inv_00,20170724,17:32:00,199.7,0.3,60,216.0,0.5,108,25642,16360,28.7,31.0
Station_01,Inv_00,20170724,17:33:00,209.7,0.3,63,215.0,0.5,108,25642,16360,28.5,30.0
Station_01,Inv_00,20170724,17:34:00,199.3,0.3,60,214.0,0.5,107,25642,16360,28.7,31.0
Station_01,Inv_00,20170724,17:35:00,217.0,0.3,65,217.0,0.4,87,25642,16360,28.9,30.0
Station_01,Inv_00,20170724,17:36:00,212.5,0.2,43,217.0,0.4,87,25642,16360,29.0,30.0
Station_01,Inv_00,20170724,17:37:00,211.3,0.3,63,217.0,0.4,87,25642,16360,29.2,30.0
Station_01,Inv_00,20170724,17:38:00,211.0,0.1,21,217.0,0.4,87,25642,16360,29.3,30.0
Station_01,Inv_00,20170724,17:39:00,226.0,0.1,23,217.0,0.4,87,25642,16360,29.5,30.0
Station_01,Inv_00,20170724,17:40:00,212.0,0.1,21,217.0,0.4,87,25642,16360,29.6,30.0
Station_01,Inv_00,20170724,17:41:00,228.0,0.1,23,218.0,0.4,87,25642,16360,29.6,31.0
Station_01,Inv_00,20170724,17:42:00,222.0,0.1,22,217.0,0.4,87,25642,16360,29.6,32.0
Station_01,Inv_00,20170724,17:43:00,225.0,0.3,68,217.0,0.4,87,25642,16360,29.6,32.0
Station_01,Inv_00,20170724,17:44:00,229.0,0.3,69,217.0,0.4,87,25642,16360,29.6,33.0
Station_01,Inv_00,20170724,17:45:00,230.7,0.3,69,216.0,0.4,86,25642,16360,29.6,34.0
Station_01,Inv_00,20170724,17:46:00,232.7,0.3,70,217.0,0.4,87,25642,16360,29.6,34.0
Station_01,Inv_00,20170724,17:47:00,225.7,0.3,68,217.0,0.4,87,25642,16360,29.5,34.0
Station_01,Inv_00,20170724,17:48:00,227.7,0.3,68,217.0,0.4,87,25642,16360,29.6,33.0
Station_01,Inv_00,20170724,17:49:00,221.3,0.3,66,217.0,0.4,87,25642,16360,29.6,33.0
Station_01,Inv_00,20170724,17:50:00,209.0,0.2,42,217.0,0.4,87,25642,16360,29.8,33.0
Station_01,Inv_00,20170724,17:51:00,207.5,0.2,42,218.0,0.4,87,25642,16360,29.7,33.0
Station_01,Inv_00,20170724,17:52:00,202.0,0.3,61,218.0,0.4,87,25642,16360,29.8,32.0
Station_01,Inv_00,20170724,17:53:00,213.3,0.3,64,218.0,0.4,87,25642,16360,29.9,31.0
Station_01,Inv_00,20170724,17:54:00,200.0,0.1,20,218.0,0.4,87,25642,16360,29.9,32.0
Station_01,Inv_00,20170724,17:55:00,203.0,0.1,20,217.0,0.4,87,25642,16360,29.9,30.0
Station_01,Inv_00,20170724,17:56:00,0.0,0.0,0,217.0,0.5,109,25642,16360,29.9,30.0
Station_01,Inv_00,20170724,17:57:00,248.0,0.2,50,0.0,0.0,0,25642,16360,30.0,32.0
Station_01,Inv_00,20170724,17:58:00,0.0,0.0,0,0.0,0.0,0,25642,16360,30.0,29.0
Station_01,Inv_00,20170724,17:59:00,213.0,0.2,43,218.0,0.5,109,25642,16360,30.0,29.0
Station_01,Inv_00,20170724,18:00:00,0.0,0.0,0,217.0,0.7,152,25642,16360,30.1,30.0
Station_01,Inv_00,20170724,18:01:00,0.0,0.0,0,0.0,0.0,0,25642,16360,30.1,31.0
Station_01,Inv_00,20170724,18:02:00,212.0,0.2,42,217.0,0.4,87,25642,16360,30.1,28.0
Station_01,Inv_00,20170724,18:03:00,208.0,0.2,42,218.0,0.5,109,25642,16360,30.2,28.0
Station_01,Inv_00,20170724,18:04:00,241.0,0.2,48,218.0,0.7,153,25642,16360,30.2,27.0
Station_01,Inv_00,20170724,18:05:00,0.0,0.0,0,0.0,0.0,0,25642,16360,30.2,28.0
Station_01,Inv_00,20170724,18:06:00,209.0,0.2,42,217.0,0.4,87,25642,16360,30.1,27.0
Station_01,Inv_00,20170724,18:07:00,0.0,0.0,0,218.0,0.5,109,25642,16360,30.1,556.0
Station_01,Inv_00,20170724,18:08:00,237.5,0.2,48,0.0,0.0,0,25642,16360,30.0,28.0
Station_01,Inv_00,20170724,18:09:00,0.0,0.0,0,0.0,0.0,0,25642,16360,29.8,28.0
Station_01,Inv_00,20170724,18:10:00,0.0,0.0,0,217.0,0.4,87,25642,16360,29.6,28.0
Station_01,Inv_00,20170724,18:11:00,0.0,0.0,0,218.0,0.4,87,25642,16360,29.4,27.0
Station_01,Inv_00,20170724,18:12:00,0.0,0.0,0,218.0,0.4,87,25642,16360,29.1,26.0
Station_01,Inv_00,20170724,18:13:00,0.0,0.0,0,218.0,0.4,87,25642,16360,29.0,24.0
Station_01,Inv_00,20170724,18:14:00,0.0,0.0,0,218.0,0.4,87,25642,16360,28.8,24.0
Station_01,Inv_00,20170724,18:15:00,0.0,0.0,0,218.0,0.4,87,25642,16360,28.6,530.0
Station_01,Inv_00,20170724,18:16:00,0.0,0.0,0,218.0,0.4,87,25642,16360,28.4,24.0
Station_01,Inv_00,20170724,18:17:00,0.0,0.0,0,218.0,0.4,87,25642,16360,28.2,25.0
Station_01,Inv_00,20170724,18:18:00,0.0,0.0,0,223.0,0.5,112,25642,16360,28.0,26.0
Station_01,Inv_00,20170724,18:19:00,0.0,0.0,0,223.0,0.5,112,25642,16360,27.9,27.0
Station_01,Inv_00,20170724,18:20:00,0.0,0.0,0,224.0,0.5,112,25642,16360,27.8,29.0
Station_01,Inv_00,20170724,18:21:00,0.0,0.0,0,224.0,0.5,112,25642,16360,27.7,32.0
Station_01,Inv_00,20170724,18:22:00,0.0,0.0,0,223.0,0.5,112,25642,16360,27.6,33.0
Station_01,Inv_00,20170724,18:23:00,213.7,0.3,64,219.0,0.4,88,25642,16360,27.5,32.0
Station_01,Inv_00,20170724,18:24:00,214.0,0.2,43,219.0,0.5,110,25642,16360,27.3,35.0
Station_01,Inv_00,20170724,18:25:00,202.0,0.4,81,220.0,0.5,110,25642,16360,27.3,37.0
Station_01,Inv_00,20170724,18:26:00,199.3,0.3,60,219.0,0.5,110,25642,16360,27.2,40.0
Station_01,Inv_00,20170724,18:27:00,222.4,0.5,111,219.0,0.5,110,25642,16360,27.2,41.0
Station_01,Inv_00,20170724,18:28:00,223.0,0.5,112,219.0,0.6,131,25642,16360,27.1,45.0
Station_01,Inv_00,20170724,18:29:00,207.0,0.6,124,219.0,0.6,131,25642,16360,27.1,47.0
Station_01,Inv_00,20170724,18:30:00,217.1,0.7,152,218.0,0.8,174,25642,16360,27.1,51.0
Station_01,Inv_00,20170724,18:31:00,227.1,0.7,159,217.0,0.9,195,25642,16360,27.2,55.0
Station_01,Inv_00,20170724,18:32:00,230.5,0.8,184,218.0,1.0,218,25642,16360,27.2,57.0
Station_01,Inv_00,20170724,18:33:00,209.0,0.9,188,218.0,0.9,196,25642,16360,27.4,59.0
Station_01,Inv_00,20170724,18:34:00,219.9,0.9,198,218.0,1.0,218,25642,16360,27.4,62.0
Station_01,Inv_00,20170724,18:35:00,224.0,0.9,202,218.0,1.0,218,25642,16360,27.5,64.0
Station_01,Inv_00,20170724,18:36:00,232.1,0.9,209,218.0,1.0,218,25642,16360,27.7,65.0
Station_01,Inv_00,20170724,18:37:00,201.0,0.9,181,217.0,1.0,217,25642,16360,27.7,64.0
Station_01,Inv_00,20170724,18:38:00,207.8,0.9,187,218.0,1.0,218,25642,16360,27.8,62.0
Station_01,Inv_00,20170724,18:39:00,225.9,0.8,181,218.0,1.0,218,25642,16360,27.9,60.0
Station_01,Inv_00,20170724,18:40:00,223.5,0.8,179,217.0,0.9,195,25642,16360,27.8,57.0
Station_01,Inv_00,20170724,18:41:00,237.0,0.6,142,218.0,0.8,174,25642,16360,27.9,54.0
Station_01,Inv_00,20170724,18:42:00,229.5,0.6,138,218.0,0.7,153,25642,16360,27.9,50.0
Station_01,Inv_00,20170724,18:43:00,161.0,0.5,81,218.0,0.5,109,25642,16360,27.8,45.0
Station_01,Inv_00,20170724,18:44:00,204.3,0.3,61,218.0,0.5,109,25642,16360,27.8,39.0
Station_01,Inv_00,20170724,18:45:00,219.0,0.2,44,218.0,0.4,87,25642,16360,27.6,30.0
Station_01,Inv_00,20170724,18:46:00,0.0,0.0,0,217.0,0.4,87,25642,16360,27.5,23.0
Station_01,Inv_00,20170724,18:47:00,0.0,0.0,0,221.0,0.3,66,25642,16360,27.4,21.0
Station_01,Inv_00,20170724,18:48:00,0.0,0.0,0,221.0,0.3,66,25642,16360,27.3,19.0
Station_01,Inv_00,20170724,18:49:00,0.0,0.0,0,221.0,0.3,66,25642,16360,27.2,20.0
Station_01,Inv_00,20170724,18:50:00,0.0,0.0,0,221.0,0.3,66,25642,16360,27.2,19.0
Station_01,Inv_00,20170724,18:51:00,0.0,0.0,0,221.0,0.3,66,25642,16360,27.1,19.0
Station_01,Inv_00,20170724,18:52:00,0.0,0.0,0,221.0,0.3,66,25642,16360,27.1,19.0
Station_01,Inv_00,20170724,18:53:00,0.0,0.0,0,221.0,0.3,66,25642,16360,27.1,19.0
Station_01,Inv_00,20170724,18:54:00,0.0,0.0,0,221.0,0.3,66,25642,16360,27.1,19.0
Station_01,Inv_00,20170724,18:55:00,0.0,0.0,0,221.0,0.3,66,25642,16360,27.0,19.0
Station_01,Inv_00,20170724,18:56:00,0.0,0.0,0,221.0,0.3,66,25642,16360,27.0,21.0
Station_01,Inv_00,20170724,18:57:00,0.0,0.0,0,221.0,0.3,66,25642,16360,27.1,19.0
Station_01,Inv_00,20170724,18:58:00,0.0,0.0,0,221.0,0.3,66,25642,16360,27.0,19.0
Station_01,Inv_00,20170724,18:59:00,0.0,0.0,0,221.0,0.3,66,25642,16360,27.1,19.0
Station_01,Inv_00,20170724,19:00:00,0.0,0.0,0,221.0,0.3,66,25642,16360,27.1,19.0
Station_01,Inv_00,20170724,19:01:00,0.0,0.0,0,221.0,0.3,66,25642,16360,27.0,19.0
Station_01,Inv_00,20170724,19:02:00,0.0,0.0,0,221.0,0.3,66,25642,16360,27.1,19.0
Station_01,Inv_00,20170724,19:03:00,0.0,0.0,0,221.0,0.3,66,25642,16360,27.1,19.0
Station_01,Inv_00,20170724,19:04:00,0.0,0.0,0,221.0,0.3,66,25642,16360,27.1,19.0
Station_01,Inv_00,20170724,19:05:00,0.0,0.0,0,221.0,0.3,66,25642,16360,27.1,19.0
Station_01,Inv_00,20170724,19:06:00,0.0,0.0,0,221.0,0.3,66,25642,16360,27.1,19.0
Station_01,Inv_00,20170724,19:07:00,0.0,0.0,0,221.0,0.3,66,25642,16360,27.2,19.0
Station_01,Inv_00,20170724,19:08:00,0.0,0.0,0,221.0,0.3,66,25642,16360,27.2,19.0
Station_01,Inv_00,20170724,19:09:00,0.0,0.0,0,221.0,0.3,66,25642,16360,27.3,19.0
Station_01,Inv_00,20170724,19:10:00,0.0,0.0,0,221.0,0.3,66,25642,16360,27.4,19.0
Station_01,Inv_00,20170724,19:11:00,0.0,0.0,0,221.0,0.3,66,25642,16360,27.4,19.0
Station_01,Inv_00,20170724,19:12:00,0.0,0.0,0,221.0,0.3,66,25642,16360,27.4,19.0
Station_01,Inv_00,20170724,19:13:00,0.0,0.0,0,221.0,0.3,66,25642,16360,27.4,19.0
Station_01,Inv_00,20170724,19:14:00,0.0,0.0,0,221.0,0.3,66,25642,16360,27.5,19.0
Station_01,Inv_00,20170724,19:15:00,0.0,0.0,0,221.0,0.3,66,25642,16360,27.4,19.0
Station_01,Inv_00,20170724,19:16:00,0.0,0.0,0,221.0,0.3,66,25642,16360,27.3,20.0
Station_01,Inv_00,20170724,19:17:00,0.0,0.0,0,221.0,0.3,66,25642,16360,27.4,19.0
Station_01,Inv_00,20170724,19:18:00,0.0,0.0,0,221.0,0.3,66,25642,16360,27.4,19.0
Station_01,Inv_00,20170724,19:19:00,0.0,0.0,0,221.0,0.3,66,25642,16360,27.4,18.0
Station_01,Inv_00,20170724,19:20:00,0.0,0.0,0,221.0,0.3,66,25642,16360,27.4,20.0
Station_01,Inv_00,20170724,19:21:00,0.0,0.0,0,221.0,0.3,66,25642,16360,27.3,20.0
Station_01,Inv_00,20170724,19:22:00,0.0,0.0,0,221.0,0.3,66,25642,16360,27.2,20.0
Station_01,Inv_00,20170724,19:23:00,0.0,0.0,0,221.0,0.3,66,25642,16360,26.9,20.0
Station_01,Inv_00,20170724,19:24:00,0.0,0.0,0,221.0,0.3,66,25642,16360,26.8,21.0
Station_01,Inv_00,20170724,19:25:00,0.0,0.0,0,221.0,0.3,66,25642,16360,26.6,20.0
Station_01,Inv_00,20170724,19:26:00,0.0,0.0,0,221.0,0.3,66,25642,16360,26.5,19.0
Station_01,Inv_00,20170724,19:27:00,0.0,0.0,0,221.0,0.3,66,25642,16360,26.4,18.0
Station_01,Inv_00,20170724,19:28:00,0.0,0.0,0,221.0,0.3,66,25642,16360,26.4,18.0
Station_01,Inv_00,20170724,19:29:00,0.0,0.0,0,221.0,0.3,66,25642,16360,26.3,18.0
Station_01,Inv_00,20170724,19:30:00,0.0,0.0,0,221.0,0.3,66,25642,16360,26.3,18.0
Station_01,Inv_00,20170724,19:31:00,0.0,0.0,0,221.0,0.3,66,25642,16360,26.2,17.0
Station_01,Inv_00,20170724,19:32:00,0.0,0.0,0,221.0,0.3,66,25642,16360,26.2,18.0
Station_01,Inv_00,20170724,19:33:00,0.0,0.0,0,221.0,0.3,66,25642,16360,26.1,18.0
Station_01,Inv_00,20170724,19:34:00,0.0,0.0,0,221.0,0.3,66,25642,16360,26.0,18.0
Station_01,Inv_00,20170724,19:35:00,0.0,0.0,0,221.0,0.3,66,25642,16360,26.1,18.0
Station_01,Inv_00,20170724,19:36:00,0.0,0.0,0,221.0,0.3,66,25642,16360,26.0,18.0
Station_01,Inv_00,20170724,19:37:00,0.0,0.0,0,221.0,0.3,66,25642,16360,25.9,17.0
Station_01,Inv_00,20170724,19:38:00,0.0,0.0,0,221.0,0.3,66,25642,16360,25.9,18.0
Station_01,Inv_00,20170724,19:39:00,0.0,0.0,0,221.0,0.3,66,25642,16360,25.9,18.0
Station_01,Inv_00,20170724,19:40:00,0.0,0.0,0,221.0,0.3,66,25642,16360,25.9,18.0
Station_01,Inv_00,20170724,19:41:00,0.0,0.0,0,221.0,0.3,66,25642,16360,25.9,17.0
Station_01,Inv_00,20170724,19:42:00,0.0,0.0,0,221.0,0.3,66,25642,16360,25.9,17.0
Station_01,Inv_00,20170724,19:43:00,0.0,0.0,0,221.0,0.3,66,25642,16360,25.8,17.0
Station_01,Inv_00,20170724,19:44:00,0.0,0.0,0,221.0,0.3,66,25642,16360,25.8,18.0
Station_01,Inv_00,20170724,19:45:00,0.0,0.0,0,221.0,0.3,66,25642,16360,25.8,19.0
Station_01,Inv_00,20170724,19:46:00,0.0,0.0,0,221.0,0.3,66,25642,16360,25.8,17.0
Station_01,Inv_00,20170724,19:47:00,0.0,0.0,0,221.0,0.3,66,25642,16360,25.8,17.0
Station_01,Inv_00,20170724,19:48:00,0.0,0.0,0,221.0,0.3,66,25642,16360,25.7,19.0
Station_01,Inv_00,20170724,19:49:00,0.0,0.0,0,221.0,0.3,66,25642,16360,25.8,18.0
Station_01,Inv_00,20170724,19:50:00,0.0,0.0,0,221.0,0.3,66,25642,16360,25.8,17.0
Station_01,Inv_00,20170724,19:51:00,0.0,0.0,0,221.0,0.3,66,25642,16360,25.8,17.0
Station_01,Inv_00,20170724,19:52:00,0.0,0.0,0,221.0,0.3,66,25642,16360,25.7,18.0
Station_01,Inv_00,20170724,19:53:00,0.0,0.0,0,221.0,0.3,66,25642,16360,25.8,18.0
Station_01,Inv_00,20170724,19:54:00,0.0,0.0,0,221.0,0.3,66,25642,16360,25.8,18.0
Station_01,Inv_00,20170724,19:55:00,0.0,0.0,0,221.0,0.3,66,25642,16360,25.8,18.0
Station_01,Inv_00,20170724,19:56:00,0.0,0.0,0,221.0,0.3,66,25642,16360,25.8,18.0
Station_01,Inv_00,20170724,19:57:00,0.0,0.0,0,221.0,0.3,66,25642,16360,25.8,18.0
Station_01,Inv_00,20170724,19:58:00,0.0,0.0,0,221.0,0.3,66,25642,16360,25.8,19.0
Station_01,Inv_00,20170724,19:59:00,0.0,0.0,0,221.0,0.3,66,25642,16360,25.8,19.0
Station_01,Inv_00,20170724,20:00:00,0.0,0.0,0,221.0,0.3,66,25642,16360,25.9,19.0
