Station_01,Inv_00,20170802,10:07:00,222.9,0.9,201,217.0,1.0,217,25739,16421,31.2,70.0
Station_01,Inv_00,20170802,10:08:00,223.6,0.7,157,216.0,0.9,194,25739,16421,31.0,63.0
Station_01,Inv_00,20170802,10:09:00,227.0,0.7,159,217.0,0.8,174,25739,16421,30.8,59.0
Station_01,Inv_00,20170802,10:10:00,206.4,0.5,103,217.0,0.7,152,25739,16421,30.6,52.0
Station_01,Inv_00,20170802,10:11:00,209.0,0.5,105,217.0,0.7,152,25739,16421,30.5,49.0
Station_01,Inv_00,20170802,10:12:00,206.0,0.6,124,216.0,0.7,151,25739,16421,30.3,52.0
Station_01,Inv_00,20170802,10:13:00,222.3,0.9,200,216.0,1.0,216,25739,16421,30.1,65.0
Station_01,Inv_00,20170802,10:14:00,204.0,1.2,245,216.0,1.2,259,25739,16421,30.0,86.0
Station_01,Inv_00,20170802,10:15:00,237.0,1.5,356,216.0,1.6,346,25739,16421,29.9,103.0
Station_01,Inv_00,20170802,10:16:00,236.0,1.6,378,216.0,1.7,367,25739,16421,29.9,110.0
Station_01,Inv_00,20170802,10:17:00,236.4,1.6,378,216.0,1.7,367,25739,16421,29.8,112.0
Station_01,Inv_00,20170802,10:18:00,236.4,1.6,378,216.0,1.7,367,25739,16421,29.8,112.0
Station_01,Inv_00,20170802,10:19:00,236.0,1.5,354,216.0,1.5,324,25739,16421,29.8,112.0
Station_01,Inv_00,20170802,10:20:00,235.1,1.2,282,216.0,1.4,302,25739,16421,29.6,94.0
Station_01,Inv_00,20170802,10:21:00,205.5,1.2,247,216.0,1.2,259,25739,16421,29.2,86.0
Station_01,Inv_00,20170802,10:22:00,233.0,1.2,280,216.0,1.3,281,25739,16421,28.9,83.0
Station_01,Inv_00,20170802,10:23:00,229.0,1.2,275,216.0,1.3,281,25739,16421,28.5,84.0
Station_01,Inv_00,20170802,10:24:00,198.8,1.3,258,216.0,1.2,259,25739,16421,28.3,89.0
Station_01,Inv_00,20170802,10:25:00,223.0,1.4,312,216.0,1.4,302,25739,16421,28.0,95.0
Station_01,Inv_00,20170802,10:26:00,241.0,1.4,337,216.0,1.5,324,25739,16421,27.9,98.0
Station_01,Inv_00,20170802,10:27:00,230.0,1.5,345,216.0,1.5,324,25739,16421,27.9,102.0
Station_01,Inv_00,20170802,10:28:00,230.0,1.5,345,217.0,1.6,347,25739,16421,27.9,102.0
Station_01,Inv_00,20170802,10:29:00,241.0,1.6,386,216.0,1.7,367,25739,16421,27.9,102.0
Station_01,Inv_00,20170802,10:30:00,241.0,1.6,386,216.0,1.7,367,25739,16421,27.9,102.0
Station_01,Inv_00,20170802,10:31:00,244.0,1.8,439,217.0,1.9,412,25739,16421,27.7,116.0
Station_01,Inv_00,20170802,10:32:00,240.0,1.8,432,217.0,2.0,434,25739,16421,27.7,122.0
Station_01,Inv_00,20170802,10:33:00,229.0,2.0,458,217.0,2.0,434,25739,16421,27.8,130.0
Station_01,Inv_00,20170802,10:34:00,245.0,2.0,490,217.0,2.2,477,25739,16421,27.9,133.0
Station_01,Inv_00,20170802,10:35:00,244.0,2.2,537,217.0,2.3,499,25739,16421,28.1,138.0
Station_01,Inv_00,20170802,10:36:00,241.5,2.2,531,217.0,2.3,499,25739,16421,28.2,142.0
Station_01,Inv_00,20170802,10:37:00,247.5,2.2,545,217.0,2.4,521,25739,16421,28.3,147.0
Station_01,Inv_00,20170802,10:38:00,248.5,2.2,547,217.0,2.5,543,25739,16421,28.5,150.0
Station_01,Inv_00,20170802,10:39:00,248.5,2.2,547,217.0,2.5,543,25739,16421,28.5,151.0
Station_01,Inv_00,20170802,10:40:00,248.5,2.2,547,217.0,2.5,543,25739,16421,28.7,155.0
Station_01,Inv_00,20170802,10:41:00,249.0,2.4,598,218.0,2.6,567,25739,16421,28.8,159.0
Station_01,Inv_00,20170802,10:42:00,248.3,2.6,646,218.0,2.8,610,25739,16421,28.8,162.0
Station_01,Inv_00,20170802,10:43:00,248.3,2.6,646,218.0,2.8,610,25739,16421,29.0,165.0
Station_01,Inv_00,20170802,10:44:00,248.3,2.6,646,218.0,2.8,610,25739,16421,29.0,167.0
Station_01,Inv_00,20170802,10:45:00,248.3,2.6,646,218.0,2.8,610,25739,16421,29.0,167.0
Station_01,Inv_00,20170802,10:46:00,248.3,2.6,646,218.0,2.8,610,25739,16421,29.0,167.0
Station_01,Inv_00,20170802,10:47:00,248.3,2.6,646,218.0,2.8,610,25739,16421,29.5,167.0
Station_01,Inv_00,20170802,10:48:00,248.3,2.6,646,218.0,2.8,610,25739,16421,29.5,206.0
Station_01,Inv_00,20170802,10:49:00,243.8,3.6,878,218.0,3.8,828,25739,16421,29.5,217.0
Station_01,Inv_00,20170802,10:50:00,250.4,3.6,902,218.0,3.9,850,25739,16421,29.9,223.0
Station_01,Inv_00,20170802,10:51:00,245.0,3.8,931,218.0,4.1,894,25739,16421,30.3,238.0
Station_01,Inv_00,20170802,10:52:00,236.5,4.1,970,218.0,4.1,894,25739,16421,30.6,248.0
Station_01,Inv_00,20170802,10:53:00,223.0,4.3,959,218.0,4.1,894,25739,16421,30.8,260.0
Station_01,Inv_00,20170802,10:54:00,240.0,4.4,1056,218.0,4.6,1003,25739,16421,30.9,271.0
Station_01,Inv_00,20170802,10:55:00,245.5,4.4,1080,218.0,4.7,1025,25740,16422,30.9,276.0
Station_01,Inv_00,20170802,10:56:00,238.4,4.9,1168,218.0,5.0,1090,25740,16422,31.4,294.0
Station_01,Inv_00,20170802,10:57:00,250.0,4.9,1225,217.0,5.2,1128,25740,16422,31.4,310.0
Station_01,Inv_00,20170802,10:58:00,250.5,4.9,1227,218.0,5.3,1155,25740,16422,31.4,309.0
Station_01,Inv_00,20170802,10:59:00,249.0,5.3,1320,218.0,5.6,1221,25740,16422,32.2,309.0
Station_01,Inv_00,20170802,11:00:00,249.4,5.6,1397,218.0,5.9,1286,25740,16422,32.0,341.0
Station_01,Inv_00,20170802,11:01:00,252.8,5.4,1365,218.0,6.0,1308,25740,16422,31.7,348.0
Station_01,Inv_00,20170802,11:02:00,252.8,5.4,1365,218.0,6.0,1308,25740,16422,31.7,355.0
Station_01,Inv_00,20170802,11:03:00,252.8,5.4,1365,218.0,6.0,1308,25740,16422,31.7,355.0
Station_01,Inv_00,20170802,11:04:00,252.8,5.4,1365,218.0,6.0,1308,25740,16422,33.1,355.0
Station_01,Inv_00,20170802,11:05:00,252.8,5.4,1365,218.0,6.0,1308,25740,16422,33.1,355.0
Station_01,Inv_00,20170802,11:06:00,252.8,5.4,1365,218.0,6.0,1308,25740,16422,33.1,355.0
Station_01,Inv_00,20170802,11:07:00,252.8,5.4,1365,218.0,6.0,1308,25740,16422,33.1,355.0
Station_01,Inv_00,20170802,11:08:00,245.0,7.6,1862,218.0,8.1,1766,25740,16422,37.2,475.0
Station_01,Inv_00,20170802,11:09:00,244.5,7.5,1834,218.0,8.0,1744,25740,16422,38.2,473.0
Station_01,Inv_00,20170802,11:10:00,244.0,7.8,1903,218.0,8.2,1788,25740,16422,38.9,486.0
Station_01,Inv_00,20170802,11:11:00,244.0,8.3,2025,218.0,8.7,1897,25740,16422,39.4,518.0
Station_01,Inv_00,20170802,11:12:00,244.5,8.0,1956,218.0,8.4,1831,25740,16422,40.0,503.0
Station_01,Inv_00,20170802,11:13:00,244.5,8.0,1956,218.0,8.4,1831,25740,16422,40.0,503.0
Station_01,Inv_00,20170802,11:14:00,244.5,8.0,1956,218.0,8.4,1831,25740,16422,40.0,503.0
Station_01,Inv_00,20170802,11:15:00,244.5,8.0,1956,218.0,8.4,1831,25740,16422,40.0,503.0
Station_01,Inv_00,20170802,11:16:00,244.5,8.0,1956,218.0,8.4,1831,25740,16422,40.0,503.0
Station_01,Inv_00,20170802,11:17:00,234.3,8.0,1875,218.0,8.1,1766,25740,16422,43.4,523.0
Station_01,Inv_00,20170802,11:18:00,231.8,7.6,1761,218.0,7.7,1679,25740,16422,43.7,479.0
Station_01,Inv_00,20170802,11:19:00,230.9,7.7,1778,218.0,7.6,1657,25740,16422,43.3,475.0
Station_01,Inv_00,20170802,11:20:00,237.4,7.3,1733,218.0,7.4,1613,25740,16422,43.3,461.0
Station_01,Inv_00,20170802,11:21:00,235.3,7.2,1694,218.0,7.3,1591,25740,16422,43.8,457.0
Station_01,Inv_00,20170802,11:22:00,235.3,7.2,1694,218.0,7.3,1591,25740,16422,43.8,456.0
Station_01,Inv_00,20170802,11:23:00,235.3,7.2,1694,218.0,7.3,1591,25740,16422,43.8,456.0
Station_01,Inv_00,20170802,11:24:00,235.3,7.2,1694,218.0,7.3,1591,25740,16422,43.8,456.0
Station_01,Inv_00,20170802,11:25:00,235.3,7.2,1694,218.0,7.3,1591,25740,16422,43.8,456.0
Station_01,Inv_00,20170802,11:26:00,230.0,7.3,1679,218.0,7.3,1591,25740,16422,41.8,463.0
Station_01,Inv_00,20170802,11:27:00,238.5,7.4,1765,218.0,7.7,1679,25740,16422,42.0,470.0
Station_01,Inv_00,20170802,11:28:00,239.0,7.5,1792,218.0,7.8,1700,25740,16422,42.4,484.0
Station_01,Inv_00,20170802,11:29:00,242.5,7.5,1819,218.0,7.7,1679,25740,16422,42.6,474.0
Station_01,Inv_00,20170802,11:30:00,232.5,7.7,1790,218.0,7.8,1700,25741,16423,43.0,479.0
Station_01,Inv_00,20170802,11:31:00,239.0,7.7,1840,218.0,7.9,1722,25741,16423,42.3,490.0
Station_01,Inv_00,20170802,11:32:00,237.5,8.1,1924,218.0,8.3,1809,25741,16423,42.0,524.0
Station_01,Inv_00,20170802,11:33:00,240.5,8.4,2020,218.0,8.7,1897,25741,16423,43.3,554.0
Station_01,Inv_00,20170802,11:34:00,227.5,9.2,2093,218.0,9.0,1962,25741,16423,42.9,577.0
Station_01,Inv_00,20170802,11:35:00,234.5,9.3,2181,218.0,9.4,2049,25741,16423,43.0,588.0
Station_01,Inv_00,20170802,11:36:00,234.5,9.3,2181,218.0,9.4,2049,25741,16423,43.0,588.0
Station_01,Inv_00,20170802,11:37:00,233.5,10.5,2452,219.0,10.6,2321,25741,16423,45.9,648.0
Station_01,Inv_00,20170802,11:38:00,232.5,10.9,2534,219.0,10.9,2387,25741,16423,45.9,687.0
Station_01,Inv_00,20170802,11:39:00,231.0,10.6,2449,219.0,10.6,2321,25741,16423,47.8,681.0
Station_01,Inv_00,20170802,11:40:00,229.5,11.3,2593,219.0,11.3,2475,25741,16423,48.6,723.0
Station_01,Inv_00,20170802,11:41:00,220.0,12.2,2684,219.0,11.5,2519,25741,16423,49.9,743.0
Station_01,Inv_00,20170802,11:42:00,223.5,11.8,2637,219.0,11.3,2475,25741,16423,50.0,745.0
Station_01,Inv_00,20170802,11:43:00,227.0,12.2,2769,220.0,11.9,2618,25741,16423,51.4,728.0
Station_01,Inv_00,20170802,11:44:00,224.9,12.9,2902,219.0,12.5,2738,25741,16423,52.6,814.0
Station_01,Inv_00,20170802,11:45:00,227.5,12.2,2775,219.0,11.9,2606,25741,16423,54.1,783.0
Station_01,Inv_00,20170802,11:46:00,226.0,12.5,2825,219.0,12.0,2628,25741,16423,55.1,794.0
Station_01,Inv_00,20170802,11:47:00,223.0,12.5,2787,219.0,12.1,2650,25741,16423,56.3,804.0
Station_01,Inv_00,20170802,11:48:00,219.5,13.8,3029,220.0,13.0,2860,25741,16423,57.3,862.0
Station_01,Inv_00,20170802,11:49:00,221.5,13.3,2946,220.0,12.6,2772,25741,16423,57.9,844.0
Station_01,Inv_00,20170802,11:50:00,219.0,13.3,2913,220.0,12.4,2728,25741,16423,57.9,827.0
Station_01,Inv_00,20170802,11:51:00,219.5,13.5,2963,219.0,12.7,2781,25741,16423,58.3,851.0
Station_01,Inv_00,20170802,11:52:00,214.0,14.6,3124,220.0,13.4,2948,25741,16423,58.7,899.0
Station_01,Inv_00,20170802,11:53:00,217.5,14.7,3197,220.0,13.6,2992,25741,16423,60.9,918.0
Station_01,Inv_00,20170802,11:54:00,215.0,13.9,2989,217.0,12.9,2799,25742,16423,60.1,876.0
Station_01,Inv_00,20170802,11:55:00,216.0,13.5,2916,217.0,12.6,2734,25742,16423,60.8,835.0
Station_01,Inv_00,20170802,11:56:00,214.0,13.4,2867,217.0,12.4,2691,25742,16423,60.9,832.0
Station_01,Inv_00,20170802,11:57:00,218.0,13.1,2856,217.0,12.4,2691,25742,16423,60.3,823.0
Station_01,Inv_00,20170802,11:58:00,216.0,12.5,2700,218.0,11.6,2529,25742,16423,59.5,806.0
Station_01,Inv_00,20170802,11:59:00,217.0,12.8,2777,218.0,12.1,2638,25742,16423,60.8,821.0
Station_01,Inv_00,20170802,12:00:00,215.5,12.1,2608,219.0,11.3,2475,25742,16423,60.0,821.0
Station_01,Inv_00,20170802,12:01:00,217.0,14.2,3081,219.0,13.3,2913,25742,16423,59.0,897.0
Station_01,Inv_00,20170802,12:02:00,211.0,13.5,2848,218.0,12.2,2660,25742,16423,60.1,824.0
Station_01,Inv_00,20170802,12:03:00,208.0,14.1,2932,218.0,12.7,2769,25742,16423,61.1,844.0
Station_01,Inv_00,20170802,12:04:00,209.5,13.7,2870,218.0,12.3,2681,25742,16423,59.6,826.0
Station_01,Inv_00,20170802,12:05:00,214.5,14.1,3024,219.0,13.1,2869,25742,16423,62.2,864.0
Station_01,Inv_00,20170802,12:06:00,212.0,14.6,3095,219.0,13.3,2913,25742,16423,62.2,889.0
Station_01,Inv_00,20170802,12:07:00,213.5,14.8,3160,219.0,13.6,2978,25742,16423,61.9,936.0
Station_01,Inv_00,20170802,12:08:00,213.0,13.8,2939,218.0,12.7,2769,25742,16423,62.3,879.0
Station_01,Inv_00,20170802,12:09:00,215.0,12.1,2601,219.0,11.2,2453,25742,16423,61.7,745.0
Station_01,Inv_00,20170802,12:10:00,216.5,10.7,2317,218.0,10.0,2180,25742,16423,58.9,678.0
Station_01,Inv_00,20170802,12:11:00,219.5,11.1,2436,218.0,10.7,2333,25742,16423,57.9,727.0
Station_01,Inv_00,20170802,12:12:00,220.5,12.0,2646,218.0,11.4,2485,25742,16423,57.9,759.0
Station_01,Inv_00,20170802,12:13:00,218.9,11.9,2606,218.0,11.3,2463,25742,16423,58.4,750.0
Station_01,Inv_00,20170802,12:14:00,214.5,11.7,2510,218.0,10.8,2354,25742,16423,59.4,728.0
Station_01,Inv_00,20170802,12:15:00,216.5,12.6,2728,218.0,11.7,2551,25743,16424,57.3,773.0
Station_01,Inv_00,20170802,12:16:00,214.0,13.2,2824,218.0,12.1,2638,25743,16424,57.2,799.0
Station_01,Inv_00,20170802,12:17:00,217.5,14.2,3088,218.0,13.4,2921,25743,16424,56.7,880.0
Station_01,Inv_00,20170802,12:18:00,215.5,15.1,3253,219.0,13.9,3044,25743,16424,56.3,929.0
Station_01,Inv_00,20170802,12:19:00,215.0,15.8,3397,219.0,14.5,3176,25743,16424,56.8,998.0
Station_01,Inv_00,20170802,12:20:00,213.5,16.3,3480,219.0,14.9,3263,25743,16424,56.6,1041.0
Station_01,Inv_00,20170802,12:21:00,217.0,15.6,3385,219.0,14.5,3176,25743,16424,56.3,1013.0
Station_01,Inv_00,20170802,12:22:00,213.0,16.3,3472,219.0,14.9,3263,25743,16424,56.9,1036.0
Station_01,Inv_00,20170802,12:23:00,216.5,14.8,3204,219.0,13.8,3022,25743,16424,57.6,922.0
Station_01,Inv_00,20170802,12:24:00,217.0,15.3,3320,219.0,14.2,3110,25743,16424,58.1,985.0
Station_01,Inv_00,20170802,12:25:00,213.0,15.4,3280,219.0,14.0,3066,25743,16424,58.8,976.0
Station_01,Inv_00,20170802,12:26:00,210.0,13.3,2792,219.0,12.3,2694,25743,16424,59.7,904.0
Station_01,Inv_00,20170802,12:27:00,213.5,15.2,3245,218.0,13.9,3030,25743,16424,60.8,952.0
Station_01,Inv_00,20170802,12:28:00,213.0,15.3,3258,218.0,13.9,3030,25743,16424,60.9,970.0
Station_01,Inv_00,20170802,12:29:00,214.0,15.6,3338,218.0,14.3,3117,25743,16424,62.3,989.0
Station_01,Inv_00,20170802,12:30:00,209.5,16.3,3414,219.0,14.6,3197,25743,16424,62.6,993.0
Station_01,Inv_00,20170802,12:31:00,211.0,16.2,3418,219.0,14.7,3219,25743,16424,63.2,1029.0
Station_01,Inv_00,20170802,12:32:00,207.5,15.0,3112,218.0,13.4,2921,25743,16424,63.7,965.0
Station_01,Inv_00,20170802,12:33:00,210.0,13.9,2918,218.0,12.6,2747,25743,16424,63.1,897.0
Station_01,Inv_00,20170802,12:34:00,213.0,12.9,2747,218.0,11.8,2572,25744,16425,60.7,819.0
Station_01,Inv_00,20170802,12:35:00,210.5,17.0,3578,218.0,15.4,3357,25744,16425,60.9,1084.0
Station_01,Inv_00,20170802,12:36:00,209.0,17.4,3636,218.0,15.5,3379,25744,16425,60.4,1082.0
Station_01,Inv_00,20170802,12:37:00,204.0,18.4,3754,218.0,16.0,3488,25744,16425,61.1,1139.0
Station_01,Inv_00,20170802,12:38:00,205.5,17.8,3659,217.0,11.7,2539,25744,16425,59.4,798.0
Station_01,Inv_00,20170802,12:39:00,208.0,17.7,3681,218.0,15.6,3401,25744,16425,61.6,1130.0
Station_01,Inv_00,20170802,12:40:00,207.4,10.8,2240,218.0,9.7,2115,25744,16425,58.8,730.0
Station_01,Inv_00,20170802,12:41:00,212.5,18.3,3888,219.0,16.5,3614,25744,16425,58.5,884.0
Station_01,Inv_00,20170802,12:42:00,211.0,18.2,3840,218.0,16.4,3575,25744,16425,61.6,1164.0
Station_01,Inv_00,20170802,12:43:00,208.0,18.5,3847,219.0,16.4,3592,25744,16425,62.5,1165.0
Station_01,Inv_00,20170802,12:44:00,206.0,18.7,3852,218.0,16.5,3597,25744,16425,60.8,1173.0
Station_01,Inv_00,20170802,12:45:00,206.9,18.0,3725,219.0,15.8,3460,25744,16425,62.1,964.0
Station_01,Inv_00,20170802,12:46:00,203.0,16.5,3350,218.0,14.4,3139,25744,16425,58.6,1032.0
Station_01,Inv_00,20170802,12:47:00,208.4,15.2,3168,218.0,13.6,2965,25744,16425,57.9,964.0
Station_01,Inv_00,20170802,12:48:00,209.5,15.5,3247,218.0,13.9,3030,25744,16425,58.6,986.0
Station_01,Inv_00,20170802,12:49:00,208.5,15.5,3231,218.0,13.9,3030,25744,16425,58.2,985.0
Station_01,Inv_00,20170802,12:50:00,210.0,15.9,3339,218.0,14.3,3117,25744,16425,60.9,1009.0
Station_01,Inv_00,20170802,12:51:00,206.5,17.1,3531,218.0,15.1,3292,25744,16425,60.0,1066.0
Station_01,Inv_00,20170802,12:52:00,203.5,18.2,3704,219.0,15.8,3460,25745,16425,60.6,1106.0
Station_01,Inv_00,20170802,12:53:00,205.5,16.6,3411,218.0,14.6,3183,25745,16425,61.9,1050.0
Station_01,Inv_00,20170802,12:54:00,203.0,15.8,3207,218.0,13.7,2987,25745,16425,62.3,1044.0
Station_01,Inv_00,20170802,12:55:00,204.5,14.5,2965,218.0,12.7,2769,25745,16425,63.5,975.0
Station_01,Inv_00,20170802,12:56:00,205.5,11.1,2281,217.0,9.8,2127,25745,16425,63.3,785.0
Station_01,Inv_00,20170802,12:57:00,208.0,11.8,2454,217.0,10.6,2300,25745,16425,63.4,743.0
Station_01,Inv_00,20170802,12:58:00,213.5,14.8,3160,217.0,13.7,2973,25745,16425,63.6,983.0
Station_01,Inv_00,20170802,12:59:00,205.5,18.5,3802,217.0,16.3,3537,25745,16425,61.2,1128.0
Station_01,Inv_00,20170802,13:00:00,208.9,16.3,3405,216.0,14.9,3218,25745,16425,63.5,1148.0
Station_01,Inv_00,20170802,13:01:00,202.9,19.0,3856,218.0,16.5,3597,25745,16425,64.3,1192.0
Station_01,Inv_00,20170802,13:02:00,197.0,19.3,3802,220.0,16.1,3542,25745,16425,63.6,1189.0
Station_01,Inv_00,20170802,13:03:00,196.0,19.5,3822,220.0,16.1,3542,25745,16425,63.8,1184.0
Station_01,Inv_00,20170802,13:04:00,196.5,19.5,3832,220.0,16.1,3542,25745,16425,65.0,1136.0
Station_01,Inv_00,20170802,13:05:00,201.5,19.0,3828,220.0,16.3,3586,25745,16425,66.4,1200.0
Station_01,Inv_00,20170802,13:06:00,200.5,16.1,3228,219.0,13.6,2978,25745,16425,66.8,991.0
Station_01,Inv_00,20170802,13:07:00,198.5,13.1,2600,219.0,11.1,2431,25745,16425,65.2,919.0
Station_01,Inv_00,20170802,13:08:00,201.0,11.1,2231,220.0,9.6,2112,25745,16425,65.2,811.0
Station_01,Inv_00,20170802,13:09:00,202.5,14.5,2936,220.0,12.7,2794,25745,16425,63.5,869.0
Station_01,Inv_00,20170802,13:10:00,201.0,16.3,3276,221.0,13.9,3072,25746,16426,64.9,935.0
Station_01,Inv_00,20170802,13:11:00,204.0,14.2,2896,220.0,12.5,2750,25746,16426,62.4,872.0
Station_01,Inv_00,20170802,13:12:00,204.0,15.1,3080,221.0,13.0,2873,25746,16426,63.9,954.0
Station_01,Inv_00,20170802,13:13:00,203.0,17.2,3492,221.0,14.8,3271,25746,16426,64.7,1044.0
Station_01,Inv_00,20170802,13:14:01,203.4,12.6,2563,220.0,11.1,2442,25746,16426,62.6,763.0
Station_01,Inv_00,20170802,13:15:00,202.4,9.6,1943,220.0,8.6,1892,25746,16426,60.3,689.0
Station_01,Inv_00,20170802,13:16:00,211.4,8.0,1691,219.0,7.3,1599,25746,16426,57.3,508.0
Station_01,Inv_00,20170802,13:17:00,216.0,12.9,2786,220.0,11.7,2574,25746,16426,56.8,727.0
Station_01,Inv_00,20170802,13:18:00,206.5,15.7,3242,220.0,13.8,3036,25746,16426,57.8,975.0
Station_01,Inv_00,20170802,13:19:00,211.0,18.3,3862,220.0,16.4,3608,25746,16426,57.4,1075.0
Station_01,Inv_00,20170802,13:20:00,207.5,17.0,3528,220.0,14.9,3278,25746,16426,58.3,973.0
Station_01,Inv_00,20170802,13:21:00,207.5,16.9,3507,220.0,14.8,3256,25746,16426,60.9,1020.0
Station_01,Inv_00,20170802,13:22:00,201.5,16.7,3365,220.0,14.4,3168,25746,16426,60.2,1113.0
Station_01,Inv_00,20170802,13:23:00,201.5,16.0,3224,220.0,13.9,3058,25746,16426,64.0,1000.0
Station_01,Inv_00,20170802,13:24:00,207.0,17.9,3705,220.0,15.6,3432,25746,16426,63.4,1057.0
Station_01,Inv_00,20170802,13:25:00,202.0,16.8,3393,220.0,14.4,3168,25746,16426,62.3,1021.0
Station_01,Inv_00,20170802,13:26:00,203.0,17.6,3572,220.0,15.3,3366,25746,16426,62.6,1091.0
Station_01,Inv_00,20170802,13:27:00,204.5,15.1,3088,221.0,12.7,2807,25746,16426,63.2,907.0
Station_01,Inv_00,20170802,13:28:00,205.4,7.2,1479,220.0,6.3,1386,25746,16426,61.2,541.0
Station_01,Inv_00,20170802,13:29:00,214.4,6.2,1329,220.0,5.6,1232,25746,16426,59.2,404.0
Station_01,Inv_00,20170802,13:30:00,218.9,5.8,1269,219.0,5.5,1205,25746,16426,55.0,391.0
Station_01,Inv_00,20170802,13:31:00,219.4,5.4,1185,219.0,5.0,1095,25747,16427,54.6,358.0
Station_01,Inv_00,20170802,13:32:00,219.3,5.8,1272,219.0,5.4,1183,25747,16427,51.4,370.0
Station_01,Inv_00,20170802,13:33:00,224.8,6.0,1349,218.0,5.8,1264,25747,16427,50.6,397.0
Station_01,Inv_00,20170802,13:34:00,225.1,5.7,1283,218.0,5.6,1221,25747,16427,49.7,412.0
Station_01,Inv_00,20170802,13:35:00,222.0,5.2,1154,218.0,4.9,1068,25747,16427,47.5,347.0
Station_01,Inv_00,20170802,13:36:00,228.9,5.8,1328,218.0,5.6,1221,25747,16427,47.4,376.0
Station_01,Inv_00,20170802,13:37:00,230.0,5.3,1219,218.0,5.1,1112,25747,16427,47.0,364.0
Station_01,Inv_00,20170802,13:38:00,224.0,5.4,1210,218.0,5.2,1134,25747,16427,46.4,358.0
Station_01,Inv_00,20170802,13:39:00,229.9,5.4,1241,218.0,5.4,1177,25747,16427,45.6,362.0
Station_01,Inv_00,20170802,13:40:00,228.5,5.5,1257,218.0,5.3,1155,25747,16427,45.6,359.0
Station_01,Inv_00,20170802,13:41:00,232.1,5.3,1230,218.0,5.3,1155,25747,16427,45.4,360.0
Station_01,Inv_00,20170802,13:42:00,233.8,5.2,1216,218.0,5.3,1155,25747,16427,43.6,360.0
Station_01,Inv_00,20170802,13:43:00,229.4,5.2,1193,218.0,5.0,1090,25747,16427,44.2,336.0
Station_01,Inv_00,20170802,13:44:00,230.4,7.0,1613,218.0,6.8,1482,25747,16427,44.6,426.0
Station_01,Inv_00,20170802,13:45:00,230.4,5.3,1221,219.0,5.3,1161,25747,16427,44.8,368.0
Station_01,Inv_00,20170802,13:46:00,228.8,7.0,1602,218.0,6.8,1482,25747,16427,44.3,409.0
Station_01,Inv_00,20170802,13:47:00,229.4,6.6,1514,218.0,6.5,1417,25747,16427,45.5,453.0
Station_01,Inv_00,20170802,13:48:00,234.9,6.6,1550,219.0,6.6,1445,25747,16427,45.2,431.0
Station_01,Inv_00,20170802,13:49:00,230.3,7.0,1612,218.0,6.8,1482,25747,16427,45.4,486.0
Station_01,Inv_00,20170802,13:50:00,229.3,9.9,2270,219.0,9.8,2146,25747,16427,46.9,584.0
Station_01,Inv_00,20170802,13:51:00,229.4,7.5,1721,219.0,7.5,1643,25747,16427,46.2,494.0
Station_01,Inv_00,20170802,13:52:00,230.7,7.1,1638,219.0,6.9,1511,25747,16427,46.4,454.0
Station_01,Inv_00,20170802,13:53:00,230.3,7.4,1704,218.0,7.3,1591,25747,16427,47.8,529.0
Station_01,Inv_00,20170802,13:54:00,231.0,10.4,2402,219.0,10.2,2234,25747,16427,48.6,605.0
Station_01,Inv_00,20170802,13:55:00,230.0,9.5,2185,219.0,9.4,2059,25747,16427,49.7,613.0
Station_01,Inv_00,20170802,13:56:00,227.9,9.8,2234,218.0,9.7,2115,25747,16427,50.8,615.0
Station_01,Inv_00,20170802,13:57:00,226.5,8.9,2016,218.0,8.7,1897,25747,16427,51.0,577.0
Station_01,Inv_00,20170802,13:58:00,226.5,9.7,2197,219.0,9.5,2081,25747,16427,51.3,610.0
Station_01,Inv_00,20170802,13:59:00,225.9,9.4,2123,219.0,9.2,2015,25747,16427,51.2,607.0
Station_01,Inv_00,20170802,14:00:00,223.4,9.2,2055,219.0,8.8,1927,25747,16427,51.2,585.0
Station_01,Inv_00,20170802,14:01:00,224.9,9.3,2092,219.0,9.1,1993,25747,16427,51.8,591.0
Station_01,Inv_00,20170802,14:02:00,227.4,9.0,2047,219.0,8.8,1927,25747,16427,52.7,581.0
Station_01,Inv_00,20170802,14:03:00,223.0,9.1,2029,219.0,8.6,1883,25747,16427,51.5,571.0
Station_01,Inv_00,20170802,14:04:00,225.4,8.7,1961,219.0,8.6,1883,25747,16427,51.8,568.0
Station_01,Inv_00,20170802,14:05:00,224.4,8.8,1975,219.0,8.6,1883,25747,16427,51.5,564.0
Station_01,Inv_00,20170802,14:06:00,222.9,8.7,1940,219.0,8.4,1840,25747,16427,50.8,553.0
Station_01,Inv_00,20170802,14:07:00,226.9,8.5,1929,219.0,8.3,1818,25748,16427,52.1,547.0
Station_01,Inv_00,20170802,14:08:00,226.5,8.5,1925,218.0,8.4,1831,25748,16427,50.5,552.0
Station_01,Inv_00,20170802,14:09:00,226.0,8.5,1921,219.0,8.3,1818,25748,16427,50.8,547.0
Station_01,Inv_00,20170802,14:10:00,226.9,8.6,1951,218.0,8.4,1831,25748,16427,50.4,548.0
Station_01,Inv_00,20170802,14:11:00,224.5,8.7,1953,219.0,8.4,1840,25748,16427,49.2,544.0
Station_01,Inv_00,20170802,14:12:00,225.5,8.5,1916,219.0,8.3,1818,25748,16427,50.0,542.0
Station_01,Inv_00,20170802,14:13:00,222.9,8.6,1917,219.0,8.3,1818,25748,16427,50.5,538.0
Station_01,Inv_00,20170802,14:14:00,222.9,8.6,1917,219.0,8.2,1796,25748,16427,50.8,535.0
Station_01,Inv_00,20170802,14:15:00,227.0,8.1,1839,218.0,7.8,1700,25748,16427,50.8,514.0
Station_01,Inv_00,20170802,14:16:00,222.9,8.3,1850,219.0,8.0,1752,25748,16427,51.3,518.0
Station_01,Inv_00,20170802,14:17:00,226.4,8.0,1811,218.0,7.9,1722,25748,16427,50.8,516.0
Station_01,Inv_00,20170802,14:18:00,226.0,8.1,1830,218.0,8.0,1744,25748,16427,51.3,517.0
Station_01,Inv_00,20170802,14:19:00,224.0,8.2,1837,218.0,7.9,1722,25748,16427,51.3,518.0
Station_01,Inv_00,20170802,14:20:00,226.4,7.8,1766,219.0,7.7,1686,25748,16427,51.5,500.0
Station_01,Inv_00,20170802,14:21:00,229.5,7.3,1675,219.0,7.2,1577,25748,16427,50.7,480.0
Station_01,Inv_00,20170802,14:22:00,228.9,7.3,1671,218.0,7.2,1570,25748,16427,49.7,469.0
Station_01,Inv_00,20170802,14:23:00,228.5,7.3,1668,218.0,7.2,1570,25748,16427,47.8,471.0
Station_01,Inv_00,20170802,14:24:00,228.4,7.2,1645,219.0,7.2,1577,25748,16427,47.9,473.0
Station_01,Inv_00,20170802,14:25:00,227.9,6.9,1573,219.0,6.8,1489,25748,16427,47.3,449.0
Station_01,Inv_00,20170802,14:26:00,228.4,6.7,1531,218.0,6.6,1439,25748,16427,47.8,425.0
Station_01,Inv_00,20170802,14:27:00,228.9,6.8,1557,219.0,6.6,1445,25748,16427,47.6,429.0
Station_01,Inv_00,20170802,14:28:00,229.3,6.4,1468,219.0,6.2,1358,25748,16427,47.5,409.0
Station_01,Inv_00,20170802,14:29:00,230.0,6.8,1564,220.0,6.6,1452,25748,16427,48.2,426.0
Station_01,Inv_00,20170802,14:30:00,230.9,7.1,1640,219.0,7.0,1533,25748,16427,47.4,455.0
Station_01,Inv_00,20170802,14:31:00,229.5,7.1,1629,219.0,6.9,1511,25748,16427,46.5,452.0
Station_01,Inv_00,20170802,14:32:00,221.0,7.6,1680,219.0,7.2,1577,25748,16427,46.0,462.0
Station_01,Inv_00,20170802,14:33:00,215.0,8.8,1892,219.0,8.2,1796,25748,16427,47.6,531.0
Station_01,Inv_00,20170802,14:34:00,228.4,8.7,1988,219.0,8.5,1862,25748,16427,47.4,539.0
Station_01,Inv_00,20170802,14:35:00,224.9,9.2,2069,219.0,9.1,1993,25748,16427,49.5,595.0
Station_01,Inv_00,20170802,14:36:00,227.4,8.2,1864,219.0,8.0,1752,25748,16427,49.1,525.0
Station_01,Inv_00,20170802,14:37:00,228.4,8.2,1873,220.0,8.1,1782,25748,16427,50.0,519.0
Station_01,Inv_00,20170802,14:38:00,222.5,9.0,2003,220.0,8.7,1914,25748,16427,49.1,569.0
Station_01,Inv_00,20170802,14:39:00,228.0,9.4,2143,219.0,9.3,2037,25748,16427,49.5,606.0
Station_01,Inv_00,20170802,14:40:00,224.0,9.4,2106,220.0,9.1,2002,25749,16428,48.8,593.0
Station_01,Inv_00,20170802,14:41:00,229.4,8.5,1950,219.0,8.5,1862,25749,16428,48.4,557.0
Station_01,Inv_00,20170802,14:42:00,228.0,9.2,2098,219.0,9.0,1971,25749,16428,48.8,580.0
Station_01,Inv_00,20170802,14:43:00,225.0,9.2,2070,219.0,9.0,1971,25749,16428,49.4,591.0
Station_01,Inv_00,20170802,14:44:00,227.9,9.4,2142,219.0,9.3,2037,25749,16428,48.3,600.0
Station_01,Inv_00,20170802,14:45:00,226.5,9.7,2197,219.0,9.6,2102,25749,16428,48.4,622.0
Station_01,Inv_00,20170802,14:46:00,226.5,9.3,2106,218.0,9.2,2006,25749,16428,48.4,598.0
Station_01,Inv_00,20170802,14:47:00,224.9,8.4,1889,218.0,8.2,1788,25749,16428,48.7,539.0
Station_01,Inv_00,20170802,14:48:00,226.5,8.5,1925,218.0,8.3,1809,25749,16428,48.9,537.0
Station_01,Inv_00,20170802,14:49:00,226.4,8.4,1901,219.0,8.2,1796,25749,16428,48.9,535.0
Station_01,Inv_00,20170802,14:50:00,226.0,8.5,1921,218.0,8.4,1831,25749,16428,50.5,541.0
Station_01,Inv_00,20170802,14:51:00,225.0,7.8,1755,219.0,7.7,1686,25749,16428,49.3,510.0
Station_01,Inv_00,20170802,14:52:00,226.9,6.9,1566,219.0,6.6,1445,25749,16428,47.8,451.0
Station_01,Inv_00,20170802,14:53:00,226.5,5.9,1336,218.0,5.8,1264,25749,16428,47.2,395.0
Station_01,Inv_00,20170802,14:54:01,227.9,5.3,1208,218.0,5.1,1112,25749,16428,46.9,346.0
Station_01,Inv_00,20170802,14:55:00,228.4,4.7,1074,218.0,4.5,981,25749,16428,46.2,321.0
Station_01,Inv_00,20170802,14:56:00,228.6,4.2,960,218.0,4.1,894,25749,16428,46.3,289.0
Station_01,Inv_00,20170802,14:57:00,230.3,3.8,875,218.0,3.8,828,25749,16428,45.5,255.0
Station_01,Inv_00,20170802,14:58:00,231.0,4.3,993,218.0,4.2,916,25749,16428,44.1,283.0
Station_01,Inv_00,20170802,14:59:01,229.0,4.5,1030,219.0,4.5,986,25749,16428,44.1,297.0
Station_01,Inv_00,20170802,15:00:00,232.8,4.6,1071,219.0,4.6,1007,25749,16428,44.0,310.0
Station_01,Inv_00,20170802,15:01:01,232.8,4.8,1118,219.0,4.8,1051,25749,16428,43.1,319.0
Station_01,Inv_00,20170802,15:02:00,230.9,5.0,1154,219.0,5.0,1095,25749,16428,43.1,333.0
Station_01,Inv_00,20170802,15:03:00,233.8,5.4,1262,219.0,5.5,1205,25749,16428,42.4,353.0
Station_01,Inv_00,20170802,15:04:00,231.3,5.8,1341,218.0,5.6,1221,25749,16428,43.1,367.0
Station_01,Inv_00,20170802,15:05:00,232.9,5.5,1281,218.0,5.4,1177,25749,16428,42.7,368.0
Station_01,Inv_00,20170802,15:06:00,233.3,6.0,1400,218.0,6.1,1330,25749,16428,42.7,390.0
Station_01,Inv_00,20170802,15:07:00,232.4,6.3,1464,219.0,6.2,1358,25749,16428,43.1,406.0
Station_01,Inv_00,20170802,15:08:00,230.9,6.2,1431,219.0,6.2,1358,25749,16428,43.2,402.0
Station_01,Inv_00,20170802,15:09:00,233.0,6.6,1538,219.0,6.5,1424,25749,16428,43.0,418.0
Station_01,Inv_00,20170802,15:10:00,234.3,6.6,1546,219.0,6.7,1467,25749,16428,43.9,425.0
Station_01,Inv_00,20170802,15:11:00,231.3,6.8,1573,219.0,6.7,1467,25749,16428,43.3,429.0
Station_01,Inv_00,20170802,15:12:00,235.0,6.6,1551,219.0,6.6,1445,25749,16428,44.1,425.0
Station_01,Inv_00,20170802,15:13:00,235.4,6.5,1530,219.0,6.5,1424,25749,16428,44.1,419.0
Station_01,Inv_00,20170802,15:14:00,235.5,6.5,1531,219.0,6.6,1445,25749,16428,43.6,425.0
Station_01,Inv_00,20170802,15:15:00,234.4,6.5,1524,218.0,6.5,1417,25749,16428,42.9,418.0
Station_01,Inv_00,20170802,15:16:00,234.4,6.3,1477,218.0,6.4,1395,25749,16428,42.5,414.0
Station_01,Inv_00,20170802,15:17:00,231.9,6.3,1461,218.0,6.4,1395,25749,16428,43.2,409.0
Station_01,Inv_00,20170802,15:18:00,230.9,6.5,1501,218.0,6.4,1395,25749,16428,42.1,414.0
Station_01,Inv_00,20170802,15:19:00,235.9,6.5,1534,218.0,6.7,1461,25750,16429,43.0,424.0
Station_01,Inv_00,20170802,15:20:00,234.0,6.8,1591,218.0,6.7,1461,25750,16429,42.9,433.0
Station_01,Inv_00,20170802,15:21:00,230.4,6.9,1590,218.0,6.8,1482,25750,16429,43.4,433.0
Station_01,Inv_00,20170802,15:22:00,233.4,6.9,1611,218.0,7.0,1526,25750,16429,43.9,441.0
Station_01,Inv_00,20170802,15:23:00,234.0,7.1,1661,218.0,7.2,1570,25750,16429,44.6,458.0
Station_01,Inv_00,20170802,15:24:00,234.5,7.5,1758,218.0,7.5,1635,25750,16429,44.4,478.0
Station_01,Inv_00,20170802,15:25:00,231.5,7.7,1782,218.0,7.7,1679,25750,16429,46.0,481.0
Station_01,Inv_00,20170802,15:26:00,230.5,7.8,1798,218.0,7.8,1700,25750,16429,46.3,496.0
Station_01,Inv_00,20170802,15:27:00,235.4,7.7,1813,218.0,7.7,1679,25750,16429,45.3,497.0
Station_01,Inv_00,20170802,15:28:00,232.0,7.8,1810,218.0,7.9,1722,25750,16429,46.3,504.0
Station_01,Inv_00,20170802,15:29:00,228.9,8.0,1831,219.0,7.9,1730,25750,16429,47.2,507.0
Station_01,Inv_00,20170802,15:30:00,229.8,8.0,1839,219.0,8.0,1752,25750,16429,46.5,510.0
Station_01,Inv_00,20170802,15:31:00,232.0,7.8,1810,218.0,7.9,1722,25750,16429,46.7,507.0
Station_01,Inv_00,20170802,15:32:00,229.5,8.0,1836,218.0,7.9,1722,25750,16429,47.3,506.0
Station_01,Inv_00,20170802,15:33:00,228.4,8.0,1827,218.0,7.8,1700,25750,16429,46.4,505.0
Station_01,Inv_00,20170802,15:34:00,231.9,8.1,1879,218.0,8.0,1744,25750,16429,47.3,512.0
Station_01,Inv_00,20170802,15:35:00,231.4,7.9,1828,218.0,7.8,1700,25750,16429,47.1,505.0
Station_01,Inv_00,20170802,15:36:00,230.4,7.7,1774,218.0,7.7,1679,25750,16429,47.0,495.0
Station_01,Inv_00,20170802,15:37:00,232.2,8.1,1881,218.0,8.1,1766,25750,16429,47.2,515.0
Station_01,Inv_00,20170802,15:38:00,231.4,7.9,1828,218.0,7.8,1700,25750,16429,47.5,504.0
Station_01,Inv_00,20170802,15:39:00,220.0,7.9,1738,218.0,7.6,1657,25750,16429,47.0,502.0
Station_01,Inv_00,20170802,15:40:00,231.8,7.4,1715,218.0,7.3,1591,25750,16429,46.8,480.0
Station_01,Inv_00,20170802,15:41:00,229.8,5.0,1149,217.0,5.0,1085,25750,16429,46.5,355.0
Station_01,Inv_00,20170802,15:42:00,229.4,5.1,1170,218.0,5.0,1090,25750,16429,45.6,333.0
Station_01,Inv_00,20170802,15:43:00,228.8,4.0,915,218.0,3.9,850,25750,16429,44.5,286.0
Station_01,Inv_00,20170802,15:44:00,230.9,3.5,808,218.0,3.6,785,25750,16429,43.5,242.0
Station_01,Inv_00,20170802,15:45:00,230.8,3.4,785,218.0,3.4,741,25750,16429,42.5,230.0
Station_01,Inv_00,20170802,15:46:00,231.1,3.2,740,217.0,3.3,716,25750,16429,41.4,224.0
Station_01,Inv_00,20170802,15:47:00,223.0,3.2,714,217.0,3.1,673,25750,16429,40.8,217.0
Station_01,Inv_00,20170802,15:48:00,231.8,3.2,742,218.0,3.3,719,25750,16429,40.5,218.0
Station_01,Inv_00,20170802,15:49:00,231.4,3.5,810,218.0,3.6,785,25750,16429,39.9,228.0
Station_01,Inv_00,20170802,15:50:00,233.4,3.7,864,218.0,3.8,828,25750,16429,39.7,244.0
Station_01,Inv_00,20170802,15:51:00,236.2,4.0,945,218.0,3.9,850,25750,16429,40.4,260.0
Station_01,Inv_00,20170802,15:52:00,237.9,3.9,928,218.0,4.0,872,25750,16429,40.2,270.0
Station_01,Inv_00,20170802,15:53:00,237.4,3.9,926,218.0,4.0,872,25750,16429,40.2,262.0
Station_01,Inv_00,20170802,15:54:00,233.0,4.0,932,218.0,4.0,872,25750,16429,40.2,260.0
Station_01,Inv_00,20170802,15:55:00,225.0,4.1,923,218.0,4.0,872,25750,16429,39.9,268.0
Station_01,Inv_00,20170802,15:56:00,236.8,4.2,994,218.0,4.2,916,25750,16429,39.9,279.0
Station_01,Inv_00,20170802,15:57:00,238.9,4.3,1027,218.0,4.5,981,25750,16429,40.0,292.0
Station_01,Inv_00,20170802,15:58:00,235.3,4.6,1083,218.0,4.6,1003,25750,16429,39.2,301.0
Station_01,Inv_00,20170802,15:59:00,234.4,4.5,1055,218.0,4.5,981,25750,16429,39.3,298.0
Station_01,Inv_00,20170802,16:00:00,234.4,4.4,1031,218.0,4.3,937,25750,16429,39.4,289.0
Station_01,Inv_00,20170802,16:01:00,236.7,4.4,1042,218.0,4.4,959,25750,16429,39.1,288.0
Station_01,Inv_00,20170802,16:02:00,237.4,4.7,1116,218.0,4.6,1003,25750,16429,39.2,304.0
Station_01,Inv_00,20170802,16:03:00,238.7,4.4,1050,217.0,4.5,977,25750,16429,39.2,303.0
Station_01,Inv_00,20170802,16:04:00,234.2,4.2,984,218.0,4.1,894,25751,16429,38.7,278.0
Station_01,Inv_00,20170802,16:05:00,235.2,3.8,894,218.0,3.9,850,25751,16429,39.0,262.0
Station_01,Inv_00,20170802,16:06:00,235.3,3.5,824,218.0,3.6,785,25751,16429,38.7,239.0
Station_01,Inv_00,20170802,16:07:00,234.3,3.4,797,218.0,3.5,763,25751,16429,38.7,230.0
Station_01,Inv_00,20170802,16:08:00,237.5,3.4,807,218.0,3.6,785,25751,16429,38.8,236.0
Station_01,Inv_00,20170802,16:09:00,235.4,3.9,918,218.0,3.9,850,25751,16429,39.2,253.0
Station_01,Inv_00,20170802,16:10:00,236.4,3.9,922,218.0,3.9,850,25751,16429,38.8,259.0
Station_01,Inv_00,20170802,16:11:00,234.4,3.8,891,218.0,4.0,872,25751,16429,39.2,260.0
Station_01,Inv_00,20170802,16:12:00,233.7,4.6,1075,219.0,4.5,986,25751,16429,38.8,290.0
Station_01,Inv_00,20170802,16:13:00,236.3,4.3,1016,218.0,4.2,916,25751,16429,38.9,288.0
Station_01,Inv_00,20170802,16:14:00,236.9,3.7,877,218.0,3.9,850,25751,16429,39.2,253.0
Station_01,Inv_00,20170802,16:15:00,237.2,3.6,854,218.0,3.7,807,25751,16429,38.8,242.0
Station_01,Inv_00,20170802,16:16:00,237.7,3.6,856,218.0,3.8,828,25751,16429,38.8,244.0
Station_01,Inv_00,20170802,16:17:00,230.5,3.7,853,218.0,3.8,828,25751,16429,38.9,247.0
Station_01,Inv_00,20170802,16:18:00,233.7,3.6,841,219.0,3.6,788,25751,16429,38.9,239.0
Station_01,Inv_00,20170802,16:19:00,234.0,3.5,819,219.0,3.6,788,25751,16429,38.6,232.0
Station_01,Inv_00,20170802,16:20:00,237.2,3.4,807,219.0,3.6,788,25751,16429,38.0,237.0
Station_01,Inv_00,20170802,16:21:00,231.9,3.5,812,219.0,3.6,788,25751,16429,38.0,234.0
Station_01,Inv_00,20170802,16:22:00,235.0,3.2,752,219.0,3.3,723,25751,16429,37.7,223.0
Station_01,Inv_00,20170802,16:23:00,233.0,3.1,722,219.0,3.1,679,25751,16429,37.5,210.0
Station_01,Inv_00,20170802,16:24:00,231.7,3.0,695,219.0,3.1,679,25751,16429,37.2,203.0
Station_01,Inv_00,20170802,16:25:00,233.9,2.9,678,218.0,3.0,654,25751,16429,37.3,199.0
Station_01,Inv_00,20170802,16:26:00,229.0,2.9,664,219.0,2.9,635,25751,16429,36.8,196.0
Station_01,Inv_00,20170802,16:27:00,212.0,2.8,594,219.0,2.7,591,25751,16429,36.9,196.0
Station_01,Inv_00,20170802,16:28:00,236.3,2.8,662,218.0,2.9,632,25751,16429,36.8,195.0
Station_01,Inv_00,20170802,16:29:00,234.8,2.8,657,219.0,2.9,635,25751,16429,36.9,195.0
Station_01,Inv_00,20170802,16:30:00,222.0,2.9,644,219.0,2.8,613,25751,16429,36.8,198.0
Station_01,Inv_00,20170802,16:31:00,238.0,2.9,690,218.0,3.1,676,25751,16429,36.8,201.0
Station_01,Inv_00,20170802,16:32:00,236.7,3.0,710,219.0,3.1,679,25751,16429,36.9,204.0
Station_01,Inv_00,20170802,16:33:00,226.0,3.1,701,218.0,3.1,676,25751,16429,37.0,208.0
Station_01,Inv_00,20170802,16:34:00,235.9,3.1,731,219.0,3.2,701,25751,16429,36.8,213.0
Station_01,Inv_00,20170802,16:35:00,236.1,3.2,756,219.0,3.3,723,25751,16429,36.7,218.0
Station_01,Inv_00,20170802,16:36:00,234.9,3.3,775,219.0,3.5,767,25751,16429,36.6,224.0
Station_01,Inv_00,20170802,16:37:00,234.7,3.4,798,219.0,3.5,767,25751,16429,36.7,229.0
Station_01,Inv_00,20170802,16:38:00,213.0,3.7,788,219.0,3.5,767,25751,16429,37.1,236.0
Station_01,Inv_00,20170802,16:39:00,191.0,3.9,745,219.0,3.3,723,25751,16429,37.4,248.0
Station_01,Inv_00,20170802,16:40:00,236.0,3.7,873,219.0,3.8,832,25751,16429,37.6,245.0
Station_01,Inv_00,20170802,16:41:00,220.5,3.6,794,219.0,3.5,767,25751,16429,37.8,237.0
Station_01,Inv_00,20170802,16:42:00,232.2,3.6,836,219.0,3.7,810,25751,16429,37.9,238.0
Station_01,Inv_00,20170802,16:43:00,212.0,3.6,763,219.0,3.3,723,25751,16429,37.8,234.0
Station_01,Inv_00,20170802,16:44:00,209.0,3.4,711,220.0,3.1,682,25751,16429,37.8,225.0
Station_01,Inv_00,20170802,16:45:00,225.5,3.3,744,219.0,3.3,723,25751,16429,37.6,221.0
Station_01,Inv_00,20170802,16:46:00,232.4,3.3,767,217.0,3.3,716,25751,16429,37.6,218.0
Station_01,Inv_00,20170802,16:47:00,235.6,3.2,754,217.0,3.3,716,25751,16429,37.7,214.0
Station_01,Inv_00,20170802,16:48:00,231.0,3.2,739,217.0,3.2,694,25751,16429,37.5,212.0
Station_01,Inv_00,20170802,16:49:00,232.8,3.1,722,217.0,3.1,673,25751,16429,37.5,210.0
Station_01,Inv_00,20170802,16:50:00,234.9,3.1,728,217.0,3.1,673,25751,16429,37.4,209.0
Station_01,Inv_00,20170802,16:51:00,234.7,3.0,704,217.0,3.1,673,25751,16429,37.2,205.0
Station_01,Inv_00,20170802,16:52:00,233.7,3.0,701,217.0,3.1,673,25751,16429,37.3,203.0
Station_01,Inv_00,20170802,16:53:00,235.6,3.0,707,217.0,3.1,673,25751,16429,37.2,203.0
Station_01,Inv_00,20170802,16:54:00,232.6,3.0,698,217.0,3.1,673,25751,16429,37.2,202.0
Station_01,Inv_00,20170802,16:55:00,234.3,2.9,679,218.0,3.0,654,25751,16429,37.3,196.0
Station_01,Inv_00,20170802,16:56:00,235.9,2.9,684,218.0,3.0,654,25751,16429,37.3,196.0
Station_01,Inv_00,20170802,16:57:00,235.4,2.9,683,218.0,3.0,654,25751,16429,36.9,200.0
Station_01,Inv_00,20170802,16:58:00,238.8,2.7,645,217.0,2.9,629,25751,16429,37.3,190.0
Station_01,Inv_00,20170802,16:59:00,236.3,2.7,638,217.0,2.8,608,25751,16429,37.1,187.0
Station_01,Inv_00,20170802,17:00:00,231.4,2.7,625,216.0,2.8,605,25751,16429,37.2,183.0
Station_01,Inv_00,20170802,17:01:00,234.0,2.7,632,216.0,2.8,605,25751,16429,37.1,184.0
Station_01,Inv_00,20170802,17:02:00,235.8,3.2,755,217.0,3.2,694,25751,16429,37.4,202.0
Station_01,Inv_00,20170802,17:03:00,232.3,2.9,674,216.0,3.0,648,25751,16429,37.4,201.0
Station_01,Inv_00,20170802,17:04:00,199.0,2.6,517,216.0,2.3,497,25751,16429,37.3,175.0
Station_01,Inv_00,20170802,17:05:00,232.9,2.5,582,217.0,2.5,543,25751,16429,37.1,169.0
Station_01,Inv_00,20170802,17:06:00,237.0,2.4,569,217.0,2.5,543,25751,16429,36.9,166.0
Station_01,Inv_00,20170802,17:07:00,214.8,2.4,516,216.0,2.3,497,25751,16429,36.8,163.0
Station_01,Inv_00,20170802,17:08:00,236.3,2.3,543,216.0,2.4,518,25751,16429,36.6,161.0
Station_01,Inv_00,20170802,17:09:00,232.0,2.4,557,215.0,2.5,538,25751,16429,36.6,160.0
Station_01,Inv_00,20170802,17:10:00,235.3,2.3,541,216.0,2.4,518,25751,16429,36.5,156.0
Station_01,Inv_00,20170802,17:11:00,230.2,2.3,529,216.0,2.3,497,25751,16429,36.5,151.0
Station_01,Inv_00,20170802,17:12:00,230.9,2.2,508,216.0,2.2,475,25751,16429,36.3,146.0
Station_01,Inv_00,20170802,17:13:00,234.4,2.0,469,216.0,2.1,454,25751,16429,36.0,141.0
Station_01,Inv_00,20170802,17:14:00,218.0,2.1,458,216.0,2.0,432,25751,16429,36.0,138.0
Station_01,Inv_00,20170802,17:15:00,234.0,2.0,468,216.0,2.0,432,25751,16429,35.8,135.0
Station_01,Inv_00,20170802,17:16:00,234.9,1.9,446,216.0,2.0,432,25751,16429,35.6,131.0
Station_01,Inv_00,20170802,17:17:00,230.0,2.0,460,216.0,2.0,432,25751,16429,35.6,130.0
Station_01,Inv_00,20170802,17:18:00,236.2,1.9,449,216.0,2.0,432,25751,16429,35.4,128.0
Station_01,Inv_00,20170802,17:19:00,216.4,1.9,411,215.0,1.9,409,25751,16429,35.4,130.0
Station_01,Inv_00,20170802,17:20:00,234.3,1.8,422,217.0,1.9,412,25751,16429,35.3,124.0
Station_01,Inv_00,20170802,17:21:00,231.0,1.8,416,217.0,1.8,391,25751,16429,35.2,121.0
Station_01,Inv_00,20170802,17:22:00,194.0,1.8,349,217.0,1.5,326,25751,16429,35.0,119.0
Station_01,Inv_00,20170802,17:23:00,215.0,1.8,387,216.0,1.7,367,25751,16429,34.7,117.0
Station_01,Inv_00,20170802,17:24:00,216.9,1.7,369,216.0,1.6,346,25751,16429,34.5,115.0
Station_01,Inv_00,20170802,17:25:00,239.4,1.7,407,216.0,1.8,389,25751,16429,34.6,113.0
Station_01,Inv_00,20170802,17:26:00,237.5,1.8,428,216.0,1.8,389,25751,16429,34.3,112.0
Station_01,Inv_00,20170802,17:27:00,198.5,1.8,357,217.0,1.6,347,25751,16429,34.3,112.0
Station_01,Inv_00,20170802,17:28:00,194.5,1.9,370,217.0,1.6,347,25751,16429,34.3,113.0
Station_01,Inv_00,20170802,17:29:00,230.3,1.9,438,217.0,2.0,434,25751,16429,34.3,115.0
Station_01,Inv_00,20170802,17:30:00,237.0,1.8,427,216.0,2.0,432,25751,16429,34.3,116.0
Station_01,Inv_00,20170802,17:31:00,235.5,1.8,424,216.0,1.9,410,25751,16429,34.4,116.0
Station_01,Inv_00,20170802,17:32:00,230.2,1.7,391,218.0,1.7,371,25751,16429,34.3,115.0
Station_01,Inv_00,20170802,17:33:00,232.6,1.5,349,217.0,1.7,369,25751,16429,34.3,113.0
Station_01,Inv_00,20170802,17:34:00,240.0,1.6,384,216.0,1.7,367,25751,16429,34.3,110.0
Station_01,Inv_00,20170802,17:35:00,241.5,1.6,386,216.0,1.7,367,25752,16430,34.4,109.0
Station_01,Inv_00,20170802,17:36:00,241.9,1.5,363,215.0,1.6,344,25752,16430,34.3,108.0
Station_01,Inv_00,20170802,17:37:00,242.3,1.5,363,215.0,1.5,323,25752,16430,34.1,106.0
Station_01,Inv_00,20170802,17:38:00,234.1,1.5,351,215.0,1.5,323,25752,16430,34.0,103.0
Station_01,Inv_00,20170802,17:39:00,239.2,1.3,311,217.0,1.5,326,25752,16430,34.0,101.0
Station_01,Inv_00,20170802,17:40:00,240.5,1.3,313,216.0,1.5,324,25752,16430,33.9,99.0
Station_01,Inv_00,20170802,17:41:00,232.6,1.3,302,216.0,1.5,324,25752,16430,33.7,98.0
Station_01,Inv_00,20170802,17:42:00,231.0,1.3,300,215.0,1.5,323,25752,16430,33.8,97.0
Station_01,Inv_00,20170802,17:43:00,237.8,1.3,309,215.0,1.4,301,25752,16430,33.6,97.0
Station_01,Inv_00,20170802,17:44:00,219.7,1.4,308,215.0,1.4,301,25752,16430,33.6,97.0
Station_01,Inv_00,20170802,17:45:00,231.4,1.3,301,215.0,1.5,323,25752,16430,33.6,97.0
Station_01,Inv_00,20170802,17:46:00,229.5,1.3,298,215.0,1.4,301,25752,16430,33.6,96.0
Station_01,Inv_00,20170802,17:47:00,218.5,1.3,284,215.0,1.4,301,25752,16430,33.4,94.0
Station_01,Inv_00,20170802,17:48:00,215.0,1.2,258,215.0,1.3,280,25752,16430,33.4,91.0
Station_01,Inv_00,20170802,17:49:00,232.1,1.2,279,216.0,1.3,281,25752,16430,33.3,89.0
Station_01,Inv_00,20170802,17:50:00,225.0,1.2,270,216.0,1.3,281,25752,16430,33.1,88.0
Station_01,Inv_00,20170802,17:51:00,225.9,1.1,249,215.0,1.2,258,25752,16430,33.1,87.0
Station_01,Inv_00,20170802,17:52:00,225.7,1.1,248,216.0,1.3,281,25752,16430,33.0,87.0
Station_01,Inv_00,20170802,17:53:00,229.2,1.1,252,216.0,1.3,281,25752,16430,33.0,88.0
Station_01,Inv_00,20170802,17:54:00,217.5,1.2,261,216.0,1.2,259,25752,16430,33.0,87.0
Station_01,Inv_00,20170802,17:55:00,228.9,1.1,252,217.0,1.2,260,25752,16430,32.9,84.0
Station_01,Inv_00,20170802,17:56:00,225.8,1.0,226,217.0,1.1,239,25752,16430,32.9,78.0
Station_01,Inv_00,20170802,17:57:00,230.9,0.9,208,217.0,1.0,217,25752,16430,32.8,73.0
Station_01,Inv_00,20170802,17:58:00,225.0,0.8,180,217.0,1.0,217,25752,16430,32.7,71.0
Station_01,Inv_00,20170802,17:59:00,219.0,0.9,197,218.0,1.0,218,25752,16430,32.6,69.0
Station_01,Inv_00,20170802,18:00:00,205.0,0.8,164,216.0,0.9,194,25752,16430,32.4,65.0
Station_01,Inv_00,20170802,18:01:00,210.9,0.7,148,216.0,0.8,173,25752,16430,32.4,61.0
Station_01,Inv_00,20170802,18:02:00,211.0,0.6,127,215.0,0.7,151,25752,16430,32.3,57.0
Station_01,Inv_00,20170802,18:03:00,212.8,0.5,106,216.0,0.7,151,25752,16430,32.1,53.0
Station_01,Inv_00,20170802,18:04:00,210.8,0.5,105,217.0,0.6,130,25752,16430,32.0,50.0
Station_01,Inv_00,20170802,18:05:00,216.0,0.5,108,217.0,0.5,109,25752,16430,31.8,48.0
Station_01,Inv_00,20170802,18:06:00,203.0,0.5,102,217.0,0.5,109,25752,16430,31.7,45.0
Station_01,Inv_00,20170802,18:07:00,198.0,0.5,99,216.0,0.5,108,25752,16430,31.6,44.0
Station_01,Inv_00,20170802,18:08:00,194.0,0.4,78,217.0,0.5,109,25752,16430,31.4,43.0
Station_01,Inv_00,20170802,18:09:00,210.7,0.3,63,217.0,0.5,109,25752,16430,31.3,42.0
Station_01,Inv_00,20170802,18:10:00,220.5,0.4,88,217.0,0.4,87,25752,16430,31.2,42.0
Station_01,Inv_00,20170802,18:11:00,214.0,0.3,64,216.0,0.5,108,25752,16430,31.1,42.0
Station_01,Inv_00,20170802,18:12:00,215.0,0.4,86,216.0,0.5,108,25752,16430,31.0,41.0
Station_01,Inv_00,20170802,18:13:00,207.3,0.3,62,215.0,0.5,108,25752,16430,30.9,41.0
Station_01,Inv_00,20170802,18:14:00,198.7,0.3,60,215.0,0.5,108,25752,16430,30.8,40.0
Station_01,Inv_00,20170802,18:15:00,216.3,0.3,65,215.0,0.5,108,25752,16430,30.7,40.0
Station_01,Inv_00,20170802,18:16:00,201.0,0.3,60,216.0,0.5,108,25752,16430,30.6,39.0
Station_01,Inv_00,20170802,18:17:00,193.0,0.3,58,216.0,0.5,108,25752,16430,30.4,38.0
Station_01,Inv_00,20170802,18:18:00,187.0,0.3,56,215.0,0.5,108,25752,16430,30.4,36.0
Station_01,Inv_00,20170802,18:19:00,186.0,0.2,37,215.0,0.4,86,25752,16430,30.3,35.0
Station_01,Inv_00,20170802,18:20:00,198.0,0.2,40,215.0,0.4,86,25752,16430,30.2,33.0
Station_01,Inv_00,20170802,18:21:00,166.0,0.2,33,216.0,0.4,86,25752,16430,30.0,32.0
Station_01,Inv_00,20170802,18:22:00,154.0,0.1,15,216.0,0.4,86,25752,16430,29.9,32.0
Station_01,Inv_00,20170802,18:23:00,164.0,0.1,16,216.0,0.4,86,25752,16430,29.8,31.0
Station_01,Inv_00,20170802,18:24:00,173.0,0.2,35,216.0,0.4,86,25752,16430,29.7,31.0
Station_01,Inv_00,20170802,18:25:00,182.0,0.2,36,216.0,0.4,86,25752,16430,29.7,29.0
Station_01,Inv_00,20170802,18:26:00,187.0,0.2,37,216.0,0.4,86,25752,16430,29.6,29.0
Station_01,Inv_00,20170802,18:27:00,186.0,0.2,37,215.0,0.4,86,25752,16430,29.5,26.0
Station_01,Inv_00,20170802,18:28:00,0.0,0.0,0,216.0,0.4,86,25752,16430,29.4,25.0
Station_01,Inv_00,20170802,18:29:00,0.0,0.0,0,216.0,0.4,86,25752,16430,29.4,544.0
Station_01,Inv_00,20170802,18:30:00,0.0,0.0,0,216.0,0.4,86,25752,16430,29.3,24.0
Station_01,Inv_00,20170802,18:31:00,0.0,0.0,0,0.0,0.0,0,25752,16430,29.3,24.0
Station_01,Inv_00,20170802,18:32:00,0.0,0.0,0,0.0,0.0,0,25752,16430,29.2,23.0
Station_01,Inv_00,20170802,18:33:00,0.0,0.0,0,0.0,0.0,0,25752,16430,29.2,23.0
Station_01,Inv_00,20170802,18:34:00,0.0,0.0,0,0.0,0.0,0,25752,16430,29.1,23.0
Station_01,Inv_00,20170802,18:35:00,0.0,0.0,0,0.0,0.0,0,25752,16430,29.0,22.0
Station_01,Inv_00,20170802,18:36:00,0.0,0.0,0,0.0,0.0,0,25752,16430,28.9,22.0
Station_01,Inv_00,20170802,18:37:00,0.0,0.0,0,0.0,0.0,0,25752,16430,28.8,22.0
Station_01,Inv_00,20170802,18:38:00,0.0,0.0,0,0.0,0.0,0,25752,16430,28.8,21.0
Station_01,Inv_00,20170802,18:39:00,0.0,0.0,0,0.0,0.0,0,25752,16430,28.7,20.0
Station_01,Inv_00,20170802,18:40:00,0.0,0.0,0,0.0,0.0,0,25752,16430,28.7,20.0
Station_01,Inv_00,20170802,18:41:00,0.0,0.0,0,0.0,0.0,0,25752,16430,28.7,19.0
Station_01,Inv_00,20170802,18:42:00,0.0,0.0,0,0.0,0.0,0,25752,16430,28.6,19.0
Station_01,Inv_00,20170802,18:43:00,0.0,0.0,0,0.0,0.0,0,25752,16430,28.6,18.0
Station_01,Inv_00,20170802,18:44:00,0.0,0.0,0,0.0,0.0,0,25752,16430,28.6,18.0
Station_01,Inv_00,20170802,18:45:00,0.0,0.0,0,0.0,0.0,0,25752,16430,28.5,18.0
Station_01,Inv_00,20170802,18:46:00,0.0,0.0,0,0.0,0.0,0,25752,16430,28.5,18.0
Station_01,Inv_00,20170802,18:47:00,0.0,0.0,0,0.0,0.0,0,25752,16430,28.4,18.0
Station_01,Inv_00,20170802,18:48:00,0.0,0.0,0,0.0,0.0,0,25752,16430,28.4,17.0
Station_01,Inv_00,20170802,18:49:00,0.0,0.0,0,0.0,0.0,0,25752,16430,28.4,17.0
Station_01,Inv_00,20170802,18:50:00,0.0,0.0,0,0.0,0.0,0,25752,16430,28.4,17.0
Station_01,Inv_00,20170802,18:51:00,0.0,0.0,0,0.0,0.0,0,25752,16430,28.3,17.0
Station_01,Inv_00,20170802,18:52:00,0.0,0.0,0,0.0,0.0,0,25752,16430,28.3,17.0
Station_01,Inv_00,20170802,18:53:00,0.0,0.0,0,0.0,0.0,0,25752,16430,28.3,17.0
Station_01,Inv_00,20170802,18:54:00,0.0,0.0,0,0.0,0.0,0,25752,16430,28.2,17.0
Station_01,Inv_00,20170802,18:55:00,0.0,0.0,0,0.0,0.0,0,25752,16430,28.2,17.0
Station_01,Inv_00,20170802,18:56:00,0.0,0.0,0,0.0,0.0,0,25752,16430,28.2,17.0
Station_01,Inv_00,20170802,18:57:00,0.0,0.0,0,0.0,0.0,0,25752,16430,28.2,18.0
Station_01,Inv_00,20170802,18:58:00,0.0,0.0,0,0.0,0.0,0,25752,16430,28.2,17.0
Station_01,Inv_00,20170802,18:59:00,0.0,0.0,0,0.0,0.0,0,25752,16430,28.1,17.0
Station_01,Inv_00,20170802,19:00:00,0.0,0.0,0,0.0,0.0,0,25752,16430,28.2,17.0
Station_01,Inv_00,20170802,19:01:00,0.0,0.0,0,0.0,0.0,0,25752,16430,28.1,17.0
Station_01,Inv_00,20170802,19:02:00,0.0,0.0,0,0.0,0.0,0,25752,16430,28.0,17.0
Station_01,Inv_00,20170802,19:03:00,0.0,0.0,0,0.0,0.0,0,25752,16430,28.1,17.0
Station_01,Inv_00,20170802,19:04:00,0.0,0.0,0,0.0,0.0,0,25752,16430,28.0,17.0
Station_01,Inv_00,20170802,19:05:00,0.0,0.0,0,0.0,0.0,0,25752,16430,28.0,17.0
Station_01,Inv_00,20170802,19:06:00,0.0,0.0,0,0.0,0.0,0,25752,16430,28.0,17.0
Station_01,Inv_00,20170802,19:07:00,0.0,0.0,0,0.0,0.0,0,25752,16430,28.0,17.0
Station_01,Inv_00,20170802,19:08:00,0.0,0.0,0,0.0,0.0,0,25752,16430,28.0,17.0
Station_01,Inv_00,20170802,19:09:00,0.0,0.0,0,0.0,0.0,0,25752,16430,28.0,17.0
Station_01,Inv_00,20170802,19:10:00,0.0,0.0,0,0.0,0.0,0,25752,16430,27.9,17.0
Station_01,Inv_00,20170802,19:11:00,0.0,0.0,0,0.0,0.0,0,25752,16430,27.9,20.0
Station_01,Inv_00,20170802,19:12:00,0.0,0.0,0,0.0,0.0,0,25752,16430,27.9,20.0
Station_01,Inv_00,20170802,19:13:00,0.0,0.0,0,0.0,0.0,0,25752,16430,27.8,17.0
Station_01,Inv_00,20170802,19:14:00,0.0,0.0,0,0.0,0.0,0,25752,16430,27.8,17.0
Station_01,Inv_00,20170802,19:15:00,0.0,0.0,0,0.0,0.0,0,25752,16430,27.7,18.0
Station_01,Inv_00,20170802,19:16:00,0.0,0.0,0,0.0,0.0,0,25752,16430,27.6,17.0
Station_01,Inv_00,20170802,19:17:00,0.0,0.0,0,0.0,0.0,0,25752,16430,27.7,17.0
Station_01,Inv_00,20170802,19:18:00,0.0,0.0,0,0.0,0.0,0,25752,16430,27.7,17.0
Station_01,Inv_00,20170802,19:19:00,0.0,0.0,0,0.0,0.0,0,25752,16430,27.8,18.0
Station_01,Inv_00,20170802,19:20:00,0.0,0.0,0,0.0,0.0,0,25752,16430,27.8,18.0
Station_01,Inv_00,20170802,19:21:00,0.0,0.0,0,0.0,0.0,0,25752,16430,27.8,18.0
Station_01,Inv_00,20170802,19:22:00,0.0,0.0,0,0.0,0.0,0,25752,16430,27.7,18.0
Station_01,Inv_00,20170802,19:23:00,0.0,0.0,0,0.0,0.0,0,25752,16430,27.7,18.0
Station_01,Inv_00,20170802,19:24:00,0.0,0.0,0,0.0,0.0,0,25752,16430,27.7,17.0
Station_01,Inv_00,20170802,19:25:00,0.0,0.0,0,0.0,0.0,0,25752,16430,27.7,18.0
Station_01,Inv_00,20170802,19:26:00,0.0,0.0,0,0.0,0.0,0,25752,16430,27.7,17.0
Station_01,Inv_00,20170802,19:27:00,0.0,0.0,0,0.0,0.0,0,25752,16430,27.6,18.0
Station_01,Inv_00,20170802,19:28:00,0.0,0.0,0,0.0,0.0,0,25752,16430,27.7,17.0
Station_01,Inv_00,20170802,19:29:00,0.0,0.0,0,0.0,0.0,0,25752,16430,27.7,18.0
Station_01,Inv_00,20170802,19:30:00,0.0,0.0,0,0.0,0.0,0,25752,16430,27.6,17.0
Station_01,Inv_00,20170802,19:31:00,0.0,0.0,0,0.0,0.0,0,25752,16430,27.6,18.0
Station_01,Inv_00,20170802,19:32:00,0.0,0.0,0,0.0,0.0,0,25752,16430,27.5,18.0
Station_01,Inv_00,20170802,19:33:00,0.0,0.0,0,0.0,0.0,0,25752,16430,27.5,18.0
Station_01,Inv_00,20170802,19:34:00,0.0,0.0,0,0.0,0.0,0,25752,16430,27.5,18.0
Station_01,Inv_00,20170802,19:35:00,0.0,0.0,0,0.0,0.0,0,25752,16430,27.5,18.0
Station_01,Inv_00,20170802,19:36:00,0.0,0.0,0,0.0,0.0,0,25752,16430,27.5,18.0
Station_01,Inv_00,20170802,19:37:00,0.0,0.0,0,0.0,0.0,0,25752,16430,27.4,18.0
Station_01,Inv_00,20170802,19:38:00,0.0,0.0,0,0.0,0.0,0,25752,16430,27.4,18.0
Station_01,Inv_00,20170802,19:39:00,0.0,0.0,0,0.0,0.0,0,25752,16430,27.5,17.0
Station_01,Inv_00,20170802,19:40:00,0.0,0.0,0,0.0,0.0,0,25752,16430,27.4,18.0
Station_01,Inv_00,20170802,19:41:00,0.0,0.0,0,0.0,0.0,0,25752,16430,27.4,18.0
Station_01,Inv_00,20170802,19:42:00,0.0,0.0,0,0.0,0.0,0,25752,16430,27.4,18.0
Station_01,Inv_00,20170802,19:43:00,0.0,0.0,0,0.0,0.0,0,25752,16430,27.4,18.0
Station_01,Inv_00,20170802,19:44:00,0.0,0.0,0,0.0,0.0,0,25752,16430,27.4,18.0
Station_01,Inv_00,20170802,19:45:00,0.0,0.0,0,0.0,0.0,0,25752,16430,27.4,18.0
Station_01,Inv_00,20170802,19:46:00,0.0,0.0,0,0.0,0.0,0,25752,16430,27.5,18.0
Station_01,Inv_00,20170802,19:47:00,0.0,0.0,0,0.0,0.0,0,25752,16430,27.5,18.0
Station_01,Inv_00,20170802,19:48:00,0.0,0.0,0,0.0,0.0,0,25752,16430,27.5,18.0
Station_01,Inv_00,20170802,19:49:00,0.0,0.0,0,0.0,0.0,0,25752,16430,27.5,18.0
Station_01,Inv_00,20170802,19:50:00,0.0,0.0,0,0.0,0.0,0,25752,16430,27.5,18.0
Station_01,Inv_00,20170802,19:51:00,0.0,0.0,0,0.0,0.0,0,25752,16430,27.5,18.0
Station_01,Inv_00,20170802,19:52:00,0.0,0.0,0,0.0,0.0,0,25752,16430,27.4,18.0
Station_01,Inv_00,20170802,19:53:00,0.0,0.0,0,0.0,0.0,0,25752,16430,27.5,18.0
Station_01,Inv_00,20170802,19:54:00,0.0,0.0,0,0.0,0.0,0,25752,16430,27.5,18.0
Station_01,Inv_00,20170802,19:55:00,0.0,0.0,0,0.0,0.0,0,25752,16430,27.5,18.0
Station_01,Inv_00,20170802,19:56:00,0.0,0.0,0,0.0,0.0,0,25752,16430,27.5,18.0
Station_01,Inv_00,20170802,19:57:00,0.0,0.0,0,0.0,0.0,0,25752,16430,27.5,18.0
Station_01,Inv_00,20170802,19:58:00,0.0,0.0,0,0.0,0.0,0,25752,16430,27.5,18.0
Station_01,Inv_00,20170802,19:59:00,0.0,0.0,0,0.0,0.0,0,25752,16430,27.5,18.0
Station_01,Inv_00,20170802,20:00:00,0.0,0.0,0,0.0,0.0,0,25752,16430,27.5,18.0
