Station_01,Inv_00,20170704,05:00:00,0.0,0.0,0,0.0,0.0,0,25280,16129,24.4,20.0
Station_01,Inv_00,20170704,05:01:00,0.0,0.0,0,0.0,0.0,0,25280,16129,24.4,20.0
Station_01,Inv_00,20170704,05:02:00,0.0,0.0,0,0.0,0.0,0,25280,16129,24.6,20.0
Station_01,Inv_00,20170704,05:03:00,0.0,0.0,0,0.0,0.0,0,25280,16129,24.6,20.0
Station_01,Inv_00,20170704,05:04:00,0.0,0.0,0,0.0,0.0,0,25280,16129,24.6,20.0
Station_01,Inv_00,20170704,05:05:00,0.0,0.0,0,0.0,0.0,0,25280,16129,24.6,19.0
Station_01,Inv_00,20170704,05:06:00,0.0,0.0,0,0.0,0.0,0,25280,16129,24.5,19.0
Station_01,Inv_00,20170704,05:07:00,0.0,0.0,0,0.0,0.0,0,25280,16129,24.5,20.0
Station_01,Inv_00,20170704,05:08:00,0.0,0.0,0,0.0,0.0,0,25280,16129,24.6,20.0
Station_01,Inv_00,20170704,05:09:00,0.0,0.0,0,0.0,0.0,0,25280,16129,24.7,21.0
Station_01,Inv_00,20170704,05:10:00,0.0,0.0,0,0.0,0.0,0,25280,16129,24.6,20.0
Station_01,Inv_00,20170704,05:11:00,0.0,0.0,0,0.0,0.0,0,25280,16129,24.6,21.0
Station_01,Inv_00,20170704,05:12:00,0.0,0.0,0,0.0,0.0,0,25280,16129,24.6,21.0
Station_01,Inv_00,20170704,05:13:00,0.0,0.0,0,0.0,0.0,0,25280,16129,24.7,21.0
Station_01,Inv_00,20170704,05:14:00,0.0,0.0,0,0.0,0.0,0,25280,16129,24.7,21.0
Station_01,Inv_00,20170704,05:15:00,0.0,0.0,0,0.0,0.0,0,25280,16129,24.6,21.0
Station_01,Inv_00,20170704,05:16:00,0.0,0.0,0,0.0,0.0,0,25280,16129,24.6,21.0
Station_01,Inv_00,20170704,05:17:00,0.0,0.0,0,0.0,0.0,0,25280,16129,24.6,22.0
Station_01,Inv_00,20170704,05:18:00,0.0,0.0,0,0.0,0.0,0,25280,16129,24.6,23.0
Station_01,Inv_00,20170704,05:19:00,0.0,0.0,0,0.0,0.0,0,25280,16129,24.7,23.0
Station_01,Inv_00,20170704,05:20:00,0.0,0.0,0,0.0,0.0,0,25280,16129,24.6,24.0
Station_01,Inv_00,20170704,05:21:00,0.0,0.0,0,0.0,0.0,0,25280,16129,24.8,25.0
Station_01,Inv_00,20170704,05:22:00,0.0,0.0,0,0.0,0.0,0,25280,16129,24.7,26.0
Station_01,Inv_00,20170704,05:23:00,0.0,0.0,0,221.0,0.5,111,25280,16129,24.7,27.0
Station_01,Inv_00,20170704,05:24:00,0.0,0.0,0,222.0,0.5,111,25280,16129,24.7,28.0
Station_01,Inv_00,20170704,05:25:00,0.0,0.0,0,222.0,0.5,111,25280,16129,24.7,29.0
Station_01,Inv_00,20170704,05:26:00,0.0,0.0,0,221.0,0.5,111,25280,16129,24.7,30.0
Station_01,Inv_00,20170704,05:27:00,0.0,0.0,0,222.0,0.5,111,25280,16129,24.8,30.0
Station_01,Inv_00,20170704,05:28:00,0.0,0.0,0,222.0,0.5,111,25280,16129,24.8,31.0
Station_01,Inv_00,20170704,05:29:00,225.5,0.2,45,218.0,0.4,87,25280,16129,24.8,32.0
Station_01,Inv_00,20170704,05:30:00,226.5,0.2,45,217.0,0.4,87,25280,16129,24.8,35.0
Station_01,Inv_00,20170704,05:31:00,235.0,0.2,47,218.0,0.4,87,25280,16129,25.0,34.0
Station_01,Inv_00,20170704,05:32:00,233.0,0.2,47,217.0,0.5,109,25280,16129,25.1,34.0
Station_01,Inv_00,20170704,05:33:00,237.5,0.2,48,218.0,0.4,87,25280,16129,25.2,41.0
Station_01,Inv_00,20170704,05:34:00,214.0,0.1,21,217.0,0.5,109,25280,16129,25.2,36.0
Station_01,Inv_00,20170704,05:35:01,226.3,0.3,68,217.0,0.4,87,25280,16129,25.2,37.0
Station_01,Inv_00,20170704,05:36:00,227.3,0.3,68,217.0,0.5,109,25280,16129,25.3,38.0
Station_01,Inv_00,20170704,05:37:00,228.3,0.3,69,217.0,0.5,109,25280,16129,25.3,39.0
Station_01,Inv_00,20170704,05:38:00,239.0,0.3,72,217.0,0.4,87,25280,16129,25.4,40.0
Station_01,Inv_00,20170704,05:39:00,208.7,0.3,63,216.0,0.5,108,25280,16129,25.4,40.0
Station_01,Inv_00,20170704,05:40:00,226.3,0.3,68,216.0,0.5,108,25280,16129,25.5,41.0
Station_01,Inv_00,20170704,05:41:00,222.7,0.3,67,216.0,0.5,108,25280,16129,25.4,42.0
Station_01,Inv_00,20170704,05:42:00,222.0,0.4,89,216.0,0.5,108,25280,16129,25.5,43.0
Station_01,Inv_00,20170704,05:43:00,193.0,0.3,58,216.0,0.5,108,25280,16129,25.6,44.0
Station_01,Inv_00,20170704,05:44:00,189.3,0.3,57,216.0,0.5,108,25280,16129,25.7,45.0
Station_01,Inv_00,20170704,05:45:00,192.0,0.3,58,216.0,0.5,108,25280,16129,25.8,46.0
Station_01,Inv_00,20170704,05:46:00,181.0,0.4,72,217.0,0.5,109,25280,16129,25.9,47.0
Station_01,Inv_00,20170704,05:47:00,225.0,0.4,90,216.0,0.5,108,25280,16129,25.9,48.0
Station_01,Inv_00,20170704,05:48:00,216.5,0.4,87,216.0,0.5,108,25280,16129,25.9,49.0
Station_01,Inv_00,20170704,05:49:00,213.0,0.4,85,216.0,0.5,108,25280,16129,25.9,50.0
Station_01,Inv_00,20170704,05:50:00,230.8,0.5,115,217.0,0.6,130,25280,16129,26.0,52.0
Station_01,Inv_00,20170704,05:51:00,174.0,0.5,87,216.0,0.5,108,25280,16129,26.1,55.0
Station_01,Inv_00,20170704,05:52:01,170.8,0.5,85,216.0,0.5,108,25280,16129,26.2,57.0
Station_01,Inv_00,20170704,05:53:00,224.8,0.5,112,215.0,0.7,151,25280,16129,26.3,62.0
Station_01,Inv_00,20170704,05:54:00,219.0,0.6,131,215.0,0.7,151,25280,16129,26.4,66.0
Station_01,Inv_00,20170704,05:55:00,237.0,0.6,142,216.0,0.8,173,25280,16129,26.6,72.0
Station_01,Inv_00,20170704,05:56:01,236.4,0.7,166,216.0,0.9,194,25280,16129,26.8,73.0
Station_01,Inv_00,20170704,05:57:00,225.7,0.7,158,216.0,0.8,173,25280,16129,26.9,74.0
Station_01,Inv_00,20170704,05:58:00,196.0,0.8,157,216.0,0.8,173,25280,16129,27.0,82.0
Station_01,Inv_00,20170704,05:59:00,218.5,0.8,175,216.0,0.9,194,25280,16129,27.2,86.0
Station_01,Inv_00,20170704,06:00:00,241.8,0.8,193,217.0,1.0,217,25280,16129,27.5,86.0
Station_01,Inv_00,20170704,06:01:00,225.0,0.9,203,218.0,1.0,218,25280,16129,27.7,100.0
Station_01,Inv_00,20170704,06:02:00,225.0,0.9,203,218.0,1.0,218,25280,16129,27.9,98.0
Station_01,Inv_00,20170704,06:03:00,229.5,1.1,252,216.0,1.2,259,25280,16129,28.1,110.0
Station_01,Inv_00,20170704,06:04:00,227.0,1.1,250,215.0,1.2,258,25280,16129,28.5,120.0
Station_01,Inv_00,20170704,06:05:00,247.3,1.1,272,216.0,1.3,281,25280,16129,28.6,113.0
Station_01,Inv_00,20170704,06:06:00,246.8,1.2,296,217.0,1.4,304,25280,16129,29.0,132.0
Station_01,Inv_00,20170704,06:07:00,241.5,1.0,242,216.0,1.2,259,25280,16129,29.2,114.0
Station_01,Inv_00,20170704,06:08:00,229.5,1.0,230,216.0,1.2,259,25280,16129,29.2,101.0
Station_01,Inv_00,20170704,06:09:00,248.2,1.3,323,216.0,1.5,324,25280,16129,29.5,129.0
Station_01,Inv_00,20170704,06:10:00,251.0,1.5,377,216.0,1.6,346,25280,16129,29.8,148.0
Station_01,Inv_00,20170704,06:11:00,221.5,1.5,332,215.0,1.5,323,25280,16129,30.2,154.0
Station_01,Inv_00,20170704,06:12:00,253.3,1.5,380,217.0,1.7,369,25280,16129,30.4,157.0
Station_01,Inv_00,20170704,06:13:00,239.5,1.6,383,216.0,1.7,367,25280,16129,30.7,160.0
Station_01,Inv_00,20170704,06:14:00,247.5,1.6,396,215.0,1.8,387,25280,16129,30.9,163.0
Station_01,Inv_00,20170704,06:15:00,239.0,1.7,406,216.0,1.8,389,25280,16129,31.2,167.0
Station_01,Inv_00,20170704,06:16:01,245.0,1.6,392,216.0,1.9,410,25280,16129,31.4,170.0
Station_01,Inv_00,20170704,06:17:00,249.4,1.8,449,215.0,2.0,430,25280,16129,31.7,174.0
Station_01,Inv_00,20170704,06:18:00,250.5,1.8,451,216.0,2.0,432,25280,16129,31.9,176.0
Station_01,Inv_00,20170704,06:19:00,212.5,2.0,425,215.0,1.9,409,25280,16129,32.2,180.0
Station_01,Inv_00,20170704,06:20:00,234.5,2.0,469,216.0,2.0,432,25280,16129,32.5,184.0
Station_01,Inv_00,20170704,06:21:00,251.0,2.0,502,215.0,2.2,473,25280,16129,32.7,188.0
Station_01,Inv_00,20170704,06:22:00,251.8,1.9,479,216.0,2.2,475,25280,16129,32.9,191.0
Station_01,Inv_00,20170704,06:23:00,252.0,2.1,529,215.0,2.3,494,25280,16129,33.1,194.0
Station_01,Inv_00,20170704,06:24:00,251.0,2.2,552,216.0,2.3,497,25280,16129,33.3,197.0
Station_01,Inv_00,20170704,06:25:00,249.4,2.2,549,216.0,2.4,518,25280,16129,33.6,200.0
Station_01,Inv_00,20170704,06:26:00,250.5,2.1,526,216.0,2.4,518,25280,16129,33.9,203.0
Station_01,Inv_00,20170704,06:27:00,244.7,2.3,563,216.0,2.5,540,25280,16129,34.1,206.0
Station_01,Inv_00,20170704,06:28:00,250.5,2.2,551,216.0,2.5,540,25280,16129,33.9,209.0
Station_01,Inv_00,20170704,06:29:00,244.9,2.3,563,218.0,2.5,545,25280,16129,34.4,211.0
Station_01,Inv_00,20170704,06:30:00,248.5,2.5,621,216.0,2.6,562,25280,16129,34.7,214.0
Station_01,Inv_00,20170704,06:31:00,252.0,2.4,605,216.0,2.6,562,25280,16129,34.7,217.0
Station_01,Inv_00,20170704,06:32:00,248.8,2.5,622,218.0,2.7,589,25280,16129,34.6,220.0
Station_01,Inv_00,20170704,06:33:00,245.0,2.6,637,217.0,2.8,608,25280,16129,34.8,224.0
Station_01,Inv_00,20170704,06:34:00,250.0,2.6,650,218.0,2.8,610,25280,16129,35.2,226.0
Station_01,Inv_00,20170704,06:35:00,248.5,2.7,671,218.0,2.8,610,25280,16129,35.7,226.0
Station_01,Inv_00,20170704,06:36:01,248.0,2.7,670,217.0,2.9,629,25280,16129,35.8,230.0
Station_01,Inv_00,20170704,06:37:00,241.0,2.8,675,217.0,2.9,629,25280,16129,36.0,232.0
Station_01,Inv_00,20170704,06:38:00,245.0,2.8,686,217.0,3.1,673,25280,16129,36.3,235.0
Station_01,Inv_00,20170704,06:39:00,246.0,2.7,664,216.0,3.1,670,25280,16129,36.6,236.0
Station_01,Inv_00,20170704,06:40:00,247.5,2.9,718,215.0,3.1,667,25280,16129,36.8,237.0
Station_01,Inv_00,20170704,06:41:00,243.5,2.9,706,216.0,3.0,648,25280,16129,36.8,237.0
Station_01,Inv_00,20170704,06:42:00,243.0,2.9,705,215.0,3.1,667,25280,16129,36.7,235.0
Station_01,Inv_00,20170704,06:43:00,246.0,3.0,738,215.0,3.1,667,25280,16129,37.1,238.0
Station_01,Inv_00,20170704,06:44:00,249.5,3.0,749,216.0,3.2,691,25280,16129,36.8,245.0
Station_01,Inv_00,20170704,06:45:00,245.0,3.1,759,216.0,3.2,691,25280,16129,37.3,246.0
Station_01,Inv_00,20170704,06:46:00,242.5,3.2,776,216.0,3.3,713,25280,16129,37.5,251.0
Station_01,Inv_00,20170704,06:47:00,245.0,3.3,808,215.0,3.6,774,25280,16129,37.7,262.0
Station_01,Inv_00,20170704,06:48:00,245.5,3.3,810,216.0,3.6,778,25280,16129,37.6,266.0
Station_01,Inv_00,20170704,06:49:00,246.5,3.3,813,217.0,3.6,781,25280,16129,37.7,268.0
Station_01,Inv_00,20170704,06:50:00,246.0,3.4,836,216.0,3.6,778,25280,16129,38.2,270.0
Station_01,Inv_00,20170704,06:51:00,246.0,3.5,861,215.0,3.7,796,25280,16129,38.4,273.0
Station_01,Inv_00,20170704,06:52:00,245.0,3.6,882,218.0,3.8,828,25280,16129,38.2,277.0
Station_01,Inv_00,20170704,06:53:00,249.0,3.4,847,218.0,3.8,828,25280,16129,38.5,281.0
Station_01,Inv_00,20170704,06:54:01,237.0,3.6,853,218.0,3.9,850,25280,16129,38.6,284.0
Station_01,Inv_00,20170704,06:55:00,244.0,3.7,903,217.0,3.9,846,25280,16129,39.1,287.0
Station_01,Inv_00,20170704,06:56:00,234.9,3.9,916,218.0,3.9,850,25280,16129,39.2,290.0
Station_01,Inv_00,20170704,06:57:00,233.3,4.0,933,218.0,3.9,850,25280,16129,39.2,295.0
Station_01,Inv_00,20170704,06:58:01,243.0,3.8,923,217.0,4.1,890,25280,16129,39.3,299.0
Station_01,Inv_00,20170704,06:59:01,243.0,4.0,972,218.0,4.1,894,25280,16129,39.6,302.0
Station_01,Inv_00,20170704,07:00:00,243.0,4.1,996,219.0,4.1,898,25280,16129,39.8,305.0
Station_01,Inv_00,20170704,07:01:00,244.0,4.0,976,219.0,4.2,920,25280,16129,40.1,310.0
Station_01,Inv_00,20170704,07:02:00,242.0,4.1,992,219.0,4.2,920,25280,16129,40.1,313.0
Station_01,Inv_00,20170704,07:03:00,235.5,4.2,989,218.0,4.3,937,25280,16129,40.3,317.0
Station_01,Inv_00,20170704,07:04:00,241.5,4.4,1063,219.0,4.4,964,25280,16129,40.6,321.0
Station_01,Inv_00,20170704,07:05:00,236.5,4.5,1064,219.0,4.4,964,25280,16129,40.5,325.0
Station_01,Inv_00,20170704,07:06:00,243.0,4.3,1045,218.0,4.5,981,25280,16129,40.8,328.0
Station_01,Inv_00,20170704,07:07:00,239.4,4.6,1101,218.0,4.6,1003,25280,16129,41.4,332.0
Station_01,Inv_00,20170704,07:08:00,246.4,4.4,1084,219.0,4.6,1007,25280,16129,41.4,336.0
Station_01,Inv_00,20170704,07:09:00,238.0,4.7,1119,219.0,4.6,1007,25280,16129,41.6,341.0
Station_01,Inv_00,20170704,07:10:00,242.0,4.6,1113,219.0,4.8,1051,25280,16129,41.7,344.0
Station_01,Inv_00,20170704,07:11:00,242.0,4.6,1113,220.0,4.7,1034,25280,16129,41.7,343.0
Station_01,Inv_00,20170704,07:12:00,242.5,4.7,1140,219.0,4.7,1029,25280,16129,41.8,340.0
Station_01,Inv_00,20170704,07:13:00,241.9,4.7,1137,217.0,4.8,1042,25280,16129,42.0,344.0
Station_01,Inv_00,20170704,07:14:00,240.0,4.7,1128,216.0,4.8,1037,25280,16129,41.9,344.0
Station_01,Inv_00,20170704,07:15:00,239.9,4.6,1104,216.0,4.7,1015,25280,16129,41.6,341.0
Station_01,Inv_00,20170704,07:16:00,241.0,4.4,1060,216.0,4.5,972,25280,16129,41.3,320.0
Station_01,Inv_00,20170704,07:17:00,239.5,4.4,1054,216.0,4.6,994,25280,16129,41.3,321.0
Station_01,Inv_00,20170704,07:18:00,238.5,4.9,1169,216.0,4.9,1058,25280,16129,41.3,343.0
Station_01,Inv_00,20170704,07:19:00,235.5,5.1,1201,216.0,5.1,1102,25280,16129,41.5,351.0
Station_01,Inv_00,20170704,07:20:00,232.0,5.1,1183,216.0,5.1,1102,25280,16129,42.0,360.0
Station_01,Inv_00,20170704,07:21:00,239.5,5.1,1221,216.0,5.2,1123,25281,16129,41.7,366.0
Station_01,Inv_00,20170704,07:22:00,240.0,4.8,1152,216.0,4.9,1058,25281,16129,41.6,345.0
Station_01,Inv_00,20170704,07:23:00,239.0,4.3,1028,217.0,4.4,955,25281,16129,41.4,314.0
Station_01,Inv_00,20170704,07:24:01,237.5,3.5,831,217.0,3.6,781,25281,16129,40.5,259.0
Station_01,Inv_00,20170704,07:25:00,236.5,3.0,710,217.0,3.1,673,25281,16129,39.9,223.0
Station_01,Inv_00,20170704,07:26:00,234.9,2.5,587,216.0,2.5,540,25281,16129,39.6,186.0
Station_01,Inv_00,20170704,07:27:00,227.5,2.6,592,217.0,2.6,564,25281,16129,39.5,209.0
Station_01,Inv_00,20170704,07:28:00,232.5,1.2,279,216.0,1.3,281,25281,16129,38.0,111.0
Station_01,Inv_00,20170704,07:29:00,229.5,1.5,344,217.0,1.5,326,25281,16129,37.3,115.0
Station_01,Inv_00,20170704,07:30:00,229.4,1.7,390,217.0,1.7,369,25281,16129,36.5,123.0
Station_01,Inv_00,20170704,07:31:00,241.5,2.3,555,217.0,2.4,521,25281,16129,36.3,158.0
Station_01,Inv_00,20170704,07:32:00,238.0,2.6,619,217.0,2.7,586,25281,16129,36.2,183.0
Station_01,Inv_00,20170704,07:33:00,237.5,3.0,713,218.0,3.1,676,25281,16129,36.4,223.0
Station_01,Inv_00,20170704,07:34:00,240.0,3.2,768,218.0,3.3,719,25281,16129,36.2,214.0
Station_01,Inv_00,20170704,07:35:00,241.5,4.4,1063,218.0,4.5,981,25281,16129,36.8,286.0
Station_01,Inv_00,20170704,07:36:00,246.5,4.0,986,218.0,4.2,916,25281,16129,37.6,312.0
Station_01,Inv_00,20170704,07:37:00,243.9,3.9,951,218.0,4.0,872,25281,16129,37.8,279.0
Station_01,Inv_00,20170704,07:38:00,242.4,4.6,1115,218.0,4.6,1003,25281,16129,38.1,321.0
Station_01,Inv_00,20170704,07:39:00,242.4,4.1,994,218.0,4.1,894,25281,16129,38.5,292.0
Station_01,Inv_00,20170704,07:40:00,240.9,3.3,795,217.0,3.4,738,25281,16129,38.3,230.0
Station_01,Inv_00,20170704,07:41:00,237.4,3.2,760,217.0,3.3,716,25281,16129,38.1,232.0
Station_01,Inv_00,20170704,07:42:00,238.5,2.6,620,217.0,2.7,586,25281,16129,38.3,198.0
Station_01,Inv_00,20170704,07:43:00,242.5,3.5,849,217.0,3.7,803,25281,16129,38.4,240.0
Station_01,Inv_00,20170704,07:44:00,239.0,3.5,837,217.0,3.6,781,25281,16129,38.3,254.0
Station_01,Inv_00,20170704,07:45:00,233.5,2.6,607,217.0,2.7,586,25281,16129,38.2,209.0
Station_01,Inv_00,20170704,07:46:00,233.0,2.2,513,217.0,2.2,477,25281,16129,37.7,165.0
Station_01,Inv_00,20170704,07:47:00,228.4,1.9,434,217.0,2.0,434,25281,16129,36.8,142.0
Station_01,Inv_00,20170704,07:48:00,237.0,2.6,616,217.0,2.6,564,25281,16129,37.0,170.0
Station_01,Inv_00,20170704,07:49:00,238.5,2.6,620,217.0,2.6,564,25281,16129,37.0,191.0
Station_01,Inv_00,20170704,07:50:00,233.5,2.4,560,217.0,2.5,543,25281,16129,36.7,178.0
Station_01,Inv_00,20170704,07:51:00,226.9,2.3,522,218.0,2.2,480,25281,16129,36.3,174.0
Station_01,Inv_00,20170704,07:52:00,239.5,2.5,599,217.0,2.6,564,25281,16129,36.0,178.0
Station_01,Inv_00,20170704,07:53:00,240.4,2.3,553,216.0,2.4,518,25281,16129,36.1,172.0
Station_01,Inv_00,20170704,07:54:00,238.4,2.9,692,216.0,3.0,648,25281,16129,36.0,195.0
Station_01,Inv_00,20170704,07:55:00,239.4,3.6,862,216.0,3.8,821,25281,16129,36.5,242.0
Station_01,Inv_00,20170704,07:56:00,229.5,4.4,1010,216.0,4.4,950,25281,16129,37.1,301.0
Station_01,Inv_00,20170704,07:57:00,242.0,4.8,1162,217.0,4.9,1063,25281,16129,38.0,328.0
Station_01,Inv_00,20170704,07:58:00,238.5,5.1,1216,217.0,5.2,1128,25281,16129,38.3,339.0
Station_01,Inv_00,20170704,07:59:00,238.9,5.9,1410,217.0,6.2,1345,25281,16129,39.1,393.0
Station_01,Inv_00,20170704,08:00:00,240.8,4.2,1011,217.0,4.2,911,25281,16129,39.5,296.0
Station_01,Inv_00,20170704,08:01:00,237.5,4.1,974,217.0,4.2,911,25281,16129,39.7,291.0
Station_01,Inv_00,20170704,08:02:00,239.0,3.6,860,217.0,3.7,803,25281,16129,39.8,250.0
Station_01,Inv_00,20170704,08:03:00,237.5,3.2,760,216.0,3.3,713,25281,16129,39.9,237.0
Station_01,Inv_00,20170704,08:04:00,237.0,2.0,474,215.0,2.1,452,25281,16129,39.2,169.0
Station_01,Inv_00,20170704,08:05:00,231.0,2.0,462,215.0,2.0,430,25281,16129,38.7,152.0
Station_01,Inv_00,20170704,08:06:00,216.5,3.2,693,215.0,3.1,667,25281,16129,38.7,209.0
Station_01,Inv_00,20170704,08:07:00,235.0,4.4,1034,215.0,4.4,946,25281,16129,38.8,301.0
Station_01,Inv_00,20170704,08:08:00,239.0,3.3,789,217.0,3.4,738,25281,16129,38.8,253.0
Station_01,Inv_00,20170704,08:09:00,235.0,2.5,588,217.0,2.5,543,25281,16129,38.7,184.0
Station_01,Inv_00,20170704,08:10:00,217.0,5.7,1237,218.0,5.3,1155,25281,16129,39.2,325.0
Station_01,Inv_00,20170704,08:11:00,235.0,6.5,1527,218.0,6.5,1417,25281,16129,40.0,424.0
Station_01,Inv_00,20170704,08:12:00,224.0,7.9,1770,218.0,7.7,1679,25281,16129,41.7,491.0
Station_01,Inv_00,20170704,08:13:00,237.4,8.2,1947,217.0,8.4,1823,25281,16129,43.5,549.0
Station_01,Inv_00,20170704,08:14:00,234.0,8.5,1989,217.0,8.6,1866,25281,16129,43.8,556.0
Station_01,Inv_00,20170704,08:15:00,232.4,8.0,1859,217.0,8.2,1779,25281,16129,45.4,553.0
Station_01,Inv_00,20170704,08:16:00,234.4,8.6,2016,217.0,8.7,1888,25281,16129,46.3,560.0
Station_01,Inv_00,20170704,08:17:00,232.0,8.5,1972,217.0,8.6,1866,25281,16129,46.9,566.0
Station_01,Inv_00,20170704,08:18:00,233.5,8.4,1961,217.0,8.4,1823,25281,16129,47.4,549.0
Station_01,Inv_00,20170704,08:19:00,237.0,5.2,1232,216.0,5.3,1145,25281,16129,47.5,382.0
Station_01,Inv_00,20170704,08:20:01,234.5,5.1,1196,216.0,5.1,1102,25281,16129,46.9,367.0
Station_01,Inv_00,20170704,08:21:00,212.0,4.2,890,216.0,3.9,842,25281,16129,45.8,323.0
Station_01,Inv_00,20170704,08:22:00,229.5,4.3,987,216.0,4.1,886,25281,16129,46.1,313.0
Station_01,Inv_00,20170704,08:23:00,227.5,5.1,1160,216.0,5.0,1080,25281,16129,45.2,330.0
Station_01,Inv_00,20170704,08:24:00,237.5,4.9,1164,217.0,4.9,1063,25282,16130,45.3,330.0
Station_01,Inv_00,20170704,08:25:00,233.4,4.0,934,216.0,4.0,864,25282,16130,44.8,276.0
Station_01,Inv_00,20170704,08:26:00,233.4,5.4,1260,217.0,5.3,1150,25282,16130,44.5,337.0
Station_01,Inv_00,20170704,08:27:00,234.5,5.3,1243,217.0,5.3,1150,25282,16130,43.7,325.0
Station_01,Inv_00,20170704,08:28:00,234.5,5.3,1243,216.0,5.5,1188,25282,16130,44.0,367.0
Station_01,Inv_00,20170704,08:29:00,227.0,4.7,1067,218.0,4.6,1003,25282,16130,43.5,312.0
Station_01,Inv_00,20170704,08:30:00,226.5,5.9,1336,217.0,5.8,1259,25282,16130,43.3,352.0
Station_01,Inv_00,20170704,08:31:00,231.5,6.7,1551,217.0,6.7,1454,25282,16130,44.5,435.0
Station_01,Inv_00,20170704,08:32:00,223.5,2.8,626,216.0,2.8,605,25282,16130,43.1,246.0
Station_01,Inv_00,20170704,08:33:00,235.3,3.8,894,217.0,4.0,868,25282,16130,43.1,256.0
Station_01,Inv_00,20170704,08:34:00,232.5,3.1,721,217.0,3.2,694,25282,16130,42.3,226.0
Station_01,Inv_00,20170704,08:35:00,232.0,4.2,974,217.0,4.1,890,25282,16130,42.2,276.0
Station_01,Inv_00,20170704,08:36:00,234.5,4.3,1008,217.0,4.3,933,25282,16130,42.3,284.0
Station_01,Inv_00,20170704,08:37:00,233.0,7.1,1654,217.0,7.1,1541,25282,16130,43.1,446.0
Station_01,Inv_00,20170704,08:38:00,233.5,7.9,1844,217.0,8.2,1779,25282,16130,44.4,529.0
Station_01,Inv_00,20170704,08:39:01,234.0,9.1,2129,217.0,9.3,2018,25282,16130,45.9,591.0
Station_01,Inv_00,20170704,08:40:00,227.5,9.9,2252,217.0,9.8,2127,25282,16130,47.2,622.0
Station_01,Inv_00,20170704,08:41:00,227.5,10.1,2298,218.0,9.9,2158,25282,16130,48.9,638.0
Station_01,Inv_00,20170704,08:42:00,232.5,10.1,2348,217.0,10.1,2192,25282,16130,49.9,652.0
Station_01,Inv_00,20170704,08:43:00,229.5,10.1,2318,217.0,10.1,2192,25282,16130,51.4,654.0
Station_01,Inv_00,20170704,08:44:00,226.0,10.2,2305,217.0,10.1,2192,25282,16130,52.4,655.0
Station_01,Inv_00,20170704,08:45:00,224.0,10.3,2307,217.0,10.0,2170,25282,16130,53.8,658.0
Station_01,Inv_00,20170704,08:46:00,226.4,10.4,2355,216.0,10.2,2203,25282,16130,53.7,666.0
Station_01,Inv_00,20170704,08:47:00,227.0,10.3,2338,216.0,10.2,2203,25282,16130,54.1,670.0
Station_01,Inv_00,20170704,08:48:00,225.5,10.3,2323,215.0,10.3,2215,25282,16130,55.5,671.0
Station_01,Inv_00,20170704,08:49:00,225.0,10.1,2272,216.0,10.2,2203,25282,16130,56.7,670.0
Station_01,Inv_00,20170704,08:50:00,217.5,10.5,2284,218.0,9.9,2158,25282,16130,57.3,667.0
Station_01,Inv_00,20170704,08:51:00,220.0,10.4,2288,218.0,9.8,2136,25282,16130,58.3,657.0
Station_01,Inv_00,20170704,08:52:00,222.5,10.4,2314,220.0,9.9,2178,25282,16130,58.2,665.0
Station_01,Inv_00,20170704,08:53:00,218.5,10.4,2272,220.0,9.8,2156,25282,16130,59.0,659.0
Station_01,Inv_00,20170704,08:54:00,217.5,10.3,2240,219.0,9.7,2124,25282,16130,59.0,651.0
Station_01,Inv_00,20170704,08:55:00,223.5,10.3,2302,219.0,10.0,2190,25282,16130,59.9,661.0
Station_01,Inv_00,20170704,08:56:00,218.0,10.9,2376,219.0,10.3,2256,25282,16130,60.1,687.0
Station_01,Inv_00,20170704,08:57:00,221.0,10.7,2365,219.0,10.2,2234,25282,16130,59.4,686.0
Station_01,Inv_00,20170704,08:58:00,215.0,11.2,2408,219.0,10.3,2256,25283,16131,60.4,697.0
Station_01,Inv_00,20170704,08:59:01,218.0,10.9,2376,219.0,10.3,2256,25283,16131,58.5,704.0
Station_01,Inv_00,20170704,09:00:00,219.0,11.0,2409,219.0,10.3,2256,25283,16131,60.3,704.0
Station_01,Inv_00,20170704,09:01:00,219.5,10.9,2393,219.0,10.3,2256,25283,16131,59.5,691.0
Station_01,Inv_00,20170704,09:02:00,219.0,10.9,2387,219.0,10.3,2256,25283,16131,59.5,694.0
Station_01,Inv_00,20170704,09:03:00,218.0,11.0,2398,220.0,10.3,2266,25283,16131,60.3,699.0
Station_01,Inv_00,20170704,09:04:01,218.5,11.0,2403,219.0,10.3,2256,25283,16131,60.3,697.0
Station_01,Inv_00,20170704,09:05:00,213.5,11.3,2413,219.0,10.4,2278,25283,16131,61.0,703.0
Station_01,Inv_00,20170704,09:06:00,211.5,11.5,2432,218.0,10.4,2267,25283,16131,61.1,703.0
Station_01,Inv_00,20170704,09:07:00,217.0,11.3,2452,219.0,10.5,2300,25283,16131,61.8,713.0
Station_01,Inv_00,20170704,09:08:00,215.5,11.5,2478,219.0,10.6,2321,25283,16131,60.8,717.0
Station_01,Inv_00,20170704,09:09:00,223.0,11.1,2475,219.0,10.7,2343,25283,16131,61.5,719.0
Station_01,Inv_00,20170704,09:10:00,213.5,11.5,2455,218.0,10.7,2333,25283,16131,59.6,718.0
Station_01,Inv_00,20170704,09:11:00,212.0,11.7,2480,219.0,10.7,2343,25283,16131,60.8,719.0
Station_01,Inv_00,20170704,09:12:00,218.0,11.4,2485,219.0,10.7,2343,25283,16131,61.3,718.0
Station_01,Inv_00,20170704,09:13:00,212.5,11.7,2486,218.0,10.7,2333,25283,16131,61.3,735.0
Station_01,Inv_00,20170704,09:14:00,214.0,11.6,2482,219.0,10.7,2343,25283,16131,59.0,738.0
Station_01,Inv_00,20170704,09:15:00,217.9,11.0,2397,218.0,10.4,2267,25283,16131,61.5,716.0
Station_01,Inv_00,20170704,09:16:00,217.0,11.4,2473,219.0,10.6,2321,25283,16131,61.9,718.0
Station_01,Inv_00,20170704,09:17:00,215.9,11.4,2462,218.0,10.7,2333,25283,16131,62.1,729.0
Station_01,Inv_00,20170704,09:18:00,214.0,11.8,2525,218.0,10.8,2354,25283,16131,61.3,738.0
Station_01,Inv_00,20170704,09:19:00,209.0,11.0,2299,218.0,10.0,2180,25283,16131,62.2,742.0
Station_01,Inv_00,20170704,09:20:00,222.5,8.7,1936,217.0,6.9,1497,25283,16131,60.4,294.0
Station_01,Inv_00,20170704,09:21:00,215.0,12.5,2687,218.0,11.6,2529,25283,16131,60.9,782.0
Station_01,Inv_00,20170704,09:22:00,212.0,12.3,2608,219.0,11.2,2453,25284,16131,61.9,748.0
Station_01,Inv_00,20170704,09:23:00,220.3,3.3,727,219.0,3.1,679,25284,16131,59.2,242.0
Station_01,Inv_00,20170704,09:24:00,220.9,11.8,2607,220.0,11.2,2464,25284,16131,59.9,756.0
Station_01,Inv_00,20170704,09:25:00,218.5,10.9,2381,220.0,10.5,2310,25284,16131,60.4,731.0
Station_01,Inv_00,20170704,09:26:00,223.4,4.8,1073,219.0,3.9,854,25284,16131,55.9,204.0
Station_01,Inv_00,20170704,09:27:00,211.0,12.9,2722,221.0,11.7,2586,25284,16131,58.3,754.0
Station_01,Inv_00,20170704,09:28:00,220.0,12.2,2684,220.0,11.6,2552,25284,16131,58.7,778.0
Station_01,Inv_00,20170704,09:29:00,207.5,12.7,2635,221.0,11.2,2475,25284,16131,59.9,774.0
Station_01,Inv_00,20170704,09:30:00,205.0,12.9,2644,220.0,11.2,2464,25284,16131,61.2,781.0
Station_01,Inv_00,20170704,09:31:00,216.0,12.4,2678,220.0,11.4,2508,25284,16131,60.4,789.0
Station_01,Inv_00,20170704,09:32:01,217.5,12.4,2697,218.0,11.6,2529,25284,16131,61.4,798.0
Station_01,Inv_00,20170704,09:33:00,215.0,12.5,2687,218.0,11.6,2529,25284,16131,60.9,800.0
Station_01,Inv_00,20170704,09:34:00,214.4,12.6,2701,218.0,11.3,2463,25284,16131,61.2,806.0
Station_01,Inv_00,20170704,09:35:00,214.0,12.7,2718,219.0,11.7,2562,25284,16131,61.2,798.0
Station_01,Inv_00,20170704,09:36:00,216.5,12.4,2684,219.0,11.6,2540,25284,16131,61.5,803.0
Station_01,Inv_00,20170704,09:37:00,216.0,12.6,2721,219.0,11.7,2562,25284,16131,62.2,810.0
Station_01,Inv_00,20170704,09:38:00,216.0,12.7,2743,219.0,11.8,2584,25284,16131,62.0,811.0
Station_01,Inv_00,20170704,09:39:00,207.0,13.3,2753,218.0,11.8,2572,25284,16131,62.8,822.0
Station_01,Inv_00,20170704,09:40:00,216.5,12.7,2750,218.0,11.9,2594,25284,16131,62.9,823.0
Station_01,Inv_00,20170704,09:41:00,212.0,11.7,2480,219.0,10.8,2365,25284,16131,64.4,762.0
Station_01,Inv_00,20170704,09:42:00,214.5,13.0,2788,218.0,12.0,2616,25284,16131,64.5,819.0
Station_01,Inv_00,20170704,09:43:00,204.0,13.7,2795,218.0,12.0,2616,25284,16131,64.6,842.0
Station_01,Inv_00,20170704,09:44:00,210.5,13.3,2800,218.0,12.1,2638,25284,16131,65.9,841.0
Station_01,Inv_00,20170704,09:45:00,208.9,11.1,2319,217.0,10.2,2213,25284,16131,66.5,807.0
Station_01,Inv_00,20170704,09:46:00,211.4,11.4,2410,217.0,10.4,2257,25285,16132,66.1,761.0
Station_01,Inv_00,20170704,09:47:00,202.0,10.3,2081,217.0,9.1,1975,25285,16132,64.2,580.0
Station_01,Inv_00,20170704,09:48:00,201.6,12.0,2420,217.0,10.3,2235,25285,16132,63.1,659.0
Station_01,Inv_00,20170704,09:49:00,207.1,11.1,2299,218.0,10.1,2202,25285,16132,63.0,802.0
Station_01,Inv_00,20170704,09:50:00,212.2,13.3,2823,217.0,12.2,2647,25285,16132,63.6,832.0
Station_01,Inv_00,20170704,09:51:00,209.5,13.3,2786,218.0,12.1,2638,25285,16132,64.8,837.0
Station_01,Inv_00,20170704,09:52:00,212.5,13.5,2869,218.0,12.4,2703,25285,16132,65.0,845.0
Station_01,Inv_00,20170704,09:53:00,211.5,13.0,2750,218.0,12.0,2616,25285,16132,65.0,750.0
Station_01,Inv_00,20170704,09:54:00,212.0,13.8,2925,218.0,12.6,2747,25285,16132,66.2,868.0
Station_01,Inv_00,20170704,09:55:00,206.5,14.0,2891,218.0,12.5,2725,25285,16132,66.2,881.0
Station_01,Inv_00,20170704,09:56:00,210.0,13.8,2898,218.0,12.5,2725,25285,16132,67.3,881.0
Station_01,Inv_00,20170704,09:57:00,211.0,13.5,2848,218.0,12.4,2703,25285,16132,67.5,867.0
Station_01,Inv_00,20170704,09:58:00,212.0,13.4,2841,218.0,12.2,2660,25285,16132,68.2,854.0
Station_01,Inv_00,20170704,09:59:00,206.5,13.7,2829,218.0,12.1,2638,25285,16132,67.0,848.0
Station_01,Inv_00,20170704,10:00:00,209.5,13.4,2807,217.0,12.2,2647,25285,16132,67.3,853.0
Station_01,Inv_00,20170704,10:01:00,204.0,14.0,2856,218.0,12.3,2681,25285,16132,66.1,866.0
Station_01,Inv_00,20170704,10:02:00,206.5,13.9,2870,218.0,12.4,2703,25285,16132,68.2,873.0
Station_01,Inv_00,20170704,10:03:00,208.0,13.9,2891,218.0,12.4,2703,25285,16132,68.2,870.0
Station_01,Inv_00,20170704,10:04:01,211.0,13.3,2806,218.0,12.0,2616,25285,16132,68.0,846.0
Station_01,Inv_00,20170704,10:05:00,206.5,12.3,2540,218.0,11.0,2398,25285,16132,68.5,788.0
Station_01,Inv_00,20170704,10:06:00,211.0,12.9,2722,218.0,11.5,2507,25285,16132,67.5,814.0
Station_01,Inv_00,20170704,10:07:00,210.0,12.4,2604,218.0,11.3,2463,25285,16132,65.2,777.0
Station_01,Inv_00,20170704,10:08:00,211.5,11.2,2368,218.0,10.3,2245,25285,16132,65.4,731.0
Station_01,Inv_00,20170704,10:09:00,212.4,8.9,1890,218.0,8.3,1809,25286,16132,64.6,604.0
Station_01,Inv_00,20170704,10:10:00,214.0,8.6,1840,218.0,8.0,1744,25286,16132,63.2,533.0
Station_01,Inv_00,20170704,10:11:00,213.0,7.3,1555,217.0,6.6,1432,25286,16132,62.3,431.0
Station_01,Inv_00,20170704,10:12:00,215.0,10.5,2257,217.0,9.8,2127,25286,16132,62.2,652.0
Station_01,Inv_00,20170704,10:13:00,207.5,13.6,2822,217.0,12.2,2647,25286,16132,61.9,808.0
Station_01,Inv_00,20170704,10:14:00,195.0,14.5,2828,217.0,12.1,2626,25286,16132,62.4,854.0
Station_01,Inv_00,20170704,10:15:00,192.5,15.0,2887,217.0,12.4,2691,25286,16132,63.6,893.0
Station_01,Inv_00,20170704,10:16:00,215.0,14.1,3031,217.0,13.1,2843,25286,16132,62.9,897.0
Station_01,Inv_00,20170704,10:17:00,208.9,3.5,731,216.0,3.2,691,25286,16132,59.8,305.0
Station_01,Inv_00,20170704,10:18:00,206.0,2.6,536,216.0,2.4,518,25286,16132,57.6,182.0
Station_01,Inv_00,20170704,10:19:00,219.0,2.4,526,216.0,2.3,497,25286,16132,54.6,172.0
Station_01,Inv_00,20170704,10:20:00,220.0,2.5,550,216.0,2.5,540,25286,16132,51.4,173.0
Station_01,Inv_00,20170704,10:21:00,222.8,3.0,668,216.0,2.9,626,25286,16132,51.1,195.0
Station_01,Inv_00,20170704,10:22:00,224.0,15.2,3405,218.0,14.7,3205,25286,16132,54.0,918.0
Station_01,Inv_00,20170704,10:23:00,219.9,15.4,3386,218.0,14.6,3183,25286,16132,54.9,952.0
Station_01,Inv_00,20170704,10:24:00,221.5,14.8,3278,218.0,14.1,3074,25286,16132,56.8,960.0
Station_01,Inv_00,20170704,10:25:00,219.0,14.7,3219,218.0,13.9,3030,25286,16132,58.7,939.0
Station_01,Inv_00,20170704,10:26:00,217.5,14.2,3088,218.0,13.3,2899,25286,16132,59.7,905.0
Station_01,Inv_00,20170704,10:27:00,209.5,14.8,3101,217.0,13.4,2908,25286,16132,61.6,903.0
Station_01,Inv_00,20170704,10:28:01,215.5,14.4,3103,218.0,13.4,2921,25286,16132,61.7,908.0
Station_01,Inv_00,20170704,10:29:00,216.4,14.3,3095,217.0,13.4,2908,25286,16132,62.6,909.0
Station_01,Inv_00,20170704,10:30:00,215.0,14.3,3075,218.0,13.2,2878,25286,16132,62.7,914.0
Station_01,Inv_00,20170704,10:31:00,211.5,14.5,3067,218.0,13.3,2899,25286,16132,62.9,914.0
Station_01,Inv_00,20170704,10:32:00,210.5,14.5,3052,217.0,13.2,2864,25286,16132,65.0,913.0
Station_01,Inv_00,20170704,10:33:00,210.0,14.5,3045,217.0,13.2,2864,25286,16132,64.7,915.0
Station_01,Inv_00,20170704,10:34:00,200.5,15.2,3047,217.0,13.0,2821,25287,16133,65.0,909.0
Station_01,Inv_00,20170704,10:35:00,208.5,14.8,3086,218.0,13.3,2899,25287,16133,65.2,911.0
Station_01,Inv_00,20170704,10:36:00,211.0,14.7,3102,217.0,13.4,2908,25287,16133,65.8,922.0
Station_01,Inv_00,20170704,10:37:00,210.0,14.7,3087,217.0,13.4,2908,25287,16133,65.9,930.0
Station_01,Inv_00,20170704,10:38:00,211.0,14.6,3080,217.0,13.3,2886,25287,16133,66.6,930.0
Station_01,Inv_00,20170704,10:39:00,209.0,14.8,3093,217.0,13.4,2908,25287,16133,66.4,935.0
Station_01,Inv_00,20170704,10:40:00,196.0,15.5,3038,217.0,13.0,2821,25287,16133,66.3,934.0
Station_01,Inv_00,20170704,10:41:00,188.0,15.8,2970,218.0,12.7,2769,25287,16133,65.8,927.0
Station_01,Inv_00,20170704,10:42:00,202.0,15.1,3050,218.0,13.2,2878,25287,16133,67.5,922.0
Station_01,Inv_00,20170704,10:43:00,195.5,15.6,3050,217.0,13.1,2843,25287,16133,66.5,932.0
Station_01,Inv_00,20170704,10:44:00,195.5,15.9,3108,217.0,13.4,2908,25287,16133,68.5,941.0
Station_01,Inv_00,20170704,10:45:00,194.5,16.2,3151,217.0,13.5,2930,25287,16133,66.1,959.0
Station_01,Inv_00,20170704,10:46:00,194.5,16.3,3170,217.0,13.6,2951,25287,16133,66.5,981.0
Station_01,Inv_00,20170704,10:47:00,195.0,16.0,3120,217.0,13.4,2908,25287,16133,67.2,972.0
Station_01,Inv_00,20170704,10:48:00,195.0,15.8,3081,217.0,13.3,2886,25287,16133,69.3,941.0
Station_01,Inv_00,20170704,10:49:00,193.5,15.9,3077,217.0,13.3,2886,25287,16133,69.3,957.0
Station_01,Inv_00,20170704,10:50:00,195.5,15.9,3108,217.0,13.4,2908,25287,16133,69.4,962.0
Station_01,Inv_00,20170704,10:51:00,195.0,15.7,3061,217.0,13.1,2843,25287,16133,70.0,957.0
Station_01,Inv_00,20170704,10:52:00,194.5,15.6,3034,216.0,13.1,2830,25287,16133,70.1,947.0
Station_01,Inv_00,20170704,10:53:00,195.0,15.4,3003,217.0,12.9,2799,25288,16134,70.1,926.0
Station_01,Inv_00,20170704,10:54:00,195.0,15.5,3023,217.0,12.9,2799,25288,16134,69.3,920.0
Station_01,Inv_00,20170704,10:55:00,195.5,15.6,3050,217.0,13.1,2843,25288,16134,69.2,940.0
Station_01,Inv_00,20170704,10:56:00,194.5,15.7,3054,216.0,13.2,2851,25288,16134,69.1,947.0
Station_01,Inv_00,20170704,10:57:00,195.0,15.6,3042,217.0,13.2,2864,25288,16134,68.7,937.0
Station_01,Inv_00,20170704,10:58:00,195.5,15.6,3050,217.0,13.2,2864,25288,16134,70.7,934.0
Station_01,Inv_00,20170704,10:59:00,195.0,15.4,3003,216.0,13.0,2808,25288,16134,72.2,930.0
Station_01,Inv_00,20170704,11:00:00,195.0,15.5,3022,217.0,13.0,2821,25288,16134,72.0,937.0
Station_01,Inv_00,20170704,11:01:00,142.0,4.1,582,215.0,3.0,645,25288,16134,68.3,525.0
Station_01,Inv_00,20170704,11:02:00,196.0,15.7,3077,216.0,12.0,2592,25288,16134,66.4,601.0
Station_01,Inv_00,20170704,11:03:00,188.3,8.3,1563,216.0,9.2,1987,25288,16134,68.5,957.0
Station_01,Inv_00,20170704,11:04:00,208.6,2.5,522,215.0,2.4,516,25288,16134,64.5,212.0
Station_01,Inv_00,20170704,11:05:00,211.0,13.1,2764,216.0,11.6,2506,25288,16134,65.1,871.0
Station_01,Inv_00,20170704,11:06:01,211.5,16.0,3384,217.0,14.7,3190,25288,16134,65.9,986.0
Station_01,Inv_00,20170704,11:07:00,207.0,16.5,3416,217.0,14.8,3212,25288,16134,64.8,1005.0
Station_01,Inv_00,20170704,11:08:00,210.5,16.2,3410,216.0,14.8,3197,25288,16134,64.2,980.0
Station_01,Inv_00,20170704,11:09:00,204.0,16.4,3346,216.0,14.4,3110,25288,16134,65.8,977.0
Station_01,Inv_00,20170704,11:10:00,208.4,15.6,3251,216.0,14.1,3046,25288,16134,65.4,968.0
Station_01,Inv_00,20170704,11:11:00,140.0,3.3,462,215.0,2.3,494,25288,16134,63.4,751.0
Station_01,Inv_00,20170704,11:12:00,210.0,3.0,630,215.0,2.8,602,25288,16134,60.3,284.0
Station_01,Inv_00,20170704,11:13:00,212.8,15.9,3384,217.0,14.5,3147,25288,16134,58.4,704.0
Station_01,Inv_00,20170704,11:14:00,208.9,16.4,3426,217.0,14.7,3190,25288,16134,61.4,1001.0
Station_01,Inv_00,20170704,11:15:00,202.0,10.3,2081,216.0,8.2,1771,25288,16134,61.0,788.0
Station_01,Inv_00,20170704,11:16:00,208.5,16.7,3482,217.0,15.0,3255,25289,16134,62.6,749.0
Station_01,Inv_00,20170704,11:17:00,210.5,16.3,3431,216.0,14.8,3197,25289,16134,63.6,1018.0
Station_01,Inv_00,20170704,11:18:00,208.5,16.2,3378,217.0,14.6,3168,25289,16134,64.4,1010.0
Station_01,Inv_00,20170704,11:19:00,209.0,15.9,3323,217.0,14.4,3125,25289,16134,64.4,994.0
Station_01,Inv_00,20170704,11:20:00,207.5,15.9,3299,217.0,14.2,3081,25289,16134,65.0,979.0
Station_01,Inv_00,20170704,11:21:00,203.5,16.2,3296,217.0,14.1,3060,25289,16134,65.2,979.0
Station_01,Inv_00,20170704,11:22:00,199.5,16.3,3252,217.0,14.0,3038,25289,16134,65.4,970.0
Station_01,Inv_00,20170704,11:23:00,205.5,16.0,3288,216.0,14.2,3067,25289,16134,64.4,979.0
Station_01,Inv_00,20170704,11:24:00,208.0,15.9,3307,217.0,14.3,3103,25289,16134,65.5,999.0
Station_01,Inv_00,20170704,11:25:00,0.0,0.0,0,219.0,0.1,22,25289,16134,65.5,860.0
Station_01,Inv_00,20170704,11:26:00,0.0,0.0,0,219.0,0.1,22,25289,16134,66.3,978.0
Station_01,Inv_00,20170704,11:27:00,0.0,0.0,0,0.0,0.0,0,25289,16134,67.8,984.0
Station_01,Inv_00,20170704,11:28:00,0.0,0.0,0,0.0,0.0,0,25289,16134,67.6,969.0
Station_01,Inv_00,20170704,11:29:00,0.0,0.0,0,0.0,0.0,0,25289,16134,69.7,960.0
Station_01,Inv_00,20170704,11:30:00,243.5,10.4,2532,216.0,11.1,2398,25289,16134,70.0,966.0
Station_01,Inv_00,20170704,11:31:00,209.5,15.3,3205,216.0,13.9,3002,25289,16134,68.4,969.0
Station_01,Inv_00,20170704,11:32:01,0.0,0.0,0,0.0,0.0,0,25289,16134,65.9,342.0
Station_01,Inv_00,20170704,11:33:00,0.0,0.0,0,0.0,0.0,0,25289,16134,61.5,330.0
Station_01,Inv_00,20170704,11:34:00,0.0,0.0,0,0.0,0.0,0,25289,16134,65.3,965.0
Station_01,Inv_00,20170704,11:35:00,0.0,0.0,0,0.0,0.0,0,25289,16134,67.8,973.0
Station_01,Inv_00,20170704,11:36:00,0.0,0.0,0,0.0,0.0,0,25289,16134,66.7,989.0
Station_01,Inv_00,20170704,11:37:00,286.5,0.2,57,0.0,0.0,0,25289,16134,68.4,979.0
Station_01,Inv_00,20170704,11:38:00,221.0,14.3,3160,216.0,13.7,2959,25289,16134,66.4,989.0
Station_01,Inv_00,20170704,11:39:00,207.5,15.8,3278,217.0,14.1,3060,25289,16134,66.7,990.0
Station_01,Inv_00,20170704,11:40:00,208.0,15.9,3307,216.0,14.2,3067,25289,16134,68.0,993.0
Station_01,Inv_00,20170704,11:41:00,207.0,16.0,3312,216.0,14.2,3067,25289,16134,67.3,1000.0
Station_01,Inv_00,20170704,11:42:00,204.0,16.1,3284,216.0,14.2,3067,25289,16134,68.3,991.0
Station_01,Inv_00,20170704,11:43:00,206.0,16.0,3296,217.0,14.3,3103,25289,16134,68.7,1010.0
Station_01,Inv_00,20170704,11:44:00,142.4,3.4,484,215.0,2.0,430,25289,16134,68.6,861.0
Station_01,Inv_00,20170704,11:45:00,202.5,16.3,3300,217.0,14.3,3103,25289,16134,66.9,992.0
Station_01,Inv_00,20170704,11:46:00,205.5,15.9,3267,217.0,14.2,3081,25290,16135,68.1,1001.0
Station_01,Inv_00,20170704,11:47:00,204.0,16.1,3284,217.0,14.1,3060,25290,16135,69.0,1011.0
Station_01,Inv_00,20170704,11:48:00,203.5,16.1,3276,217.0,14.2,3081,25290,16135,70.1,1007.0
Station_01,Inv_00,20170704,11:49:00,203.0,16.3,3309,217.0,14.3,3103,25290,16135,66.9,1017.0
Station_01,Inv_00,20170704,11:50:00,205.0,16.2,3321,217.0,14.3,3103,25290,16135,69.4,1024.0
Station_01,Inv_00,20170704,11:51:00,203.4,16.3,3316,217.0,14.2,3081,25290,16135,69.5,1011.0
Station_01,Inv_00,20170704,11:52:00,201.5,16.1,3243,217.0,14.0,3038,25290,16135,70.1,1000.0
Station_01,Inv_00,20170704,11:53:00,193.0,16.6,3204,217.0,13.8,2995,25290,16135,68.2,990.0
Station_01,Inv_00,20170704,11:54:00,202.5,15.9,3219,217.0,13.9,3016,25290,16135,69.6,980.0
Station_01,Inv_00,20170704,11:55:00,202.0,16.0,3231,218.0,13.9,3030,25290,16135,67.4,984.0
Station_01,Inv_00,20170704,11:56:00,205.0,15.8,3239,218.0,13.9,3030,25290,16135,67.3,976.0
Station_01,Inv_00,20170704,11:57:00,194.4,16.3,3169,218.0,13.6,2965,25290,16135,69.9,923.0
Station_01,Inv_00,20170704,11:58:00,207.5,15.5,3216,218.0,13.7,2987,25290,16135,68.4,962.0
Station_01,Inv_00,20170704,11:59:00,205.4,15.8,3246,219.0,13.9,3044,25290,16135,70.9,980.0
Station_01,Inv_00,20170704,12:00:00,207.0,15.7,3249,219.0,13.9,3044,25290,16135,70.5,996.0
Station_01,Inv_00,20170704,12:01:00,193.5,16.7,3231,220.0,13.8,3036,25290,16135,71.7,999.0
Station_01,Inv_00,20170704,12:02:00,205.5,16.0,3288,220.0,14.0,3080,25290,16135,67.8,1008.0
Station_01,Inv_00,20170704,12:03:00,197.0,16.2,3191,220.0,13.5,2970,25290,16135,67.9,980.0
Station_01,Inv_00,20170704,12:04:00,196.5,16.1,3164,220.0,13.4,2948,25291,16136,69.6,967.0
Station_01,Inv_00,20170704,12:05:00,205.5,15.4,3165,220.0,13.4,2948,25291,16136,70.4,962.0
Station_01,Inv_00,20170704,12:06:00,206.0,15.4,3172,218.0,13.6,2965,25291,16136,68.1,967.0
Station_01,Inv_00,20170704,12:07:00,203.0,15.5,3146,218.0,13.6,2965,25291,16136,70.6,961.0
Station_01,Inv_00,20170704,12:08:00,199.5,15.7,3132,218.0,13.4,2921,25291,16136,69.6,952.0
Station_01,Inv_00,20170704,12:09:00,205.5,15.3,3144,218.0,13.5,2943,25291,16136,68.1,953.0
Station_01,Inv_00,20170704,12:10:00,208.5,14.9,3107,218.0,13.4,2921,25291,16136,69.6,951.0
Station_01,Inv_00,20170704,12:11:00,206.5,15.1,3118,218.0,13.4,2921,25291,16136,69.1,950.0
Station_01,Inv_00,20170704,12:12:00,206.5,15.3,3159,218.0,13.6,2965,25291,16136,69.2,947.0
Station_01,Inv_00,20170704,12:13:00,205.5,15.5,3185,218.0,13.7,2987,25291,16136,70.9,963.0
Station_01,Inv_00,20170704,12:14:00,206.5,15.5,3201,218.0,13.8,3008,25291,16136,71.3,969.0
Station_01,Inv_00,20170704,12:15:00,197.5,16.0,3160,218.0,13.6,2965,25291,16136,72.0,970.0
Station_01,Inv_00,20170704,12:16:00,207.5,15.4,3195,217.0,13.8,2995,25291,16136,71.9,979.0
Station_01,Inv_00,20170704,12:17:00,196.0,16.5,3234,217.0,13.9,3016,25291,16136,72.0,993.0
Station_01,Inv_00,20170704,12:18:00,199.0,16.7,3323,217.0,14.3,3103,25291,16136,70.9,1021.0
Station_01,Inv_00,20170704,12:19:00,202.5,16.1,3260,217.0,14.0,3038,25291,16136,71.7,1004.0
Station_01,Inv_00,20170704,12:20:00,203.0,15.8,3207,217.0,13.8,2995,25291,16136,69.1,977.0
Station_01,Inv_00,20170704,12:21:00,208.4,15.5,3231,217.0,14.0,3038,25291,16136,67.8,973.0
Station_01,Inv_00,20170704,12:22:00,206.0,15.3,3152,217.0,13.6,2951,25291,16136,67.8,959.0
Station_01,Inv_00,20170704,12:23:00,199.5,15.8,3152,217.0,13.5,2930,25292,16136,69.1,948.0
Station_01,Inv_00,20170704,12:24:00,205.0,15.6,3197,218.0,13.7,2987,25292,16136,68.7,959.0
Station_01,Inv_00,20170704,12:25:00,199.0,15.5,3085,218.0,13.4,2921,25292,16136,67.1,942.0
Station_01,Inv_00,20170704,12:26:00,209.5,15.5,3247,217.0,13.9,3016,25292,16136,68.5,962.0
Station_01,Inv_00,20170704,12:27:00,207.0,15.9,3291,217.0,14.2,3081,25292,16136,69.5,991.0
Station_01,Inv_00,20170704,12:28:01,208.0,15.4,3203,217.0,13.9,3016,25292,16136,68.4,968.0
Station_01,Inv_00,20170704,12:29:00,210.0,15.5,3255,217.0,14.0,3038,25292,16136,69.6,979.0
Station_01,Inv_00,20170704,12:30:00,205.5,15.6,3206,217.0,13.9,3016,25292,16136,69.2,973.0
Station_01,Inv_00,20170704,12:31:00,204.0,16.0,3264,217.0,14.0,3038,25292,16136,68.3,985.0
Station_01,Inv_00,20170704,12:32:00,204.0,16.3,3325,217.0,14.3,3103,25292,16136,68.2,990.0
Station_01,Inv_00,20170704,12:33:00,207.5,15.6,3237,217.0,14.0,3038,25292,16136,68.0,977.0
Station_01,Inv_00,20170704,12:34:00,207.5,15.7,3258,217.0,14.0,3038,25292,16136,67.0,980.0
Station_01,Inv_00,20170704,12:35:00,198.5,16.4,3255,217.0,13.9,3016,25292,16136,67.4,985.0
Station_01,Inv_00,20170704,12:36:00,206.5,16.4,3386,217.0,14.6,3168,25292,16136,66.6,1014.0
Station_01,Inv_00,20170704,12:37:00,210.0,15.6,3276,217.0,14.1,3060,25292,16136,66.8,982.0
Station_01,Inv_00,20170704,12:38:00,197.5,16.1,3180,217.0,13.7,2973,25292,16136,65.7,968.0
Station_01,Inv_00,20170704,12:39:00,195.5,15.3,2990,216.0,12.9,2786,25292,16136,67.1,903.0
Station_01,Inv_00,20170704,12:40:00,209.5,14.8,3100,217.0,13.4,2908,25292,16136,67.0,930.0
Station_01,Inv_00,20170704,12:41:00,205.5,14.9,3062,217.0,13.3,2886,25292,16136,67.2,921.0
Station_01,Inv_00,20170704,12:42:00,207.5,15.0,3112,217.0,13.5,2930,25293,16137,65.2,910.0
Station_01,Inv_00,20170704,12:43:00,209.0,11.0,2299,217.0,11.0,2387,25293,16137,66.8,866.0
Station_01,Inv_00,20170704,12:44:00,215.9,7.1,1533,216.0,6.4,1382,25293,16137,62.4,399.0
Station_01,Inv_00,20170704,12:45:00,219.0,6.0,1314,216.0,5.6,1210,25293,16137,61.6,395.0
Station_01,Inv_00,20170704,12:46:00,219.0,6.2,1358,216.0,6.0,1296,25293,16137,58.6,417.0
Station_01,Inv_00,20170704,12:47:00,222.5,14.4,3204,217.0,13.7,2973,25293,16137,58.7,842.0
Station_01,Inv_00,20170704,12:48:00,225.0,8.7,1957,216.0,8.0,1728,25293,16137,57.6,464.0
Station_01,Inv_00,20170704,12:49:00,225.0,6.1,1373,216.0,5.9,1274,25293,16137,56.3,412.0
Station_01,Inv_00,20170704,12:50:00,224.5,6.9,1549,216.0,6.7,1447,25293,16137,55.8,413.0
Station_01,Inv_00,20170704,12:51:00,225.4,5.4,1217,216.0,5.1,1102,25293,16137,53.9,347.0
Station_01,Inv_00,20170704,12:52:00,221.4,5.4,1196,216.0,5.1,1102,25293,16137,52.8,340.0
Station_01,Inv_00,20170704,12:53:00,224.5,5.9,1324,216.0,5.6,1210,25293,16137,52.0,360.0
Station_01,Inv_00,20170704,12:54:00,229.5,6.1,1400,217.0,6.1,1324,25293,16137,52.2,389.0
Station_01,Inv_00,20170704,12:55:00,213.5,17.1,3651,218.0,15.9,3466,25293,16137,53.1,860.0
Station_01,Inv_00,20170704,12:56:00,204.0,12.9,2632,217.0,12.9,2799,25293,16137,55.5,926.0
Station_01,Inv_00,20170704,12:57:00,210.0,17.3,3633,217.0,15.6,3385,25293,16137,58.8,1011.0
Station_01,Inv_00,20170704,12:58:00,203.5,17.6,3582,217.0,15.5,3364,25293,16137,58.7,1049.0
Station_01,Inv_00,20170704,12:59:00,205.0,17.8,3649,216.0,15.8,3413,25293,16137,61.7,1057.0
Station_01,Inv_00,20170704,13:00:00,204.0,17.9,3651,216.0,15.8,3413,25293,16137,63.0,1073.0
Station_01,Inv_00,20170704,13:01:00,212.0,16.8,3562,216.0,15.5,3348,25293,16137,63.9,1049.0
Station_01,Inv_00,20170704,13:02:01,210.5,16.2,3410,216.0,14.9,3218,25293,16137,64.9,1019.0
Station_01,Inv_00,20170704,13:03:00,201.5,17.3,3486,215.0,15.0,3225,25293,16137,65.9,1027.0
Station_01,Inv_00,20170704,13:04:00,210.0,16.9,3549,218.0,15.3,3335,25293,16137,66.4,1040.0
Station_01,Inv_00,20170704,13:05:00,208.0,17.4,3619,218.0,15.5,3379,25293,16137,66.0,1065.0
Station_01,Inv_00,20170704,13:06:00,205.0,17.0,3485,218.0,15.0,3270,25294,16138,69.5,1056.0
Station_01,Inv_00,20170704,13:07:00,199.0,17.5,3483,217.0,14.9,3233,25294,16138,67.5,1049.0
Station_01,Inv_00,20170704,13:08:00,203.5,17.1,3480,218.0,14.9,3248,25294,16138,69.0,1037.0
Station_01,Inv_00,20170704,13:09:00,206.0,16.7,3440,217.0,14.8,3212,25294,16138,69.3,1015.0
Station_01,Inv_00,20170704,13:10:00,199.0,17.1,3403,217.0,14.5,3147,25294,16138,68.3,1017.0
Station_01,Inv_00,20170704,13:11:00,198.5,16.7,3315,217.0,14.3,3103,25294,16138,67.2,1000.0
Station_01,Inv_00,20170704,13:12:00,220.0,4.6,1012,216.0,4.2,907,25294,16138,63.8,311.0
Station_01,Inv_00,20170704,13:13:00,218.0,4.7,1025,216.0,4.4,950,25294,16138,59.9,293.0
Station_01,Inv_00,20170704,13:14:00,219.0,5.0,1095,216.0,4.7,1015,25294,16138,58.3,304.0
Station_01,Inv_00,20170704,13:15:00,218.5,5.3,1158,216.0,5.1,1102,25294,16138,56.9,326.0
Station_01,Inv_00,20170704,13:16:00,212.0,16.6,3519,217.0,15.2,3298,25294,16138,57.7,881.0
Station_01,Inv_00,20170704,13:17:00,216.0,16.6,3585,217.0,15.5,3364,25294,16138,60.6,1020.0
Station_01,Inv_00,20170704,13:18:00,208.5,17.0,3545,217.0,15.2,3298,25294,16138,61.6,1018.0
Station_01,Inv_00,20170704,13:19:00,207.0,17.5,3622,217.0,15.6,3385,25294,16138,64.5,1046.0
Station_01,Inv_00,20170704,13:20:00,209.5,16.9,3541,217.0,15.2,3298,25294,16138,66.8,1039.0
Station_01,Inv_00,20170704,13:21:00,202.9,17.3,3511,217.0,15.0,3255,25294,16138,67.4,1030.0
Station_01,Inv_00,20170704,13:22:00,207.5,17.0,3527,217.0,15.2,3298,25294,16138,67.0,1038.0
Station_01,Inv_00,20170704,13:23:00,208.5,16.3,3398,217.0,14.7,3190,25294,16138,67.3,1014.0
Station_01,Inv_00,20170704,13:24:00,208.0,15.8,3286,217.0,14.1,3060,25294,16138,68.3,979.0
Station_01,Inv_00,20170704,13:25:00,207.6,9.4,1951,216.0,8.3,1793,25294,16138,64.2,532.0
Station_01,Inv_00,20170704,13:26:00,201.5,17.1,3446,217.0,14.7,3190,25294,16138,66.9,979.0
Station_01,Inv_00,20170704,13:27:00,208.0,16.9,3515,218.0,15.1,3292,25295,16138,67.8,1021.0
Station_01,Inv_00,20170704,13:28:00,204.5,17.2,3517,218.0,15.1,3292,25295,16138,66.5,928.0
Station_01,Inv_00,20170704,13:29:00,208.5,6.4,1334,217.0,5.8,1259,25295,16138,62.7,420.0
Station_01,Inv_00,20170704,13:30:01,208.0,6.4,1331,217.0,5.7,1237,25295,16138,60.0,364.0
Station_01,Inv_00,20170704,13:31:00,220.9,5.6,1237,217.0,5.3,1150,25295,16138,57.1,341.0
Station_01,Inv_00,20170704,13:32:00,221.5,5.8,1285,217.0,5.5,1194,25295,16138,55.9,346.0
Station_01,Inv_00,20170704,13:33:00,223.5,6.1,1363,217.0,6.1,1324,25295,16138,53.9,368.0
Station_01,Inv_00,20170704,13:34:00,220.9,8.0,1767,217.0,7.6,1649,25295,16138,51.9,454.0
Station_01,Inv_00,20170704,13:35:00,219.5,17.7,3885,218.0,16.5,3597,25295,16138,54.9,1028.0
Station_01,Inv_00,20170704,13:36:00,216.0,8.5,1836,217.0,8.1,1758,25295,16138,54.7,603.0
Station_01,Inv_00,20170704,13:37:00,217.0,6.5,1411,216.0,6.1,1318,25295,16138,52.8,454.0
Station_01,Inv_00,20170704,13:38:00,223.2,5.1,1138,217.0,5.0,1085,25295,16138,49.8,336.0
Station_01,Inv_00,20170704,13:39:00,230.5,4.1,945,216.0,4.1,886,25295,16138,47.6,269.0
Station_01,Inv_00,20170704,13:40:00,228.5,3.2,731,216.0,3.4,734,25295,16138,45.9,216.0
Station_01,Inv_00,20170704,13:41:00,232.9,2.2,512,216.0,2.5,540,25295,16138,43.6,164.0
Station_01,Inv_00,20170704,13:42:00,228.1,1.9,433,216.0,2.0,432,25295,16138,41.6,133.0
Station_01,Inv_00,20170704,13:43:00,225.5,1.8,406,215.0,1.9,409,25295,16138,40.6,123.0
Station_01,Inv_00,20170704,13:44:00,228.3,1.8,411,216.0,1.9,410,25295,16138,39.6,123.0
Station_01,Inv_00,20170704,13:45:00,220.5,2.2,485,216.0,2.2,475,25295,16138,38.0,139.0
Station_01,Inv_00,20170704,13:46:00,236.0,2.5,590,216.0,2.6,562,25295,16138,36.8,161.0
Station_01,Inv_00,20170704,13:47:01,239.0,2.8,669,216.0,2.9,626,25295,16138,36.0,174.0
Station_01,Inv_00,20170704,13:48:00,238.5,2.8,668,216.0,3.1,670,25295,16138,35.6,188.0
Station_01,Inv_00,20170704,13:49:00,238.0,2.4,571,216.0,2.5,540,25295,16138,35.3,164.0
Station_01,Inv_00,20170704,13:50:01,233.0,2.0,466,216.0,2.1,454,25295,16138,34.4,138.0
Station_01,Inv_00,20170704,13:51:01,230.6,1.7,392,216.0,1.8,389,25295,16138,34.0,119.0
Station_01,Inv_00,20170704,13:52:00,232.5,1.9,442,216.0,2.0,432,25295,16138,33.7,123.0
Station_01,Inv_00,20170704,13:53:00,237.0,2.1,498,216.0,2.2,475,25295,16138,33.2,141.0
Station_01,Inv_00,20170704,13:54:00,233.0,1.9,443,216.0,2.0,432,25295,16138,33.2,129.0
Station_01,Inv_00,20170704,13:55:00,235.0,1.7,400,216.0,1.7,367,25295,16138,32.6,118.0
Station_01,Inv_00,20170704,13:56:00,238.1,1.4,333,216.0,1.6,346,25295,16138,32.3,105.0
Station_01,Inv_00,20170704,13:57:00,228.9,1.4,320,216.0,1.5,324,25295,16138,32.3,100.0
Station_01,Inv_00,20170704,13:58:00,230.5,1.5,346,216.0,1.5,324,25295,16138,31.9,101.0
Station_01,Inv_00,20170704,13:59:00,228.0,1.5,342,217.0,1.5,326,25295,16138,31.6,102.0
Station_01,Inv_00,20170704,14:00:00,232.0,1.4,325,216.0,1.5,324,25295,16138,31.4,100.0
Station_01,Inv_00,20170704,14:01:00,229.4,1.4,321,216.0,1.5,324,25295,16138,31.0,98.0
Station_01,Inv_00,20170704,14:02:00,233.3,1.4,327,217.0,1.5,326,25295,16138,30.6,96.0
Station_01,Inv_00,20170704,14:03:00,235.8,1.3,307,217.0,1.5,326,25295,16138,30.3,94.0
Station_01,Inv_00,20170704,14:04:00,232.9,1.2,280,217.0,1.3,282,25295,16138,30.2,88.0
Station_01,Inv_00,20170704,14:05:00,233.4,1.0,233,217.0,1.2,260,25295,16138,29.9,83.0
Station_01,Inv_00,20170704,14:06:00,223.2,1.0,223,217.0,1.2,260,25295,16138,29.4,77.0
Station_01,Inv_00,20170704,14:07:00,231.5,1.0,232,217.0,1.2,260,25295,16138,29.1,73.0
Station_01,Inv_00,20170704,14:08:00,235.9,0.9,212,216.0,1.1,238,25295,16138,28.9,71.0
Station_01,Inv_00,20170704,14:09:00,223.7,0.9,201,216.0,1.1,238,25295,16138,28.7,70.0
Station_01,Inv_00,20170704,14:10:00,229.0,0.9,206,216.0,1.1,238,25295,16138,28.5,71.0
Station_01,Inv_00,20170704,14:11:00,227.0,1.1,250,216.0,1.1,238,25295,16138,28.4,73.0
Station_01,Inv_00,20170704,14:12:00,233.4,1.0,233,217.0,1.1,239,25295,16138,28.3,76.0
Station_01,Inv_00,20170704,14:13:00,241.5,1.0,242,217.0,1.1,239,25295,16138,28.1,73.0
Station_01,Inv_00,20170704,14:14:00,233.9,0.9,211,217.0,1.1,239,25295,16138,27.9,73.0
Station_01,Inv_00,20170704,14:15:00,236.5,0.8,189,217.0,1.0,217,25295,16138,27.7,69.0
Station_01,Inv_00,20170704,14:16:00,237.1,0.8,190,217.0,1.0,217,25295,16138,27.5,66.0
Station_01,Inv_00,20170704,14:17:00,237.3,0.8,190,217.0,1.0,217,25295,16138,27.3,62.0
Station_01,Inv_00,20170704,14:18:00,225.5,0.8,180,217.0,0.9,195,25295,16138,27.2,58.0
Station_01,Inv_00,20170704,14:19:00,213.0,0.5,107,217.0,0.7,152,25295,16138,27.1,50.0
Station_01,Inv_00,20170704,14:20:00,206.0,0.4,82,217.0,0.5,109,25295,16138,26.9,39.0
Station_01,Inv_00,20170704,14:21:00,214.5,0.2,43,216.0,0.5,108,25295,16138,26.7,31.0
Station_01,Inv_00,20170704,14:22:00,208.0,0.2,42,217.0,0.4,87,25295,16138,26.7,28.0
Station_01,Inv_00,20170704,14:23:00,221.0,0.2,44,216.0,0.4,86,25295,16138,26.6,26.0
Station_01,Inv_00,20170704,14:24:00,219.5,0.2,44,217.0,0.4,87,25295,16138,26.6,28.0
Station_01,Inv_00,20170704,14:25:00,205.0,0.2,41,217.0,0.4,87,25295,16138,26.4,28.0
Station_01,Inv_00,20170704,14:26:00,216.0,0.2,43,217.0,0.5,109,25295,16138,26.3,31.0
Station_01,Inv_00,20170704,14:27:00,198.0,0.2,40,217.0,0.4,87,25295,16138,26.3,33.0
Station_01,Inv_00,20170704,14:28:01,192.3,0.3,58,217.0,0.5,109,25295,16138,26.3,35.0
Station_01,Inv_00,20170704,14:29:00,225.3,0.3,68,218.0,0.5,109,25295,16138,26.3,36.0
Station_01,Inv_00,20170704,14:30:00,193.0,0.3,58,218.0,0.5,109,25295,16138,26.3,38.0
Station_01,Inv_00,20170704,14:31:00,184.0,0.3,55,217.0,0.5,109,25295,16138,26.2,44.0
Station_01,Inv_00,20170704,14:32:00,214.5,0.4,86,218.0,0.5,109,25295,16138,26.2,39.0
Station_01,Inv_00,20170704,14:33:00,206.3,0.3,62,218.0,0.5,109,25295,16138,26.1,44.0
Station_01,Inv_00,20170704,14:34:00,215.0,0.4,86,218.0,0.5,109,25295,16138,26.1,38.0
Station_01,Inv_00,20170704,14:35:00,203.0,0.3,61,218.0,0.5,109,25295,16138,26.1,39.0
Station_01,Inv_00,20170704,14:36:00,186.0,0.3,56,217.0,0.4,87,25295,16138,26.0,38.0
Station_01,Inv_00,20170704,14:37:00,203.0,0.2,41,218.0,0.4,87,25295,16138,26.0,44.0
Station_01,Inv_00,20170704,14:38:00,199.0,0.2,40,218.0,0.4,87,25295,16138,26.0,28.0
Station_01,Inv_00,20170704,14:39:00,0.0,0.0,0,218.0,0.4,87,25295,16138,26.0,26.0
Station_01,Inv_00,20170704,14:40:00,0.0,0.0,0,218.0,0.4,87,25295,16138,25.8,23.0
Station_01,Inv_00,20170704,14:41:00,0.0,0.0,0,222.0,0.1,22,25295,16138,25.8,25.0
Station_01,Inv_00,20170704,14:42:00,0.0,0.0,0,222.0,0.1,22,25295,16138,25.7,24.0
Station_01,Inv_00,20170704,14:43:00,0.0,0.0,0,222.0,0.1,22,25295,16138,25.6,22.0
Station_01,Inv_00,20170704,14:44:00,0.0,0.0,0,222.0,0.1,22,25295,16138,25.5,32.0
Station_01,Inv_00,20170704,14:45:00,0.0,0.0,0,222.0,0.1,22,25295,16138,25.5,22.0
Station_01,Inv_00,20170704,14:46:00,0.0,0.0,0,222.0,0.1,22,25295,16138,25.4,22.0
Station_01,Inv_00,20170704,14:47:00,0.0,0.0,0,222.0,0.1,22,25295,16138,25.4,23.0
Station_01,Inv_00,20170704,14:48:00,0.0,0.0,0,222.0,0.1,22,25295,16138,25.4,22.0
Station_01,Inv_00,20170704,14:49:00,0.0,0.0,0,222.0,0.1,22,25295,16138,25.4,24.0
Station_01,Inv_00,20170704,14:50:00,0.0,0.0,0,222.0,0.1,22,25295,16138,25.4,25.0
Station_01,Inv_00,20170704,14:51:00,0.0,0.0,0,222.0,0.1,22,25295,16138,25.4,33.0
Station_01,Inv_00,20170704,14:52:00,0.0,0.0,0,222.0,0.1,22,25295,16138,25.5,25.0
Station_01,Inv_00,20170704,14:53:00,0.0,0.0,0,222.0,0.1,22,25295,16138,25.6,25.0
Station_01,Inv_00,20170704,14:54:00,0.0,0.0,0,222.0,0.1,22,25295,16138,25.5,29.0
Station_01,Inv_00,20170704,14:55:00,0.0,0.0,0,222.0,0.1,22,25295,16138,25.6,26.0
Station_01,Inv_00,20170704,14:56:00,0.0,0.0,0,222.0,0.1,22,25295,16138,25.6,474.0
Station_01,Inv_00,20170704,14:57:00,0.0,0.0,0,222.0,0.1,22,25295,16138,25.6,40.0
Station_01,Inv_00,20170704,14:58:00,0.0,0.0,0,222.0,0.1,22,25295,16138,25.5,473.0
Station_01,Inv_00,20170704,14:59:00,0.0,0.0,0,222.0,0.1,22,25295,16138,25.5,25.0
Station_01,Inv_00,20170704,15:00:00,0.0,0.0,0,222.0,0.1,22,25295,16138,25.4,36.0
Station_01,Inv_00,20170704,15:01:00,0.0,0.0,0,222.0,0.1,22,25295,16138,25.5,39.0
Station_01,Inv_00,20170704,15:02:00,0.0,0.0,0,222.0,0.1,22,25295,16138,25.4,471.0
Station_01,Inv_00,20170704,15:03:00,0.0,0.0,0,222.0,0.1,22,25295,16138,25.4,25.0
Station_01,Inv_00,20170704,15:04:00,0.0,0.0,0,222.0,0.1,22,25295,16138,25.4,23.0
Station_01,Inv_00,20170704,15:05:00,0.0,0.0,0,222.0,0.1,22,25295,16138,25.4,23.0
Station_01,Inv_00,20170704,15:06:00,0.0,0.0,0,222.0,0.1,22,25295,16138,25.5,23.0
Station_01,Inv_00,20170704,15:07:00,0.0,0.0,0,222.0,0.1,22,25295,16138,25.4,24.0
Station_01,Inv_00,20170704,15:08:00,0.0,0.0,0,222.0,0.1,22,25295,16138,25.4,22.0
Station_01,Inv_00,20170704,15:09:00,0.0,0.0,0,222.0,0.1,22,25295,16138,25.4,23.0
Station_01,Inv_00,20170704,15:10:00,0.0,0.0,0,222.0,0.1,22,25295,16138,25.4,35.0
Station_01,Inv_00,20170704,15:11:00,0.0,0.0,0,222.0,0.1,22,25295,16138,25.4,22.0
Station_01,Inv_00,20170704,15:12:00,0.0,0.0,0,222.0,0.1,22,25295,16138,25.4,22.0
Station_01,Inv_00,20170704,15:13:00,0.0,0.0,0,222.0,0.1,22,25295,16138,25.4,22.0
Station_01,Inv_00,20170704,15:14:00,0.0,0.0,0,222.0,0.1,22,25295,16138,25.3,23.0
Station_01,Inv_00,20170704,15:15:00,0.0,0.0,0,222.0,0.1,22,25295,16138,25.3,22.0
Station_01,Inv_00,20170704,15:16:00,0.0,0.0,0,222.0,0.1,22,25295,16138,25.3,23.0
Station_01,Inv_00,20170704,15:17:00,0.0,0.0,0,222.0,0.1,22,25295,16138,25.3,24.0
Station_01,Inv_00,20170704,15:18:00,0.0,0.0,0,222.0,0.1,22,25295,16138,25.3,23.0
Station_01,Inv_00,20170704,15:19:00,0.0,0.0,0,222.0,0.1,22,25295,16138,25.3,24.0
Station_01,Inv_00,20170704,15:20:00,0.0,0.0,0,222.0,0.1,22,25295,16138,25.3,25.0
Station_01,Inv_00,20170704,15:21:00,0.0,0.0,0,222.0,0.1,22,25295,16138,25.3,37.0
Station_01,Inv_00,20170704,15:22:00,0.0,0.0,0,222.0,0.1,22,25295,16138,25.3,468.0
Station_01,Inv_00,20170704,15:23:00,0.0,0.0,0,222.0,0.1,22,25295,16138,25.4,469.0
Station_01,Inv_00,20170704,15:24:00,0.0,0.0,0,223.0,0.5,112,25295,16138,25.4,27.0
Station_01,Inv_00,20170704,15:25:00,0.0,0.0,0,222.0,0.5,111,25295,16138,25.4,27.0
Station_01,Inv_00,20170704,15:26:00,0.0,0.0,0,223.0,0.5,112,25295,16138,25.4,28.0
Station_01,Inv_00,20170704,15:27:00,249.0,0.2,50,222.0,0.5,111,25295,16138,25.5,29.0
Station_01,Inv_00,20170704,15:28:00,249.5,0.2,50,222.0,0.5,111,25295,16138,25.5,29.0
Station_01,Inv_00,20170704,15:29:00,0.0,0.0,0,223.0,0.2,45,25295,16138,25.5,29.0
Station_01,Inv_00,20170704,15:30:00,204.0,0.2,41,218.0,0.4,87,25295,16138,25.5,473.0
Station_01,Inv_00,20170704,15:31:00,211.0,0.2,42,218.0,0.4,87,25295,16138,25.5,29.0
Station_01,Inv_00,20170704,15:32:00,220.0,0.2,44,218.0,0.4,87,25295,16138,25.5,29.0
Station_01,Inv_00,20170704,15:33:00,203.0,0.2,41,218.0,0.4,87,25295,16138,25.6,30.0
Station_01,Inv_00,20170704,15:34:00,169.5,0.2,34,218.0,0.4,87,25295,16138,25.6,473.0
Station_01,Inv_00,20170704,15:35:00,206.0,0.2,41,218.0,0.4,87,25295,16138,25.6,30.0
Station_01,Inv_00,20170704,15:36:00,211.0,0.2,42,218.0,0.4,87,25295,16138,25.6,29.0
Station_01,Inv_00,20170704,15:37:00,210.0,0.2,42,218.0,0.4,87,25295,16138,25.6,30.0
Station_01,Inv_00,20170704,15:38:00,217.0,0.2,43,218.0,0.4,87,25295,16138,25.7,33.0
Station_01,Inv_00,20170704,15:39:00,200.5,0.2,40,219.0,0.4,88,25295,16138,25.7,29.0
Station_01,Inv_00,20170704,15:40:00,197.0,0.2,39,219.0,0.4,88,25295,16138,25.7,30.0
Station_01,Inv_00,20170704,15:41:00,196.5,0.2,39,219.0,0.4,88,25295,16138,25.7,29.0
Station_01,Inv_00,20170704,15:42:00,201.0,0.2,40,219.0,0.4,88,25295,16138,25.8,477.0
Station_01,Inv_00,20170704,15:43:00,212.0,0.2,42,219.0,0.4,88,25295,16138,25.8,33.0
Station_01,Inv_00,20170704,15:44:00,194.0,0.2,39,219.0,0.4,88,25295,16138,25.8,478.0
Station_01,Inv_00,20170704,15:45:00,203.0,0.2,41,219.0,0.4,88,25295,16138,25.8,28.0
Station_01,Inv_00,20170704,15:46:00,219.5,0.2,44,219.0,0.4,88,25295,16138,25.8,28.0
Station_01,Inv_00,20170704,15:47:00,218.0,0.2,44,219.0,0.4,88,25295,16138,25.8,29.0
Station_01,Inv_00,20170704,15:48:00,205.5,0.2,41,219.0,0.4,88,25295,16138,25.9,29.0
Station_01,Inv_00,20170704,15:49:00,200.5,0.2,40,219.0,0.4,88,25295,16138,25.8,28.0
Station_01,Inv_00,20170704,15:50:00,197.0,0.2,39,219.0,0.4,88,25295,16138,25.9,36.0
Station_01,Inv_00,20170704,15:51:00,191.0,0.2,38,219.0,0.4,88,25295,16138,25.9,36.0
Station_01,Inv_00,20170704,15:52:00,210.0,0.2,42,219.0,0.4,88,25295,16138,25.9,31.0
Station_01,Inv_00,20170704,15:53:00,208.5,0.2,42,219.0,0.4,88,25295,16138,25.9,41.0
Station_01,Inv_00,20170704,15:54:00,203.0,0.2,41,217.0,0.4,87,25295,16138,25.9,41.0
Station_01,Inv_00,20170704,15:55:00,210.0,0.2,42,217.0,0.4,87,25295,16138,25.9,28.0
Station_01,Inv_00,20170704,15:56:00,201.5,0.2,40,217.0,0.4,87,25295,16138,25.9,28.0
Station_01,Inv_00,20170704,15:57:00,216.5,0.2,43,216.0,0.4,86,25295,16138,25.9,29.0
Station_01,Inv_00,20170704,15:58:00,212.0,0.2,42,216.0,0.4,86,25295,16138,25.9,28.0
Station_01,Inv_00,20170704,15:59:00,217.5,0.2,44,216.0,0.4,86,25295,16138,25.9,28.0
Station_01,Inv_00,20170704,16:00:00,0.0,0.0,0,0.0,0.0,0,25295,16138,25.9,479.0
Station_01,Inv_00,20170704,16:01:00,211.0,0.2,42,216.0,0.5,108,25295,16138,25.9,29.0
Station_01,Inv_00,20170704,16:02:00,0.0,0.0,0,216.0,0.6,130,25295,16138,25.9,33.0
Station_01,Inv_00,20170704,16:03:00,245.5,0.2,49,0.0,0.0,0,25295,16138,25.9,29.0
Station_01,Inv_00,20170704,16:04:00,213.0,0.2,43,216.0,0.4,86,25295,16138,25.9,28.0
Station_01,Inv_00,20170704,16:05:00,210.0,0.2,42,216.0,0.5,108,25295,16138,25.8,29.0
Station_01,Inv_00,20170704,16:06:00,0.0,0.0,0,0.0,0.0,0,25295,16138,25.8,28.0
Station_01,Inv_00,20170704,16:07:00,247.0,0.2,49,0.0,0.0,0,25295,16138,25.8,40.0
Station_01,Inv_00,20170704,16:08:00,214.0,0.2,43,216.0,0.4,86,25295,16138,25.8,478.0
Station_01,Inv_00,20170704,16:09:00,0.0,0.0,0,216.0,0.5,108,25295,16138,25.8,28.0
Station_01,Inv_00,20170704,16:10:00,245.5,0.2,49,216.0,0.7,151,25295,16138,25.8,30.0
Station_01,Inv_00,20170704,16:11:00,0.0,0.0,0,0.0,0.0,0,25295,16138,25.8,32.0
Station_01,Inv_00,20170704,16:12:00,214.0,0.2,43,217.0,0.4,87,25295,16138,25.8,478.0
Station_01,Inv_00,20170704,16:13:00,0.0,0.0,0,217.0,0.5,109,25295,16138,25.8,31.0
Station_01,Inv_00,20170704,16:14:00,246.5,0.2,49,216.0,0.7,151,25295,16138,25.7,30.0
Station_01,Inv_00,20170704,16:15:00,248.0,0.2,50,0.0,0.0,0,25295,16138,25.8,29.0
Station_01,Inv_00,20170704,16:16:00,214.5,0.2,43,217.0,0.5,109,25295,16138,25.7,31.0
Station_01,Inv_00,20170704,16:17:00,0.0,0.0,0,216.0,0.5,108,25295,16138,25.7,33.0
Station_01,Inv_00,20170704,16:18:00,0.0,0.0,0,216.0,0.5,108,25295,16138,25.7,29.0
Station_01,Inv_00,20170704,16:19:00,251.5,0.2,50,0.0,0.0,0,25295,16138,25.7,29.0
Station_01,Inv_00,20170704,16:20:00,216.5,0.2,43,217.0,0.5,109,25295,16138,25.7,29.0
Station_01,Inv_00,20170704,16:21:00,0.0,0.0,0,217.0,0.6,130,25295,16138,25.7,476.0
Station_01,Inv_00,20170704,16:22:00,250.5,0.2,50,0.0,0.0,0,25295,16138,25.7,30.0
Station_01,Inv_00,20170704,16:23:00,253.0,0.2,51,0.0,0.0,0,25295,16138,25.7,475.0
Station_01,Inv_00,20170704,16:24:00,0.0,0.0,0,216.0,0.5,108,25295,16138,25.7,30.0
Station_01,Inv_00,20170704,16:25:00,251.0,0.2,50,217.0,0.7,152,25295,16138,25.7,30.0
Station_01,Inv_00,20170704,16:26:00,252.0,0.2,50,0.0,0.0,0,25295,16138,25.6,30.0
Station_01,Inv_00,20170704,16:27:00,0.0,0.0,0,221.0,0.3,66,25295,16138,25.7,30.0
Station_01,Inv_00,20170704,16:28:00,217.0,0.2,43,216.0,0.5,108,25295,16138,25.7,475.0
Station_01,Inv_00,20170704,16:29:00,0.0,0.0,0,217.0,0.5,109,25295,16138,25.6,475.0
Station_01,Inv_00,20170704,16:30:00,0.0,0.0,0,221.0,0.2,44,25295,16138,25.7,40.0
Station_01,Inv_00,20170704,16:31:00,219.0,0.2,44,216.0,0.5,108,25295,16138,25.6,31.0
Station_01,Inv_00,20170704,16:32:00,218.0,0.2,44,216.0,0.5,108,25295,16138,25.7,30.0
Station_01,Inv_00,20170704,16:33:00,252.5,0.2,51,216.0,0.6,130,25295,16138,25.7,32.0
Station_01,Inv_00,20170704,16:34:00,0.0,0.0,0,0.0,0.0,0,25295,16138,25.7,30.0
Station_01,Inv_00,20170704,16:35:00,219.0,0.2,44,217.0,0.4,87,25295,16138,25.6,31.0
Station_01,Inv_00,20170704,16:36:00,217.0,0.2,43,216.0,0.5,108,25295,16138,25.7,31.0
Station_01,Inv_00,20170704,16:37:00,252.5,0.2,51,216.0,1.0,216,25295,16138,25.6,30.0
Station_01,Inv_00,20170704,16:38:00,0.0,0.0,0,0.0,0.0,0,25295,16138,25.6,474.0
Station_01,Inv_00,20170704,16:39:00,228.0,0.3,68,216.0,0.5,108,25295,16138,25.6,31.0
Station_01,Inv_00,20170704,16:40:00,0.0,0.0,0,216.0,0.5,108,25295,16138,25.6,31.0
Station_01,Inv_00,20170704,16:41:00,252.5,0.2,51,0.0,0.0,0,25295,16138,25.6,30.0
Station_01,Inv_00,20170704,16:42:00,0.0,0.0,0,0.0,0.0,0,25295,16138,25.6,29.0
Station_01,Inv_00,20170704,16:43:00,219.0,0.2,44,217.0,0.5,109,25295,16138,25.6,30.0
Station_01,Inv_00,20170704,16:44:00,0.0,0.0,0,216.0,0.5,108,25295,16138,25.6,30.0
Station_01,Inv_00,20170704,16:45:00,0.0,0.0,0,216.0,0.9,194,25295,16138,25.7,30.0
Station_01,Inv_00,20170704,16:46:00,218.5,0.2,44,216.0,0.4,86,25295,16138,25.7,30.0
Station_01,Inv_00,20170704,16:47:00,219.0,0.2,44,217.0,0.5,109,25295,16138,25.7,32.0
Station_01,Inv_00,20170704,16:48:00,0.0,0.0,0,217.0,0.5,109,25295,16138,25.7,475.0
Station_01,Inv_00,20170704,16:49:00,252.0,0.2,50,0.0,0.0,0,25295,16138,25.7,31.0
Station_01,Inv_00,20170704,16:50:00,0.0,0.0,0,221.0,0.4,88,25295,16138,25.7,34.0
Station_01,Inv_00,20170704,16:51:00,219.0,0.2,44,217.0,0.5,109,25295,16138,25.8,32.0
Station_01,Inv_00,20170704,16:52:00,0.0,0.0,0,217.0,0.6,130,25295,16138,25.7,476.0
Station_01,Inv_00,20170704,16:53:00,252.0,0.2,50,0.0,0.0,0,25295,16138,25.8,31.0
Station_01,Inv_00,20170704,16:54:00,250.5,0.2,50,0.0,0.0,0,25295,16138,25.7,476.0
Station_01,Inv_00,20170704,16:55:00,234.5,0.2,47,218.0,0.5,109,25295,16138,25.7,31.0
Station_01,Inv_00,20170704,16:56:00,252.5,0.2,51,219.0,0.6,131,25295,16138,25.7,30.0
Station_01,Inv_00,20170704,16:57:00,253.0,0.2,51,0.0,0.0,0,25295,16138,25.8,477.0
Station_01,Inv_00,20170704,16:58:00,219.5,0.2,44,216.0,0.4,86,25295,16138,25.8,477.0
Station_01,Inv_00,20170704,16:59:00,221.5,0.2,44,216.0,0.5,108,25295,16138,25.8,31.0
Station_01,Inv_00,20170704,17:00:00,0.0,0.0,0,216.0,0.6,130,25295,16138,25.8,31.0
Station_01,Inv_00,20170704,17:01:00,0.0,0.0,0,0.0,0.0,0,25295,16138,25.8,30.0
Station_01,Inv_00,20170704,17:02:00,219.5,0.2,44,215.0,0.5,108,25295,16138,25.8,31.0
Station_01,Inv_00,20170704,17:03:00,0.0,0.0,0,216.0,0.5,108,25295,16138,25.8,31.0
Station_01,Inv_00,20170704,17:04:00,252.5,0.2,51,216.0,0.7,151,25295,16138,25.8,31.0
Station_01,Inv_00,20170704,17:05:00,0.0,0.0,0,0.0,0.0,0,25295,16138,25.8,34.0
Station_01,Inv_00,20170704,17:06:00,219.5,0.2,44,216.0,0.4,86,25295,16138,25.8,30.0
Station_01,Inv_00,20170704,17:07:00,0.0,0.0,0,216.0,0.5,108,25295,16138,25.8,478.0
Station_01,Inv_00,20170704,17:08:00,0.0,0.0,0,0.0,0.0,0,25295,16138,25.8,32.0
Station_01,Inv_00,20170704,17:09:00,219.5,0.2,44,217.0,0.4,87,25295,16138,25.8,30.0
Station_01,Inv_00,20170704,17:10:00,219.0,0.2,44,216.0,0.4,86,25295,16138,25.8,30.0
Station_01,Inv_00,20170704,17:11:00,0.0,0.0,0,217.0,0.6,130,25295,16138,25.8,31.0
Station_01,Inv_00,20170704,17:12:00,0.0,0.0,0,0.0,0.0,0,25295,16138,25.9,31.0
Station_01,Inv_00,20170704,17:13:00,218.0,0.2,44,216.0,0.4,86,25295,16138,25.7,30.0
Station_01,Inv_00,20170704,17:14:00,217.0,0.2,43,216.0,0.4,86,25295,16138,25.8,29.0
Station_01,Inv_00,20170704,17:15:00,246.0,0.2,49,216.0,0.6,130,25295,16138,25.8,40.0
Station_01,Inv_00,20170704,17:16:00,241.0,0.2,48,0.0,0.0,0,25295,16138,25.9,28.0
Station_01,Inv_00,20170704,17:17:00,0.0,0.0,0,215.0,0.4,86,25295,16138,25.9,26.0
Station_01,Inv_00,20170704,17:18:00,0.0,0.0,0,215.0,0.4,86,25295,16138,25.8,25.0
Station_01,Inv_00,20170704,17:19:00,0.0,0.0,0,220.0,0.4,88,25295,16138,25.8,24.0
Station_01,Inv_00,20170704,17:20:00,0.0,0.0,0,220.0,0.4,88,25295,16138,25.9,23.0
Station_01,Inv_00,20170704,17:21:00,0.0,0.0,0,220.0,0.4,88,25295,16138,25.9,24.0
Station_01,Inv_00,20170704,17:22:00,0.0,0.0,0,220.0,0.4,88,25295,16138,25.9,24.0
Station_01,Inv_00,20170704,17:23:00,0.0,0.0,0,220.0,0.4,88,25295,16138,25.9,25.0
Station_01,Inv_00,20170704,17:24:00,0.0,0.0,0,220.0,0.4,88,25295,16138,25.9,25.0
Station_01,Inv_00,20170704,17:25:00,0.0,0.0,0,220.0,0.4,88,25295,16138,25.9,25.0
Station_01,Inv_00,20170704,17:26:00,0.0,0.0,0,220.0,0.4,88,25295,16138,25.9,26.0
Station_01,Inv_00,20170704,17:27:00,0.0,0.0,0,220.0,0.4,88,25295,16138,25.9,26.0
Station_01,Inv_00,20170704,17:28:00,0.0,0.0,0,221.0,0.5,111,25295,16138,25.9,26.0
Station_01,Inv_00,20170704,17:29:00,0.0,0.0,0,221.0,0.5,111,25295,16138,26.0,27.0
Station_01,Inv_00,20170704,17:30:00,0.0,0.0,0,221.0,0.5,111,25295,16138,26.0,28.0
Station_01,Inv_00,20170704,17:31:00,247.5,0.2,50,220.0,0.5,110,25295,16138,25.9,28.0
Station_01,Inv_00,20170704,17:32:00,247.5,0.2,50,220.0,0.5,110,25295,16138,25.9,480.0
Station_01,Inv_00,20170704,17:33:00,247.0,0.2,49,220.0,0.5,110,25295,16138,25.9,29.0
Station_01,Inv_00,20170704,17:34:00,203.0,0.2,41,215.0,0.4,86,25295,16138,25.9,27.0
Station_01,Inv_00,20170704,17:35:00,0.0,0.0,0,216.0,0.4,86,25295,16138,25.9,29.0
Station_01,Inv_00,20170704,17:36:00,0.0,0.0,0,216.0,0.4,86,25295,16138,25.9,27.0
Station_01,Inv_00,20170704,17:37:00,0.0,0.0,0,216.0,0.5,108,25295,16138,25.9,27.0
Station_01,Inv_00,20170704,17:38:00,0.0,0.0,0,215.0,0.4,86,25295,16138,25.9,479.0
Station_01,Inv_00,20170704,17:39:00,0.0,0.0,0,216.0,0.4,86,25295,16138,25.9,30.0
Station_01,Inv_00,20170704,17:40:00,184.0,0.2,37,216.0,0.4,86,25295,16138,25.9,27.0
Station_01,Inv_00,20170704,17:41:00,200.5,0.2,40,216.0,0.4,86,25295,16138,25.9,479.0
Station_01,Inv_00,20170704,17:42:00,201.0,0.2,40,216.0,0.4,86,25295,16138,25.9,26.0
Station_01,Inv_00,20170704,17:43:00,0.0,0.0,0,215.0,0.4,86,25295,16138,25.9,28.0
Station_01,Inv_00,20170704,17:44:00,161.0,0.2,32,215.0,0.4,86,25295,16138,25.9,31.0
Station_01,Inv_00,20170704,17:45:00,0.0,0.0,0,215.0,0.4,86,25295,16138,25.9,27.0
Station_01,Inv_00,20170704,17:46:00,0.0,0.0,0,216.0,0.4,86,25295,16138,25.9,27.0
Station_01,Inv_00,20170704,17:47:00,0.0,0.0,0,216.0,0.4,86,25295,16138,25.9,26.0
Station_01,Inv_00,20170704,17:48:00,0.0,0.0,0,0.0,0.0,0,25295,16138,25.9,26.0
Station_01,Inv_00,20170704,17:49:00,0.0,0.0,0,0.0,0.0,0,25295,16138,25.9,25.0
Station_01,Inv_00,20170704,17:50:00,0.0,0.0,0,0.0,0.0,0,25295,16138,25.9,29.0
Station_01,Inv_00,20170704,17:51:00,0.0,0.0,0,0.0,0.0,0,25295,16138,25.9,25.0
Station_01,Inv_00,20170704,17:52:00,0.0,0.0,0,0.0,0.0,0,25295,16138,26.0,26.0
Station_01,Inv_00,20170704,17:53:00,0.0,0.0,0,0.0,0.0,0,25295,16138,25.9,26.0
Station_01,Inv_00,20170704,17:54:00,0.0,0.0,0,0.0,0.0,0,25295,16138,25.9,26.0
Station_01,Inv_00,20170704,17:55:00,0.0,0.0,0,0.0,0.0,0,25295,16138,25.9,25.0
Station_01,Inv_00,20170704,17:56:00,0.0,0.0,0,0.0,0.0,0,25295,16138,25.9,25.0
Station_01,Inv_00,20170704,17:57:00,0.0,0.0,0,0.0,0.0,0,25295,16138,25.9,25.0
Station_01,Inv_00,20170704,17:58:00,0.0,0.0,0,0.0,0.0,0,25295,16138,25.9,26.0
Station_01,Inv_00,20170704,17:59:00,0.0,0.0,0,0.0,0.0,0,25295,16138,25.9,26.0
Station_01,Inv_00,20170704,18:00:00,0.0,0.0,0,0.0,0.0,0,25295,16138,25.9,29.0
Station_01,Inv_00,20170704,18:01:00,0.0,0.0,0,0.0,0.0,0,25295,16138,25.9,26.0
Station_01,Inv_00,20170704,18:02:00,0.0,0.0,0,0.0,0.0,0,25295,16138,25.9,478.0
Station_01,Inv_00,20170704,18:03:00,0.0,0.0,0,0.0,0.0,0,25295,16138,25.8,25.0
Station_01,Inv_00,20170704,18:04:00,0.0,0.0,0,0.0,0.0,0,25295,16138,25.8,24.0
Station_01,Inv_00,20170704,18:05:00,0.0,0.0,0,0.0,0.0,0,25295,16138,25.8,24.0
Station_01,Inv_00,20170704,18:06:00,0.0,0.0,0,0.0,0.0,0,25295,16138,25.9,24.0
Station_01,Inv_00,20170704,18:07:00,0.0,0.0,0,0.0,0.0,0,25295,16138,25.9,24.0
Station_01,Inv_00,20170704,18:08:00,0.0,0.0,0,220.0,0.3,66,25295,16138,25.8,28.0
Station_01,Inv_00,20170704,18:09:00,0.0,0.0,0,220.0,0.3,66,25295,16138,25.8,24.0
Station_01,Inv_00,20170704,18:10:00,0.0,0.0,0,220.0,0.3,66,25295,16138,25.8,25.0
Station_01,Inv_00,20170704,18:11:00,0.0,0.0,0,220.0,0.3,66,25295,16138,25.7,477.0
Station_01,Inv_00,20170704,18:12:00,0.0,0.0,0,220.0,0.3,66,25295,16138,25.8,23.0
Station_01,Inv_00,20170704,18:13:00,0.0,0.0,0,220.0,0.3,66,25295,16138,25.7,24.0
Station_01,Inv_00,20170704,18:14:00,0.0,0.0,0,220.0,0.3,66,25295,16138,25.7,38.0
Station_01,Inv_00,20170704,18:15:00,0.0,0.0,0,220.0,0.3,66,25295,16138,25.7,23.0
Station_01,Inv_00,20170704,18:16:00,0.0,0.0,0,220.0,0.3,66,25295,16138,25.7,23.0
Station_01,Inv_00,20170704,18:17:00,0.0,0.0,0,220.0,0.3,66,25295,16138,25.6,22.0
Station_01,Inv_00,20170704,18:18:00,0.0,0.0,0,220.0,0.3,66,25295,16138,25.7,22.0
Station_01,Inv_00,20170704,18:19:00,0.0,0.0,0,220.0,0.3,66,25295,16138,25.6,26.0
Station_01,Inv_00,20170704,18:20:00,0.0,0.0,0,220.0,0.3,66,25295,16138,25.7,22.0
Station_01,Inv_00,20170704,18:21:00,0.0,0.0,0,220.0,0.3,66,25295,16138,25.6,22.0
Station_01,Inv_00,20170704,18:22:00,0.0,0.0,0,220.0,0.3,66,25295,16138,25.7,22.0
Station_01,Inv_00,20170704,18:23:00,0.0,0.0,0,220.0,0.3,66,25295,16138,25.7,24.0
Station_01,Inv_00,20170704,18:24:00,0.0,0.0,0,220.0,0.3,66,25295,16138,25.7,21.0
Station_01,Inv_00,20170704,18:25:00,0.0,0.0,0,220.0,0.3,66,25295,16138,25.7,22.0
Station_01,Inv_00,20170704,18:26:00,0.0,0.0,0,220.0,0.3,66,25295,16138,25.7,21.0
Station_01,Inv_00,20170704,18:27:00,0.0,0.0,0,220.0,0.3,66,25295,16138,25.6,24.0
Station_01,Inv_00,20170704,18:28:00,0.0,0.0,0,220.0,0.3,66,25295,16138,25.6,21.0
Station_01,Inv_00,20170704,18:29:00,0.0,0.0,0,220.0,0.3,66,25295,16138,25.7,21.0
Station_01,Inv_00,20170704,18:30:00,0.0,0.0,0,220.0,0.3,66,25295,16138,25.6,24.0
Station_01,Inv_00,20170704,18:31:00,0.0,0.0,0,220.0,0.3,66,25295,16138,25.7,20.0
Station_01,Inv_00,20170704,18:32:00,0.0,0.0,0,220.0,0.3,66,25295,16138,25.7,20.0
Station_01,Inv_00,20170704,18:33:00,0.0,0.0,0,220.0,0.3,66,25295,16138,25.7,20.0
Station_01,Inv_00,20170704,18:34:00,0.0,0.0,0,220.0,0.3,66,25295,16138,25.7,22.0
Station_01,Inv_00,20170704,18:35:00,0.0,0.0,0,220.0,0.3,66,25295,16138,25.7,20.0
Station_01,Inv_00,20170704,18:36:00,0.0,0.0,0,220.0,0.3,66,25295,16138,25.8,20.0
Station_01,Inv_00,20170704,18:37:00,0.0,0.0,0,220.0,0.3,66,25295,16138,25.7,20.0
Station_01,Inv_00,20170704,18:38:00,0.0,0.0,0,220.0,0.3,66,25295,16138,25.7,19.0
Station_01,Inv_00,20170704,18:39:00,0.0,0.0,0,220.0,0.3,66,25295,16138,25.7,24.0
Station_01,Inv_00,20170704,18:40:00,0.0,0.0,0,220.0,0.3,66,25295,16138,25.6,20.0
Station_01,Inv_00,20170704,18:41:00,0.0,0.0,0,220.0,0.3,66,25295,16138,25.6,19.0
Station_01,Inv_00,20170704,18:42:00,0.0,0.0,0,220.0,0.3,66,25295,16138,25.5,19.0
Station_01,Inv_00,20170704,18:43:00,0.0,0.0,0,220.0,0.3,66,25295,16138,25.5,24.0
Station_01,Inv_00,20170704,18:44:00,0.0,0.0,0,220.0,0.3,66,25295,16138,25.5,19.0
Station_01,Inv_00,20170704,18:45:00,0.0,0.0,0,220.0,0.3,66,25295,16138,25.5,19.0
Station_01,Inv_00,20170704,18:46:00,0.0,0.0,0,220.0,0.3,66,25295,16138,25.5,19.0
Station_01,Inv_00,20170704,18:47:00,0.0,0.0,0,220.0,0.3,66,25295,16138,25.5,19.0
Station_01,Inv_00,20170704,18:48:00,0.0,0.0,0,220.0,0.3,66,25295,16138,25.4,19.0
Station_01,Inv_00,20170704,18:49:00,0.0,0.0,0,220.0,0.3,66,25295,16138,25.4,20.0
Station_01,Inv_00,20170704,18:50:00,0.0,0.0,0,220.0,0.3,66,25295,16138,25.3,19.0
Station_01,Inv_00,20170704,18:51:00,0.0,0.0,0,220.0,0.3,66,25295,16138,25.4,19.0
Station_01,Inv_00,20170704,18:52:00,0.0,0.0,0,220.0,0.3,66,25295,16138,25.3,19.0
Station_01,Inv_00,20170704,18:53:00,0.0,0.0,0,220.0,0.3,66,25295,16138,25.3,19.0
Station_01,Inv_00,20170704,18:54:00,0.0,0.0,0,220.0,0.3,66,25295,16138,25.3,19.0
Station_01,Inv_00,20170704,18:55:00,0.0,0.0,0,220.0,0.3,66,25295,16138,25.3,21.0
Station_01,Inv_00,20170704,18:56:00,0.0,0.0,0,220.0,0.3,66,25295,16138,25.3,19.0
Station_01,Inv_00,20170704,18:57:00,0.0,0.0,0,220.0,0.3,66,25295,16138,25.3,19.0
Station_01,Inv_00,20170704,18:58:00,0.0,0.0,0,220.0,0.3,66,25295,16138,25.3,19.0
Station_01,Inv_00,20170704,18:59:00,0.0,0.0,0,220.0,0.3,66,25295,16138,25.3,19.0
Station_01,Inv_00,20170704,19:00:00,0.0,0.0,0,220.0,0.3,66,25295,16138,25.2,20.0
Station_01,Inv_00,20170704,19:01:00,0.0,0.0,0,220.0,0.3,66,25295,16138,25.2,19.0
Station_01,Inv_00,20170704,19:02:00,0.0,0.0,0,220.0,0.3,66,25295,16138,25.2,19.0
Station_01,Inv_00,20170704,19:03:00,0.0,0.0,0,220.0,0.3,66,25295,16138,25.2,20.0
Station_01,Inv_00,20170704,19:04:00,0.0,0.0,0,220.0,0.3,66,25295,16138,25.2,28.0
Station_01,Inv_00,20170704,19:05:00,0.0,0.0,0,220.0,0.3,66,25295,16138,25.1,31.0
Station_01,Inv_00,20170704,19:06:00,0.0,0.0,0,220.0,0.3,66,25295,16138,25.2,32.0
Station_01,Inv_00,20170704,19:07:00,0.0,0.0,0,220.0,0.3,66,25295,16138,25.2,22.0
Station_01,Inv_00,20170704,19:08:00,0.0,0.0,0,220.0,0.3,66,25295,16138,25.1,34.0
Station_01,Inv_00,20170704,19:09:00,0.0,0.0,0,220.0,0.3,66,25295,16138,25.1,29.0
Station_01,Inv_00,20170704,19:10:00,0.0,0.0,0,220.0,0.3,66,25295,16138,25.1,32.0
Station_01,Inv_00,20170704,19:11:00,0.0,0.0,0,220.0,0.3,66,25295,16138,25.1,31.0
Station_01,Inv_00,20170704,19:12:00,0.0,0.0,0,220.0,0.3,66,25295,16138,25.1,31.0
Station_01,Inv_00,20170704,19:13:00,0.0,0.0,0,220.0,0.3,66,25295,16138,25.1,19.0
Station_01,Inv_00,20170704,19:14:00,0.0,0.0,0,220.0,0.3,66,25295,16138,25.1,19.0
Station_01,Inv_00,20170704,19:15:00,0.0,0.0,0,220.0,0.3,66,25295,16138,25.1,19.0
Station_01,Inv_00,20170704,19:16:00,0.0,0.0,0,220.0,0.3,66,25295,16138,25.1,19.0
Station_01,Inv_00,20170704,19:17:00,0.0,0.0,0,220.0,0.3,66,25295,16138,25.1,19.0
Station_01,Inv_00,20170704,19:18:00,0.0,0.0,0,220.0,0.3,66,25295,16138,25.0,19.0
Station_01,Inv_00,20170704,19:19:00,0.0,0.0,0,220.0,0.3,66,25295,16138,25.1,19.0
Station_01,Inv_00,20170704,19:20:00,0.0,0.0,0,220.0,0.3,66,25295,16138,25.1,19.0
Station_01,Inv_00,20170704,19:21:00,0.0,0.0,0,220.0,0.3,66,25295,16138,25.1,19.0
Station_01,Inv_00,20170704,19:22:00,0.0,0.0,0,220.0,0.3,66,25295,16138,25.1,19.0
Station_01,Inv_00,20170704,19:23:00,0.0,0.0,0,220.0,0.3,66,25295,16138,25.1,19.0
Station_01,Inv_00,20170704,19:24:00,0.0,0.0,0,220.0,0.3,66,25295,16138,25.1,19.0
Station_01,Inv_00,20170704,19:25:00,0.0,0.0,0,220.0,0.3,66,25295,16138,25.1,19.0
Station_01,Inv_00,20170704,19:26:00,0.0,0.0,0,220.0,0.3,66,25295,16138,25.1,31.0
Station_01,Inv_00,20170704,19:27:00,0.0,0.0,0,220.0,0.3,66,25295,16138,25.1,31.0
Station_01,Inv_00,20170704,19:28:00,0.0,0.0,0,220.0,0.3,66,25295,16138,25.1,32.0
Station_01,Inv_00,20170704,19:29:00,0.0,0.0,0,220.0,0.3,66,25295,16138,25.1,31.0
Station_01,Inv_00,20170704,19:30:00,0.0,0.0,0,220.0,0.3,66,25295,16138,25.0,32.0
Station_01,Inv_00,20170704,19:31:00,0.0,0.0,0,220.0,0.3,66,25295,16138,25.1,19.0
Station_01,Inv_00,20170704,19:32:00,0.0,0.0,0,220.0,0.3,66,25295,16138,25.0,20.0
Station_01,Inv_00,20170704,19:33:00,0.0,0.0,0,220.0,0.3,66,25295,16138,25.0,32.0
Station_01,Inv_00,20170704,19:34:00,0.0,0.0,0,220.0,0.3,66,25295,16138,25.0,19.0
Station_01,Inv_00,20170704,19:35:00,0.0,0.0,0,220.0,0.3,66,25295,16138,25.0,19.0
Station_01,Inv_00,20170704,19:36:00,0.0,0.0,0,220.0,0.3,66,25295,16138,25.0,19.0
Station_01,Inv_00,20170704,19:37:00,0.0,0.0,0,220.0,0.3,66,25295,16138,25.0,19.0
Station_01,Inv_00,20170704,19:38:00,0.0,0.0,0,220.0,0.3,66,25295,16138,25.0,19.0
Station_01,Inv_00,20170704,19:39:00,0.0,0.0,0,220.0,0.3,66,25295,16138,24.9,19.0
Station_01,Inv_00,20170704,19:40:00,0.0,0.0,0,220.0,0.3,66,25295,16138,25.0,19.0
Station_01,Inv_00,20170704,19:41:00,0.0,0.0,0,220.0,0.3,66,25295,16138,25.0,20.0
Station_01,Inv_00,20170704,19:42:00,0.0,0.0,0,220.0,0.3,66,25295,16138,24.9,19.0
Station_01,Inv_00,20170704,19:43:00,0.0,0.0,0,220.0,0.3,66,25295,16138,25.0,21.0
Station_01,Inv_00,20170704,19:44:00,0.0,0.0,0,220.0,0.3,66,25295,16138,25.0,19.0
Station_01,Inv_00,20170704,19:45:00,0.0,0.0,0,220.0,0.3,66,25295,16138,24.9,19.0
Station_01,Inv_00,20170704,19:46:00,0.0,0.0,0,220.0,0.3,66,25295,16138,24.9,19.0
Station_01,Inv_00,20170704,19:47:00,0.0,0.0,0,220.0,0.3,66,25295,16138,25.0,19.0
Station_01,Inv_00,20170704,19:48:00,0.0,0.0,0,220.0,0.3,66,25295,16138,24.9,19.0
Station_01,Inv_00,20170704,19:49:00,0.0,0.0,0,220.0,0.3,66,25295,16138,24.9,19.0
Station_01,Inv_00,20170704,19:50:00,0.0,0.0,0,220.0,0.3,66,25295,16138,24.9,19.0
Station_01,Inv_00,20170704,19:51:00,0.0,0.0,0,220.0,0.3,66,25295,16138,24.9,19.0
Station_01,Inv_00,20170704,19:52:00,0.0,0.0,0,220.0,0.3,66,25295,16138,24.9,19.0
Station_01,Inv_00,20170704,19:53:00,0.0,0.0,0,220.0,0.3,66,25295,16138,24.9,20.0
Station_01,Inv_00,20170704,19:54:00,0.0,0.0,0,220.0,0.3,66,25295,16138,24.9,19.0
Station_01,Inv_00,20170704,19:55:00,0.0,0.0,0,220.0,0.3,66,25295,16138,24.9,20.0
Station_01,Inv_00,20170704,19:56:00,0.0,0.0,0,220.0,0.3,66,25295,16138,24.9,19.0
Station_01,Inv_00,20170704,19:57:00,0.0,0.0,0,220.0,0.3,66,25295,16138,24.9,20.0
Station_01,Inv_00,20170704,19:58:00,0.0,0.0,0,220.0,0.3,66,25295,16138,24.9,20.0
Station_01,Inv_00,20170704,19:59:00,0.0,0.0,0,220.0,0.3,66,25295,16138,24.9,19.0
Station_01,Inv_00,20170704,20:00:00,0.0,0.0,0,220.0,0.3,66,25295,16138,24.9,20.0
