Station_01,Inv_00,20170627,05:00:00,0.0,0.0,0,216.0,0.4,86,25154,16048,24.7,18.0
Station_01,Inv_00,20170627,05:01:00,0.0,0.0,0,216.0,0.4,86,25154,16048,24.7,18.0
Station_01,Inv_00,20170627,05:02:00,0.0,0.0,0,216.0,0.4,86,25154,16048,24.7,18.0
Station_01,Inv_00,20170627,05:03:00,0.0,0.0,0,216.0,0.4,86,25154,16048,24.7,18.0
Station_01,Inv_00,20170627,05:04:00,0.0,0.0,0,216.0,0.4,86,25154,16048,24.7,18.0
Station_01,Inv_00,20170627,05:05:00,0.0,0.0,0,216.0,0.4,86,25154,16048,24.7,18.0
Station_01,Inv_00,20170627,05:06:00,0.0,0.0,0,216.0,0.4,86,25154,16048,24.8,18.0
Station_01,Inv_00,20170627,05:07:00,0.0,0.0,0,216.0,0.4,86,25154,16048,24.8,18.0
Station_01,Inv_00,20170627,05:08:00,0.0,0.0,0,216.0,0.4,86,25154,16048,24.8,19.0
Station_01,Inv_00,20170627,05:09:00,0.0,0.0,0,216.0,0.4,86,25154,16048,24.8,19.0
Station_01,Inv_00,20170627,05:10:00,0.0,0.0,0,216.0,0.4,86,25154,16048,24.8,19.0
Station_01,Inv_00,20170627,05:11:00,0.0,0.0,0,216.0,0.4,86,25154,16048,24.8,19.0
Station_01,Inv_00,20170627,05:12:00,0.0,0.0,0,216.0,0.4,86,25154,16048,24.8,459.0
Station_01,Inv_00,20170627,05:13:00,0.0,0.0,0,216.0,0.4,86,25154,16048,24.8,20.0
Station_01,Inv_00,20170627,05:14:00,0.0,0.0,0,216.0,0.4,86,25154,16048,24.8,20.0
Station_01,Inv_00,20170627,05:15:00,0.0,0.0,0,216.0,0.4,86,25154,16048,24.8,20.0
Station_01,Inv_00,20170627,05:16:00,0.0,0.0,0,216.0,0.4,86,25154,16048,24.7,21.0
Station_01,Inv_00,20170627,05:17:00,0.0,0.0,0,216.0,0.4,86,25154,16048,24.7,22.0
Station_01,Inv_00,20170627,05:18:00,0.0,0.0,0,216.0,0.4,86,25154,16048,24.7,22.0
Station_01,Inv_00,20170627,05:19:00,0.0,0.0,0,216.0,0.4,86,25154,16048,24.7,23.0
Station_01,Inv_00,20170627,05:20:00,0.0,0.0,0,216.0,0.4,86,25154,16048,24.8,23.0
Station_01,Inv_00,20170627,05:21:00,0.0,0.0,0,216.0,0.4,86,25154,16048,24.8,24.0
Station_01,Inv_00,20170627,05:22:00,0.0,0.0,0,216.0,0.4,86,25154,16048,24.8,25.0
Station_01,Inv_00,20170627,05:23:00,0.0,0.0,0,216.0,0.4,86,25154,16048,24.8,26.0
Station_01,Inv_00,20170627,05:24:00,0.0,0.0,0,216.0,0.4,86,25154,16048,24.9,26.0
Station_01,Inv_00,20170627,05:25:00,0.0,0.0,0,216.0,0.4,86,25154,16048,24.9,27.0
Station_01,Inv_00,20170627,05:26:00,0.0,0.0,0,223.0,0.4,89,25154,16048,24.9,27.0
Station_01,Inv_00,20170627,05:27:00,0.0,0.0,0,222.0,0.4,89,25154,16048,25.0,28.0
Station_01,Inv_00,20170627,05:28:00,0.0,0.0,0,224.0,0.5,112,25154,16048,25.0,29.0
Station_01,Inv_00,20170627,05:29:00,0.0,0.0,0,223.0,0.5,112,25154,16048,25.0,29.0
Station_01,Inv_00,20170627,05:30:00,0.0,0.0,0,222.0,0.5,111,25154,16048,25.0,30.0
Station_01,Inv_00,20170627,05:31:00,217.5,0.2,44,219.0,0.4,88,25154,16048,25.0,461.0
Station_01,Inv_00,20170627,05:32:00,229.5,0.2,46,219.0,0.4,88,25154,16048,24.9,31.0
Station_01,Inv_00,20170627,05:33:00,226.5,0.2,45,219.0,0.4,88,25154,16048,25.0,32.0
Station_01,Inv_00,20170627,05:34:00,233.5,0.2,47,216.0,0.4,86,25154,16048,25.0,33.0
Station_01,Inv_00,20170627,05:35:00,236.5,0.2,47,216.0,0.4,86,25154,16048,25.0,34.0
Station_01,Inv_00,20170627,05:36:00,212.0,0.1,21,216.0,0.5,108,25154,16048,25.0,463.0
Station_01,Inv_00,20170627,05:37:00,216.0,0.1,22,216.0,0.4,86,25154,16048,25.1,35.0
Station_01,Inv_00,20170627,05:38:00,228.0,0.1,23,216.0,0.4,86,25154,16048,25.1,35.0
Station_01,Inv_00,20170627,05:39:00,222.0,0.1,22,216.0,0.5,108,25154,16048,25.1,36.0
Station_01,Inv_00,20170627,05:40:00,216.0,0.1,22,215.0,0.4,86,25154,16048,25.1,37.0
Station_01,Inv_00,20170627,05:41:00,221.0,0.1,22,215.0,0.5,108,25154,16048,25.2,38.0
Station_01,Inv_00,20170627,05:42:00,197.7,0.3,59,215.0,0.5,108,25154,16048,25.2,39.0
Station_01,Inv_00,20170627,05:43:00,204.7,0.3,61,215.0,0.5,108,25154,16048,25.3,40.0
Station_01,Inv_00,20170627,05:44:00,204.0,0.3,61,214.0,0.5,107,25154,16048,25.3,40.0
Station_01,Inv_00,20170627,05:45:00,217.3,0.3,65,215.0,0.5,108,25154,16048,25.3,41.0
Station_01,Inv_00,20170627,05:46:00,221.0,0.3,66,217.0,0.5,109,25154,16048,25.4,42.0
Station_01,Inv_00,20170627,05:47:00,217.7,0.3,65,217.0,0.5,109,25154,16048,25.4,43.0
Station_01,Inv_00,20170627,05:48:00,189.3,0.3,57,218.0,0.5,109,25154,16048,25.4,44.0
Station_01,Inv_00,20170627,05:49:00,229.0,0.4,92,218.0,0.5,109,25154,16048,25.5,46.0
Station_01,Inv_00,20170627,05:50:00,212.0,0.4,85,217.0,0.5,109,25154,16048,25.5,48.0
Station_01,Inv_00,20170627,05:51:00,161.7,0.3,49,218.0,0.5,109,25154,16048,25.5,50.0
Station_01,Inv_00,20170627,05:52:00,208.0,0.5,104,217.0,0.5,109,25154,16048,25.6,52.0
Station_01,Inv_00,20170627,05:53:00,236.4,0.5,118,217.0,0.6,130,25154,16048,25.7,54.0
Station_01,Inv_00,20170627,05:54:00,212.0,0.5,106,217.0,0.6,130,25154,16048,25.7,57.0
Station_01,Inv_00,20170627,05:55:00,187.0,0.5,94,217.0,0.6,130,25154,16048,25.9,59.0
Station_01,Inv_00,20170627,05:56:00,224.8,0.5,112,217.0,0.7,152,25154,16048,25.9,62.0
Station_01,Inv_00,20170627,05:57:00,224.0,0.6,134,218.0,0.7,153,25154,16048,26.1,65.0
Station_01,Inv_00,20170627,05:58:00,187.0,0.5,94,220.0,0.6,132,25154,16048,26.1,66.0
Station_01,Inv_00,20170627,05:59:00,221.0,0.6,133,218.0,0.7,153,25154,16048,26.3,66.0
Station_01,Inv_00,20170627,06:00:00,197.0,0.6,118,217.0,0.6,130,25154,16048,26.3,65.0
Station_01,Inv_00,20170627,06:01:00,195.7,0.6,117,218.0,0.6,131,25154,16048,26.4,66.0
Station_01,Inv_00,20170627,06:02:00,217.0,0.6,130,216.0,0.8,173,25154,16048,26.5,67.0
Station_01,Inv_00,20170627,06:03:00,231.1,0.7,162,216.0,0.8,173,25154,16048,26.6,68.0
Station_01,Inv_00,20170627,06:04:00,232.7,0.7,163,217.0,0.8,174,25154,16048,26.7,68.0
Station_01,Inv_00,20170627,06:05:00,214.1,0.7,150,216.0,0.8,173,25154,16048,26.7,70.0
Station_01,Inv_00,20170627,06:06:00,233.9,0.7,164,216.0,0.9,194,25154,16048,26.8,72.0
Station_01,Inv_00,20170627,06:07:00,225.6,0.7,158,219.0,0.9,197,25154,16048,26.9,76.0
Station_01,Inv_00,20170627,06:08:00,215.5,0.8,172,216.0,1.0,216,25154,16048,27.0,81.0
Station_01,Inv_00,20170627,06:09:00,238.4,0.7,167,218.0,1.0,218,25154,16048,27.2,84.0
Station_01,Inv_00,20170627,06:10:00,234.5,0.8,188,217.0,1.0,217,25154,16048,27.3,86.0
Station_01,Inv_00,20170627,06:11:00,241.4,0.7,169,217.0,0.6,130,25154,16048,27.4,86.0
Station_01,Inv_00,20170627,06:12:00,223.9,0.9,202,216.0,1.0,216,25154,16048,27.5,88.0
Station_01,Inv_00,20170627,06:13:00,211.0,0.9,190,216.0,1.0,216,25154,16048,27.6,89.0
Station_01,Inv_00,20170627,06:14:00,182.4,0.9,164,217.0,0.9,195,25154,16048,27.7,89.0
Station_01,Inv_00,20170627,06:15:00,233.1,0.9,210,216.0,1.0,216,25154,16048,27.7,88.0
Station_01,Inv_00,20170627,06:16:00,237.3,0.9,214,217.0,1.0,217,25154,16048,27.7,87.0
Station_01,Inv_00,20170627,06:17:00,243.4,0.9,219,218.0,1.0,218,25154,16048,27.8,88.0
Station_01,Inv_00,20170627,06:18:00,237.4,0.9,214,218.0,1.1,240,25154,16048,27.9,91.0
Station_01,Inv_00,20170627,06:19:00,221.4,1.0,221,218.0,1.1,240,25154,16048,28.0,96.0
Station_01,Inv_00,20170627,06:20:00,227.5,1.1,250,217.0,1.2,260,25154,16048,28.1,101.0
Station_01,Inv_00,20170627,06:21:00,231.0,1.2,277,217.0,1.3,282,25154,16048,28.3,108.0
Station_01,Inv_00,20170627,06:22:00,247.0,1.3,321,217.0,1.4,304,25154,16048,28.5,119.0
Station_01,Inv_00,20170627,06:23:00,251.5,1.4,352,216.0,1.5,324,25154,16048,28.8,131.0
Station_01,Inv_00,20170627,06:24:00,251.4,1.5,377,217.0,1.6,347,25154,16048,29.0,140.0
Station_01,Inv_00,20170627,06:25:00,248.5,1.5,373,217.0,1.6,347,25154,16048,29.2,142.0
Station_01,Inv_00,20170627,06:26:00,250.0,1.6,400,217.0,1.7,369,25154,16048,29.4,142.0
Station_01,Inv_00,20170627,06:27:00,234.5,1.6,375,216.0,1.6,346,25154,16048,29.6,144.0
Station_01,Inv_00,20170627,06:28:00,229.9,1.7,391,218.0,1.7,371,25154,16048,29.7,148.0
Station_01,Inv_00,20170627,06:29:00,228.0,1.7,388,217.0,1.7,369,25154,16048,29.9,150.0
Station_01,Inv_00,20170627,06:30:00,224.0,1.8,403,217.0,1.7,369,25154,16048,30.2,152.0
Station_01,Inv_00,20170627,06:31:00,228.0,1.6,365,216.0,1.7,367,25154,16048,30.2,152.0
Station_01,Inv_00,20170627,06:32:00,226.5,1.7,385,217.0,1.7,369,25154,16048,30.4,150.0
Station_01,Inv_00,20170627,06:33:00,226.5,1.7,385,218.0,1.7,371,25154,16048,30.4,149.0
Station_01,Inv_00,20170627,06:34:00,228.9,1.7,389,218.0,1.7,371,25154,16048,30.5,149.0
Station_01,Inv_00,20170627,06:35:00,231.0,1.8,416,218.0,1.8,392,25154,16048,30.6,151.0
Station_01,Inv_00,20170627,06:36:00,243.0,1.8,437,218.0,2.0,436,25154,16048,30.7,156.0
Station_01,Inv_00,20170627,06:37:00,248.0,1.9,471,218.0,2.0,436,25154,16048,30.9,160.0
Station_01,Inv_00,20170627,06:38:00,228.5,2.0,457,219.0,2.0,438,25154,16048,31.0,166.0
Station_01,Inv_00,20170627,06:39:00,248.6,2.0,497,217.0,2.2,477,25154,16048,31.2,173.0
Station_01,Inv_00,20170627,06:40:00,250.4,2.1,526,217.0,2.3,499,25154,16048,31.3,178.0
Station_01,Inv_00,20170627,06:41:00,245.4,2.1,515,218.0,2.4,523,25154,16048,31.5,184.0
Station_01,Inv_00,20170627,06:42:00,239.0,2.3,550,217.0,2.4,521,25154,16048,31.9,188.0
Station_01,Inv_00,20170627,06:43:00,235.0,2.4,564,217.0,2.4,521,25154,16048,32.0,191.0
Station_01,Inv_00,20170627,06:44:00,248.0,2.4,595,218.0,2.5,545,25154,16048,32.1,196.0
Station_01,Inv_00,20170627,06:45:00,245.4,2.5,614,217.0,2.6,564,25154,16048,32.3,203.0
Station_01,Inv_00,20170627,06:46:00,248.5,2.6,646,217.0,2.7,586,25154,16048,32.4,208.0
Station_01,Inv_00,20170627,06:47:00,237.5,2.6,618,217.0,2.8,608,25154,16048,32.5,216.0
Station_01,Inv_00,20170627,06:48:00,247.0,2.8,692,217.0,3.0,651,25154,16048,32.8,224.0
Station_01,Inv_00,20170627,06:49:00,239.9,2.9,696,219.0,3.1,679,25154,16048,33.1,231.0
Station_01,Inv_00,20170627,06:50:00,248.5,3.0,746,219.0,3.1,679,25154,16048,33.4,236.0
Station_01,Inv_00,20170627,06:51:00,239.9,3.1,744,217.0,3.2,694,25154,16048,33.6,241.0
Station_01,Inv_00,20170627,06:52:00,239.0,3.2,765,218.0,3.3,719,25154,16048,33.8,248.0
Station_01,Inv_00,20170627,06:53:00,235.8,3.3,778,217.0,3.3,716,25154,16048,34.3,253.0
Station_01,Inv_00,20170627,06:54:00,244.5,3.3,807,217.0,3.5,760,25154,16048,34.4,253.0
Station_01,Inv_00,20170627,06:55:00,248.5,3.2,795,217.0,3.5,760,25154,16048,34.7,254.0
Station_01,Inv_00,20170627,06:56:00,246.5,3.1,764,217.0,3.4,738,25154,16048,35.0,252.0
Station_01,Inv_00,20170627,06:57:00,215.0,3.2,688,217.0,3.1,673,25154,16048,35.1,249.0
Station_01,Inv_00,20170627,06:58:00,227.5,3.4,774,217.0,3.3,716,25154,16048,35.2,252.0
Station_01,Inv_00,20170627,06:59:00,245.9,3.3,812,217.0,3.6,781,25154,16048,35.2,255.0
Station_01,Inv_00,20170627,07:00:00,243.5,3.4,828,219.0,3.6,788,25154,16048,35.5,258.0
Station_01,Inv_00,20170627,07:01:00,246.5,3.4,838,219.0,3.6,788,25154,16048,35.8,261.0
Station_01,Inv_00,20170627,07:02:00,242.0,3.5,847,217.0,3.6,781,25154,16048,35.9,263.0
Station_01,Inv_00,20170627,07:03:00,241.0,3.4,819,217.0,3.7,803,25154,16048,36.2,264.0
Station_01,Inv_00,20170627,07:04:00,243.0,3.6,875,217.0,3.8,825,25154,16048,36.5,271.0
Station_01,Inv_00,20170627,07:05:00,245.0,3.7,906,218.0,3.9,850,25154,16048,36.6,294.0
Station_01,Inv_00,20170627,07:06:00,214.0,3.8,813,219.0,3.6,788,25154,16048,36.7,283.0
Station_01,Inv_00,20170627,07:07:00,160.5,3.9,626,219.0,2.8,613,25154,16048,36.8,301.0
Station_01,Inv_00,20170627,07:08:00,184.0,4.0,736,217.0,3.2,694,25154,16048,36.8,292.0
Station_01,Inv_00,20170627,07:09:00,221.5,4.1,908,218.0,3.9,850,25154,16048,36.9,295.0
Station_01,Inv_00,20170627,07:10:00,236.4,4.1,969,218.0,4.0,872,25154,16048,37.0,296.0
Station_01,Inv_00,20170627,07:11:00,242.4,3.9,946,218.0,4.1,894,25154,16048,37.3,296.0
Station_01,Inv_00,20170627,07:12:00,231.0,4.2,970,219.0,4.1,898,25154,16048,37.2,301.0
Station_01,Inv_00,20170627,07:13:00,242.5,4.1,994,219.0,4.1,898,25154,16048,37.7,302.0
Station_01,Inv_00,20170627,07:14:00,241.5,4.0,966,218.0,4.1,894,25154,16048,37.7,300.0
Station_01,Inv_00,20170627,07:15:00,241.0,4.1,988,219.0,4.2,920,25154,16048,37.9,303.0
Station_01,Inv_00,20170627,07:16:00,241.9,4.1,992,219.0,4.3,942,25154,16048,38.4,306.0
Station_01,Inv_00,20170627,07:17:00,226.0,4.2,949,219.0,4.1,898,25154,16048,38.4,319.0
Station_01,Inv_00,20170627,07:18:00,243.0,4.4,1069,219.0,4.4,964,25154,16048,38.4,314.0
Station_01,Inv_00,20170627,07:19:00,223.9,4.7,1052,218.0,4.4,959,25154,16048,38.5,328.0
Station_01,Inv_00,20170627,07:20:00,212.0,4.7,996,218.0,4.3,937,25154,16048,38.8,337.0
Station_01,Inv_00,20170627,07:21:00,241.5,4.7,1135,218.0,4.8,1046,25154,16048,38.9,339.0
Station_01,Inv_00,20170627,07:22:00,227.4,4.7,1069,218.0,4.6,1003,25154,16048,39.0,341.0
Station_01,Inv_00,20170627,07:23:00,212.0,4.9,1039,218.0,4.5,981,25154,16048,39.9,346.0
Station_01,Inv_00,20170627,07:24:00,217.4,5.0,1087,218.0,4.6,1003,25154,16048,39.4,356.0
Station_01,Inv_00,20170627,07:25:00,238.0,5.2,1238,218.0,5.1,1112,25154,16048,39.9,362.0
Station_01,Inv_00,20170627,07:26:00,240.5,5.1,1227,218.0,5.3,1155,25154,16048,40.0,383.0
Station_01,Inv_00,20170627,07:27:00,230.4,5.3,1221,218.0,5.2,1134,25154,16048,40.4,373.0
Station_01,Inv_00,20170627,07:28:00,240.0,5.3,1272,218.0,5.4,1177,25154,16048,40.2,377.0
Station_01,Inv_00,20170627,07:29:00,236.0,5.4,1274,219.0,5.4,1183,25154,16048,40.7,380.0
Station_01,Inv_00,20170627,07:30:00,240.5,5.3,1275,219.0,5.5,1205,25154,16048,41.2,381.0
Station_01,Inv_00,20170627,07:31:00,241.5,5.5,1328,218.0,5.6,1221,25154,16048,41.3,386.0
Station_01,Inv_00,20170627,07:32:00,223.0,5.6,1249,218.0,5.4,1177,25154,16048,41.1,393.0
Station_01,Inv_00,20170627,07:33:00,238.0,5.5,1309,219.0,5.6,1226,25155,16049,40.9,394.0
Station_01,Inv_00,20170627,07:34:00,240.0,5.5,1320,219.0,5.7,1248,25155,16049,40.8,395.0
Station_01,Inv_00,20170627,07:35:00,240.0,5.7,1368,218.0,5.8,1264,25155,16049,41.4,397.0
Station_01,Inv_00,20170627,07:36:00,235.5,5.9,1389,219.0,5.8,1270,25155,16049,40.9,406.0
Station_01,Inv_00,20170627,07:37:00,235.9,5.8,1368,219.0,5.8,1270,25155,16049,41.6,408.0
Station_01,Inv_00,20170627,07:38:00,235.0,5.9,1386,219.0,6.0,1314,25155,16049,41.8,413.0
Station_01,Inv_00,20170627,07:39:00,239.0,5.9,1410,219.0,6.2,1358,25155,16049,41.6,419.0
Station_01,Inv_00,20170627,07:40:00,235.5,6.0,1413,218.0,6.2,1352,25155,16049,41.9,423.0
Station_01,Inv_00,20170627,07:41:00,234.5,6.1,1430,219.0,6.2,1358,25155,16049,42.3,427.0
Station_01,Inv_00,20170627,07:42:00,239.0,6.1,1458,219.0,6.3,1380,25155,16049,41.9,431.0
Station_01,Inv_00,20170627,07:43:00,238.5,6.3,1503,219.0,6.4,1402,25155,16049,42.8,435.0
Station_01,Inv_00,20170627,07:44:00,239.5,6.4,1533,220.0,6.5,1430,25155,16049,42.4,443.0
Station_01,Inv_00,20170627,07:45:00,228.5,6.5,1485,220.0,6.4,1408,25155,16049,42.8,446.0
Station_01,Inv_00,20170627,07:46:00,241.5,6.5,1570,219.0,6.7,1467,25155,16049,43.1,451.0
Station_01,Inv_00,20170627,07:47:00,237.5,6.5,1544,219.0,6.7,1467,25155,16049,43.0,456.0
Station_01,Inv_00,20170627,07:48:00,240.0,6.5,1560,219.0,6.8,1489,25155,16049,43.5,460.0
Station_01,Inv_00,20170627,07:49:00,237.4,6.6,1567,218.0,6.8,1482,25155,16049,43.7,464.0
Station_01,Inv_00,20170627,07:50:00,235.0,6.9,1621,218.0,6.9,1504,25155,16049,43.9,468.0
Station_01,Inv_00,20170627,07:51:00,232.0,7.0,1624,219.0,7.1,1555,25155,16049,44.6,475.0
Station_01,Inv_00,20170627,07:52:00,232.0,7.0,1624,219.0,6.9,1511,25155,16049,44.6,474.0
Station_01,Inv_00,20170627,07:53:00,237.0,7.0,1659,218.0,7.2,1570,25155,16049,44.9,487.0
Station_01,Inv_00,20170627,07:54:00,230.5,7.2,1660,218.0,7.2,1570,25155,16049,44.9,490.0
Station_01,Inv_00,20170627,07:55:00,237.0,7.3,1730,218.0,7.4,1613,25155,16049,45.2,494.0
Station_01,Inv_00,20170627,07:56:00,233.5,7.4,1728,219.0,7.3,1599,25155,16049,45.9,498.0
Station_01,Inv_00,20170627,07:57:00,235.0,7.4,1739,219.0,7.5,1643,25155,16049,45.4,504.0
Station_01,Inv_00,20170627,07:58:00,233.5,7.4,1728,219.0,7.5,1643,25155,16049,45.8,508.0
Station_01,Inv_00,20170627,07:59:00,236.0,7.7,1817,218.0,7.7,1679,25155,16049,45.5,517.0
Station_01,Inv_00,20170627,08:00:00,234.5,7.8,1829,218.0,8.0,1744,25155,16049,45.7,533.0
Station_01,Inv_00,20170627,08:01:00,233.5,7.9,1845,217.0,8.1,1758,25155,16049,46.3,536.0
Station_01,Inv_00,20170627,08:02:00,232.0,7.7,1786,217.0,7.8,1693,25155,16049,47.2,527.0
Station_01,Inv_00,20170627,08:03:00,231.4,7.8,1805,217.0,7.8,1693,25155,16049,47.6,527.0
Station_01,Inv_00,20170627,08:04:00,229.0,7.8,1786,217.0,7.7,1671,25155,16049,47.1,527.0
Station_01,Inv_00,20170627,08:05:00,232.5,7.6,1767,217.0,7.7,1671,25155,16049,47.9,516.0
Station_01,Inv_00,20170627,08:06:00,224.0,7.9,1770,217.0,7.7,1671,25155,16049,47.6,521.0
Station_01,Inv_00,20170627,08:07:00,230.0,7.9,1817,217.0,7.9,1714,25155,16049,47.5,519.0
Station_01,Inv_00,20170627,08:08:00,231.4,7.8,1805,217.0,7.7,1671,25155,16049,48.6,512.0
Station_01,Inv_00,20170627,08:09:00,232.9,7.6,1770,216.0,7.6,1642,25155,16049,48.3,438.0
Station_01,Inv_00,20170627,08:10:00,210.0,8.5,1785,217.0,7.8,1693,25156,16050,48.6,554.0
Station_01,Inv_00,20170627,08:11:00,230.5,8.5,1959,216.0,8.5,1836,25156,16050,48.8,553.0
Station_01,Inv_00,20170627,08:12:00,230.5,8.9,2051,216.0,9.0,1944,25156,16050,49.7,586.0
Station_01,Inv_00,20170627,08:13:00,231.5,8.8,2037,216.0,8.8,1901,25156,16050,47.3,585.0
Station_01,Inv_00,20170627,08:14:00,221.5,9.0,1994,219.0,8.6,1883,25156,16050,48.4,586.0
Station_01,Inv_00,20170627,08:15:00,229.9,8.8,2023,218.0,8.7,1897,25156,16050,49.7,558.0
Station_01,Inv_00,20170627,08:16:00,235.3,8.3,1953,218.0,8.5,1853,25156,16050,48.8,445.0
Station_01,Inv_00,20170627,08:17:00,227.0,8.9,2020,218.0,8.7,1897,25156,16050,49.5,577.0
Station_01,Inv_00,20170627,08:18:00,231.9,9.0,2087,218.0,9.0,1962,25156,16050,49.7,596.0
Station_01,Inv_00,20170627,08:19:00,230.0,9.1,2093,218.0,9.1,1984,25156,16050,48.6,609.0
Station_01,Inv_00,20170627,08:20:00,236.5,9.4,2223,219.0,9.6,2102,25156,16050,50.2,601.0
Station_01,Inv_00,20170627,08:21:00,227.5,6.0,1365,218.0,6.0,1308,25156,16050,49.6,537.0
Station_01,Inv_00,20170627,08:22:00,227.9,3.2,729,218.0,3.1,676,25156,16050,48.8,279.0
Station_01,Inv_00,20170627,08:23:00,223.0,9.2,2051,219.0,9.0,1971,25156,16050,47.6,354.0
Station_01,Inv_00,20170627,08:24:00,214.5,3.0,643,217.0,2.9,629,25156,16050,47.1,236.0
Station_01,Inv_00,20170627,08:25:00,218.9,5.3,1160,218.0,5.1,1112,25156,16050,47.2,349.0
Station_01,Inv_00,20170627,08:26:00,217.0,9.6,2083,218.0,9.0,1962,25156,16050,46.3,335.0
Station_01,Inv_00,20170627,08:27:00,229.9,10.0,2299,219.0,9.9,2168,25156,16050,48.2,641.0
Station_01,Inv_00,20170627,08:28:00,232.5,10.5,2441,218.0,10.6,2311,25156,16050,48.2,679.0
Station_01,Inv_00,20170627,08:29:00,225.1,4.0,901,218.0,3.9,850,25156,16050,47.6,308.0
Station_01,Inv_00,20170627,08:30:00,212.5,3.5,744,218.0,3.3,719,25156,16050,45.4,248.0
Station_01,Inv_00,20170627,08:31:00,218.5,6.2,1355,218.0,6.2,1352,25156,16050,45.3,381.0
Station_01,Inv_00,20170627,08:32:00,223.0,10.1,2252,218.0,8.4,1831,25156,16050,46.3,585.0
Station_01,Inv_00,20170627,08:33:00,231.7,5.6,1297,218.0,4.7,1025,25156,16050,46.7,389.0
Station_01,Inv_00,20170627,08:34:00,231.5,11.5,2662,219.0,11.5,2519,25156,16050,48.3,718.0
Station_01,Inv_00,20170627,08:35:00,230.5,10.9,2512,219.0,11.2,2453,25156,16050,49.9,757.0
Station_01,Inv_00,20170627,08:36:00,226.5,12.0,2718,219.0,11.8,2584,25156,16050,51.9,767.0
Station_01,Inv_00,20170627,08:37:00,226.5,12.1,2741,219.0,11.8,2584,25156,16050,53.1,775.0
Station_01,Inv_00,20170627,08:38:00,226.5,10.2,2310,220.0,10.1,2222,25156,16050,55.0,722.0
Station_01,Inv_00,20170627,08:39:00,216.5,4.4,953,219.0,4.1,898,25156,16050,53.0,400.0
Station_01,Inv_00,20170627,08:40:00,220.5,12.2,2690,218.0,11.6,2529,25156,16050,54.3,740.0
Station_01,Inv_00,20170627,08:41:00,216.0,11.5,2484,218.0,10.8,2354,25156,16050,52.4,640.0
Station_01,Inv_00,20170627,08:42:00,215.0,4.6,989,217.0,4.3,933,25156,16050,51.9,502.0
Station_01,Inv_00,20170627,08:43:00,230.0,4.0,920,218.0,4.0,872,25157,16050,49.7,284.0
Station_01,Inv_00,20170627,08:44:00,231.5,10.0,2315,219.0,9.3,2037,25157,16050,48.7,329.0
Station_01,Inv_00,20170627,08:45:00,218.5,5.1,1114,218.0,4.6,1003,25157,16050,50.9,473.0
Station_01,Inv_00,20170627,08:46:00,200.5,4.6,922,218.0,4.4,959,25157,16050,50.9,588.0
Station_01,Inv_00,20170627,08:47:00,220.5,3.5,772,218.0,3.5,763,25157,16050,48.6,248.0
Station_01,Inv_00,20170627,08:48:00,230.0,3.2,736,218.0,3.3,719,25157,16050,46.5,232.0
Station_01,Inv_00,20170627,08:49:00,231.0,3.5,808,218.0,3.6,785,25157,16050,45.5,237.0
Station_01,Inv_00,20170627,08:50:00,227.0,4.2,953,218.0,4.1,894,25157,16050,44.9,275.0
Station_01,Inv_00,20170627,08:51:00,230.5,4.4,1014,218.0,4.5,981,25157,16050,44.6,297.0
Station_01,Inv_00,20170627,08:52:00,229.5,13.4,3075,218.0,13.1,2856,25157,16050,45.9,734.0
Station_01,Inv_00,20170627,08:53:00,230.5,10.3,2374,218.0,10.2,2224,25157,16050,47.7,674.0
Station_01,Inv_00,20170627,08:54:00,232.0,5.5,1276,218.0,5.5,1199,25157,16050,47.5,420.0
Station_01,Inv_00,20170627,08:55:00,219.4,9.1,1996,218.0,9.2,2006,25157,16050,49.4,750.0
Station_01,Inv_00,20170627,08:56:00,234.5,7.7,1806,217.0,7.9,1714,25157,16050,49.4,484.0
Station_01,Inv_00,20170627,08:57:00,219.5,5.4,1185,217.0,5.9,1280,25157,16050,51.3,681.0
Station_01,Inv_00,20170627,08:58:00,204.9,3.6,738,216.0,3.2,691,25157,16050,48.2,258.0
Station_01,Inv_00,20170627,08:59:00,231.5,3.2,741,217.0,3.2,694,25157,16050,45.7,225.0
Station_01,Inv_00,20170627,09:00:00,230.8,3.1,716,216.0,3.1,670,25157,16050,43.8,221.0
Station_01,Inv_00,20170627,09:01:00,214.4,3.5,751,217.0,3.2,694,25157,16050,43.5,230.0
Station_01,Inv_00,20170627,09:02:00,235.5,3.8,895,217.0,3.9,846,25157,16050,43.1,253.0
Station_01,Inv_00,20170627,09:03:00,232.0,4.4,1021,217.0,4.4,955,25157,16050,43.3,287.0
Station_01,Inv_00,20170627,09:04:00,232.5,12.9,2999,218.0,12.9,2812,25157,16050,46.3,829.0
Station_01,Inv_00,20170627,09:05:00,234.5,5.5,1290,217.0,5.5,1194,25157,16050,47.2,406.0
Station_01,Inv_00,20170627,09:06:00,236.0,5.9,1392,217.0,6.0,1302,25157,16050,48.0,489.0
Station_01,Inv_00,20170627,09:07:00,231.5,7.1,1644,217.0,6.3,1367,25157,16050,48.1,365.0
Station_01,Inv_00,20170627,09:08:00,211.0,4.8,1013,217.0,4.4,955,25157,16050,49.5,512.0
Station_01,Inv_00,20170627,09:09:00,228.0,4.1,935,217.0,4.0,868,25157,16050,47.8,282.0
Station_01,Inv_00,20170627,09:10:00,224.9,4.0,900,217.0,3.9,846,25157,16050,46.6,265.0
Station_01,Inv_00,20170627,09:11:00,231.0,4.4,1016,218.0,4.4,959,25157,16050,45.8,294.0
Station_01,Inv_00,20170627,09:12:00,222.4,3.4,756,219.0,3.2,701,25157,16050,44.8,239.0
Station_01,Inv_00,20170627,09:13:00,233.0,2.8,652,219.0,3.0,657,25157,16050,42.8,213.0
Station_01,Inv_00,20170627,09:14:00,220.0,2.9,638,218.0,2.8,610,25157,16050,42.6,204.0
Station_01,Inv_00,20170627,09:15:00,165.0,3.1,512,217.0,2.3,499,25157,16050,41.3,212.0
Station_01,Inv_00,20170627,09:16:00,174.8,3.4,594,217.0,2.6,564,25157,16050,41.0,226.0
Station_01,Inv_00,20170627,09:17:00,227.9,3.8,866,217.0,3.7,803,25157,16050,40.6,247.0
Station_01,Inv_00,20170627,09:18:00,239.0,3.9,932,217.0,4.1,890,25157,16050,40.4,271.0
Station_01,Inv_00,20170627,09:19:00,236.3,3.8,898,217.0,4.0,868,25157,16050,40.6,264.0
Station_01,Inv_00,20170627,09:20:00,235.9,3.8,897,217.0,3.9,846,25157,16050,40.7,254.0
Station_01,Inv_00,20170627,09:21:00,237.0,3.9,924,217.0,3.9,846,25157,16050,40.6,257.0
Station_01,Inv_00,20170627,09:22:00,235.5,3.9,918,218.0,3.9,850,25157,16050,40.4,261.0
Station_01,Inv_00,20170627,09:23:00,225.5,3.9,879,218.0,4.0,872,25157,16050,39.9,268.0
Station_01,Inv_00,20170627,09:24:00,237.5,3.8,903,217.0,4.0,868,25157,16050,40.3,267.0
Station_01,Inv_00,20170627,09:25:00,241.5,3.7,893,217.0,3.8,825,25157,16050,40.2,253.0
Station_01,Inv_00,20170627,09:26:00,236.5,3.7,875,217.0,3.8,825,25157,16050,40.4,253.0
Station_01,Inv_00,20170627,09:27:00,201.4,3.6,725,217.0,3.1,673,25157,16050,40.6,243.0
Station_01,Inv_00,20170627,09:28:00,236.5,3.3,780,217.0,3.4,738,25157,16050,40.5,234.0
Station_01,Inv_00,20170627,09:29:00,225.0,3.2,720,217.0,3.1,673,25157,16050,40.2,222.0
Station_01,Inv_00,20170627,09:30:00,196.0,4.7,921,218.0,4.9,1068,25157,16050,41.2,404.0
Station_01,Inv_00,20170627,09:31:00,219.0,12.2,2672,219.0,10.9,2387,25157,16050,42.5,738.0
Station_01,Inv_00,20170627,09:32:00,202.3,3.4,688,217.0,2.8,608,25158,16051,43.9,432.0
Station_01,Inv_00,20170627,09:33:00,224.5,3.3,741,217.0,3.2,694,25158,16051,43.0,230.0
Station_01,Inv_00,20170627,09:34:00,234.0,2.9,679,216.0,3.0,648,25158,16051,42.2,208.0
Station_01,Inv_00,20170627,09:35:00,232.0,2.8,650,216.0,2.8,605,25158,16051,41.5,201.0
Station_01,Inv_00,20170627,09:36:00,232.0,2.8,650,217.0,2.9,629,25158,16051,41.4,199.0
Station_01,Inv_00,20170627,09:37:00,230.0,2.8,644,217.0,3.0,651,25158,16051,41.0,203.0
Station_01,Inv_00,20170627,09:38:00,236.5,3.0,710,218.0,3.1,676,25158,16051,40.7,211.0
Station_01,Inv_00,20170627,09:39:00,236.5,2.8,662,218.0,2.8,610,25158,16051,40.1,202.0
Station_01,Inv_00,20170627,09:40:00,228.9,5.7,1305,217.0,5.6,1215,25158,16051,40.0,382.0
Station_01,Inv_00,20170627,09:41:00,232.5,2.7,628,217.0,2.7,586,25158,16051,39.6,220.0
Station_01,Inv_00,20170627,09:42:00,235.5,2.6,612,217.0,2.6,564,25158,16051,39.3,191.0
Station_01,Inv_00,20170627,09:43:00,226.0,2.8,633,216.0,2.8,605,25158,16051,38.8,207.0
Station_01,Inv_00,20170627,09:44:00,234.5,10.6,2485,218.0,10.8,2354,25158,16051,41.2,634.0
Station_01,Inv_00,20170627,09:45:00,233.0,10.7,2493,219.0,10.8,2365,25158,16051,43.5,685.0
Station_01,Inv_00,20170627,09:46:00,234.0,10.0,2340,218.0,10.2,2224,25158,16051,45.1,656.0
Station_01,Inv_00,20170627,09:47:00,233.5,9.1,2125,218.0,9.2,2006,25158,16051,47.0,610.0
Station_01,Inv_00,20170627,09:48:00,231.0,10.1,2333,219.0,10.1,2212,25158,16051,48.3,642.0
Station_01,Inv_00,20170627,09:49:00,230.4,10.0,2305,218.0,9.9,2158,25158,16051,49.7,638.0
Station_01,Inv_00,20170627,09:50:00,228.5,11.0,2513,219.0,10.8,2365,25158,16051,50.1,706.0
Station_01,Inv_00,20170627,09:51:00,230.0,11.3,2599,218.0,11.3,2463,25158,16051,50.4,734.0
Station_01,Inv_00,20170627,09:52:00,228.0,10.4,2371,218.0,10.3,2245,25158,16051,52.0,696.0
Station_01,Inv_00,20170627,09:53:00,224.1,3.9,874,217.0,3.8,825,25158,16051,50.5,413.0
Station_01,Inv_00,20170627,09:54:00,231.3,3.3,763,217.0,3.4,738,25158,16051,49.3,268.0
Station_01,Inv_00,20170627,09:55:00,228.0,9.9,2257,218.0,9.8,2136,25158,16051,50.7,624.0
Station_01,Inv_00,20170627,09:56:00,226.9,9.8,2224,218.0,9.7,2115,25158,16051,50.7,589.0
Station_01,Inv_00,20170627,09:57:00,225.0,10.6,2385,219.0,10.3,2256,25158,16051,51.9,668.0
Station_01,Inv_00,20170627,09:58:00,229.0,9.2,2106,218.0,9.2,2006,25158,16051,52.0,621.0
Station_01,Inv_00,20170627,09:59:00,215.5,8.9,1918,218.0,8.3,1809,25158,16051,52.4,587.0
Station_01,Inv_00,20170627,10:00:00,221.0,10.6,2342,218.0,10.1,2202,25158,16051,53.6,679.0
Station_01,Inv_00,20170627,10:01:00,221.9,10.4,2308,218.0,9.9,2158,25158,16051,53.8,673.0
Station_01,Inv_00,20170627,10:02:00,226.0,10.7,2418,218.0,10.4,2267,25158,16051,53.8,694.0
Station_01,Inv_00,20170627,10:03:00,220.0,10.7,2354,219.0,10.2,2234,25158,16051,54.2,687.0
Station_01,Inv_00,20170627,10:04:00,223.9,9.8,2195,218.0,9.5,2071,25158,16051,55.0,640.0
Station_01,Inv_00,20170627,10:05:00,219.5,10.2,2239,218.0,9.7,2115,25158,16051,55.4,651.0
Station_01,Inv_00,20170627,10:06:00,218.5,10.9,2382,218.0,10.2,2224,25158,16051,56.7,678.0
Station_01,Inv_00,20170627,10:07:00,222.0,10.5,2331,218.0,10.2,2224,25159,16051,56.5,687.0
Station_01,Inv_00,20170627,10:08:00,219.5,11.6,2546,219.0,10.9,2387,25159,16051,56.3,727.0
Station_01,Inv_00,20170627,10:09:00,221.5,12.2,2702,219.0,11.6,2540,25159,16051,57.4,772.0
Station_01,Inv_00,20170627,10:10:00,210.5,13.4,2820,218.0,12.1,2638,25159,16051,58.2,823.0
Station_01,Inv_00,20170627,10:11:00,216.0,13.8,2981,219.0,12.9,2825,25159,16051,59.4,870.0
Station_01,Inv_00,20170627,10:12:00,213.5,14.0,2989,218.0,12.9,2812,25159,16051,61.1,888.0
Station_01,Inv_00,20170627,10:13:00,210.0,14.9,3128,219.0,13.4,2935,25159,16051,62.4,914.0
Station_01,Inv_00,20170627,10:14:00,213.5,15.0,3202,219.0,13.6,2978,25159,16051,63.6,941.0
Station_01,Inv_00,20170627,10:15:00,206.4,11.9,2456,219.0,10.9,2387,25159,16051,63.6,799.0
Station_01,Inv_00,20170627,10:16:00,210.0,13.2,2771,219.0,11.8,2584,25159,16051,63.1,789.0
Station_01,Inv_00,20170627,10:17:00,211.0,15.3,3228,219.0,13.8,3022,25159,16051,64.2,962.0
Station_01,Inv_00,20170627,10:18:00,209.9,8.2,1721,218.0,7.2,1570,25159,16051,61.6,499.0
Station_01,Inv_00,20170627,10:19:00,221.5,4.6,1019,217.0,4.5,977,25159,16051,59.4,324.0
Station_01,Inv_00,20170627,10:20:00,218.5,4.4,961,217.0,4.1,890,25159,16051,56.3,300.0
Station_01,Inv_00,20170627,10:21:00,225.5,4.2,947,217.0,4.0,868,25159,16051,52.3,289.0
Station_01,Inv_00,20170627,10:22:00,224.0,4.5,1008,217.0,4.2,911,25159,16051,50.7,292.0
Station_01,Inv_00,20170627,10:23:00,222.0,15.1,3352,219.0,14.4,3154,25159,16051,53.1,910.0
Station_01,Inv_00,20170627,10:24:00,217.5,6.7,1457,217.0,6.1,1324,25159,16051,54.5,620.0
Station_01,Inv_00,20170627,10:25:00,220.5,15.9,3506,219.0,15.1,3307,25159,16051,57.1,985.0
Station_01,Inv_00,20170627,10:26:00,218.5,6.6,1442,217.0,6.2,1345,25159,16051,57.4,550.0
Station_01,Inv_00,20170627,10:27:00,223.4,15.0,3352,218.0,14.4,3139,25159,16051,58.2,881.0
Station_01,Inv_00,20170627,10:28:00,218.5,15.0,3278,219.0,14.2,3110,25159,16051,59.4,976.0
Station_01,Inv_00,20170627,10:29:00,223.4,6.6,1475,218.0,6.2,1352,25159,16051,58.5,415.0
Station_01,Inv_00,20170627,10:30:00,222.4,8.2,1824,218.0,8.4,1831,25159,16051,59.5,726.0
Station_01,Inv_00,20170627,10:31:00,230.5,9.2,2121,217.0,8.6,1866,25159,16051,58.1,488.0
Station_01,Inv_00,20170627,10:32:00,217.0,5.5,1194,217.0,5.0,1085,25159,16051,58.3,566.0
Station_01,Inv_00,20170627,10:33:00,222.0,5.0,1110,217.0,4.7,1020,25160,16052,57.0,337.0
Station_01,Inv_00,20170627,10:34:00,216.5,5.1,1104,217.0,4.8,1042,25160,16052,54.6,321.0
Station_01,Inv_00,20170627,10:35:00,219.0,5.0,1095,216.0,4.6,994,25160,16052,55.7,507.0
Station_01,Inv_00,20170627,10:36:00,227.5,4.4,1001,216.0,4.2,907,25160,16052,53.3,299.0
Station_01,Inv_00,20170627,10:37:00,226.4,4.2,951,216.0,4.0,864,25160,16052,53.1,278.0
Station_01,Inv_00,20170627,10:38:00,224.0,4.1,918,217.0,3.9,846,25160,16052,50.7,270.0
Station_01,Inv_00,20170627,10:39:00,227.5,4.0,910,216.0,3.9,842,25160,16052,48.9,275.0
Station_01,Inv_00,20170627,10:40:00,227.0,4.1,931,216.0,4.0,864,25160,16052,48.0,268.0
Station_01,Inv_00,20170627,10:41:00,221.0,4.4,972,216.0,4.1,886,25160,16052,47.0,290.0
Station_01,Inv_00,20170627,10:42:00,231.0,4.7,1086,216.0,4.6,994,25160,16052,46.6,303.0
Station_01,Inv_00,20170627,10:43:00,232.5,7.9,1837,217.0,7.6,1649,25160,16052,46.3,373.0
Station_01,Inv_00,20170627,10:44:00,226.0,14.5,3277,218.0,14.7,3205,25160,16052,51.3,1055.0
Station_01,Inv_00,20170627,10:45:00,217.5,17.8,3871,219.0,16.5,3614,25160,16052,53.4,1060.0
Station_01,Inv_00,20170627,10:46:00,217.0,6.9,1497,217.0,6.5,1411,25160,16052,54.2,647.0
Station_01,Inv_00,20170627,10:47:00,222.0,6.1,1354,217.0,5.9,1280,25160,16052,53.1,447.0
Station_01,Inv_00,20170627,10:48:00,227.0,5.4,1226,216.0,5.2,1123,25160,16052,52.1,356.0
Station_01,Inv_00,20170627,10:49:00,230.0,5.0,1150,216.0,4.9,1058,25160,16052,52.1,329.0
Station_01,Inv_00,20170627,10:50:00,215.5,4.8,1034,216.0,4.5,972,25160,16052,50.5,314.0
Station_01,Inv_00,20170627,10:51:00,229.0,4.6,1053,216.0,4.6,994,25160,16052,49.8,305.0
Station_01,Inv_00,20170627,10:52:00,228.5,4.6,1051,216.0,4.6,994,25160,16052,48.5,307.0
Station_01,Inv_00,20170627,10:53:00,227.5,4.9,1115,216.0,4.7,1015,25160,16052,47.7,313.0
Station_01,Inv_00,20170627,10:54:00,232.4,5.0,1162,216.0,5.0,1080,25160,16052,46.5,321.0
Station_01,Inv_00,20170627,10:55:00,231.0,4.5,1040,216.0,4.4,950,25160,16052,46.6,312.0
Station_01,Inv_00,20170627,10:56:00,214.5,4.5,965,216.0,4.1,886,25160,16052,45.9,295.0
Station_01,Inv_00,20170627,10:57:00,233.5,4.6,1074,216.0,4.6,994,25160,16052,45.6,303.0
Station_01,Inv_00,20170627,10:58:00,233.0,4.8,1118,216.0,4.9,1058,25160,16052,45.2,320.0
Station_01,Inv_00,20170627,10:59:00,233.9,4.6,1076,216.0,4.6,994,25160,16052,45.3,312.0
Station_01,Inv_00,20170627,11:00:00,234.4,4.4,1031,216.0,4.5,972,25160,16052,44.3,296.0
Station_01,Inv_00,20170627,11:01:00,226.5,5.0,1132,216.0,4.8,1037,25160,16052,44.6,312.0
Station_01,Inv_00,20170627,11:02:00,232.0,5.6,1299,216.0,5.5,1188,25160,16052,44.7,345.0
Station_01,Inv_00,20170627,11:03:00,231.0,5.1,1178,216.0,5.1,1102,25160,16052,44.8,344.0
Station_01,Inv_00,20170627,11:04:00,224.6,16.2,3638,217.0,15.4,3342,25160,16052,47.0,620.0
Station_01,Inv_00,20170627,11:05:00,203.6,12.5,2545,217.0,11.6,2517,25160,16052,50.4,1056.0
Station_01,Inv_00,20170627,11:06:00,232.0,5.6,1299,216.0,5.4,1166,25160,16052,48.6,358.0
Station_01,Inv_00,20170627,11:07:00,230.4,5.0,1152,216.0,4.9,1058,25160,16052,48.5,362.0
Station_01,Inv_00,20170627,11:08:00,230.3,4.6,1060,216.0,4.6,994,25160,16052,49.1,315.0
Station_01,Inv_00,20170627,11:09:00,231.5,5.1,1181,216.0,5.1,1102,25160,16052,48.9,335.0
Station_01,Inv_00,20170627,11:10:00,230.9,6.0,1386,216.0,6.2,1339,25160,16052,49.1,422.0
Station_01,Inv_00,20170627,11:11:00,228.0,4.5,1026,215.0,4.3,925,25160,16052,48.0,309.0
Station_01,Inv_00,20170627,11:12:00,213.0,4.5,959,216.0,4.1,886,25160,16052,47.6,292.0
Station_01,Inv_00,20170627,11:13:00,225.0,5.0,1125,216.0,4.8,1037,25160,16052,47.3,313.0
Station_01,Inv_00,20170627,11:14:00,227.9,10.8,2462,217.0,10.9,2365,25160,16052,49.9,714.0
Station_01,Inv_00,20170627,11:15:00,233.9,4.9,1146,216.0,5.0,1080,25161,16053,50.8,447.0
Station_01,Inv_00,20170627,11:16:00,227.5,5.0,1138,216.0,5.0,1080,25161,16053,49.8,334.0
Station_01,Inv_00,20170627,11:17:00,228.0,4.8,1094,216.0,4.7,1015,25161,16053,48.1,320.0
Station_01,Inv_00,20170627,11:18:00,233.4,4.5,1051,217.0,4.6,998,25161,16053,47.7,308.0
Station_01,Inv_00,20170627,11:19:00,225.0,4.7,1057,217.0,4.6,998,25161,16053,47.0,308.0
Station_01,Inv_00,20170627,11:20:00,232.0,5.0,1160,216.0,4.9,1058,25161,16053,46.2,320.0
Station_01,Inv_00,20170627,11:21:00,231.0,5.0,1155,217.0,5.1,1107,25161,16053,46.7,328.0
Station_01,Inv_00,20170627,11:22:00,236.0,5.2,1227,217.0,5.3,1150,25161,16053,46.7,345.0
Station_01,Inv_00,20170627,11:23:00,230.5,5.4,1245,217.0,5.4,1172,25161,16053,46.4,355.0
Station_01,Inv_00,20170627,11:24:00,235.0,4.8,1128,216.0,4.8,1037,25161,16053,45.9,330.0
Station_01,Inv_00,20170627,11:25:00,231.4,4.7,1088,217.0,4.7,1020,25161,16053,45.9,317.0
Station_01,Inv_00,20170627,11:26:00,222.0,6.2,1376,217.0,5.9,1280,25161,16053,45.4,362.0
Station_01,Inv_00,20170627,11:27:00,220.0,6.4,1408,217.0,6.2,1345,25161,16053,48.2,562.0
Station_01,Inv_00,20170627,11:28:00,227.0,9.4,2133,217.0,9.0,1953,25161,16053,47.6,469.0
Station_01,Inv_00,20170627,11:29:00,203.0,7.5,1522,216.0,6.8,1469,25161,16053,51.5,763.0
Station_01,Inv_00,20170627,11:30:00,219.0,6.1,1336,216.0,5.8,1253,25161,16053,50.2,406.0
Station_01,Inv_00,20170627,11:31:00,220.9,6.6,1458,216.0,6.3,1361,25161,16053,50.7,425.0
Station_01,Inv_00,20170627,11:32:00,219.0,17.0,3722,217.0,16.0,3472,25161,16053,54.7,1042.0
Station_01,Inv_00,20170627,11:33:00,218.0,16.8,3662,217.0,15.8,3429,25161,16053,57.6,1045.0
Station_01,Inv_00,20170627,11:34:00,217.9,7.5,1634,217.0,7.1,1541,25161,16053,57.2,495.0
Station_01,Inv_00,20170627,11:35:00,209.9,10.7,2246,217.0,10.1,2192,25161,16053,58.7,856.0
Station_01,Inv_00,20170627,11:36:00,217.5,16.2,3523,218.0,15.2,3314,25161,16053,60.4,987.0
Station_01,Inv_00,20170627,11:37:00,212.5,16.5,3506,218.0,15.1,3292,25161,16053,61.5,1030.0
Station_01,Inv_00,20170627,11:38:00,199.0,7.1,1413,216.0,7.1,1534,25161,16053,59.7,758.0
Station_01,Inv_00,20170627,11:39:00,219.5,5.2,1141,216.0,5.0,1080,25161,16053,56.4,345.0
Station_01,Inv_00,20170627,11:40:00,220.5,5.4,1191,216.0,5.2,1123,25161,16053,55.6,346.0
Station_01,Inv_00,20170627,11:41:00,219.0,5.6,1226,216.0,5.2,1123,25161,16053,53.8,353.0
Station_01,Inv_00,20170627,11:42:00,217.5,5.2,1131,216.0,4.8,1037,25161,16053,52.5,339.0
Station_01,Inv_00,20170627,11:43:00,221.4,4.5,996,216.0,4.4,950,25161,16053,51.3,311.0
Station_01,Inv_00,20170627,11:44:00,227.5,4.1,933,216.0,4.1,886,25161,16053,50.0,283.0
Station_01,Inv_00,20170627,11:45:00,228.4,3.9,891,217.0,4.0,868,25161,16053,49.0,269.0
Station_01,Inv_00,20170627,11:46:00,232.9,3.9,908,216.0,4.0,864,25161,16053,47.5,268.0
Station_01,Inv_00,20170627,11:47:00,229.3,4.4,1009,216.0,4.2,907,25161,16053,46.7,282.0
Station_01,Inv_00,20170627,11:48:00,229.9,4.7,1081,216.0,4.6,994,25161,16053,46.1,302.0
Station_01,Inv_00,20170627,11:49:00,221.9,5.6,1243,216.0,5.4,1166,25161,16053,46.4,348.0
Station_01,Inv_00,20170627,11:50:00,222.0,6.0,1332,216.0,5.8,1253,25161,16053,46.0,378.0
Station_01,Inv_00,20170627,11:51:00,213.5,11.5,2455,217.0,10.3,2235,25161,16053,46.6,559.0
Station_01,Inv_00,20170627,11:52:00,220.5,16.9,3727,218.0,16.0,3488,25162,16053,51.0,1063.0
Station_01,Inv_00,20170627,11:53:00,216.0,16.7,3607,218.0,15.5,3379,25162,16053,54.4,1048.0
Station_01,Inv_00,20170627,11:54:00,213.5,16.2,3459,218.0,14.9,3248,25162,16053,56.7,1042.0
Station_01,Inv_00,20170627,11:55:00,213.9,16.0,3423,219.0,14.6,3197,25162,16053,56.9,1003.0
Station_01,Inv_00,20170627,11:56:00,213.5,10.5,2242,218.0,9.5,2071,25162,16053,58.9,702.0
Station_01,Inv_00,20170627,11:57:00,211.5,16.2,3426,219.0,14.7,3219,25162,16053,59.8,1003.0
Station_01,Inv_00,20170627,11:58:00,211.0,16.2,3418,219.0,14.5,3176,25162,16053,60.6,1005.0
Station_01,Inv_00,20170627,11:59:00,210.0,14.8,3108,219.0,13.5,2957,25162,16053,62.1,991.0
Station_01,Inv_00,20170627,12:00:00,205.0,16.3,3341,220.0,14.2,3124,25162,16053,63.9,969.0
Station_01,Inv_00,20170627,12:01:00,208.5,16.0,3336,220.0,14.0,3080,25162,16053,65.3,991.0
Station_01,Inv_00,20170627,12:02:00,202.0,17.2,3474,219.0,14.9,3263,25162,16053,67.4,1041.0
Station_01,Inv_00,20170627,12:03:00,204.0,16.7,3407,218.0,14.7,3205,25162,16053,65.1,1044.0
Station_01,Inv_00,20170627,12:04:00,203.0,16.5,3350,218.0,14.3,3117,25162,16053,65.3,1021.0
Station_01,Inv_00,20170627,12:05:00,205.5,16.9,3473,217.0,14.9,3233,25162,16053,66.0,1046.0
Station_01,Inv_00,20170627,12:06:00,206.5,16.2,3345,217.0,14.5,3147,25162,16053,68.6,1042.0
Station_01,Inv_00,20170627,12:07:00,204.0,16.4,3346,218.0,14.4,3139,25162,16053,70.1,1022.0
Station_01,Inv_00,20170627,12:08:00,203.5,16.1,3276,217.0,14.0,3038,25162,16053,69.6,999.0
Station_01,Inv_00,20170627,12:09:00,202.0,6.8,1374,217.0,6.2,1345,25162,16053,67.4,678.0
Station_01,Inv_00,20170627,12:10:00,209.5,6.9,1446,216.0,6.2,1339,25162,16053,64.4,422.0
Station_01,Inv_00,20170627,12:11:00,210.5,16.6,3494,218.0,14.9,3248,25163,16054,63.2,963.0
Station_01,Inv_00,20170627,12:12:00,209.0,16.6,3469,218.0,14.9,3248,25163,16054,65.8,1028.0
Station_01,Inv_00,20170627,12:13:00,205.0,17.0,3485,218.0,14.9,3248,25163,16054,66.1,1047.0
Station_01,Inv_00,20170627,12:14:00,200.4,12.3,2464,218.0,10.7,2333,25163,16054,64.9,957.0
Station_01,Inv_00,20170627,12:15:00,202.0,16.4,3312,218.0,14.2,3096,25163,16054,62.5,871.0
Station_01,Inv_00,20170627,12:16:00,208.0,9.4,1955,217.0,8.5,1845,25163,16054,62.6,689.0
Station_01,Inv_00,20170627,12:17:00,208.5,14.9,3107,217.0,13.4,2908,25163,16054,62.5,933.0
Station_01,Inv_00,20170627,12:18:00,211.0,14.4,3038,217.0,13.0,2821,25163,16054,61.8,887.0
Station_01,Inv_00,20170627,12:19:00,202.0,16.4,3313,218.0,14.3,3117,25163,16054,62.8,976.0
Station_01,Inv_00,20170627,12:20:00,204.0,16.7,3406,218.0,14.5,3161,25163,16054,62.6,1014.0
Station_01,Inv_00,20170627,12:21:00,205.5,16.4,3370,217.0,14.5,3147,25163,16054,64.2,1010.0
Station_01,Inv_00,20170627,12:22:00,205.9,16.1,3316,217.0,14.3,3103,25163,16054,64.7,993.0
Station_01,Inv_00,20170627,12:23:00,203.0,16.7,3390,217.0,14.5,3147,25163,16054,66.3,1012.0
Station_01,Inv_00,20170627,12:24:00,202.0,15.8,3192,217.0,13.8,2995,25163,16054,67.5,1013.0
Station_01,Inv_00,20170627,12:25:00,206.5,12.9,2664,217.0,10.7,2322,25163,16054,64.7,565.0
Station_01,Inv_00,20170627,12:26:00,202.5,6.5,1316,217.0,5.7,1237,25163,16054,64.3,468.0
Station_01,Inv_00,20170627,12:27:00,211.5,6.1,1290,217.0,5.6,1215,25163,16054,61.0,454.0
Station_01,Inv_00,20170627,12:28:00,207.4,15.1,3132,218.0,13.3,2899,25163,16054,62.5,775.0
Station_01,Inv_00,20170627,12:29:00,209.5,16.1,3373,218.0,14.5,3161,25163,16054,62.3,1001.0
Station_01,Inv_00,20170627,12:30:00,208.0,16.4,3411,218.0,14.6,3183,25163,16054,62.4,1022.0
Station_01,Inv_00,20170627,12:31:00,211.5,15.8,3342,218.0,14.3,3117,25164,16055,63.3,991.0
Station_01,Inv_00,20170627,12:32:00,210.0,15.4,3234,218.0,13.9,3030,25164,16055,63.0,962.0
Station_01,Inv_00,20170627,12:33:00,211.0,14.5,3060,218.0,13.2,2878,25164,16055,64.2,940.0
Station_01,Inv_00,20170627,12:34:00,212.5,15.1,3209,218.0,13.4,2921,25164,16055,63.5,927.0
Station_01,Inv_00,20170627,12:35:00,208.5,16.6,3461,218.0,14.8,3226,25164,16055,62.6,1014.0
Station_01,Inv_00,20170627,12:36:00,208.4,16.0,3335,218.0,14.3,3117,25164,16055,63.8,936.0
Station_01,Inv_00,20170627,12:37:00,206.4,6.8,1404,217.0,6.0,1302,25164,16055,62.9,677.0
Station_01,Inv_00,20170627,12:38:00,215.0,14.5,3117,218.0,13.3,2899,25164,16055,63.6,805.0
Station_01,Inv_00,20170627,12:39:00,210.0,12.6,2646,217.0,11.2,2430,25164,16055,62.2,935.0
Station_01,Inv_00,20170627,12:40:00,210.5,15.8,3325,218.0,14.3,3117,25164,16055,63.9,972.0
Station_01,Inv_00,20170627,12:41:00,207.3,13.7,2840,218.0,12.4,2703,25164,16055,63.5,830.0
Station_01,Inv_00,20170627,12:42:00,214.9,10.7,2299,217.0,8.7,1888,25164,16055,59.7,501.0
Station_01,Inv_00,20170627,12:43:00,210.5,15.5,3263,218.0,14.0,3052,25164,16055,61.2,946.0
Station_01,Inv_00,20170627,12:44:00,216.5,14.9,3225,217.0,13.9,3016,25164,16055,63.2,940.0
Station_01,Inv_00,20170627,12:45:00,211.0,15.0,3165,217.0,13.6,2951,25164,16055,63.4,929.0
Station_01,Inv_00,20170627,12:46:00,214.0,13.9,2974,217.0,12.9,2799,25164,16055,63.4,902.0
Station_01,Inv_00,20170627,12:47:00,213.5,14.0,2989,217.0,13.0,2821,25164,16055,64.9,876.0
Station_01,Inv_00,20170627,12:48:00,213.0,13.3,2833,217.0,12.3,2669,25164,16055,64.6,840.0
Station_01,Inv_00,20170627,12:49:00,213.9,6.4,1369,216.0,5.9,1274,25164,16055,60.2,419.0
Station_01,Inv_00,20170627,12:50:00,219.5,6.3,1383,216.0,6.0,1296,25164,16055,58.8,404.0
Station_01,Inv_00,20170627,12:51:00,213.0,7.0,1491,216.0,6.5,1404,25164,16055,56.3,430.0
Station_01,Inv_00,20170627,12:52:00,220.0,8.8,1936,217.0,8.4,1823,25164,16055,54.4,495.0
Station_01,Inv_00,20170627,12:53:00,216.0,15.5,3348,218.0,14.4,3139,25165,16055,58.3,949.0
Station_01,Inv_00,20170627,12:54:00,216.5,15.0,3247,217.0,14.1,3060,25165,16055,59.9,941.0
Station_01,Inv_00,20170627,12:55:00,215.0,13.9,2988,217.0,12.6,2734,25165,16055,59.6,834.0
Station_01,Inv_00,20170627,12:56:00,222.0,6.1,1354,216.0,6.0,1296,25165,16055,56.0,423.0
Station_01,Inv_00,20170627,12:57:00,226.5,6.3,1427,216.0,6.2,1339,25165,16055,54.2,409.0
Station_01,Inv_00,20170627,12:58:00,221.5,6.9,1528,216.0,6.7,1447,25165,16055,53.8,429.0
Station_01,Inv_00,20170627,12:59:00,226.5,6.7,1517,215.0,6.6,1419,25165,16055,52.0,429.0
Station_01,Inv_00,20170627,13:00:00,207.9,6.8,1414,214.0,6.2,1327,25165,16055,51.4,420.0
Station_01,Inv_00,20170627,13:01:00,227.0,6.5,1475,214.0,6.4,1370,25165,16055,50.8,417.0
Station_01,Inv_00,20170627,13:02:00,214.0,14.1,3017,213.0,13.2,2812,25165,16055,52.1,737.0
Station_01,Inv_00,20170627,13:03:00,220.5,8.4,1852,212.0,8.2,1738,25165,16055,52.7,570.0
Station_01,Inv_00,20170627,13:04:00,219.0,15.1,3307,213.0,14.5,3089,25165,16055,53.9,828.0
Station_01,Inv_00,20170627,13:05:00,217.4,14.5,3152,214.0,13.8,2953,25165,16055,55.5,909.0
Station_01,Inv_00,20170627,13:06:00,217.5,14.2,3089,214.0,13.6,2910,25165,16055,57.1,887.0
Station_01,Inv_00,20170627,13:07:00,220.5,6.7,1477,213.0,6.5,1385,25165,16055,55.9,472.0
Station_01,Inv_00,20170627,13:08:00,226.0,6.1,1378,213.0,6.0,1278,25165,16055,53.6,401.0
Station_01,Inv_00,20170627,13:09:00,220.5,6.0,1323,213.0,5.8,1235,25165,16055,52.8,385.0
Station_01,Inv_00,20170627,13:10:00,226.5,6.1,1382,212.0,6.0,1272,25165,16055,49.9,388.0
Station_01,Inv_00,20170627,13:11:00,226.9,6.0,1362,212.0,6.1,1293,25165,16055,51.0,389.0
Station_01,Inv_00,20170627,13:12:00,226.0,6.3,1424,213.0,6.2,1321,25165,16055,48.6,411.0
Station_01,Inv_00,20170627,13:13:00,230.0,5.8,1334,213.0,5.9,1257,25165,16055,50.1,388.0
Station_01,Inv_00,20170627,13:14:00,222.0,6.0,1332,213.0,5.7,1214,25165,16055,49.5,379.0
Station_01,Inv_00,20170627,13:15:00,227.5,5.6,1274,212.0,5.6,1187,25165,16055,48.8,368.0
Station_01,Inv_00,20170627,13:16:00,226.4,13.1,2966,211.0,12.9,2722,25165,16055,49.3,573.0
Station_01,Inv_00,20170627,13:17:00,221.5,14.1,3123,211.0,14.0,2954,25165,16055,52.5,912.0
Station_01,Inv_00,20170627,13:18:00,230.0,6.3,1449,210.0,6.5,1365,25165,16055,51.5,427.0
Station_01,Inv_00,20170627,13:19:00,230.0,6.3,1449,210.0,6.4,1344,25165,16055,51.6,408.0
Station_01,Inv_00,20170627,13:20:00,230.5,6.1,1406,210.0,6.2,1302,25165,16055,51.0,394.0
Station_01,Inv_00,20170627,13:21:00,227.5,6.2,1411,211.0,6.2,1308,25165,16055,49.7,395.0
Station_01,Inv_00,20170627,13:22:00,227.5,6.4,1456,211.0,6.6,1393,25165,16055,49.7,411.0
Station_01,Inv_00,20170627,13:23:00,226.0,6.8,1537,211.0,6.8,1435,25165,16055,50.3,433.0
Station_01,Inv_00,20170627,13:24:00,222.5,7.2,1602,211.0,7.2,1519,25165,16055,49.5,453.0
Station_01,Inv_00,20170627,13:25:00,233.0,13.0,3029,212.0,13.2,2798,25166,16056,51.6,616.0
Station_01,Inv_00,20170627,13:26:00,217.0,14.3,3103,212.0,13.7,2904,25166,16056,54.7,871.0
Station_01,Inv_00,20170627,13:27:00,219.0,13.6,2978,212.0,13.3,2820,25166,16056,53.5,764.0
Station_01,Inv_00,20170627,13:28:00,219.0,7.7,1686,211.0,7.6,1604,25166,16056,52.6,531.0
Station_01,Inv_00,20170627,13:29:00,225.0,7.3,1642,211.0,7.3,1540,25166,16056,53.8,480.0
Station_01,Inv_00,20170627,13:30:00,219.0,6.6,1445,211.0,6.3,1329,25166,16056,52.0,425.0
Station_01,Inv_00,20170627,13:31:00,228.9,5.6,1282,211.0,5.7,1203,25166,16056,51.8,379.0
Station_01,Inv_00,20170627,13:32:00,229.0,5.2,1191,211.0,5.3,1118,25166,16056,50.5,351.0
Station_01,Inv_00,20170627,13:33:00,229.0,5.3,1214,211.0,5.3,1118,25166,16056,48.9,341.0
Station_01,Inv_00,20170627,13:34:00,227.7,7.9,1799,211.0,8.2,1730,25166,16056,49.0,469.0
Station_01,Inv_00,20170627,13:35:00,226.0,5.9,1333,210.0,6.0,1260,25166,16056,49.3,379.0
Station_01,Inv_00,20170627,13:36:00,215.5,14.3,3081,212.0,13.5,2862,25166,16056,51.7,846.0
Station_01,Inv_00,20170627,13:37:00,224.0,13.4,3001,211.0,13.3,2806,25166,16056,53.9,855.0
Station_01,Inv_00,20170627,13:38:00,208.5,14.2,2961,211.0,13.2,2785,25166,16056,55.9,852.0
Station_01,Inv_00,20170627,13:39:00,221.0,13.1,2895,211.0,12.9,2722,25166,16056,57.3,820.0
Station_01,Inv_00,20170627,13:40:00,224.0,12.3,2755,211.0,12.3,2595,25166,16056,56.6,788.0
Station_01,Inv_00,20170627,13:41:00,218.0,12.3,2681,211.0,11.9,2511,25166,16056,57.8,766.0
Station_01,Inv_00,20170627,13:42:00,219.5,9.9,2173,211.0,9.9,2089,25166,16056,58.0,708.0
Station_01,Inv_00,20170627,13:43:00,222.0,5.5,1221,211.0,5.3,1118,25166,16056,56.3,378.0
Station_01,Inv_00,20170627,13:44:00,224.0,11.0,2464,212.0,11.0,2332,25166,16056,55.0,646.0
Station_01,Inv_00,20170627,13:45:00,208.0,11.3,2350,212.0,10.5,2226,25166,16056,55.3,679.0
Station_01,Inv_00,20170627,13:46:00,219.5,10.8,2370,212.0,10.5,2226,25166,16056,57.1,667.0
Station_01,Inv_00,20170627,13:47:00,215.5,11.1,2392,212.0,10.7,2268,25166,16056,57.3,680.0
Station_01,Inv_00,20170627,13:48:00,221.0,10.5,2320,212.0,10.4,2205,25166,16056,57.7,668.0
Station_01,Inv_00,20170627,13:49:00,223.5,8.6,1922,212.0,8.4,1781,25166,16056,55.9,531.0
Station_01,Inv_00,20170627,13:50:00,224.0,6.8,1523,211.0,6.7,1414,25166,16056,56.5,521.0
Station_01,Inv_00,20170627,13:51:00,227.0,5.7,1294,211.0,5.6,1182,25166,16056,54.5,396.0
Station_01,Inv_00,20170627,13:52:00,226.5,8.1,1835,211.0,8.0,1688,25166,16056,53.9,476.0
Station_01,Inv_00,20170627,13:53:00,227.4,5.2,1182,210.0,5.3,1113,25166,16056,52.8,348.0
Station_01,Inv_00,20170627,13:54:00,218.0,9.2,2006,211.0,9.0,1899,25167,16057,51.3,443.0
Station_01,Inv_00,20170627,13:55:00,222.4,9.4,2091,211.0,9.3,1962,25167,16057,52.6,572.0
Station_01,Inv_00,20170627,13:56:00,226.0,9.8,2215,211.0,9.9,2089,25167,16057,52.0,619.0
Station_01,Inv_00,20170627,13:57:00,224.5,9.5,2132,211.0,9.7,2047,25167,16057,52.9,561.0
Station_01,Inv_00,20170627,13:58:00,217.5,6.0,1305,210.0,5.6,1176,25167,16057,53.1,453.0
Station_01,Inv_00,20170627,13:59:00,221.5,5.0,1107,211.0,4.8,1013,25167,16057,50.4,329.0
Station_01,Inv_00,20170627,14:00:00,229.5,4.7,1079,210.0,4.9,1029,25167,16057,49.5,314.0
Station_01,Inv_00,20170627,14:01:00,221.5,5.1,1130,212.0,4.9,1039,25167,16057,49.4,322.0
Station_01,Inv_00,20170627,14:02:00,233.0,5.4,1258,213.0,5.4,1150,25167,16057,48.2,353.0
Station_01,Inv_00,20170627,14:03:00,228.5,5.3,1211,213.0,5.2,1108,25167,16057,47.9,343.0
Station_01,Inv_00,20170627,14:04:00,228.5,5.5,1257,212.0,5.4,1145,25167,16057,47.9,345.0
Station_01,Inv_00,20170627,14:05:00,223.9,5.6,1254,213.0,5.6,1193,25167,16057,48.0,368.0
Station_01,Inv_00,20170627,14:06:00,228.8,5.0,1144,213.0,5.1,1086,25167,16057,47.9,331.0
Station_01,Inv_00,20170627,14:07:00,229.4,5.5,1262,215.0,5.5,1183,25167,16057,47.8,347.0
Station_01,Inv_00,20170627,14:08:00,232.4,9.5,2208,216.0,9.6,2074,25167,16057,47.8,512.0
Station_01,Inv_00,20170627,14:09:00,232.4,7.2,1673,218.0,7.2,1570,25167,16057,49.0,512.0
Station_01,Inv_00,20170627,14:10:00,233.0,6.3,1468,218.0,6.3,1373,25167,16057,49.3,435.0
Station_01,Inv_00,20170627,14:11:00,229.5,5.7,1308,218.0,5.7,1243,25167,16057,49.1,395.0
Station_01,Inv_00,20170627,14:12:00,225.0,5.4,1215,218.0,5.1,1112,25167,16057,49.6,483.0
Station_01,Inv_00,20170627,14:13:00,228.5,4.7,1074,217.0,4.5,977,25167,16057,49.0,308.0
Station_01,Inv_00,20170627,14:14:00,232.0,5.0,1160,217.0,5.0,1085,25167,16057,48.5,321.0
Station_01,Inv_00,20170627,14:15:00,225.5,9.3,2097,218.0,9.4,2049,25167,16057,50.0,640.0
Station_01,Inv_00,20170627,14:16:00,232.0,9.7,2250,218.0,9.8,2136,25167,16057,50.8,629.0
Station_01,Inv_00,20170627,14:17:00,223.5,7.5,1677,217.0,7.7,1671,25167,16057,52.2,583.0
Station_01,Inv_00,20170627,14:18:00,228.4,4.6,1051,217.0,4.5,977,25167,16057,49.9,319.0
Station_01,Inv_00,20170627,14:19:00,207.0,4.3,890,217.0,3.9,846,25167,16057,49.4,278.0
Station_01,Inv_00,20170627,14:20:00,225.5,4.4,992,218.0,4.1,894,25167,16057,48.7,279.0
Station_01,Inv_00,20170627,14:21:00,193.5,8.7,1683,218.0,7.2,1570,25167,16057,48.9,433.0
Station_01,Inv_00,20170627,14:22:00,206.5,10.9,2251,218.0,9.8,2136,25167,16057,50.8,615.0
Station_01,Inv_00,20170627,14:23:00,213.9,8.3,1776,217.0,7.7,1671,25167,16057,51.0,571.0
Station_01,Inv_00,20170627,14:24:00,217.9,11.2,2441,218.0,10.6,2311,25167,16057,51.6,618.0
Station_01,Inv_00,20170627,14:25:00,225.0,11.3,2543,218.0,11.1,2420,25167,16057,53.1,702.0
Station_01,Inv_00,20170627,14:26:00,227.5,11.5,2616,218.0,11.3,2463,25167,16057,55.0,721.0
Station_01,Inv_00,20170627,14:27:00,227.9,7.1,1618,217.0,7.1,1541,25167,16057,53.5,605.0
Station_01,Inv_00,20170627,14:28:00,224.0,4.7,1053,217.0,4.6,998,25167,16057,52.7,325.0
Station_01,Inv_00,20170627,14:29:00,223.9,4.6,1030,217.0,4.3,933,25167,16057,51.3,305.0
Station_01,Inv_00,20170627,14:30:00,220.8,6.4,1413,218.0,6.2,1352,25167,16057,49.9,398.0
Station_01,Inv_00,20170627,14:31:00,226.5,5.2,1178,217.0,5.1,1107,25167,16057,50.0,339.0
Station_01,Inv_00,20170627,14:32:00,234.0,7.7,1802,218.0,7.7,1679,25168,16057,50.1,508.0
Station_01,Inv_00,20170627,14:33:00,225.4,5.2,1172,217.0,5.2,1128,25168,16057,49.8,433.0
Station_01,Inv_00,20170627,14:34:00,224.9,4.3,967,218.0,4.1,894,25168,16057,47.8,289.0
Station_01,Inv_00,20170627,14:35:00,227.8,4.0,911,217.0,3.9,846,25168,16057,47.1,274.0
Station_01,Inv_00,20170627,14:36:00,224.4,4.0,898,218.0,3.9,850,25168,16057,45.7,265.0
Station_01,Inv_00,20170627,14:37:00,228.7,3.8,869,218.0,4.0,872,25168,16057,45.5,264.0
Station_01,Inv_00,20170627,14:38:00,224.4,4.3,965,218.0,4.0,872,25168,16057,44.8,286.0
Station_01,Inv_00,20170627,14:39:00,218.9,5.5,1204,218.0,5.7,1243,25168,16057,45.1,412.0
Station_01,Inv_00,20170627,14:40:00,219.6,7.9,1735,218.0,7.1,1548,25168,16057,45.1,386.0
Station_01,Inv_00,20170627,14:41:00,224.9,9.3,2092,218.0,8.8,1918,25168,16057,46.7,600.0
Station_01,Inv_00,20170627,14:42:00,225.0,5.5,1237,218.0,5.5,1199,25168,16057,48.2,488.0
Station_01,Inv_00,20170627,14:43:00,229.3,5.0,1147,218.0,4.9,1068,25168,16057,48.1,334.0
Station_01,Inv_00,20170627,14:44:00,226.3,4.2,950,218.0,4.1,894,25168,16057,46.8,294.0
Station_01,Inv_00,20170627,14:45:00,228.2,4.2,958,218.0,4.1,894,25168,16057,46.3,281.0
Station_01,Inv_00,20170627,14:46:00,228.4,4.5,1028,218.0,4.5,981,25168,16057,45.6,295.0
Station_01,Inv_00,20170627,14:47:00,227.3,5.4,1227,218.0,5.3,1155,25168,16057,44.9,355.0
Station_01,Inv_00,20170627,14:48:00,228.8,4.2,961,218.0,4.1,894,25168,16057,44.6,291.0
Station_01,Inv_00,20170627,14:49:00,230.7,4.2,969,218.0,4.1,894,25168,16057,44.4,284.0
Station_01,Inv_00,20170627,14:50:00,231.9,3.9,905,219.0,4.0,876,25168,16057,44.9,272.0
Station_01,Inv_00,20170627,14:51:00,231.4,4.1,949,219.0,4.0,876,25168,16057,44.3,274.0
Station_01,Inv_00,20170627,14:52:00,223.5,4.3,961,218.0,4.1,894,25168,16057,44.2,282.0
Station_01,Inv_00,20170627,14:53:00,219.4,9.5,2085,219.0,8.9,1949,25168,16057,44.6,414.0
Station_01,Inv_00,20170627,14:54:00,228.5,9.3,2125,219.0,9.2,2015,25168,16057,46.9,592.0
Station_01,Inv_00,20170627,14:55:00,232.5,5.4,1255,218.0,5.9,1286,25168,16057,48.1,482.0
Station_01,Inv_00,20170627,14:56:00,227.9,4.1,934,218.0,4.1,894,25168,16057,46.1,290.0
Station_01,Inv_00,20170627,14:57:00,230.8,4.2,969,218.0,4.1,894,25168,16057,46.1,278.0
Station_01,Inv_00,20170627,14:58:00,227.1,4.2,954,218.0,4.1,894,25168,16057,45.9,283.0
Station_01,Inv_00,20170627,14:59:00,230.0,4.4,1012,218.0,4.2,916,25168,16057,46.4,291.0
Station_01,Inv_00,20170627,15:00:00,228.5,4.7,1074,218.0,4.6,1003,25168,16057,46.1,308.0
Station_01,Inv_00,20170627,15:01:00,223.8,4.7,1052,218.0,4.6,1003,25168,16057,46.2,334.0
Station_01,Inv_00,20170627,15:02:00,219.9,6.9,1517,218.0,6.7,1461,25168,16057,47.4,500.0
Station_01,Inv_00,20170627,15:03:00,224.0,5.8,1299,218.0,5.5,1199,25168,16057,47.5,367.0
Station_01,Inv_00,20170627,15:04:00,217.9,9.3,2026,219.0,8.7,1905,25168,16057,48.5,579.0
Station_01,Inv_00,20170627,15:05:00,222.5,8.6,1914,219.0,8.2,1796,25168,16057,49.2,488.0
Station_01,Inv_00,20170627,15:06:00,220.5,9.0,1985,219.0,8.5,1862,25168,16057,49.7,580.0
Station_01,Inv_00,20170627,15:07:00,216.7,9.0,1950,219.0,8.4,1840,25168,16057,50.4,574.0
Station_01,Inv_00,20170627,15:08:00,218.0,9.2,2006,219.0,8.7,1905,25168,16057,50.4,580.0
Station_01,Inv_00,20170627,15:09:00,218.5,9.6,2098,219.0,9.1,1993,25168,16057,50.6,610.0
Station_01,Inv_00,20170627,15:10:00,216.5,10.0,2165,219.0,9.4,2059,25168,16057,51.9,632.0
Station_01,Inv_00,20170627,15:11:00,218.0,9.8,2136,219.0,9.2,2015,25168,16057,51.3,633.0
Station_01,Inv_00,20170627,15:12:00,218.5,9.8,2141,219.0,9.2,2015,25168,16057,52.8,630.0
Station_01,Inv_00,20170627,15:13:00,222.5,9.9,2202,219.0,9.5,2081,25168,16057,53.6,627.0
Station_01,Inv_00,20170627,15:14:00,222.8,9.2,2050,219.0,8.9,1949,25168,16057,53.9,610.0
Station_01,Inv_00,20170627,15:15:00,219.4,8.5,1865,219.0,8.1,1774,25169,16058,54.4,532.0
Station_01,Inv_00,20170627,15:16:00,202.0,4.9,990,218.0,4.8,1046,25169,16058,52.5,374.0
Station_01,Inv_00,20170627,15:17:00,214.6,4.7,1008,218.0,4.8,1046,25169,16058,51.6,322.0
Station_01,Inv_00,20170627,15:18:00,228.0,3.8,866,218.0,3.9,850,25169,16058,49.9,282.0
Station_01,Inv_00,20170627,15:19:00,228.5,4.9,1120,218.0,4.7,1025,25169,16058,48.7,322.0
Station_01,Inv_00,20170627,15:20:00,226.0,10.1,2283,219.0,9.8,2146,25169,16058,49.7,632.0
Station_01,Inv_00,20170627,15:21:00,226.3,10.0,2263,219.0,9.8,2146,25169,16058,51.5,594.0
Station_01,Inv_00,20170627,15:22:00,227.3,8.0,1819,219.0,7.7,1686,25169,16058,50.8,344.0
Station_01,Inv_00,20170627,15:23:00,223.4,5.1,1140,219.0,4.8,1051,25169,16058,49.9,335.0
Station_01,Inv_00,20170627,15:24:00,231.5,5.3,1227,219.0,4.9,1073,25169,16058,47.9,331.0
Station_01,Inv_00,20170627,15:25:00,224.5,6.0,1347,219.0,5.9,1292,25169,16058,48.4,413.0
Station_01,Inv_00,20170627,15:26:00,228.0,5.0,1140,219.0,4.9,1073,25169,16058,47.8,334.0
Station_01,Inv_00,20170627,15:27:00,230.5,4.8,1106,218.0,4.6,1003,25169,16058,46.7,310.0
Station_01,Inv_00,20170627,15:28:00,226.5,9.8,2220,219.0,9.5,2081,25169,16058,48.5,583.0
Station_01,Inv_00,20170627,15:29:00,232.4,9.2,2138,219.0,9.2,2015,25169,16058,49.4,512.0
Station_01,Inv_00,20170627,15:30:00,221.5,4.9,1085,218.0,4.6,1003,25169,16058,48.7,334.0
Station_01,Inv_00,20170627,15:31:00,231.0,4.8,1109,218.0,4.6,1003,25169,16058,47.7,310.0
Station_01,Inv_00,20170627,15:32:00,218.0,5.1,1112,218.0,4.8,1046,25169,16058,47.0,323.0
Station_01,Inv_00,20170627,15:33:00,207.9,5.7,1185,218.0,5.1,1112,25169,16058,46.7,348.0
Station_01,Inv_00,20170627,15:34:00,217.4,7.1,1544,218.0,6.8,1482,25169,16058,47.3,437.0
Station_01,Inv_00,20170627,15:35:00,234.9,5.6,1316,218.0,5.6,1221,25169,16058,47.4,375.0
Station_01,Inv_00,20170627,15:36:00,232.4,8.8,2046,218.0,8.9,1940,25169,16058,47.7,492.0
Station_01,Inv_00,20170627,15:37:00,231.5,6.9,1597,218.0,6.9,1504,25169,16058,48.4,516.0
Station_01,Inv_00,20170627,15:38:00,230.5,5.3,1222,218.0,5.2,1134,25169,16058,48.3,350.0
Station_01,Inv_00,20170627,15:39:00,219.0,6.2,1358,218.0,6.1,1330,25169,16058,48.1,394.0
Station_01,Inv_00,20170627,15:40:00,231.5,5.0,1158,217.0,5.1,1107,25169,16058,47.4,335.0
Station_01,Inv_00,20170627,15:41:00,228.0,6.6,1505,218.0,6.5,1417,25169,16058,47.4,376.0
Station_01,Inv_00,20170627,15:42:00,232.5,4.9,1139,218.0,5.0,1090,25169,16058,46.8,343.0
Station_01,Inv_00,20170627,15:43:00,233.9,8.0,1872,218.0,8.3,1809,25169,16058,47.9,481.0
Station_01,Inv_00,20170627,15:44:00,234.5,8.7,2040,219.0,8.8,1927,25169,16058,47.4,542.0
Station_01,Inv_00,20170627,15:45:00,231.5,8.5,1968,219.0,8.5,1862,25169,16058,49.6,528.0
Station_01,Inv_00,20170627,15:46:00,230.0,8.9,2047,219.0,8.9,1949,25169,16058,50.7,565.0
Station_01,Inv_00,20170627,15:47:00,223.0,8.5,1895,219.0,8.3,1818,25169,16058,49.6,560.0
Station_01,Inv_00,20170627,15:48:00,228.0,6.8,1550,218.0,6.7,1461,25169,16058,50.0,413.0
Station_01,Inv_00,20170627,15:49:00,229.5,4.7,1079,218.0,4.6,1003,25169,16058,50.2,354.0
Station_01,Inv_00,20170627,15:50:00,224.0,4.6,1030,218.0,4.3,937,25169,16058,49.8,293.0
Station_01,Inv_00,20170627,15:51:00,228.0,4.4,1003,218.0,4.2,916,25169,16058,48.5,281.0
Station_01,Inv_00,20170627,15:52:00,222.0,5.4,1199,218.0,5.1,1112,25169,16058,48.4,307.0
Station_01,Inv_00,20170627,15:53:00,205.6,5.5,1131,218.0,5.1,1112,25169,16058,48.9,468.0
Station_01,Inv_00,20170627,15:54:00,227.0,4.4,999,218.0,4.3,937,25169,16058,47.9,291.0
Station_01,Inv_00,20170627,15:55:00,227.5,6.2,1410,219.0,5.7,1248,25169,16058,47.0,301.0
Station_01,Inv_00,20170627,15:56:00,224.0,7.3,1635,219.0,6.9,1511,25170,16058,47.8,450.0
Station_01,Inv_00,20170627,15:57:00,232.5,7.9,1837,219.0,7.9,1730,25170,16058,48.5,491.0
Station_01,Inv_00,20170627,15:58:00,232.3,7.3,1696,219.0,7.5,1643,25170,16058,49.3,496.0
Station_01,Inv_00,20170627,15:59:00,232.8,6.2,1443,219.0,6.2,1358,25170,16058,48.6,392.0
Station_01,Inv_00,20170627,16:00:00,234.4,5.6,1313,219.0,5.5,1205,25170,16058,47.0,336.0
Station_01,Inv_00,20170627,16:01:00,232.4,5.8,1348,219.0,5.9,1292,25170,16058,46.8,388.0
Station_01,Inv_00,20170627,16:02:00,236.7,4.5,1065,218.0,4.4,959,25170,16058,46.8,328.0
Station_01,Inv_00,20170627,16:03:00,222.0,8.6,1909,219.0,8.2,1796,25170,16058,47.5,508.0
Station_01,Inv_00,20170627,16:04:00,230.5,6.7,1544,219.0,6.8,1489,25170,16058,47.3,438.0
Station_01,Inv_00,20170627,16:05:00,235.0,3.8,893,218.0,4.0,872,25170,16058,46.1,268.0
Station_01,Inv_00,20170627,16:06:00,225.5,3.6,812,218.0,3.7,807,25170,16058,45.4,247.0
Station_01,Inv_00,20170627,16:07:00,229.4,3.4,780,218.0,3.5,763,25170,16058,43.9,231.0
Station_01,Inv_00,20170627,16:08:00,218.0,3.4,741,218.0,3.2,698,25170,16058,43.4,226.0
Station_01,Inv_00,20170627,16:09:00,231.9,4.2,974,218.0,4.1,894,25170,16058,43.4,250.0
Station_01,Inv_00,20170627,16:10:00,238.3,4.2,1001,218.0,4.3,937,25170,16058,43.2,288.0
Station_01,Inv_00,20170627,16:11:00,235.4,4.1,965,219.0,4.1,898,25170,16058,42.2,259.0
Station_01,Inv_00,20170627,16:12:00,236.5,7.3,1726,219.0,7.5,1643,25170,16058,43.2,386.0
Station_01,Inv_00,20170627,16:13:00,237.5,7.5,1781,219.0,7.6,1664,25170,16058,44.0,467.0
Station_01,Inv_00,20170627,16:14:00,231.0,7.3,1686,219.0,7.2,1577,25170,16058,45.0,474.0
Station_01,Inv_00,20170627,16:15:00,234.5,6.6,1548,219.0,6.7,1467,25170,16058,45.3,423.0
Station_01,Inv_00,20170627,16:16:00,236.0,6.5,1534,219.0,6.5,1424,25170,16058,46.0,413.0
Station_01,Inv_00,20170627,16:17:00,235.0,4.0,940,219.0,4.1,898,25170,16058,45.6,268.0
Station_01,Inv_00,20170627,16:18:00,233.5,3.2,747,219.0,3.1,679,25170,16058,44.5,214.0
Station_01,Inv_00,20170627,16:19:00,224.9,3.1,697,219.0,3.1,679,25170,16058,43.4,215.0
Station_01,Inv_00,20170627,16:20:00,232.0,3.1,719,218.0,3.3,719,25170,16058,42.8,214.0
Station_01,Inv_00,20170627,16:21:00,237.0,3.1,735,218.0,3.1,676,25170,16058,42.4,211.0
Station_01,Inv_00,20170627,16:22:00,228.0,3.2,730,219.0,3.2,701,25170,16058,42.2,211.0
Station_01,Inv_00,20170627,16:23:00,233.0,3.6,839,219.0,3.6,788,25170,16058,41.4,234.0
Station_01,Inv_00,20170627,16:24:00,234.9,6.2,1456,219.0,6.3,1380,25170,16058,41.5,388.0
Station_01,Inv_00,20170627,16:25:00,240.9,6.6,1590,219.0,6.8,1489,25170,16058,43.0,433.0
Station_01,Inv_00,20170627,16:26:00,223.5,6.9,1542,219.0,6.6,1445,25170,16058,43.1,431.0
Station_01,Inv_00,20170627,16:27:00,198.5,6.7,1330,219.0,5.7,1248,25170,16058,43.6,425.0
Station_01,Inv_00,20170627,16:28:00,209.9,6.5,1364,219.0,5.8,1270,25170,16058,43.9,409.0
Station_01,Inv_00,20170627,16:29:00,231.9,5.5,1276,220.0,5.5,1210,25170,16058,44.3,375.0
Station_01,Inv_00,20170627,16:30:00,233.0,6.1,1421,219.0,6.0,1314,25170,16058,44.0,389.0
Station_01,Inv_00,20170627,16:31:00,238.0,6.3,1499,219.0,6.4,1402,25170,16058,44.6,411.0
Station_01,Inv_00,20170627,16:32:00,240.0,6.5,1560,219.0,6.7,1467,25170,16058,44.2,421.0
Station_01,Inv_00,20170627,16:33:00,233.4,3.4,793,218.0,3.6,785,25170,16058,43.7,267.0
Station_01,Inv_00,20170627,16:34:00,212.3,3.6,764,218.0,3.5,763,25170,16058,43.0,238.0
Station_01,Inv_00,20170627,16:35:00,231.0,3.4,785,218.0,3.6,785,25170,16058,42.4,231.0
Station_01,Inv_00,20170627,16:36:00,235.9,3.3,779,218.0,3.4,741,25170,16058,41.4,224.0
Station_01,Inv_00,20170627,16:37:00,235.5,3.0,707,218.0,3.1,676,25170,16058,40.4,206.0
Station_01,Inv_00,20170627,16:38:00,222.5,2.9,645,218.0,2.9,632,25170,16058,39.8,194.0
Station_01,Inv_00,20170627,16:39:00,235.5,2.7,636,218.0,2.8,610,25170,16058,39.3,186.0
Station_01,Inv_00,20170627,16:40:00,226.0,2.5,565,218.0,2.6,567,25170,16058,39.1,178.0
Station_01,Inv_00,20170627,16:41:00,231.4,2.7,625,218.0,2.7,589,25170,16058,38.5,180.0
Station_01,Inv_00,20170627,16:42:00,199.5,2.8,559,218.0,2.5,545,25170,16058,38.7,189.0
Station_01,Inv_00,20170627,16:43:00,161.9,3.0,486,218.0,2.1,458,25170,16058,38.8,198.0
Station_01,Inv_00,20170627,16:44:00,215.9,3.1,669,218.0,2.9,632,25170,16058,38.5,204.0
Station_01,Inv_00,20170627,16:45:00,239.0,3.0,717,219.0,3.1,679,25170,16058,38.3,205.0
Station_01,Inv_00,20170627,16:46:00,234.0,3.4,796,218.0,3.5,763,25170,16058,38.5,220.0
Station_01,Inv_00,20170627,16:47:00,234.3,4.8,1125,219.0,4.9,1073,25170,16058,39.1,301.0
Station_01,Inv_00,20170627,16:48:00,230.9,3.5,808,219.0,3.5,767,25170,16058,39.3,235.0
Station_01,Inv_00,20170627,16:49:00,236.0,3.3,779,219.0,3.5,767,25170,16058,39.6,219.0
Station_01,Inv_00,20170627,16:50:00,239.9,3.7,888,219.0,3.8,832,25170,16058,39.6,244.0
Station_01,Inv_00,20170627,16:51:00,238.0,3.2,762,219.0,3.5,767,25170,16058,39.7,220.0
Station_01,Inv_00,20170627,16:52:00,227.0,4.6,1044,219.0,4.5,986,25171,16059,39.8,276.0
Station_01,Inv_00,20170627,16:53:00,236.8,4.8,1137,217.0,4.9,1063,25171,16059,39.9,318.0
Station_01,Inv_00,20170627,16:54:00,239.0,3.7,884,217.0,3.9,846,25171,16059,39.8,253.0
Station_01,Inv_00,20170627,16:55:00,236.4,3.8,898,217.0,4.0,868,25171,16059,39.9,246.0
Station_01,Inv_00,20170627,16:56:00,238.3,4.4,1049,217.0,4.4,955,25171,16059,40.0,282.0
Station_01,Inv_00,20170627,16:57:00,214.0,4.8,1027,217.0,4.5,977,25171,16059,40.7,310.0
Station_01,Inv_00,20170627,16:58:00,228.4,4.9,1119,218.0,4.8,1046,25171,16059,40.9,320.0
Station_01,Inv_00,20170627,16:59:00,237.8,4.8,1142,218.0,4.9,1068,25171,16059,41.2,321.0
Station_01,Inv_00,20170627,17:00:00,226.5,4.7,1065,219.0,4.6,1007,25171,16059,40.9,316.0
Station_01,Inv_00,20170627,17:01:00,228.0,4.6,1049,218.0,4.6,1003,25171,16059,41.3,307.0
Station_01,Inv_00,20170627,17:02:00,220.0,4.7,1034,218.0,4.4,959,25171,16059,40.6,303.0
Station_01,Inv_00,20170627,17:03:00,235.5,4.4,1036,218.0,4.5,981,25171,16059,41.7,298.0
Station_01,Inv_00,20170627,17:04:00,231.0,4.3,993,218.0,4.3,937,25171,16059,41.5,299.0
Station_01,Inv_00,20170627,17:05:00,232.7,4.0,931,219.0,4.0,876,25171,16059,41.3,277.0
Station_01,Inv_00,20170627,17:06:00,233.7,3.0,701,219.0,3.1,679,25171,16059,41.5,224.0
Station_01,Inv_00,20170627,17:07:00,233.5,3.2,747,219.0,3.2,701,25171,16059,41.0,217.0
Station_01,Inv_00,20170627,17:08:00,237.9,2.0,476,216.0,2.2,475,25171,16059,40.3,175.0
Station_01,Inv_00,20170627,17:09:00,226.0,2.0,452,215.0,2.0,430,25171,16059,39.5,136.0
Station_01,Inv_00,20170627,17:10:00,225.0,1.9,428,215.0,2.0,430,25171,16059,38.5,146.0
Station_01,Inv_00,20170627,17:11:00,220.0,1.6,352,215.0,1.6,344,25171,16059,38.3,121.0
Station_01,Inv_00,20170627,17:12:00,223.0,1.6,357,215.0,1.5,323,25171,16059,37.9,109.0
Station_01,Inv_00,20170627,17:13:00,233.0,1.4,326,215.0,1.5,323,25171,16059,37.6,102.0
Station_01,Inv_00,20170627,17:14:00,227.9,1.6,365,214.0,1.6,342,25171,16059,37.0,98.0
Station_01,Inv_00,20170627,17:15:00,225.0,1.4,315,215.0,1.5,323,25171,16059,36.6,95.0
Station_01,Inv_00,20170627,17:16:00,211.0,2.1,443,215.0,2.0,430,25171,16059,36.2,95.0
Station_01,Inv_00,20170627,17:17:00,219.0,2.0,438,215.0,2.0,430,25171,16059,35.7,93.0
Station_01,Inv_00,20170627,17:18:00,230.5,2.0,461,214.0,2.0,428,25171,16059,35.5,93.0
Station_01,Inv_00,20170627,17:19:00,227.9,1.9,433,215.0,2.0,430,25171,16059,35.2,93.0
Station_01,Inv_00,20170627,17:20:00,226.4,1.9,430,217.0,1.9,412,25171,16059,35.0,92.0
Station_01,Inv_00,20170627,17:21:00,220.8,1.9,420,218.0,1.8,392,25171,16059,35.0,92.0
Station_01,Inv_00,20170627,17:22:00,224.0,1.8,403,218.0,1.9,414,25171,16059,34.8,93.0
Station_01,Inv_00,20170627,17:23:00,211.5,1.9,402,218.0,1.8,392,25171,16059,34.4,93.0
Station_01,Inv_00,20170627,17:24:00,217.5,1.8,392,219.0,1.8,394,25171,16059,34.4,91.0
Station_01,Inv_00,20170627,17:25:00,208.5,1.8,375,218.0,1.6,349,25171,16059,34.3,90.0
Station_01,Inv_00,20170627,17:26:00,204.7,1.7,348,218.0,1.5,327,25171,16059,34.2,89.0
Station_01,Inv_00,20170627,17:27:00,195.0,1.7,332,218.0,1.5,327,25171,16059,34.1,88.0
Station_01,Inv_00,20170627,17:28:00,192.1,1.5,288,218.0,1.4,305,25171,16059,34.0,86.0
Station_01,Inv_00,20170627,17:29:00,204.5,1.4,286,218.0,1.3,283,25171,16059,33.9,85.0
Station_01,Inv_00,20170627,17:30:00,229.8,1.3,299,218.0,1.4,305,25171,16059,33.9,84.0
Station_01,Inv_00,20170627,17:31:00,244.1,1.2,293,218.0,1.4,305,25171,16059,33.8,83.0
Station_01,Inv_00,20170627,17:32:00,233.6,1.2,280,218.0,1.4,305,25171,16059,33.7,84.0
Station_01,Inv_00,20170627,17:33:00,242.5,1.2,291,218.0,1.4,305,25171,16059,33.6,84.0
Station_01,Inv_00,20170627,17:34:00,241.4,1.2,290,217.0,1.4,304,25171,16059,33.5,86.0
Station_01,Inv_00,20170627,17:35:00,233.3,1.2,280,217.0,1.4,304,25171,16059,33.3,85.0
Station_01,Inv_00,20170627,17:36:00,230.9,1.2,277,216.0,1.3,281,25171,16059,33.3,85.0
Station_01,Inv_00,20170627,17:37:00,226.3,1.2,272,218.0,1.3,283,25171,16059,33.3,83.0
Station_01,Inv_00,20170627,17:38:00,231.9,1.1,255,218.0,1.2,262,25171,16059,33.3,80.0
Station_01,Inv_00,20170627,17:39:00,218.1,1.1,240,217.0,1.1,239,25171,16059,33.2,78.0
Station_01,Inv_00,20170627,17:40:00,215.4,1.0,215,216.0,1.1,238,25171,16059,33.2,77.0
Station_01,Inv_00,20170627,17:41:00,212.1,1.1,233,216.0,1.1,238,25171,16059,33.1,76.0
Station_01,Inv_00,20170627,17:42:00,213.2,0.9,192,216.0,1.0,216,25171,16059,33.0,74.0
Station_01,Inv_00,20170627,17:43:00,216.0,0.9,194,216.0,1.0,216,25171,16059,32.9,73.0
Station_01,Inv_00,20170627,17:44:00,148.0,0.9,133,216.0,0.8,173,25171,16059,32.9,72.0
Station_01,Inv_00,20170627,17:45:00,149.5,0.8,120,216.0,0.7,151,25171,16059,32.8,71.0
Station_01,Inv_00,20170627,17:46:00,185.8,0.8,149,216.0,0.9,194,25171,16059,32.7,69.0
Station_01,Inv_00,20170627,17:47:00,234.4,0.7,164,216.0,1.0,216,25171,16059,32.7,68.0
Station_01,Inv_00,20170627,17:48:00,228.0,0.7,160,216.0,1.0,216,25171,16059,32.6,67.0
Station_01,Inv_00,20170627,17:49:00,224.6,0.7,157,216.0,0.9,194,25171,16059,32.5,66.0
Station_01,Inv_00,20170627,17:50:00,199.9,0.7,140,216.0,0.8,173,25171,16059,32.5,66.0
Station_01,Inv_00,20170627,17:51:00,214.5,0.8,172,216.0,0.9,194,25171,16059,32.4,65.0
Station_01,Inv_00,20170627,17:52:00,188.5,0.8,151,217.0,0.8,174,25171,16059,32.5,65.0
Station_01,Inv_00,20170627,17:53:00,148.0,0.7,104,218.0,0.6,131,25171,16059,32.4,63.0
Station_01,Inv_00,20170627,17:54:00,212.9,0.7,149,218.0,0.8,174,25171,16059,32.3,62.0
Station_01,Inv_00,20170627,17:55:00,209.4,0.7,147,218.0,0.8,174,25171,16059,32.2,60.0
Station_01,Inv_00,20170627,17:56:00,225.5,0.6,135,218.0,0.7,153,25171,16059,32.0,60.0
Station_01,Inv_00,20170627,17:57:00,221.4,0.7,155,218.0,0.7,153,25171,16059,32.0,58.0
Station_01,Inv_00,20170627,17:58:00,200.5,0.6,120,218.0,0.7,153,25171,16059,32.0,57.0
Station_01,Inv_00,20170627,17:59:00,215.0,0.6,129,218.0,0.7,153,25171,16059,31.9,56.0
Station_01,Inv_00,20170627,18:00:00,221.0,0.6,133,218.0,0.7,153,25171,16059,31.8,55.0
Station_01,Inv_00,20170627,18:01:00,215.4,0.5,108,218.0,0.7,153,25171,16059,31.7,55.0
Station_01,Inv_00,20170627,18:02:00,208.6,0.5,104,217.0,0.6,130,25171,16059,31.6,55.0
Station_01,Inv_00,20170627,18:03:00,213.0,0.5,107,218.0,0.6,131,25171,16059,31.6,54.0
Station_01,Inv_00,20170627,18:04:00,219.0,0.6,131,218.0,0.6,131,25171,16059,31.6,53.0
Station_01,Inv_00,20170627,18:05:00,153.4,0.5,77,217.0,0.5,109,25171,16059,31.5,53.0
Station_01,Inv_00,20170627,18:06:00,145.4,0.5,73,216.0,0.5,108,25171,16059,31.4,54.0
Station_01,Inv_00,20170627,18:07:00,194.4,0.5,97,217.0,0.5,109,25171,16059,31.4,52.0
Station_01,Inv_00,20170627,18:08:00,219.4,0.5,110,218.0,0.6,131,25171,16059,31.3,51.0
Station_01,Inv_00,20170627,18:09:00,236.8,0.4,95,216.0,0.5,108,25171,16059,31.4,52.0
Station_01,Inv_00,20170627,18:10:00,214.0,0.5,107,216.0,0.6,130,25171,16059,31.2,52.0
Station_01,Inv_00,20170627,18:11:00,220.0,0.6,132,216.0,0.6,130,25171,16059,31.2,52.0
Station_01,Inv_00,20170627,18:12:00,212.0,0.5,106,216.0,0.6,130,25171,16059,31.2,52.0
Station_01,Inv_00,20170627,18:13:00,224.0,0.5,112,216.0,0.6,130,25171,16059,31.2,51.0
Station_01,Inv_00,20170627,18:14:00,212.0,0.5,106,216.0,0.6,130,25171,16059,31.1,51.0
Station_01,Inv_00,20170627,18:15:00,217.2,0.5,109,217.0,0.6,130,25171,16059,31.1,52.0
Station_01,Inv_00,20170627,18:16:00,224.5,0.4,90,216.0,0.6,130,25171,16059,31.0,67.0
Station_01,Inv_00,20170627,18:17:00,182.8,0.5,91,217.0,0.5,109,25171,16059,31.0,49.0
Station_01,Inv_00,20170627,18:18:00,219.0,0.4,88,218.0,0.5,109,25171,16059,31.0,47.0
Station_01,Inv_00,20170627,18:19:00,214.0,0.4,86,218.0,0.5,109,25171,16059,30.9,45.0
Station_01,Inv_00,20170627,18:20:00,172.5,0.4,69,218.0,0.5,109,25171,16059,30.9,43.0
Station_01,Inv_00,20170627,18:21:00,206.0,0.4,82,217.0,0.5,109,25171,16059,30.9,42.0
Station_01,Inv_00,20170627,18:22:00,206.3,0.3,62,216.0,0.5,108,25171,16059,30.8,41.0
Station_01,Inv_00,20170627,18:23:00,215.0,0.3,65,217.0,0.5,109,25171,16059,30.8,50.0
Station_01,Inv_00,20170627,18:24:00,198.3,0.3,60,216.0,0.5,108,25171,16059,30.8,40.0
Station_01,Inv_00,20170627,18:25:00,190.3,0.3,57,217.0,0.5,109,25171,16059,30.7,37.0
Station_01,Inv_00,20170627,18:26:00,196.0,0.2,39,216.0,0.4,86,25171,16059,30.6,36.0
Station_01,Inv_00,20170627,18:27:00,180.0,0.3,54,217.0,0.4,87,25171,16059,30.5,34.0
Station_01,Inv_00,20170627,18:28:00,181.0,0.1,18,217.0,0.4,87,25171,16059,30.4,34.0
Station_01,Inv_00,20170627,18:29:00,171.0,0.3,51,216.0,0.4,86,25171,16059,30.4,32.0
Station_01,Inv_00,20170627,18:30:00,210.0,0.2,42,217.0,0.4,87,25171,16059,30.3,31.0
Station_01,Inv_00,20170627,18:31:00,223.0,0.2,45,217.0,0.4,87,25171,16059,30.3,30.0
Station_01,Inv_00,20170627,18:32:00,221.5,0.2,44,217.0,0.4,87,25171,16059,30.2,30.0
Station_01,Inv_00,20170627,18:33:00,217.0,0.2,43,217.0,0.4,87,25171,16059,30.1,29.0
Station_01,Inv_00,20170627,18:34:00,211.5,0.2,42,217.0,0.4,87,25171,16059,30.0,28.0
Station_01,Inv_00,20170627,18:35:00,192.0,0.2,38,216.0,0.4,86,25171,16059,30.0,28.0
Station_01,Inv_00,20170627,18:36:00,208.0,0.2,42,216.0,0.4,86,25171,16059,29.9,27.0
Station_01,Inv_00,20170627,18:37:00,0.0,0.0,0,216.0,0.4,86,25171,16059,29.8,552.0
Station_01,Inv_00,20170627,18:38:00,0.0,0.0,0,216.0,0.4,86,25171,16059,29.7,26.0
Station_01,Inv_00,20170627,18:39:00,0.0,0.0,0,216.0,0.4,86,25171,16059,29.6,26.0
Station_01,Inv_00,20170627,18:40:00,200.0,0.2,40,215.0,0.4,86,25171,16059,29.6,25.0
Station_01,Inv_00,20170627,18:41:00,0.0,0.0,0,215.0,0.4,86,25171,16059,29.5,24.0
Station_01,Inv_00,20170627,18:42:00,0.0,0.0,0,0.0,0.0,0,25171,16059,29.5,23.0
Station_01,Inv_00,20170627,18:43:00,0.0,0.0,0,0.0,0.0,0,25171,16059,29.4,24.0
Station_01,Inv_00,20170627,18:44:00,0.0,0.0,0,0.0,0.0,0,25171,16059,29.4,22.0
Station_01,Inv_00,20170627,18:45:00,0.0,0.0,0,222.0,0.2,44,25171,16059,29.3,21.0
Station_01,Inv_00,20170627,18:46:00,0.0,0.0,0,222.0,0.2,44,25171,16059,29.2,20.0
Station_01,Inv_00,20170627,18:47:00,0.0,0.0,0,222.0,0.2,44,25171,16059,29.1,20.0
Station_01,Inv_00,20170627,18:48:00,0.0,0.0,0,222.0,0.2,44,25171,16059,29.1,20.0
Station_01,Inv_00,20170627,18:49:00,0.0,0.0,0,222.0,0.2,44,25171,16059,29.2,19.0
Station_01,Inv_00,20170627,18:50:00,0.0,0.0,0,222.0,0.2,44,25171,16059,29.1,19.0
Station_01,Inv_00,20170627,18:51:00,0.0,0.0,0,222.0,0.2,44,25171,16059,29.0,18.0
Station_01,Inv_00,20170627,18:52:00,0.0,0.0,0,222.0,0.2,44,25171,16059,29.0,18.0
Station_01,Inv_00,20170627,18:53:00,0.0,0.0,0,222.0,0.2,44,25171,16059,29.0,18.0
Station_01,Inv_00,20170627,18:54:00,0.0,0.0,0,222.0,0.2,44,25171,16059,28.9,18.0
Station_01,Inv_00,20170627,18:55:00,0.0,0.0,0,222.0,0.2,44,25171,16059,28.9,18.0
Station_01,Inv_00,20170627,18:56:00,0.0,0.0,0,222.0,0.2,44,25171,16059,28.9,18.0
Station_01,Inv_00,20170627,18:57:00,0.0,0.0,0,222.0,0.2,44,25171,16059,28.8,18.0
Station_01,Inv_00,20170627,18:58:00,0.0,0.0,0,222.0,0.2,44,25171,16059,28.9,18.0
Station_01,Inv_00,20170627,18:59:00,0.0,0.0,0,222.0,0.2,44,25171,16059,28.9,18.0
Station_01,Inv_00,20170627,19:00:00,0.0,0.0,0,222.0,0.2,44,25171,16059,28.9,22.0
Station_01,Inv_00,20170627,19:01:00,0.0,0.0,0,222.0,0.2,44,25171,16059,28.8,20.0
Station_01,Inv_00,20170627,19:02:00,0.0,0.0,0,222.0,0.2,44,25171,16059,28.7,17.0
Station_01,Inv_00,20170627,19:03:00,0.0,0.0,0,222.0,0.2,44,25171,16059,28.6,18.0
Station_01,Inv_00,20170627,19:04:00,0.0,0.0,0,222.0,0.2,44,25171,16059,28.6,17.0
Station_01,Inv_00,20170627,19:05:00,0.0,0.0,0,222.0,0.2,44,25171,16059,28.6,17.0
Station_01,Inv_00,20170627,19:06:00,0.0,0.0,0,222.0,0.2,44,25171,16059,28.5,17.0
Station_01,Inv_00,20170627,19:07:00,0.0,0.0,0,222.0,0.2,44,25171,16059,28.5,17.0
Station_01,Inv_00,20170627,19:08:00,0.0,0.0,0,222.0,0.2,44,25171,16059,28.5,17.0
Station_01,Inv_00,20170627,19:09:00,0.0,0.0,0,222.0,0.2,44,25171,16059,28.4,18.0
Station_01,Inv_00,20170627,19:10:00,0.0,0.0,0,222.0,0.2,44,25171,16059,28.5,19.0
Station_01,Inv_00,20170627,19:11:00,0.0,0.0,0,222.0,0.2,44,25171,16059,28.5,17.0
Station_01,Inv_00,20170627,19:12:00,0.0,0.0,0,222.0,0.2,44,25171,16059,28.6,18.0
Station_01,Inv_00,20170627,19:13:00,0.0,0.0,0,222.0,0.2,44,25171,16059,28.5,18.0
Station_01,Inv_00,20170627,19:14:00,0.0,0.0,0,222.0,0.2,44,25171,16059,28.5,18.0
Station_01,Inv_00,20170627,19:15:00,0.0,0.0,0,222.0,0.2,44,25171,16059,28.4,18.0
Station_01,Inv_00,20170627,19:16:00,0.0,0.0,0,222.0,0.2,44,25171,16059,28.4,18.0
Station_01,Inv_00,20170627,19:17:00,0.0,0.0,0,222.0,0.2,44,25171,16059,28.4,17.0
Station_01,Inv_00,20170627,19:18:00,0.0,0.0,0,222.0,0.2,44,25171,16059,28.4,17.0
Station_01,Inv_00,20170627,19:19:00,0.0,0.0,0,222.0,0.2,44,25171,16059,28.3,18.0
Station_01,Inv_00,20170627,19:20:00,0.0,0.0,0,222.0,0.2,44,25171,16059,28.4,17.0
Station_01,Inv_00,20170627,19:21:00,0.0,0.0,0,222.0,0.2,44,25171,16059,28.3,17.0
Station_01,Inv_00,20170627,19:22:00,0.0,0.0,0,222.0,0.2,44,25171,16059,28.5,17.0
Station_01,Inv_00,20170627,19:23:00,0.0,0.0,0,222.0,0.2,44,25171,16059,28.3,20.0
Station_01,Inv_00,20170627,19:24:00,0.0,0.0,0,222.0,0.2,44,25171,16059,28.3,18.0
Station_01,Inv_00,20170627,19:25:00,0.0,0.0,0,222.0,0.2,44,25171,16059,28.3,17.0
Station_01,Inv_00,20170627,19:26:00,0.0,0.0,0,222.0,0.2,44,25171,16059,28.3,18.0
Station_01,Inv_00,20170627,19:27:00,0.0,0.0,0,222.0,0.2,44,25171,16059,28.4,18.0
Station_01,Inv_00,20170627,19:28:00,0.0,0.0,0,222.0,0.2,44,25171,16059,28.3,17.0
Station_01,Inv_00,20170627,19:29:00,0.0,0.0,0,222.0,0.2,44,25171,16059,28.3,17.0
Station_01,Inv_00,20170627,19:30:00,0.0,0.0,0,222.0,0.2,44,25171,16059,28.4,17.0
Station_01,Inv_00,20170627,19:31:00,0.0,0.0,0,222.0,0.2,44,25171,16059,28.3,18.0
Station_01,Inv_00,20170627,19:32:00,0.0,0.0,0,222.0,0.2,44,25171,16059,28.3,17.0
Station_01,Inv_00,20170627,19:33:00,0.0,0.0,0,222.0,0.2,44,25171,16059,28.2,18.0
Station_01,Inv_00,20170627,19:34:00,0.0,0.0,0,222.0,0.2,44,25171,16059,28.3,17.0
Station_01,Inv_00,20170627,19:35:00,0.0,0.0,0,222.0,0.2,44,25171,16059,28.3,18.0
Station_01,Inv_00,20170627,19:36:00,0.0,0.0,0,222.0,0.2,44,25171,16059,28.2,17.0
Station_01,Inv_00,20170627,19:37:00,0.0,0.0,0,222.0,0.2,44,25171,16059,28.4,18.0
Station_01,Inv_00,20170627,19:38:00,0.0,0.0,0,222.0,0.2,44,25171,16059,28.2,17.0
Station_01,Inv_00,20170627,19:39:00,0.0,0.0,0,222.0,0.2,44,25171,16059,28.1,17.0
Station_01,Inv_00,20170627,19:40:00,0.0,0.0,0,222.0,0.2,44,25171,16059,28.2,17.0
Station_01,Inv_00,20170627,19:41:00,0.0,0.0,0,222.0,0.2,44,25171,16059,28.3,17.0
Station_01,Inv_00,20170627,19:42:00,0.0,0.0,0,222.0,0.2,44,25171,16059,28.2,17.0
Station_01,Inv_00,20170627,19:43:00,0.0,0.0,0,222.0,0.2,44,25171,16059,28.1,17.0
Station_01,Inv_00,20170627,19:44:00,0.0,0.0,0,222.0,0.2,44,25171,16059,28.2,18.0
Station_01,Inv_00,20170627,19:45:00,0.0,0.0,0,222.0,0.2,44,25171,16059,28.1,17.0
Station_01,Inv_00,20170627,19:46:00,0.0,0.0,0,222.0,0.2,44,25171,16059,28.1,18.0
Station_01,Inv_00,20170627,19:47:00,0.0,0.0,0,222.0,0.2,44,25171,16059,28.1,18.0
Station_01,Inv_00,20170627,19:48:00,0.0,0.0,0,222.0,0.2,44,25171,16059,28.1,18.0
Station_01,Inv_00,20170627,19:49:00,0.0,0.0,0,222.0,0.2,44,25171,16059,28.1,18.0
Station_01,Inv_00,20170627,19:50:00,0.0,0.0,0,222.0,0.2,44,25171,16059,28.0,17.0
Station_01,Inv_00,20170627,19:51:00,0.0,0.0,0,222.0,0.2,44,25171,16059,28.0,18.0
Station_01,Inv_00,20170627,19:52:00,0.0,0.0,0,222.0,0.2,44,25171,16059,28.1,18.0
Station_01,Inv_00,20170627,19:53:00,0.0,0.0,0,222.0,0.2,44,25171,16059,28.0,20.0
Station_01,Inv_00,20170627,19:54:00,0.0,0.0,0,222.0,0.2,44,25171,16059,27.8,21.0
Station_01,Inv_00,20170627,19:55:00,0.0,0.0,0,222.0,0.2,44,25171,16059,27.8,20.0
Station_01,Inv_00,20170627,19:56:00,0.0,0.0,0,222.0,0.2,44,25171,16059,27.8,18.0
Station_01,Inv_00,20170627,19:57:00,0.0,0.0,0,222.0,0.2,44,25171,16059,27.7,17.0
Station_01,Inv_00,20170627,19:58:00,0.0,0.0,0,222.0,0.2,44,25171,16059,27.8,19.0
Station_01,Inv_00,20170627,19:59:00,0.0,0.0,0,222.0,0.2,44,25171,16059,27.7,18.0
Station_01,Inv_00,20170627,20:00:00,0.0,0.0,0,222.0,0.2,44,25171,16059,27.7,17.0
