Station_01,Inv_00,20170623,05:00:00,0.0,0.0,0,221.0,0.1,22,25070,15995,24.8,18.0
Station_01,Inv_00,20170623,05:01:00,0.0,0.0,0,221.0,0.1,22,25070,15995,24.9,20.0
Station_01,Inv_00,20170623,05:02:00,0.0,0.0,0,221.0,0.1,22,25070,15995,24.9,19.0
Station_01,Inv_00,20170623,05:03:00,0.0,0.0,0,221.0,0.1,22,25070,15995,25.0,19.0
Station_01,Inv_00,20170623,05:04:00,0.0,0.0,0,221.0,0.1,22,25070,15995,25.0,19.0
Station_01,Inv_00,20170623,05:05:00,0.0,0.0,0,221.0,0.1,22,25070,15995,25.0,19.0
Station_01,Inv_00,20170623,05:06:00,0.0,0.0,0,221.0,0.1,22,25070,15995,25.0,19.0
Station_01,Inv_00,20170623,05:07:00,0.0,0.0,0,221.0,0.1,22,25070,15995,25.0,21.0
Station_01,Inv_00,20170623,05:08:00,0.0,0.0,0,221.0,0.1,22,25070,15995,25.0,19.0
Station_01,Inv_00,20170623,05:09:00,0.0,0.0,0,221.0,0.1,22,25070,15995,25.1,19.0
Station_01,Inv_00,20170623,05:10:00,0.0,0.0,0,221.0,0.1,22,25070,15995,25.1,19.0
Station_01,Inv_00,20170623,05:11:00,0.0,0.0,0,221.0,0.1,22,25070,15995,25.2,20.0
Station_01,Inv_00,20170623,05:12:00,0.0,0.0,0,221.0,0.1,22,25070,15995,25.2,20.0
Station_01,Inv_00,20170623,05:13:00,0.0,0.0,0,221.0,0.1,22,25070,15995,25.2,20.0
Station_01,Inv_00,20170623,05:14:00,0.0,0.0,0,221.0,0.1,22,25070,15995,25.2,21.0
Station_01,Inv_00,20170623,05:15:00,0.0,0.0,0,221.0,0.1,22,25070,15995,25.3,21.0
Station_01,Inv_00,20170623,05:16:00,0.0,0.0,0,221.0,0.1,22,25070,15995,25.3,22.0
Station_01,Inv_00,20170623,05:17:00,0.0,0.0,0,221.0,0.1,22,25070,15995,25.2,23.0
Station_01,Inv_00,20170623,05:18:00,0.0,0.0,0,221.0,0.1,22,25070,15995,25.2,24.0
Station_01,Inv_00,20170623,05:19:00,0.0,0.0,0,221.0,0.1,22,25070,15995,25.2,24.0
Station_01,Inv_00,20170623,05:20:00,0.0,0.0,0,221.0,0.1,22,25070,15995,25.2,466.0
Station_01,Inv_00,20170623,05:21:00,0.0,0.0,0,221.0,0.1,22,25070,15995,25.2,26.0
Station_01,Inv_00,20170623,05:22:00,0.0,0.0,0,221.0,0.5,111,25070,15995,25.2,27.0
Station_01,Inv_00,20170623,05:23:00,0.0,0.0,0,221.0,0.5,111,25070,15995,25.1,28.0
Station_01,Inv_00,20170623,05:24:00,0.0,0.0,0,221.0,0.5,111,25070,15995,25.1,28.0
Station_01,Inv_00,20170623,05:25:00,0.0,0.0,0,221.0,0.5,111,25070,15995,25.1,29.0
Station_01,Inv_00,20170623,05:26:00,0.0,0.0,0,222.0,0.5,111,25070,15995,25.1,30.0
Station_01,Inv_00,20170623,05:27:00,0.0,0.0,0,223.0,0.5,112,25070,15995,25.1,31.0
Station_01,Inv_00,20170623,05:28:00,217.0,0.2,43,216.0,0.4,86,25070,15995,25.1,32.0
Station_01,Inv_00,20170623,05:29:00,215.0,0.2,43,216.0,0.4,86,25070,15995,25.1,33.0
Station_01,Inv_00,20170623,05:30:00,180.0,0.1,18,215.0,0.4,86,25070,15995,25.2,466.0
Station_01,Inv_00,20170623,05:31:00,183.0,0.3,55,216.0,0.4,86,25070,15995,25.2,35.0
Station_01,Inv_00,20170623,05:32:00,218.3,0.3,66,216.0,0.4,86,25070,15995,25.2,36.0
Station_01,Inv_00,20170623,05:33:00,208.3,0.3,63,216.0,0.4,86,25070,15995,25.2,37.0
Station_01,Inv_00,20170623,05:34:00,221.3,0.3,66,215.0,0.5,108,25070,15995,25.3,39.0
Station_01,Inv_00,20170623,05:35:00,220.0,0.3,66,215.0,0.5,108,25070,15995,25.4,41.0
Station_01,Inv_00,20170623,05:36:00,209.3,0.3,63,216.0,0.5,108,25070,15995,25.4,42.0
Station_01,Inv_00,20170623,05:37:00,213.3,0.3,64,216.0,0.5,108,25070,15995,25.5,44.0
Station_01,Inv_00,20170623,05:38:00,185.3,0.3,56,215.0,0.5,108,25070,15995,25.5,45.0
Station_01,Inv_00,20170623,05:39:00,232.0,0.2,46,216.0,0.5,108,25070,15995,25.6,46.0
Station_01,Inv_00,20170623,05:40:00,221.7,0.3,67,216.0,0.5,108,25070,15995,25.6,47.0
Station_01,Inv_00,20170623,05:41:00,229.0,0.4,92,216.0,0.5,108,25070,15995,25.6,48.0
Station_01,Inv_00,20170623,05:42:00,194.5,0.4,78,216.0,0.5,108,25070,15995,25.7,51.0
Station_01,Inv_00,20170623,05:43:00,207.0,0.4,83,216.0,0.5,108,25070,15995,25.7,51.0
Station_01,Inv_00,20170623,05:44:00,206.0,0.4,82,217.0,0.5,109,25070,15995,25.7,53.0
Station_01,Inv_00,20170623,05:45:00,218.5,0.4,87,218.0,0.5,109,25070,15995,25.8,56.0
Station_01,Inv_00,20170623,05:46:00,150.0,0.5,75,216.0,0.5,108,25070,15995,25.8,60.0
Station_01,Inv_00,20170623,05:47:00,171.6,0.5,86,216.0,0.5,108,25070,15995,25.8,64.0
Station_01,Inv_00,20170623,05:48:00,218.0,0.5,109,217.0,0.6,130,25070,15995,25.9,66.0
Station_01,Inv_00,20170623,05:49:00,226.8,0.5,113,218.0,0.7,153,25070,15995,26.0,72.0
Station_01,Inv_00,20170623,05:50:00,242.0,0.6,145,217.0,0.8,174,25070,15995,26.1,72.0
Station_01,Inv_00,20170623,05:51:00,246.0,0.6,148,217.0,0.7,152,25070,15995,26.2,74.0
Station_01,Inv_00,20170623,05:52:00,231.5,0.6,139,217.0,0.8,174,25070,15995,26.3,75.0
Station_01,Inv_00,20170623,05:53:00,234.0,0.6,140,217.0,0.8,174,25070,15995,26.3,74.0
Station_01,Inv_00,20170623,05:54:00,231.0,0.6,139,217.0,0.8,174,25070,15995,26.3,72.0
Station_01,Inv_00,20170623,05:55:00,233.5,0.6,140,218.0,0.7,153,25070,15995,26.3,72.0
Station_01,Inv_00,20170623,05:56:00,236.0,0.6,142,217.0,0.8,174,25070,15995,26.4,73.0
Station_01,Inv_00,20170623,05:57:00,245.0,0.6,147,218.0,0.8,174,25070,15995,26.3,77.0
Station_01,Inv_00,20170623,05:58:00,231.6,0.7,162,218.0,0.9,196,25070,15995,26.3,82.0
Station_01,Inv_00,20170623,05:59:00,227.5,0.8,182,218.0,1.0,218,25070,15995,26.5,87.0
Station_01,Inv_00,20170623,06:00:00,251.7,0.7,176,217.0,1.0,217,25070,15995,26.6,92.0
Station_01,Inv_00,20170623,06:01:00,242.0,0.9,218,217.0,1.0,217,25070,15995,26.7,96.0
Station_01,Inv_00,20170623,06:02:00,250.4,0.9,225,215.0,1.0,215,25070,15995,26.7,99.0
Station_01,Inv_00,20170623,06:03:00,245.0,0.9,221,215.0,1.1,237,25070,15995,26.9,101.0
Station_01,Inv_00,20170623,06:04:00,243.0,0.9,219,215.0,1.1,237,25070,15995,26.9,102.0
Station_01,Inv_00,20170623,06:05:00,245.4,0.9,221,215.0,1.1,237,25070,15995,27.0,105.0
Station_01,Inv_00,20170623,06:06:00,251.5,1.0,252,215.0,1.2,258,25070,15995,27.0,108.0
Station_01,Inv_00,20170623,06:07:00,251.5,1.0,252,215.0,1.2,258,25070,15995,27.1,112.0
Station_01,Inv_00,20170623,06:08:00,248.9,1.1,274,215.0,1.3,280,25070,15995,27.2,116.0
Station_01,Inv_00,20170623,06:09:00,252.9,1.1,278,215.0,1.3,280,25070,15995,27.3,120.0
Station_01,Inv_00,20170623,06:10:00,248.0,1.2,298,215.0,1.4,301,25070,15995,27.3,124.0
Station_01,Inv_00,20170623,06:11:00,252.9,1.2,304,216.0,1.4,302,25070,15995,27.5,128.0
Station_01,Inv_00,20170623,06:12:00,250.0,1.3,325,217.0,1.4,304,25070,15995,27.6,131.0
Station_01,Inv_00,20170623,06:13:00,241.8,1.3,314,216.0,1.4,302,25070,15995,27.7,134.0
Station_01,Inv_00,20170623,06:14:00,248.5,1.4,348,216.0,1.5,324,25070,15995,27.9,137.0
Station_01,Inv_00,20170623,06:15:00,252.1,1.4,353,217.0,1.5,326,25070,15995,28.0,140.0
Station_01,Inv_00,20170623,06:16:00,247.5,1.5,371,215.0,1.6,344,25070,15995,28.2,143.0
Station_01,Inv_00,20170623,06:17:00,252.9,1.5,379,218.0,1.6,349,25070,15995,28.3,147.0
Station_01,Inv_00,20170623,06:18:00,250.3,1.5,375,217.0,1.7,369,25070,15995,28.5,151.0
Station_01,Inv_00,20170623,06:19:00,247.9,1.6,397,217.0,1.8,391,25070,15995,28.6,156.0
Station_01,Inv_00,20170623,06:20:00,252.5,1.7,429,217.0,1.8,391,25070,15995,28.8,159.0
Station_01,Inv_00,20170623,06:21:00,246.9,1.7,420,215.0,1.8,387,25070,15995,28.8,161.0
Station_01,Inv_00,20170623,06:22:00,255.9,1.7,435,215.0,1.9,409,25070,15995,29.0,166.0
Station_01,Inv_00,20170623,06:23:00,255.0,1.8,459,216.0,2.0,432,25070,15995,29.2,168.0
Station_01,Inv_00,20170623,06:24:00,250.4,1.8,451,216.0,2.0,432,25070,15995,29.4,171.0
Station_01,Inv_00,20170623,06:25:00,249.2,1.9,473,216.0,2.0,432,25070,15995,29.6,175.0
Station_01,Inv_00,20170623,06:26:00,255.8,1.9,486,216.0,2.1,454,25070,15995,29.7,179.0
Station_01,Inv_00,20170623,06:27:00,251.5,2.0,503,216.0,2.2,475,25070,15995,29.9,183.0
Station_01,Inv_00,20170623,06:28:00,253.9,2.1,533,216.0,2.2,475,25070,15995,30.1,186.0
Station_01,Inv_00,20170623,06:29:00,248.0,2.1,521,217.0,2.3,499,25070,15995,30.1,190.0
Station_01,Inv_00,20170623,06:30:00,244.0,2.2,537,216.0,2.3,497,25070,15995,30.2,196.0
Station_01,Inv_00,20170623,06:31:00,251.0,2.3,577,216.0,2.5,540,25070,15995,30.4,200.0
Station_01,Inv_00,20170623,06:32:00,250.9,2.3,577,216.0,2.5,540,25070,15995,30.6,203.0
Station_01,Inv_00,20170623,06:33:00,251.0,2.4,602,216.0,2.5,540,25070,15995,30.8,207.0
Station_01,Inv_00,20170623,06:34:00,242.0,2.5,605,215.0,2.6,559,25070,15995,31.0,212.0
Station_01,Inv_00,20170623,06:35:00,252.0,2.5,630,215.0,2.7,581,25070,15995,31.3,216.0
Station_01,Inv_00,20170623,06:36:00,252.0,2.6,655,215.0,2.8,602,25070,15995,31.6,221.0
Station_01,Inv_00,20170623,06:37:00,253.8,2.6,660,215.0,2.9,624,25070,15995,32.1,224.0
Station_01,Inv_00,20170623,06:38:00,247.0,2.7,667,215.0,2.9,624,25070,15995,32.6,226.0
Station_01,Inv_00,20170623,06:39:00,252.9,2.7,683,216.0,3.0,648,25070,15995,33.0,229.0
Station_01,Inv_00,20170623,06:40:00,248.5,2.8,696,215.0,3.1,667,25070,15995,33.6,232.0
Station_01,Inv_00,20170623,06:41:00,250.0,2.8,700,215.0,3.1,667,25070,15995,33.9,236.0
Station_01,Inv_00,20170623,06:42:00,248.5,2.8,696,215.0,3.1,667,25070,15995,34.0,241.0
Station_01,Inv_00,20170623,06:43:00,249.0,2.9,722,215.0,3.2,688,25070,15995,34.4,243.0
Station_01,Inv_00,20170623,06:44:00,248.0,3.0,744,217.0,3.2,694,25070,15995,34.6,247.0
Station_01,Inv_00,20170623,06:45:00,249.0,3.1,772,217.0,3.3,716,25070,15995,34.7,251.0
Station_01,Inv_00,20170623,06:46:00,248.5,3.2,795,215.0,3.4,731,25070,15995,35.0,257.0
Station_01,Inv_00,20170623,06:47:00,242.0,3.3,799,215.0,3.5,753,25070,15995,35.5,259.0
Station_01,Inv_00,20170623,06:48:00,245.4,3.3,810,217.0,3.6,781,25070,15995,35.6,263.0
Station_01,Inv_00,20170623,06:49:00,247.0,3.4,840,216.0,3.6,778,25070,15995,35.8,266.0
Station_01,Inv_00,20170623,06:50:00,246.5,3.4,838,215.0,3.6,774,25070,15995,35.9,270.0
Station_01,Inv_00,20170623,06:51:00,249.0,3.3,822,215.0,3.7,796,25070,15995,36.1,273.0
Station_01,Inv_00,20170623,06:52:00,248.0,3.5,868,216.0,3.8,821,25070,15995,36.2,275.0
Station_01,Inv_00,20170623,06:53:00,244.5,3.6,880,217.0,3.8,825,25070,15995,36.5,280.0
Station_01,Inv_00,20170623,06:54:00,245.5,3.7,908,215.0,3.9,839,25070,15995,36.8,284.0
Station_01,Inv_00,20170623,06:55:00,247.0,3.7,914,217.0,4.0,868,25070,15995,36.8,289.0
Station_01,Inv_00,20170623,06:56:00,239.5,3.9,934,218.0,3.9,850,25070,15995,36.5,294.0
Station_01,Inv_00,20170623,06:57:00,242.0,3.8,920,216.0,4.0,864,25070,15995,36.8,298.0
Station_01,Inv_00,20170623,06:58:00,243.0,4.0,972,216.0,4.0,864,25070,15995,37.0,302.0
Station_01,Inv_00,20170623,06:59:00,243.0,3.9,948,216.0,4.1,886,25070,15995,37.3,305.0
Station_01,Inv_00,20170623,07:00:00,243.0,4.1,996,217.0,4.1,890,25070,15995,37.3,308.0
Station_01,Inv_00,20170623,07:01:00,239.5,4.2,1006,218.0,4.2,916,25070,15995,37.5,312.0
Station_01,Inv_00,20170623,07:02:00,246.0,4.2,1033,217.0,4.3,933,25070,15995,37.2,318.0
Station_01,Inv_00,20170623,07:03:00,240.5,4.3,1034,218.0,4.3,937,25070,15995,38.0,319.0
Station_01,Inv_00,20170623,07:04:00,242.0,4.4,1065,217.0,4.4,955,25070,15995,37.8,323.0
Station_01,Inv_00,20170623,07:05:00,244.0,4.3,1049,216.0,4.6,994,25070,15995,37.9,339.0
Station_01,Inv_00,20170623,07:06:00,236.5,4.4,1041,217.0,4.5,977,25070,15995,38.2,334.0
Station_01,Inv_00,20170623,07:07:00,240.4,4.4,1058,216.0,4.6,994,25070,15995,38.6,334.0
Station_01,Inv_00,20170623,07:08:00,240.5,4.5,1082,216.0,4.6,994,25070,15995,38.1,338.0
Station_01,Inv_00,20170623,07:09:00,242.0,4.5,1089,215.0,4.7,1011,25070,15995,38.2,340.0
Station_01,Inv_00,20170623,07:10:00,244.5,4.5,1100,215.0,4.8,1032,25070,15995,38.8,342.0
Station_01,Inv_00,20170623,07:11:00,244.5,4.6,1125,218.0,4.9,1068,25070,15995,38.7,347.0
Station_01,Inv_00,20170623,07:12:00,238.0,4.7,1119,218.0,4.9,1068,25070,15995,39.4,349.0
Station_01,Inv_00,20170623,07:13:00,244.0,4.7,1147,217.0,5.0,1085,25070,15995,39.3,353.0
Station_01,Inv_00,20170623,07:14:00,243.4,4.9,1193,218.0,5.0,1090,25070,15995,39.6,356.0
Station_01,Inv_00,20170623,07:15:00,240.0,4.9,1176,217.0,5.1,1107,25070,15995,39.6,359.0
Station_01,Inv_00,20170623,07:16:00,234.0,5.0,1170,217.0,5.0,1085,25070,15995,40.1,361.0
Station_01,Inv_00,20170623,07:17:00,239.8,5.0,1199,218.0,5.1,1112,25070,15995,40.2,366.0
Station_01,Inv_00,20170623,07:18:00,245.5,4.9,1203,218.0,5.2,1134,25070,15995,40.6,366.0
Station_01,Inv_00,20170623,07:19:00,241.0,5.1,1229,219.0,5.2,1139,25070,15995,41.1,371.0
Station_01,Inv_00,20170623,07:20:00,240.0,5.2,1248,219.0,5.3,1161,25070,15995,41.5,374.0
Station_01,Inv_00,20170623,07:21:00,238.5,5.3,1264,218.0,5.4,1177,25071,15995,41.6,377.0
Station_01,Inv_00,20170623,07:22:00,235.0,5.3,1245,218.0,5.4,1177,25071,15995,42.3,380.0
Station_01,Inv_00,20170623,07:23:00,240.0,5.3,1272,218.0,5.5,1199,25071,15995,42.2,383.0
Station_01,Inv_00,20170623,07:24:00,235.4,5.5,1295,217.0,5.6,1215,25071,15995,42.5,388.0
Station_01,Inv_00,20170623,07:25:00,238.0,5.5,1309,217.0,5.6,1215,25071,15995,43.2,389.0
Station_01,Inv_00,20170623,07:26:00,240.5,5.5,1323,218.0,5.6,1221,25071,15995,43.8,392.0
Station_01,Inv_00,20170623,07:27:00,238.0,5.7,1357,218.0,5.7,1243,25071,15995,44.2,395.0
Station_01,Inv_00,20170623,07:28:00,233.0,5.7,1328,218.0,5.6,1221,25071,15995,44.2,395.0
Station_01,Inv_00,20170623,07:29:00,231.5,5.8,1343,219.0,5.8,1270,25071,15995,43.5,403.0
Station_01,Inv_00,20170623,07:30:00,233.0,5.9,1375,219.0,5.9,1292,25071,15995,44.1,411.0
Station_01,Inv_00,20170623,07:31:00,232.5,6.0,1395,219.0,5.9,1292,25071,15995,43.5,414.0
Station_01,Inv_00,20170623,07:32:00,238.5,5.9,1407,220.0,6.1,1342,25071,15995,43.6,420.0
Station_01,Inv_00,20170623,07:33:00,235.9,5.9,1392,220.0,6.0,1320,25071,15995,43.9,417.0
Station_01,Inv_00,20170623,07:34:00,234.9,6.1,1433,220.0,6.2,1364,25071,15995,44.4,420.0
Station_01,Inv_00,20170623,07:35:00,235.5,6.1,1437,219.0,6.2,1358,25071,15995,44.0,423.0
Station_01,Inv_00,20170623,07:36:00,239.0,6.0,1434,218.0,6.2,1352,25071,15995,44.9,426.0
Station_01,Inv_00,20170623,07:37:00,237.5,6.1,1449,219.0,6.3,1380,25071,15995,45.1,429.0
Station_01,Inv_00,20170623,07:38:00,229.0,6.4,1466,218.0,6.4,1395,25071,15995,44.4,432.0
Station_01,Inv_00,20170623,07:39:00,239.0,6.1,1458,218.0,6.3,1373,25071,15995,44.5,434.0
Station_01,Inv_00,20170623,07:40:00,229.5,6.5,1492,218.0,6.4,1395,25071,15995,45.3,438.0
Station_01,Inv_00,20170623,07:41:00,233.5,6.4,1494,218.0,6.6,1439,25071,15995,45.3,442.0
Station_01,Inv_00,20170623,07:42:00,229.0,6.6,1511,218.0,6.6,1439,25071,15995,45.2,449.0
Station_01,Inv_00,20170623,07:43:00,238.0,6.4,1523,218.0,6.7,1461,25071,15995,45.7,446.0
Station_01,Inv_00,20170623,07:44:00,239.0,6.7,1601,218.0,6.8,1482,25071,15995,45.9,457.0
Station_01,Inv_00,20170623,07:45:00,238.4,6.6,1574,218.0,6.8,1482,25071,15995,45.6,457.0
Station_01,Inv_00,20170623,07:46:00,235.5,6.7,1578,218.0,6.8,1482,25071,15995,46.7,457.0
Station_01,Inv_00,20170623,07:47:00,231.0,6.9,1594,218.0,6.9,1504,25071,15995,47.3,459.0
Station_01,Inv_00,20170623,07:48:00,233.0,6.9,1608,218.0,7.0,1526,25071,15995,47.8,470.0
Station_01,Inv_00,20170623,07:49:00,233.5,7.0,1635,217.0,7.0,1519,25071,15995,47.8,467.0
Station_01,Inv_00,20170623,07:50:00,236.0,6.9,1628,217.0,7.1,1541,25071,15995,47.2,472.0
Station_01,Inv_00,20170623,07:51:00,229.4,7.0,1606,217.0,7.0,1519,25071,15995,46.6,471.0
Station_01,Inv_00,20170623,07:52:00,230.9,7.1,1640,218.0,7.2,1570,25071,15995,46.1,483.0
Station_01,Inv_00,20170623,07:53:00,235.5,6.9,1625,218.0,7.0,1526,25071,15995,46.7,471.0
Station_01,Inv_00,20170623,07:54:00,233.0,7.3,1701,218.0,7.3,1591,25071,15995,46.1,485.0
Station_01,Inv_00,20170623,07:55:00,231.9,7.4,1716,217.0,7.3,1584,25071,15995,46.2,493.0
Station_01,Inv_00,20170623,07:56:00,234.0,7.3,1708,217.0,7.4,1606,25071,15995,45.6,488.0
Station_01,Inv_00,20170623,07:57:00,236.5,7.3,1726,217.0,7.5,1628,25071,15995,45.6,499.0
Station_01,Inv_00,20170623,07:58:00,232.0,7.6,1763,217.0,7.6,1649,25071,15995,45.3,504.0
Station_01,Inv_00,20170623,07:59:00,237.9,7.6,1808,218.0,7.8,1700,25071,15995,45.6,515.0
Station_01,Inv_00,20170623,08:00:00,233.0,7.7,1794,218.0,7.7,1679,25071,15995,45.8,515.0
Station_01,Inv_00,20170623,08:01:00,228.5,7.7,1759,217.0,7.7,1671,25072,15996,46.2,510.0
Station_01,Inv_00,20170623,08:02:00,233.5,7.6,1775,218.0,7.7,1679,25072,15996,46.5,516.0
Station_01,Inv_00,20170623,08:03:00,237.0,5.7,1351,217.0,5.8,1259,25072,15996,44.9,355.0
Station_01,Inv_00,20170623,08:04:00,238.0,7.5,1785,218.0,7.8,1700,25072,15996,46.6,515.0
Station_01,Inv_00,20170623,08:05:00,219.5,8.0,1756,218.0,7.7,1679,25072,15996,47.1,516.0
Station_01,Inv_00,20170623,08:06:00,231.0,7.9,1825,218.0,7.9,1722,25072,15996,48.1,531.0
Station_01,Inv_00,20170623,08:07:00,237.5,4.2,998,217.0,4.1,890,25072,15996,46.9,262.0
Station_01,Inv_00,20170623,08:08:00,233.0,8.0,1864,217.0,8.2,1779,25072,15996,48.0,529.0
Station_01,Inv_00,20170623,08:09:00,229.0,8.2,1878,216.0,8.2,1771,25072,15996,47.3,543.0
Station_01,Inv_00,20170623,08:10:00,230.4,8.2,1889,216.0,8.2,1771,25072,15996,47.6,496.0
Station_01,Inv_00,20170623,08:11:00,228.0,6.5,1482,218.0,4.8,1046,25072,15996,46.4,223.0
Station_01,Inv_00,20170623,08:12:00,234.0,8.2,1919,219.0,8.3,1818,25072,15996,48.5,559.0
Station_01,Inv_00,20170623,08:13:00,232.5,8.7,2023,219.0,8.7,1905,25072,15996,49.6,568.0
Station_01,Inv_00,20170623,08:14:00,231.5,8.5,1968,220.0,8.6,1892,25072,15996,50.6,574.0
Station_01,Inv_00,20170623,08:15:00,225.0,8.8,1980,219.0,8.5,1862,25072,15996,50.8,559.0
Station_01,Inv_00,20170623,08:16:00,229.0,8.5,1946,219.0,8.4,1840,25072,15996,50.2,567.0
Station_01,Inv_00,20170623,08:17:00,231.0,8.7,2010,220.0,8.7,1914,25072,15996,51.8,577.0
Station_01,Inv_00,20170623,08:18:00,227.0,9.1,2066,219.0,8.9,1949,25072,15996,52.6,590.0
Station_01,Inv_00,20170623,08:19:00,228.5,9.1,2079,218.0,8.9,1940,25072,15996,52.9,594.0
Station_01,Inv_00,20170623,08:20:00,226.0,8.9,2011,218.0,8.7,1897,25072,15996,53.2,582.0
Station_01,Inv_00,20170623,08:21:00,223.0,8.9,1985,218.0,8.7,1897,25072,15996,53.1,579.0
Station_01,Inv_00,20170623,08:22:00,229.5,8.9,2042,218.0,8.9,1940,25072,15996,51.5,596.0
Station_01,Inv_00,20170623,08:23:00,224.4,9.2,2065,218.0,9.0,1962,25072,15996,53.5,595.0
Station_01,Inv_00,20170623,08:24:00,227.0,9.1,2066,218.0,8.9,1940,25072,15996,54.6,595.0
Station_01,Inv_00,20170623,08:25:00,230.0,9.0,2070,218.0,8.9,1940,25072,15996,54.3,599.0
Station_01,Inv_00,20170623,08:26:00,226.0,9.3,2102,219.0,9.1,1993,25072,15996,54.9,606.0
Station_01,Inv_00,20170623,08:27:00,229.0,9.2,2107,219.0,9.1,1993,25072,15996,55.0,606.0
Station_01,Inv_00,20170623,08:28:00,230.5,9.1,2098,219.0,9.1,1993,25072,15996,53.5,606.0
Station_01,Inv_00,20170623,08:29:00,226.0,9.5,2147,219.0,9.3,2037,25072,15996,54.0,625.0
Station_01,Inv_00,20170623,08:30:00,225.5,9.6,2165,219.0,9.3,2037,25072,15996,53.7,623.0
Station_01,Inv_00,20170623,08:31:00,225.0,9.8,2205,219.0,9.5,2081,25072,15996,54.0,634.0
Station_01,Inv_00,20170623,08:32:00,222.5,9.9,2203,219.0,9.5,2081,25072,15996,54.6,636.0
Station_01,Inv_00,20170623,08:33:00,223.0,9.8,2185,219.0,9.5,2081,25073,15997,55.1,630.0
Station_01,Inv_00,20170623,08:34:00,227.5,9.7,2207,219.0,9.4,2059,25073,15997,55.6,626.0
Station_01,Inv_00,20170623,08:35:00,225.0,9.9,2227,219.0,9.7,2124,25073,15997,56.1,644.0
Station_01,Inv_00,20170623,08:36:00,226.0,9.7,2192,218.0,9.4,2049,25073,15997,56.3,630.0
Station_01,Inv_00,20170623,08:37:00,225.5,9.7,2187,218.0,9.4,2049,25073,15997,55.6,629.0
Station_01,Inv_00,20170623,08:38:00,222.0,10.0,2220,218.0,9.7,2115,25073,15997,55.2,647.0
Station_01,Inv_00,20170623,08:39:00,219.0,10.5,2299,218.0,9.9,2158,25073,15997,54.4,671.0
Station_01,Inv_00,20170623,08:40:00,223.0,9.9,2208,218.0,9.7,2115,25073,15997,56.1,653.0
Station_01,Inv_00,20170623,08:41:00,213.5,10.5,2241,218.0,9.7,2115,25073,15997,56.0,651.0
Station_01,Inv_00,20170623,08:42:00,226.5,10.0,2265,219.0,9.8,2146,25073,15997,56.1,656.0
Station_01,Inv_00,20170623,08:43:00,226.0,9.7,2192,218.0,9.6,2093,25073,15997,56.2,635.0
Station_01,Inv_00,20170623,08:44:00,222.0,9.8,2176,219.0,9.3,2037,25073,15997,56.0,634.0
Station_01,Inv_00,20170623,08:45:00,225.0,9.9,2227,219.0,9.6,2102,25073,15997,56.2,643.0
Station_01,Inv_00,20170623,08:46:00,225.5,9.7,2187,219.0,9.4,2059,25073,15997,56.1,630.0
Station_01,Inv_00,20170623,08:47:00,222.5,9.7,2158,218.0,9.3,2027,25073,15997,56.5,622.0
Station_01,Inv_00,20170623,08:48:00,225.5,8.8,1984,217.0,8.7,1888,25073,15997,55.8,583.0
Station_01,Inv_00,20170623,08:49:00,222.5,9.3,2069,218.0,9.0,1962,25073,15997,55.3,613.0
Station_01,Inv_00,20170623,08:50:00,225.5,9.4,2119,217.0,9.3,2018,25073,15997,56.3,618.0
Station_01,Inv_00,20170623,08:51:00,225.5,9.2,2074,217.0,9.0,1953,25073,15997,56.6,609.0
Station_01,Inv_00,20170623,08:52:00,222.5,9.4,2092,218.0,9.2,2006,25073,15997,55.9,618.0
Station_01,Inv_00,20170623,08:53:00,223.3,8.9,1988,217.0,8.7,1888,25073,15997,53.6,513.0
Station_01,Inv_00,20170623,08:54:00,175.7,3.2,562,216.0,2.7,583,25073,15997,52.0,316.0
Station_01,Inv_00,20170623,08:55:00,223.5,9.3,2079,217.0,9.0,1953,25073,15997,51.8,564.0
Station_01,Inv_00,20170623,08:56:00,225.4,9.2,2074,217.0,9.0,1953,25073,15997,52.1,594.0
Station_01,Inv_00,20170623,08:57:00,224.0,9.4,2105,216.0,9.2,1987,25073,15997,53.1,602.0
Station_01,Inv_00,20170623,08:58:00,224.5,9.3,2088,216.0,9.2,1987,25073,15997,54.3,604.0
Station_01,Inv_00,20170623,08:59:00,222.5,9.1,2025,217.0,8.8,1910,25073,15997,53.9,588.0
Station_01,Inv_00,20170623,09:00:00,208.5,9.2,1918,217.0,8.3,1801,25073,15997,52.7,577.0
Station_01,Inv_00,20170623,09:01:00,227.0,8.6,1952,216.0,8.6,1858,25074,15997,52.8,564.0
Station_01,Inv_00,20170623,09:02:00,222.5,9.1,2025,217.0,8.8,1910,25074,15997,52.9,580.0
Station_01,Inv_00,20170623,09:03:00,227.0,8.9,2020,217.0,8.7,1888,25074,15997,52.1,578.0
Station_01,Inv_00,20170623,09:04:00,226.0,8.6,1944,218.0,8.5,1853,25074,15997,52.0,558.0
Station_01,Inv_00,20170623,09:05:00,220.5,9.3,2051,218.0,8.9,1940,25074,15997,52.0,583.0
Station_01,Inv_00,20170623,09:06:00,224.9,9.2,2069,218.0,8.9,1940,25074,15997,52.4,588.0
Station_01,Inv_00,20170623,09:07:00,224.5,10.1,2267,218.0,9.8,2136,25074,15997,51.7,632.0
Station_01,Inv_00,20170623,09:08:00,224.0,10.2,2284,218.0,9.9,2158,25074,15997,53.2,638.0
Station_01,Inv_00,20170623,09:09:00,217.0,2.8,608,217.0,2.6,564,25074,15997,52.0,247.0
Station_01,Inv_00,20170623,09:10:00,222.0,10.7,2375,217.0,10.3,2235,25074,15997,50.4,565.0
Station_01,Inv_00,20170623,09:11:00,223.0,9.4,2096,217.0,8.4,1823,25074,15997,50.4,449.0
Station_01,Inv_00,20170623,09:12:00,226.5,11.1,2514,218.0,10.8,2354,25074,15997,50.8,698.0
Station_01,Inv_00,20170623,09:13:00,225.5,11.1,2503,218.0,10.8,2354,25074,15997,53.0,702.0
Station_01,Inv_00,20170623,09:14:00,224.5,11.0,2469,218.0,10.8,2354,25074,15997,53.4,703.0
Station_01,Inv_00,20170623,09:15:00,222.0,11.5,2553,217.0,11.0,2387,25074,15997,54.7,726.0
Station_01,Inv_00,20170623,09:16:00,224.0,11.5,2576,218.0,11.2,2442,25074,15997,54.5,746.0
Station_01,Inv_00,20170623,09:17:00,226.9,9.9,2247,217.0,8.3,1801,25074,15997,53.1,430.0
Station_01,Inv_00,20170623,09:18:00,220.5,11.4,2513,218.0,10.9,2376,25074,15997,54.7,663.0
Station_01,Inv_00,20170623,09:19:00,223.5,11.5,2570,217.0,11.2,2430,25074,15997,55.1,725.0
Station_01,Inv_00,20170623,09:20:00,225.5,11.7,2638,217.0,11.4,2474,25074,15997,55.4,758.0
Station_01,Inv_00,20170623,09:21:00,215.4,7.7,1659,217.0,6.7,1454,25074,15997,55.6,688.0
Station_01,Inv_00,20170623,09:22:00,215.0,12.1,2602,219.0,11.2,2453,25074,15997,56.5,735.0
Station_01,Inv_00,20170623,09:23:00,216.3,6.7,1450,218.0,7.7,1679,25074,15997,55.0,568.0
Station_01,Inv_00,20170623,09:24:00,224.5,7.4,1661,218.0,6.9,1504,25074,15997,54.4,503.0
Station_01,Inv_00,20170623,09:25:00,223.4,8.7,1944,218.0,7.3,1591,25074,15997,53.5,372.0
Station_01,Inv_00,20170623,09:26:00,222.0,10.9,2420,218.0,10.4,2267,25074,15997,54.3,754.0
Station_01,Inv_00,20170623,09:27:00,222.5,12.2,2714,218.0,11.7,2551,25074,15997,55.7,775.0
Station_01,Inv_00,20170623,09:28:00,218.0,12.5,2725,218.0,11.8,2572,25074,15997,54.1,789.0
Station_01,Inv_00,20170623,09:29:00,223.0,12.3,2743,218.0,11.8,2572,25075,15998,56.1,795.0
Station_01,Inv_00,20170623,09:30:00,217.0,12.6,2734,218.0,11.8,2572,25075,15998,56.6,792.0
Station_01,Inv_00,20170623,09:31:00,220.0,12.5,2750,218.0,11.8,2572,25075,15998,56.8,792.0
Station_01,Inv_00,20170623,09:32:00,216.5,12.1,2620,218.0,11.4,2485,25075,15998,55.5,766.0
Station_01,Inv_00,20170623,09:33:00,221.5,12.3,2724,217.0,11.8,2561,25075,15998,57.2,799.0
Station_01,Inv_00,20170623,09:34:00,220.0,12.5,2750,218.0,11.8,2572,25075,15998,57.8,797.0
Station_01,Inv_00,20170623,09:35:00,216.5,12.5,2706,218.0,11.7,2551,25075,15998,56.3,790.0
Station_01,Inv_00,20170623,09:36:00,217.0,12.5,2712,218.0,11.8,2572,25075,15998,55.7,795.0
Station_01,Inv_00,20170623,09:37:00,221.0,12.5,2762,218.0,11.8,2572,25075,15998,56.3,795.0
Station_01,Inv_00,20170623,09:38:00,220.5,12.6,2778,218.0,11.9,2594,25075,15998,57.5,803.0
Station_01,Inv_00,20170623,09:39:00,217.0,12.5,2713,218.0,11.7,2551,25075,15998,58.2,797.0
Station_01,Inv_00,20170623,09:40:00,218.5,12.6,2753,218.0,11.8,2572,25075,15998,56.8,805.0
Station_01,Inv_00,20170623,09:41:00,219.5,12.7,2788,218.0,12.0,2616,25075,15998,56.9,810.0
Station_01,Inv_00,20170623,09:42:00,213.5,12.9,2754,218.0,11.8,2572,25075,15998,58.2,806.0
Station_01,Inv_00,20170623,09:43:00,218.0,12.9,2812,218.0,12.2,2660,25075,15998,56.2,822.0
Station_01,Inv_00,20170623,09:44:00,219.0,12.9,2825,218.0,12.2,2660,25075,15998,57.9,819.0
Station_01,Inv_00,20170623,09:45:00,216.0,13.2,2851,218.0,12.4,2703,25075,15998,58.2,832.0
Station_01,Inv_00,20170623,09:46:00,220.0,12.8,2816,218.0,12.1,2638,25075,15998,58.5,820.0
Station_01,Inv_00,20170623,09:47:00,219.0,13.3,2913,218.0,12.5,2725,25075,15998,58.7,844.0
Station_01,Inv_00,20170623,09:48:00,218.0,13.1,2856,218.0,12.3,2681,25075,15998,57.0,837.0
Station_01,Inv_00,20170623,09:49:00,212.5,13.5,2869,219.0,12.3,2694,25075,15998,59.3,837.0
Station_01,Inv_00,20170623,09:50:00,219.0,13.1,2869,219.0,12.4,2716,25075,15998,60.0,854.0
Station_01,Inv_00,20170623,09:51:00,218.0,13.3,2899,218.0,12.4,2703,25076,15998,58.9,848.0
Station_01,Inv_00,20170623,09:52:00,217.0,13.3,2886,218.0,12.4,2703,25076,15998,60.3,853.0
Station_01,Inv_00,20170623,09:53:00,219.5,13.0,2853,218.0,12.4,2703,25076,15998,60.5,850.0
Station_01,Inv_00,20170623,09:54:00,217.0,13.0,2821,219.0,12.1,2650,25076,15998,60.4,836.0
Station_01,Inv_00,20170623,09:55:00,215.0,13.5,2902,219.0,12.4,2716,25076,15998,61.0,852.0
Station_01,Inv_00,20170623,09:56:00,216.5,13.3,2879,218.0,12.4,2703,25076,15998,59.9,851.0
Station_01,Inv_00,20170623,09:57:00,216.0,13.3,2873,219.0,12.4,2716,25076,15998,60.5,848.0
Station_01,Inv_00,20170623,09:58:00,214.5,13.3,2853,218.0,12.3,2681,25076,15998,60.8,846.0
Station_01,Inv_00,20170623,09:59:00,214.5,13.3,2853,217.0,12.4,2691,25076,15998,61.4,850.0
Station_01,Inv_00,20170623,10:00:00,213.5,13.6,2903,217.0,12.5,2713,25076,15998,60.2,860.0
Station_01,Inv_00,20170623,10:01:00,215.5,13.6,2931,218.0,12.6,2747,25076,15998,59.0,867.0
Station_01,Inv_00,20170623,10:02:00,212.3,10.5,2229,218.0,11.3,2463,25076,15998,59.5,834.0
Station_01,Inv_00,20170623,10:03:00,210.0,3.1,651,217.0,2.9,629,25076,15998,56.4,217.0
Station_01,Inv_00,20170623,10:04:00,217.0,14.5,3146,218.0,13.5,2943,25076,15998,58.9,888.0
Station_01,Inv_00,20170623,10:05:00,206.5,14.7,3035,218.0,13.2,2878,25076,15998,59.2,885.0
Station_01,Inv_00,20170623,10:06:00,0.0,0.0,0,221.0,0.1,22,25076,15998,56.7,713.0
Station_01,Inv_00,20170623,10:07:00,0.0,0.0,0,220.0,0.1,22,25076,15998,58.4,912.0
Station_01,Inv_00,20170623,10:08:00,0.0,0.0,0,220.0,0.1,22,25076,15998,59.8,908.0
Station_01,Inv_00,20170623,10:09:00,0.0,0.0,0,0.0,0.0,0,25076,15998,60.2,895.0
Station_01,Inv_00,20170623,10:10:00,0.0,0.0,0,0.0,0.0,0,25076,15998,60.8,904.0
Station_01,Inv_00,20170623,10:11:00,248.0,9.8,2430,218.0,10.7,2333,25076,15998,62.4,914.0
Station_01,Inv_00,20170623,10:12:00,213.0,14.3,3046,218.0,13.0,2834,25076,15998,62.6,917.0
Station_01,Inv_00,20170623,10:13:00,211.0,14.4,3038,218.0,13.0,2834,25076,15998,61.5,914.0
Station_01,Inv_00,20170623,10:14:00,212.5,14.6,3102,218.0,13.3,2899,25076,15998,63.1,923.0
Station_01,Inv_00,20170623,10:15:00,197.9,15.4,3048,218.0,13.2,2878,25076,15998,59.6,504.0
Station_01,Inv_00,20170623,10:16:00,206.0,3.0,618,216.0,2.9,626,25076,15998,58.7,394.0
Station_01,Inv_00,20170623,10:17:00,209.0,14.8,3093,217.0,13.3,2886,25076,15998,61.1,904.0
Station_01,Inv_00,20170623,10:18:00,212.0,14.7,3116,217.0,13.4,2908,25076,15998,60.0,914.0
Station_01,Inv_00,20170623,10:19:00,213.5,14.5,3096,217.0,13.4,2908,25077,15999,59.9,918.0
Station_01,Inv_00,20170623,10:20:00,215.5,14.7,3168,217.0,13.6,2951,25077,15999,58.6,925.0
Station_01,Inv_00,20170623,10:21:00,206.5,15.7,3242,217.0,13.9,3016,25077,15999,61.0,954.0
Station_01,Inv_00,20170623,10:22:00,171.5,5.0,858,216.0,4.7,1015,25077,15999,61.4,819.0
Station_01,Inv_00,20170623,10:23:00,203.8,3.8,775,216.0,3.5,756,25077,15999,57.9,270.0
Station_01,Inv_00,20170623,10:24:00,220.5,14.7,3241,218.0,13.9,3030,25077,15999,57.8,887.0
Station_01,Inv_00,20170623,10:25:00,220.0,13.3,2926,218.0,12.1,2638,25077,15999,57.2,621.0
Station_01,Inv_00,20170623,10:26:00,219.5,13.9,3051,218.0,13.2,2878,25077,15999,56.5,889.0
Station_01,Inv_00,20170623,10:27:00,216.0,13.9,3002,218.0,12.9,2812,25077,15999,57.1,881.0
Station_01,Inv_00,20170623,10:28:00,217.0,14.3,3103,218.0,13.3,2899,25077,15999,58.8,900.0
Station_01,Inv_00,20170623,10:29:00,217.0,14.3,3103,218.0,13.4,2921,25077,15999,58.7,910.0
Station_01,Inv_00,20170623,10:30:00,218.0,14.4,3139,218.0,13.5,2943,25077,15999,59.3,923.0
Station_01,Inv_00,20170623,10:31:00,215.5,14.9,3211,217.0,13.8,2995,25077,15999,59.4,943.0
Station_01,Inv_00,20170623,10:32:00,214.5,15.0,3218,217.0,13.9,3016,25077,15999,60.2,958.0
Station_01,Inv_00,20170623,10:33:00,214.0,14.8,3167,218.0,13.6,2965,25077,15999,60.4,948.0
Station_01,Inv_00,20170623,10:34:00,208.0,15.1,3141,217.0,13.5,2930,25077,15999,62.5,936.0
Station_01,Inv_00,20170623,10:35:00,214.0,14.7,3145,217.0,13.5,2930,25077,15999,64.2,938.0
Station_01,Inv_00,20170623,10:36:00,208.5,14.9,3107,217.0,13.4,2908,25077,15999,64.1,937.0
Station_01,Inv_00,20170623,10:37:00,212.0,3.2,678,216.0,3.1,670,25077,15999,60.7,259.0
Station_01,Inv_00,20170623,10:38:00,221.5,4.2,930,216.0,3.9,842,25077,15999,57.5,265.0
Station_01,Inv_00,20170623,10:39:00,203.5,16.3,3317,218.0,14.3,3117,25077,15999,58.5,968.0
Station_01,Inv_00,20170623,10:40:00,219.0,15.2,3329,217.0,14.3,3103,25077,15999,59.3,976.0
Station_01,Inv_00,20170623,10:41:00,213.0,15.8,3365,217.0,14.4,3125,25078,16000,61.7,993.0
Station_01,Inv_00,20170623,10:42:00,219.4,5.2,1141,216.0,4.8,1037,25078,16000,61.3,568.0
Station_01,Inv_00,20170623,10:43:00,208.3,15.7,3270,217.0,14.3,3103,25078,16000,59.3,678.0
Station_01,Inv_00,20170623,10:44:00,217.5,4.4,957,217.0,4.1,890,25078,16000,55.4,319.0
Station_01,Inv_00,20170623,10:45:00,222.5,4.1,912,216.0,4.0,864,25078,16000,52.5,278.0
Station_01,Inv_00,20170623,10:46:00,229.0,4.2,962,216.0,4.1,886,25078,16000,51.8,271.0
Station_01,Inv_00,20170623,10:47:00,215.0,13.6,2924,217.0,13.3,2886,25078,16000,55.1,977.0
Station_01,Inv_00,20170623,10:48:00,214.0,13.7,2931,217.0,10.6,2300,25078,16000,55.2,689.0
Station_01,Inv_00,20170623,10:49:00,224.5,3.8,853,215.0,3.8,817,25078,16000,52.7,282.0
Station_01,Inv_00,20170623,10:50:00,225.5,4.1,924,216.0,4.0,864,25078,16000,50.4,270.0
Station_01,Inv_00,20170623,10:51:00,229.5,4.2,964,216.0,4.1,886,25078,16000,49.2,281.0
Station_01,Inv_00,20170623,10:52:00,231.5,15.4,3565,218.0,15.3,3335,25078,16000,50.3,977.0
Station_01,Inv_00,20170623,10:53:00,222.9,15.7,3500,218.0,15.0,3270,25078,16000,53.1,1015.0
Station_01,Inv_00,20170623,10:54:00,219.5,16.1,3534,217.0,15.2,3298,25078,16000,55.9,1019.0
Station_01,Inv_00,20170623,10:55:00,212.0,17.3,3668,218.0,15.8,3444,25078,16000,58.0,1052.0
Station_01,Inv_00,20170623,10:56:00,222.5,6.0,1335,216.0,5.6,1210,25078,16000,54.4,428.0
Station_01,Inv_00,20170623,10:57:00,205.5,9.7,1994,216.0,8.2,1771,25078,16000,55.9,937.0
Station_01,Inv_00,20170623,10:58:00,219.0,16.3,3569,218.0,15.4,3357,25078,16000,56.4,1022.0
Station_01,Inv_00,20170623,10:59:00,216.0,16.4,3542,218.0,15.3,3335,25078,16000,58.5,1055.0
Station_01,Inv_00,20170623,11:00:00,215.0,16.5,3547,217.0,15.3,3320,25078,16000,59.8,1057.0
Station_01,Inv_00,20170623,11:01:00,212.5,16.4,3485,217.0,14.9,3233,25078,16000,61.3,1048.0
Station_01,Inv_00,20170623,11:02:00,212.0,16.2,3434,217.0,14.8,3212,25078,16000,61.7,1040.0
Station_01,Inv_00,20170623,11:03:00,211.0,16.2,3418,217.0,14.8,3212,25078,16000,62.2,1043.0
Station_01,Inv_00,20170623,11:04:00,208.5,16.4,3419,216.0,14.8,3197,25079,16000,62.6,1038.0
Station_01,Inv_00,20170623,11:05:00,207.0,16.8,3477,217.0,14.9,3233,25079,16000,65.2,1057.0
Station_01,Inv_00,20170623,11:06:00,203.5,7.4,1506,216.0,6.9,1490,25079,16000,64.4,594.0
Station_01,Inv_00,20170623,11:07:00,213.0,10.2,2172,216.0,9.0,1944,25079,16000,63.3,433.0
Station_01,Inv_00,20170623,11:08:00,214.5,4.8,1030,216.0,4.4,950,25079,16000,59.5,327.0
Station_01,Inv_00,20170623,11:09:00,219.5,4.4,966,216.0,4.1,886,25079,16000,57.9,292.0
Station_01,Inv_00,20170623,11:10:00,216.5,4.9,1061,216.0,4.4,950,25079,16000,55.3,305.0
Station_01,Inv_00,20170623,11:11:00,207.0,8.2,1697,216.0,7.0,1512,25079,16000,53.9,375.0
Station_01,Inv_00,20170623,11:12:00,214.9,16.8,3610,217.0,15.5,3364,25079,16000,57.8,1022.0
Station_01,Inv_00,20170623,11:13:00,220.0,4.2,924,216.0,3.9,842,25079,16000,55.5,297.0
Station_01,Inv_00,20170623,11:14:00,222.5,4.0,890,216.0,3.9,842,25079,16000,53.1,272.0
Station_01,Inv_00,20170623,11:15:00,226.9,4.1,930,216.0,4.0,864,25079,16000,50.6,273.0
Station_01,Inv_00,20170623,11:16:00,223.8,8.6,1925,216.0,7.3,1577,25079,16000,50.0,414.0
Station_01,Inv_00,20170623,11:17:00,222.0,16.1,3574,217.0,15.5,3364,25079,16000,54.3,1017.0
Station_01,Inv_00,20170623,11:18:00,212.0,17.0,3604,217.0,15.5,3364,25079,16000,56.5,1038.0
Station_01,Inv_00,20170623,11:19:00,214.5,17.0,3647,217.0,15.6,3385,25079,16000,57.2,1055.0
Station_01,Inv_00,20170623,11:20:00,212.5,17.2,3655,217.0,15.7,3407,25079,16000,58.7,1077.0
Station_01,Inv_00,20170623,11:21:00,211.5,17.2,3638,217.0,15.6,3385,25079,16000,59.4,1079.0
Station_01,Inv_00,20170623,11:22:00,203.9,4.4,897,216.0,4.0,864,25079,16000,56.6,342.0
Station_01,Inv_00,20170623,11:23:00,214.5,4.8,1030,216.0,4.5,972,25079,16000,54.5,311.0
Station_01,Inv_00,20170623,11:24:00,203.5,8.1,1648,216.0,7.0,1512,25079,16000,54.0,480.0
Station_01,Inv_00,20170623,11:25:00,221.9,5.1,1132,216.0,4.8,1037,25079,16000,52.8,352.0
Station_01,Inv_00,20170623,11:26:00,224.0,16.6,3718,218.0,16.0,3488,25079,16000,52.6,740.0
Station_01,Inv_00,20170623,11:27:00,214.0,17.9,3831,217.0,16.4,3559,25079,16000,57.4,1109.0
Station_01,Inv_00,20170623,11:28:00,211.5,17.1,3617,218.0,15.6,3401,25079,16000,59.2,1064.0
Station_01,Inv_00,20170623,11:29:00,213.5,17.1,3650,218.0,15.7,3423,25079,16000,59.1,1063.0
Station_01,Inv_00,20170623,11:30:00,203.4,6.0,1220,217.0,5.1,1107,25080,16001,61.2,755.0
Station_01,Inv_00,20170623,11:31:00,220.4,5.2,1146,216.0,5.0,1080,25080,16001,58.0,352.0
Station_01,Inv_00,20170623,11:32:00,214.2,14.5,3106,217.0,13.6,2951,25080,16001,57.1,686.0
Station_01,Inv_00,20170623,11:33:00,214.5,17.5,3754,218.0,16.0,3488,25080,16001,59.7,1087.0
Station_01,Inv_00,20170623,11:34:00,210.0,17.6,3696,218.0,15.9,3466,25080,16001,62.2,1110.0
Station_01,Inv_00,20170623,11:35:00,207.5,6.5,1349,216.0,5.7,1231,25080,16001,61.4,635.0
Station_01,Inv_00,20170623,11:36:00,217.5,4.6,1000,216.0,4.3,929,25080,16001,59.1,315.0
Station_01,Inv_00,20170623,11:37:00,222.0,4.7,1043,216.0,4.5,972,25080,16001,56.8,305.0
Station_01,Inv_00,20170623,11:38:00,224.0,5.0,1120,216.0,4.7,1015,25080,16001,52.9,324.0
Station_01,Inv_00,20170623,11:39:00,213.9,5.8,1241,216.0,5.3,1145,25080,16001,52.2,404.0
Station_01,Inv_00,20170623,11:40:00,229.0,5.1,1168,216.0,5.0,1080,25080,16001,50.1,340.0
Station_01,Inv_00,20170623,11:41:00,230.5,8.2,1890,216.0,8.0,1728,25080,16001,49.8,448.0
Station_01,Inv_00,20170623,11:42:00,218.0,17.6,3836,217.0,16.5,3581,25080,16001,53.4,1081.0
Station_01,Inv_00,20170623,11:43:00,216.5,16.0,3464,217.0,14.9,3233,25080,16001,57.1,1047.0
Station_01,Inv_00,20170623,11:44:00,211.4,17.4,3678,218.0,15.9,3466,25080,16001,58.9,1084.0
Station_01,Inv_00,20170623,11:45:00,212.0,16.9,3583,218.0,15.3,3335,25080,16001,59.6,1027.0
Station_01,Inv_00,20170623,11:46:00,192.5,6.4,1232,216.0,5.3,1145,25080,16001,58.9,640.0
Station_01,Inv_00,20170623,11:47:00,204.0,6.4,1306,217.0,5.5,1194,25080,16001,56.3,496.0
Station_01,Inv_00,20170623,11:48:00,218.5,5.3,1158,217.0,5.1,1107,25080,16001,54.2,352.0
Station_01,Inv_00,20170623,11:49:00,225.0,5.6,1260,217.0,5.4,1172,25080,16001,52.8,361.0
Station_01,Inv_00,20170623,11:50:00,222.9,17.1,3812,218.0,16.4,3575,25080,16001,52.1,846.0
Station_01,Inv_00,20170623,11:51:00,218.5,16.7,3649,218.0,15.7,3423,25080,16001,56.2,1059.0
Station_01,Inv_00,20170623,11:52:00,226.4,4.8,1087,217.0,4.6,998,25080,16001,51.9,335.0
Station_01,Inv_00,20170623,11:53:00,226.0,4.9,1107,217.0,4.8,1042,25080,16001,51.5,325.0
Station_01,Inv_00,20170623,11:54:00,228.9,5.0,1145,217.0,4.9,1063,25080,16001,50.4,336.0
Station_01,Inv_00,20170623,11:55:00,223.5,5.5,1229,217.0,5.3,1150,25080,16001,50.0,356.0
Station_01,Inv_00,20170623,11:56:00,225.9,6.0,1356,218.0,5.9,1286,25080,16001,48.9,382.0
Station_01,Inv_00,20170623,11:57:00,229.4,5.4,1239,218.0,5.2,1134,25080,16001,48.3,371.0
Station_01,Inv_00,20170623,11:58:00,234.0,5.0,1170,218.0,4.9,1068,25080,16001,48.2,329.0
Station_01,Inv_00,20170623,11:59:00,225.0,5.0,1125,218.0,4.8,1046,25080,16001,46.8,332.0
Station_01,Inv_00,20170623,12:00:00,232.0,5.4,1253,219.0,5.2,1139,25080,16001,46.1,342.0
Station_01,Inv_00,20170623,12:01:00,227.0,16.1,3654,220.0,15.1,3322,25081,16002,49.3,785.0
Station_01,Inv_00,20170623,12:02:00,222.0,9.3,2065,220.0,9.8,2156,25081,16002,50.9,765.0
Station_01,Inv_00,20170623,12:03:00,228.0,14.2,3237,217.0,13.0,2821,25081,16002,51.4,914.0
Station_01,Inv_00,20170623,12:04:00,225.0,6.5,1463,216.0,6.4,1382,25081,16002,50.0,417.0
Station_01,Inv_00,20170623,12:05:00,222.5,16.5,3671,218.0,15.8,3444,25081,16002,52.7,1016.0
Station_01,Inv_00,20170623,12:06:00,219.0,16.2,3548,218.0,15.2,3314,25081,16002,55.4,941.0
Station_01,Inv_00,20170623,12:07:00,220.0,15.4,3388,218.0,14.5,3161,25081,16002,55.4,1019.0
Station_01,Inv_00,20170623,12:08:00,218.0,16.4,3575,217.0,15.3,3320,25081,16002,58.8,1007.0
Station_01,Inv_00,20170623,12:09:00,217.9,16.2,3530,218.0,15.2,3314,25081,16002,60.0,1060.0
Station_01,Inv_00,20170623,12:10:00,213.5,16.4,3501,218.0,15.0,3270,25081,16002,61.1,1042.0
Station_01,Inv_00,20170623,12:11:00,211.5,16.0,3384,218.0,14.6,3183,25081,16002,59.9,1012.0
Station_01,Inv_00,20170623,12:12:00,205.5,14.2,2918,218.0,12.8,2790,25081,16002,59.8,1028.0
Station_01,Inv_00,20170623,12:13:00,220.6,4.5,993,216.0,4.4,950,25081,16002,57.3,363.0
Station_01,Inv_00,20170623,12:14:00,223.5,4.2,939,216.0,4.1,886,25081,16002,54.9,285.0
Station_01,Inv_00,20170623,12:15:00,219.0,4.5,986,216.0,4.1,886,25081,16002,52.6,287.0
Station_01,Inv_00,20170623,12:16:00,224.4,4.6,1032,216.0,4.4,950,25081,16002,51.1,295.0
Station_01,Inv_00,20170623,12:17:00,229.0,11.2,2565,217.0,9.4,2040,25081,16002,49.4,392.0
Station_01,Inv_00,20170623,12:18:00,227.0,5.8,1317,216.0,5.6,1210,25081,16002,51.6,519.0
Station_01,Inv_00,20170623,12:19:00,219.0,5.9,1292,216.0,5.7,1231,25081,16002,51.3,397.0
Station_01,Inv_00,20170623,12:20:00,228.5,6.1,1394,217.0,5.9,1280,25081,16002,50.2,387.0
Station_01,Inv_00,20170623,12:21:00,232.0,5.5,1276,217.0,5.6,1215,25081,16002,49.5,431.0
Station_01,Inv_00,20170623,12:22:00,229.4,5.1,1170,217.0,4.9,1063,25081,16002,48.0,339.0
Station_01,Inv_00,20170623,12:23:00,226.9,5.6,1271,216.0,5.6,1210,25081,16002,47.5,369.0
Station_01,Inv_00,20170623,12:24:00,225.5,16.9,3811,218.0,16.3,3553,25081,16002,48.1,654.0
Station_01,Inv_00,20170623,12:25:00,222.3,17.1,3801,218.0,16.2,3532,25081,16002,51.5,1053.0
Station_01,Inv_00,20170623,12:26:00,224.0,5.3,1187,217.0,5.1,1107,25081,16002,49.6,414.0
Station_01,Inv_00,20170623,12:27:00,221.5,16.2,3588,218.0,15.4,3357,25081,16002,52.2,971.0
Station_01,Inv_00,20170623,12:28:00,223.5,15.1,3374,218.0,14.5,3161,25082,16002,53.4,985.0
Station_01,Inv_00,20170623,12:29:00,218.0,15.4,3357,217.0,14.4,3125,25082,16002,55.8,974.0
Station_01,Inv_00,20170623,12:30:00,215.5,15.4,3319,218.0,14.3,3117,25082,16002,57.1,968.0
Station_01,Inv_00,20170623,12:31:00,210.0,15.6,3276,217.0,14.1,3060,25082,16002,59.3,966.0
Station_01,Inv_00,20170623,12:32:00,210.5,15.4,3241,218.0,13.9,3030,25082,16002,58.4,968.0
Station_01,Inv_00,20170623,12:33:00,214.0,15.3,3274,218.0,14.1,3074,25082,16002,59.9,966.0
Station_01,Inv_00,20170623,12:34:00,209.0,15.9,3323,217.0,14.3,3103,25082,16002,60.5,984.0
Station_01,Inv_00,20170623,12:35:00,208.5,16.0,3336,217.0,14.2,3081,25082,16002,61.8,983.0
Station_01,Inv_00,20170623,12:36:00,210.0,15.9,3339,217.0,14.2,3081,25082,16002,61.5,1008.0
Station_01,Inv_00,20170623,12:37:00,211.8,4.8,1016,216.0,4.4,950,25082,16002,58.4,350.0
Station_01,Inv_00,20170623,12:38:00,216.8,15.3,3317,217.0,14.2,3081,25082,16002,60.5,899.0
Station_01,Inv_00,20170623,12:39:00,209.7,15.7,3293,217.0,14.2,3081,25082,16002,59.9,770.0
Station_01,Inv_00,20170623,12:40:00,213.0,15.3,3259,218.0,14.1,3074,25082,16002,59.0,974.0
Station_01,Inv_00,20170623,12:41:00,213.5,15.6,3330,217.0,14.4,3125,25082,16002,62.6,984.0
Station_01,Inv_00,20170623,12:42:00,213.5,15.2,3245,218.0,14.0,3052,25082,16002,63.6,966.0
Station_01,Inv_00,20170623,12:43:00,213.5,15.0,3202,217.0,13.9,3016,25082,16002,62.8,959.0
Station_01,Inv_00,20170623,12:44:00,212.5,15.2,3230,217.0,13.9,3016,25082,16002,62.0,960.0
Station_01,Inv_00,20170623,12:45:00,211.0,15.4,3249,218.0,13.9,3030,25082,16002,62.2,967.0
Station_01,Inv_00,20170623,12:46:00,212.0,15.4,3264,217.0,14.0,3038,25082,16002,62.1,962.0
Station_01,Inv_00,20170623,12:47:00,210.4,4.6,968,216.0,4.2,907,25083,16003,60.9,543.0
Station_01,Inv_00,20170623,12:48:00,221.0,4.8,1061,215.0,4.6,989,25083,16003,58.1,334.0
Station_01,Inv_00,20170623,12:49:00,223.5,14.2,3173,217.0,13.8,2995,25083,16003,59.2,834.0
Station_01,Inv_00,20170623,12:50:00,224.0,15.1,3382,217.0,14.6,3168,25083,16003,59.2,846.0
Station_01,Inv_00,20170623,12:51:00,219.0,15.8,3460,217.0,14.9,3233,25083,16003,60.1,1011.0
Station_01,Inv_00,20170623,12:52:00,211.0,16.3,3439,217.0,14.8,3212,25083,16003,59.9,1004.0
Station_01,Inv_00,20170623,12:53:00,214.0,15.5,3317,217.0,14.3,3103,25083,16003,62.6,981.0
Station_01,Inv_00,20170623,12:54:00,206.5,15.9,3283,217.0,14.1,3060,25083,16003,62.2,981.0
Station_01,Inv_00,20170623,12:55:00,214.0,15.5,3316,217.0,14.4,3125,25083,16003,63.1,993.0
Station_01,Inv_00,20170623,12:56:00,211.5,15.6,3299,217.0,14.2,3081,25083,16003,64.4,974.0
Station_01,Inv_00,20170623,12:57:00,214.9,14.0,3009,217.0,10.7,2322,25083,16003,65.1,740.0
Station_01,Inv_00,20170623,12:58:00,201.8,8.9,1796,217.0,7.4,1606,25083,16003,63.3,785.0
Station_01,Inv_00,20170623,12:59:00,207.0,15.3,3167,217.0,13.6,2951,25083,16003,62.2,906.0
Station_01,Inv_00,20170623,13:00:00,209.9,15.7,3296,217.0,14.3,3103,25083,16003,63.8,989.0
Station_01,Inv_00,20170623,13:01:00,211.0,15.5,3271,217.0,14.1,3060,25083,16003,64.0,967.0
Station_01,Inv_00,20170623,13:02:00,212.5,15.4,3272,217.0,14.1,3060,25083,16003,64.7,968.0
Station_01,Inv_00,20170623,13:03:00,196.5,16.1,3164,217.0,13.6,2951,25083,16003,64.2,964.0
Station_01,Inv_00,20170623,13:04:00,196.0,16.1,3155,214.0,13.7,2932,25083,16003,65.0,958.0
Station_01,Inv_00,20170623,13:05:00,213.9,15.3,3273,214.0,14.3,3060,25083,16003,66.7,966.0
Station_01,Inv_00,20170623,13:06:00,204.5,16.2,3313,214.0,14.4,3082,25083,16003,66.1,1000.0
Station_01,Inv_00,20170623,13:07:00,208.5,15.8,3294,214.0,14.4,3082,25084,16004,65.9,988.0
Station_01,Inv_00,20170623,13:08:00,207.5,15.9,3299,213.0,14.4,3067,25084,16004,66.6,992.0
Station_01,Inv_00,20170623,13:09:00,206.5,15.8,3262,214.0,14.3,3060,25084,16004,67.5,989.0
Station_01,Inv_00,20170623,13:10:00,209.0,15.5,3239,212.0,14.3,3032,25084,16004,64.9,974.0
Station_01,Inv_00,20170623,13:11:00,208.5,15.3,3189,211.0,14.2,2996,25084,16004,64.6,963.0
Station_01,Inv_00,20170623,13:12:00,208.5,15.6,3253,212.0,14.3,3032,25084,16004,65.3,975.0
Station_01,Inv_00,20170623,13:13:00,205.4,15.7,3224,212.0,14.2,3010,25084,16004,66.1,967.0
Station_01,Inv_00,20170623,13:14:00,207.5,15.6,3237,211.0,14.3,3017,25084,16004,65.6,961.0
Station_01,Inv_00,20170623,13:15:00,199.0,15.6,3104,211.0,13.8,2912,25084,16004,65.6,938.0
Station_01,Inv_00,20170623,13:16:00,209.0,15.7,3281,212.0,14.5,3074,25084,16004,65.4,969.0
Station_01,Inv_00,20170623,13:17:00,207.5,6.1,1266,211.0,5.6,1182,25084,16004,60.7,418.0
Station_01,Inv_00,20170623,13:18:00,209.5,15.7,3289,212.0,14.5,3074,25084,16004,61.7,914.0
Station_01,Inv_00,20170623,13:19:00,203.5,10.9,2218,211.0,10.6,2237,25084,16004,60.3,891.0
Station_01,Inv_00,20170623,13:20:00,222.5,6.6,1469,211.0,6.5,1372,25084,16004,56.4,459.0
Station_01,Inv_00,20170623,13:21:00,226.9,12.2,2768,212.0,12.3,2608,25084,16004,56.2,785.0
Station_01,Inv_00,20170623,13:22:00,226.4,14.8,3351,212.0,14.9,3159,25084,16004,56.8,902.0
Station_01,Inv_00,20170623,13:23:00,225.5,10.0,2255,211.0,9.1,1920,25084,16004,56.0,591.0
Station_01,Inv_00,20170623,13:24:00,218.9,14.9,3262,212.0,14.4,3053,25084,16004,56.9,936.0
Station_01,Inv_00,20170623,13:25:00,221.5,14.5,3212,212.0,14.3,3032,25084,16004,57.3,931.0
Station_01,Inv_00,20170623,13:26:00,211.5,14.6,3087,212.0,13.7,2904,25084,16004,57.7,894.0
Station_01,Inv_00,20170623,13:27:00,211.0,14.8,3123,212.0,13.9,2947,25084,16004,57.6,904.0
Station_01,Inv_00,20170623,13:28:00,218.5,14.3,3124,212.0,13.9,2947,25085,16004,58.0,906.0
Station_01,Inv_00,20170623,13:29:00,213.5,15.0,3202,212.0,14.1,2989,25085,16004,59.4,898.0
Station_01,Inv_00,20170623,13:30:00,214.0,13.8,2953,212.0,13.2,2798,25085,16004,59.8,904.0
Station_01,Inv_00,20170623,13:31:00,217.5,14.8,3219,212.0,14.2,3010,25085,16004,58.6,923.0
Station_01,Inv_00,20170623,13:32:00,213.0,4.9,1044,210.0,4.6,966,25085,16004,55.0,335.0
Station_01,Inv_00,20170623,13:33:00,205.4,6.2,1273,210.0,5.6,1176,25085,16004,53.4,446.0
Station_01,Inv_00,20170623,13:34:00,230.5,5.9,1360,210.0,5.9,1239,25085,16004,52.0,367.0
Station_01,Inv_00,20170623,13:35:00,232.5,8.8,2046,211.0,8.6,1815,25085,16004,50.9,483.0
Station_01,Inv_00,20170623,13:36:00,223.0,14.0,3121,212.0,13.8,2926,25085,16004,53.0,876.0
Station_01,Inv_00,20170623,13:37:00,224.0,13.8,3091,212.0,13.7,2904,25085,16004,53.6,868.0
Station_01,Inv_00,20170623,13:38:00,224.0,13.5,3023,212.0,13.3,2820,25085,16004,54.4,855.0
Station_01,Inv_00,20170623,13:39:00,217.5,6.1,1327,210.0,6.1,1281,25085,16004,54.7,603.0
Station_01,Inv_00,20170623,13:40:00,225.4,8.1,1826,210.0,7.2,1512,25085,16004,52.7,458.0
Station_01,Inv_00,20170623,13:41:00,222.5,14.4,3204,212.0,14.0,2968,25085,16004,55.9,887.0
Station_01,Inv_00,20170623,13:42:00,220.5,14.3,3153,212.0,13.9,2947,25085,16004,56.1,897.0
Station_01,Inv_00,20170623,13:43:00,225.5,12.3,2774,212.0,12.4,2629,25085,16004,55.4,823.0
Station_01,Inv_00,20170623,13:44:00,227.5,3.6,819,210.0,3.7,777,25085,16004,53.1,267.0
Station_01,Inv_00,20170623,13:45:00,220.0,4.4,968,210.0,4.2,882,25085,16004,51.4,260.0
Station_01,Inv_00,20170623,13:46:00,215.5,15.0,3233,211.0,14.3,3017,25085,16004,54.0,872.0
Station_01,Inv_00,20170623,13:47:00,210.0,12.1,2541,211.0,10.6,2237,25085,16004,53.4,844.0
Station_01,Inv_00,20170623,13:48:00,212.0,5.0,1060,210.0,4.6,966,25085,16004,52.4,456.0
Station_01,Inv_00,20170623,13:49:00,217.5,13.1,2849,212.0,12.7,2692,25085,16004,53.8,786.0
Station_01,Inv_00,20170623,13:50:00,219.5,13.0,2853,212.0,12.5,2650,25085,16004,53.8,793.0
Station_01,Inv_00,20170623,13:51:00,219.5,13.7,3007,212.0,13.4,2841,25085,16004,55.3,849.0
Station_01,Inv_00,20170623,13:52:00,222.5,4.6,1023,211.0,4.5,950,25085,16004,54.0,355.0
Station_01,Inv_00,20170623,13:53:00,215.4,4.6,991,210.0,4.3,903,25085,16004,50.7,303.0
Station_01,Inv_00,20170623,13:54:00,223.2,11.0,2456,211.0,10.9,2300,25085,16004,49.7,421.0
Station_01,Inv_00,20170623,13:55:00,227.0,13.2,2996,211.0,13.4,2827,25086,16005,52.5,843.0
Station_01,Inv_00,20170623,13:56:00,225.0,13.6,3060,211.0,13.6,2870,25086,16005,52.1,845.0
Station_01,Inv_00,20170623,13:57:00,227.4,13.3,3025,211.0,13.4,2827,25086,16005,53.8,837.0
Station_01,Inv_00,20170623,13:58:00,215.5,13.5,2909,211.0,12.9,2722,25086,16005,54.1,831.0
Station_01,Inv_00,20170623,13:59:00,215.5,13.7,2952,212.0,13.0,2756,25086,16005,55.3,845.0
Station_01,Inv_00,20170623,14:00:00,214.0,13.7,2932,211.0,13.1,2764,25086,16005,54.0,849.0
Station_01,Inv_00,20170623,14:01:00,214.5,13.8,2960,211.0,13.2,2785,25086,16005,54.9,850.0
Station_01,Inv_00,20170623,14:02:00,220.0,13.9,3058,211.0,13.5,2849,25086,16005,55.6,793.0
Station_01,Inv_00,20170623,14:03:00,221.5,13.3,2946,211.0,13.2,2785,25086,16005,55.0,843.0
Station_01,Inv_00,20170623,14:04:00,208.0,13.7,2850,211.0,12.8,2701,25086,16005,55.2,832.0
Station_01,Inv_00,20170623,14:05:00,208.0,13.3,2766,211.0,12.3,2595,25086,16005,56.2,816.0
Station_01,Inv_00,20170623,14:06:00,197.5,11.3,2232,211.0,10.2,2152,25086,16005,55.7,646.0
Station_01,Inv_00,20170623,14:07:00,218.4,13.0,2840,211.0,12.8,2701,25086,16005,55.3,814.0
Station_01,Inv_00,20170623,14:08:00,211.0,13.1,2764,212.0,12.2,2586,25086,16005,55.3,797.0
Station_01,Inv_00,20170623,14:09:00,212.0,12.9,2735,212.0,12.2,2586,25086,16005,53.1,792.0
Station_01,Inv_00,20170623,14:10:00,215.0,12.9,2773,211.0,12.3,2595,25086,16005,54.2,791.0
Station_01,Inv_00,20170623,14:11:00,215.0,13.1,2817,212.0,12.4,2629,25086,16005,54.5,804.0
Station_01,Inv_00,20170623,14:12:00,215.0,12.9,2774,212.0,12.4,2629,25086,16005,54.7,795.0
Station_01,Inv_00,20170623,14:13:00,204.5,8.4,1718,211.0,7.9,1667,25086,16005,52.7,709.0
Station_01,Inv_00,20170623,14:14:00,219.5,11.5,2524,212.0,11.6,2459,25086,16005,54.5,801.0
Station_01,Inv_00,20170623,14:15:00,221.1,5.3,1172,210.0,5.1,1071,25086,16005,50.7,438.0
Station_01,Inv_00,20170623,14:16:00,227.5,5.5,1251,210.0,5.5,1155,25086,16005,49.0,352.0
Station_01,Inv_00,20170623,14:17:00,222.0,11.3,2509,211.0,10.9,2300,25087,16006,49.8,663.0
Station_01,Inv_00,20170623,14:18:00,231.0,13.2,3049,211.0,13.5,2849,25087,16006,51.7,843.0
Station_01,Inv_00,20170623,14:19:00,227.0,12.8,2906,211.0,12.9,2722,25087,16006,53.1,818.0
Station_01,Inv_00,20170623,14:20:00,227.5,13.8,3139,212.0,13.9,2947,25087,16006,51.9,667.0
Station_01,Inv_00,20170623,14:21:00,226.0,14.1,3186,211.0,14.2,2996,25087,16006,53.0,888.0
Station_01,Inv_00,20170623,14:22:00,216.5,5.9,1277,210.0,5.7,1197,25087,16006,51.9,642.0
Station_01,Inv_00,20170623,14:23:00,231.0,5.9,1363,210.0,6.0,1260,25087,16006,50.6,415.0
Station_01,Inv_00,20170623,14:24:00,212.0,7.2,1526,210.0,7.2,1512,25087,16006,50.4,687.0
Station_01,Inv_00,20170623,14:25:00,234.0,6.9,1615,210.0,7.0,1470,25087,16006,49.1,480.0
Station_01,Inv_00,20170623,14:26:00,237.5,11.8,2802,211.0,12.5,2638,25087,16006,51.9,728.0
Station_01,Inv_00,20170623,14:27:00,210.5,9.2,1937,211.0,9.5,2005,25087,16006,52.9,811.0
Station_01,Inv_00,20170623,14:28:00,227.4,13.4,3047,211.0,13.5,2849,25087,16006,51.6,745.0
Station_01,Inv_00,20170623,14:29:00,220.5,13.4,2954,212.0,13.1,2777,25087,16006,52.4,835.0
Station_01,Inv_00,20170623,14:30:00,221.5,12.9,2857,212.0,12.7,2692,25087,16006,54.9,810.0
Station_01,Inv_00,20170623,14:31:00,223.0,12.9,2877,212.0,12.8,2714,25087,16006,54.7,803.0
Station_01,Inv_00,20170623,14:32:00,224.0,13.0,2912,211.0,12.9,2722,25087,16006,55.3,832.0
Station_01,Inv_00,20170623,14:33:00,215.0,13.3,2860,211.0,12.7,2680,25087,16006,55.3,778.0
Station_01,Inv_00,20170623,14:34:00,215.0,13.3,2860,211.0,12.7,2680,25087,16006,56.1,816.0
Station_01,Inv_00,20170623,14:35:00,217.0,13.2,2864,211.0,12.8,2701,25087,16006,57.2,812.0
Station_01,Inv_00,20170623,14:36:00,223.0,12.9,2877,211.0,12.9,2722,25087,16006,55.4,821.0
Station_01,Inv_00,20170623,14:37:00,222.5,12.9,2870,211.0,12.8,2701,25087,16006,55.3,819.0
Station_01,Inv_00,20170623,14:38:00,219.5,12.6,2765,211.0,12.3,2595,25087,16006,56.3,786.0
Station_01,Inv_00,20170623,14:39:00,216.0,13.0,2808,212.0,12.5,2650,25087,16006,55.8,794.0
Station_01,Inv_00,20170623,14:40:00,221.5,13.0,2879,212.0,12.8,2714,25088,16006,56.0,805.0
Station_01,Inv_00,20170623,14:41:00,222.0,12.8,2841,211.0,12.7,2680,25088,16006,55.7,801.0
Station_01,Inv_00,20170623,14:42:00,211.5,13.1,2771,211.0,12.4,2616,25088,16006,55.3,725.0
Station_01,Inv_00,20170623,14:43:00,223.0,12.0,2675,212.0,11.9,2523,25088,16006,54.2,759.0
Station_01,Inv_00,20170623,14:44:00,222.0,12.4,2753,212.0,12.2,2586,25088,16006,53.0,767.0
Station_01,Inv_00,20170623,14:45:00,225.5,12.4,2796,212.0,12.4,2629,25088,16006,53.6,772.0
Station_01,Inv_00,20170623,14:46:00,221.0,11.8,2608,211.0,11.4,2405,25088,16006,54.9,741.0
Station_01,Inv_00,20170623,14:47:00,224.0,12.3,2755,211.0,12.3,2595,25088,16006,55.3,771.0
Station_01,Inv_00,20170623,14:48:00,220.0,13.0,2860,211.0,12.7,2680,25088,16006,56.2,797.0
Station_01,Inv_00,20170623,14:49:00,222.0,12.7,2819,211.0,12.5,2638,25088,16006,56.9,788.0
Station_01,Inv_00,20170623,14:50:00,222.9,12.3,2742,211.0,12.2,2574,25088,16006,56.1,774.0
Station_01,Inv_00,20170623,14:51:00,215.5,11.5,2478,211.0,11.2,2363,25088,16006,55.7,735.0
Station_01,Inv_00,20170623,14:52:00,221.8,10.4,2307,211.0,10.3,2173,25088,16006,52.6,618.0
Station_01,Inv_00,20170623,14:53:00,226.3,7.9,1788,211.0,8.0,1688,25088,16006,51.9,458.0
Station_01,Inv_00,20170623,14:54:00,227.9,7.4,1687,211.0,7.5,1583,25088,16006,50.6,455.0
Station_01,Inv_00,20170623,14:55:00,230.0,7.3,1679,211.0,7.4,1561,25088,16006,49.7,434.0
Station_01,Inv_00,20170623,14:56:00,230.5,6.3,1452,211.0,6.4,1350,25088,16006,48.6,412.0
Station_01,Inv_00,20170623,14:57:00,231.5,4.2,972,210.0,4.4,924,25088,16006,47.2,289.0
Station_01,Inv_00,20170623,14:58:00,226.0,4.0,904,211.0,3.9,823,25088,16006,46.2,249.0
Station_01,Inv_00,20170623,14:59:00,231.8,3.4,788,210.0,3.6,756,25088,16006,45.5,223.0
Station_01,Inv_00,20170623,15:00:00,226.0,3.7,836,211.0,3.8,802,25088,16006,44.1,229.0
Station_01,Inv_00,20170623,15:01:00,222.5,2.7,601,211.0,2.7,570,25088,16006,43.3,184.0
Station_01,Inv_00,20170623,15:02:00,231.5,2.3,532,213.0,2.4,511,25088,16006,42.6,153.0
Station_01,Inv_00,20170623,15:03:00,226.5,2.2,498,212.0,2.2,466,25088,16006,42.1,141.0
Station_01,Inv_00,20170623,15:04:00,220.0,2.0,440,213.0,2.0,426,25088,16006,40.8,135.0
Station_01,Inv_00,20170623,15:05:00,231.1,1.9,439,213.0,2.0,426,25088,16006,40.0,130.0
Station_01,Inv_00,20170623,15:06:00,229.5,1.8,413,213.0,2.0,426,25088,16006,39.3,127.0
Station_01,Inv_00,20170623,15:07:00,215.3,2.0,431,213.0,1.9,405,25088,16006,38.4,125.0
Station_01,Inv_00,20170623,15:08:00,231.5,1.8,417,212.0,1.9,403,25088,16006,37.7,124.0
Station_01,Inv_00,20170623,15:09:00,231.4,1.8,417,215.0,1.9,409,25088,16006,37.5,120.0
Station_01,Inv_00,20170623,15:10:00,225.9,1.7,384,215.0,1.8,387,25088,16006,37.1,116.0
Station_01,Inv_00,20170623,15:11:00,233.9,1.6,374,215.0,1.7,366,25088,16006,36.8,113.0
Station_01,Inv_00,20170623,15:12:00,231.5,1.6,370,215.0,1.7,366,25088,16006,36.1,114.0
Station_01,Inv_00,20170623,15:13:00,227.5,1.6,364,217.0,1.7,369,25088,16006,36.0,112.0
Station_01,Inv_00,20170623,15:14:00,232.0,1.6,371,218.0,1.6,349,25088,16006,35.8,110.0
Station_01,Inv_00,20170623,15:15:00,229.5,1.6,367,217.0,1.6,347,25088,16006,35.7,110.0
Station_01,Inv_00,20170623,15:16:00,217.0,1.6,347,218.0,1.6,349,25088,16006,35.4,110.0
Station_01,Inv_00,20170623,15:17:00,150.0,1.6,240,218.0,1.2,262,25088,16006,35.3,114.0
Station_01,Inv_00,20170623,15:18:00,213.8,1.6,342,218.0,1.5,327,25088,16006,35.2,108.0
Station_01,Inv_00,20170623,15:19:00,236.9,1.5,355,218.0,1.6,349,25088,16006,35.2,109.0
Station_01,Inv_00,20170623,15:20:00,230.0,1.6,368,218.0,1.6,349,25088,16006,35.0,110.0
Station_01,Inv_00,20170623,15:21:00,230.9,1.6,369,218.0,1.6,349,25088,16006,35.0,110.0
Station_01,Inv_00,20170623,15:22:00,233.5,1.5,350,218.0,1.6,349,25088,16006,35.0,107.0
Station_01,Inv_00,20170623,15:23:00,231.9,1.4,325,218.0,1.5,327,25088,16006,34.9,104.0
Station_01,Inv_00,20170623,15:24:00,232.0,1.4,325,218.0,1.5,327,25088,16006,34.8,101.0
Station_01,Inv_00,20170623,15:25:00,231.5,1.3,301,218.0,1.4,305,25088,16006,34.8,100.0
Station_01,Inv_00,20170623,15:26:00,228.0,1.3,296,218.0,1.4,305,25088,16006,34.6,93.0
Station_01,Inv_00,20170623,15:27:00,218.0,1.2,262,218.0,1.3,283,25088,16006,34.5,90.0
Station_01,Inv_00,20170623,15:28:00,234.4,1.2,281,218.0,1.4,305,25088,16006,34.4,90.0
Station_01,Inv_00,20170623,15:29:00,229.5,1.2,275,217.0,1.4,304,25088,16006,34.4,90.0
Station_01,Inv_00,20170623,15:30:00,230.0,1.2,276,217.0,1.4,304,25088,16006,34.3,91.0
Station_01,Inv_00,20170623,15:31:00,228.0,1.3,296,217.0,1.5,326,25088,16006,34.3,107.0
Station_01,Inv_00,20170623,15:32:00,232.0,1.4,325,217.0,1.5,326,25088,16006,34.2,102.0
Station_01,Inv_00,20170623,15:33:00,232.0,1.5,348,217.0,1.6,347,25088,16006,34.3,106.0
Station_01,Inv_00,20170623,15:34:00,240.0,1.5,360,217.0,1.6,347,25088,16006,34.4,125.0
Station_01,Inv_00,20170623,15:35:00,236.0,1.7,401,218.0,1.7,371,25088,16006,34.2,113.0
Station_01,Inv_00,20170623,15:36:00,241.1,1.6,386,217.0,1.7,369,25088,16006,34.3,113.0
Station_01,Inv_00,20170623,15:37:00,233.0,1.6,373,218.0,1.7,371,25088,16006,34.2,115.0
Station_01,Inv_00,20170623,15:38:00,229.0,1.7,389,217.0,1.7,369,25088,16006,34.2,127.0
Station_01,Inv_00,20170623,15:39:00,227.0,1.6,363,217.0,1.7,369,25088,16006,34.1,121.0
Station_01,Inv_00,20170623,15:40:00,214.4,1.6,343,217.0,1.6,347,25089,16007,33.9,112.0
Station_01,Inv_00,20170623,15:41:00,234.6,1.6,375,217.0,1.7,369,25089,16007,34.0,111.0
Station_01,Inv_00,20170623,15:42:00,233.5,1.5,350,217.0,1.6,347,25089,16007,34.0,114.0
Station_01,Inv_00,20170623,15:43:00,238.0,1.5,357,218.0,1.6,349,25089,16007,34.0,105.0
Station_01,Inv_00,20170623,15:44:00,227.4,1.4,318,218.0,1.5,327,25089,16007,34.0,101.0
Station_01,Inv_00,20170623,15:45:00,222.0,1.5,333,218.0,1.5,327,25089,16007,34.0,101.0
Station_01,Inv_00,20170623,15:46:00,229.5,1.5,344,218.0,1.5,327,25089,16007,34.0,105.0
Station_01,Inv_00,20170623,15:47:00,227.3,1.5,341,218.0,1.5,327,25089,16007,34.0,108.0
Station_01,Inv_00,20170623,15:48:00,234.0,1.4,328,218.0,1.5,327,25089,16007,34.1,112.0
Station_01,Inv_00,20170623,15:49:00,227.5,1.5,341,218.0,1.6,349,25089,16007,34.0,111.0
Station_01,Inv_00,20170623,15:50:00,234.0,1.5,351,218.0,1.6,349,25089,16007,34.1,114.0
Station_01,Inv_00,20170623,15:51:00,230.0,1.6,368,218.0,1.6,349,25089,16007,34.0,111.0
Station_01,Inv_00,20170623,15:52:00,235.5,1.6,377,218.0,1.6,349,25089,16007,34.1,110.0
Station_01,Inv_00,20170623,15:53:00,232.0,1.6,371,218.0,1.6,349,25089,16007,33.9,111.0
Station_01,Inv_00,20170623,15:54:00,217.0,1.6,347,218.0,1.5,327,25089,16007,33.9,112.0
Station_01,Inv_00,20170623,15:55:00,227.0,1.6,363,218.0,1.6,349,25089,16007,33.8,121.0
Station_01,Inv_00,20170623,15:56:00,234.6,1.6,375,218.0,1.7,371,25089,16007,33.8,115.0
Station_01,Inv_00,20170623,15:57:00,236.0,1.6,378,218.0,1.7,371,25089,16007,33.8,119.0
Station_01,Inv_00,20170623,15:58:00,233.0,1.6,373,218.0,1.7,371,25089,16007,33.7,120.0
Station_01,Inv_00,20170623,15:59:00,239.0,1.7,406,219.0,1.7,372,25089,16007,33.8,114.0
Station_01,Inv_00,20170623,16:00:00,232.6,1.6,372,219.0,1.7,372,25089,16007,33.7,114.0
Station_01,Inv_00,20170623,16:01:00,241.8,1.6,387,219.0,1.7,372,25089,16007,33.8,112.0
Station_01,Inv_00,20170623,16:02:00,237.0,1.6,379,218.0,1.6,349,25089,16007,33.8,110.0
Station_01,Inv_00,20170623,16:03:00,237.6,1.6,380,219.0,1.6,350,25089,16007,33.7,111.0
Station_01,Inv_00,20170623,16:04:00,241.8,1.6,387,219.0,1.7,372,25089,16007,33.9,112.0
Station_01,Inv_00,20170623,16:05:00,236.0,1.6,378,219.0,1.8,394,25089,16007,33.9,114.0
Station_01,Inv_00,20170623,16:06:00,236.3,1.7,402,218.0,1.8,392,25089,16007,33.9,116.0
Station_01,Inv_00,20170623,16:07:00,239.8,1.7,408,218.0,1.8,392,25089,16007,33.9,117.0
Station_01,Inv_00,20170623,16:08:00,235.3,1.7,400,218.0,1.8,392,25089,16007,33.8,116.0
Station_01,Inv_00,20170623,16:09:00,237.3,1.7,403,219.0,1.8,394,25089,16007,33.8,116.0
Station_01,Inv_00,20170623,16:10:00,228.8,1.7,389,219.0,1.7,372,25089,16007,33.7,116.0
Station_01,Inv_00,20170623,16:11:00,230.4,1.6,369,219.0,1.7,372,25089,16007,33.8,114.0
Station_01,Inv_00,20170623,16:12:00,229.0,1.6,366,219.0,1.6,350,25089,16007,33.8,111.0
Station_01,Inv_00,20170623,16:13:00,239.5,1.6,383,216.0,1.7,367,25089,16007,33.8,110.0
Station_01,Inv_00,20170623,16:14:00,230.8,1.7,392,216.0,1.7,367,25089,16007,33.8,114.0
Station_01,Inv_00,20170623,16:15:00,236.7,1.8,426,216.0,1.8,389,25089,16007,33.9,119.0
Station_01,Inv_00,20170623,16:16:00,178.3,1.8,321,216.0,1.5,324,25089,16007,33.8,122.0
Station_01,Inv_00,20170623,16:17:00,234.7,1.8,422,216.0,2.0,432,25089,16007,33.9,125.0
Station_01,Inv_00,20170623,16:18:00,235.9,1.9,448,216.0,2.0,432,25089,16007,33.9,127.0
Station_01,Inv_00,20170623,16:19:00,239.0,2.0,478,216.0,2.0,432,25089,16007,33.8,130.0
Station_01,Inv_00,20170623,16:20:00,237.0,2.0,474,216.0,2.1,454,25089,16007,34.0,134.0
Station_01,Inv_00,20170623,16:21:00,232.4,2.1,488,216.0,2.1,454,25089,16007,34.1,137.0
Station_01,Inv_00,20170623,16:22:00,212.9,2.1,447,216.0,2.0,432,25089,16007,34.1,139.0
Station_01,Inv_00,20170623,16:23:00,238.5,2.1,501,217.0,2.1,456,25089,16007,34.3,138.0
Station_01,Inv_00,20170623,16:24:00,240.5,2.0,481,216.0,2.1,454,25089,16007,34.4,136.0
Station_01,Inv_00,20170623,16:25:00,240.0,2.0,480,216.0,2.1,454,25089,16007,34.6,137.0
Station_01,Inv_00,20170623,16:26:00,241.5,2.0,483,216.0,2.1,454,25089,16007,34.4,139.0
Station_01,Inv_00,20170623,16:27:00,237.5,2.2,522,216.0,2.3,497,25089,16007,34.4,145.0
Station_01,Inv_00,20170623,16:28:00,243.0,2.2,535,216.0,2.3,497,25089,16007,34.5,150.0
Station_01,Inv_00,20170623,16:29:00,241.4,2.3,555,217.0,2.4,521,25089,16007,34.4,154.0
Station_01,Inv_00,20170623,16:30:00,243.5,2.2,536,217.0,2.5,543,25089,16007,34.6,156.0
Station_01,Inv_00,20170623,16:31:00,240.0,2.4,576,217.0,2.5,543,25089,16007,34.4,158.0
Station_01,Inv_00,20170623,16:32:00,240.5,2.3,553,216.0,2.5,540,25089,16007,34.7,158.0
Station_01,Inv_00,20170623,16:33:00,243.5,2.3,560,217.0,2.5,543,25089,16007,34.6,157.0
Station_01,Inv_00,20170623,16:34:00,241.9,2.4,581,217.0,2.5,543,25089,16007,34.8,158.0
Station_01,Inv_00,20170623,16:35:00,242.4,2.4,582,216.0,2.5,540,25089,16007,34.9,161.0
Station_01,Inv_00,20170623,16:36:00,233.9,2.5,585,217.0,2.5,543,25089,16007,34.9,162.0
Station_01,Inv_00,20170623,16:37:00,224.9,2.5,562,217.0,2.5,543,25089,16007,34.9,161.0
Station_01,Inv_00,20170623,16:38:00,240.5,2.3,553,217.0,2.5,543,25089,16007,35.0,160.0
Station_01,Inv_00,20170623,16:39:00,237.5,2.4,570,217.0,2.5,543,25089,16007,35.2,159.0
Station_01,Inv_00,20170623,16:40:00,242.4,2.3,558,217.0,2.5,543,25089,16007,35.3,159.0
Station_01,Inv_00,20170623,16:41:00,236.0,2.4,567,217.0,2.5,543,25089,16007,35.4,157.0
Station_01,Inv_00,20170623,16:42:00,233.0,2.3,536,217.0,2.4,521,25089,16007,35.2,155.0
Station_01,Inv_00,20170623,16:43:00,234.4,2.3,539,216.0,2.4,518,25089,16007,35.3,152.0
Station_01,Inv_00,20170623,16:44:00,231.8,2.2,510,217.0,2.2,477,25089,16007,35.3,147.0
Station_01,Inv_00,20170623,16:45:00,239.0,2.1,502,217.0,2.2,477,25089,16007,35.0,142.0
Station_01,Inv_00,20170623,16:46:00,236.0,2.1,496,217.0,2.1,456,25089,16007,35.0,141.0
Station_01,Inv_00,20170623,16:47:00,234.0,2.2,515,217.0,2.2,477,25089,16007,34.6,142.0
Station_01,Inv_00,20170623,16:48:00,220.0,2.1,462,217.0,2.1,456,25089,16007,35.1,142.0
Station_01,Inv_00,20170623,16:49:00,234.5,2.1,492,218.0,2.1,458,25089,16007,35.1,142.0
Station_01,Inv_00,20170623,16:50:00,229.0,2.1,481,218.0,2.1,458,25089,16007,35.2,141.0
Station_01,Inv_00,20170623,16:51:00,240.5,2.1,505,218.0,2.2,480,25089,16007,35.0,144.0
Station_01,Inv_00,20170623,16:52:00,234.5,2.3,539,218.0,2.3,501,25089,16007,35.0,150.0
Station_01,Inv_00,20170623,16:53:00,236.0,2.4,566,218.0,2.4,523,25089,16007,35.2,154.0
Station_01,Inv_00,20170623,16:54:00,235.0,2.4,564,218.0,2.4,523,25089,16007,35.2,154.0
Station_01,Inv_00,20170623,16:55:00,237.9,2.3,547,219.0,2.4,526,25089,16007,35.2,153.0
Station_01,Inv_00,20170623,16:56:00,231.0,2.3,531,218.0,2.3,501,25089,16007,34.9,150.0
Station_01,Inv_00,20170623,16:57:00,235.5,2.2,518,219.0,2.2,482,25089,16007,34.8,162.0
Station_01,Inv_00,20170623,16:58:00,231.5,2.1,486,218.0,2.1,458,25089,16007,34.9,139.0
Station_01,Inv_00,20170623,16:59:00,231.0,2.0,462,219.0,2.0,438,25089,16007,34.6,133.0
Station_01,Inv_00,20170623,17:00:00,231.6,1.8,417,219.0,1.9,416,25089,16007,34.4,126.0
Station_01,Inv_00,20170623,17:01:00,235.2,1.8,423,219.0,1.9,416,25089,16007,34.2,123.0
Station_01,Inv_00,20170623,17:02:00,233.0,1.8,419,218.0,1.9,414,25089,16007,34.4,124.0
Station_01,Inv_00,20170623,17:03:00,235.6,1.8,424,219.0,1.9,416,25089,16007,34.2,126.0
Station_01,Inv_00,20170623,17:04:00,227.8,1.9,433,217.0,2.0,434,25089,16007,34.4,127.0
Station_01,Inv_00,20170623,17:05:00,241.0,1.8,434,217.0,2.0,434,25089,16007,34.4,129.0
Station_01,Inv_00,20170623,17:06:00,234.5,1.8,422,217.0,2.0,434,25089,16007,34.5,142.0
Station_01,Inv_00,20170623,17:07:00,235.0,1.9,447,216.0,1.9,410,25089,16007,34.4,131.0
Station_01,Inv_00,20170623,17:08:00,238.4,2.0,477,215.0,2.0,430,25089,16007,34.2,133.0
Station_01,Inv_00,20170623,17:09:00,239.5,2.0,479,215.0,2.1,452,25089,16007,34.4,137.0
Station_01,Inv_00,20170623,17:10:00,237.5,2.0,475,215.0,2.2,473,25089,16007,34.5,140.0
Station_01,Inv_00,20170623,17:11:00,238.0,2.2,524,216.0,2.2,475,25089,16007,34.1,143.0
Station_01,Inv_00,20170623,17:12:00,225.0,2.2,495,216.0,2.2,475,25089,16007,34.2,145.0
Station_01,Inv_00,20170623,17:13:00,239.5,2.1,503,215.0,2.2,473,25089,16007,34.3,144.0
Station_01,Inv_00,20170623,17:14:00,235.5,2.1,495,216.0,2.2,475,25089,16007,34.5,144.0
Station_01,Inv_00,20170623,17:15:00,237.5,2.1,499,216.0,2.2,475,25089,16007,34.3,131.0
Station_01,Inv_00,20170623,17:16:00,233.0,2.1,489,215.0,2.2,473,25089,16007,34.1,141.0
Station_01,Inv_00,20170623,17:17:00,239.0,2.1,502,216.0,2.1,454,25089,16007,34.2,138.0
Station_01,Inv_00,20170623,17:18:00,243.0,2.0,486,215.0,2.1,452,25089,16007,34.1,137.0
Station_01,Inv_00,20170623,17:19:00,240.5,2.0,481,215.0,2.1,452,25089,16007,34.1,138.0
Station_01,Inv_00,20170623,17:20:00,240.5,2.0,481,215.0,2.1,452,25089,16007,34.1,135.0
Station_01,Inv_00,20170623,17:21:00,237.5,2.0,475,216.0,2.0,432,25089,16007,34.4,133.0
Station_01,Inv_00,20170623,17:22:00,236.0,2.0,472,216.0,2.0,432,25089,16007,34.4,132.0
Station_01,Inv_00,20170623,17:23:00,233.0,2.0,466,216.0,2.0,432,25089,16007,34.4,136.0
Station_01,Inv_00,20170623,17:24:00,243.0,2.0,486,217.0,2.1,456,25089,16007,34.2,138.0
Station_01,Inv_00,20170623,17:25:00,192.0,2.2,422,216.0,1.8,389,25089,16007,34.3,139.0
Station_01,Inv_00,20170623,17:26:00,204.0,2.1,428,216.0,2.0,432,25089,16007,34.2,140.0
Station_01,Inv_00,20170623,17:27:00,237.0,2.0,474,216.0,2.1,454,25089,16007,34.3,136.0
Station_01,Inv_00,20170623,17:28:00,239.0,2.0,478,215.0,2.1,452,25089,16007,34.3,136.0
Station_01,Inv_00,20170623,17:29:00,235.5,2.0,471,215.0,2.0,430,25089,16007,34.3,133.0
Station_01,Inv_00,20170623,17:30:00,234.0,2.0,468,215.0,2.0,430,25089,16007,34.1,132.0
Station_01,Inv_00,20170623,17:31:00,234.0,2.0,468,215.0,2.0,430,25089,16007,34.3,130.0
Station_01,Inv_00,20170623,17:32:00,237.3,1.9,451,215.0,2.0,430,25089,16007,34.2,129.0
Station_01,Inv_00,20170623,17:33:00,226.9,1.9,431,215.0,2.0,430,25089,16007,33.9,128.0
Station_01,Inv_00,20170623,17:34:00,233.0,1.9,443,215.0,2.0,430,25089,16007,34.0,125.0
Station_01,Inv_00,20170623,17:35:00,219.8,1.9,418,215.0,1.8,387,25089,16007,33.9,124.0
Station_01,Inv_00,20170623,17:36:00,233.0,1.8,419,215.0,1.9,409,25089,16007,33.8,121.0
Station_01,Inv_00,20170623,17:37:00,239.5,1.8,431,215.0,1.8,387,25089,16007,33.7,119.0
Station_01,Inv_00,20170623,17:38:00,241.5,1.6,386,216.0,1.8,389,25089,16007,33.8,117.0
Station_01,Inv_00,20170623,17:39:00,236.9,1.7,403,214.0,1.8,385,25089,16007,33.8,118.0
Station_01,Inv_00,20170623,17:40:00,234.9,1.7,399,217.0,1.7,369,25089,16007,33.6,116.0
Station_01,Inv_00,20170623,17:41:00,235.0,1.7,400,217.0,1.7,369,25089,16007,33.4,115.0
Station_01,Inv_00,20170623,17:42:00,233.5,1.7,397,217.0,1.7,369,25089,16007,33.4,112.0
Station_01,Inv_00,20170623,17:43:00,232.0,1.6,371,217.0,1.6,347,25089,16007,33.4,109.0
Station_01,Inv_00,20170623,17:44:00,238.1,1.5,357,217.0,1.6,347,25089,16007,33.4,109.0
Station_01,Inv_00,20170623,17:45:00,237.2,1.6,380,216.0,1.6,346,25089,16007,33.3,113.0
Station_01,Inv_00,20170623,17:46:00,231.0,1.6,370,216.0,1.7,367,25089,16007,33.4,110.0
Station_01,Inv_00,20170623,17:47:00,236.5,1.6,378,217.0,1.7,369,25089,16007,33.3,112.0
Station_01,Inv_00,20170623,17:48:00,228.0,1.6,365,216.0,1.6,346,25089,16007,33.4,109.0
Station_01,Inv_00,20170623,17:49:00,239.3,1.5,359,217.0,1.5,326,25089,16007,33.5,107.0
Station_01,Inv_00,20170623,17:50:00,236.5,1.5,355,217.0,1.5,326,25089,16007,33.4,105.0
Station_01,Inv_00,20170623,17:51:00,235.5,1.3,306,217.0,1.5,326,25089,16007,33.4,102.0
Station_01,Inv_00,20170623,17:52:00,223.5,1.4,313,216.0,1.5,324,25089,16007,33.1,100.0
Station_01,Inv_00,20170623,17:53:00,229.0,1.4,321,217.0,1.5,326,25089,16007,33.1,99.0
Station_01,Inv_00,20170623,17:54:00,231.0,1.3,300,216.0,1.5,324,25089,16007,33.1,97.0
Station_01,Inv_00,20170623,17:55:00,231.8,1.3,301,217.0,1.4,304,25089,16007,33.0,96.0
Station_01,Inv_00,20170623,17:56:00,234.3,1.3,305,217.0,1.4,304,25089,16007,32.8,95.0
Station_01,Inv_00,20170623,17:57:00,227.4,1.3,296,217.0,1.4,304,25090,16007,32.7,94.0
Station_01,Inv_00,20170623,17:58:00,223.3,1.3,290,218.0,1.4,305,25090,16007,32.5,92.0
Station_01,Inv_00,20170623,17:59:00,220.5,1.2,265,217.0,1.3,282,25090,16007,32.4,91.0
Station_01,Inv_00,20170623,18:00:00,238.0,1.2,286,218.0,1.3,283,25090,16007,32.5,90.0
Station_01,Inv_00,20170623,18:01:00,232.7,1.2,279,217.0,1.3,282,25090,16007,32.4,88.0
Station_01,Inv_00,20170623,18:02:00,228.5,1.2,274,217.0,1.3,282,25090,16007,32.3,86.0
Station_01,Inv_00,20170623,18:03:00,227.7,1.1,251,216.0,1.2,259,25090,16007,32.2,85.0
Station_01,Inv_00,20170623,18:04:00,226.0,1.1,249,217.0,1.2,260,25090,16007,32.2,85.0
Station_01,Inv_00,20170623,18:05:00,227.0,1.1,250,217.0,1.2,260,25090,16007,32.1,85.0
Station_01,Inv_00,20170623,18:06:00,230.0,1.1,253,218.0,1.2,262,25090,16007,32.0,81.0
Station_01,Inv_00,20170623,18:07:00,229.0,1.0,229,218.0,1.1,240,25090,16007,32.0,81.0
Station_01,Inv_00,20170623,18:08:00,226.5,1.0,227,218.0,1.1,240,25090,16007,31.9,77.0
Station_01,Inv_00,20170623,18:09:00,223.0,1.0,223,218.0,1.0,218,25090,16007,31.8,76.0
Station_01,Inv_00,20170623,18:10:00,225.4,0.9,203,218.0,1.0,218,25090,16007,31.8,88.0
Station_01,Inv_00,20170623,18:11:00,222.4,0.9,200,217.0,1.0,217,25090,16007,31.8,71.0
Station_01,Inv_00,20170623,18:12:00,224.0,0.9,202,217.0,1.0,217,25090,16007,31.6,70.0
Station_01,Inv_00,20170623,18:13:00,227.5,0.8,182,218.0,1.0,218,25090,16007,31.6,84.0
Station_01,Inv_00,20170623,18:14:00,221.4,0.8,177,218.0,0.9,196,25090,16007,31.5,75.0
Station_01,Inv_00,20170623,18:15:00,219.5,0.8,176,218.0,0.9,196,25090,16007,31.5,79.0
Station_01,Inv_00,20170623,18:16:00,212.3,0.7,149,218.0,0.9,196,25090,16007,31.4,64.0
Station_01,Inv_00,20170623,18:17:00,225.4,0.7,158,217.0,0.9,195,25090,16007,31.3,62.0
Station_01,Inv_00,20170623,18:18:00,225.4,0.7,158,218.0,0.9,196,25090,16007,31.2,61.0
Station_01,Inv_00,20170623,18:19:00,223.5,0.6,134,218.0,0.9,196,25090,16007,31.1,61.0
Station_01,Inv_00,20170623,18:20:00,219.0,0.6,131,218.0,0.8,174,25090,16007,31.1,61.0
Station_01,Inv_00,20170623,18:21:00,221.0,0.7,155,219.0,0.8,175,25090,16007,31.0,59.0
Station_01,Inv_00,20170623,18:22:00,230.0,0.6,138,218.0,0.7,153,25090,16007,30.9,58.0
Station_01,Inv_00,20170623,18:23:00,228.5,0.6,137,218.0,0.7,153,25090,16007,30.9,60.0
Station_01,Inv_00,20170623,18:24:00,218.5,0.6,131,217.0,0.7,152,25090,16007,30.8,54.0
Station_01,Inv_00,20170623,18:25:00,222.0,0.6,133,217.0,0.6,130,25090,16007,30.7,52.0
Station_01,Inv_00,20170623,18:26:00,212.5,0.6,128,217.0,0.6,130,25090,16007,30.6,52.0
Station_01,Inv_00,20170623,18:27:00,204.0,0.5,102,218.0,0.6,131,25090,16007,30.6,51.0
Station_01,Inv_00,20170623,18:28:00,222.0,0.5,111,218.0,0.6,131,25090,16007,30.5,50.0
Station_01,Inv_00,20170623,18:29:00,211.0,0.4,84,217.0,0.5,109,25090,16007,30.4,47.0
Station_01,Inv_00,20170623,18:30:00,217.0,0.4,87,217.0,0.5,109,25090,16007,30.3,47.0
Station_01,Inv_00,20170623,18:31:00,175.0,0.4,70,217.0,0.5,109,25090,16007,30.2,42.0
Station_01,Inv_00,20170623,18:32:00,180.0,0.3,54,216.0,0.5,108,25090,16007,30.2,41.0
Station_01,Inv_00,20170623,18:33:00,220.3,0.3,66,216.0,0.5,108,25090,16007,30.1,40.0
Station_01,Inv_00,20170623,18:34:00,211.7,0.3,64,216.0,0.5,108,25090,16007,30.0,38.0
Station_01,Inv_00,20170623,18:35:00,214.0,0.3,64,218.0,0.5,109,25090,16007,30.0,36.0
Station_01,Inv_00,20170623,18:36:00,229.3,0.3,69,217.0,0.5,109,25090,16007,30.0,37.0
Station_01,Inv_00,20170623,18:37:00,195.0,0.2,39,217.0,0.5,109,25090,16007,29.9,34.0
Station_01,Inv_00,20170623,18:38:00,192.5,0.2,39,217.0,0.4,87,25090,16007,29.8,33.0
Station_01,Inv_00,20170623,18:39:00,179.0,0.1,18,217.0,0.4,87,25090,16007,29.8,32.0
Station_01,Inv_00,20170623,18:40:00,181.0,0.1,18,216.0,0.4,86,25090,16007,29.7,31.0
Station_01,Inv_00,20170623,18:41:00,203.0,0.2,41,216.0,0.4,86,25090,16007,29.6,30.0
Station_01,Inv_00,20170623,18:42:00,213.0,0.2,43,216.0,0.4,86,25090,16007,29.5,30.0
Station_01,Inv_00,20170623,18:43:00,220.5,0.2,44,216.0,0.4,86,25090,16007,29.5,29.0
Station_01,Inv_00,20170623,18:44:00,205.0,0.2,41,216.0,0.4,86,25090,16007,29.5,28.0
Station_01,Inv_00,20170623,18:45:00,201.0,0.2,40,216.0,0.4,86,25090,16007,29.4,26.0
Station_01,Inv_00,20170623,18:46:00,0.0,0.0,0,216.0,0.4,86,25090,16007,29.3,25.0
Station_01,Inv_00,20170623,18:47:00,0.0,0.0,0,0.0,0.0,0,25090,16007,29.2,24.0
Station_01,Inv_00,20170623,18:48:00,0.0,0.0,0,0.0,0.0,0,25090,16007,29.2,34.0
Station_01,Inv_00,20170623,18:49:00,0.0,0.0,0,221.0,0.2,44,25090,16007,29.2,32.0
Station_01,Inv_00,20170623,18:50:00,0.0,0.0,0,221.0,0.2,44,25090,16007,29.1,20.0
Station_01,Inv_00,20170623,18:51:00,0.0,0.0,0,221.0,0.2,44,25090,16007,29.0,19.0
Station_01,Inv_00,20170623,18:52:00,0.0,0.0,0,221.0,0.2,44,25090,16007,29.0,19.0
Station_01,Inv_00,20170623,18:53:00,0.0,0.0,0,221.0,0.2,44,25090,16007,28.9,18.0
Station_01,Inv_00,20170623,18:54:00,0.0,0.0,0,221.0,0.2,44,25090,16007,28.9,18.0
Station_01,Inv_00,20170623,18:55:00,0.0,0.0,0,221.0,0.2,44,25090,16007,28.9,18.0
Station_01,Inv_00,20170623,18:56:00,0.0,0.0,0,221.0,0.2,44,25090,16007,28.8,18.0
Station_01,Inv_00,20170623,18:57:00,0.0,0.0,0,221.0,0.2,44,25090,16007,28.8,19.0
Station_01,Inv_00,20170623,18:58:00,0.0,0.0,0,221.0,0.2,44,25090,16007,28.7,18.0
Station_01,Inv_00,20170623,18:59:00,0.0,0.0,0,221.0,0.2,44,25090,16007,28.7,18.0
Station_01,Inv_00,20170623,19:00:00,0.0,0.0,0,221.0,0.2,44,25090,16007,28.6,22.0
Station_01,Inv_00,20170623,19:01:00,0.0,0.0,0,221.0,0.2,44,25090,16007,28.5,17.0
Station_01,Inv_00,20170623,19:02:00,0.0,0.0,0,221.0,0.2,44,25090,16007,28.5,18.0
Station_01,Inv_00,20170623,19:03:00,0.0,0.0,0,221.0,0.2,44,25090,16007,28.5,19.0
Station_01,Inv_00,20170623,19:04:00,0.0,0.0,0,221.0,0.2,44,25090,16007,28.4,18.0
Station_01,Inv_00,20170623,19:05:00,0.0,0.0,0,221.0,0.2,44,25090,16007,28.4,17.0
Station_01,Inv_00,20170623,19:06:00,0.0,0.0,0,221.0,0.2,44,25090,16007,28.4,17.0
Station_01,Inv_00,20170623,19:07:00,0.0,0.0,0,221.0,0.2,44,25090,16007,28.4,17.0
Station_01,Inv_00,20170623,19:08:00,0.0,0.0,0,221.0,0.2,44,25090,16007,28.4,17.0
Station_01,Inv_00,20170623,19:09:00,0.0,0.0,0,221.0,0.2,44,25090,16007,28.4,17.0
Station_01,Inv_00,20170623,19:10:00,0.0,0.0,0,221.0,0.2,44,25090,16007,28.4,18.0
Station_01,Inv_00,20170623,19:11:00,0.0,0.0,0,221.0,0.2,44,25090,16007,28.4,18.0
Station_01,Inv_00,20170623,19:12:00,0.0,0.0,0,221.0,0.2,44,25090,16007,28.3,17.0
Station_01,Inv_00,20170623,19:13:00,0.0,0.0,0,221.0,0.2,44,25090,16007,28.3,18.0
Station_01,Inv_00,20170623,19:14:00,0.0,0.0,0,221.0,0.2,44,25090,16007,28.4,18.0
Station_01,Inv_00,20170623,19:15:00,0.0,0.0,0,221.0,0.2,44,25090,16007,28.4,18.0
Station_01,Inv_00,20170623,19:16:00,0.0,0.0,0,221.0,0.2,44,25090,16007,28.4,18.0
Station_01,Inv_00,20170623,19:17:00,0.0,0.0,0,221.0,0.2,44,25090,16007,28.3,18.0
Station_01,Inv_00,20170623,19:18:00,0.0,0.0,0,221.0,0.2,44,25090,16007,28.3,18.0
Station_01,Inv_00,20170623,19:19:00,0.0,0.0,0,221.0,0.2,44,25090,16007,28.3,18.0
Station_01,Inv_00,20170623,19:20:00,0.0,0.0,0,221.0,0.2,44,25090,16007,28.2,27.0
Station_01,Inv_00,20170623,19:21:00,0.0,0.0,0,221.0,0.2,44,25090,16007,28.2,18.0
Station_01,Inv_00,20170623,19:22:00,0.0,0.0,0,221.0,0.2,44,25090,16007,28.2,18.0
Station_01,Inv_00,20170623,19:23:00,0.0,0.0,0,221.0,0.2,44,25090,16007,28.2,18.0
Station_01,Inv_00,20170623,19:24:00,0.0,0.0,0,221.0,0.2,44,25090,16007,28.2,18.0
Station_01,Inv_00,20170623,19:25:00,0.0,0.0,0,221.0,0.2,44,25090,16007,28.3,18.0
Station_01,Inv_00,20170623,19:26:00,0.0,0.0,0,221.0,0.2,44,25090,16007,28.3,18.0
Station_01,Inv_00,20170623,19:27:00,0.0,0.0,0,221.0,0.2,44,25090,16007,28.3,25.0
Station_01,Inv_00,20170623,19:28:00,0.0,0.0,0,221.0,0.2,44,25090,16007,28.4,21.0
Station_01,Inv_00,20170623,19:29:00,0.0,0.0,0,221.0,0.2,44,25090,16007,28.4,19.0
Station_01,Inv_00,20170623,19:30:00,0.0,0.0,0,221.0,0.2,44,25090,16007,28.3,18.0
Station_01,Inv_00,20170623,19:31:00,0.0,0.0,0,221.0,0.2,44,25090,16007,28.3,18.0
Station_01,Inv_00,20170623,19:32:00,0.0,0.0,0,221.0,0.2,44,25090,16007,28.3,18.0
Station_01,Inv_00,20170623,19:33:00,0.0,0.0,0,221.0,0.2,44,25090,16007,28.3,18.0
Station_01,Inv_00,20170623,19:34:00,0.0,0.0,0,221.0,0.2,44,25090,16007,28.3,18.0
Station_01,Inv_00,20170623,19:35:00,0.0,0.0,0,221.0,0.2,44,25090,16007,28.3,18.0
Station_01,Inv_00,20170623,19:36:00,0.0,0.0,0,221.0,0.2,44,25090,16007,28.3,18.0
Station_01,Inv_00,20170623,19:37:00,0.0,0.0,0,221.0,0.2,44,25090,16007,28.3,18.0
Station_01,Inv_00,20170623,19:38:00,0.0,0.0,0,221.0,0.2,44,25090,16007,28.3,18.0
Station_01,Inv_00,20170623,19:39:00,0.0,0.0,0,221.0,0.2,44,25090,16007,28.3,18.0
Station_01,Inv_00,20170623,19:40:00,0.0,0.0,0,221.0,0.2,44,25090,16007,28.3,18.0
Station_01,Inv_00,20170623,19:41:00,0.0,0.0,0,221.0,0.2,44,25090,16007,28.3,18.0
Station_01,Inv_00,20170623,19:42:00,0.0,0.0,0,221.0,0.2,44,25090,16007,28.3,18.0
Station_01,Inv_00,20170623,19:43:00,0.0,0.0,0,221.0,0.2,44,25090,16007,28.2,18.0
Station_01,Inv_00,20170623,19:44:00,0.0,0.0,0,221.0,0.2,44,25090,16007,28.2,18.0
Station_01,Inv_00,20170623,19:45:00,0.0,0.0,0,221.0,0.2,44,25090,16007,28.2,18.0
Station_01,Inv_00,20170623,19:46:00,0.0,0.0,0,221.0,0.2,44,25090,16007,28.2,18.0
Station_01,Inv_00,20170623,19:47:00,0.0,0.0,0,221.0,0.2,44,25090,16007,28.1,18.0
Station_01,Inv_00,20170623,19:48:00,0.0,0.0,0,221.0,0.2,44,25090,16007,28.1,20.0
Station_01,Inv_00,20170623,19:49:00,0.0,0.0,0,221.0,0.2,44,25090,16007,28.2,18.0
Station_01,Inv_00,20170623,19:50:00,0.0,0.0,0,221.0,0.2,44,25090,16007,28.2,18.0
Station_01,Inv_00,20170623,19:51:00,0.0,0.0,0,221.0,0.2,44,25090,16007,28.2,18.0
Station_01,Inv_00,20170623,19:52:00,0.0,0.0,0,221.0,0.2,44,25090,16007,28.2,34.0
Station_01,Inv_00,20170623,19:53:00,0.0,0.0,0,221.0,0.2,44,25090,16007,28.1,36.0
Station_01,Inv_00,20170623,19:54:00,0.0,0.0,0,221.0,0.2,44,25090,16007,28.0,18.0
Station_01,Inv_00,20170623,19:55:00,0.0,0.0,0,221.0,0.2,44,25090,16007,28.0,18.0
Station_01,Inv_00,20170623,19:56:00,0.0,0.0,0,221.0,0.2,44,25090,16007,27.9,26.0
Station_01,Inv_00,20170623,19:57:00,0.0,0.0,0,221.0,0.2,44,25090,16007,27.9,17.0
Station_01,Inv_00,20170623,19:58:00,0.0,0.0,0,221.0,0.2,44,25090,16007,27.9,22.0
Station_01,Inv_00,20170623,19:59:00,0.0,0.0,0,221.0,0.2,44,25090,16007,27.8,18.0
Station_01,Inv_00,20170623,20:00:00,0.0,0.0,0,221.0,0.2,44,25090,16007,27.9,18.0
