Station_01,Inv_00,20170706,05:00:00,0.0,0.0,0,220.0,0.2,44,25316,16152,24.8,19.0
Station_01,Inv_00,20170706,05:01:00,0.0,0.0,0,220.0,0.2,44,25316,16152,24.8,19.0
Station_01,Inv_00,20170706,05:02:00,0.0,0.0,0,220.0,0.2,44,25316,16152,24.9,19.0
Station_01,Inv_00,20170706,05:03:00,0.0,0.0,0,220.0,0.2,44,25316,16152,24.9,19.0
Station_01,Inv_00,20170706,05:04:00,0.0,0.0,0,220.0,0.2,44,25316,16152,24.9,19.0
Station_01,Inv_00,20170706,05:05:00,0.0,0.0,0,220.0,0.2,44,25316,16152,24.8,19.0
Station_01,Inv_00,20170706,05:06:00,0.0,0.0,0,220.0,0.2,44,25316,16152,24.8,19.0
Station_01,Inv_00,20170706,05:07:00,0.0,0.0,0,220.0,0.2,44,25316,16152,24.8,19.0
Station_01,Inv_00,20170706,05:08:00,0.0,0.0,0,220.0,0.2,44,25316,16152,24.8,20.0
Station_01,Inv_00,20170706,05:09:00,0.0,0.0,0,220.0,0.2,44,25316,16152,24.8,19.0
Station_01,Inv_00,20170706,05:10:00,0.0,0.0,0,220.0,0.2,44,25316,16152,24.7,19.0
Station_01,Inv_00,20170706,05:11:00,0.0,0.0,0,220.0,0.2,44,25316,16152,24.7,20.0
Station_01,Inv_00,20170706,05:12:00,0.0,0.0,0,220.0,0.2,44,25316,16152,24.8,20.0
Station_01,Inv_00,20170706,05:13:00,0.0,0.0,0,220.0,0.2,44,25316,16152,24.8,20.0
Station_01,Inv_00,20170706,05:14:00,0.0,0.0,0,220.0,0.2,44,25316,16152,24.8,459.0
Station_01,Inv_00,20170706,05:15:00,0.0,0.0,0,220.0,0.2,44,25316,16152,24.9,460.0
Station_01,Inv_00,20170706,05:16:00,0.0,0.0,0,220.0,0.2,44,25316,16152,25.0,22.0
Station_01,Inv_00,20170706,05:17:00,0.0,0.0,0,220.0,0.2,44,25316,16152,24.9,22.0
Station_01,Inv_00,20170706,05:18:00,0.0,0.0,0,220.0,0.2,44,25316,16152,25.0,22.0
Station_01,Inv_00,20170706,05:19:00,0.0,0.0,0,220.0,0.2,44,25316,16152,25.0,23.0
Station_01,Inv_00,20170706,05:20:00,0.0,0.0,0,220.0,0.2,44,25316,16152,25.0,23.0
Station_01,Inv_00,20170706,05:21:00,0.0,0.0,0,220.0,0.2,44,25316,16152,25.0,463.0
Station_01,Inv_00,20170706,05:22:00,0.0,0.0,0,220.0,0.2,44,25316,16152,25.1,464.0
Station_01,Inv_00,20170706,05:23:00,0.0,0.0,0,220.0,0.2,44,25316,16152,25.1,24.0
Station_01,Inv_00,20170706,05:24:00,0.0,0.0,0,220.0,0.2,44,25316,16152,25.2,24.0
Station_01,Inv_00,20170706,05:25:00,0.0,0.0,0,220.0,0.2,44,25316,16152,25.2,25.0
Station_01,Inv_00,20170706,05:26:00,0.0,0.0,0,220.0,0.2,44,25316,16152,25.2,25.0
Station_01,Inv_00,20170706,05:27:00,0.0,0.0,0,220.0,0.5,110,25316,16152,25.2,26.0
Station_01,Inv_00,20170706,05:28:00,0.0,0.0,0,220.0,0.5,110,25316,16152,25.3,28.0
Station_01,Inv_00,20170706,05:29:00,0.0,0.0,0,220.0,0.5,110,25316,16152,25.3,31.0
Station_01,Inv_00,20170706,05:30:00,0.0,0.0,0,220.0,0.5,110,25316,16152,25.3,33.0
Station_01,Inv_00,20170706,05:31:00,0.0,0.0,0,221.0,0.5,111,25316,16152,25.4,35.0
Station_01,Inv_00,20170706,05:32:00,0.0,0.0,0,220.0,0.5,110,25316,16152,25.4,36.0
Station_01,Inv_00,20170706,05:33:00,228.0,0.3,68,217.0,0.5,109,25316,16152,25.3,38.0
Station_01,Inv_00,20170706,05:34:00,226.0,0.3,68,217.0,0.5,109,25316,16152,25.4,39.0
Station_01,Inv_00,20170706,05:35:00,209.5,0.4,84,216.0,0.5,108,25316,16152,25.4,41.0
Station_01,Inv_00,20170706,05:36:00,199.5,0.4,80,216.0,0.5,108,25316,16152,25.4,42.0
Station_01,Inv_00,20170706,05:37:00,203.4,0.5,102,215.0,0.5,108,25316,16152,25.4,44.0
Station_01,Inv_00,20170706,05:38:00,217.6,0.5,109,216.0,0.5,108,25316,16152,25.4,46.0
Station_01,Inv_00,20170706,05:39:00,210.8,0.5,105,216.0,0.5,108,25316,16152,25.4,49.0
Station_01,Inv_00,20170706,05:40:00,231.0,0.4,92,216.0,0.6,130,25316,16152,25.5,52.0
Station_01,Inv_00,20170706,05:41:00,238.4,0.5,119,215.0,0.6,129,25316,16152,25.5,52.0
Station_01,Inv_00,20170706,05:42:00,230.8,0.5,115,216.0,0.6,130,25316,16152,25.5,52.0
Station_01,Inv_00,20170706,05:43:00,218.0,0.5,109,216.0,0.6,130,25316,16152,25.5,51.0
Station_01,Inv_00,20170706,05:44:00,231.0,0.5,116,216.0,0.6,130,25316,16152,25.5,53.0
Station_01,Inv_00,20170706,05:45:00,220.0,0.5,110,216.0,0.6,130,25316,16152,25.5,55.0
Station_01,Inv_00,20170706,05:46:00,232.0,0.6,139,216.0,0.7,151,25316,16152,25.6,57.0
Station_01,Inv_00,20170706,05:47:00,232.0,0.6,139,216.0,0.7,151,25316,16152,25.6,59.0
Station_01,Inv_00,20170706,05:48:00,235.0,0.6,141,216.0,0.8,173,25316,16152,25.6,63.0
Station_01,Inv_00,20170706,05:49:00,225.0,0.6,135,216.0,0.8,173,25316,16152,25.7,66.0
Station_01,Inv_00,20170706,05:50:00,232.0,0.6,139,216.0,0.9,194,25316,16152,25.8,70.0
Station_01,Inv_00,20170706,05:51:00,223.0,0.8,178,216.0,0.9,194,25316,16152,25.9,74.0
Station_01,Inv_00,20170706,05:52:00,233.9,0.9,211,216.0,1.0,216,25316,16152,26.0,78.0
Station_01,Inv_00,20170706,05:53:00,233.4,0.9,210,216.0,1.0,216,25316,16152,26.2,81.0
Station_01,Inv_00,20170706,05:54:00,237.0,0.9,213,216.0,1.0,216,25316,16152,26.3,83.0
Station_01,Inv_00,20170706,05:55:00,237.4,0.9,214,216.0,1.1,238,25316,16152,26.4,85.0
Station_01,Inv_00,20170706,05:56:00,230.8,0.9,208,216.0,1.0,216,25316,16152,26.6,86.0
Station_01,Inv_00,20170706,05:57:00,242.0,0.8,194,216.0,1.0,216,25316,16152,26.6,86.0
Station_01,Inv_00,20170706,05:58:00,224.0,1.0,224,216.0,1.0,216,25316,16152,26.7,86.0
Station_01,Inv_00,20170706,05:59:00,227.0,1.0,227,215.0,1.1,237,25316,16152,26.8,87.0
Station_01,Inv_00,20170706,06:00:00,224.0,1.0,224,215.0,1.1,237,25316,16152,26.9,89.0
Station_01,Inv_00,20170706,06:01:00,241.0,1.0,241,215.0,1.2,258,25316,16152,27.0,92.0
Station_01,Inv_00,20170706,06:02:00,241.0,1.0,241,215.0,1.2,258,25316,16152,27.1,95.0
Station_01,Inv_00,20170706,06:03:00,234.0,1.0,234,215.0,1.2,258,25316,16152,27.3,97.0
Station_01,Inv_00,20170706,06:04:00,238.3,1.1,262,214.0,1.2,257,25316,16152,27.6,97.0
Station_01,Inv_00,20170706,06:05:00,237.5,1.0,238,214.0,1.2,257,25316,16152,27.8,97.0
Station_01,Inv_00,20170706,06:06:00,239.5,1.0,240,214.0,1.2,257,25316,16152,28.0,97.0
Station_01,Inv_00,20170706,06:07:00,245.0,1.0,245,214.0,1.2,257,25316,16152,28.2,95.0
Station_01,Inv_00,20170706,06:08:00,238.5,1.0,239,215.0,1.1,237,25316,16152,28.3,91.0
Station_01,Inv_00,20170706,06:09:00,242.0,0.9,218,214.0,1.1,235,25316,16152,28.3,83.0
Station_01,Inv_00,20170706,06:10:00,226.4,0.9,204,214.0,1.0,214,25316,16152,28.3,79.0
Station_01,Inv_00,20170706,06:11:00,230.0,1.0,230,215.0,1.1,237,25316,16152,28.4,80.0
Station_01,Inv_00,20170706,06:12:00,239.0,1.0,239,215.0,1.1,237,25316,16152,28.5,80.0
Station_01,Inv_00,20170706,06:13:00,237.0,0.9,213,214.0,1.0,214,25316,16152,28.5,79.0
Station_01,Inv_00,20170706,06:14:00,231.8,0.9,209,214.0,1.0,214,25316,16152,28.6,78.0
Station_01,Inv_00,20170706,06:15:00,234.0,0.8,187,216.0,1.0,216,25316,16152,28.6,77.0
Station_01,Inv_00,20170706,06:16:00,234.7,0.9,211,216.0,1.0,216,25316,16152,28.6,76.0
Station_01,Inv_00,20170706,06:17:00,222.0,0.9,200,216.0,1.0,216,25316,16152,28.6,89.0
Station_01,Inv_00,20170706,06:18:00,237.0,1.0,237,216.0,1.1,238,25316,16152,28.7,91.0
Station_01,Inv_00,20170706,06:19:00,230.0,1.1,253,217.0,1.2,260,25316,16152,28.8,97.0
Station_01,Inv_00,20170706,06:20:00,236.5,1.1,260,216.0,1.2,259,25316,16152,28.9,95.0
Station_01,Inv_00,20170706,06:21:00,233.0,1.2,280,216.0,1.3,281,25316,16152,28.9,97.0
Station_01,Inv_00,20170706,06:22:00,227.0,1.4,318,216.0,1.4,302,25316,16152,29.2,125.0
Station_01,Inv_00,20170706,06:23:00,248.3,1.5,373,216.0,1.6,346,25316,16152,29.5,134.0
Station_01,Inv_00,20170706,06:24:00,239.5,1.6,383,215.0,1.6,344,25316,16152,29.8,140.0
Station_01,Inv_00,20170706,06:25:00,248.9,1.6,398,216.0,1.7,367,25316,16152,29.9,145.0
Station_01,Inv_00,20170706,06:26:00,245.5,1.7,417,217.0,1.8,391,25316,16152,30.2,150.0
Station_01,Inv_00,20170706,06:27:00,245.5,1.6,393,216.0,1.9,410,25316,16152,30.4,167.0
Station_01,Inv_00,20170706,06:28:00,250.2,1.7,425,215.0,1.9,409,25316,16152,30.6,166.0
Station_01,Inv_00,20170706,06:29:00,240.0,1.7,408,216.0,1.8,389,25316,16152,30.7,155.0
Station_01,Inv_00,20170706,06:30:00,241.8,1.7,411,217.0,1.8,391,25316,16152,30.8,155.0
Station_01,Inv_00,20170706,06:31:00,246.5,1.7,419,217.0,1.8,391,25316,16152,30.9,156.0
Station_01,Inv_00,20170706,06:32:00,238.5,1.8,429,217.0,1.8,391,25316,16152,31.1,154.0
Station_01,Inv_00,20170706,06:33:00,233.0,1.8,419,216.0,1.9,410,25316,16152,31.2,159.0
Station_01,Inv_00,20170706,06:34:00,245.8,1.9,467,217.0,2.0,434,25316,16152,31.3,165.0
Station_01,Inv_00,20170706,06:35:00,245.5,2.0,491,215.0,2.1,452,25316,16152,31.6,169.0
Station_01,Inv_00,20170706,06:36:00,247.5,2.0,495,218.0,2.1,458,25316,16152,31.8,174.0
Station_01,Inv_00,20170706,06:37:00,236.5,2.1,497,217.0,2.2,477,25316,16152,32.0,178.0
Station_01,Inv_00,20170706,06:38:00,239.0,2.2,526,217.0,2.2,477,25316,16152,32.2,181.0
Station_01,Inv_00,20170706,06:39:00,241.2,2.2,531,219.0,2.3,504,25316,16152,32.4,183.0
Station_01,Inv_00,20170706,06:40:00,244.0,2.2,537,219.0,2.3,504,25316,16152,32.7,183.0
Station_01,Inv_00,20170706,06:41:00,240.9,2.3,554,219.0,2.4,526,25316,16152,32.9,186.0
Station_01,Inv_00,20170706,06:42:00,244.5,2.3,562,219.0,2.4,526,25316,16152,33.1,191.0
Station_01,Inv_00,20170706,06:43:00,249.4,2.3,574,218.0,2.5,545,25316,16152,33.3,195.0
Station_01,Inv_00,20170706,06:44:00,244.0,2.4,586,218.0,2.5,545,25316,16152,33.4,198.0
Station_01,Inv_00,20170706,06:45:00,246.0,2.3,566,218.0,2.6,567,25316,16152,33.6,200.0
Station_01,Inv_00,20170706,06:46:00,242.5,2.5,606,217.0,2.6,564,25316,16152,33.9,202.0
Station_01,Inv_00,20170706,06:47:00,241.5,2.6,628,217.0,2.7,586,25316,16152,34.1,206.0
Station_01,Inv_00,20170706,06:48:00,242.5,2.7,655,216.0,2.8,605,25316,16152,34.3,211.0
Station_01,Inv_00,20170706,06:49:00,235.5,2.7,636,215.0,2.9,624,25316,16152,34.7,219.0
Station_01,Inv_00,20170706,06:50:00,242.5,2.9,703,216.0,3.0,648,25316,16152,35.0,224.0
Station_01,Inv_00,20170706,06:51:00,243.0,2.9,705,216.0,3.1,670,25316,16152,35.1,227.0
Station_01,Inv_00,20170706,06:52:00,240.0,3.0,720,216.0,3.1,670,25316,16152,35.5,230.0
Station_01,Inv_00,20170706,06:53:00,247.5,2.8,693,216.0,3.1,670,25316,16152,35.7,232.0
Station_01,Inv_00,20170706,06:54:00,238.5,3.0,716,216.0,3.1,670,25316,16152,36.1,229.0
Station_01,Inv_00,20170706,06:55:00,242.5,2.9,703,217.0,3.1,673,25316,16152,36.3,229.0
Station_01,Inv_00,20170706,06:56:00,240.0,3.0,720,216.0,3.1,670,25316,16152,36.4,228.0
Station_01,Inv_00,20170706,06:57:00,242.5,3.0,728,216.0,3.1,670,25316,16152,36.3,234.0
Station_01,Inv_00,20170706,06:58:00,236.0,3.0,708,218.0,3.2,698,25316,16152,36.7,239.0
Station_01,Inv_00,20170706,06:59:00,241.0,3.2,771,218.0,3.4,741,25316,16152,36.8,247.0
Station_01,Inv_00,20170706,07:00:00,239.3,3.4,814,217.0,3.5,760,25316,16152,37.2,252.0
Station_01,Inv_00,20170706,07:01:00,238.0,3.4,809,216.0,3.6,778,25316,16152,37.3,256.0
Station_01,Inv_00,20170706,07:02:00,245.0,3.4,833,217.0,3.6,781,25316,16152,37.8,258.0
Station_01,Inv_00,20170706,07:03:00,244.9,3.3,808,216.0,3.6,778,25316,16152,38.1,262.0
Station_01,Inv_00,20170706,07:04:00,245.0,3.4,833,216.0,3.7,799,25316,16152,38.4,267.0
Station_01,Inv_00,20170706,07:05:00,243.5,3.6,877,217.0,3.8,825,25316,16152,38.9,269.0
Station_01,Inv_00,20170706,07:06:00,236.0,3.7,873,216.0,3.8,821,25316,16152,39.3,272.0
Station_01,Inv_00,20170706,07:07:00,244.0,3.6,878,216.0,3.9,842,25316,16152,39.6,275.0
Station_01,Inv_00,20170706,07:08:00,236.5,3.7,875,217.0,4.0,868,25316,16152,39.7,281.0
Station_01,Inv_00,20170706,07:09:00,239.5,3.8,910,217.0,4.0,868,25316,16152,40.1,284.0
Station_01,Inv_00,20170706,07:10:00,240.0,4.0,960,218.0,4.1,894,25316,16152,40.4,291.0
Station_01,Inv_00,20170706,07:11:00,240.5,4.0,962,217.0,4.1,890,25316,16152,40.6,296.0
Station_01,Inv_00,20170706,07:12:00,244.5,4.0,978,217.0,4.2,911,25316,16152,40.7,301.0
Station_01,Inv_00,20170706,07:13:00,242.0,4.2,1016,217.0,4.2,911,25316,16152,40.6,307.0
Station_01,Inv_00,20170706,07:14:00,238.0,4.2,1000,216.0,4.3,929,25316,16152,40.8,309.0
Station_01,Inv_00,20170706,07:15:00,242.5,4.3,1043,216.0,4.4,950,25316,16152,41.3,312.0
Station_01,Inv_00,20170706,07:16:00,238.5,4.4,1049,216.0,4.4,950,25316,16152,40.4,314.0
Station_01,Inv_00,20170706,07:17:00,231.5,4.3,995,216.0,4.3,929,25316,16152,40.9,314.0
Station_01,Inv_00,20170706,07:18:00,234.5,4.5,1055,217.0,4.4,955,25316,16152,41.2,317.0
Station_01,Inv_00,20170706,07:19:00,233.0,4.6,1072,217.0,4.5,977,25316,16152,40.8,324.0
Station_01,Inv_00,20170706,07:20:00,243.0,4.4,1069,216.0,4.6,994,25316,16152,40.8,330.0
Station_01,Inv_00,20170706,07:21:00,241.5,4.5,1087,217.0,4.7,1020,25316,16152,40.7,335.0
Station_01,Inv_00,20170706,07:22:00,238.0,4.8,1142,217.0,4.8,1042,25316,16152,41.5,339.0
Station_01,Inv_00,20170706,07:23:00,238.5,4.7,1121,218.0,4.9,1068,25316,16152,41.6,343.0
Station_01,Inv_00,20170706,07:24:00,229.0,4.9,1122,217.0,4.8,1042,25316,16152,41.4,348.0
Station_01,Inv_00,20170706,07:25:00,244.0,4.8,1171,217.0,5.1,1107,25316,16152,41.0,356.0
Station_01,Inv_00,20170706,07:26:00,240.5,5.0,1202,217.0,5.2,1128,25316,16152,41.9,362.0
Station_01,Inv_00,20170706,07:27:00,238.5,5.1,1216,217.0,5.2,1128,25316,16152,42.2,368.0
Station_01,Inv_00,20170706,07:28:00,238.0,5.3,1261,217.0,5.3,1150,25316,16152,42.4,374.0
Station_01,Inv_00,20170706,07:29:00,237.0,5.2,1232,217.0,5.4,1172,25316,16152,42.8,372.0
Station_01,Inv_00,20170706,07:30:00,241.0,5.3,1277,218.0,5.4,1177,25317,16152,43.0,376.0
Station_01,Inv_00,20170706,07:31:00,234.0,5.3,1240,217.0,5.4,1172,25317,16152,42.5,374.0
Station_01,Inv_00,20170706,07:32:00,235.5,5.4,1272,217.0,5.4,1172,25317,16152,41.7,374.0
Station_01,Inv_00,20170706,07:33:00,238.0,5.3,1261,218.0,5.3,1155,25317,16152,41.8,372.0
Station_01,Inv_00,20170706,07:34:00,232.0,5.4,1253,217.0,5.3,1150,25317,16152,41.6,372.0
Station_01,Inv_00,20170706,07:35:00,241.0,5.1,1229,219.0,5.3,1161,25317,16152,41.7,370.0
Station_01,Inv_00,20170706,07:36:00,242.0,5.2,1258,218.0,5.5,1199,25317,16152,41.0,376.0
Station_01,Inv_00,20170706,07:37:00,239.5,5.5,1317,217.0,5.7,1237,25317,16152,41.4,388.0
Station_01,Inv_00,20170706,07:38:00,242.5,5.7,1382,218.0,5.8,1264,25317,16152,41.4,397.0
Station_01,Inv_00,20170706,07:39:00,234.5,5.8,1360,218.0,5.9,1286,25317,16152,41.4,403.0
Station_01,Inv_00,20170706,07:40:00,235.5,5.9,1389,218.0,6.0,1308,25317,16152,41.5,409.0
Station_01,Inv_00,20170706,07:41:00,231.5,6.0,1389,218.0,6.0,1308,25317,16152,41.8,413.0
Station_01,Inv_00,20170706,07:42:00,240.0,5.8,1392,218.0,6.1,1330,25317,16152,41.8,414.0
Station_01,Inv_00,20170706,07:43:00,240.0,5.8,1392,218.0,6.0,1308,25317,16152,41.9,415.0
Station_01,Inv_00,20170706,07:44:00,236.0,6.0,1416,218.0,6.0,1308,25317,16152,42.4,410.0
Station_01,Inv_00,20170706,07:45:00,231.5,5.9,1366,218.0,6.0,1308,25317,16152,42.6,410.0
Station_01,Inv_00,20170706,07:46:00,236.0,6.1,1439,217.0,6.1,1324,25317,16152,42.1,414.0
Station_01,Inv_00,20170706,07:47:00,237.0,6.1,1446,217.0,6.2,1345,25317,16152,42.5,416.0
Station_01,Inv_00,20170706,07:48:00,234.5,6.3,1477,217.0,6.2,1345,25317,16152,42.8,424.0
Station_01,Inv_00,20170706,07:49:00,230.0,6.5,1495,217.0,6.4,1389,25317,16152,42.8,433.0
Station_01,Inv_00,20170706,07:50:00,239.5,6.2,1485,218.0,6.5,1417,25317,16152,43.8,444.0
Station_01,Inv_00,20170706,07:51:00,236.5,6.5,1537,218.0,6.6,1439,25317,16152,44.3,440.0
Station_01,Inv_00,20170706,07:52:00,235.0,6.5,1527,218.0,6.7,1461,25317,16152,44.9,446.0
Station_01,Inv_00,20170706,07:53:00,234.0,6.6,1544,217.0,6.7,1454,25317,16152,45.4,447.0
Station_01,Inv_00,20170706,07:54:00,228.0,6.7,1528,217.0,6.6,1432,25317,16152,46.1,451.0
Station_01,Inv_00,20170706,07:55:00,228.0,6.8,1550,218.0,6.7,1461,25317,16152,46.2,453.0
Station_01,Inv_00,20170706,07:56:00,236.9,6.6,1564,217.0,6.8,1476,25317,16152,47.0,455.0
Station_01,Inv_00,20170706,07:57:00,226.0,6.9,1559,217.0,6.7,1454,25317,16152,46.1,456.0
Station_01,Inv_00,20170706,07:58:00,224.5,6.9,1549,216.0,6.7,1447,25317,16152,45.9,456.0
Station_01,Inv_00,20170706,07:59:00,224.4,6.8,1526,216.0,6.7,1447,25317,16152,45.4,459.0
Station_01,Inv_00,20170706,08:00:00,225.5,6.9,1556,215.0,6.8,1462,25317,16152,45.6,462.0
Station_01,Inv_00,20170706,08:01:00,226.0,6.9,1559,215.0,6.9,1484,25317,16152,46.5,465.0
Station_01,Inv_00,20170706,08:02:00,225.5,7.1,1601,215.0,7.0,1505,25317,16152,47.2,473.0
Station_01,Inv_00,20170706,08:03:00,224.5,7.2,1616,216.0,7.1,1534,25317,16152,45.8,478.0
Station_01,Inv_00,20170706,08:04:00,224.0,7.3,1635,216.0,7.2,1555,25317,16152,46.8,484.0
Station_01,Inv_00,20170706,08:05:00,224.0,7.4,1658,216.0,7.3,1577,25317,16152,46.2,500.0
Station_01,Inv_00,20170706,08:06:00,225.0,7.5,1687,217.0,7.3,1584,25317,16152,47.5,506.0
Station_01,Inv_00,20170706,08:07:00,230.9,7.4,1709,217.0,7.5,1628,25317,16152,46.5,507.0
Station_01,Inv_00,20170706,08:08:00,231.0,7.5,1733,216.0,7.6,1642,25317,16152,47.4,501.0
Station_01,Inv_00,20170706,08:09:00,233.5,7.4,1728,216.0,7.6,1642,25317,16152,47.8,507.0
Station_01,Inv_00,20170706,08:10:00,235.0,7.5,1762,216.0,7.6,1642,25317,16152,47.3,508.0
Station_01,Inv_00,20170706,08:11:00,234.0,7.4,1732,216.0,7.6,1642,25318,16153,48.0,515.0
Station_01,Inv_00,20170706,08:12:00,233.0,7.5,1747,216.0,7.7,1663,25318,16153,48.5,509.0
Station_01,Inv_00,20170706,08:13:00,230.5,7.7,1775,216.0,7.7,1663,25318,16153,49.5,518.0
Station_01,Inv_00,20170706,08:14:00,231.0,7.7,1779,218.0,7.7,1679,25318,16153,49.6,525.0
Station_01,Inv_00,20170706,08:15:00,231.0,7.8,1802,218.0,7.8,1700,25318,16153,49.1,530.0
Station_01,Inv_00,20170706,08:16:00,229.0,7.9,1809,218.0,7.9,1722,25318,16153,48.9,544.0
Station_01,Inv_00,20170706,08:17:00,231.5,7.9,1829,217.0,8.0,1736,25318,16153,48.7,551.0
Station_01,Inv_00,20170706,08:18:00,227.0,8.1,1839,216.0,8.0,1728,25318,16153,49.1,539.0
Station_01,Inv_00,20170706,08:19:00,231.5,7.9,1829,216.0,8.0,1728,25318,16153,49.6,543.0
Station_01,Inv_00,20170706,08:20:00,219.0,8.2,1796,216.0,7.8,1685,25318,16153,49.5,551.0
Station_01,Inv_00,20170706,08:21:00,219.0,8.2,1796,216.0,7.9,1706,25318,16153,49.5,554.0
Station_01,Inv_00,20170706,08:22:00,219.0,8.3,1818,216.0,7.9,1706,25318,16153,49.6,551.0
Station_01,Inv_00,20170706,08:23:00,219.5,8.3,1822,216.0,8.0,1728,25318,16153,50.6,554.0
Station_01,Inv_00,20170706,08:24:00,219.5,8.5,1866,216.0,8.1,1750,25318,16153,49.5,560.0
Station_01,Inv_00,20170706,08:25:00,219.5,8.5,1866,216.0,8.2,1771,25318,16153,51.1,554.0
Station_01,Inv_00,20170706,08:26:00,219.5,8.7,1910,217.0,8.2,1779,25318,16153,51.7,570.0
Station_01,Inv_00,20170706,08:27:00,219.5,8.8,1932,217.0,8.4,1823,25318,16153,51.1,581.0
Station_01,Inv_00,20170706,08:28:00,219.0,8.7,1905,215.0,8.3,1785,25318,16153,51.7,580.0
Station_01,Inv_00,20170706,08:29:00,228.5,8.7,1988,216.0,8.7,1879,25318,16153,52.1,587.0
Station_01,Inv_00,20170706,08:30:00,227.0,8.8,1998,216.0,8.7,1879,25318,16153,52.4,593.0
Station_01,Inv_00,20170706,08:31:00,227.5,8.8,2002,216.0,8.7,1879,25318,16153,52.7,593.0
Station_01,Inv_00,20170706,08:32:00,227.0,8.9,2020,215.0,8.8,1892,25318,16153,53.5,590.0
Station_01,Inv_00,20170706,08:33:00,224.0,8.9,1994,215.0,8.7,1870,25318,16153,53.6,597.0
Station_01,Inv_00,20170706,08:34:00,224.0,9.0,2016,215.0,8.8,1892,25318,16153,51.3,586.0
Station_01,Inv_00,20170706,08:35:00,226.5,9.1,2061,215.0,9.0,1935,25318,16153,52.3,604.0
Station_01,Inv_00,20170706,08:36:00,211.0,9.5,2004,216.0,8.7,1879,25318,16153,51.1,618.0
Station_01,Inv_00,20170706,08:37:00,212.0,9.4,1993,218.0,8.6,1875,25318,16153,51.5,603.0
Station_01,Inv_00,20170706,08:38:00,213.5,9.5,2028,219.0,8.7,1905,25318,16153,53.0,601.0
Station_01,Inv_00,20170706,08:39:00,228.4,9.0,2056,219.0,8.9,1949,25318,16153,53.3,618.0
Station_01,Inv_00,20170706,08:40:00,214.5,9.7,2081,218.0,8.9,1940,25318,16153,54.1,610.0
Station_01,Inv_00,20170706,08:41:00,223.9,9.4,2105,218.0,9.2,2006,25318,16153,54.4,620.0
Station_01,Inv_00,20170706,08:42:00,225.4,9.3,2096,218.0,9.2,2006,25319,16154,55.1,621.0
Station_01,Inv_00,20170706,08:43:00,224.0,9.3,2083,218.0,9.1,1984,25319,16154,53.0,616.0
Station_01,Inv_00,20170706,08:44:00,227.0,9.3,2111,218.0,9.1,1984,25319,16154,53.9,618.0
Station_01,Inv_00,20170706,08:45:00,221.5,9.6,2126,219.0,9.2,2015,25319,16154,55.1,621.0
Station_01,Inv_00,20170706,08:46:00,230.5,9.3,2144,218.0,9.3,2027,25319,16154,55.9,615.0
Station_01,Inv_00,20170706,08:47:00,214.5,9.9,2123,217.0,9.3,2018,25319,16154,55.9,642.0
Station_01,Inv_00,20170706,08:48:00,220.0,9.9,2178,217.0,9.4,2040,25319,16154,56.1,639.0
Station_01,Inv_00,20170706,08:49:00,219.5,10.1,2217,217.0,9.6,2083,25319,16154,57.0,645.0
Station_01,Inv_00,20170706,08:50:00,211.0,10.4,2194,217.0,9.5,2062,25319,16154,57.0,658.0
Station_01,Inv_00,20170706,08:51:00,223.5,10.1,2257,217.0,9.8,2127,25319,16154,57.8,655.0
Station_01,Inv_00,20170706,08:52:00,220.5,10.2,2249,217.0,9.8,2127,25319,16154,57.2,662.0
Station_01,Inv_00,20170706,08:53:00,221.5,10.2,2259,217.0,9.8,2127,25319,16154,57.6,666.0
Station_01,Inv_00,20170706,08:54:00,205.5,10.7,2199,217.0,9.6,2083,25319,16154,57.9,665.0
Station_01,Inv_00,20170706,08:55:00,205.5,10.7,2199,218.0,9.5,2071,25319,16154,58.0,660.0
Station_01,Inv_00,20170706,08:56:00,200.5,10.7,2145,218.0,9.3,2027,25319,16154,57.9,660.0
Station_01,Inv_00,20170706,08:57:00,200.5,10.7,2145,217.0,9.3,2018,25319,16154,57.9,662.0
Station_01,Inv_00,20170706,08:58:00,200.0,10.8,2160,217.0,9.3,2018,25319,16154,58.3,667.0
Station_01,Inv_00,20170706,08:59:00,201.0,10.9,2191,217.0,9.4,2040,25319,16154,57.7,667.0
Station_01,Inv_00,20170706,09:00:00,200.0,10.9,2180,216.0,9.5,2052,25319,16154,57.8,670.0
Station_01,Inv_00,20170706,09:01:00,200.0,10.8,2160,217.0,9.4,2040,25319,16154,58.3,686.0
Station_01,Inv_00,20170706,09:02:00,220.9,10.6,2342,217.0,10.2,2213,25319,16154,59.4,683.0
Station_01,Inv_00,20170706,09:03:00,219.5,10.7,2349,217.0,10.2,2213,25319,16154,59.3,697.0
Station_01,Inv_00,20170706,09:04:00,222.0,10.5,2331,217.0,10.2,2213,25319,16154,59.5,700.0
Station_01,Inv_00,20170706,09:05:00,220.0,10.6,2332,217.0,10.2,2213,25319,16154,59.1,683.0
Station_01,Inv_00,20170706,09:06:00,219.5,10.5,2305,216.0,10.1,2182,25319,16154,59.0,686.0
Station_01,Inv_00,20170706,09:07:00,220.5,10.5,2315,218.0,10.0,2180,25319,16154,60.0,682.0
Station_01,Inv_00,20170706,09:08:00,209.5,10.9,2283,217.0,9.8,2127,25319,16154,59.1,676.0
Station_01,Inv_00,20170706,09:09:00,216.0,10.9,2354,217.0,10.2,2213,25320,16154,59.6,701.0
Station_01,Inv_00,20170706,09:10:00,217.0,10.9,2365,216.0,10.3,2225,25320,16154,60.3,696.0
Station_01,Inv_00,20170706,09:11:00,221.0,10.9,2409,216.0,10.4,2246,25320,16154,60.0,713.0
Station_01,Inv_00,20170706,09:12:00,205.5,11.4,2342,217.0,10.2,2213,25320,16154,60.9,716.0
Station_01,Inv_00,20170706,09:13:00,204.5,11.5,2352,217.0,10.2,2213,25320,16154,61.3,722.0
Station_01,Inv_00,20170706,09:14:00,205.0,11.5,2358,217.0,10.3,2235,25320,16154,62.0,724.0
Station_01,Inv_00,20170706,09:15:00,204.5,11.7,2393,217.0,10.3,2235,25320,16154,61.5,728.0
Station_01,Inv_00,20170706,09:16:00,218.5,11.1,2425,217.0,10.6,2300,25320,16154,59.6,735.0
Station_01,Inv_00,20170706,09:17:00,212.0,11.4,2417,218.0,10.4,2267,25320,16154,58.9,726.0
Station_01,Inv_00,20170706,09:18:00,220.5,10.9,2403,217.0,10.4,2257,25320,16154,59.2,712.0
Station_01,Inv_00,20170706,09:19:00,218.4,10.8,2359,216.0,10.3,2225,25320,16154,59.5,713.0
Station_01,Inv_00,20170706,09:20:00,208.0,11.7,2434,217.0,10.5,2279,25320,16154,59.9,713.0
Station_01,Inv_00,20170706,09:21:00,221.5,11.3,2503,217.0,10.8,2344,25320,16154,59.8,745.0
Station_01,Inv_00,20170706,09:22:00,220.5,11.3,2491,217.0,10.8,2344,25320,16154,61.1,747.0
Station_01,Inv_00,20170706,09:23:00,218.5,11.4,2491,216.0,10.8,2333,25320,16154,61.0,743.0
Station_01,Inv_00,20170706,09:24:00,216.0,11.3,2441,217.0,10.7,2322,25320,16154,62.0,734.0
Station_01,Inv_00,20170706,09:25:00,216.5,11.2,2425,216.0,10.5,2268,25320,16154,62.5,726.0
Station_01,Inv_00,20170706,09:26:00,203.5,11.5,2340,216.0,10.2,2203,25320,16154,62.0,726.0
Station_01,Inv_00,20170706,09:27:00,205.5,11.3,2322,216.0,10.1,2182,25320,16154,61.1,716.0
Station_01,Inv_00,20170706,09:28:00,219.5,10.9,2393,216.0,10.4,2246,25320,16154,59.4,716.0
Station_01,Inv_00,20170706,09:29:00,218.5,11.1,2425,216.0,10.6,2290,25320,16154,61.4,727.0
Station_01,Inv_00,20170706,09:30:00,216.0,11.0,2376,217.0,10.3,2235,25320,16154,60.9,718.0
Station_01,Inv_00,20170706,09:31:00,216.5,10.8,2338,217.0,10.2,2213,25320,16154,60.9,697.0
Station_01,Inv_00,20170706,09:32:00,215.0,11.1,2386,217.0,10.3,2235,25320,16154,61.1,720.0
Station_01,Inv_00,20170706,09:33:00,218.0,11.1,2420,217.0,10.5,2279,25320,16154,61.7,724.0
Station_01,Inv_00,20170706,09:34:00,216.0,10.9,2354,216.0,10.3,2225,25321,16155,61.5,708.0
Station_01,Inv_00,20170706,09:35:00,220.0,10.8,2376,217.0,10.3,2235,25321,16155,61.2,714.0
Station_01,Inv_00,20170706,09:36:00,218.0,11.1,2420,217.0,10.4,2257,25321,16155,60.7,713.0
Station_01,Inv_00,20170706,09:37:00,218.0,11.5,2507,218.0,10.8,2354,25321,16155,60.6,744.0
Station_01,Inv_00,20170706,09:38:00,209.5,12.1,2535,218.0,10.9,2376,25321,16155,61.1,766.0
Station_01,Inv_00,20170706,09:39:00,218.5,11.7,2556,217.0,11.0,2387,25321,16155,62.0,768.0
Station_01,Inv_00,20170706,09:40:00,215.0,12.1,2601,216.0,11.3,2441,25321,16155,62.7,768.0
Station_01,Inv_00,20170706,09:41:00,215.5,12.3,2651,217.0,11.5,2496,25321,16155,63.1,793.0
Station_01,Inv_00,20170706,09:42:00,215.5,12.4,2672,217.0,11.6,2517,25321,16155,62.8,804.0
Station_01,Inv_00,20170706,09:43:00,217.5,12.3,2675,217.0,11.6,2517,25321,16155,62.7,799.0
Station_01,Inv_00,20170706,09:44:00,217.0,12.5,2713,217.0,11.8,2561,25321,16155,63.0,812.0
Station_01,Inv_00,20170706,09:45:00,212.5,13.2,2805,217.0,12.1,2626,25321,16155,61.7,834.0
Station_01,Inv_00,20170706,09:46:00,213.5,13.2,2818,217.0,12.2,2647,25321,16155,64.2,842.0
Station_01,Inv_00,20170706,09:47:00,201.5,13.9,2801,217.0,12.1,2626,25321,16155,65.3,854.0
Station_01,Inv_00,20170706,09:48:00,202.0,13.9,2808,217.0,12.2,2647,25321,16155,63.8,849.0
Station_01,Inv_00,20170706,09:49:00,202.5,13.6,2754,218.0,11.9,2594,25321,16155,64.0,836.0
Station_01,Inv_00,20170706,09:50:00,202.0,13.1,2646,218.0,11.3,2463,25321,16155,64.3,799.0
Station_01,Inv_00,20170706,09:51:00,202.5,12.7,2572,217.0,11.2,2430,25321,16155,64.4,790.0
Station_01,Inv_00,20170706,09:52:00,202.0,12.9,2606,218.0,11.2,2442,25321,16155,61.6,784.0
Station_01,Inv_00,20170706,09:53:00,201.0,10.3,2070,216.0,9.2,1987,25321,16155,63.3,753.0
Station_01,Inv_00,20170706,09:54:00,204.6,8.1,1657,216.0,7.2,1555,25321,16155,62.4,589.0
Station_01,Inv_00,20170706,09:55:00,203.0,4.5,914,215.0,4.0,860,25321,16155,60.4,325.0
Station_01,Inv_00,20170706,09:56:00,212.5,4.2,892,215.0,3.9,839,25321,16155,56.7,276.0
Station_01,Inv_00,20170706,09:57:00,223.0,4.1,914,215.0,4.0,860,25321,16155,54.4,276.0
Station_01,Inv_00,20170706,09:58:00,222.0,4.7,1043,216.0,4.6,994,25321,16155,53.6,296.0
Station_01,Inv_00,20170706,09:59:00,221.4,8.1,1793,216.0,7.7,1663,25321,16155,53.9,460.0
Station_01,Inv_00,20170706,10:00:00,223.9,8.7,1948,216.0,8.5,1836,25321,16155,53.5,581.0
Station_01,Inv_00,20170706,10:01:00,222.9,10.0,2229,216.0,10.2,2203,25322,16155,54.1,688.0
Station_01,Inv_00,20170706,10:02:00,225.0,11.9,2677,217.0,11.6,2517,25322,16155,55.8,756.0
Station_01,Inv_00,20170706,10:03:00,224.5,10.9,2447,217.0,10.3,2235,25322,16155,56.8,633.0
Station_01,Inv_00,20170706,10:04:00,220.5,12.6,2778,217.0,12.0,2604,25322,16155,58.4,800.0
Station_01,Inv_00,20170706,10:05:00,218.5,11.2,2447,216.0,10.7,2311,25322,16155,56.8,750.0
Station_01,Inv_00,20170706,10:06:00,221.5,11.0,2436,216.0,10.5,2268,25322,16155,57.6,703.0
Station_01,Inv_00,20170706,10:07:00,222.4,8.4,1868,216.0,8.2,1771,25322,16155,58.7,576.0
Station_01,Inv_00,20170706,10:08:00,221.0,5.8,1282,216.0,5.6,1210,25322,16155,55.3,390.0
Station_01,Inv_00,20170706,10:09:00,219.6,6.7,1472,216.0,6.1,1318,25322,16155,54.2,384.0
Station_01,Inv_00,20170706,10:10:00,226.4,8.4,1902,217.0,8.2,1779,25322,16155,56.2,525.0
Station_01,Inv_00,20170706,10:11:00,226.5,6.1,1382,216.0,5.9,1274,25322,16155,55.5,492.0
Station_01,Inv_00,20170706,10:12:00,222.0,8.2,1820,216.0,7.7,1663,25322,16155,55.0,447.0
Station_01,Inv_00,20170706,10:13:00,223.0,5.0,1115,216.0,4.7,1015,25322,16155,53.9,521.0
Station_01,Inv_00,20170706,10:14:00,229.0,4.4,1008,216.0,4.3,929,25322,16155,52.6,310.0
Station_01,Inv_00,20170706,10:15:00,229.0,4.2,962,216.0,4.1,886,25322,16155,50.4,299.0
Station_01,Inv_00,20170706,10:16:00,232.5,4.0,930,216.0,4.0,864,25322,16155,48.9,287.0
Station_01,Inv_00,20170706,10:17:00,230.9,4.0,924,216.0,4.0,864,25322,16155,49.1,277.0
Station_01,Inv_00,20170706,10:18:00,232.5,4.0,930,216.0,4.0,864,25322,16155,48.3,274.0
Station_01,Inv_00,20170706,10:19:00,234.0,4.2,983,215.0,4.1,881,25322,16155,47.5,279.0
Station_01,Inv_00,20170706,10:20:00,234.0,4.3,1006,215.0,4.3,925,25322,16155,46.4,287.0
Station_01,Inv_00,20170706,10:21:00,230.0,4.5,1035,216.0,4.4,950,25322,16155,46.8,301.0
Station_01,Inv_00,20170706,10:22:00,232.9,4.8,1118,216.0,4.7,1015,25322,16155,46.8,310.0
Station_01,Inv_00,20170706,10:23:00,233.0,5.2,1212,215.0,5.1,1097,25322,16155,46.4,335.0
Station_01,Inv_00,20170706,10:24:00,235.1,5.9,1387,215.0,5.9,1269,25322,16155,47.3,415.0
Station_01,Inv_00,20170706,10:25:00,228.5,13.5,3085,217.0,13.4,2908,25322,16155,50.5,841.0
Station_01,Inv_00,20170706,10:26:00,227.0,14.1,3201,217.0,13.8,2995,25322,16155,51.1,896.0
Station_01,Inv_00,20170706,10:27:00,223.0,14.5,3233,217.0,13.9,3016,25322,16155,55.3,904.0
Station_01,Inv_00,20170706,10:28:00,215.5,14.8,3189,217.0,13.9,3016,25322,16155,56.4,916.0
Station_01,Inv_00,20170706,10:29:00,211.0,15.0,3165,217.0,13.7,2973,25322,16155,58.8,915.0
Station_01,Inv_00,20170706,10:30:00,218.5,14.7,3212,217.0,13.9,3016,25322,16155,60.3,928.0
Station_01,Inv_00,20170706,10:31:00,215.5,14.8,3189,217.0,13.9,3016,25322,16155,61.2,932.0
Station_01,Inv_00,20170706,10:32:00,216.5,15.0,3247,216.0,14.1,3046,25323,16156,62.1,955.0
Station_01,Inv_00,20170706,10:33:00,212.0,14.8,3138,216.0,13.7,2959,25323,16156,63.8,930.0
Station_01,Inv_00,20170706,10:34:00,208.0,15.0,3120,216.0,13.5,2916,25323,16156,64.3,922.0
Station_01,Inv_00,20170706,10:35:00,213.0,14.4,3067,216.0,13.4,2894,25323,16156,64.9,910.0
Station_01,Inv_00,20170706,10:36:00,210.0,14.2,2982,216.0,12.9,2786,25323,16156,64.6,881.0
Station_01,Inv_00,20170706,10:37:00,210.5,14.7,3094,215.0,13.4,2881,25323,16156,62.4,898.0
Station_01,Inv_00,20170706,10:38:00,210.5,14.8,3115,216.0,13.5,2916,25323,16156,62.8,907.0
Station_01,Inv_00,20170706,10:39:00,206.5,15.2,3139,215.0,13.6,2924,25323,16156,62.2,920.0
Station_01,Inv_00,20170706,10:40:00,207.0,14.7,3043,216.0,13.3,2873,25323,16156,65.4,909.0
Station_01,Inv_00,20170706,10:41:00,210.0,14.4,3024,216.0,13.3,2873,25323,16156,66.5,907.0
Station_01,Inv_00,20170706,10:42:00,212.5,6.5,1381,215.0,6.2,1333,25323,16156,62.9,452.0
Station_01,Inv_00,20170706,10:43:00,218.5,6.1,1333,215.0,5.8,1247,25323,16156,62.0,405.0
Station_01,Inv_00,20170706,10:44:00,213.0,5.7,1214,214.0,5.4,1156,25323,16156,59.4,366.0
Station_01,Inv_00,20170706,10:45:00,216.5,5.2,1126,215.0,5.0,1075,25323,16156,58.2,339.0
Station_01,Inv_00,20170706,10:46:00,217.5,5.1,1109,215.0,4.7,1011,25323,16156,55.3,321.0
Station_01,Inv_00,20170706,10:47:00,223.4,5.0,1117,215.0,4.9,1054,25323,16156,54.0,321.0
Station_01,Inv_00,20170706,10:48:00,223.0,8.1,1806,215.0,7.9,1699,25323,16156,53.4,480.0
Station_01,Inv_00,20170706,10:49:00,222.5,12.0,2670,216.0,11.4,2462,25323,16156,53.0,704.0
Station_01,Inv_00,20170706,10:50:00,218.5,14.4,3146,216.0,13.8,2981,25323,16156,56.1,896.0
Station_01,Inv_00,20170706,10:51:00,222.4,11.8,2625,215.0,11.5,2473,25323,16156,56.3,705.0
Station_01,Inv_00,20170706,10:52:00,221.7,6.7,1486,215.0,6.4,1376,25323,16156,55.7,431.0
Station_01,Inv_00,20170706,10:53:00,225.9,5.4,1220,214.0,5.2,1113,25323,16156,53.2,380.0
Station_01,Inv_00,20170706,10:54:00,219.4,5.2,1141,214.0,4.9,1049,25323,16156,52.6,333.0
Station_01,Inv_00,20170706,10:55:00,227.5,5.1,1160,214.0,5.0,1070,25323,16156,51.3,330.0
Station_01,Inv_00,20170706,10:56:00,229.5,5.0,1148,215.0,5.0,1075,25323,16156,49.9,323.0
Station_01,Inv_00,20170706,10:57:00,230.8,5.0,1154,214.0,5.0,1070,25323,16156,48.9,324.0
Station_01,Inv_00,20170706,10:58:00,234.0,4.8,1123,215.0,4.8,1032,25323,16156,48.5,318.0
Station_01,Inv_00,20170706,10:59:00,232.0,4.6,1067,214.0,4.6,984,25323,16156,47.6,310.0
Station_01,Inv_00,20170706,11:00:00,232.5,4.6,1070,215.0,4.5,968,25323,16156,47.5,304.0
Station_01,Inv_00,20170706,11:01:00,229.0,4.6,1053,215.0,4.5,968,25323,16156,46.9,306.0
Station_01,Inv_00,20170706,11:02:00,228.4,4.4,1005,215.0,4.4,946,25324,16157,46.2,290.0
Station_01,Inv_00,20170706,11:03:00,235.9,4.4,1038,215.0,4.5,968,25324,16157,45.8,305.0
Station_01,Inv_00,20170706,11:04:00,229.5,4.6,1056,215.0,4.6,989,25324,16157,44.7,301.0
Station_01,Inv_00,20170706,11:05:00,234.3,4.6,1078,215.0,4.6,989,25324,16157,45.0,314.0
Station_01,Inv_00,20170706,11:06:00,234.0,4.4,1029,215.0,4.6,989,25324,16157,44.5,297.0
Station_01,Inv_00,20170706,11:07:00,231.4,4.8,1111,215.0,4.9,1054,25324,16157,43.9,313.0
Station_01,Inv_00,20170706,11:08:00,236.5,5.5,1301,215.0,5.6,1204,25324,16157,44.5,347.0
Station_01,Inv_00,20170706,11:09:00,227.6,10.0,2276,216.0,11.2,2419,25324,16157,47.0,786.0
Station_01,Inv_00,20170706,11:10:00,230.4,6.0,1383,215.0,5.9,1269,25324,16157,45.9,380.0
Station_01,Inv_00,20170706,11:11:00,233.5,6.1,1424,215.0,6.2,1333,25324,16157,46.0,410.0
Station_01,Inv_00,20170706,11:12:00,230.0,6.4,1472,215.0,6.3,1355,25324,16157,46.0,403.0
Station_01,Inv_00,20170706,11:13:00,229.5,13.2,3029,217.0,13.1,2843,25324,16157,48.1,832.0
Station_01,Inv_00,20170706,11:14:00,225.0,15.2,3420,217.0,14.8,3212,25324,16157,50.2,947.0
Station_01,Inv_00,20170706,11:15:00,227.5,12.8,2912,217.0,12.2,2647,25324,16157,52.5,678.0
Station_01,Inv_00,20170706,11:16:00,220.5,9.8,2161,216.0,9.4,2030,25324,16157,53.7,670.0
Station_01,Inv_00,20170706,11:17:00,226.4,7.9,1789,216.0,7.7,1663,25324,16157,52.8,424.0
Station_01,Inv_00,20170706,11:18:00,227.4,10.2,2319,215.0,9.8,2107,25324,16157,53.3,616.0
Station_01,Inv_00,20170706,11:19:00,224.5,14.8,3322,216.0,14.4,3110,25324,16157,55.7,921.0
Station_01,Inv_00,20170706,11:20:00,223.9,15.9,3561,217.0,15.4,3342,25324,16157,56.4,857.0
Station_01,Inv_00,20170706,11:21:00,213.0,16.9,3600,216.0,15.5,3348,25324,16157,58.9,1047.0
Station_01,Inv_00,20170706,11:22:00,217.5,15.4,3349,217.0,14.5,3147,25324,16157,60.8,999.0
Station_01,Inv_00,20170706,11:23:00,215.5,10.7,2306,216.0,10.2,2203,25324,16157,60.1,638.0
Station_01,Inv_00,20170706,11:24:00,214.5,12.3,2638,217.0,11.2,2430,25324,16157,60.3,639.0
Station_01,Inv_00,20170706,11:25:00,209.9,9.9,2078,216.0,9.2,1987,25324,16157,58.8,562.0
Station_01,Inv_00,20170706,11:26:00,210.5,10.5,2210,216.0,9.3,2009,25324,16157,59.4,634.0
Station_01,Inv_00,20170706,11:27:00,223.0,7.4,1650,216.0,7.2,1555,25324,16157,58.6,478.0
Station_01,Inv_00,20170706,11:28:00,224.0,7.3,1635,216.0,7.2,1555,25324,16157,57.4,493.0
Station_01,Inv_00,20170706,11:29:00,222.0,10.1,2242,216.0,9.9,2138,25324,16157,56.3,681.0
Station_01,Inv_00,20170706,11:30:00,225.9,8.1,1829,217.0,7.8,1693,25324,16157,55.6,504.0
Station_01,Inv_00,20170706,11:31:00,223.0,12.6,2810,217.0,12.0,2604,25324,16157,57.3,614.0
Station_01,Inv_00,20170706,11:32:00,211.5,16.4,3469,218.0,14.9,3248,25325,16157,60.5,1001.0
Station_01,Inv_00,20170706,11:33:00,213.0,14.9,3174,217.0,13.8,2995,25325,16157,60.6,975.0
Station_01,Inv_00,20170706,11:34:00,215.5,6.2,1336,216.0,5.7,1231,25325,16157,56.8,417.0
Station_01,Inv_00,20170706,11:35:00,224.5,5.6,1257,217.0,5.4,1172,25325,16157,56.3,362.0
Station_01,Inv_00,20170706,11:36:00,223.0,5.6,1249,217.0,5.3,1150,25325,16157,54.4,352.0
Station_01,Inv_00,20170706,11:37:00,228.0,5.4,1231,217.0,5.4,1172,25325,16157,52.7,354.0
Station_01,Inv_00,20170706,11:38:00,226.5,5.4,1223,217.0,5.3,1150,25325,16157,51.3,347.0
Station_01,Inv_00,20170706,11:39:00,226.0,5.4,1220,216.0,5.2,1123,25325,16157,51.0,352.0
Station_01,Inv_00,20170706,11:40:00,224.0,5.3,1187,216.0,5.2,1123,25325,16157,50.3,350.0
Station_01,Inv_00,20170706,11:41:00,230.4,5.2,1198,216.0,5.2,1123,25325,16157,47.6,344.0
Station_01,Inv_00,20170706,11:42:00,236.0,5.3,1251,216.0,5.3,1145,25325,16157,48.7,353.0
Station_01,Inv_00,20170706,11:43:00,230.9,5.4,1247,216.0,5.3,1145,25325,16157,48.8,352.0
Station_01,Inv_00,20170706,11:44:00,225.0,5.7,1282,217.0,5.5,1194,25325,16157,48.4,357.0
Station_01,Inv_00,20170706,11:45:00,233.4,5.6,1307,217.0,5.6,1215,25325,16157,48.4,366.0
Station_01,Inv_00,20170706,11:46:00,219.9,5.6,1232,217.0,5.4,1172,25325,16157,47.3,371.0
Station_01,Inv_00,20170706,11:47:00,229.4,5.8,1330,217.0,5.9,1280,25325,16157,47.5,399.0
Station_01,Inv_00,20170706,11:48:00,226.4,11.3,2559,218.0,10.8,2354,25325,16157,48.7,623.0
Station_01,Inv_00,20170706,11:49:00,224.0,13.9,3114,218.0,13.3,2899,25325,16157,51.2,797.0
Station_01,Inv_00,20170706,11:50:00,228.4,12.7,2901,218.0,12.5,2725,25325,16157,51.9,703.0
Station_01,Inv_00,20170706,11:51:00,223.4,5.0,1117,217.0,4.7,1020,25325,16157,50.6,351.0
Station_01,Inv_00,20170706,11:52:00,229.5,4.6,1056,217.0,4.5,977,25325,16157,49.5,298.0
Station_01,Inv_00,20170706,11:53:00,232.9,4.4,1025,217.0,4.4,955,25325,16157,48.2,295.0
Station_01,Inv_00,20170706,11:54:00,228.5,4.5,1028,217.0,4.3,933,25325,16157,47.2,289.0
Station_01,Inv_00,20170706,11:55:00,233.4,4.2,980,217.0,4.2,911,25325,16157,47.1,278.0
Station_01,Inv_00,20170706,11:56:00,233.0,4.2,978,216.0,4.2,907,25325,16157,46.6,275.0
Station_01,Inv_00,20170706,11:57:00,232.0,4.4,1021,216.0,4.3,929,25325,16157,46.5,294.0
Station_01,Inv_00,20170706,11:58:00,228.5,4.6,1051,216.0,4.6,994,25325,16157,46.0,301.0
Station_01,Inv_00,20170706,11:59:00,229.0,4.8,1099,217.0,4.8,1042,25325,16157,45.3,313.0
Station_01,Inv_00,20170706,12:00:00,235.4,4.8,1130,217.0,4.8,1042,25325,16157,45.6,314.0
Station_01,Inv_00,20170706,12:01:00,233.5,4.4,1027,217.0,4.5,977,25325,16157,45.3,303.0
Station_01,Inv_00,20170706,12:02:00,234.0,4.6,1076,218.0,4.6,1003,25325,16157,44.5,303.0
Station_01,Inv_00,20170706,12:03:00,235.0,4.8,1128,217.0,4.7,1020,25325,16157,44.3,314.0
Station_01,Inv_00,20170706,12:04:00,234.5,5.2,1219,218.0,5.1,1112,25325,16157,44.4,347.0
Station_01,Inv_00,20170706,12:05:00,233.5,5.1,1191,218.0,5.2,1134,25325,16157,44.8,352.0
Station_01,Inv_00,20170706,12:06:00,235.5,5.7,1342,218.0,5.6,1221,25325,16157,44.5,375.0
Station_01,Inv_00,20170706,12:07:00,230.4,6.4,1475,217.0,6.2,1345,25325,16157,46.0,412.0
Station_01,Inv_00,20170706,12:08:00,233.5,7.0,1634,218.0,6.9,1504,25325,16157,46.6,452.0
Station_01,Inv_00,20170706,12:09:00,230.0,15.7,3611,219.0,15.5,3395,25325,16157,50.2,937.0
Station_01,Inv_00,20170706,12:10:00,223.0,16.0,3568,219.0,15.3,3351,25325,16157,54.2,1018.0
Station_01,Inv_00,20170706,12:11:00,219.5,15.4,3380,219.0,14.4,3154,25326,16158,55.8,990.0
Station_01,Inv_00,20170706,12:12:00,219.5,15.0,3292,219.0,14.1,3088,25326,16158,59.0,950.0
Station_01,Inv_00,20170706,12:13:00,218.0,15.1,3292,219.0,14.1,3088,25326,16158,59.5,938.0
Station_01,Inv_00,20170706,12:14:00,214.5,16.3,3496,219.0,15.0,3285,25326,16158,61.4,1023.0
Station_01,Inv_00,20170706,12:15:00,208.0,17.2,3577,218.0,15.4,3357,25326,16158,62.1,1051.0
Station_01,Inv_00,20170706,12:16:00,208.0,17.1,3557,218.0,15.2,3314,25326,16158,64.7,1061.0
Station_01,Inv_00,20170706,12:17:00,207.0,17.1,3540,218.0,15.2,3314,25326,16158,62.8,1053.0
Station_01,Inv_00,20170706,12:18:00,209.0,14.0,2925,218.0,12.6,2747,25326,16158,66.3,915.0
Station_01,Inv_00,20170706,12:19:00,210.5,8.9,1873,217.0,8.2,1779,25326,16158,63.5,596.0
Station_01,Inv_00,20170706,12:20:00,215.0,7.1,1526,217.0,6.7,1454,25326,16158,62.4,465.0
Station_01,Inv_00,20170706,12:21:00,218.5,6.6,1442,218.0,6.3,1373,25326,16158,61.2,430.0
Station_01,Inv_00,20170706,12:22:00,219.0,6.9,1511,217.0,6.6,1432,25326,16158,59.4,430.0
Station_01,Inv_00,20170706,12:23:00,212.0,7.6,1611,218.0,7.0,1526,25326,16158,58.3,458.0
Station_01,Inv_00,20170706,12:24:00,207.5,12.0,2490,218.0,10.7,2333,25326,16158,56.4,617.0
Station_01,Inv_00,20170706,12:25:00,212.5,13.9,2954,218.0,12.9,2812,25326,16158,59.6,887.0
Station_01,Inv_00,20170706,12:26:00,208.5,14.7,3065,219.0,13.1,2869,25326,16158,59.8,921.0
Station_01,Inv_00,20170706,12:27:00,206.0,10.0,2060,217.0,9.4,2040,25326,16158,60.1,707.0
Station_01,Inv_00,20170706,12:28:00,223.0,7.7,1717,218.0,7.5,1635,25326,16158,58.2,496.0
Station_01,Inv_00,20170706,12:29:00,224.0,9.8,2195,218.0,9.5,2071,25326,16158,57.2,622.0
Station_01,Inv_00,20170706,12:30:00,226.0,7.1,1605,217.0,7.0,1519,25326,16158,56.6,472.0
Station_01,Inv_00,20170706,12:31:00,223.5,6.4,1430,218.0,6.2,1352,25326,16158,56.1,413.0
Station_01,Inv_00,20170706,12:32:00,225.0,8.5,1913,218.0,8.2,1788,25326,16158,56.1,492.0
Station_01,Inv_00,20170706,12:33:00,226.0,7.9,1785,217.0,7.7,1671,25326,16158,56.0,577.0
Station_01,Inv_00,20170706,12:34:00,221.4,14.4,3189,218.0,13.7,2987,25326,16158,57.2,818.0
Station_01,Inv_00,20170706,12:35:00,218.0,15.7,3422,218.0,14.6,3183,25327,16159,58.3,941.0
Station_01,Inv_00,20170706,12:36:00,215.0,15.2,3268,218.0,14.0,3052,25327,16159,61.2,929.0
Station_01,Inv_00,20170706,12:37:00,204.0,11.4,2326,217.0,10.5,2279,25327,16159,62.8,930.0
Station_01,Inv_00,20170706,12:38:00,216.5,7.3,1580,216.0,7.0,1512,25327,16159,60.7,534.0
Station_01,Inv_00,20170706,12:39:00,223.9,6.4,1433,216.0,6.2,1339,25327,16159,58.1,418.0
Station_01,Inv_00,20170706,12:40:00,221.5,6.3,1395,216.0,6.2,1339,25327,16159,57.1,409.0
Station_01,Inv_00,20170706,12:41:00,221.5,6.3,1395,216.0,6.0,1296,25327,16159,55.6,390.0
Station_01,Inv_00,20170706,12:42:00,223.5,6.0,1341,216.0,5.7,1231,25327,16159,55.2,374.0
Station_01,Inv_00,20170706,12:43:00,223.5,5.9,1318,216.0,5.6,1210,25327,16159,52.4,377.0
Station_01,Inv_00,20170706,12:44:00,215.0,6.4,1376,216.0,5.8,1253,25327,16159,50.6,389.0
Station_01,Inv_00,20170706,12:45:00,218.8,7.3,1598,216.0,7.2,1555,25327,16159,51.9,467.0
Station_01,Inv_00,20170706,12:46:00,225.4,5.8,1307,217.0,5.6,1215,25327,16159,50.9,381.0
Station_01,Inv_00,20170706,12:47:00,234.5,5.7,1337,216.0,5.8,1253,25327,16159,50.7,385.0
Station_01,Inv_00,20170706,12:48:00,227.0,11.1,2520,218.0,11.0,2398,25327,16159,50.1,655.0
Station_01,Inv_00,20170706,12:49:00,228.5,8.5,1942,218.0,8.2,1788,25327,16159,50.5,508.0
Station_01,Inv_00,20170706,12:50:00,230.4,6.4,1475,217.0,6.5,1411,25327,16159,50.2,435.0
Station_01,Inv_00,20170706,12:51:00,231.0,6.7,1548,217.0,6.8,1476,25327,16159,50.3,467.0
Station_01,Inv_00,20170706,12:52:00,224.5,8.7,1953,217.0,8.6,1866,25327,16159,48.8,527.0
Station_01,Inv_00,20170706,12:53:00,226.0,5.1,1153,217.0,5.0,1085,25327,16159,48.2,340.0
Station_01,Inv_00,20170706,12:54:00,215.0,5.9,1269,217.0,5.5,1194,25327,16159,48.0,359.0
Station_01,Inv_00,20170706,12:55:00,230.9,5.6,1293,217.0,5.5,1194,25327,16159,47.6,361.0
Station_01,Inv_00,20170706,12:56:00,224.0,5.9,1322,217.0,5.6,1215,25327,16159,47.4,367.0
Station_01,Inv_00,20170706,12:57:00,223.0,5.8,1293,216.0,5.5,1188,25327,16159,48.2,388.0
Station_01,Inv_00,20170706,12:58:00,233.9,5.2,1216,216.0,5.3,1145,25327,16159,46.0,348.0
Station_01,Inv_00,20170706,12:59:00,231.5,5.0,1157,216.0,5.1,1102,25327,16159,46.7,326.0
Station_01,Inv_00,20170706,13:00:00,231.5,4.8,1111,216.0,4.8,1037,25327,16159,45.2,309.0
Station_01,Inv_00,20170706,13:01:00,228.5,4.9,1120,216.0,4.9,1058,25327,16159,44.9,323.0
Station_01,Inv_00,20170706,13:02:00,230.5,5.9,1360,216.0,5.8,1253,25327,16159,45.7,352.0
Station_01,Inv_00,20170706,13:03:00,232.5,5.3,1232,215.0,5.5,1183,25327,16159,46.0,376.0
Station_01,Inv_00,20170706,13:04:00,237.0,4.8,1137,216.0,4.8,1037,25327,16159,44.9,326.0
Station_01,Inv_00,20170706,13:05:00,234.0,4.4,1030,215.0,4.6,989,25327,16159,44.4,307.0
Station_01,Inv_00,20170706,13:06:00,237.5,4.3,1021,215.0,4.3,925,25327,16159,44.1,293.0
Station_01,Inv_00,20170706,13:07:00,233.0,4.2,979,216.0,4.1,886,25327,16159,44.3,274.0
Station_01,Inv_00,20170706,13:08:00,234.8,4.0,939,216.0,4.1,886,25327,16159,43.1,277.0
Station_01,Inv_00,20170706,13:09:00,229.9,4.2,966,215.0,4.2,903,25327,16159,43.3,279.0
Station_01,Inv_00,20170706,13:10:00,237.9,4.5,1071,215.0,4.6,989,25327,16159,43.3,298.0
Station_01,Inv_00,20170706,13:11:00,235.4,4.8,1130,215.0,4.8,1032,25327,16159,43.1,310.0
Station_01,Inv_00,20170706,13:12:00,228.0,4.8,1094,215.0,4.8,1032,25327,16159,43.2,317.0
Station_01,Inv_00,20170706,13:13:00,235.4,5.2,1224,215.0,5.4,1161,25327,16159,43.2,339.0
Station_01,Inv_00,20170706,13:14:00,237.0,5.2,1232,215.0,5.3,1140,25327,16159,43.5,343.0
Station_01,Inv_00,20170706,13:15:00,234.5,5.5,1290,214.0,5.6,1198,25327,16159,43.6,354.0
Station_01,Inv_00,20170706,13:16:00,234.4,5.6,1313,215.0,5.7,1226,25327,16159,44.0,367.0
Station_01,Inv_00,20170706,13:17:00,235.4,5.2,1224,215.0,5.4,1161,25328,16159,44.4,370.0
Station_01,Inv_00,20170706,13:18:00,233.5,4.7,1097,214.0,4.7,1006,25328,16159,43.7,318.0
Station_01,Inv_00,20170706,13:19:00,235.5,4.2,989,214.0,4.3,920,25328,16159,43.1,296.0
Station_01,Inv_00,20170706,13:20:00,230.9,3.7,854,214.0,3.8,813,25328,16159,42.8,260.0
Station_01,Inv_00,20170706,13:21:00,233.5,2.8,654,214.0,2.9,621,25328,16159,42.1,210.0
Station_01,Inv_00,20170706,13:22:00,235.5,2.1,495,214.0,2.1,449,25328,16159,41.6,162.0
Station_01,Inv_00,20170706,13:23:00,226.0,1.6,362,214.0,1.7,364,25328,16159,40.9,132.0
Station_01,Inv_00,20170706,13:24:00,209.5,1.4,293,214.0,1.4,300,25328,16159,40.1,139.0
Station_01,Inv_00,20170706,13:25:00,220.0,0.9,198,214.0,1.1,235,25328,16159,38.9,93.0
Station_01,Inv_00,20170706,13:26:00,179.0,0.7,125,214.0,0.8,171,25328,16159,38.6,76.0
Station_01,Inv_00,20170706,13:27:00,212.5,0.6,128,214.0,0.7,150,25328,16159,37.4,69.0
Station_01,Inv_00,20170706,13:28:00,212.5,0.4,85,214.0,0.6,128,25328,16159,37.0,62.0
Station_01,Inv_00,20170706,13:29:00,204.5,0.4,82,214.0,0.5,107,25328,16159,36.3,58.0
Station_01,Inv_00,20170706,13:30:00,184.0,0.3,55,214.0,0.5,107,25328,16159,36.0,54.0
Station_01,Inv_00,20170706,13:31:00,172.5,0.2,35,214.0,0.4,86,25328,16159,35.4,50.0
Station_01,Inv_00,20170706,13:32:00,210.5,0.2,42,213.0,0.4,85,25328,16159,35.1,46.0
Station_01,Inv_00,20170706,13:33:00,213.5,0.2,43,213.0,0.4,85,25328,16159,34.6,46.0
Station_01,Inv_00,20170706,13:34:00,206.0,0.2,41,213.0,0.4,85,25328,16159,34.3,43.0
Station_01,Inv_00,20170706,13:35:00,0.0,0.0,0,213.0,0.4,85,25328,16159,33.5,43.0
Station_01,Inv_00,20170706,13:36:00,0.0,0.0,0,214.0,0.4,86,25328,16159,32.3,599.0
Station_01,Inv_00,20170706,13:37:00,0.0,0.0,0,214.0,0.4,86,25328,16159,31.5,30.0
Station_01,Inv_00,20170706,13:38:00,0.0,0.0,0,214.0,0.4,86,25328,16159,31.0,29.0
Station_01,Inv_00,20170706,13:39:00,0.0,0.0,0,214.0,0.4,86,25328,16159,30.6,34.0
Station_01,Inv_00,20170706,13:40:00,0.0,0.0,0,214.0,0.4,86,25328,16159,29.9,34.0
Station_01,Inv_00,20170706,13:41:00,0.0,0.0,0,214.0,0.4,86,25328,16159,29.5,34.0
Station_01,Inv_00,20170706,13:42:00,0.0,0.0,0,214.0,0.4,86,25328,16159,29.4,37.0
Station_01,Inv_00,20170706,13:43:00,0.0,0.0,0,214.0,0.4,86,25328,16159,29.0,38.0
Station_01,Inv_00,20170706,13:44:00,0.0,0.0,0,219.0,0.5,110,25328,16159,28.8,36.0
Station_01,Inv_00,20170706,13:45:00,0.0,0.0,0,219.0,0.5,110,25328,16159,28.6,530.0
Station_01,Inv_00,20170706,13:46:00,0.0,0.0,0,219.0,0.5,110,25328,16159,28.5,37.0
Station_01,Inv_00,20170706,13:47:00,0.0,0.0,0,219.0,0.5,110,25328,16159,28.3,36.0
Station_01,Inv_00,20170706,13:48:00,0.0,0.0,0,219.0,0.5,110,25328,16159,28.2,38.0
Station_01,Inv_00,20170706,13:49:00,0.0,0.0,0,219.0,0.5,110,25328,16159,28.0,40.0
Station_01,Inv_00,20170706,13:50:00,0.0,0.0,0,219.0,0.5,110,25328,16159,27.8,38.0
Station_01,Inv_00,20170706,13:51:00,0.0,0.0,0,219.0,0.5,110,25328,16159,27.8,39.0
Station_01,Inv_00,20170706,13:52:00,0.0,0.0,0,219.0,0.5,110,25328,16159,27.7,40.0
Station_01,Inv_00,20170706,13:53:00,0.0,0.0,0,219.0,0.5,110,25328,16159,27.6,42.0
Station_01,Inv_00,20170706,13:54:00,0.0,0.0,0,219.0,0.5,110,25328,16159,27.5,42.0
Station_01,Inv_00,20170706,13:55:00,0.0,0.0,0,219.0,0.5,110,25328,16159,27.4,43.0
Station_01,Inv_00,20170706,13:56:00,0.0,0.0,0,219.0,0.5,110,25328,16159,27.3,44.0
Station_01,Inv_00,20170706,13:57:00,0.0,0.0,0,219.0,0.5,110,25328,16159,27.3,45.0
Station_01,Inv_00,20170706,13:58:00,0.0,0.0,0,219.0,0.5,110,25328,16159,27.3,47.0
Station_01,Inv_00,20170706,13:59:00,0.0,0.0,0,219.0,0.5,110,25328,16159,27.3,48.0
Station_01,Inv_00,20170706,14:00:00,0.0,0.0,0,219.0,0.5,110,25328,16159,27.2,48.0
Station_01,Inv_00,20170706,14:01:00,0.0,0.0,0,219.0,0.5,110,25328,16159,27.2,43.0
Station_01,Inv_00,20170706,14:02:00,0.0,0.0,0,219.0,0.5,110,25328,16159,27.3,46.0
Station_01,Inv_00,20170706,14:03:00,0.0,0.0,0,218.0,0.5,109,25328,16159,27.3,44.0
Station_01,Inv_00,20170706,14:04:00,253.0,0.2,51,218.0,0.5,109,25328,16159,27.2,43.0
Station_01,Inv_00,20170706,14:05:00,255.0,0.2,51,218.0,0.5,109,25328,16159,27.1,47.0
Station_01,Inv_00,20170706,14:06:00,220.0,0.2,44,214.0,0.5,107,25328,16159,27.2,49.0
Station_01,Inv_00,20170706,14:07:00,205.0,0.1,21,214.0,0.4,86,25328,16159,27.1,37.0
Station_01,Inv_00,20170706,14:08:00,195.7,0.3,59,214.0,0.4,86,25328,16159,27.0,42.0
Station_01,Inv_00,20170706,14:09:00,202.7,0.3,61,214.0,0.4,86,25328,16159,26.9,49.0
Station_01,Inv_00,20170706,14:10:00,215.3,0.3,65,213.0,0.4,85,25328,16159,26.8,49.0
Station_01,Inv_00,20170706,14:11:00,212.0,0.3,64,214.0,0.4,86,25328,16159,26.7,45.0
Station_01,Inv_00,20170706,14:12:00,207.7,0.3,62,214.0,0.4,86,25328,16159,26.7,37.0
Station_01,Inv_00,20170706,14:13:00,213.3,0.3,64,214.0,0.4,86,25328,16159,26.8,34.0
Station_01,Inv_00,20170706,14:14:00,222.0,0.2,44,214.0,0.4,86,25328,16159,26.9,34.0
Station_01,Inv_00,20170706,14:15:00,192.0,0.2,38,214.0,0.4,86,25328,16159,26.9,34.0
Station_01,Inv_00,20170706,14:16:00,212.0,0.1,21,213.0,0.4,85,25328,16159,26.8,34.0
Station_01,Inv_00,20170706,14:17:00,213.5,0.2,43,214.0,0.4,86,25328,16159,26.8,33.0
Station_01,Inv_00,20170706,14:18:00,189.3,0.3,57,214.0,0.4,86,25328,16159,26.8,33.0
Station_01,Inv_00,20170706,14:19:00,218.0,0.3,65,214.0,0.4,86,25328,16159,26.9,35.0
Station_01,Inv_00,20170706,14:20:00,221.0,0.3,66,214.0,0.5,107,25328,16159,26.9,36.0
Station_01,Inv_00,20170706,14:21:00,199.0,0.3,60,214.0,0.4,86,25328,16159,27.0,39.0
Station_01,Inv_00,20170706,14:22:00,218.3,0.3,66,214.0,0.4,86,25328,16159,27.0,41.0
Station_01,Inv_00,20170706,14:23:00,211.3,0.3,63,215.0,0.4,86,25328,16159,27.1,38.0
Station_01,Inv_00,20170706,14:24:00,213.0,0.3,64,214.0,0.5,107,25328,16159,27.1,40.0
Station_01,Inv_00,20170706,14:25:00,211.0,0.3,63,215.0,0.4,86,25328,16159,27.2,36.0
Station_01,Inv_00,20170706,14:26:00,199.0,0.3,60,214.0,0.4,86,25328,16159,27.2,39.0
Station_01,Inv_00,20170706,14:27:00,184.0,0.3,55,214.0,0.4,86,25328,16159,27.2,37.0
Station_01,Inv_00,20170706,14:28:00,207.0,0.3,62,215.0,0.5,108,25328,16159,27.3,39.0
Station_01,Inv_00,20170706,14:29:00,216.0,0.3,65,215.0,0.5,108,25328,16159,27.3,42.0
Station_01,Inv_00,20170706,14:30:00,214.7,0.3,64,215.0,0.5,108,25328,16159,27.2,38.0
Station_01,Inv_00,20170706,14:31:00,213.0,0.4,85,214.0,0.5,107,25328,16159,27.3,40.0
Station_01,Inv_00,20170706,14:32:00,229.0,0.3,69,214.0,0.5,107,25328,16159,27.3,42.0
Station_01,Inv_00,20170706,14:33:00,217.0,0.4,87,214.0,0.5,107,25328,16159,27.3,45.0
Station_01,Inv_00,20170706,14:34:00,222.4,0.5,111,215.0,0.5,108,25328,16159,27.3,45.0
Station_01,Inv_00,20170706,14:35:00,229.4,0.5,115,215.0,0.5,108,25328,16159,27.3,49.0
Station_01,Inv_00,20170706,14:36:00,219.0,0.5,110,214.0,0.5,107,25328,16159,27.3,46.0
Station_01,Inv_00,20170706,14:37:00,214.4,0.5,107,215.0,0.5,108,25328,16159,27.3,49.0
Station_01,Inv_00,20170706,14:38:00,216.4,0.5,108,215.0,0.6,129,25328,16159,27.3,47.0
Station_01,Inv_00,20170706,14:39:00,221.6,0.5,111,214.0,0.6,128,25328,16159,27.4,48.0
Station_01,Inv_00,20170706,14:40:00,220.0,0.5,110,214.0,0.5,107,25328,16159,27.3,47.0
Station_01,Inv_00,20170706,14:41:00,226.6,0.5,113,214.0,0.5,107,25328,16159,27.3,46.0
Station_01,Inv_00,20170706,14:42:00,224.8,0.5,112,214.0,0.5,107,25328,16159,27.3,44.0
Station_01,Inv_00,20170706,14:43:00,227.4,0.5,114,215.0,0.5,108,25328,16159,27.3,55.0
Station_01,Inv_00,20170706,14:44:00,212.0,0.5,106,215.0,0.5,108,25328,16159,27.3,55.0
Station_01,Inv_00,20170706,14:45:00,219.6,0.5,110,215.0,0.5,108,25328,16159,27.3,56.0
Station_01,Inv_00,20170706,14:46:00,225.4,0.5,113,214.0,0.5,107,25328,16159,27.3,55.0
Station_01,Inv_00,20170706,14:47:00,218.4,0.5,109,214.0,0.5,107,25328,16159,27.4,55.0
Station_01,Inv_00,20170706,14:48:00,217.8,0.5,109,214.0,0.5,107,25328,16159,27.4,55.0
Station_01,Inv_00,20170706,14:49:00,205.0,0.4,82,214.0,0.5,107,25328,16159,27.4,51.0
Station_01,Inv_00,20170706,14:50:00,224.0,0.3,67,214.0,0.5,107,25328,16159,27.4,44.0
Station_01,Inv_00,20170706,14:51:00,214.7,0.3,64,214.0,0.4,86,25328,16159,27.4,39.0
Station_01,Inv_00,20170706,14:52:00,221.0,0.2,44,215.0,0.4,86,25328,16159,27.4,43.0
Station_01,Inv_00,20170706,14:53:00,213.0,0.2,43,215.0,0.4,86,25328,16159,27.3,40.0
Station_01,Inv_00,20170706,14:54:00,200.0,0.2,40,214.0,0.4,86,25328,16159,27.3,43.0
Station_01,Inv_00,20170706,14:55:00,199.0,0.1,20,215.0,0.4,86,25328,16159,27.3,34.0
Station_01,Inv_00,20170706,14:56:00,225.0,0.2,45,215.0,0.4,86,25328,16159,27.3,37.0
Station_01,Inv_00,20170706,14:57:00,189.5,0.2,38,215.0,0.5,108,25328,16159,27.3,33.0
Station_01,Inv_00,20170706,14:58:00,179.0,0.1,18,215.0,0.4,86,25328,16159,27.3,35.0
Station_01,Inv_00,20170706,14:59:00,217.0,0.3,65,216.0,0.4,86,25328,16159,27.4,34.0
Station_01,Inv_00,20170706,15:00:00,211.7,0.3,64,216.0,0.4,86,25328,16159,27.3,37.0
Station_01,Inv_00,20170706,15:01:00,208.3,0.3,63,216.0,0.4,86,25328,16159,27.4,40.0
Station_01,Inv_00,20170706,15:02:00,229.5,0.4,92,216.0,0.5,108,25328,16159,27.4,45.0
Station_01,Inv_00,20170706,15:03:00,212.0,0.5,106,216.0,0.5,108,25328,16159,27.4,52.0
Station_01,Inv_00,20170706,15:04:00,216.0,0.5,108,216.0,0.5,108,25328,16159,27.4,53.0
Station_01,Inv_00,20170706,15:05:00,218.0,0.5,109,216.0,0.6,130,25328,16159,27.4,57.0
Station_01,Inv_00,20170706,15:06:00,200.0,0.4,80,216.0,0.6,130,25328,16159,27.4,53.0
Station_01,Inv_00,20170706,15:07:00,229.2,0.5,115,216.0,0.6,130,25328,16159,27.4,56.0
Station_01,Inv_00,20170706,15:08:00,217.8,0.5,109,216.0,0.7,151,25328,16159,27.4,53.0
Station_01,Inv_00,20170706,15:09:00,223.5,0.6,134,216.0,0.7,151,25328,16159,27.4,65.0
Station_01,Inv_00,20170706,15:10:00,195.0,0.6,117,216.0,0.6,130,25328,16159,27.5,58.0
Station_01,Inv_00,20170706,15:11:00,210.4,0.7,147,216.0,0.7,151,25328,16159,27.5,68.0
Station_01,Inv_00,20170706,15:12:00,207.9,0.7,146,216.0,0.8,173,25328,16159,27.5,63.0
Station_01,Inv_00,20170706,15:13:00,228.3,0.7,160,216.0,0.8,173,25328,16159,27.5,59.0
Station_01,Inv_00,20170706,15:14:00,231.3,0.7,162,216.0,0.8,173,25328,16159,27.6,72.0
Station_01,Inv_00,20170706,15:15:00,234.9,0.7,164,216.0,0.8,173,25328,16159,27.6,73.0
Station_01,Inv_00,20170706,15:16:00,190.0,0.6,114,215.0,0.6,129,25328,16159,27.6,57.0
Station_01,Inv_00,20170706,15:17:00,221.2,0.5,111,216.0,0.6,130,25328,16159,27.6,55.0
Station_01,Inv_00,20170706,15:18:00,231.2,0.5,116,216.0,0.6,130,25328,16159,27.6,56.0
Station_01,Inv_00,20170706,15:19:00,229.6,0.5,115,215.0,0.5,108,25328,16159,27.7,48.0
Station_01,Inv_00,20170706,15:20:00,222.2,0.5,111,215.0,0.5,108,25328,16159,27.7,51.0
Station_01,Inv_00,20170706,15:21:00,217.4,0.5,109,215.0,0.5,108,25328,16159,27.7,55.0
Station_01,Inv_00,20170706,15:22:00,157.0,0.3,47,215.0,0.5,108,25328,16159,27.7,46.0
Station_01,Inv_00,20170706,15:23:00,210.4,0.5,105,215.0,0.5,108,25328,16159,27.8,46.0
Station_01,Inv_00,20170706,15:24:00,220.2,0.5,110,215.0,0.5,108,25328,16159,27.8,46.0
Station_01,Inv_00,20170706,15:25:00,226.2,0.5,113,215.0,0.5,108,25328,16159,27.8,47.0
Station_01,Inv_00,20170706,15:26:00,190.0,0.4,76,215.0,0.5,108,25328,16159,27.8,50.0
Station_01,Inv_00,20170706,15:27:00,222.0,0.5,111,215.0,0.5,108,25328,16159,27.8,58.0
Station_01,Inv_00,20170706,15:28:00,204.0,0.4,82,215.0,0.5,108,25328,16159,27.8,60.0
Station_01,Inv_00,20170706,15:29:00,204.0,0.4,82,215.0,0.5,108,25328,16159,27.8,47.0
Station_01,Inv_00,20170706,15:30:00,224.3,0.3,67,215.0,0.5,108,25328,16159,27.8,47.0
Station_01,Inv_00,20170706,15:31:00,211.0,0.3,63,215.0,0.5,108,25328,16159,27.8,56.0
Station_01,Inv_00,20170706,15:32:00,217.7,0.3,65,215.0,0.5,108,25328,16159,27.8,56.0
Station_01,Inv_00,20170706,15:33:00,211.0,0.3,63,216.0,0.4,86,25328,16159,27.8,53.0
Station_01,Inv_00,20170706,15:34:00,201.0,0.3,60,216.0,0.4,86,25328,16159,27.8,48.0
Station_01,Inv_00,20170706,15:35:00,224.5,0.2,45,216.0,0.4,86,25328,16159,27.7,48.0
Station_01,Inv_00,20170706,15:36:00,223.5,0.2,45,216.0,0.4,86,25328,16159,27.7,49.0
Station_01,Inv_00,20170706,15:37:00,212.0,0.3,64,216.0,0.4,86,25328,16159,27.7,53.0
Station_01,Inv_00,20170706,15:38:00,214.7,0.3,64,216.0,0.5,108,25328,16159,27.7,54.0
Station_01,Inv_00,20170706,15:39:00,220.7,0.3,66,216.0,0.5,108,25328,16159,27.7,44.0
Station_01,Inv_00,20170706,15:40:00,218.5,0.4,87,215.0,0.5,108,25328,16159,27.6,50.0
Station_01,Inv_00,20170706,15:41:00,206.3,0.3,62,216.0,0.5,108,25328,16159,27.6,56.0
Station_01,Inv_00,20170706,15:42:00,217.0,0.3,65,216.0,0.5,108,25328,16159,27.6,55.0
Station_01,Inv_00,20170706,15:43:00,218.0,0.2,44,215.0,0.5,108,25328,16159,27.6,59.0
Station_01,Inv_00,20170706,15:44:00,211.5,0.4,85,216.0,0.5,108,25328,16159,27.6,55.0
Station_01,Inv_00,20170706,15:45:00,197.0,0.4,79,216.0,0.5,108,25328,16159,27.6,51.0
Station_01,Inv_00,20170706,15:46:00,198.0,0.2,40,216.0,0.4,86,25328,16159,27.7,56.0
Station_01,Inv_00,20170706,15:47:00,207.7,0.3,62,216.0,0.4,86,25328,16159,27.7,51.0
Station_01,Inv_00,20170706,15:48:00,206.0,0.3,62,216.0,0.5,108,25328,16159,27.7,58.0
Station_01,Inv_00,20170706,15:49:00,212.0,0.3,64,216.0,0.4,86,25328,16159,27.7,53.0
Station_01,Inv_00,20170706,15:50:00,199.7,0.3,60,216.0,0.4,86,25328,16159,27.7,55.0
Station_01,Inv_00,20170706,15:51:00,221.0,0.3,66,216.0,0.5,108,25328,16159,27.7,47.0
Station_01,Inv_00,20170706,15:52:00,215.7,0.3,65,216.0,0.5,108,25328,16159,27.7,57.0
Station_01,Inv_00,20170706,15:53:00,218.0,0.5,109,216.0,0.5,108,25328,16159,27.8,67.0
Station_01,Inv_00,20170706,15:54:00,209.0,0.6,125,216.0,0.6,130,25328,16159,27.9,58.0
Station_01,Inv_00,20170706,15:55:00,225.9,0.7,158,216.0,0.8,173,25328,16159,28.0,79.0
Station_01,Inv_00,20170706,15:56:00,223.4,0.5,112,216.0,0.6,130,25328,16159,28.1,87.0
Station_01,Inv_00,20170706,15:57:00,230.4,0.9,207,215.0,1.0,215,25328,16159,28.2,92.0
Station_01,Inv_00,20170706,15:58:00,216.2,1.0,216,215.0,1.0,215,25328,16159,28.4,94.0
Station_01,Inv_00,20170706,15:59:00,228.0,0.8,182,215.0,1.0,215,25328,16159,28.5,90.0
Station_01,Inv_00,20170706,16:00:00,223.0,0.6,134,215.0,0.7,151,25328,16159,28.5,76.0
Station_01,Inv_00,20170706,16:01:00,201.3,0.3,60,215.0,0.5,108,25328,16159,28.4,65.0
Station_01,Inv_00,20170706,16:02:00,205.0,0.3,62,216.0,0.4,86,25328,16159,28.3,61.0
Station_01,Inv_00,20170706,16:03:00,188.0,0.1,19,215.0,0.4,86,25328,16159,28.2,43.0
Station_01,Inv_00,20170706,16:04:00,204.5,0.2,41,215.0,0.4,86,25328,16159,28.1,51.0
Station_01,Inv_00,20170706,16:05:00,196.0,0.2,39,216.0,0.4,86,25328,16159,28.1,48.0
Station_01,Inv_00,20170706,16:06:00,0.0,0.0,0,216.0,0.4,86,25328,16159,27.9,47.0
Station_01,Inv_00,20170706,16:07:00,0.0,0.0,0,0.0,0.0,0,25328,16159,27.8,515.0
Station_01,Inv_00,20170706,16:08:00,0.0,0.0,0,0.0,0.0,0,25328,16159,27.8,36.0
Station_01,Inv_00,20170706,16:09:00,0.0,0.0,0,0.0,0.0,0,25328,16159,27.7,513.0
Station_01,Inv_00,20170706,16:10:00,0.0,0.0,0,0.0,0.0,0,25328,16159,27.6,47.0
Station_01,Inv_00,20170706,16:11:00,0.0,0.0,0,0.0,0.0,0,25328,16159,27.5,52.0
Station_01,Inv_00,20170706,16:12:00,226.0,0.2,45,216.0,0.4,86,25328,16159,27.3,41.0
Station_01,Inv_00,20170706,16:13:00,236.5,0.2,47,216.0,0.4,86,25328,16159,27.0,52.0
Station_01,Inv_00,20170706,16:14:00,224.0,0.2,45,217.0,0.4,87,25328,16159,26.8,40.0
Station_01,Inv_00,20170706,16:15:00,216.5,0.2,43,216.0,0.4,86,25328,16159,26.7,39.0
Station_01,Inv_00,20170706,16:16:00,200.0,0.2,40,216.0,0.4,86,25328,16159,26.7,49.0
Station_01,Inv_00,20170706,16:17:00,186.5,0.2,37,216.0,0.4,86,25328,16159,26.6,42.0
Station_01,Inv_00,20170706,16:18:00,0.0,0.0,0,216.0,0.4,86,25328,16159,26.5,37.0
Station_01,Inv_00,20170706,16:19:00,200.0,0.2,40,216.0,0.4,86,25328,16159,26.5,45.0
Station_01,Inv_00,20170706,16:20:00,209.0,0.2,42,216.0,0.4,86,25328,16159,26.5,47.0
Station_01,Inv_00,20170706,16:21:00,207.0,0.2,41,216.0,0.4,86,25328,16159,26.5,47.0
Station_01,Inv_00,20170706,16:22:00,211.0,0.2,42,215.0,0.4,86,25328,16159,26.5,32.0
Station_01,Inv_00,20170706,16:23:00,0.0,0.0,0,215.0,0.4,86,25328,16159,26.5,48.0
Station_01,Inv_00,20170706,16:24:00,0.0,0.0,0,216.0,0.4,86,25328,16159,26.4,48.0
Station_01,Inv_00,20170706,16:25:00,0.0,0.0,0,0.0,0.0,0,25328,16159,26.4,37.0
Station_01,Inv_00,20170706,16:26:00,0.0,0.0,0,0.0,0.0,0,25328,16159,26.4,43.0
Station_01,Inv_00,20170706,16:27:00,0.0,0.0,0,0.0,0.0,0,25328,16159,26.4,34.0
Station_01,Inv_00,20170706,16:28:00,0.0,0.0,0,0.0,0.0,0,25328,16159,26.4,29.0
Station_01,Inv_00,20170706,16:29:00,0.0,0.0,0,0.0,0.0,0,25328,16159,26.4,40.0
Station_01,Inv_00,20170706,16:30:00,211.5,0.2,42,216.0,0.4,86,25328,16159,26.4,33.0
Station_01,Inv_00,20170706,16:31:00,222.5,0.2,45,215.0,0.4,86,25328,16159,26.4,40.0
Station_01,Inv_00,20170706,16:32:00,229.5,0.2,46,215.0,0.4,86,25328,16159,26.4,50.0
Station_01,Inv_00,20170706,16:33:00,219.0,0.1,22,215.0,0.4,86,25328,16159,26.5,43.0
Station_01,Inv_00,20170706,16:34:00,214.0,0.1,21,216.0,0.4,86,25328,16159,26.5,41.0
Station_01,Inv_00,20170706,16:35:00,218.3,0.3,66,216.0,0.4,86,25328,16159,26.6,50.0
Station_01,Inv_00,20170706,16:36:00,210.0,0.1,21,216.0,0.4,86,25328,16159,26.6,38.0
Station_01,Inv_00,20170706,16:37:00,204.5,0.2,41,215.0,0.4,86,25328,16159,26.6,39.0
Station_01,Inv_00,20170706,16:38:00,190.5,0.2,38,215.0,0.4,86,25328,16159,26.6,52.0
Station_01,Inv_00,20170706,16:39:00,187.0,0.2,37,216.0,0.4,86,25328,16159,26.6,51.0
Station_01,Inv_00,20170706,16:40:00,0.0,0.0,0,216.0,0.4,86,25328,16159,26.6,49.0
Station_01,Inv_00,20170706,16:41:00,0.0,0.0,0,0.0,0.0,0,25328,16159,26.5,491.0
Station_01,Inv_00,20170706,16:42:00,0.0,0.0,0,0.0,0.0,0,25328,16159,26.5,47.0
Station_01,Inv_00,20170706,16:43:00,0.0,0.0,0,0.0,0.0,0,25328,16159,26.5,40.0
Station_01,Inv_00,20170706,16:44:00,0.0,0.0,0,0.0,0.0,0,25328,16159,26.5,40.0
Station_01,Inv_00,20170706,16:45:00,0.0,0.0,0,0.0,0.0,0,25328,16159,26.5,49.0
Station_01,Inv_00,20170706,16:46:00,0.0,0.0,0,0.0,0.0,0,25328,16159,26.5,490.0
Station_01,Inv_00,20170706,16:47:00,0.0,0.0,0,0.0,0.0,0,25328,16159,26.5,491.0
Station_01,Inv_00,20170706,16:48:00,0.0,0.0,0,0.0,0.0,0,25328,16159,26.5,38.0
Station_01,Inv_00,20170706,16:49:00,0.0,0.0,0,220.0,0.2,44,25328,16159,26.5,43.0
Station_01,Inv_00,20170706,16:50:00,0.0,0.0,0,220.0,0.2,44,25328,16159,26.5,43.0
Station_01,Inv_00,20170706,16:51:00,0.0,0.0,0,220.0,0.2,44,25328,16159,26.4,43.0
Station_01,Inv_00,20170706,16:52:00,0.0,0.0,0,220.0,0.2,44,25328,16159,26.5,42.0
Station_01,Inv_00,20170706,16:53:00,0.0,0.0,0,220.0,0.2,44,25328,16159,26.4,39.0
Station_01,Inv_00,20170706,16:54:00,0.0,0.0,0,220.0,0.2,44,25328,16159,26.5,39.0
Station_01,Inv_00,20170706,16:55:00,0.0,0.0,0,220.0,0.2,44,25328,16159,26.4,35.0
Station_01,Inv_00,20170706,16:56:00,0.0,0.0,0,220.0,0.2,44,25328,16159,26.3,28.0
Station_01,Inv_00,20170706,16:57:00,0.0,0.0,0,220.0,0.2,44,25328,16159,26.4,38.0
Station_01,Inv_00,20170706,16:58:00,0.0,0.0,0,220.0,0.2,44,25328,16159,26.3,27.0
Station_01,Inv_00,20170706,16:59:00,0.0,0.0,0,220.0,0.2,44,25328,16159,26.3,22.0
Station_01,Inv_00,20170706,17:00:00,0.0,0.0,0,220.0,0.2,44,25328,16159,26.3,22.0
Station_01,Inv_00,20170706,17:01:00,0.0,0.0,0,220.0,0.2,44,25328,16159,26.1,37.0
Station_01,Inv_00,20170706,17:02:00,0.0,0.0,0,220.0,0.2,44,25328,16159,26.1,23.0
Station_01,Inv_00,20170706,17:03:00,0.0,0.0,0,220.0,0.2,44,25328,16159,26.0,22.0
Station_01,Inv_00,20170706,17:04:00,0.0,0.0,0,220.0,0.2,44,25328,16159,25.8,32.0
Station_01,Inv_00,20170706,17:05:00,0.0,0.0,0,220.0,0.2,44,25328,16159,25.6,25.0
Station_01,Inv_00,20170706,17:06:00,0.0,0.0,0,220.0,0.2,44,25328,16159,25.6,27.0
Station_01,Inv_00,20170706,17:07:00,0.0,0.0,0,220.0,0.2,44,25328,16159,25.5,23.0
Station_01,Inv_00,20170706,17:08:00,0.0,0.0,0,220.0,0.2,44,25328,16159,25.4,20.0
Station_01,Inv_00,20170706,17:09:00,0.0,0.0,0,220.0,0.2,44,25328,16159,25.4,20.0
Station_01,Inv_00,20170706,17:10:00,0.0,0.0,0,220.0,0.2,44,25328,16159,25.4,21.0
Station_01,Inv_00,20170706,17:11:00,0.0,0.0,0,220.0,0.2,44,25328,16159,25.3,21.0
Station_01,Inv_00,20170706,17:12:00,0.0,0.0,0,220.0,0.2,44,25328,16159,25.2,31.0
Station_01,Inv_00,20170706,17:13:00,0.0,0.0,0,220.0,0.2,44,25328,16159,25.0,23.0
Station_01,Inv_00,20170706,17:14:00,0.0,0.0,0,220.0,0.2,44,25328,16159,25.0,21.0
Station_01,Inv_00,20170706,17:15:00,0.0,0.0,0,220.0,0.2,44,25328,16159,25.0,24.0
Station_01,Inv_00,20170706,17:16:00,0.0,0.0,0,220.0,0.2,44,25328,16159,25.0,28.0
Station_01,Inv_00,20170706,17:17:00,0.0,0.0,0,220.0,0.2,44,25328,16159,25.0,34.0
Station_01,Inv_00,20170706,17:18:00,0.0,0.0,0,220.0,0.2,44,25328,16159,25.1,24.0
Station_01,Inv_00,20170706,17:19:00,0.0,0.0,0,220.0,0.2,44,25328,16159,25.1,35.0
Station_01,Inv_00,20170706,17:20:00,0.0,0.0,0,220.0,0.2,44,25328,16159,25.0,35.0
Station_01,Inv_00,20170706,17:21:00,0.0,0.0,0,220.0,0.2,44,25328,16159,25.0,27.0
Station_01,Inv_00,20170706,17:22:00,0.0,0.0,0,220.0,0.2,44,25328,16159,25.0,28.0
Station_01,Inv_00,20170706,17:23:00,0.0,0.0,0,220.0,0.2,44,25328,16159,25.0,32.0
Station_01,Inv_00,20170706,17:24:00,0.0,0.0,0,220.0,0.2,44,25328,16159,24.9,29.0
Station_01,Inv_00,20170706,17:25:00,0.0,0.0,0,220.0,0.2,44,25328,16159,24.9,22.0
Station_01,Inv_00,20170706,17:26:00,0.0,0.0,0,220.0,0.2,44,25328,16159,24.9,31.0
Station_01,Inv_00,20170706,17:27:00,0.0,0.0,0,220.0,0.2,44,25328,16159,24.9,35.0
Station_01,Inv_00,20170706,17:28:00,0.0,0.0,0,220.0,0.2,44,25328,16159,25.0,35.0
Station_01,Inv_00,20170706,17:29:00,0.0,0.0,0,220.0,0.2,44,25328,16159,25.0,34.0
Station_01,Inv_00,20170706,17:30:00,0.0,0.0,0,220.0,0.2,44,25328,16159,25.1,33.0
Station_01,Inv_00,20170706,17:31:00,0.0,0.0,0,220.0,0.2,44,25328,16159,25.1,36.0
Station_01,Inv_00,20170706,17:32:00,0.0,0.0,0,220.0,0.2,44,25328,16159,25.1,32.0
Station_01,Inv_00,20170706,17:33:00,0.0,0.0,0,220.0,0.2,44,25328,16159,25.1,25.0
Station_01,Inv_00,20170706,17:34:00,0.0,0.0,0,220.0,0.2,44,25328,16159,25.0,25.0
Station_01,Inv_00,20170706,17:35:00,0.0,0.0,0,220.0,0.2,44,25328,16159,24.0,44.0
Station_01,Inv_00,20170706,17:36:00,0.0,0.0,0,220.0,0.2,44,25328,16159,23.7,35.0
Station_01,Inv_00,20170706,17:37:00,0.0,0.0,0,220.0,0.2,44,25328,16159,23.6,25.0
Station_01,Inv_00,20170706,17:38:00,0.0,0.0,0,220.0,0.2,44,25328,16159,23.6,26.0
Station_01,Inv_00,20170706,17:39:00,0.0,0.0,0,220.0,0.2,44,25328,16159,23.6,32.0
Station_01,Inv_00,20170706,17:40:00,0.0,0.0,0,220.0,0.2,44,25328,16159,23.7,435.0
Station_01,Inv_00,20170706,17:41:00,0.0,0.0,0,220.0,0.2,44,25328,16159,23.7,35.0
Station_01,Inv_00,20170706,17:42:00,0.0,0.0,0,220.0,0.2,44,25328,16159,23.8,27.0
Station_01,Inv_00,20170706,17:43:00,0.0,0.0,0,220.0,0.2,44,25328,16159,23.8,25.0
Station_01,Inv_00,20170706,17:44:00,0.0,0.0,0,220.0,0.2,44,25328,16159,23.7,29.0
Station_01,Inv_00,20170706,17:45:00,0.0,0.0,0,220.0,0.2,44,25328,16159,23.8,26.0
Station_01,Inv_00,20170706,17:46:00,0.0,0.0,0,220.0,0.2,44,25328,16159,23.9,35.0
Station_01,Inv_00,20170706,17:47:00,0.0,0.0,0,220.0,0.2,44,25328,16159,23.9,21.0
Station_01,Inv_00,20170706,17:48:00,0.0,0.0,0,220.0,0.2,44,25328,16159,24.0,21.0
Station_01,Inv_00,20170706,17:49:00,0.0,0.0,0,220.0,0.2,44,25328,16159,24.1,25.0
Station_01,Inv_00,20170706,17:50:00,0.0,0.0,0,220.0,0.2,44,25328,16159,24.2,35.0
Station_01,Inv_00,20170706,17:51:00,0.0,0.0,0,220.0,0.2,44,25328,16159,24.1,26.0
Station_01,Inv_00,20170706,17:52:00,0.0,0.0,0,220.0,0.2,44,25328,16159,24.1,22.0
Station_01,Inv_00,20170706,17:53:00,0.0,0.0,0,220.0,0.2,44,25328,16159,24.1,31.0
Station_01,Inv_00,20170706,17:54:00,0.0,0.0,0,220.0,0.2,44,25328,16159,24.1,29.0
Station_01,Inv_00,20170706,17:55:00,0.0,0.0,0,220.0,0.2,44,25328,16159,24.1,27.0
Station_01,Inv_00,20170706,17:56:00,0.0,0.0,0,220.0,0.2,44,25328,16159,24.2,27.0
Station_01,Inv_00,20170706,17:57:00,0.0,0.0,0,220.0,0.2,44,25328,16159,24.1,26.0
Station_01,Inv_00,20170706,17:58:00,0.0,0.0,0,220.0,0.2,44,25328,16159,24.1,26.0
Station_01,Inv_00,20170706,17:59:00,0.0,0.0,0,220.0,0.2,44,25328,16159,24.2,22.0
Station_01,Inv_00,20170706,18:00:00,0.0,0.0,0,220.0,0.2,44,25328,16159,24.0,30.0
Station_01,Inv_00,20170706,18:01:00,0.0,0.0,0,220.0,0.2,44,25328,16159,24.0,24.0
Station_01,Inv_00,20170706,18:02:00,0.0,0.0,0,220.0,0.2,44,25328,16159,24.0,28.0
Station_01,Inv_00,20170706,18:03:00,0.0,0.0,0,220.0,0.2,44,25328,16159,23.9,34.0
Station_01,Inv_00,20170706,18:04:00,0.0,0.0,0,220.0,0.2,44,25328,16159,24.0,28.0
Station_01,Inv_00,20170706,18:05:00,0.0,0.0,0,220.0,0.2,44,25328,16159,24.0,443.0
Station_01,Inv_00,20170706,18:06:00,0.0,0.0,0,220.0,0.2,44,25328,16159,23.9,28.0
Station_01,Inv_00,20170706,18:07:00,0.0,0.0,0,220.0,0.2,44,25328,16159,24.0,36.0
Station_01,Inv_00,20170706,18:08:00,0.0,0.0,0,220.0,0.2,44,25328,16159,24.1,31.0
Station_01,Inv_00,20170706,18:09:00,0.0,0.0,0,220.0,0.2,44,25328,16159,24.1,22.0
Station_01,Inv_00,20170706,18:10:00,0.0,0.0,0,220.0,0.2,44,25328,16159,24.2,26.0
Station_01,Inv_00,20170706,18:11:00,0.0,0.0,0,220.0,0.2,44,25328,16159,24.1,24.0
Station_01,Inv_00,20170706,18:12:00,0.0,0.0,0,220.0,0.2,44,25328,16159,24.1,28.0
Station_01,Inv_00,20170706,18:13:00,0.0,0.0,0,220.0,0.2,44,25328,16159,24.2,30.0
Station_01,Inv_00,20170706,18:14:00,0.0,0.0,0,220.0,0.2,44,25328,16159,24.2,35.0
Station_01,Inv_00,20170706,18:15:00,0.0,0.0,0,220.0,0.2,44,25328,16159,24.2,34.0
Station_01,Inv_00,20170706,18:16:00,0.0,0.0,0,220.0,0.2,44,25328,16159,24.2,30.0
Station_01,Inv_00,20170706,18:17:00,0.0,0.0,0,220.0,0.2,44,25328,16159,24.3,25.0
Station_01,Inv_00,20170706,18:18:00,0.0,0.0,0,220.0,0.2,44,25328,16159,24.3,35.0
Station_01,Inv_00,20170706,18:19:00,0.0,0.0,0,220.0,0.2,44,25328,16159,24.3,25.0
Station_01,Inv_00,20170706,18:20:00,0.0,0.0,0,220.0,0.2,44,25328,16159,24.3,31.0
Station_01,Inv_00,20170706,18:21:00,0.0,0.0,0,220.0,0.2,44,25328,16159,24.3,31.0
Station_01,Inv_00,20170706,18:22:00,0.0,0.0,0,220.0,0.2,44,25328,16159,24.3,33.0
Station_01,Inv_00,20170706,18:23:00,0.0,0.0,0,220.0,0.2,44,25328,16159,24.3,24.0
Station_01,Inv_00,20170706,18:24:00,0.0,0.0,0,220.0,0.2,44,25328,16159,24.2,32.0
Station_01,Inv_00,20170706,18:25:00,0.0,0.0,0,220.0,0.2,44,25328,16159,24.3,34.0
Station_01,Inv_00,20170706,18:26:00,0.0,0.0,0,220.0,0.2,44,25328,16159,24.3,32.0
Station_01,Inv_00,20170706,18:27:00,0.0,0.0,0,220.0,0.2,44,25328,16159,24.3,32.0
Station_01,Inv_00,20170706,18:28:00,0.0,0.0,0,220.0,0.2,44,25328,16159,24.3,33.0
Station_01,Inv_00,20170706,18:29:00,0.0,0.0,0,220.0,0.2,44,25328,16159,24.3,32.0
Station_01,Inv_00,20170706,18:30:00,0.0,0.0,0,220.0,0.2,44,25328,16159,24.3,33.0
Station_01,Inv_00,20170706,18:31:00,0.0,0.0,0,220.0,0.2,44,25328,16159,24.3,32.0
Station_01,Inv_00,20170706,18:32:00,0.0,0.0,0,220.0,0.2,44,25328,16159,24.4,33.0
Station_01,Inv_00,20170706,18:33:00,0.0,0.0,0,220.0,0.2,44,25328,16159,24.3,32.0
Station_01,Inv_00,20170706,18:34:00,0.0,0.0,0,220.0,0.2,44,25328,16159,24.4,31.0
Station_01,Inv_00,20170706,18:35:00,0.0,0.0,0,220.0,0.2,44,25328,16159,24.4,30.0
Station_01,Inv_00,20170706,18:36:00,0.0,0.0,0,220.0,0.2,44,25328,16159,24.4,29.0
Station_01,Inv_00,20170706,18:37:00,0.0,0.0,0,220.0,0.2,44,25328,16159,24.4,29.0
Station_01,Inv_00,20170706,18:38:00,0.0,0.0,0,220.0,0.2,44,25328,16159,24.4,32.0
Station_01,Inv_00,20170706,18:39:00,0.0,0.0,0,220.0,0.2,44,25328,16159,24.5,27.0
Station_01,Inv_00,20170706,18:40:00,0.0,0.0,0,220.0,0.2,44,25328,16159,24.5,29.0
Station_01,Inv_00,20170706,18:41:00,0.0,0.0,0,220.0,0.2,44,25328,16159,24.5,30.0
Station_01,Inv_00,20170706,18:42:00,0.0,0.0,0,220.0,0.2,44,25328,16159,24.5,30.0
Station_01,Inv_00,20170706,18:43:00,0.0,0.0,0,220.0,0.2,44,25328,16159,24.5,31.0
Station_01,Inv_00,20170706,18:44:00,0.0,0.0,0,220.0,0.2,44,25328,16159,24.5,31.0
Station_01,Inv_00,20170706,18:45:00,0.0,0.0,0,220.0,0.2,44,25328,16159,24.6,32.0
Station_01,Inv_00,20170706,18:46:00,0.0,0.0,0,220.0,0.2,44,25328,16159,24.6,32.0
Station_01,Inv_00,20170706,18:47:00,0.0,0.0,0,220.0,0.2,44,25328,16159,24.6,32.0
Station_01,Inv_00,20170706,18:48:00,0.0,0.0,0,220.0,0.2,44,25328,16159,24.7,31.0
Station_01,Inv_00,20170706,18:49:00,0.0,0.0,0,220.0,0.2,44,25328,16159,24.7,32.0
Station_01,Inv_00,20170706,18:50:00,0.0,0.0,0,220.0,0.2,44,25328,16159,24.7,31.0
Station_01,Inv_00,20170706,18:51:00,0.0,0.0,0,220.0,0.2,44,25328,16159,24.7,32.0
Station_01,Inv_00,20170706,18:52:00,0.0,0.0,0,220.0,0.2,44,25328,16159,24.7,32.0
Station_01,Inv_00,20170706,18:53:00,0.0,0.0,0,220.0,0.2,44,25328,16159,24.7,30.0
Station_01,Inv_00,20170706,18:54:00,0.0,0.0,0,220.0,0.2,44,25328,16159,24.7,26.0
Station_01,Inv_00,20170706,18:55:00,0.0,0.0,0,220.0,0.2,44,25328,16159,24.7,20.0
Station_01,Inv_00,20170706,18:56:00,0.0,0.0,0,220.0,0.2,44,25328,16159,24.8,20.0
Station_01,Inv_00,20170706,18:57:00,0.0,0.0,0,220.0,0.2,44,25328,16159,24.8,23.0
Station_01,Inv_00,20170706,18:58:00,0.0,0.0,0,220.0,0.2,44,25328,16159,24.8,23.0
Station_01,Inv_00,20170706,18:59:00,0.0,0.0,0,220.0,0.2,44,25328,16159,24.8,29.0
Station_01,Inv_00,20170706,19:00:00,0.0,0.0,0,220.0,0.2,44,25328,16159,24.9,22.0
Station_01,Inv_00,20170706,19:01:00,0.0,0.0,0,220.0,0.2,44,25328,16159,24.8,22.0
Station_01,Inv_00,20170706,19:02:00,0.0,0.0,0,220.0,0.2,44,25328,16159,24.9,22.0
Station_01,Inv_00,20170706,19:03:00,0.0,0.0,0,220.0,0.2,44,25328,16159,24.9,22.0
Station_01,Inv_00,20170706,19:04:00,0.0,0.0,0,220.0,0.2,44,25328,16159,24.9,24.0
Station_01,Inv_00,20170706,19:05:00,0.0,0.0,0,220.0,0.2,44,25328,16159,24.9,21.0
Station_01,Inv_00,20170706,19:06:00,0.0,0.0,0,220.0,0.2,44,25328,16159,24.9,22.0
Station_01,Inv_00,20170706,19:07:00,0.0,0.0,0,220.0,0.2,44,25328,16159,24.9,24.0
Station_01,Inv_00,20170706,19:08:00,0.0,0.0,0,220.0,0.2,44,25328,16159,24.8,23.0
Station_01,Inv_00,20170706,19:09:00,0.0,0.0,0,220.0,0.2,44,25328,16159,24.8,23.0
Station_01,Inv_00,20170706,19:10:00,0.0,0.0,0,220.0,0.2,44,25328,16159,24.8,22.0
Station_01,Inv_00,20170706,19:11:00,0.0,0.0,0,220.0,0.2,44,25328,16159,24.8,21.0
Station_01,Inv_00,20170706,19:12:00,0.0,0.0,0,220.0,0.2,44,25328,16159,24.8,27.0
Station_01,Inv_00,20170706,19:13:00,0.0,0.0,0,220.0,0.2,44,25328,16159,24.8,25.0
Station_01,Inv_00,20170706,19:14:00,0.0,0.0,0,220.0,0.2,44,25328,16159,24.7,28.0
Station_01,Inv_00,20170706,19:15:00,0.0,0.0,0,220.0,0.2,44,25328,16159,24.7,28.0
Station_01,Inv_00,20170706,19:16:00,0.0,0.0,0,220.0,0.2,44,25328,16159,24.8,27.0
Station_01,Inv_00,20170706,19:17:00,0.0,0.0,0,220.0,0.2,44,25328,16159,24.8,21.0
Station_01,Inv_00,20170706,19:18:00,0.0,0.0,0,220.0,0.2,44,25328,16159,24.8,27.0
Station_01,Inv_00,20170706,19:19:00,0.0,0.0,0,220.0,0.2,44,25328,16159,24.7,21.0
Station_01,Inv_00,20170706,19:20:00,0.0,0.0,0,220.0,0.2,44,25328,16159,24.7,19.0
Station_01,Inv_00,20170706,19:21:00,0.0,0.0,0,220.0,0.2,44,25328,16159,24.7,20.0
Station_01,Inv_00,20170706,19:22:00,0.0,0.0,0,220.0,0.2,44,25328,16159,24.7,20.0
Station_01,Inv_00,20170706,19:23:00,0.0,0.0,0,220.0,0.2,44,25328,16159,24.8,19.0
Station_01,Inv_00,20170706,19:24:00,0.0,0.0,0,220.0,0.2,44,25328,16159,24.7,19.0
Station_01,Inv_00,20170706,19:25:00,0.0,0.0,0,220.0,0.2,44,25328,16159,24.8,19.0
Station_01,Inv_00,20170706,19:26:00,0.0,0.0,0,220.0,0.2,44,25328,16159,24.8,21.0
Station_01,Inv_00,20170706,19:27:00,0.0,0.0,0,220.0,0.2,44,25328,16159,24.8,22.0
Station_01,Inv_00,20170706,19:28:00,0.0,0.0,0,220.0,0.2,44,25328,16159,24.8,19.0
Station_01,Inv_00,20170706,19:29:00,0.0,0.0,0,220.0,0.2,44,25328,16159,24.8,19.0
Station_01,Inv_00,20170706,19:30:00,0.0,0.0,0,220.0,0.2,44,25328,16159,24.8,20.0
Station_01,Inv_00,20170706,19:31:00,0.0,0.0,0,220.0,0.2,44,25328,16159,24.7,19.0
Station_01,Inv_00,20170706,19:32:00,0.0,0.0,0,220.0,0.2,44,25328,16159,24.8,18.0
Station_01,Inv_00,20170706,19:33:00,0.0,0.0,0,220.0,0.2,44,25328,16159,24.7,20.0
Station_01,Inv_00,20170706,19:34:00,0.0,0.0,0,220.0,0.2,44,25328,16159,24.7,17.0
Station_01,Inv_00,20170706,19:35:00,0.0,0.0,0,220.0,0.2,44,25328,16159,24.7,18.0
Station_01,Inv_00,20170706,19:36:00,0.0,0.0,0,220.0,0.2,44,25328,16159,24.8,20.0
Station_01,Inv_00,20170706,19:37:00,0.0,0.0,0,220.0,0.2,44,25328,16159,24.7,18.0
Station_01,Inv_00,20170706,19:38:00,0.0,0.0,0,220.0,0.2,44,25328,16159,24.8,19.0
Station_01,Inv_00,20170706,19:39:00,0.0,0.0,0,220.0,0.2,44,25328,16159,24.8,18.0
Station_01,Inv_00,20170706,19:40:00,0.0,0.0,0,220.0,0.2,44,25328,16159,24.8,18.0
Station_01,Inv_00,20170706,19:41:00,0.0,0.0,0,220.0,0.2,44,25328,16159,24.8,18.0
Station_01,Inv_00,20170706,19:42:00,0.0,0.0,0,220.0,0.2,44,25328,16159,24.8,18.0
Station_01,Inv_00,20170706,19:43:00,0.0,0.0,0,220.0,0.2,44,25328,16159,24.8,18.0
Station_01,Inv_00,20170706,19:44:00,0.0,0.0,0,220.0,0.2,44,25328,16159,24.8,17.0
Station_01,Inv_00,20170706,19:45:00,0.0,0.0,0,220.0,0.2,44,25328,16159,24.8,18.0
Station_01,Inv_00,20170706,19:46:00,0.0,0.0,0,220.0,0.2,44,25328,16159,24.9,18.0
Station_01,Inv_00,20170706,19:47:00,0.0,0.0,0,220.0,0.2,44,25328,16159,24.8,18.0
Station_01,Inv_00,20170706,19:48:00,0.0,0.0,0,220.0,0.2,44,25328,16159,24.8,18.0
Station_01,Inv_00,20170706,19:49:00,0.0,0.0,0,220.0,0.2,44,25328,16159,24.8,18.0
Station_01,Inv_00,20170706,19:50:00,0.0,0.0,0,220.0,0.2,44,25328,16159,24.8,18.0
Station_01,Inv_00,20170706,19:51:00,0.0,0.0,0,220.0,0.2,44,25328,16159,24.8,18.0
Station_01,Inv_00,20170706,19:52:00,0.0,0.0,0,220.0,0.2,44,25328,16159,24.8,19.0
Station_01,Inv_00,20170706,19:53:00,0.0,0.0,0,220.0,0.2,44,25328,16159,24.8,18.0
Station_01,Inv_00,20170706,19:54:00,0.0,0.0,0,220.0,0.2,44,25328,16159,24.8,18.0
Station_01,Inv_00,20170706,19:55:00,0.0,0.0,0,220.0,0.2,44,25328,16159,24.8,19.0
Station_01,Inv_00,20170706,19:56:00,0.0,0.0,0,220.0,0.2,44,25328,16159,24.8,18.0
Station_01,Inv_00,20170706,19:57:00,0.0,0.0,0,220.0,0.2,44,25328,16159,24.8,18.0
Station_01,Inv_00,20170706,19:58:00,0.0,0.0,0,220.0,0.2,44,25328,16159,24.8,18.0
Station_01,Inv_00,20170706,19:59:00,0.0,0.0,0,220.0,0.2,44,25328,16159,24.8,18.0
Station_01,Inv_00,20170706,20:00:00,0.0,0.0,0,220.0,0.2,44,25328,16159,24.9,17.0
