Station_01,Inv_00,20170710,05:00:00,0.0,0.0,0,221.0,0.2,44,25377,16191,24.7,17.0
Station_01,Inv_00,20170710,05:01:00,0.0,0.0,0,221.0,0.2,44,25377,16191,24.7,17.0
Station_01,Inv_00,20170710,05:02:00,0.0,0.0,0,221.0,0.2,44,25377,16191,24.7,17.0
Station_01,Inv_00,20170710,05:03:00,0.0,0.0,0,221.0,0.2,44,25377,16191,24.8,17.0
Station_01,Inv_00,20170710,05:04:00,0.0,0.0,0,221.0,0.2,44,25377,16191,24.8,18.0
Station_01,Inv_00,20170710,05:05:00,0.0,0.0,0,221.0,0.2,44,25377,16191,24.8,18.0
Station_01,Inv_00,20170710,05:06:00,0.0,0.0,0,221.0,0.2,44,25377,16191,24.8,17.0
Station_01,Inv_00,20170710,05:07:00,0.0,0.0,0,221.0,0.2,44,25377,16191,24.8,17.0
Station_01,Inv_00,20170710,05:08:00,0.0,0.0,0,221.0,0.2,44,25377,16191,24.8,18.0
Station_01,Inv_00,20170710,05:09:00,0.0,0.0,0,221.0,0.2,44,25377,16191,24.8,18.0
Station_01,Inv_00,20170710,05:10:00,0.0,0.0,0,221.0,0.2,44,25377,16191,24.8,19.0
Station_01,Inv_00,20170710,05:11:00,0.0,0.0,0,221.0,0.2,44,25377,16191,24.9,18.0
Station_01,Inv_00,20170710,05:12:00,0.0,0.0,0,221.0,0.2,44,25377,16191,24.8,18.0
Station_01,Inv_00,20170710,05:13:00,0.0,0.0,0,221.0,0.2,44,25377,16191,24.9,18.0
Station_01,Inv_00,20170710,05:14:00,0.0,0.0,0,221.0,0.2,44,25377,16191,24.8,18.0
Station_01,Inv_00,20170710,05:15:00,0.0,0.0,0,221.0,0.2,44,25377,16191,24.8,19.0
Station_01,Inv_00,20170710,05:16:00,0.0,0.0,0,221.0,0.2,44,25377,16191,24.8,19.0
Station_01,Inv_00,20170710,05:17:00,0.0,0.0,0,221.0,0.2,44,25377,16191,24.8,19.0
Station_01,Inv_00,20170710,05:18:00,0.0,0.0,0,221.0,0.2,44,25377,16191,24.8,460.0
Station_01,Inv_00,20170710,05:19:00,0.0,0.0,0,221.0,0.2,44,25377,16191,24.9,19.0
Station_01,Inv_00,20170710,05:20:00,0.0,0.0,0,221.0,0.2,44,25377,16191,24.8,20.0
Station_01,Inv_00,20170710,05:21:00,0.0,0.0,0,221.0,0.2,44,25377,16191,24.9,21.0
Station_01,Inv_00,20170710,05:22:00,0.0,0.0,0,221.0,0.2,44,25377,16191,24.9,21.0
Station_01,Inv_00,20170710,05:23:00,0.0,0.0,0,221.0,0.2,44,25377,16191,24.9,22.0
Station_01,Inv_00,20170710,05:24:00,0.0,0.0,0,221.0,0.2,44,25377,16191,24.9,22.0
Station_01,Inv_00,20170710,05:25:00,0.0,0.0,0,221.0,0.2,44,25377,16191,24.9,23.0
Station_01,Inv_00,20170710,05:26:00,0.0,0.0,0,221.0,0.2,44,25377,16191,24.9,24.0
Station_01,Inv_00,20170710,05:27:00,0.0,0.0,0,221.0,0.2,44,25377,16191,24.9,25.0
Station_01,Inv_00,20170710,05:28:00,0.0,0.0,0,221.0,0.2,44,25377,16191,24.8,26.0
Station_01,Inv_00,20170710,05:29:00,0.0,0.0,0,221.0,0.5,111,25377,16191,24.9,460.0
Station_01,Inv_00,20170710,05:30:00,0.0,0.0,0,220.0,0.5,110,25377,16191,24.8,28.0
Station_01,Inv_00,20170710,05:31:00,0.0,0.0,0,220.0,0.5,110,25377,16191,24.8,29.0
Station_01,Inv_00,20170710,05:32:00,0.0,0.0,0,219.0,0.5,110,25377,16191,24.8,30.0
Station_01,Inv_00,20170710,05:33:00,0.0,0.0,0,220.0,0.5,110,25377,16191,24.8,31.0
Station_01,Inv_00,20170710,05:34:00,225.0,0.2,45,216.0,0.4,86,25377,16191,24.8,31.0
Station_01,Inv_00,20170710,05:35:00,198.0,0.2,40,215.0,0.5,108,25377,16191,24.7,458.0
Station_01,Inv_00,20170710,05:36:00,216.5,0.2,43,215.0,0.4,86,25377,16191,24.8,34.0
Station_01,Inv_00,20170710,05:37:00,225.0,0.2,45,215.0,0.4,86,25377,16191,24.9,35.0
Station_01,Inv_00,20170710,05:38:00,223.0,0.3,67,215.0,0.5,108,25377,16191,24.9,37.0
Station_01,Inv_00,20170710,05:39:00,225.0,0.2,45,215.0,0.5,108,25377,16191,25.0,39.0
Station_01,Inv_00,20170710,05:40:00,207.3,0.3,62,215.0,0.5,108,25377,16191,25.0,41.0
Station_01,Inv_00,20170710,05:41:00,193.0,0.3,58,215.0,0.5,108,25377,16191,25.1,44.0
Station_01,Inv_00,20170710,05:42:00,223.5,0.4,89,215.0,0.5,108,25377,16191,25.3,47.0
Station_01,Inv_00,20170710,05:43:00,224.3,0.3,67,216.0,0.5,108,25377,16191,25.3,50.0
Station_01,Inv_00,20170710,05:44:00,213.5,0.4,85,216.0,0.5,108,25377,16191,25.5,52.0
Station_01,Inv_00,20170710,05:45:00,222.0,0.4,89,215.0,0.5,108,25377,16191,25.5,55.0
Station_01,Inv_00,20170710,05:46:00,221.0,0.4,88,215.0,0.5,108,25377,16191,25.6,58.0
Station_01,Inv_00,20170710,05:47:00,238.0,0.4,95,215.0,0.5,108,25377,16191,25.7,60.0
Station_01,Inv_00,20170710,05:48:00,240.4,0.5,120,215.0,0.5,108,25377,16191,25.7,61.0
Station_01,Inv_00,20170710,05:49:00,240.5,0.4,96,216.0,0.6,130,25377,16191,25.9,61.0
Station_01,Inv_00,20170710,05:50:00,240.0,0.4,96,216.0,0.5,108,25377,16191,26.0,61.0
Station_01,Inv_00,20170710,05:51:00,239.0,0.4,96,216.0,0.6,130,25377,16191,26.2,60.0
Station_01,Inv_00,20170710,05:52:00,231.0,0.5,116,215.0,0.6,129,25377,16191,26.3,61.0
Station_01,Inv_00,20170710,05:53:00,211.0,0.5,106,217.0,0.6,130,25377,16191,26.4,62.0
Station_01,Inv_00,20170710,05:54:00,231.2,0.5,116,215.0,0.7,151,25377,16191,26.5,64.0
Station_01,Inv_00,20170710,05:55:00,175.0,0.6,105,215.0,0.6,129,25377,16191,26.7,69.0
Station_01,Inv_00,20170710,05:56:00,215.0,0.7,151,215.0,0.7,151,25377,16191,26.8,74.0
Station_01,Inv_00,20170710,05:57:00,239.0,0.7,167,215.0,0.8,172,25377,16191,27.0,79.0
Station_01,Inv_00,20170710,05:58:00,246.0,0.6,148,215.0,0.9,194,25377,16191,27.2,83.0
Station_01,Inv_00,20170710,05:59:00,244.4,0.7,171,215.0,0.9,194,25377,16191,27.3,86.0
Station_01,Inv_00,20170710,06:00:00,241.4,0.7,169,215.0,1.0,215,25377,16191,27.5,89.0
Station_01,Inv_00,20170710,06:01:00,245.5,0.8,196,215.0,1.0,215,25377,16191,27.6,92.0
Station_01,Inv_00,20170710,06:02:00,179.0,0.8,143,218.0,0.8,174,25377,16191,27.8,94.0
Station_01,Inv_00,20170710,06:03:00,227.3,0.9,205,218.0,1.0,218,25377,16191,27.9,97.0
Station_01,Inv_00,20170710,06:04:00,235.9,0.9,212,217.0,1.0,217,25377,16191,28.1,100.0
Station_01,Inv_00,20170710,06:05:00,177.8,1.0,178,218.0,0.9,196,25377,16191,28.2,103.0
Station_01,Inv_00,20170710,06:06:00,248.0,0.9,223,218.0,1.1,240,25377,16191,28.4,107.0
Station_01,Inv_00,20170710,06:07:00,246.5,1.0,247,217.0,1.1,239,25377,16191,28.5,110.0
Station_01,Inv_00,20170710,06:08:00,202.0,1.1,222,217.0,1.1,239,25377,16191,28.7,113.0
Station_01,Inv_00,20170710,06:09:00,151.6,1.0,152,218.0,1.0,218,25377,16191,28.9,116.0
Station_01,Inv_00,20170710,06:10:00,228.5,1.1,251,217.0,1.2,260,25377,16191,29.0,120.0
Station_01,Inv_00,20170710,06:11:00,238.7,1.1,263,217.0,1.3,282,25377,16191,29.1,123.0
Station_01,Inv_00,20170710,06:12:00,250.0,1.2,300,217.0,1.4,304,25377,16191,29.3,126.0
Station_01,Inv_00,20170710,06:13:00,219.5,1.3,285,217.0,1.3,282,25377,16191,29.5,130.0
Station_01,Inv_00,20170710,06:14:00,252.5,1.3,328,217.0,1.4,304,25377,16191,29.7,134.0
Station_01,Inv_00,20170710,06:15:00,251.0,1.2,301,217.0,1.5,326,25377,16191,29.8,138.0
Station_01,Inv_00,20170710,06:16:00,248.0,1.4,347,217.0,1.5,326,25377,16191,30.0,142.0
Station_01,Inv_00,20170710,06:17:00,248.5,1.5,373,218.0,1.6,349,25377,16191,30.3,146.0
Station_01,Inv_00,20170710,06:18:00,251.9,1.5,378,218.0,1.6,349,25377,16191,30.5,149.0
Station_01,Inv_00,20170710,06:19:00,249.5,1.6,399,217.0,1.7,369,25377,16191,30.7,153.0
Station_01,Inv_00,20170710,06:20:00,231.3,1.5,347,217.0,1.6,347,25377,16191,30.8,156.0
Station_01,Inv_00,20170710,06:21:00,236.0,1.7,401,216.0,1.8,389,25377,16191,31.1,159.0
Station_01,Inv_00,20170710,06:22:00,250.8,1.7,426,218.0,1.8,392,25377,16191,31.3,163.0
Station_01,Inv_00,20170710,06:23:00,251.5,1.6,402,217.0,1.9,412,25377,16191,31.5,166.0
Station_01,Inv_00,20170710,06:24:00,245.5,1.7,417,216.0,2.0,432,25377,16191,31.8,168.0
Station_01,Inv_00,20170710,06:25:00,249.5,1.8,449,217.0,2.0,434,25377,16191,31.8,171.0
Station_01,Inv_00,20170710,06:26:00,246.4,1.9,468,218.0,2.0,436,25377,16191,32.1,174.0
Station_01,Inv_00,20170710,06:27:00,251.0,1.8,452,217.0,2.1,456,25377,16191,32.3,178.0
Station_01,Inv_00,20170710,06:28:00,248.3,2.1,522,218.0,2.2,480,25377,16191,32.4,184.0
Station_01,Inv_00,20170710,06:29:00,248.5,2.1,522,218.0,2.3,501,25377,16191,32.5,190.0
Station_01,Inv_00,20170710,06:30:00,251.0,2.2,552,218.0,2.4,523,25377,16191,32.6,198.0
Station_01,Inv_00,20170710,06:31:00,251.0,2.3,577,218.0,2.5,545,25377,16191,32.8,204.0
Station_01,Inv_00,20170710,06:32:00,251.0,2.4,602,217.0,2.5,543,25377,16191,33.1,209.0
Station_01,Inv_00,20170710,06:33:00,247.5,2.3,569,217.0,2.5,543,25377,16191,32.9,211.0
Station_01,Inv_00,20170710,06:34:00,250.0,2.4,600,217.0,2.6,564,25377,16191,33.4,212.0
Station_01,Inv_00,20170710,06:35:00,248.5,2.5,621,216.0,2.7,583,25377,16191,33.6,216.0
Station_01,Inv_00,20170710,06:36:00,250.3,2.4,601,217.0,2.8,608,25377,16191,33.7,220.0
Station_01,Inv_00,20170710,06:37:00,248.0,2.6,645,216.0,2.9,626,25377,16191,33.9,223.0
Station_01,Inv_00,20170710,06:38:00,249.3,2.7,673,216.0,2.9,626,25377,16191,33.9,225.0
Station_01,Inv_00,20170710,06:39:00,250.5,2.6,651,217.0,2.8,608,25377,16191,34.4,218.0
Station_01,Inv_00,20170710,06:40:00,249.5,2.4,599,216.0,2.7,583,25377,16191,34.4,211.0
Station_01,Inv_00,20170710,06:41:00,243.5,2.6,633,216.0,2.7,583,25377,16191,34.6,210.0
Station_01,Inv_00,20170710,06:42:00,249.0,2.5,623,218.0,2.7,589,25377,16191,34.7,206.0
Station_01,Inv_00,20170710,06:43:00,234.8,2.6,611,217.0,2.6,564,25377,16191,34.6,208.0
Station_01,Inv_00,20170710,06:44:00,244.5,2.5,611,217.0,2.7,586,25377,16191,34.8,210.0
Station_01,Inv_00,20170710,06:45:00,248.9,2.6,647,217.0,2.8,608,25377,16191,34.8,213.0
Station_01,Inv_00,20170710,06:46:00,248.5,2.8,696,217.0,3.0,651,25377,16191,35.0,223.0
Station_01,Inv_00,20170710,06:47:00,244.0,3.0,732,217.0,3.1,673,25377,16191,35.3,237.0
Station_01,Inv_00,20170710,06:48:00,246.9,3.1,765,217.0,3.3,716,25377,16191,35.4,243.0
Station_01,Inv_00,20170710,06:49:00,244.0,3.1,756,217.0,3.2,694,25377,16191,35.8,243.0
Station_01,Inv_00,20170710,06:50:00,247.9,3.1,769,217.0,3.3,716,25377,16191,35.7,247.0
Station_01,Inv_00,20170710,06:51:00,246.5,3.2,789,216.0,3.5,756,25377,16191,36.2,252.0
Station_01,Inv_00,20170710,06:52:00,247.0,3.2,790,217.0,3.6,781,25377,16191,36.3,258.0
Station_01,Inv_00,20170710,06:53:00,243.5,3.3,804,217.0,3.6,781,25377,16191,36.4,260.0
Station_01,Inv_00,20170710,06:54:00,244.9,3.2,784,216.0,3.4,734,25377,16191,36.6,250.0
Station_01,Inv_00,20170710,06:55:00,240.4,3.4,817,216.0,3.5,756,25377,16191,36.8,254.0
Station_01,Inv_00,20170710,06:56:00,245.0,3.5,858,216.0,3.6,778,25377,16191,36.7,264.0
Station_01,Inv_00,20170710,06:57:00,246.9,3.5,864,217.0,3.8,825,25377,16191,37.1,270.0
Station_01,Inv_00,20170710,06:58:00,242.5,3.6,873,216.0,3.8,821,25377,16191,37.2,273.0
Station_01,Inv_00,20170710,06:59:00,230.5,3.5,807,216.0,3.6,778,25377,16191,37.3,271.0
Station_01,Inv_00,20170710,07:00:00,239.5,3.8,910,217.0,3.9,846,25377,16191,37.3,280.0
Station_01,Inv_00,20170710,07:01:00,246.0,3.6,886,218.0,3.9,850,25377,16191,37.7,282.0
Station_01,Inv_00,20170710,07:02:00,240.0,3.8,912,216.0,3.9,842,25377,16191,37.9,279.0
Station_01,Inv_00,20170710,07:03:00,244.5,3.8,929,216.0,4.1,886,25377,16191,38.1,290.0
Station_01,Inv_00,20170710,07:04:00,245.4,4.0,982,216.0,4.1,886,25377,16191,38.1,299.0
Station_01,Inv_00,20170710,07:05:00,243.0,4.1,996,216.0,4.1,886,25377,16191,38.4,299.0
Station_01,Inv_00,20170710,07:06:00,241.4,4.2,1014,217.0,4.2,911,25377,16191,38.7,306.0
Station_01,Inv_00,20170710,07:07:00,243.0,4.1,996,216.0,4.4,950,25377,16191,39.2,312.0
Station_01,Inv_00,20170710,07:08:00,246.0,4.2,1033,217.0,4.5,977,25377,16191,39.3,321.0
Station_01,Inv_00,20170710,07:09:00,245.4,4.3,1055,217.0,4.6,998,25377,16191,39.4,326.0
Station_01,Inv_00,20170710,07:10:00,246.5,4.5,1109,216.0,4.8,1037,25377,16191,39.8,338.0
Station_01,Inv_00,20170710,07:11:00,242.5,4.7,1140,216.0,4.9,1058,25377,16191,40.4,345.0
Station_01,Inv_00,20170710,07:12:00,240.5,4.8,1154,217.0,5.0,1085,25377,16191,40.9,352.0
Station_01,Inv_00,20170710,07:13:00,243.5,4.8,1169,217.0,5.1,1107,25377,16191,40.8,358.0
Station_01,Inv_00,20170710,07:14:00,237.0,5.2,1232,217.0,5.2,1128,25377,16191,41.6,365.0
Station_01,Inv_00,20170710,07:15:00,240.0,5.2,1248,217.0,5.3,1150,25377,16191,41.4,374.0
Station_01,Inv_00,20170710,07:16:00,242.0,5.3,1283,217.0,5.5,1194,25377,16191,41.9,379.0
Station_01,Inv_00,20170710,07:17:00,236.5,5.3,1253,217.0,5.5,1194,25377,16191,42.3,384.0
Station_01,Inv_00,20170710,07:18:00,240.5,5.3,1275,217.0,5.6,1215,25377,16191,42.3,389.0
Station_01,Inv_00,20170710,07:19:00,242.9,5.3,1288,217.0,5.6,1215,25377,16191,43.0,390.0
Station_01,Inv_00,20170710,07:20:00,243.5,5.5,1339,218.0,5.6,1221,25377,16191,43.1,393.0
Station_01,Inv_00,20170710,07:21:00,236.5,5.7,1348,218.0,5.7,1243,25377,16191,43.6,397.0
Station_01,Inv_00,20170710,07:22:00,243.0,5.5,1336,218.0,5.8,1264,25377,16191,42.9,403.0
Station_01,Inv_00,20170710,07:23:00,236.5,5.7,1348,219.0,5.8,1270,25377,16191,43.0,407.0
Station_01,Inv_00,20170710,07:24:00,237.5,5.9,1401,217.0,5.9,1280,25378,16191,43.6,409.0
Station_01,Inv_00,20170710,07:25:00,224.0,5.9,1321,217.0,5.7,1237,25378,16191,43.8,412.0
Station_01,Inv_00,20170710,07:26:00,240.0,5.8,1392,219.0,6.0,1314,25378,16191,43.6,417.0
Station_01,Inv_00,20170710,07:27:00,235.5,6.0,1413,219.0,5.9,1292,25378,16191,43.5,421.0
Station_01,Inv_00,20170710,07:28:00,237.0,5.9,1398,219.0,6.1,1336,25378,16191,44.3,421.0
Station_01,Inv_00,20170710,07:29:00,228.0,6.0,1368,219.0,6.0,1314,25378,16191,43.9,421.0
Station_01,Inv_00,20170710,07:30:00,235.5,6.1,1436,219.0,6.1,1336,25378,16191,44.6,422.0
Station_01,Inv_00,20170710,07:31:00,234.5,6.2,1454,219.0,6.2,1358,25378,16191,44.6,427.0
Station_01,Inv_00,20170710,07:32:00,235.5,6.2,1460,218.0,6.2,1352,25378,16191,45.5,426.0
Station_01,Inv_00,20170710,07:33:00,226.5,6.3,1427,218.0,6.0,1308,25378,16191,46.0,426.0
Station_01,Inv_00,20170710,07:34:00,226.5,6.3,1427,218.0,6.1,1330,25378,16191,46.2,426.0
Station_01,Inv_00,20170710,07:35:00,225.5,6.3,1421,217.0,6.0,1302,25378,16191,46.4,421.0
Station_01,Inv_00,20170710,07:36:00,226.5,6.3,1427,217.0,6.1,1324,25378,16191,46.1,427.0
Station_01,Inv_00,20170710,07:37:00,226.5,6.3,1427,217.0,6.2,1345,25378,16191,46.2,429.0
Station_01,Inv_00,20170710,07:38:00,226.0,6.4,1446,217.0,6.2,1345,25378,16191,45.9,433.0
Station_01,Inv_00,20170710,07:39:00,226.5,6.3,1427,217.0,6.1,1324,25378,16191,46.1,425.0
Station_01,Inv_00,20170710,07:40:00,226.0,6.3,1424,217.0,6.2,1345,25378,16191,46.3,428.0
Station_01,Inv_00,20170710,07:41:00,226.5,6.4,1449,217.0,6.3,1367,25378,16191,46.8,433.0
Station_01,Inv_00,20170710,07:42:00,226.0,6.7,1514,218.0,6.5,1417,25378,16191,45.8,448.0
Station_01,Inv_00,20170710,07:43:00,226.5,6.7,1517,218.0,6.4,1395,25378,16191,46.7,448.0
Station_01,Inv_00,20170710,07:44:00,226.0,6.7,1514,218.0,6.5,1417,25378,16191,47.2,445.0
Station_01,Inv_00,20170710,07:45:00,226.5,6.7,1518,218.0,6.6,1439,25378,16191,47.3,451.0
Station_01,Inv_00,20170710,07:46:00,224.5,6.9,1549,217.0,6.7,1454,25378,16191,47.0,455.0
Station_01,Inv_00,20170710,07:47:00,225.5,6.9,1556,217.0,6.7,1454,25378,16191,48.2,455.0
Station_01,Inv_00,20170710,07:48:00,224.5,6.9,1549,217.0,6.7,1454,25378,16191,47.7,457.0
Station_01,Inv_00,20170710,07:49:00,225.5,6.9,1556,216.0,6.8,1469,25378,16191,48.6,461.0
Station_01,Inv_00,20170710,07:50:00,226.0,7.1,1605,217.0,6.8,1476,25378,16191,48.3,468.0
Station_01,Inv_00,20170710,07:51:00,226.0,7.1,1605,217.0,6.9,1497,25378,16191,48.6,470.0
Station_01,Inv_00,20170710,07:52:00,225.0,7.2,1620,217.0,6.9,1497,25378,16191,49.3,470.0
Station_01,Inv_00,20170710,07:53:00,225.5,7.2,1623,218.0,7.1,1548,25378,16191,49.2,478.0
Station_01,Inv_00,20170710,07:54:00,225.0,7.3,1642,218.0,7.0,1526,25378,16191,49.2,478.0
Station_01,Inv_00,20170710,07:55:00,226.5,7.3,1653,218.0,7.1,1548,25378,16191,49.2,479.0
Station_01,Inv_00,20170710,07:56:00,235.0,7.3,1716,218.0,7.3,1591,25378,16191,49.7,491.0
Station_01,Inv_00,20170710,07:57:00,229.4,7.4,1698,218.0,7.4,1613,25378,16191,50.3,498.0
Station_01,Inv_00,20170710,07:58:00,230.5,7.5,1729,218.0,7.5,1635,25378,16191,49.3,506.0
Station_01,Inv_00,20170710,07:59:00,221.9,7.8,1731,218.0,7.5,1635,25378,16191,49.6,512.0
Station_01,Inv_00,20170710,08:00:00,229.4,7.8,1789,217.0,7.7,1671,25378,16191,50.0,512.0
Station_01,Inv_00,20170710,08:01:00,226.9,7.8,1770,216.0,7.7,1663,25378,16191,51.0,516.0
Station_01,Inv_00,20170710,08:02:00,227.4,8.0,1820,217.0,7.8,1693,25378,16191,51.3,522.0
Station_01,Inv_00,20170710,08:03:00,233.5,7.7,1798,218.0,7.8,1700,25379,16192,50.9,522.0
Station_01,Inv_00,20170710,08:04:00,231.0,7.8,1802,217.0,7.9,1714,25379,16192,51.4,525.0
Station_01,Inv_00,20170710,08:05:00,227.5,8.1,1843,217.0,8.0,1736,25379,16192,51.8,531.0
Station_01,Inv_00,20170710,08:06:00,231.5,8.1,1875,219.0,8.0,1752,25379,16192,51.8,537.0
Station_01,Inv_00,20170710,08:07:00,220.0,8.2,1804,219.0,7.8,1708,25379,16192,52.0,536.0
Station_01,Inv_00,20170710,08:08:00,223.0,8.3,1851,218.0,8.0,1744,25379,16192,51.6,546.0
Station_01,Inv_00,20170710,08:09:00,219.0,8.3,1817,218.0,7.9,1722,25379,16192,52.4,541.0
Station_01,Inv_00,20170710,08:10:00,227.5,8.3,1888,218.0,8.2,1788,25379,16192,51.9,549.0
Station_01,Inv_00,20170710,08:11:00,227.5,8.3,1888,218.0,8.2,1788,25379,16192,52.4,552.0
Station_01,Inv_00,20170710,08:12:00,227.5,8.4,1911,219.0,8.2,1796,25379,16192,52.5,558.0
Station_01,Inv_00,20170710,08:13:00,229.5,8.5,1951,219.0,8.3,1818,25379,16192,51.0,563.0
Station_01,Inv_00,20170710,08:14:00,229.0,8.5,1946,219.0,8.4,1840,25379,16192,51.2,572.0
Station_01,Inv_00,20170710,08:15:00,231.0,8.5,1963,219.0,8.5,1862,25379,16192,50.1,574.0
Station_01,Inv_00,20170710,08:16:00,229.0,8.7,1992,219.0,8.6,1883,25379,16192,50.4,579.0
Station_01,Inv_00,20170710,08:17:00,231.5,8.6,1991,218.0,8.7,1897,25379,16192,51.3,581.0
Station_01,Inv_00,20170710,08:18:00,224.0,9.0,2016,219.0,8.7,1905,25379,16192,52.2,587.0
Station_01,Inv_00,20170710,08:19:00,226.0,8.9,2011,219.0,8.7,1905,25379,16192,51.6,587.0
Station_01,Inv_00,20170710,08:20:00,227.5,8.9,2025,219.0,8.7,1905,25379,16192,51.5,591.0
Station_01,Inv_00,20170710,08:21:00,226.5,9.1,2061,218.0,8.8,1918,25379,16192,52.1,593.0
Station_01,Inv_00,20170710,08:22:00,229.5,8.9,2043,219.0,8.7,1905,25379,16192,52.5,591.0
Station_01,Inv_00,20170710,08:23:00,223.5,8.9,1989,219.0,8.6,1883,25379,16192,52.1,584.0
Station_01,Inv_00,20170710,08:24:00,212.5,9.1,1934,219.0,8.4,1840,25379,16192,53.3,585.0
Station_01,Inv_00,20170710,08:25:00,213.5,9.3,1985,219.0,8.5,1862,25379,16192,53.7,590.0
Station_01,Inv_00,20170710,08:26:00,224.0,9.1,2038,219.0,8.9,1949,25379,16192,53.7,596.0
Station_01,Inv_00,20170710,08:27:00,216.0,9.2,1987,219.0,8.6,1883,25379,16192,52.2,595.0
Station_01,Inv_00,20170710,08:28:00,216.0,9.3,2009,220.0,8.6,1892,25379,16192,53.2,591.0
Station_01,Inv_00,20170710,08:29:00,215.0,9.5,2043,220.0,8.7,1914,25379,16192,52.7,599.0
Station_01,Inv_00,20170710,08:30:00,216.5,9.5,2057,220.0,8.8,1936,25379,16192,52.8,608.0
Station_01,Inv_00,20170710,08:31:00,216.5,9.5,2057,219.0,8.9,1949,25379,16192,54.1,606.0
Station_01,Inv_00,20170710,08:32:00,224.0,9.4,2105,220.0,9.1,2002,25379,16192,53.9,612.0
Station_01,Inv_00,20170710,08:33:00,227.5,9.5,2161,219.0,9.3,2037,25379,16192,54.3,621.0
Station_01,Inv_00,20170710,08:34:00,227.5,9.5,2161,220.0,9.3,2046,25380,16192,55.1,627.0
Station_01,Inv_00,20170710,08:35:00,225.0,9.7,2182,220.0,9.4,2068,25380,16192,55.3,632.0
Station_01,Inv_00,20170710,08:36:00,225.5,9.8,2210,220.0,9.5,2090,25380,16192,55.4,636.0
Station_01,Inv_00,20170710,08:37:00,226.0,9.8,2214,220.0,9.5,2090,25380,16192,56.1,642.0
Station_01,Inv_00,20170710,08:38:00,223.0,9.9,2208,220.0,9.5,2090,25380,16192,56.5,639.0
Station_01,Inv_00,20170710,08:39:00,225.5,9.7,2187,220.0,9.4,2068,25380,16192,56.6,633.0
Station_01,Inv_00,20170710,08:40:00,223.9,9.8,2195,220.0,9.5,2090,25380,16192,55.6,637.0
Station_01,Inv_00,20170710,08:41:00,224.4,9.8,2200,220.0,9.5,2090,25380,16192,55.4,647.0
Station_01,Inv_00,20170710,08:42:00,217.5,10.3,2240,220.0,9.7,2134,25380,16192,55.8,656.0
Station_01,Inv_00,20170710,08:43:00,210.5,10.5,2210,220.0,9.4,2068,25380,16192,56.7,649.0
Station_01,Inv_00,20170710,08:44:00,210.0,10.7,2247,220.0,9.6,2112,25380,16192,57.2,663.0
Station_01,Inv_00,20170710,08:45:00,209.5,10.4,2179,219.0,9.3,2037,25380,16192,56.8,651.0
Station_01,Inv_00,20170710,08:46:00,210.0,10.3,2163,220.0,9.3,2046,25380,16192,57.5,636.0
Station_01,Inv_00,20170710,08:47:00,204.0,10.7,2183,220.0,9.3,2046,25380,16192,57.8,652.0
Station_01,Inv_00,20170710,08:48:00,203.5,10.6,2157,219.0,9.3,2037,25380,16192,58.1,653.0
Station_01,Inv_00,20170710,08:49:00,202.5,10.7,2167,219.0,9.3,2037,25380,16192,58.7,651.0
Station_01,Inv_00,20170710,08:50:00,204.0,10.9,2224,220.0,9.5,2090,25380,16192,58.9,671.0
Station_01,Inv_00,20170710,08:51:00,204.0,11.0,2244,220.0,9.6,2112,25380,16192,59.9,670.0
Station_01,Inv_00,20170710,08:52:00,204.0,11.0,2244,219.0,9.6,2102,25380,16192,60.1,673.0
Station_01,Inv_00,20170710,08:53:00,201.0,11.1,2231,219.0,9.6,2102,25380,16192,60.1,678.0
Station_01,Inv_00,20170710,08:54:00,201.0,11.1,2231,219.0,9.6,2102,25380,16192,60.6,673.0
Station_01,Inv_00,20170710,08:55:00,201.5,11.1,2237,219.0,9.6,2102,25380,16192,59.9,672.0
Station_01,Inv_00,20170710,08:56:00,200.5,11.1,2225,219.0,9.7,2124,25380,16192,59.7,673.0
Station_01,Inv_00,20170710,08:57:00,200.5,11.3,2266,219.0,9.7,2124,25380,16192,61.1,677.0
Station_01,Inv_00,20170710,08:58:00,201.0,11.1,2231,219.0,9.7,2124,25380,16192,61.6,676.0
Station_01,Inv_00,20170710,08:59:00,200.5,11.3,2266,219.0,9.8,2146,25380,16192,62.1,682.0
Station_01,Inv_00,20170710,09:00:00,201.0,11.5,2311,219.0,9.8,2146,25380,16192,62.1,689.0
Station_01,Inv_00,20170710,09:01:00,200.5,11.5,2306,219.0,9.9,2168,25381,16193,61.8,693.0
Station_01,Inv_00,20170710,09:02:00,201.0,11.6,2332,219.0,9.9,2168,25381,16193,61.6,696.0
Station_01,Inv_00,20170710,09:03:00,200.5,11.7,2346,218.0,10.1,2202,25381,16193,59.0,712.0
Station_01,Inv_00,20170710,09:04:00,222.5,10.9,2425,218.0,10.5,2289,25381,16193,60.2,711.0
Station_01,Inv_00,20170710,09:05:00,216.5,11.1,2403,218.0,10.5,2289,25381,16193,61.2,702.0
Station_01,Inv_00,20170710,09:06:00,216.0,11.3,2441,219.0,10.4,2278,25381,16193,60.5,705.0
Station_01,Inv_00,20170710,09:07:00,205.5,11.7,2404,218.0,10.3,2245,25381,16193,61.0,717.0
Station_01,Inv_00,20170710,09:08:00,206.5,11.7,2416,218.0,10.3,2245,25381,16193,58.6,716.0
Station_01,Inv_00,20170710,09:09:00,207.5,11.7,2428,220.0,10.5,2310,25381,16193,57.3,723.0
Station_01,Inv_00,20170710,09:10:00,219.0,11.4,2496,219.0,10.8,2365,25381,16193,58.3,723.0
Station_01,Inv_00,20170710,09:11:00,220.5,11.4,2513,218.0,10.8,2354,25381,16193,58.7,728.0
Station_01,Inv_00,20170710,09:12:00,220.5,11.4,2514,218.0,10.9,2376,25381,16193,58.4,734.0
Station_01,Inv_00,20170710,09:13:00,222.0,11.3,2509,218.0,10.8,2354,25381,16193,58.9,722.0
Station_01,Inv_00,20170710,09:14:00,208.5,11.9,2481,218.0,10.7,2333,25381,16193,59.8,723.0
Station_01,Inv_00,20170710,09:15:00,209.0,11.9,2487,218.0,10.8,2354,25381,16193,60.1,728.0
Station_01,Inv_00,20170710,09:16:00,210.5,11.9,2505,219.0,10.8,2365,25381,16193,59.4,736.0
Station_01,Inv_00,20170710,09:17:00,208.5,11.9,2481,218.0,10.7,2333,25381,16193,59.8,727.0
Station_01,Inv_00,20170710,09:18:00,221.5,11.3,2503,218.0,10.8,2354,25381,16193,59.9,727.0
Station_01,Inv_00,20170710,09:19:00,222.0,11.1,2464,218.0,10.7,2333,25381,16193,59.0,727.0
Station_01,Inv_00,20170710,09:20:00,224.5,11.1,2492,218.0,10.8,2354,25381,16193,58.9,729.0
Station_01,Inv_00,20170710,09:21:00,219.0,11.1,2431,218.0,10.6,2311,25381,16193,57.0,711.0
Station_01,Inv_00,20170710,09:22:00,218.0,11.4,2485,219.0,10.7,2343,25381,16193,58.1,725.0
Station_01,Inv_00,20170710,09:23:00,222.0,11.3,2509,219.0,10.8,2365,25381,16193,58.5,731.0
Station_01,Inv_00,20170710,09:24:00,220.0,11.4,2508,218.0,10.8,2354,25381,16193,58.0,730.0
Station_01,Inv_00,20170710,09:25:00,209.0,12.3,2571,219.0,11.0,2409,25382,16194,58.1,749.0
Station_01,Inv_00,20170710,09:26:00,217.0,11.9,2582,219.0,11.1,2431,25382,16194,57.9,752.0
Station_01,Inv_00,20170710,09:27:00,222.5,11.7,2603,218.0,11.3,2463,25382,16194,58.2,756.0
Station_01,Inv_00,20170710,09:28:00,220.5,12.2,2690,219.0,11.5,2519,25382,16194,57.2,769.0
Station_01,Inv_00,20170710,09:29:00,222.0,12.1,2686,220.0,11.4,2508,25382,16194,55.3,779.0
Station_01,Inv_00,20170710,09:30:00,220.4,12.0,2645,220.0,11.4,2508,25382,16194,55.0,780.0
Station_01,Inv_00,20170710,09:31:00,220.5,12.1,2668,220.0,11.4,2508,25382,16194,56.3,778.0
Station_01,Inv_00,20170710,09:32:00,212.5,12.5,2656,219.0,11.4,2497,25382,16194,57.6,777.0
Station_01,Inv_00,20170710,09:33:00,219.5,12.2,2678,219.0,11.5,2519,25382,16194,56.4,778.0
Station_01,Inv_00,20170710,09:34:00,212.0,12.5,2650,220.0,11.3,2486,25382,16194,56.3,780.0
Station_01,Inv_00,20170710,09:35:00,214.4,12.5,2680,219.0,11.5,2519,25382,16194,57.4,785.0
Station_01,Inv_00,20170710,09:36:00,223.5,12.0,2682,220.0,11.5,2530,25382,16194,58.9,778.0
Station_01,Inv_00,20170710,09:37:00,218.5,12.2,2665,219.0,11.4,2497,25382,16194,58.5,780.0
Station_01,Inv_00,20170710,09:38:00,221.0,11.9,2630,220.0,11.4,2508,25382,16194,56.8,777.0
Station_01,Inv_00,20170710,09:39:00,212.0,12.5,2650,219.0,11.4,2497,25382,16194,56.6,786.0
Station_01,Inv_00,20170710,09:40:00,220.0,12.3,2706,219.0,11.8,2584,25382,16194,55.4,790.0
Station_01,Inv_00,20170710,09:41:00,220.5,12.3,2712,219.0,11.8,2584,25382,16194,56.2,790.0
Station_01,Inv_00,20170710,09:42:00,219.5,12.5,2744,219.0,11.8,2584,25382,16194,57.0,793.0
Station_01,Inv_00,20170710,09:43:00,219.5,12.5,2744,219.0,11.8,2584,25382,16194,57.2,799.0
Station_01,Inv_00,20170710,09:44:00,209.5,12.9,2703,219.0,11.6,2540,25382,16194,57.4,799.0
Station_01,Inv_00,20170710,09:45:00,210.0,12.7,2667,219.0,11.4,2497,25382,16194,57.0,794.0
Station_01,Inv_00,20170710,09:46:00,210.5,12.7,2673,219.0,11.5,2519,25382,16194,58.5,786.0
Station_01,Inv_00,20170710,09:47:00,213.5,12.5,2669,219.0,11.5,2519,25382,16194,59.4,786.0
Station_01,Inv_00,20170710,09:48:00,206.5,12.9,2664,219.0,11.4,2497,25383,16194,59.2,795.0
Station_01,Inv_00,20170710,09:49:00,206.5,12.9,2664,219.0,11.4,2497,25383,16194,58.6,790.0
Station_01,Inv_00,20170710,09:50:00,207.0,12.9,2670,219.0,11.5,2519,25383,16194,59.7,795.0
Station_01,Inv_00,20170710,09:51:00,206.5,12.9,2664,219.0,11.3,2475,25383,16194,60.4,789.0
Station_01,Inv_00,20170710,09:52:00,206.5,13.0,2684,219.0,11.5,2519,25383,16194,59.2,799.0
Station_01,Inv_00,20170710,09:53:00,217.5,12.5,2719,219.0,11.8,2584,25383,16194,57.8,802.0
Station_01,Inv_00,20170710,09:54:00,216.0,12.9,2786,219.0,11.9,2606,25383,16194,56.7,816.0
Station_01,Inv_00,20170710,09:55:00,199.5,13.1,2613,219.0,11.3,2475,25383,16194,56.9,808.0
Station_01,Inv_00,20170710,09:56:00,200.5,13.1,2626,219.0,11.3,2475,25383,16194,56.0,807.0
Station_01,Inv_00,20170710,09:57:00,201.0,13.5,2713,219.0,11.5,2519,25383,16194,56.2,814.0
Station_01,Inv_00,20170710,09:58:00,202.5,13.5,2734,219.0,11.7,2562,25383,16194,54.5,835.0
Station_01,Inv_00,20170710,09:59:00,215.0,13.0,2795,220.0,12.0,2640,25383,16194,55.0,829.0
Station_01,Inv_00,20170710,10:00:00,221.0,12.9,2851,220.0,12.2,2684,25383,16194,57.3,832.0
Station_01,Inv_00,20170710,10:01:00,219.0,13.0,2846,220.0,12.2,2684,25383,16194,57.6,833.0
Station_01,Inv_00,20170710,10:02:00,216.5,13.1,2836,220.0,12.1,2662,25383,16194,57.6,832.0
Station_01,Inv_00,20170710,10:03:00,217.0,12.9,2799,219.0,12.0,2628,25383,16194,56.3,828.0
Station_01,Inv_00,20170710,10:04:00,217.0,12.8,2777,220.0,11.8,2596,25383,16194,57.4,820.0
Station_01,Inv_00,20170710,10:05:00,218.0,12.6,2747,219.0,11.8,2584,25383,16194,56.5,816.0
Station_01,Inv_00,20170710,10:06:00,218.0,12.4,2703,219.0,11.6,2540,25383,16194,58.0,806.0
Station_01,Inv_00,20170710,10:07:00,219.5,12.1,2656,220.0,11.4,2508,25383,16194,57.4,787.0
Station_01,Inv_00,20170710,10:08:00,220.5,11.5,2536,219.0,10.8,2365,25383,16194,58.3,748.0
Station_01,Inv_00,20170710,10:09:00,209.0,11.9,2487,219.0,10.8,2365,25383,16194,58.1,757.0
Station_01,Inv_00,20170710,10:10:00,208.0,12.1,2517,219.0,10.8,2365,25384,16195,56.6,739.0
Station_01,Inv_00,20170710,10:11:00,220.0,11.7,2574,219.0,11.1,2431,25384,16195,57.1,756.0
Station_01,Inv_00,20170710,10:12:00,217.0,12.3,2669,219.0,11.5,2519,25384,16195,55.5,787.0
Station_01,Inv_00,20170710,10:13:00,217.5,12.7,2762,219.0,11.8,2584,25384,16195,54.9,809.0
Station_01,Inv_00,20170710,10:14:00,218.0,13.1,2856,219.0,12.2,2672,25384,16195,54.9,835.0
Station_01,Inv_00,20170710,10:15:00,221.0,13.0,2873,219.0,12.4,2716,25384,16195,55.5,846.0
Station_01,Inv_00,20170710,10:16:00,217.0,13.4,2908,218.0,12.5,2725,25384,16195,54.9,856.0
Station_01,Inv_00,20170710,10:17:00,220.5,13.1,2889,218.0,12.5,2725,25384,16195,55.1,856.0
Station_01,Inv_00,20170710,10:18:00,216.0,13.5,2916,219.0,12.5,2738,25384,16195,54.0,866.0
Station_01,Inv_00,20170710,10:19:00,214.5,13.7,2939,219.0,12.6,2759,25384,16195,54.6,869.0
Station_01,Inv_00,20170710,10:20:00,222.0,13.2,2930,219.0,12.7,2781,25384,16195,57.5,868.0
Station_01,Inv_00,20170710,10:21:00,218.5,13.4,2928,219.0,12.5,2738,25384,16195,57.2,866.0
Station_01,Inv_00,20170710,10:22:00,210.0,14.1,2961,218.0,12.7,2769,25384,16195,57.3,878.0
Station_01,Inv_00,20170710,10:23:00,212.5,14.1,2996,219.0,12.9,2825,25384,16195,58.0,890.0
Station_01,Inv_00,20170710,10:24:00,207.5,14.3,2967,219.0,12.7,2781,25384,16195,58.2,892.0
Station_01,Inv_00,20170710,10:25:00,216.5,13.7,2966,219.0,12.8,2803,25384,16195,59.7,887.0
Station_01,Inv_00,20170710,10:26:00,215.9,13.5,2915,219.0,12.5,2738,25384,16195,59.9,869.0
Station_01,Inv_00,20170710,10:27:00,218.0,12.9,2812,218.0,12.1,2638,25384,16195,60.8,843.0
Station_01,Inv_00,20170710,10:28:00,207.9,13.0,2703,218.0,11.7,2551,25384,16195,60.2,822.0
Station_01,Inv_00,20170710,10:29:00,213.5,12.6,2690,218.0,11.6,2529,25384,16195,60.6,809.0
Station_01,Inv_00,20170710,10:30:00,208.5,12.8,2669,218.0,11.5,2507,25384,16195,57.2,810.0
Station_01,Inv_00,20170710,10:31:00,217.5,12.3,2675,218.0,11.6,2529,25385,16196,57.4,805.0
Station_01,Inv_00,20170710,10:32:00,213.0,12.9,2748,218.0,11.8,2572,25385,16196,57.0,819.0
Station_01,Inv_00,20170710,10:33:00,213.0,12.4,2641,218.0,11.4,2485,25385,16196,56.8,794.0
Station_01,Inv_00,20170710,10:34:00,216.0,12.3,2657,218.0,11.5,2507,25385,16196,56.9,788.0
Station_01,Inv_00,20170710,10:35:00,205.0,12.7,2604,218.0,11.3,2463,25385,16196,56.7,790.0
Station_01,Inv_00,20170710,10:36:00,203.5,12.4,2523,218.0,10.8,2354,25385,16196,56.8,767.0
Station_01,Inv_00,20170710,10:37:00,204.0,12.5,2550,218.0,11.0,2398,25385,16196,57.4,772.0
Station_01,Inv_00,20170710,10:38:00,203.0,13.1,2659,218.0,11.5,2507,25385,16196,56.2,806.0
Station_01,Inv_00,20170710,10:39:00,202.5,13.3,2693,218.0,11.7,2551,25385,16196,56.8,824.0
Station_01,Inv_00,20170710,10:40:00,203.5,13.5,2747,218.0,11.8,2572,25385,16196,57.3,826.0
Station_01,Inv_00,20170710,10:41:00,202.5,13.3,2693,218.0,11.8,2572,25385,16196,57.1,827.0
Station_01,Inv_00,20170710,10:42:00,203.5,13.5,2747,218.0,11.8,2572,25385,16196,56.2,827.0
Station_01,Inv_00,20170710,10:43:00,202.5,13.8,2794,218.0,12.2,2660,25385,16196,55.7,850.0
Station_01,Inv_00,20170710,10:44:00,206.0,13.6,2801,218.0,12.0,2616,25385,16196,57.2,840.0
Station_01,Inv_00,20170710,10:45:00,217.5,13.1,2849,218.0,12.4,2703,25385,16196,58.2,843.0
Station_01,Inv_00,20170710,10:46:00,215.0,13.2,2838,218.0,12.3,2681,25385,16196,57.8,843.0
Station_01,Inv_00,20170710,10:47:00,215.0,13.1,2817,217.0,12.2,2647,25385,16196,60.6,837.0
Station_01,Inv_00,20170710,10:48:00,213.0,12.9,2748,218.0,11.8,2572,25385,16196,60.7,816.0
Station_01,Inv_00,20170710,10:49:00,219.0,12.3,2694,217.0,11.7,2539,25385,16196,60.4,797.0
Station_01,Inv_00,20170710,10:50:00,215.5,12.5,2694,217.0,11.6,2517,25385,16196,58.2,797.0
Station_01,Inv_00,20170710,10:51:00,211.5,12.5,2644,217.0,11.4,2474,25385,16196,57.8,794.0
Station_01,Inv_00,20170710,10:52:00,212.0,12.5,2650,217.0,11.4,2474,25385,16196,57.7,782.0
Station_01,Inv_00,20170710,10:53:00,218.5,12.4,2709,217.0,11.8,2561,25386,16196,58.6,797.0
Station_01,Inv_00,20170710,10:54:00,218.5,12.5,2731,217.0,11.9,2582,25386,16196,57.8,803.0
Station_01,Inv_00,20170710,10:55:00,215.5,12.9,2780,217.0,12.1,2626,25386,16196,60.1,814.0
Station_01,Inv_00,20170710,10:56:00,218.0,12.9,2812,217.0,12.2,2647,25386,16196,61.4,822.0
Station_01,Inv_00,20170710,10:57:00,208.5,13.7,2856,217.0,12.4,2691,25386,16196,61.5,839.0
Station_01,Inv_00,20170710,10:58:00,217.0,13.7,2973,217.0,12.9,2799,25386,16196,62.0,881.0
Station_01,Inv_00,20170710,10:59:00,216.0,13.6,2937,218.0,12.8,2790,25386,16196,62.1,879.0
Station_01,Inv_00,20170710,11:00:00,203.0,14.5,2944,217.0,12.7,2756,25386,16196,62.3,891.0
Station_01,Inv_00,20170710,11:01:00,202.5,14.4,2916,218.0,12.5,2725,25386,16196,62.6,881.0
Station_01,Inv_00,20170710,11:02:00,202.5,14.3,2896,217.0,12.5,2713,25386,16196,62.1,875.0
Station_01,Inv_00,20170710,11:03:00,215.0,13.6,2924,217.0,12.6,2734,25386,16196,63.3,872.0
Station_01,Inv_00,20170710,11:04:00,214.5,13.8,2960,218.0,12.8,2790,25386,16196,60.5,877.0
Station_01,Inv_00,20170710,11:05:00,214.0,13.7,2932,218.0,12.6,2747,25386,16196,61.0,870.0
Station_01,Inv_00,20170710,11:06:00,210.0,13.9,2919,218.0,12.6,2747,25386,16196,60.7,868.0
Station_01,Inv_00,20170710,11:07:00,215.5,13.7,2952,218.0,12.7,2769,25386,16196,60.3,875.0
Station_01,Inv_00,20170710,11:08:00,215.0,14.0,3010,218.0,13.0,2834,25386,16196,59.2,893.0
Station_01,Inv_00,20170710,11:09:00,215.0,14.6,3139,218.0,13.5,2943,25386,16196,61.3,928.0
Station_01,Inv_00,20170710,11:10:00,210.4,15.1,3178,218.0,13.8,3008,25386,16196,59.9,796.0
Station_01,Inv_00,20170710,11:11:00,216.9,14.4,3123,218.0,13.4,2921,25386,16196,60.0,918.0
Station_01,Inv_00,20170710,11:12:00,212.5,14.6,3102,218.0,13.4,2921,25386,16196,59.0,927.0
Station_01,Inv_00,20170710,11:13:00,214.5,14.5,3110,218.0,13.4,2921,25386,16196,60.4,921.0
Station_01,Inv_00,20170710,11:14:00,215.0,14.5,3117,218.0,13.4,2921,25387,16197,59.7,933.0
Station_01,Inv_00,20170710,11:15:00,203.5,14.5,2951,218.0,12.9,2812,25387,16197,57.8,908.0
Station_01,Inv_00,20170710,11:16:00,196.5,14.5,2849,218.0,12.3,2681,25387,16197,57.5,889.0
Station_01,Inv_00,20170710,11:17:00,203.0,13.7,2781,218.0,12.0,2616,25387,16197,58.7,842.0
Station_01,Inv_00,20170710,11:18:00,194.5,14.1,2742,218.0,11.8,2572,25387,16197,58.7,853.0
Station_01,Inv_00,20170710,11:19:00,208.0,13.5,2808,218.0,12.4,2703,25387,16197,56.5,774.0
Station_01,Inv_00,20170710,11:20:00,215.5,13.3,2866,218.0,12.4,2703,25387,16197,58.6,840.0
Station_01,Inv_00,20170710,11:21:00,216.3,13.0,2812,218.0,12.1,2638,25387,16197,57.8,815.0
Station_01,Inv_00,20170710,11:22:00,214.0,13.0,2781,218.0,12.0,2616,25387,16197,58.5,835.0
Station_01,Inv_00,20170710,11:23:00,207.0,13.9,2877,218.0,12.4,2703,25387,16197,58.8,841.0
Station_01,Inv_00,20170710,11:24:00,209.9,13.9,2918,218.0,12.6,2747,25387,16197,59.2,868.0
Station_01,Inv_00,20170710,11:25:00,212.5,13.7,2911,218.0,12.6,2747,25387,16197,59.3,867.0
Station_01,Inv_00,20170710,11:26:00,210.0,14.3,3003,218.0,13.0,2834,25387,16197,57.1,908.0
Station_01,Inv_00,20170710,11:27:00,212.0,14.3,3032,218.0,13.0,2834,25387,16197,59.2,903.0
Station_01,Inv_00,20170710,11:28:00,216.0,14.4,3110,218.0,13.4,2921,25387,16197,60.6,916.0
Station_01,Inv_00,20170710,11:29:00,218.5,4.7,1027,217.0,4.1,890,25387,16197,59.0,461.0
Station_01,Inv_00,20170710,11:30:00,205.5,15.8,3247,219.0,13.9,3044,25387,16197,58.4,786.0
Station_01,Inv_00,20170710,11:31:00,214.0,15.4,3295,218.0,14.1,3074,25387,16197,56.9,985.0
Station_01,Inv_00,20170710,11:32:00,206.6,7.7,1591,217.0,6.7,1454,25387,16197,57.8,784.0
Station_01,Inv_00,20170710,11:33:00,213.5,4.2,897,217.0,4.0,868,25387,16197,55.5,424.0
Station_01,Inv_00,20170710,11:34:00,221.5,3.8,842,217.0,3.8,825,25387,16197,51.6,279.0
Station_01,Inv_00,20170710,11:35:00,220.0,15.6,3432,218.0,14.8,3226,25387,16197,54.8,987.0
Station_01,Inv_00,20170710,11:36:00,217.0,15.5,3363,219.0,14.4,3154,25388,16198,55.5,994.0
Station_01,Inv_00,20170710,11:37:00,215.5,15.4,3318,219.0,14.3,3132,25388,16198,55.5,987.0
Station_01,Inv_00,20170710,11:38:00,219.0,15.1,3307,218.0,14.3,3117,25388,16198,57.4,988.0
Station_01,Inv_00,20170710,11:39:00,216.5,15.3,3312,218.0,14.2,3096,25388,16198,56.7,985.0
Station_01,Inv_00,20170710,11:40:00,212.5,15.6,3315,219.0,14.2,3110,25388,16198,57.4,991.0
Station_01,Inv_00,20170710,11:41:00,214.5,15.4,3303,218.0,14.3,3117,25388,16198,58.7,987.0
Station_01,Inv_00,20170710,11:42:00,210.0,16.0,3360,218.0,14.4,3139,25388,16198,59.0,1004.0
Station_01,Inv_00,20170710,11:43:00,172.6,5.6,967,217.0,5.2,1128,25388,16198,59.9,903.0
Station_01,Inv_00,20170710,11:44:00,211.4,4.8,1015,217.0,4.3,933,25388,16198,56.4,321.0
Station_01,Inv_00,20170710,11:45:00,212.0,4.4,933,217.0,4.0,868,25388,16198,55.9,371.0
Station_01,Inv_00,20170710,11:46:00,202.9,11.4,2314,218.0,11.8,2572,25388,16198,56.9,976.0
Station_01,Inv_00,20170710,11:47:00,217.5,15.8,3436,218.0,14.7,3205,25388,16198,55.4,839.0
Station_01,Inv_00,20170710,11:48:00,219.5,15.2,3336,218.0,14.4,3139,25388,16198,57.1,987.0
Station_01,Inv_00,20170710,11:49:00,206.0,4.3,886,217.0,3.9,846,25388,16198,55.2,400.0
Station_01,Inv_00,20170710,11:50:00,205.0,16.0,3280,218.0,14.1,3074,25388,16198,57.4,977.0
Station_01,Inv_00,20170710,11:51:00,217.0,15.1,3277,218.0,14.1,3074,25388,16198,56.3,982.0
Station_01,Inv_00,20170710,11:52:00,211.5,15.3,3236,218.0,13.9,3030,25388,16198,57.8,970.0
Station_01,Inv_00,20170710,11:53:00,213.0,15.0,3195,218.0,13.8,3008,25388,16198,58.5,953.0
Station_01,Inv_00,20170710,11:54:00,214.5,14.6,3131,218.0,13.4,2921,25388,16198,60.5,934.0
Station_01,Inv_00,20170710,11:55:00,213.5,14.7,3138,218.0,13.5,2943,25388,16198,58.8,943.0
Station_01,Inv_00,20170710,11:56:00,203.5,15.7,3195,219.0,13.6,2978,25389,16198,58.1,957.0
Station_01,Inv_00,20170710,11:57:00,202.5,16.1,3260,219.0,13.9,3044,25389,16198,59.7,978.0
Station_01,Inv_00,20170710,11:58:00,207.5,16.2,3361,219.0,14.3,3132,25389,16198,60.2,1003.0
Station_01,Inv_00,20170710,11:59:00,203.0,16.5,3350,220.0,14.3,3146,25389,16198,61.2,1018.0
Station_01,Inv_00,20170710,12:00:00,193.5,16.9,3270,220.0,13.9,3058,25389,16198,61.2,1021.0
Station_01,Inv_00,20170710,12:01:00,212.0,15.9,3371,220.0,14.4,3168,25389,16198,60.0,1020.0
Station_01,Inv_00,20170710,12:02:00,208.0,16.2,3370,218.0,14.4,3139,25389,16198,62.6,1018.0
Station_01,Inv_00,20170710,12:03:00,205.0,16.5,3382,219.0,14.4,3154,25389,16198,63.2,1033.0
Station_01,Inv_00,20170710,12:04:00,208.5,16.2,3377,219.0,14.4,3154,25389,16198,65.7,1022.0
Station_01,Inv_00,20170710,12:05:00,204.5,16.5,3374,219.0,14.4,3154,25389,16198,61.9,1036.0
Station_01,Inv_00,20170710,12:06:00,209.0,16.0,3344,218.0,14.4,3139,25389,16198,61.7,1021.0
Station_01,Inv_00,20170710,12:07:00,209.0,15.6,3260,218.0,14.0,3052,25389,16198,62.2,996.0
Station_01,Inv_00,20170710,12:08:00,209.5,15.5,3247,218.0,13.9,3030,25389,16198,63.1,986.0
Station_01,Inv_00,20170710,12:09:00,210.0,15.5,3255,218.0,13.9,3030,25389,16198,63.6,986.0
Station_01,Inv_00,20170710,12:10:00,211.0,15.3,3228,218.0,13.9,3030,25389,16198,64.5,979.0
Station_01,Inv_00,20170710,12:11:00,205.5,15.8,3247,218.0,13.9,3030,25389,16198,64.1,984.0
Station_01,Inv_00,20170710,12:12:00,203.0,16.4,3329,218.0,14.3,3117,25389,16198,64.2,1009.0
Station_01,Inv_00,20170710,12:13:00,173.0,5.2,899,217.0,4.0,868,25389,16198,61.4,609.0
Station_01,Inv_00,20170710,12:14:00,215.5,4.5,970,218.0,4.1,894,25389,16198,59.4,303.0
Station_01,Inv_00,20170710,12:15:00,213.0,14.1,3003,218.0,12.0,2616,25389,16198,58.4,467.0
Station_01,Inv_00,20170710,12:16:00,198.7,10.9,2165,218.0,9.8,2136,25390,16199,61.2,1023.0
Station_01,Inv_00,20170710,12:17:00,218.5,4.9,1071,216.0,4.6,994,25390,16199,55.0,338.0
Station_01,Inv_00,20170710,12:18:00,219.4,4.8,1053,217.0,4.5,977,25390,16199,53.4,324.0
Station_01,Inv_00,20170710,12:19:00,218.5,6.1,1333,217.0,5.9,1280,25390,16199,50.9,386.0
Station_01,Inv_00,20170710,12:20:00,216.4,17.1,3701,218.0,15.4,3357,25390,16199,55.3,1051.0
Station_01,Inv_00,20170710,12:21:00,216.5,6.4,1386,217.0,5.8,1259,25390,16199,54.2,449.0
Station_01,Inv_00,20170710,12:22:00,203.5,14.4,2930,218.0,12.6,2747,25390,16199,54.1,564.0
Station_01,Inv_00,20170710,12:23:00,216.2,15.0,3244,218.0,13.5,2943,25390,16199,58.3,980.0
Station_01,Inv_00,20170710,12:24:00,223.5,4.4,983,217.0,4.3,933,25390,16199,55.0,315.0
Station_01,Inv_00,20170710,12:25:00,223.5,4.8,1073,217.0,4.6,998,25390,16199,53.8,315.0
Station_01,Inv_00,20170710,12:26:00,227.0,4.4,999,217.0,4.2,911,25390,16199,53.7,430.0
Station_01,Inv_00,20170710,12:27:00,225.0,10.4,2340,218.0,8.3,1809,25390,16199,52.3,348.0
Station_01,Inv_00,20170710,12:28:00,218.5,4.8,1049,218.0,4.6,1003,25390,16199,53.8,474.0
Station_01,Inv_00,20170710,12:29:00,237.0,4.0,948,218.0,4.1,894,25390,16199,53.1,310.0
Station_01,Inv_00,20170710,12:30:00,224.4,3.8,853,217.0,3.8,825,25390,16199,52.1,252.0
Station_01,Inv_00,20170710,12:31:00,221.0,4.1,906,217.0,3.9,846,25390,16199,50.8,257.0
Station_01,Inv_00,20170710,12:32:00,224.0,5.2,1165,218.0,4.9,1068,25390,16199,49.9,309.0
Station_01,Inv_00,20170710,12:33:00,222.5,15.5,3448,218.0,14.9,3248,25390,16199,52.3,942.0
Station_01,Inv_00,20170710,12:34:00,230.5,4.4,1014,217.0,4.3,933,25390,16199,50.7,304.0
Station_01,Inv_00,20170710,12:35:00,226.8,4.4,998,217.0,4.3,933,25390,16199,49.9,293.0
Station_01,Inv_00,20170710,12:36:00,229.9,4.4,1012,217.0,4.3,933,25390,16199,48.8,291.0
Station_01,Inv_00,20170710,12:37:00,225.5,4.0,902,217.0,4.0,868,25390,16199,47.6,273.0
Station_01,Inv_00,20170710,12:38:00,236.0,3.6,850,217.0,3.8,825,25390,16199,46.5,256.0
Station_01,Inv_00,20170710,12:39:00,229.0,3.9,893,217.0,3.9,846,25390,16199,45.4,257.0
Station_01,Inv_00,20170710,12:40:00,228.5,4.9,1120,217.0,4.8,1042,25390,16199,45.9,313.0
Station_01,Inv_00,20170710,12:41:00,226.0,4.4,994,216.0,4.2,907,25390,16199,46.5,323.0
Station_01,Inv_00,20170710,12:42:00,231.4,4.2,972,218.0,4.1,894,25390,16199,45.6,278.0
Station_01,Inv_00,20170710,12:43:00,233.5,4.9,1144,218.0,4.8,1046,25390,16199,45.2,312.0
Station_01,Inv_00,20170710,12:44:00,236.0,5.2,1227,217.0,5.2,1128,25390,16199,45.1,326.0
Station_01,Inv_00,20170710,12:45:00,228.5,15.2,3473,219.0,14.9,3263,25390,16199,49.9,931.0
Station_01,Inv_00,20170710,12:46:00,235.5,7.0,1649,218.0,7.0,1526,25390,16199,48.3,419.0
Station_01,Inv_00,20170710,12:47:00,233.9,3.2,749,217.0,3.5,760,25390,16199,47.2,232.0
Station_01,Inv_00,20170710,12:48:00,228.5,3.1,708,217.0,3.1,673,25390,16199,46.1,209.0
Station_01,Inv_00,20170710,12:49:00,229.8,3.1,712,217.0,3.2,694,25390,16199,45.3,205.0
Station_01,Inv_00,20170710,12:50:00,228.0,3.1,707,217.0,3.1,673,25390,16199,44.4,205.0
Station_01,Inv_00,20170710,12:51:00,228.5,3.2,731,217.0,3.3,716,25390,16199,44.2,210.0
Station_01,Inv_00,20170710,12:52:00,228.0,3.5,798,217.0,3.6,781,25390,16199,43.3,229.0
Station_01,Inv_00,20170710,12:53:00,230.5,3.7,853,217.0,3.8,825,25390,16199,43.1,243.0
Station_01,Inv_00,20170710,12:54:00,237.4,3.8,902,217.0,3.9,846,25390,16199,43.3,253.0
Station_01,Inv_00,20170710,12:55:00,230.9,4.4,1016,217.0,4.2,911,25390,16199,43.0,287.0
Station_01,Inv_00,20170710,12:56:00,228.5,14.3,3268,218.0,14.2,3096,25390,16199,44.6,596.0
Station_01,Inv_00,20170710,12:57:00,226.5,14.8,3352,219.0,14.4,3154,25390,16199,47.8,920.0
Station_01,Inv_00,20170710,12:58:00,231.0,13.9,3211,218.0,13.8,3008,25391,16199,51.4,879.0
Station_01,Inv_00,20170710,12:59:00,196.9,6.0,1182,216.0,5.8,1253,25391,16199,52.0,680.0
Station_01,Inv_00,20170710,13:00:00,228.5,5.8,1325,216.0,5.7,1231,25391,16199,50.7,371.0
Station_01,Inv_00,20170710,13:01:00,226.5,6.1,1381,216.0,6.0,1296,25391,16199,50.4,389.0
Station_01,Inv_00,20170710,13:02:00,225.5,5.6,1263,212.0,5.5,1166,25391,16199,50.1,473.0
Station_01,Inv_00,20170710,13:03:00,231.0,4.6,1063,213.0,4.5,959,25391,16199,49.1,310.0
Station_01,Inv_00,20170710,13:04:00,229.5,4.4,1010,212.0,4.4,933,25391,16199,47.4,285.0
Station_01,Inv_00,20170710,13:05:00,233.5,4.8,1121,212.0,4.8,1018,25391,16199,47.6,304.0
Station_01,Inv_00,20170710,13:06:00,234.0,12.6,2948,213.0,12.1,2577,25391,16199,47.9,580.0
Station_01,Inv_00,20170710,13:07:00,226.0,15.3,3458,214.0,15.0,3210,25391,16199,50.4,897.0
Station_01,Inv_00,20170710,13:08:00,223.5,14.6,3263,214.0,14.3,3060,25391,16199,52.9,928.0
Station_01,Inv_00,20170710,13:09:00,226.4,5.6,1268,213.0,5.6,1193,25391,16199,50.2,398.0
Station_01,Inv_00,20170710,13:10:00,226.5,10.7,2423,213.0,9.8,2087,25391,16199,49.4,548.0
Station_01,Inv_00,20170710,13:11:00,217.0,16.0,3472,214.0,14.9,3189,25391,16199,53.1,925.0
Station_01,Inv_00,20170710,13:12:00,217.5,13.5,2937,213.0,11.4,2428,25391,16199,52.7,626.0
Station_01,Inv_00,20170710,13:13:00,211.5,13.9,2940,213.0,12.8,2726,25391,16199,54.5,922.0
Station_01,Inv_00,20170710,13:14:00,216.0,15.3,3305,213.0,14.5,3089,25391,16199,56.6,938.0
Station_01,Inv_00,20170710,13:15:00,213.5,8.9,1900,212.0,8.3,1760,25391,16199,56.1,686.0
Station_01,Inv_00,20170710,13:16:00,209.0,9.0,1881,213.0,7.8,1661,25391,16199,58.5,805.0
Station_01,Inv_00,20170710,13:17:00,218.0,6.8,1482,213.0,6.9,1470,25391,16199,53.7,401.0
Station_01,Inv_00,20170710,13:18:00,218.4,6.0,1311,212.0,5.8,1230,25391,16199,53.3,492.0
Station_01,Inv_00,20170710,13:19:00,220.0,4.6,1012,213.0,4.5,959,25391,16199,51.7,327.0
Station_01,Inv_00,20170710,13:20:00,230.5,4.2,968,212.0,4.2,890,25391,16199,49.8,299.0
Station_01,Inv_00,20170710,13:21:00,228.5,3.6,823,212.0,3.6,763,25391,16199,48.2,244.0
Station_01,Inv_00,20170710,13:22:00,226.4,3.4,770,212.0,3.5,742,25391,16199,46.4,230.0
Station_01,Inv_00,20170710,13:23:00,230.5,3.3,761,212.0,3.5,742,25391,16199,45.1,227.0
Station_01,Inv_00,20170710,13:24:00,233.5,2.8,654,213.0,3.0,639,25391,16199,44.7,204.0
Station_01,Inv_00,20170710,13:25:00,236.4,2.5,591,213.0,2.7,575,25391,16199,44.1,181.0
Station_01,Inv_00,20170710,13:26:00,235.5,2.7,636,213.0,2.8,596,25391,16199,44.2,185.0
Station_01,Inv_00,20170710,13:27:00,236.0,2.8,661,210.0,3.0,630,25391,16199,44.0,191.0
Station_01,Inv_00,20170710,13:28:00,233.3,3.0,700,210.0,3.2,672,25391,16199,43.2,205.0
Station_01,Inv_00,20170710,13:29:00,238.0,3.9,928,210.0,4.0,840,25391,16199,43.6,245.0
Station_01,Inv_00,20170710,13:30:00,233.0,8.0,1864,211.0,8.1,1709,25391,16199,44.4,460.0
Station_01,Inv_00,20170710,13:31:00,234.9,5.5,1292,210.0,5.6,1176,25391,16199,43.8,349.0
Station_01,Inv_00,20170710,13:32:00,234.3,6.1,1429,211.0,6.5,1372,25391,16199,44.9,415.0
Station_01,Inv_00,20170710,13:33:00,233.0,9.3,2167,211.0,9.7,2047,25391,16199,46.7,532.0
Station_01,Inv_00,20170710,13:34:00,226.3,12.4,2806,211.0,12.4,2616,25392,16200,49.8,859.0
Station_01,Inv_00,20170710,13:35:00,231.0,6.3,1455,211.0,6.3,1329,25392,16200,48.3,431.0
Station_01,Inv_00,20170710,13:36:00,228.0,5.4,1231,211.0,5.6,1182,25392,16200,49.5,541.0
Station_01,Inv_00,20170710,13:37:00,229.5,4.4,1010,210.0,4.4,924,25392,16200,49.0,301.0
Station_01,Inv_00,20170710,13:38:00,229.0,4.2,962,210.0,4.1,861,25392,16200,47.4,253.0
Station_01,Inv_00,20170710,13:39:00,229.4,3.0,688,210.0,3.1,651,25392,16200,46.5,218.0
Station_01,Inv_00,20170710,13:40:00,231.9,3.0,696,210.0,3.1,651,25392,16200,44.9,208.0
Station_01,Inv_00,20170710,13:41:00,233.5,2.9,677,210.0,3.1,651,25392,16200,43.8,197.0
Station_01,Inv_00,20170710,13:42:00,232.5,3.2,744,210.0,3.3,693,25392,16200,43.1,208.0
Station_01,Inv_00,20170710,13:43:00,232.9,4.2,978,210.0,4.2,882,25392,16200,42.4,255.0
Station_01,Inv_00,20170710,13:44:00,232.5,8.0,1860,211.0,7.5,1583,25392,16200,44.7,508.0
Station_01,Inv_00,20170710,13:45:00,237.5,7.0,1662,211.0,6.6,1393,25392,16200,44.2,388.0
Station_01,Inv_00,20170710,13:46:00,228.5,14.5,3313,212.0,14.6,3095,25392,16200,49.0,889.0
Station_01,Inv_00,20170710,13:47:00,225.5,14.5,3270,212.0,14.4,3053,25392,16200,50.5,900.0
Station_01,Inv_00,20170710,13:48:00,224.5,14.3,3210,211.0,14.3,3017,25392,16200,53.4,896.0
Station_01,Inv_00,20170710,13:49:00,220.0,14.6,3212,212.0,14.2,3010,25392,16200,54.1,904.0
Station_01,Inv_00,20170710,13:50:00,217.0,15.2,3298,212.0,14.5,3074,25392,16200,55.7,925.0
Station_01,Inv_00,20170710,13:51:00,216.0,14.9,3218,211.0,14.3,3017,25392,16200,57.8,921.0
Station_01,Inv_00,20170710,13:52:00,212.0,15.6,3307,211.0,14.6,3081,25392,16200,58.9,951.0
Station_01,Inv_00,20170710,13:53:00,218.5,14.8,3233,211.0,14.4,3038,25392,16200,59.3,933.0
Station_01,Inv_00,20170710,13:54:00,211.0,13.0,2743,211.0,13.0,2743,25392,16200,61.2,845.0
Station_01,Inv_00,20170710,13:55:00,214.5,15.0,3217,211.0,14.3,3017,25392,16200,60.6,837.0
Station_01,Inv_00,20170710,13:56:00,216.0,15.1,3261,211.0,14.4,3038,25392,16200,61.2,936.0
Station_01,Inv_00,20170710,13:57:00,217.5,14.4,3132,211.0,13.9,2933,25392,16200,59.2,911.0
Station_01,Inv_00,20170710,13:58:00,216.0,14.4,3110,211.0,13.8,2912,25392,16200,60.4,895.0
Station_01,Inv_00,20170710,13:59:00,215.0,14.0,3010,212.0,13.3,2820,25392,16200,62.0,874.0
Station_01,Inv_00,20170710,14:00:00,208.0,14.5,3016,211.0,13.4,2827,25393,16201,61.2,879.0
Station_01,Inv_00,20170710,14:01:00,215.5,14.0,3017,212.0,13.4,2841,25393,16201,61.2,879.0
Station_01,Inv_00,20170710,14:02:00,211.0,14.1,2975,212.0,13.2,2798,25393,16201,59.7,871.0
Station_01,Inv_00,20170710,14:03:00,214.9,13.5,2901,212.0,12.9,2735,25393,16201,59.9,849.0
Station_01,Inv_00,20170710,14:04:00,215.0,13.4,2881,212.0,12.8,2714,25393,16201,59.3,836.0
Station_01,Inv_00,20170710,14:05:00,219.0,13.0,2847,212.0,12.6,2671,25393,16201,58.2,829.0
Station_01,Inv_00,20170710,14:06:00,218.0,12.7,2769,212.0,12.4,2629,25393,16201,58.7,806.0
Station_01,Inv_00,20170710,14:07:00,219.0,12.7,2781,212.0,12.4,2629,25393,16201,58.5,798.0
Station_01,Inv_00,20170710,14:08:00,217.5,12.9,2806,212.0,12.5,2650,25393,16201,57.7,811.0
Station_01,Inv_00,20170710,14:09:00,216.0,13.1,2830,212.0,12.6,2671,25393,16201,59.1,813.0
Station_01,Inv_00,20170710,14:10:00,217.0,13.2,2864,211.0,12.8,2701,25393,16201,58.4,831.0
Station_01,Inv_00,20170710,14:11:00,211.0,13.4,2827,212.0,12.5,2650,25393,16201,58.1,823.0
Station_01,Inv_00,20170710,14:12:00,221.5,12.6,2790,212.0,12.4,2629,25393,16201,58.4,801.0
Station_01,Inv_00,20170710,14:13:00,207.5,2.8,581,210.0,2.6,546,25393,16201,55.0,206.0
Station_01,Inv_00,20170710,14:14:00,205.5,13.2,2712,211.0,12.1,2553,25393,16201,55.5,777.0
Station_01,Inv_00,20170710,14:15:00,217.0,12.8,2777,211.0,12.4,2616,25393,16201,57.3,784.0
Station_01,Inv_00,20170710,14:16:00,219.0,12.5,2737,211.0,12.3,2595,25393,16201,58.1,785.0
Station_01,Inv_00,20170710,14:17:00,218.0,12.5,2725,211.0,12.2,2574,25393,16201,57.5,784.0
Station_01,Inv_00,20170710,14:18:00,218.5,12.3,2688,210.0,11.9,2499,25393,16201,58.5,768.0
Station_01,Inv_00,20170710,14:19:00,216.0,12.4,2678,211.0,11.9,2511,25393,16201,59.5,767.0
Station_01,Inv_00,20170710,14:20:00,218.5,12.3,2688,211.0,12.0,2532,25393,16201,58.4,774.0
Station_01,Inv_00,20170710,14:21:00,221.0,12.2,2696,211.0,12.0,2532,25393,16201,58.0,773.0
Station_01,Inv_00,20170710,14:22:00,219.5,12.3,2700,212.0,12.0,2544,25394,16201,58.4,772.0
Station_01,Inv_00,20170710,14:23:00,221.0,12.0,2652,211.0,11.8,2490,25394,16201,56.8,768.0
Station_01,Inv_00,20170710,14:24:00,218.4,12.2,2665,211.0,11.8,2490,25394,16201,56.6,760.0
Station_01,Inv_00,20170710,14:25:00,223.0,11.5,2564,211.0,11.4,2405,25394,16201,56.2,729.0
Station_01,Inv_00,20170710,14:26:00,217.5,12.2,2653,211.0,11.9,2511,25394,16201,56.1,765.0
Station_01,Inv_00,20170710,14:27:00,196.0,4.9,960,210.0,4.9,1029,25394,16201,53.0,491.0
Station_01,Inv_00,20170710,14:28:00,223.0,12.2,2720,211.0,12.2,2574,25394,16201,54.4,761.0
Station_01,Inv_00,20170710,14:29:00,222.5,12.6,2803,211.0,12.4,2616,25394,16201,54.8,790.0
Station_01,Inv_00,20170710,14:30:00,224.0,12.2,2732,212.0,12.2,2586,25394,16201,57.2,752.0
Station_01,Inv_00,20170710,14:31:00,220.5,12.4,2734,211.0,12.2,2574,25394,16201,57.1,778.0
Station_01,Inv_00,20170710,14:32:00,219.0,12.4,2715,211.0,12.1,2553,25394,16201,56.7,773.0
Station_01,Inv_00,20170710,14:33:00,221.5,12.3,2724,211.0,12.1,2553,25394,16201,58.9,774.0
Station_01,Inv_00,20170710,14:34:00,213.5,12.8,2733,211.0,12.1,2553,25394,16201,58.9,782.0
Station_01,Inv_00,20170710,14:35:00,216.5,12.9,2793,211.0,12.4,2616,25394,16201,59.5,792.0
Station_01,Inv_00,20170710,14:36:00,217.0,12.7,2756,211.0,12.3,2595,25394,16201,59.2,798.0
Station_01,Inv_00,20170710,14:37:00,218.5,12.1,2644,211.0,11.5,2427,25394,16201,58.5,727.0
Station_01,Inv_00,20170710,14:38:00,216.9,12.3,2668,211.0,11.8,2490,25394,16201,57.9,754.0
Station_01,Inv_00,20170710,14:39:00,221.5,11.9,2636,211.0,11.8,2490,25394,16201,55.8,757.0
Station_01,Inv_00,20170710,14:40:00,219.0,12.0,2628,211.0,11.8,2490,25394,16201,57.7,755.0
Station_01,Inv_00,20170710,14:41:00,221.5,12.1,2680,211.0,11.9,2511,25394,16201,56.4,764.0
Station_01,Inv_00,20170710,14:42:00,223.0,12.1,2698,211.0,12.1,2553,25394,16201,56.1,766.0
Station_01,Inv_00,20170710,14:43:00,222.5,12.0,2670,211.0,11.9,2511,25394,16201,56.7,756.0
Station_01,Inv_00,20170710,14:44:00,215.5,7.5,1616,211.0,7.2,1519,25394,16201,55.4,672.0
Station_01,Inv_00,20170710,14:45:00,220.0,12.1,2662,212.0,11.8,2502,25395,16202,56.6,749.0
Station_01,Inv_00,20170710,14:46:00,219.0,12.3,2694,211.0,11.9,2511,25395,16202,56.9,763.0
Station_01,Inv_00,20170710,14:47:00,218.5,12.1,2644,211.0,11.8,2490,25395,16202,57.5,754.0
Station_01,Inv_00,20170710,14:48:00,225.0,11.4,2565,211.0,11.6,2448,25395,16202,57.6,743.0
Station_01,Inv_00,20170710,14:49:00,218.5,11.7,2556,211.0,11.3,2384,25395,16202,58.3,728.0
Station_01,Inv_00,20170710,14:50:00,219.5,11.7,2568,211.0,11.5,2427,25395,16202,56.1,737.0
Station_01,Inv_00,20170710,14:51:00,222.4,11.5,2558,211.0,11.4,2405,25395,16202,56.6,730.0
Station_01,Inv_00,20170710,14:52:00,222.5,11.5,2559,211.0,11.4,2405,25395,16202,56.8,730.0
Station_01,Inv_00,20170710,14:53:00,222.0,11.4,2531,211.0,11.3,2384,25395,16202,55.6,726.0
Station_01,Inv_00,20170710,14:54:00,222.5,11.4,2536,211.0,11.3,2384,25395,16202,56.3,721.0
Station_01,Inv_00,20170710,14:55:00,220.5,11.3,2492,211.0,11.1,2342,25395,16202,56.2,713.0
Station_01,Inv_00,20170710,14:56:00,221.9,11.2,2486,211.0,11.1,2342,25395,16202,55.1,715.0
Station_01,Inv_00,20170710,14:57:00,220.5,11.4,2513,211.0,11.2,2363,25395,16202,55.3,714.0
Station_01,Inv_00,20170710,14:58:00,224.0,11.3,2531,211.0,11.3,2384,25395,16202,55.4,715.0
Station_01,Inv_00,20170710,14:59:00,221.5,11.3,2503,211.0,11.2,2363,25395,16202,55.5,717.0
Station_01,Inv_00,20170710,15:00:00,222.5,11.4,2536,211.0,11.3,2384,25395,16202,54.4,709.0
Station_01,Inv_00,20170710,15:01:00,224.5,11.6,2604,211.0,11.7,2469,25395,16202,54.5,734.0
Station_01,Inv_00,20170710,15:02:00,222.5,11.7,2603,211.0,11.6,2448,25395,16202,52.9,736.0
Station_01,Inv_00,20170710,15:03:00,220.9,11.6,2563,211.0,11.5,2427,25395,16202,53.4,730.0
Station_01,Inv_00,20170710,15:04:00,225.0,11.1,2498,212.0,11.2,2374,25395,16202,53.6,705.0
Station_01,Inv_00,20170710,15:05:00,223.0,11.5,2564,212.0,11.3,2396,25395,16202,54.7,712.0
Station_01,Inv_00,20170710,15:06:00,224.9,11.3,2541,214.0,11.1,2375,25395,16202,53.7,714.0
Station_01,Inv_00,20170710,15:07:00,223.5,10.9,2436,215.0,10.7,2301,25395,16202,53.8,690.0
Station_01,Inv_00,20170710,15:08:00,229.8,8.5,1954,214.0,6.7,1434,25396,16203,51.2,412.0
Station_01,Inv_00,20170710,15:09:00,226.5,10.8,2446,214.0,10.8,2311,25396,16203,51.7,712.0
Station_01,Inv_00,20170710,15:10:00,223.5,9.8,2190,216.0,9.5,2052,25396,16203,52.6,569.0
Station_01,Inv_00,20170710,15:11:00,228.0,5.4,1231,216.0,5.3,1145,25396,16203,50.6,373.0
Station_01,Inv_00,20170710,15:12:00,228.5,8.9,2034,217.0,7.2,1562,25396,16203,48.8,381.0
Station_01,Inv_00,20170710,15:13:00,228.5,10.8,2468,219.0,10.7,2343,25396,16203,49.7,690.0
Station_01,Inv_00,20170710,15:14:00,227.0,10.5,2383,219.0,10.3,2256,25396,16203,50.3,673.0
Station_01,Inv_00,20170710,15:15:00,224.5,10.5,2357,219.0,10.2,2234,25396,16203,49.9,668.0
Station_01,Inv_00,20170710,15:16:00,218.0,10.7,2332,219.0,10.1,2212,25396,16203,50.4,664.0
Station_01,Inv_00,20170710,15:17:00,226.0,10.1,2283,219.0,9.9,2168,25396,16203,50.4,644.0
Station_01,Inv_00,20170710,15:18:00,229.0,10.0,2290,219.0,9.9,2168,25396,16203,50.4,644.0
Station_01,Inv_00,20170710,15:19:00,228.5,10.2,2330,219.0,10.1,2212,25396,16203,50.4,654.0
Station_01,Inv_00,20170710,15:20:00,227.9,10.2,2325,219.0,10.0,2190,25396,16203,50.4,651.0
Station_01,Inv_00,20170710,15:21:00,230.0,9.7,2231,219.0,9.7,2124,25396,16203,50.5,633.0
Station_01,Inv_00,20170710,15:22:00,227.5,9.6,2184,219.0,9.4,2059,25396,16203,50.5,610.0
Station_01,Inv_00,20170710,15:23:00,229.0,9.2,2107,219.0,9.2,2015,25396,16203,49.5,597.0
Station_01,Inv_00,20170710,15:24:00,229.0,9.1,2084,219.0,9.1,1993,25396,16203,49.6,586.0
Station_01,Inv_00,20170710,15:25:00,227.5,9.5,2161,219.0,9.3,2037,25396,16203,49.1,612.0
Station_01,Inv_00,20170710,15:26:00,231.0,9.5,2195,219.0,9.5,2081,25396,16203,49.0,612.0
Station_01,Inv_00,20170710,15:27:00,228.0,8.0,1824,219.0,8.3,1818,25396,16203,48.6,503.0
Station_01,Inv_00,20170710,15:28:00,225.0,9.1,2048,219.0,8.9,1949,25396,16203,48.4,576.0
Station_01,Inv_00,20170710,15:29:00,227.0,9.0,2043,219.0,8.9,1949,25396,16203,49.0,578.0
Station_01,Inv_00,20170710,15:30:00,228.5,9.1,2079,219.0,8.9,1949,25396,16203,49.2,570.0
Station_01,Inv_00,20170710,15:31:00,222.0,9.0,1998,219.0,8.7,1905,25396,16203,47.5,569.0
Station_01,Inv_00,20170710,15:32:00,227.5,8.7,1979,219.0,8.3,1818,25396,16203,46.3,396.0
Station_01,Inv_00,20170710,15:33:00,234.0,8.5,1989,218.0,8.6,1875,25396,16203,47.9,544.0
Station_01,Inv_00,20170710,15:34:00,232.0,8.5,1972,218.0,8.5,1853,25396,16203,47.7,554.0
Station_01,Inv_00,20170710,15:35:00,230.0,8.7,2001,219.0,8.5,1862,25396,16203,47.7,550.0
Station_01,Inv_00,20170710,15:36:00,225.0,9.3,2092,218.0,9.0,1962,25396,16203,48.0,573.0
Station_01,Inv_00,20170710,15:37:00,220.0,9.5,2090,218.0,9.1,1984,25397,16203,47.5,598.0
Station_01,Inv_00,20170710,15:38:00,220.3,5.0,1102,217.0,4.5,977,25397,16203,46.3,358.0
Station_01,Inv_00,20170710,15:39:00,230.0,8.3,1909,218.0,8.4,1831,25397,16203,47.0,552.0
Station_01,Inv_00,20170710,15:40:00,228.6,8.0,1829,218.0,8.5,1853,25397,16203,47.5,525.0
Station_01,Inv_00,20170710,15:41:00,231.5,8.2,1898,218.0,8.1,1766,25397,16203,47.0,387.0
Station_01,Inv_00,20170710,15:42:00,241.4,4.3,1038,217.0,4.2,911,25397,16203,45.6,276.0
Station_01,Inv_00,20170710,15:43:00,230.4,3.6,829,217.0,3.6,781,25397,16203,44.8,244.0
Station_01,Inv_00,20170710,15:44:00,229.5,3.9,895,217.0,3.8,825,25397,16203,44.1,246.0
Station_01,Inv_00,20170710,15:45:00,232.0,3.9,905,218.0,3.8,828,25397,16203,44.7,317.0
Station_01,Inv_00,20170710,15:46:00,235.5,8.1,1907,218.0,8.3,1809,25397,16203,43.8,422.0
Station_01,Inv_00,20170710,15:47:00,234.4,4.2,985,217.0,4.1,890,25397,16203,43.3,275.0
Station_01,Inv_00,20170710,15:48:00,230.0,4.5,1035,218.0,4.3,937,25397,16203,43.8,348.0
Station_01,Inv_00,20170710,15:49:00,235.5,8.9,2096,218.0,9.2,2006,25397,16203,44.9,531.0
Station_01,Inv_00,20170710,15:50:00,234.0,8.7,2036,219.0,8.7,1905,25397,16203,45.6,548.0
Station_01,Inv_00,20170710,15:51:00,235.0,8.1,1903,218.0,8.2,1788,25397,16203,45.6,525.0
Station_01,Inv_00,20170710,15:52:00,236.5,3.6,851,218.0,3.8,828,25397,16203,44.3,310.0
Station_01,Inv_00,20170710,15:53:00,239.5,3.9,934,218.0,4.0,872,25397,16203,43.8,272.0
Station_01,Inv_00,20170710,15:54:00,214.0,5.1,1091,217.0,5.2,1128,25397,16203,44.4,498.0
Station_01,Inv_00,20170710,15:55:00,231.0,9.0,2079,219.0,9.0,1971,25397,16203,44.8,531.0
Station_01,Inv_00,20170710,15:56:00,215.5,5.2,1121,218.0,4.9,1068,25397,16203,45.6,474.0
Station_01,Inv_00,20170710,15:57:00,214.5,4.9,1051,217.0,4.4,955,25397,16203,45.2,387.0
Station_01,Inv_00,20170710,15:58:00,236.4,4.0,946,218.0,4.1,894,25397,16203,44.6,275.0
Station_01,Inv_00,20170710,15:59:00,235.5,4.3,1013,218.0,4.2,916,25397,16203,44.3,279.0
Station_01,Inv_00,20170710,16:00:00,237.5,7.3,1734,219.0,7.1,1555,25397,16203,44.7,453.0
Station_01,Inv_00,20170710,16:01:00,234.5,7.9,1852,218.0,7.9,1722,25397,16203,44.9,499.0
Station_01,Inv_00,20170710,16:02:00,235.5,8.0,1884,217.0,8.2,1779,25397,16203,45.6,518.0
Station_01,Inv_00,20170710,16:03:00,237.5,7.6,1805,218.0,7.9,1722,25397,16203,46.1,501.0
Station_01,Inv_00,20170710,16:04:00,233.0,7.3,1701,218.0,7.4,1613,25397,16203,45.0,478.0
Station_01,Inv_00,20170710,16:05:00,229.0,7.6,1740,218.0,7.6,1657,25397,16203,45.9,472.0
Station_01,Inv_00,20170710,16:06:00,232.0,8.1,1879,218.0,8.2,1788,25397,16203,46.2,495.0
Station_01,Inv_00,20170710,16:07:00,229.5,8.2,1882,218.0,8.2,1788,25397,16203,46.6,521.0
Station_01,Inv_00,20170710,16:08:00,235.0,4.3,1011,217.0,4.3,933,25397,16203,45.2,314.0
Station_01,Inv_00,20170710,16:09:00,231.5,4.2,972,217.0,4.1,890,25397,16203,43.9,273.0
Station_01,Inv_00,20170710,16:10:00,235.0,3.6,846,217.0,3.7,803,25397,16203,42.9,243.0
Station_01,Inv_00,20170710,16:11:00,231.0,2.9,670,218.0,3.1,676,25397,16203,42.4,203.0
Station_01,Inv_00,20170710,16:12:00,235.2,2.4,565,217.0,2.5,543,25397,16203,41.3,171.0
Station_01,Inv_00,20170710,16:13:00,235.0,2.1,494,218.0,2.2,480,25397,16203,40.6,167.0
Station_01,Inv_00,20170710,16:14:00,232.5,2.2,512,218.0,2.2,480,25397,16203,40.1,156.0
Station_01,Inv_00,20170710,16:15:00,222.0,1.9,422,218.0,1.9,414,25397,16203,39.7,134.0
Station_01,Inv_00,20170710,16:16:00,225.1,1.8,405,215.0,1.9,409,25397,16203,39.2,132.0
Station_01,Inv_00,20170710,16:17:00,229.0,1.7,389,215.0,1.8,387,25397,16203,38.6,137.0
Station_01,Inv_00,20170710,16:18:00,230.0,1.5,345,215.0,1.6,344,25397,16203,37.7,117.0
Station_01,Inv_00,20170710,16:19:00,230.8,1.3,300,215.0,1.4,301,25397,16203,37.4,102.0
Station_01,Inv_00,20170710,16:20:00,226.0,1.0,226,215.0,1.1,237,25397,16203,37.1,83.0
Station_01,Inv_00,20170710,16:21:00,216.0,0.9,194,215.0,1.0,215,25397,16203,36.6,75.0
Station_01,Inv_00,20170710,16:22:00,223.0,1.0,223,215.0,1.1,237,25397,16203,36.4,76.0
Station_01,Inv_00,20170710,16:23:00,221.0,1.1,243,215.0,1.2,258,25397,16203,36.1,84.0
Station_01,Inv_00,20170710,16:24:00,229.5,1.2,275,215.0,1.4,301,25397,16203,35.9,96.0
Station_01,Inv_00,20170710,16:25:00,228.1,1.6,365,216.0,1.6,346,25397,16203,35.7,113.0
Station_01,Inv_00,20170710,16:26:00,233.5,1.8,420,216.0,1.9,410,25397,16203,35.9,128.0
Station_01,Inv_00,20170710,16:27:00,230.9,1.7,393,216.0,1.8,389,25397,16203,35.8,125.0
Station_01,Inv_00,20170710,16:28:00,232.0,1.4,325,216.0,1.5,324,25397,16203,36.0,113.0
Station_01,Inv_00,20170710,16:29:00,224.5,1.2,269,216.0,1.3,281,25397,16203,35.8,97.0
Station_01,Inv_00,20170710,16:30:00,194.8,1.0,195,217.0,1.0,217,25397,16203,35.7,84.0
Station_01,Inv_00,20170710,16:31:00,223.0,0.9,201,216.0,1.0,216,25397,16203,35.4,81.0
Station_01,Inv_00,20170710,16:32:00,194.8,1.0,195,217.0,1.0,217,25397,16203,35.3,80.0
Station_01,Inv_00,20170710,16:33:00,224.8,1.0,225,217.0,1.1,239,25397,16203,35.1,88.0
Station_01,Inv_00,20170710,16:34:00,232.2,1.0,232,216.0,1.1,238,25397,16203,35.0,85.0
Station_01,Inv_00,20170710,16:35:00,232.3,0.9,209,217.0,1.1,239,25397,16203,35.0,81.0
Station_01,Inv_00,20170710,16:36:00,236.0,1.0,236,216.0,1.1,238,25397,16203,34.9,83.0
Station_01,Inv_00,20170710,16:37:00,233.2,1.0,233,217.0,1.2,260,25397,16203,34.9,85.0
Station_01,Inv_00,20170710,16:38:00,225.5,1.0,226,216.0,1.2,259,25397,16203,34.8,86.0
Station_01,Inv_00,20170710,16:39:00,235.0,1.0,235,216.0,1.1,238,25397,16203,34.6,81.0
Station_01,Inv_00,20170710,16:40:00,233.8,0.9,210,216.0,1.0,216,25397,16203,34.5,79.0
Station_01,Inv_00,20170710,16:41:00,233.5,1.0,234,216.0,1.1,238,25397,16203,34.5,79.0
Station_01,Inv_00,20170710,16:42:00,233.6,1.0,234,216.0,1.1,238,25397,16203,34.5,82.0
Station_01,Inv_00,20170710,16:43:00,231.4,1.0,231,216.0,1.1,238,25397,16203,34.4,84.0
Station_01,Inv_00,20170710,16:44:00,237.0,1.1,261,216.0,1.2,259,25397,16203,34.4,87.0
Station_01,Inv_00,20170710,16:45:00,233.4,1.1,257,217.0,1.3,282,25397,16203,34.5,89.0
Station_01,Inv_00,20170710,16:46:00,232.5,1.2,279,217.0,1.4,304,25397,16203,34.5,99.0
Station_01,Inv_00,20170710,16:47:00,199.0,1.4,279,217.0,1.4,304,25398,16204,34.6,102.0
Station_01,Inv_00,20170710,16:48:00,163.9,1.5,246,216.0,1.2,259,25398,16204,34.7,108.0
Station_01,Inv_00,20170710,16:49:00,225.4,1.5,338,217.0,1.6,347,25398,16204,34.7,110.0
Station_01,Inv_00,20170710,16:50:00,208.9,1.5,313,216.0,1.5,324,25398,16204,34.8,107.0
Station_01,Inv_00,20170710,16:51:00,235.0,1.3,306,217.0,1.4,304,25398,16204,34.6,97.0
Station_01,Inv_00,20170710,16:52:00,232.5,1.0,233,216.0,1.1,238,25398,16204,34.6,84.0
Station_01,Inv_00,20170710,16:53:00,222.4,0.9,200,216.0,1.0,216,25398,16204,34.4,75.0
Station_01,Inv_00,20170710,16:54:00,225.0,0.8,180,217.0,1.0,217,25398,16204,34.2,69.0
Station_01,Inv_00,20170710,16:55:00,224.0,0.6,134,218.0,0.8,174,25398,16204,34.3,62.0
Station_01,Inv_00,20170710,16:56:00,224.7,0.6,135,218.0,0.7,153,25398,16204,33.9,57.0
Station_01,Inv_00,20170710,16:57:00,223.7,0.6,134,218.0,0.7,153,25398,16204,33.8,55.0
Station_01,Inv_00,20170710,16:58:00,202.0,0.7,141,218.0,0.8,174,25398,16204,33.8,59.0
Station_01,Inv_00,20170710,16:59:00,156.1,0.8,125,218.0,0.8,174,25398,16204,33.8,68.0
Station_01,Inv_00,20170710,17:00:00,223.8,1.0,224,217.0,1.1,239,25398,16204,33.6,79.0
Station_01,Inv_00,20170710,17:01:00,233.5,1.0,234,217.0,1.2,260,25398,16204,33.7,82.0
Station_01,Inv_00,20170710,17:02:00,225.0,1.0,225,217.0,1.2,260,25398,16204,33.7,81.0
Station_01,Inv_00,20170710,17:03:00,229.4,0.9,207,218.0,1.1,240,25398,16204,33.7,79.0
Station_01,Inv_00,20170710,17:04:00,228.4,0.9,206,217.0,1.1,239,25398,16204,33.7,77.0
Station_01,Inv_00,20170710,17:05:00,227.0,0.9,204,217.0,1.1,239,25398,16204,33.6,77.0
Station_01,Inv_00,20170710,17:06:00,230.4,0.9,207,218.0,1.0,218,25398,16204,33.6,75.0
Station_01,Inv_00,20170710,17:07:00,228.4,0.9,206,218.0,1.1,240,25398,16204,33.6,78.0
Station_01,Inv_00,20170710,17:08:00,225.0,1.1,248,218.0,1.2,262,25398,16204,33.7,82.0
Station_01,Inv_00,20170710,17:09:00,223.5,1.1,246,218.0,1.2,262,25398,16204,33.8,85.0
Station_01,Inv_00,20170710,17:10:00,225.0,1.1,248,218.0,1.2,262,25398,16204,33.8,85.0
Station_01,Inv_00,20170710,17:11:00,212.0,1.0,212,217.0,1.1,239,25398,16204,33.7,82.0
Station_01,Inv_00,20170710,17:12:00,230.3,0.9,207,218.0,1.1,240,25398,16204,33.7,76.0
Station_01,Inv_00,20170710,17:13:00,231.8,0.8,185,217.0,1.0,217,25398,16204,33.7,72.0
Station_01,Inv_00,20170710,17:14:00,227.0,0.8,182,218.0,1.0,218,25398,16204,33.8,69.0
Station_01,Inv_00,20170710,17:15:00,230.0,0.9,207,217.0,1.0,217,25398,16204,33.7,73.0
Station_01,Inv_00,20170710,17:16:00,227.0,0.9,204,217.0,1.1,239,25398,16204,33.5,76.0
Station_01,Inv_00,20170710,17:17:00,216.4,1.0,216,217.0,1.1,239,25398,16204,33.4,78.0
Station_01,Inv_00,20170710,17:18:00,220.0,1.1,242,217.0,1.2,260,25398,16204,33.4,83.0
Station_01,Inv_00,20170710,17:19:00,221.1,1.1,243,217.0,1.2,260,25398,16204,33.5,86.0
Station_01,Inv_00,20170710,17:20:00,226.1,1.1,249,216.0,1.2,259,25398,16204,33.5,86.0
Station_01,Inv_00,20170710,17:21:00,233.8,1.0,234,217.0,1.2,260,25398,16204,33.4,84.0
Station_01,Inv_00,20170710,17:22:00,230.0,1.0,230,217.0,1.2,260,25398,16204,33.3,82.0
Station_01,Inv_00,20170710,17:23:00,226.8,1.0,227,217.0,1.1,239,25398,16204,33.2,80.0
Station_01,Inv_00,20170710,17:24:00,229.0,1.0,229,217.0,1.1,239,25398,16204,33.1,79.0
Station_01,Inv_00,20170710,17:25:00,227.4,0.9,205,216.0,1.1,238,25398,16204,33.1,78.0
Station_01,Inv_00,20170710,17:26:00,226.1,0.9,204,217.0,1.0,217,25398,16204,33.0,75.0
Station_01,Inv_00,20170710,17:27:00,224.5,1.0,225,217.0,1.0,217,25398,16204,32.9,74.0
Station_01,Inv_00,20170710,17:28:00,223.0,1.0,223,217.0,1.0,217,25398,16204,32.8,73.0
Station_01,Inv_00,20170710,17:29:00,221.7,0.9,200,217.0,1.0,217,25398,16204,32.8,71.0
Station_01,Inv_00,20170710,17:30:00,222.0,0.9,200,217.0,1.0,217,25398,16204,32.7,70.0
Station_01,Inv_00,20170710,17:31:00,226.0,0.8,181,217.0,1.0,217,25398,16204,32.6,69.0
Station_01,Inv_00,20170710,17:32:00,203.0,0.8,162,217.0,0.9,195,25398,16204,32.5,67.0
Station_01,Inv_00,20170710,17:33:00,222.3,0.8,178,216.0,0.9,194,25398,16204,32.5,65.0
Station_01,Inv_00,20170710,17:34:00,221.0,0.8,177,218.0,0.9,196,25398,16204,32.4,65.0
Station_01,Inv_00,20170710,17:35:00,217.4,0.7,152,218.0,0.9,196,25398,16204,32.3,63.0
Station_01,Inv_00,20170710,17:36:00,216.1,0.7,151,217.0,0.8,174,25398,16204,32.3,60.0
Station_01,Inv_00,20170710,17:37:00,219.0,0.7,153,216.0,0.8,173,25398,16204,32.2,61.0
Station_01,Inv_00,20170710,17:38:00,215.0,0.7,151,216.0,0.7,151,25398,16204,32.2,56.0
Station_01,Inv_00,20170710,17:39:00,224.0,0.6,134,216.0,0.7,151,25398,16204,32.1,56.0
Station_01,Inv_00,20170710,17:40:00,217.5,0.6,131,216.0,0.7,151,25398,16204,32.1,54.0
Station_01,Inv_00,20170710,17:41:00,214.5,0.6,129,216.0,0.7,151,25398,16204,32.0,54.0
Station_01,Inv_00,20170710,17:42:00,225.5,0.6,135,216.0,0.7,151,25398,16204,31.9,53.0
Station_01,Inv_00,20170710,17:43:00,214.0,0.5,107,217.0,0.7,152,25398,16204,31.9,52.0
Station_01,Inv_00,20170710,17:44:00,217.0,0.5,109,217.0,0.6,130,25398,16204,31.8,50.0
Station_01,Inv_00,20170710,17:45:00,217.8,0.5,109,216.0,0.6,130,25398,16204,31.8,49.0
Station_01,Inv_00,20170710,17:46:00,177.5,0.4,71,217.0,0.5,109,25398,16204,31.7,48.0
Station_01,Inv_00,20170710,17:47:00,216.5,0.4,87,217.0,0.6,130,25398,16204,31.6,47.0
Station_01,Inv_00,20170710,17:48:00,212.5,0.4,85,217.0,0.6,130,25398,16204,31.6,46.0
Station_01,Inv_00,20170710,17:49:00,215.5,0.4,86,217.0,0.5,109,25398,16204,31.5,45.0
Station_01,Inv_00,20170710,17:50:00,207.5,0.4,83,217.0,0.5,109,25398,16204,31.4,43.0
Station_01,Inv_00,20170710,17:51:00,207.0,0.4,83,217.0,0.5,109,25398,16204,31.5,43.0
Station_01,Inv_00,20170710,17:52:00,208.0,0.4,83,217.0,0.5,109,25398,16204,31.4,43.0
Station_01,Inv_00,20170710,17:53:00,206.8,0.4,83,217.0,0.5,109,25398,16204,31.4,41.0
Station_01,Inv_00,20170710,17:54:00,206.0,0.5,103,216.0,0.5,108,25398,16204,31.3,40.0
Station_01,Inv_00,20170710,17:55:00,175.0,0.4,70,217.0,0.5,109,25398,16204,31.3,40.0
Station_01,Inv_00,20170710,17:56:00,177.0,0.4,71,217.0,0.5,109,25398,16204,31.3,40.0
Station_01,Inv_00,20170710,17:57:00,180.0,0.3,54,217.0,0.4,87,25398,16204,31.2,39.0
Station_01,Inv_00,20170710,17:58:00,187.0,0.3,56,217.0,0.5,109,25398,16204,31.2,38.0
Station_01,Inv_00,20170710,17:59:00,199.0,0.3,60,217.0,0.5,109,25398,16204,31.1,38.0
Station_01,Inv_00,20170710,18:00:00,194.0,0.3,58,217.0,0.5,109,25398,16204,31.1,37.0
Station_01,Inv_00,20170710,18:01:00,156.0,0.2,31,217.0,0.4,87,25398,16204,31.1,36.0
Station_01,Inv_00,20170710,18:02:00,165.0,0.3,50,218.0,0.4,87,25398,16204,31.1,35.0
Station_01,Inv_00,20170710,18:03:00,170.0,0.2,34,218.0,0.4,87,25398,16204,31.0,34.0
Station_01,Inv_00,20170710,18:04:00,216.0,0.3,65,217.0,0.4,87,25398,16204,31.0,34.0
Station_01,Inv_00,20170710,18:05:00,201.0,0.3,60,217.0,0.4,87,25398,16204,31.0,33.0
Station_01,Inv_00,20170710,18:06:00,206.0,0.2,41,218.0,0.4,87,25398,16204,31.0,32.0
Station_01,Inv_00,20170710,18:07:00,194.0,0.2,39,218.0,0.4,87,25398,16204,30.9,32.0
Station_01,Inv_00,20170710,18:08:00,193.3,0.3,58,218.0,0.4,87,25398,16204,30.9,32.0
Station_01,Inv_00,20170710,18:09:00,172.0,0.2,34,218.0,0.4,87,25398,16204,30.9,31.0
Station_01,Inv_00,20170710,18:10:00,175.0,0.1,18,217.0,0.4,87,25398,16204,30.9,31.0
Station_01,Inv_00,20170710,18:11:00,176.0,0.2,35,218.0,0.4,87,25398,16204,30.8,30.0
Station_01,Inv_00,20170710,18:12:00,203.5,0.2,41,218.0,0.4,87,25398,16204,30.8,29.0
Station_01,Inv_00,20170710,18:13:00,224.0,0.2,45,218.0,0.4,87,25398,16204,30.8,29.0
Station_01,Inv_00,20170710,18:14:00,221.0,0.2,44,217.0,0.4,87,25398,16204,30.8,29.0
Station_01,Inv_00,20170710,18:15:00,218.0,0.2,44,218.0,0.4,87,25398,16204,30.8,29.0
Station_01,Inv_00,20170710,18:16:00,213.5,0.2,43,217.0,0.4,87,25398,16204,30.8,29.0
Station_01,Inv_00,20170710,18:17:00,215.0,0.2,43,217.0,0.4,87,25398,16204,30.8,28.0
Station_01,Inv_00,20170710,18:18:00,206.0,0.2,41,217.0,0.4,87,25398,16204,30.8,28.0
Station_01,Inv_00,20170710,18:19:00,175.0,0.2,35,217.0,0.4,87,25398,16204,30.7,28.0
Station_01,Inv_00,20170710,18:20:00,184.0,0.2,37,217.0,0.4,87,25398,16204,30.7,27.0
Station_01,Inv_00,20170710,18:21:00,191.0,0.2,38,216.0,0.4,86,25398,16204,30.7,27.0
Station_01,Inv_00,20170710,18:22:00,199.0,0.2,40,216.0,0.4,86,25398,16204,30.6,567.0
Station_01,Inv_00,20170710,18:23:00,186.0,0.2,37,217.0,0.4,87,25398,16204,30.6,27.0
Station_01,Inv_00,20170710,18:24:00,200.0,0.2,40,216.0,0.4,86,25398,16204,30.6,27.0
Station_01,Inv_00,20170710,18:25:00,199.0,0.2,40,217.0,0.4,87,25398,16204,30.7,28.0
Station_01,Inv_00,20170710,18:26:00,198.0,0.1,20,217.0,0.4,87,25398,16204,30.7,568.0
Station_01,Inv_00,20170710,18:27:00,218.0,0.2,44,216.0,0.5,108,25398,16204,30.7,32.0
Station_01,Inv_00,20170710,18:28:00,0.0,0.0,0,217.0,0.6,130,25398,16204,30.8,35.0
Station_01,Inv_00,20170710,18:29:00,218.0,0.3,65,217.0,0.5,109,25398,16204,30.8,37.0
Station_01,Inv_00,20170710,18:30:00,213.7,0.3,64,218.0,0.5,109,25398,16204,30.8,38.0
Station_01,Inv_00,20170710,18:31:00,219.0,0.3,66,218.0,0.5,109,25398,16204,30.8,39.0
Station_01,Inv_00,20170710,18:32:00,225.0,0.3,68,217.0,0.5,109,25398,16204,30.8,39.0
Station_01,Inv_00,20170710,18:33:00,207.0,0.4,83,217.0,0.5,109,25398,16204,30.8,40.0
Station_01,Inv_00,20170710,18:34:00,214.5,0.4,86,217.0,0.5,109,25398,16204,30.8,42.0
Station_01,Inv_00,20170710,18:35:00,210.0,0.4,84,217.0,0.5,109,25398,16204,30.8,44.0
Station_01,Inv_00,20170710,18:36:00,218.0,0.4,87,216.0,0.5,108,25398,16204,30.8,44.0
Station_01,Inv_00,20170710,18:37:00,220.0,0.4,88,216.0,0.5,108,25398,16204,30.8,44.0
Station_01,Inv_00,20170710,18:38:00,146.5,0.4,59,217.0,0.5,109,25398,16204,30.9,44.0
Station_01,Inv_00,20170710,18:39:00,203.0,0.4,81,216.0,0.5,108,25398,16204,30.9,43.0
Station_01,Inv_00,20170710,18:40:00,207.3,0.3,62,216.0,0.5,108,25398,16204,30.9,38.0
Station_01,Inv_00,20170710,18:41:00,218.0,0.2,44,217.0,0.4,87,25398,16204,30.8,32.0
Station_01,Inv_00,20170710,18:42:00,0.0,0.0,0,217.0,0.4,87,25398,16204,30.8,27.0
Station_01,Inv_00,20170710,18:43:00,0.0,0.0,0,216.0,0.4,86,25398,16204,30.7,24.0
Station_01,Inv_00,20170710,18:44:00,0.0,0.0,0,220.0,0.1,22,25398,16204,30.7,23.0
Station_01,Inv_00,20170710,18:45:00,0.0,0.0,0,220.0,0.1,22,25398,16204,30.7,21.0
Station_01,Inv_00,20170710,18:46:00,0.0,0.0,0,220.0,0.1,22,25398,16204,30.7,21.0
Station_01,Inv_00,20170710,18:47:00,0.0,0.0,0,220.0,0.1,22,25398,16204,30.6,21.0
Station_01,Inv_00,20170710,18:48:00,0.0,0.0,0,220.0,0.1,22,25398,16204,30.6,20.0
Station_01,Inv_00,20170710,18:49:00,0.0,0.0,0,220.0,0.1,22,25398,16204,30.6,20.0
Station_01,Inv_00,20170710,18:50:00,0.0,0.0,0,220.0,0.1,22,25398,16204,30.5,19.0
Station_01,Inv_00,20170710,18:51:00,0.0,0.0,0,220.0,0.1,22,25398,16204,30.4,19.0
Station_01,Inv_00,20170710,18:52:00,0.0,0.0,0,220.0,0.1,22,25398,16204,30.4,19.0
Station_01,Inv_00,20170710,18:53:00,0.0,0.0,0,220.0,0.1,22,25398,16204,30.5,19.0
Station_01,Inv_00,20170710,18:54:00,0.0,0.0,0,220.0,0.1,22,25398,16204,30.5,19.0
Station_01,Inv_00,20170710,18:55:00,0.0,0.0,0,220.0,0.1,22,25398,16204,30.4,19.0
Station_01,Inv_00,20170710,18:56:00,0.0,0.0,0,220.0,0.1,22,25398,16204,30.4,19.0
Station_01,Inv_00,20170710,18:57:00,0.0,0.0,0,220.0,0.1,22,25398,16204,30.4,18.0
Station_01,Inv_00,20170710,18:58:00,0.0,0.0,0,220.0,0.1,22,25398,16204,30.4,18.0
Station_01,Inv_00,20170710,18:59:00,0.0,0.0,0,220.0,0.1,22,25398,16204,30.3,18.0
Station_01,Inv_00,20170710,19:00:00,0.0,0.0,0,220.0,0.1,22,25398,16204,30.3,18.0
Station_01,Inv_00,20170710,19:01:00,0.0,0.0,0,220.0,0.1,22,25398,16204,30.3,18.0
Station_01,Inv_00,20170710,19:02:00,0.0,0.0,0,220.0,0.1,22,25398,16204,30.2,18.0
Station_01,Inv_00,20170710,19:03:00,0.0,0.0,0,220.0,0.1,22,25398,16204,30.2,18.0
Station_01,Inv_00,20170710,19:04:00,0.0,0.0,0,220.0,0.1,22,25398,16204,30.2,18.0
Station_01,Inv_00,20170710,19:05:00,0.0,0.0,0,220.0,0.1,22,25398,16204,30.1,18.0
Station_01,Inv_00,20170710,19:06:00,0.0,0.0,0,220.0,0.1,22,25398,16204,30.1,18.0
Station_01,Inv_00,20170710,19:07:00,0.0,0.0,0,220.0,0.1,22,25398,16204,30.1,18.0
Station_01,Inv_00,20170710,19:08:00,0.0,0.0,0,220.0,0.1,22,25398,16204,30.1,18.0
Station_01,Inv_00,20170710,19:09:00,0.0,0.0,0,220.0,0.1,22,25398,16204,30.0,18.0
Station_01,Inv_00,20170710,19:10:00,0.0,0.0,0,220.0,0.1,22,25398,16204,30.0,18.0
Station_01,Inv_00,20170710,19:11:00,0.0,0.0,0,220.0,0.1,22,25398,16204,30.0,18.0
Station_01,Inv_00,20170710,19:12:00,0.0,0.0,0,220.0,0.1,22,25398,16204,30.0,18.0
Station_01,Inv_00,20170710,19:13:00,0.0,0.0,0,220.0,0.1,22,25398,16204,30.0,18.0
Station_01,Inv_00,20170710,19:14:00,0.0,0.0,0,220.0,0.1,22,25398,16204,30.0,18.0
Station_01,Inv_00,20170710,19:15:00,0.0,0.0,0,220.0,0.1,22,25398,16204,30.0,22.0
Station_01,Inv_00,20170710,19:16:00,0.0,0.0,0,220.0,0.1,22,25398,16204,30.0,18.0
Station_01,Inv_00,20170710,19:17:00,0.0,0.0,0,220.0,0.1,22,25398,16204,29.9,18.0
Station_01,Inv_00,20170710,19:18:00,0.0,0.0,0,220.0,0.1,22,25398,16204,29.9,18.0
Station_01,Inv_00,20170710,19:19:00,0.0,0.0,0,220.0,0.1,22,25398,16204,29.9,18.0
Station_01,Inv_00,20170710,19:20:00,0.0,0.0,0,220.0,0.1,22,25398,16204,29.9,18.0
Station_01,Inv_00,20170710,19:21:00,0.0,0.0,0,220.0,0.1,22,25398,16204,29.7,18.0
Station_01,Inv_00,20170710,19:22:00,0.0,0.0,0,220.0,0.1,22,25398,16204,29.7,18.0
Station_01,Inv_00,20170710,19:23:00,0.0,0.0,0,220.0,0.1,22,25398,16204,29.6,18.0
Station_01,Inv_00,20170710,19:24:00,0.0,0.0,0,220.0,0.1,22,25398,16204,29.6,17.0
Station_01,Inv_00,20170710,19:25:00,0.0,0.0,0,220.0,0.1,22,25398,16204,29.5,17.0
Station_01,Inv_00,20170710,19:26:00,0.0,0.0,0,220.0,0.1,22,25398,16204,29.5,17.0
Station_01,Inv_00,20170710,19:27:00,0.0,0.0,0,220.0,0.1,22,25398,16204,29.5,18.0
Station_01,Inv_00,20170710,19:28:00,0.0,0.0,0,220.0,0.1,22,25398,16204,29.4,18.0
Station_01,Inv_00,20170710,19:30:00,0.0,0.0,0,0.0,0.0,0,25398,16204,29.4,18.0
Station_01,Inv_00,20170710,19:31:00,0.0,0.0,0,0.0,0.0,0,25398,16204,29.3,18.0
Station_01,Inv_00,20170710,19:32:00,0.0,0.0,0,0.0,0.0,0,25398,16204,29.3,18.0
Station_01,Inv_00,20170710,19:33:00,0.0,0.0,0,0.0,0.0,0,25398,16204,29.3,18.0
Station_01,Inv_00,20170710,19:34:00,0.0,0.0,0,0.0,0.0,0,25398,16204,29.3,18.0
Station_01,Inv_00,20170710,19:35:00,0.0,0.0,0,0.0,0.0,0,25398,16204,29.3,18.0
Station_01,Inv_00,20170710,19:36:00,0.0,0.0,0,0.0,0.0,0,25398,16204,29.3,18.0
Station_01,Inv_00,20170710,19:37:00,0.0,0.0,0,0.0,0.0,0,25398,16204,29.3,19.0
Station_01,Inv_00,20170710,19:38:00,0.0,0.0,0,0.0,0.0,0,25398,16204,29.2,19.0
Station_01,Inv_00,20170710,19:39:00,0.0,0.0,0,0.0,0.0,0,25398,16204,29.2,19.0
Station_01,Inv_00,20170710,19:40:00,0.0,0.0,0,0.0,0.0,0,25398,16204,29.2,18.0
Station_01,Inv_00,20170710,19:41:00,0.0,0.0,0,0.0,0.0,0,25398,16204,29.2,18.0
Station_01,Inv_00,20170710,19:42:00,0.0,0.0,0,0.0,0.0,0,25398,16204,29.2,18.0
Station_01,Inv_00,20170710,19:43:00,0.0,0.0,0,0.0,0.0,0,25398,16204,29.2,19.0
Station_01,Inv_00,20170710,19:44:00,0.0,0.0,0,0.0,0.0,0,25398,16204,29.2,19.0
Station_01,Inv_00,20170710,19:45:00,0.0,0.0,0,0.0,0.0,0,25398,16204,29.1,19.0
Station_01,Inv_00,20170710,19:46:00,0.0,0.0,0,0.0,0.0,0,25398,16204,29.1,19.0
Station_01,Inv_00,20170710,19:47:00,0.0,0.0,0,0.0,0.0,0,25398,16204,29.1,18.0
Station_01,Inv_00,20170710,19:48:00,0.0,0.0,0,0.0,0.0,0,25398,16204,29.2,18.0
Station_01,Inv_00,20170710,19:49:00,0.0,0.0,0,0.0,0.0,0,25398,16204,29.2,19.0
Station_01,Inv_00,20170710,19:50:00,0.0,0.0,0,0.0,0.0,0,25398,16204,29.3,19.0
Station_01,Inv_00,20170710,19:51:00,0.0,0.0,0,0.0,0.0,0,25398,16204,29.3,18.0
Station_01,Inv_00,20170710,19:52:00,0.0,0.0,0,0.0,0.0,0,25398,16204,29.3,18.0
Station_01,Inv_00,20170710,19:53:00,0.0,0.0,0,0.0,0.0,0,25398,16204,29.3,19.0
Station_01,Inv_00,20170710,19:54:00,0.0,0.0,0,0.0,0.0,0,25398,16204,29.3,18.0
Station_01,Inv_00,20170710,19:55:00,0.0,0.0,0,0.0,0.0,0,25398,16204,29.3,19.0
Station_01,Inv_00,20170710,19:56:00,0.0,0.0,0,0.0,0.0,0,25398,16204,29.2,18.0
Station_01,Inv_00,20170710,19:57:00,0.0,0.0,0,0.0,0.0,0,25398,16204,29.2,18.0
Station_01,Inv_00,20170710,19:58:00,0.0,0.0,0,0.0,0.0,0,25398,16204,29.2,18.0
Station_01,Inv_00,20170710,19:59:00,0.0,0.0,0,0.0,0.0,0,25398,16204,29.1,18.0
Station_01,Inv_00,20170710,20:00:00,0.0,0.0,0,0.0,0.0,0,25398,16204,29.1,18.0
