Station_01,Inv_00,20170622,05:00:00,0.0,0.0,0,221.0,0.5,111,25049,15981,25.4,18.0
Station_01,Inv_00,20170622,05:01:00,0.0,0.0,0,221.0,0.5,111,25049,15981,25.4,18.0
Station_01,Inv_00,20170622,05:02:00,0.0,0.0,0,221.0,0.5,111,25049,15981,25.6,18.0
Station_01,Inv_00,20170622,05:03:00,0.0,0.0,0,221.0,0.5,111,25049,15981,25.6,19.0
Station_01,Inv_00,20170622,05:04:00,0.0,0.0,0,221.0,0.5,111,25049,15981,25.6,19.0
Station_01,Inv_00,20170622,05:05:00,0.0,0.0,0,221.0,0.5,111,25049,15981,25.7,19.0
Station_01,Inv_00,20170622,05:06:00,0.0,0.0,0,221.0,0.5,111,25049,15981,25.6,19.0
Station_01,Inv_00,20170622,05:07:00,0.0,0.0,0,221.0,0.5,111,25049,15981,25.7,19.0
Station_01,Inv_00,20170622,05:08:00,0.0,0.0,0,221.0,0.5,111,25049,15981,25.8,19.0
Station_01,Inv_00,20170622,05:09:00,0.0,0.0,0,221.0,0.5,111,25049,15981,25.8,19.0
Station_01,Inv_00,20170622,05:10:00,0.0,0.0,0,221.0,0.5,111,25049,15981,25.9,19.0
Station_01,Inv_00,20170622,05:11:00,0.0,0.0,0,221.0,0.5,111,25049,15981,26.0,19.0
Station_01,Inv_00,20170622,05:12:00,0.0,0.0,0,221.0,0.5,111,25049,15981,26.1,19.0
Station_01,Inv_00,20170622,05:13:00,0.0,0.0,0,221.0,0.5,111,25049,15981,26.1,20.0
Station_01,Inv_00,20170622,05:14:00,0.0,0.0,0,221.0,0.5,111,25049,15981,26.2,20.0
Station_01,Inv_00,20170622,05:15:00,0.0,0.0,0,221.0,0.5,111,25049,15981,26.3,21.0
Station_01,Inv_00,20170622,05:16:00,0.0,0.0,0,221.0,0.5,111,25049,15981,26.4,21.0
Station_01,Inv_00,20170622,05:17:00,0.0,0.0,0,221.0,0.5,111,25049,15981,26.4,22.0
Station_01,Inv_00,20170622,05:18:00,0.0,0.0,0,221.0,0.5,111,25049,15981,26.3,23.0
Station_01,Inv_00,20170622,05:19:00,0.0,0.0,0,221.0,0.5,111,25049,15981,26.3,24.0
Station_01,Inv_00,20170622,05:20:00,0.0,0.0,0,221.0,0.5,111,25049,15981,26.4,25.0
Station_01,Inv_00,20170622,05:21:00,0.0,0.0,0,220.0,0.5,110,25049,15981,26.4,26.0
Station_01,Inv_00,20170622,05:22:00,0.0,0.0,0,220.0,0.5,110,25049,15981,26.4,28.0
Station_01,Inv_00,20170622,05:23:00,0.0,0.0,0,220.0,0.5,110,25049,15981,26.5,28.0
Station_01,Inv_00,20170622,05:24:00,0.0,0.0,0,220.0,0.5,110,25049,15981,26.5,30.0
Station_01,Inv_00,20170622,05:25:00,0.0,0.0,0,220.0,0.5,110,25049,15981,26.5,31.0
Station_01,Inv_00,20170622,05:26:00,0.0,0.0,0,221.0,0.2,44,25049,15981,26.5,32.0
Station_01,Inv_00,20170622,05:27:00,208.0,0.1,21,216.0,0.4,86,25049,15981,26.6,33.0
Station_01,Inv_00,20170622,05:28:00,200.0,0.3,60,217.0,0.4,87,25049,15981,26.6,35.0
Station_01,Inv_00,20170622,05:29:00,182.0,0.2,36,218.0,0.4,87,25049,15981,26.8,36.0
Station_01,Inv_00,20170622,05:30:00,216.3,0.3,65,217.0,0.5,109,25049,15981,26.8,38.0
Station_01,Inv_00,20170622,05:31:00,215.0,0.3,65,216.0,0.5,108,25049,15981,26.9,39.0
Station_01,Inv_00,20170622,05:32:00,219.0,0.3,66,216.0,0.5,108,25049,15981,27.0,41.0
Station_01,Inv_00,20170622,05:33:00,218.3,0.3,66,216.0,0.5,108,25049,15981,27.1,42.0
Station_01,Inv_00,20170622,05:34:00,218.0,0.3,65,217.0,0.5,109,25049,15981,27.1,45.0
Station_01,Inv_00,20170622,05:35:00,215.5,0.4,86,218.0,0.5,109,25049,15981,27.2,47.0
Station_01,Inv_00,20170622,05:36:00,221.5,0.4,89,218.0,0.5,109,25049,15981,27.2,50.0
Station_01,Inv_00,20170622,05:37:00,232.0,0.4,93,218.0,0.5,109,25049,15981,27.3,52.0
Station_01,Inv_00,20170622,05:38:00,182.0,0.4,73,217.0,0.5,109,25049,15981,27.4,54.0
Station_01,Inv_00,20170622,05:39:00,230.0,0.4,92,218.0,0.5,109,25049,15981,27.4,56.0
Station_01,Inv_00,20170622,05:40:00,187.0,0.5,94,218.0,0.5,109,25049,15981,27.4,57.0
Station_01,Inv_00,20170622,05:41:00,208.2,0.5,104,217.0,0.6,130,25049,15981,27.5,59.0
Station_01,Inv_00,20170622,05:42:00,215.4,0.5,108,217.0,0.6,130,25049,15981,27.6,61.0
Station_01,Inv_00,20170622,05:43:00,222.0,0.6,133,217.0,0.6,130,25049,15981,27.6,63.0
Station_01,Inv_00,20170622,05:44:00,232.0,0.5,116,217.0,0.7,152,25049,15981,27.7,65.0
Station_01,Inv_00,20170622,05:45:00,200.0,0.6,120,216.0,0.6,130,25049,15981,27.8,68.0
Station_01,Inv_00,20170622,05:46:00,227.0,0.6,136,217.0,0.8,174,25049,15981,27.8,71.0
Station_01,Inv_00,20170622,05:47:00,231.5,0.6,139,216.0,0.8,173,25049,15981,27.9,74.0
Station_01,Inv_00,20170622,05:48:00,230.0,0.6,138,217.0,0.8,174,25049,15981,28.0,77.0
Station_01,Inv_00,20170622,05:49:00,236.1,0.7,165,217.0,0.9,195,25049,15981,28.1,80.0
Station_01,Inv_00,20170622,05:50:00,226.7,0.7,159,216.0,0.9,194,25049,15981,28.2,82.0
Station_01,Inv_00,20170622,05:51:00,230.0,0.7,161,215.0,1.0,215,25049,15981,28.2,85.0
Station_01,Inv_00,20170622,05:52:00,244.9,0.7,171,216.0,1.0,216,25049,15981,28.3,89.0
Station_01,Inv_00,20170622,05:53:00,231.0,0.8,185,215.0,1.0,215,25049,15981,28.4,93.0
Station_01,Inv_00,20170622,05:54:00,245.5,0.8,196,216.0,1.0,216,25049,15981,28.5,96.0
Station_01,Inv_00,20170622,05:55:00,242.3,0.9,218,217.0,1.0,217,25049,15981,28.6,99.0
Station_01,Inv_00,20170622,05:56:00,242.0,0.9,218,217.0,1.0,217,25049,15981,28.8,102.0
Station_01,Inv_00,20170622,05:57:00,243.0,0.9,219,216.0,1.1,238,25049,15981,28.8,104.0
Station_01,Inv_00,20170622,05:58:00,244.0,0.9,220,216.0,1.1,238,25049,15981,28.9,106.0
Station_01,Inv_00,20170622,05:59:00,244.0,1.0,244,216.0,1.1,238,25049,15981,29.1,109.0
Station_01,Inv_00,20170622,06:00:00,246.4,0.9,222,216.0,1.1,238,25049,15981,29.2,112.0
Station_01,Inv_00,20170622,06:01:00,236.0,1.1,260,215.0,1.2,258,25049,15981,29.4,117.0
Station_01,Inv_00,20170622,06:02:00,237.0,1.2,284,215.0,1.3,280,25049,15981,29.5,123.0
Station_01,Inv_00,20170622,06:03:00,249.0,1.2,299,215.0,1.4,301,25049,15981,29.7,129.0
Station_01,Inv_00,20170622,06:04:00,249.0,1.2,299,215.0,1.4,301,25049,15981,29.7,133.0
Station_01,Inv_00,20170622,06:05:00,242.1,1.3,315,215.0,1.4,301,25049,15981,30.0,137.0
Station_01,Inv_00,20170622,06:06:00,244.5,1.4,342,216.0,1.5,324,25049,15981,30.3,141.0
Station_01,Inv_00,20170622,06:07:00,250.5,1.4,351,215.0,1.5,323,25049,15981,30.5,145.0
Station_01,Inv_00,20170622,06:08:00,249.1,1.4,349,214.0,1.5,321,25049,15981,30.7,148.0
Station_01,Inv_00,20170622,06:09:00,243.5,1.4,341,214.0,1.5,321,25049,15981,30.7,152.0
Station_01,Inv_00,20170622,06:10:00,243.0,1.4,340,217.0,1.6,347,25049,15981,30.9,154.0
Station_01,Inv_00,20170622,06:11:00,250.5,1.4,351,217.0,1.6,347,25049,15981,31.1,158.0
Station_01,Inv_00,20170622,06:12:00,242.0,1.6,387,216.0,1.7,367,25049,15981,31.1,160.0
Station_01,Inv_00,20170622,06:13:00,239.5,1.6,383,216.0,1.7,367,25049,15981,31.4,161.0
Station_01,Inv_00,20170622,06:14:00,244.9,1.7,416,216.0,1.8,389,25049,15981,31.5,163.0
Station_01,Inv_00,20170622,06:15:00,249.9,1.7,425,219.0,1.8,394,25049,15981,31.3,166.0
Station_01,Inv_00,20170622,06:16:00,248.5,1.7,422,217.0,1.9,412,25049,15981,31.5,169.0
Station_01,Inv_00,20170622,06:17:00,252.5,1.8,455,218.0,2.0,436,25049,15981,31.8,173.0
Station_01,Inv_00,20170622,06:18:00,249.5,1.8,449,217.0,2.0,434,25049,15981,32.0,176.0
Station_01,Inv_00,20170622,06:19:00,250.9,1.9,477,217.0,2.0,434,25049,15981,31.8,180.0
Station_01,Inv_00,20170622,06:20:00,245.5,2.0,491,217.0,2.1,456,25049,15981,32.0,183.0
Station_01,Inv_00,20170622,06:21:00,241.8,2.1,508,217.0,2.1,456,25049,15981,32.1,188.0
Station_01,Inv_00,20170622,06:22:00,246.5,2.1,518,217.0,2.2,477,25049,15981,32.5,192.0
Station_01,Inv_00,20170622,06:23:00,248.3,2.2,546,217.0,2.3,499,25049,15981,32.5,196.0
Station_01,Inv_00,20170622,06:24:00,249.0,2.2,548,215.0,2.4,516,25049,15981,32.7,200.0
Station_01,Inv_00,20170622,06:25:00,250.0,2.2,550,215.0,2.5,538,25049,15981,32.8,203.0
Station_01,Inv_00,20170622,06:26:00,246.5,2.4,592,215.0,2.5,538,25049,15981,32.8,208.0
Station_01,Inv_00,20170622,06:27:00,238.4,2.3,548,215.0,2.5,538,25049,15981,33.0,211.0
Station_01,Inv_00,20170622,06:28:00,242.8,2.5,607,216.0,2.6,562,25049,15981,33.1,215.0
Station_01,Inv_00,20170622,06:29:00,251.0,2.5,628,216.0,2.6,562,25049,15981,33.2,220.0
Station_01,Inv_00,20170622,06:30:00,252.0,2.4,605,216.0,2.8,605,25049,15981,33.4,224.0
Station_01,Inv_00,20170622,06:31:00,239.0,2.7,645,216.0,2.8,605,25049,15981,33.6,227.0
Station_01,Inv_00,20170622,06:32:00,235.0,2.8,658,216.0,2.8,605,25049,15981,33.7,230.0
Station_01,Inv_00,20170622,06:33:00,248.0,2.6,645,217.0,3.0,651,25049,15981,33.8,233.0
Station_01,Inv_00,20170622,06:34:00,244.0,2.8,683,216.0,3.0,648,25049,15981,34.1,236.0
Station_01,Inv_00,20170622,06:35:00,247.5,2.9,718,216.0,3.1,670,25049,15981,34.2,240.0
Station_01,Inv_00,20170622,06:36:00,251.5,2.8,704,217.0,3.1,673,25049,15981,34.2,242.0
Station_01,Inv_00,20170622,06:37:00,246.4,2.9,715,217.0,3.1,673,25049,15981,34.3,243.0
Station_01,Inv_00,20170622,06:38:00,248.5,3.0,746,216.0,3.2,691,25049,15981,34.1,246.0
Station_01,Inv_00,20170622,06:39:00,240.0,3.1,744,217.0,3.2,694,25049,15981,34.2,249.0
Station_01,Inv_00,20170622,06:40:00,250.0,3.1,775,216.0,3.4,734,25049,15981,34.1,255.0
Station_01,Inv_00,20170622,06:41:00,248.4,3.2,795,217.0,3.4,738,25049,15981,34.5,259.0
Station_01,Inv_00,20170622,06:42:00,246.5,3.1,764,217.0,3.5,760,25049,15981,34.4,261.0
Station_01,Inv_00,20170622,06:43:00,249.0,3.2,797,217.0,3.5,760,25049,15981,34.8,265.0
Station_01,Inv_00,20170622,06:44:00,246.0,3.4,836,216.0,3.6,778,25049,15981,35.4,269.0
Station_01,Inv_00,20170622,06:45:00,232.4,3.5,813,216.0,3.6,778,25049,15981,35.3,273.0
Station_01,Inv_00,20170622,06:46:00,244.9,3.5,857,215.0,3.8,817,25049,15981,35.2,277.0
Station_01,Inv_00,20170622,06:47:00,241.0,3.7,892,215.0,3.9,839,25049,15981,35.4,284.0
Station_01,Inv_00,20170622,06:48:00,246.5,3.7,912,215.0,3.9,839,25049,15981,35.9,290.0
Station_01,Inv_00,20170622,06:49:00,244.4,3.7,904,215.0,4.0,860,25049,15981,36.3,296.0
Station_01,Inv_00,20170622,06:50:00,234.9,3.8,893,217.0,4.0,868,25049,15981,36.4,300.0
Station_01,Inv_00,20170622,06:51:00,239.5,3.8,910,216.0,4.0,864,25049,15981,36.6,300.0
Station_01,Inv_00,20170622,06:52:00,243.0,3.9,948,215.0,4.1,881,25049,15981,36.8,301.0
Station_01,Inv_00,20170622,06:53:00,242.0,3.8,920,214.0,4.1,877,25049,15981,37.3,301.0
Station_01,Inv_00,20170622,06:54:00,244.0,3.8,927,214.0,4.0,856,25049,15981,37.1,292.0
Station_01,Inv_00,20170622,06:55:00,240.5,3.3,794,214.0,3.6,770,25049,15981,37.3,273.0
Station_01,Inv_00,20170622,06:56:00,240.0,3.0,720,215.0,3.1,667,25049,15981,36.7,237.0
Station_01,Inv_00,20170622,06:57:00,241.5,2.8,676,214.0,2.9,621,25049,15981,36.8,215.0
Station_01,Inv_00,20170622,06:58:00,234.0,2.6,608,216.0,2.8,605,25049,15981,36.6,211.0
Station_01,Inv_00,20170622,06:59:00,225.5,2.9,654,216.0,2.9,626,25049,15981,36.7,214.0
Station_01,Inv_00,20170622,07:00:00,240.5,2.9,697,214.0,3.1,663,25049,15981,36.1,223.0
Station_01,Inv_00,20170622,07:01:00,242.5,2.9,703,214.0,3.1,663,25049,15981,36.2,221.0
Station_01,Inv_00,20170622,07:02:00,241.9,2.8,677,216.0,3.0,648,25049,15981,36.5,217.0
Station_01,Inv_00,20170622,07:03:00,242.0,3.1,750,216.0,3.2,691,25049,15981,36.5,228.0
Station_01,Inv_00,20170622,07:04:00,237.9,3.3,785,217.0,3.4,738,25049,15981,36.6,241.0
Station_01,Inv_00,20170622,07:05:00,240.5,3.4,818,216.0,3.6,778,25049,15981,36.8,247.0
Station_01,Inv_00,20170622,07:06:00,241.4,3.5,845,216.0,3.6,778,25049,15981,37.1,252.0
Station_01,Inv_00,20170622,07:07:00,243.9,3.5,854,217.0,3.7,803,25049,15981,37.1,259.0
Station_01,Inv_00,20170622,07:08:00,240.0,3.7,888,218.0,3.8,828,25049,15981,37.1,266.0
Station_01,Inv_00,20170622,07:09:00,244.0,3.7,903,219.0,4.0,876,25049,15981,37.4,278.0
Station_01,Inv_00,20170622,07:10:00,243.4,3.8,925,217.0,4.0,868,25049,15981,37.6,285.0
Station_01,Inv_00,20170622,07:11:00,244.5,3.8,929,217.0,3.9,846,25049,15981,37.5,283.0
Station_01,Inv_00,20170622,07:12:00,235.0,3.8,893,216.0,3.9,842,25049,15981,38.0,275.0
Station_01,Inv_00,20170622,07:13:00,236.0,3.8,897,217.0,3.9,846,25049,15981,38.2,273.0
Station_01,Inv_00,20170622,07:14:00,243.4,3.7,901,217.0,3.9,846,25049,15981,38.4,273.0
Station_01,Inv_00,20170622,07:15:00,240.9,3.8,915,217.0,3.9,846,25049,15981,38.4,272.0
Station_01,Inv_00,20170622,07:16:00,243.0,3.6,875,217.0,3.9,846,25049,15981,38.3,272.0
Station_01,Inv_00,20170622,07:17:00,243.0,3.7,899,217.0,3.9,846,25049,15981,38.5,266.0
Station_01,Inv_00,20170622,07:18:00,240.5,3.9,938,218.0,3.9,850,25049,15981,38.6,275.0
Station_01,Inv_00,20170622,07:19:00,233.5,4.0,934,216.0,4.1,886,25049,15981,38.7,285.0
Station_01,Inv_00,20170622,07:20:00,240.9,4.1,988,218.0,4.3,937,25049,15981,38.9,300.0
Station_01,Inv_00,20170622,07:21:00,242.0,4.1,992,217.0,4.3,933,25049,15981,39.2,303.0
Station_01,Inv_00,20170622,07:22:00,239.9,4.3,1032,218.0,4.3,937,25049,15981,39.5,302.0
Station_01,Inv_00,20170622,07:23:00,230.0,4.4,1012,218.0,4.2,916,25050,15982,39.3,304.0
Station_01,Inv_00,20170622,07:24:00,239.0,4.4,1052,217.0,4.5,977,25050,15982,39.5,311.0
Station_01,Inv_00,20170622,07:25:00,239.0,4.4,1052,218.0,4.6,1003,25050,15982,39.8,317.0
Station_01,Inv_00,20170622,07:26:00,242.0,4.5,1089,219.0,4.6,1007,25050,15982,40.0,317.0
Station_01,Inv_00,20170622,07:27:00,242.0,4.4,1065,219.0,4.6,1007,25050,15982,40.2,320.0
Station_01,Inv_00,20170622,07:28:00,244.5,4.4,1076,220.0,4.6,1012,25050,15982,40.1,322.0
Station_01,Inv_00,20170622,07:29:00,238.0,4.7,1119,217.0,4.9,1063,25050,15982,40.6,334.0
Station_01,Inv_00,20170622,07:30:00,241.0,5.0,1205,218.0,5.1,1112,25050,15982,40.5,345.0
Station_01,Inv_00,20170622,07:31:00,242.5,5.0,1213,216.0,5.1,1102,25050,15982,41.1,349.0
Station_01,Inv_00,20170622,07:32:00,242.0,4.9,1186,217.0,5.1,1107,25050,15982,40.8,350.0
Station_01,Inv_00,20170622,07:33:00,239.4,5.0,1197,217.0,5.2,1128,25050,15982,41.4,354.0
Station_01,Inv_00,20170622,07:34:00,240.0,5.1,1224,217.0,5.3,1150,25050,15982,41.2,362.0
Station_01,Inv_00,20170622,07:35:00,239.4,5.1,1221,217.0,5.3,1150,25050,15982,41.3,359.0
Station_01,Inv_00,20170622,07:36:00,242.3,5.0,1212,216.0,5.3,1145,25050,15982,41.4,358.0
Station_01,Inv_00,20170622,07:37:00,241.0,5.0,1205,216.0,5.3,1145,25050,15982,41.3,358.0
Station_01,Inv_00,20170622,07:38:00,240.5,5.2,1251,217.0,5.4,1172,25050,15982,41.7,364.0
Station_01,Inv_00,20170622,07:39:00,230.5,5.5,1268,217.0,5.4,1172,25050,15982,41.4,372.0
Station_01,Inv_00,20170622,07:40:00,242.5,5.3,1285,218.0,5.6,1221,25050,15982,41.9,376.0
Station_01,Inv_00,20170622,07:41:00,239.5,5.7,1365,218.0,5.8,1264,25050,15982,42.3,387.0
Station_01,Inv_00,20170622,07:42:00,238.0,5.6,1333,218.0,5.8,1264,25050,15982,42.1,389.0
Station_01,Inv_00,20170622,07:43:00,235.9,5.7,1345,218.0,5.7,1243,25050,15982,42.2,389.0
Station_01,Inv_00,20170622,07:44:00,236.0,5.9,1392,218.0,5.9,1286,25050,15982,42.6,395.0
Station_01,Inv_00,20170622,07:45:00,232.5,5.9,1372,218.0,5.9,1286,25050,15982,42.9,398.0
Station_01,Inv_00,20170622,07:46:00,235.9,5.9,1392,218.0,5.9,1286,25050,15982,43.4,396.0
Station_01,Inv_00,20170622,07:47:00,240.0,5.9,1416,217.0,6.1,1324,25050,15982,43.2,401.0
Station_01,Inv_00,20170622,07:48:00,237.5,5.9,1401,216.0,6.2,1339,25050,15982,43.7,406.0
Station_01,Inv_00,20170622,07:49:00,229.5,6.3,1446,217.0,6.2,1345,25050,15982,43.5,420.0
Station_01,Inv_00,20170622,07:50:00,230.0,6.5,1495,217.0,6.5,1411,25050,15982,44.4,428.0
Station_01,Inv_00,20170622,07:51:00,228.0,6.7,1528,218.0,6.6,1439,25050,15982,44.9,442.0
Station_01,Inv_00,20170622,07:52:00,229.0,6.8,1557,217.0,6.7,1454,25050,15982,44.1,452.0
Station_01,Inv_00,20170622,07:53:00,228.5,6.9,1577,216.0,6.9,1490,25050,15982,44.8,459.0
Station_01,Inv_00,20170622,07:54:00,228.0,7.1,1619,216.0,7.1,1534,25050,15982,45.1,468.0
Station_01,Inv_00,20170622,07:55:00,229.0,7.1,1626,216.0,7.1,1534,25050,15982,45.5,470.0
Station_01,Inv_00,20170622,07:56:00,241.0,6.9,1663,218.0,7.2,1570,25050,15982,45.4,480.0
Station_01,Inv_00,20170622,07:57:00,236.5,7.3,1726,219.0,7.3,1599,25050,15982,45.6,487.0
Station_01,Inv_00,20170622,07:58:00,225.0,7.5,1687,219.0,7.2,1577,25050,15982,46.1,489.0
Station_01,Inv_00,20170622,07:59:00,233.5,7.3,1704,221.0,7.4,1635,25050,15982,45.9,493.0
Station_01,Inv_00,20170622,08:00:00,236.5,7.5,1774,220.0,7.5,1650,25050,15982,45.4,502.0
Station_01,Inv_00,20170622,08:01:00,227.0,7.7,1748,218.0,7.5,1635,25050,15982,45.7,503.0
Station_01,Inv_00,20170622,08:02:00,234.4,7.4,1735,218.0,7.5,1635,25050,15982,45.6,500.0
Station_01,Inv_00,20170622,08:03:00,235.5,7.3,1719,219.0,7.5,1643,25050,15982,46.7,495.0
Station_01,Inv_00,20170622,08:04:00,232.9,7.4,1723,218.0,7.5,1635,25050,15982,46.3,501.0
Station_01,Inv_00,20170622,08:05:00,234.5,7.4,1735,219.0,7.5,1643,25050,15982,45.4,500.0
Station_01,Inv_00,20170622,08:06:00,235.5,7.4,1743,219.0,7.6,1664,25051,15983,45.8,503.0
Station_01,Inv_00,20170622,08:07:00,230.5,7.6,1752,218.0,7.6,1657,25051,15983,46.5,503.0
Station_01,Inv_00,20170622,08:08:00,233.9,7.6,1778,218.0,7.6,1657,25051,15983,46.3,506.0
Station_01,Inv_00,20170622,08:09:00,218.0,7.9,1722,219.0,7.3,1599,25051,15983,46.7,506.0
Station_01,Inv_00,20170622,08:10:00,230.0,7.7,1771,218.0,7.6,1657,25051,15983,46.0,503.0
Station_01,Inv_00,20170622,08:11:00,224.0,7.9,1769,219.0,7.7,1686,25051,15983,46.5,512.0
Station_01,Inv_00,20170622,08:12:00,233.5,7.8,1821,219.0,7.9,1730,25051,15983,46.7,520.0
Station_01,Inv_00,20170622,08:13:00,223.5,8.1,1810,219.0,7.7,1686,25051,15983,46.4,520.0
Station_01,Inv_00,20170622,08:14:00,224.0,7.9,1770,219.0,7.7,1686,25051,15983,46.6,520.0
Station_01,Inv_00,20170622,08:15:00,222.5,8.0,1780,220.0,7.7,1694,25051,15983,46.5,517.0
Station_01,Inv_00,20170622,08:16:00,222.5,8.1,1802,218.0,7.9,1722,25051,15983,46.8,526.0
Station_01,Inv_00,20170622,08:17:00,229.5,8.1,1859,218.0,8.1,1766,25051,15983,47.3,533.0
Station_01,Inv_00,20170622,08:18:00,234.5,7.9,1853,219.0,8.1,1774,25051,15983,47.4,530.0
Station_01,Inv_00,20170622,08:19:00,232.5,8.1,1883,219.0,8.1,1774,25051,15983,47.0,532.0
Station_01,Inv_00,20170622,08:20:00,225.0,8.3,1867,219.0,8.0,1752,25051,15983,47.3,535.0
Station_01,Inv_00,20170622,08:21:00,224.5,8.3,1863,219.0,8.0,1752,25051,15983,47.7,535.0
Station_01,Inv_00,20170622,08:22:00,234.5,8.1,1899,219.0,8.2,1796,25051,15983,47.3,540.0
Station_01,Inv_00,20170622,08:23:00,234.9,7.8,1833,219.0,7.9,1730,25051,15983,47.7,528.0
Station_01,Inv_00,20170622,08:24:00,237.0,7.9,1872,219.0,8.1,1774,25051,15983,47.8,532.0
Station_01,Inv_00,20170622,08:25:00,232.5,8.1,1883,219.0,8.1,1774,25051,15983,47.7,529.0
Station_01,Inv_00,20170622,08:26:00,231.0,8.1,1871,219.0,8.1,1774,25051,15983,48.4,532.0
Station_01,Inv_00,20170622,08:27:00,235.0,7.7,1809,219.0,7.9,1730,25051,15983,47.6,522.0
Station_01,Inv_00,20170622,08:28:00,233.0,7.7,1794,219.0,7.7,1686,25051,15983,48.1,504.0
Station_01,Inv_00,20170622,08:29:00,225.5,8.0,1804,220.0,7.7,1694,25051,15983,47.2,511.0
Station_01,Inv_00,20170622,08:30:00,228.5,8.3,1897,220.0,8.1,1782,25051,15983,47.5,534.0
Station_01,Inv_00,20170622,08:31:00,234.0,8.3,1942,219.0,8.3,1818,25051,15983,48.5,551.0
Station_01,Inv_00,20170622,08:32:00,232.5,8.1,1883,219.0,8.2,1796,25051,15983,48.4,538.0
Station_01,Inv_00,20170622,08:33:00,231.0,8.1,1871,219.0,7.9,1730,25051,15983,48.7,522.0
Station_01,Inv_00,20170622,08:34:00,232.5,8.3,1930,219.0,8.3,1818,25051,15983,47.7,546.0
Station_01,Inv_00,20170622,08:35:00,231.0,8.7,2010,219.0,8.7,1905,25051,15983,48.9,567.0
Station_01,Inv_00,20170622,08:36:00,232.5,9.2,2139,219.0,9.3,2037,25051,15983,47.7,601.0
Station_01,Inv_00,20170622,08:37:00,233.0,9.3,2167,219.0,9.3,2037,25051,15983,48.4,615.0
Station_01,Inv_00,20170622,08:38:00,232.0,9.5,2204,219.0,9.4,2059,25052,15983,47.7,621.0
Station_01,Inv_00,20170622,08:39:00,226.5,9.7,2197,219.0,9.5,2081,25052,15983,49.2,638.0
Station_01,Inv_00,20170622,08:40:00,229.4,9.4,2157,219.0,9.3,2037,25052,15983,49.4,615.0
Station_01,Inv_00,20170622,08:41:00,222.5,9.7,2158,219.0,9.4,2059,25052,15983,49.9,618.0
Station_01,Inv_00,20170622,08:42:00,230.5,9.5,2190,219.0,9.5,2081,25052,15983,48.9,627.0
Station_01,Inv_00,20170622,08:43:00,232.0,9.5,2204,219.0,9.6,2102,25052,15983,48.7,630.0
Station_01,Inv_00,20170622,08:44:00,227.0,9.8,2224,219.0,9.6,2102,25052,15983,48.4,638.0
Station_01,Inv_00,20170622,08:45:00,227.4,10.0,2275,219.0,9.8,2146,25052,15983,49.3,644.0
Station_01,Inv_00,20170622,08:46:00,227.5,10.1,2298,219.0,9.9,2168,25052,15983,50.4,646.0
Station_01,Inv_00,20170622,08:47:00,227.0,10.1,2293,219.0,9.9,2168,25052,15983,50.1,654.0
Station_01,Inv_00,20170622,08:48:00,222.0,10.3,2286,219.0,9.9,2168,25052,15983,50.3,657.0
Station_01,Inv_00,20170622,08:49:00,222.5,10.1,2247,218.0,9.7,2115,25052,15983,49.6,647.0
Station_01,Inv_00,20170622,08:50:00,219.0,10.4,2278,218.0,9.9,2158,25052,15983,49.7,669.0
Station_01,Inv_00,20170622,08:51:00,214.0,10.7,2290,219.0,9.8,2146,25052,15983,51.7,662.0
Station_01,Inv_00,20170622,08:52:00,213.5,10.7,2284,218.0,9.9,2158,25052,15983,51.5,665.0
Station_01,Inv_00,20170622,08:53:00,214.0,10.7,2290,219.0,9.8,2146,25052,15983,50.3,669.0
Station_01,Inv_00,20170622,08:54:00,213.5,10.7,2284,219.0,9.9,2168,25052,15983,51.4,667.0
Station_01,Inv_00,20170622,08:55:00,214.0,10.7,2290,219.0,9.9,2168,25052,15983,51.9,668.0
Station_01,Inv_00,20170622,08:56:00,213.5,10.7,2284,219.0,9.9,2168,25052,15983,51.4,668.0
Station_01,Inv_00,20170622,08:57:00,214.0,10.8,2311,219.0,9.9,2168,25052,15983,51.5,676.0
Station_01,Inv_00,20170622,08:58:00,213.5,10.9,2327,219.0,10.0,2190,25052,15983,51.2,677.0
Station_01,Inv_00,20170622,08:59:00,229.0,10.2,2336,219.0,10.2,2234,25052,15983,52.4,672.0
Station_01,Inv_00,20170622,09:00:00,224.0,10.5,2352,219.0,10.1,2212,25052,15983,52.9,670.0
Station_01,Inv_00,20170622,09:01:00,226.5,10.6,2401,219.0,10.3,2256,25052,15983,52.6,687.0
Station_01,Inv_00,20170622,09:02:00,226.0,10.7,2418,219.0,10.3,2256,25052,15983,52.4,689.0
Station_01,Inv_00,20170622,09:03:00,219.0,11.0,2409,218.0,10.4,2267,25052,15983,51.0,703.0
Station_01,Inv_00,20170622,09:04:00,209.0,11.3,2362,218.0,10.2,2224,25053,15984,50.5,701.0
Station_01,Inv_00,20170622,09:05:00,208.5,11.5,2398,218.0,10.4,2267,25053,15984,51.1,717.0
Station_01,Inv_00,20170622,09:06:00,212.5,11.5,2444,218.0,10.5,2289,25053,15984,52.0,715.0
Station_01,Inv_00,20170622,09:07:00,209.0,11.5,2403,218.0,10.3,2245,25053,15984,52.2,708.0
Station_01,Inv_00,20170622,09:08:00,229.5,10.7,2456,218.0,10.6,2311,25053,15984,52.8,708.0
Station_01,Inv_00,20170622,09:09:00,222.5,11.2,2492,218.0,10.8,2354,25053,15984,52.3,718.0
Station_01,Inv_00,20170622,09:10:00,212.5,11.8,2508,218.0,10.7,2333,25053,15984,53.4,720.0
Station_01,Inv_00,20170622,09:11:00,212.5,11.8,2508,218.0,10.8,2354,25053,15984,52.8,735.0
Station_01,Inv_00,20170622,09:12:00,213.5,11.9,2541,218.0,10.8,2354,25053,15984,52.6,732.0
Station_01,Inv_00,20170622,09:13:00,209.5,11.9,2493,218.0,10.8,2354,25053,15984,53.8,732.0
Station_01,Inv_00,20170622,09:14:00,227.5,11.2,2548,218.0,11.0,2398,25053,15984,53.1,733.0
Station_01,Inv_00,20170622,09:15:00,217.0,11.8,2561,218.0,11.0,2398,25053,15984,52.2,742.0
Station_01,Inv_00,20170622,09:16:00,224.5,11.5,2582,219.0,11.1,2431,25053,15984,53.6,739.0
Station_01,Inv_00,20170622,09:17:00,223.9,11.4,2553,219.0,11.0,2409,25053,15984,55.4,733.0
Station_01,Inv_00,20170622,09:18:00,220.0,11.6,2552,219.0,11.0,2409,25053,15984,55.0,734.0
Station_01,Inv_00,20170622,09:19:00,222.5,11.4,2536,219.0,10.9,2387,25053,15984,52.9,737.0
Station_01,Inv_00,20170622,09:20:00,217.5,11.9,2588,218.0,11.1,2420,25053,15984,52.3,754.0
Station_01,Inv_00,20170622,09:21:00,202.5,12.3,2491,218.0,10.7,2333,25053,15984,51.7,755.0
Station_01,Inv_00,20170622,09:22:00,203.5,12.2,2483,219.0,10.7,2343,25053,15984,51.2,749.0
Station_01,Inv_00,20170622,09:23:00,203.0,12.2,2477,218.0,10.7,2333,25053,15984,50.7,752.0
Station_01,Inv_00,20170622,09:24:00,203.0,12.3,2497,218.0,10.8,2354,25053,15984,51.3,760.0
Station_01,Inv_00,20170622,09:25:00,202.5,12.5,2531,218.0,10.9,2376,25053,15984,50.5,766.0
Station_01,Inv_00,20170622,09:26:00,220.0,12.2,2683,218.0,11.6,2529,25053,15984,51.7,772.0
Station_01,Inv_00,20170622,09:27:00,224.5,12.0,2694,219.0,11.6,2540,25053,15984,51.0,772.0
Station_01,Inv_00,20170622,09:28:00,222.5,12.1,2692,218.0,11.7,2551,25054,15984,52.5,773.0
Station_01,Inv_00,20170622,09:29:00,227.0,11.9,2701,218.0,11.6,2529,25054,15984,51.5,775.0
Station_01,Inv_00,20170622,09:30:00,225.5,12.0,2706,218.0,11.7,2551,25054,15984,52.2,776.0
Station_01,Inv_00,20170622,09:31:00,219.0,12.2,2672,219.0,11.5,2519,25054,15984,53.7,776.0
Station_01,Inv_00,20170622,09:32:00,223.5,12.1,2704,219.0,11.7,2562,25054,15984,54.7,779.0
Station_01,Inv_00,20170622,09:33:00,215.5,12.7,2737,219.0,11.7,2562,25054,15984,54.8,791.0
Station_01,Inv_00,20170622,09:34:00,217.0,12.5,2712,219.0,11.6,2540,25054,15984,55.7,788.0
Station_01,Inv_00,20170622,09:35:00,222.5,12.1,2692,219.0,11.6,2540,25054,15984,55.5,774.0
Station_01,Inv_00,20170622,09:36:00,221.5,12.4,2746,219.0,11.8,2584,25054,15984,56.1,794.0
Station_01,Inv_00,20170622,09:37:00,212.5,12.7,2699,219.0,11.6,2540,25054,15984,56.8,792.0
Station_01,Inv_00,20170622,09:38:00,220.0,12.3,2706,219.0,11.7,2562,25054,15984,55.3,789.0
Station_01,Inv_00,20170622,09:39:00,210.0,12.8,2688,218.0,11.5,2507,25054,15984,55.0,798.0
Station_01,Inv_00,20170622,09:40:00,210.0,12.7,2667,218.0,11.5,2507,25054,15984,54.9,796.0
Station_01,Inv_00,20170622,09:41:00,208.5,13.1,2731,218.0,11.8,2572,25054,15984,54.4,804.0
Station_01,Inv_00,20170622,09:42:00,210.5,12.9,2715,218.0,11.8,2572,25054,15984,56.8,803.0
Station_01,Inv_00,20170622,09:43:00,220.5,12.5,2756,218.0,11.8,2572,25054,15984,57.1,802.0
Station_01,Inv_00,20170622,09:44:00,222.0,12.5,2775,218.0,11.9,2594,25054,15984,57.5,800.0
Station_01,Inv_00,20170622,09:45:00,217.0,12.8,2777,218.0,12.0,2616,25054,15984,58.9,809.0
Station_01,Inv_00,20170622,09:46:00,204.5,13.2,2699,218.0,11.6,2529,25054,15984,58.4,808.0
Station_01,Inv_00,20170622,09:47:00,205.0,13.2,2706,218.0,11.6,2529,25054,15984,58.0,810.0
Station_01,Inv_00,20170622,09:48:00,203.5,13.3,2706,218.0,11.7,2551,25054,15984,58.1,831.0
Station_01,Inv_00,20170622,09:49:00,202.5,13.3,2693,218.0,11.7,2551,25054,15984,57.8,823.0
Station_01,Inv_00,20170622,09:50:00,203.5,13.6,2767,218.0,11.9,2594,25055,15985,59.2,821.0
Station_01,Inv_00,20170622,09:51:00,203.5,13.3,2706,218.0,11.7,2551,25055,15985,56.4,822.0
Station_01,Inv_00,20170622,09:52:00,214.4,13.1,2808,218.0,12.1,2638,25055,15985,55.8,823.0
Station_01,Inv_00,20170622,09:53:00,217.9,13.1,2854,219.0,12.3,2694,25055,15985,57.3,805.0
Station_01,Inv_00,20170622,09:54:00,219.5,12.9,2832,218.0,12.3,2681,25055,15985,57.6,835.0
Station_01,Inv_00,20170622,09:55:00,218.0,13.0,2834,219.0,12.3,2694,25055,15985,58.8,833.0
Station_01,Inv_00,20170622,09:56:00,220.0,12.9,2838,218.0,12.3,2681,25055,15985,59.3,835.0
Station_01,Inv_00,20170622,09:57:00,217.0,13.0,2820,218.0,12.2,2660,25055,15985,59.1,832.0
Station_01,Inv_00,20170622,09:58:00,220.5,12.9,2844,219.0,12.3,2694,25055,15985,58.4,837.0
Station_01,Inv_00,20170622,09:59:00,219.5,13.0,2853,219.0,12.3,2694,25055,15985,59.7,840.0
Station_01,Inv_00,20170622,10:00:00,217.0,13.1,2843,220.0,12.2,2684,25055,15985,59.3,842.0
Station_01,Inv_00,20170622,10:01:00,216.5,13.1,2836,219.0,12.2,2672,25055,15985,60.0,838.0
Station_01,Inv_00,20170622,10:02:00,215.5,13.3,2866,219.0,12.3,2694,25055,15985,58.2,843.0
Station_01,Inv_00,20170622,10:03:00,211.5,13.5,2855,219.0,12.3,2694,25055,15985,57.4,851.0
Station_01,Inv_00,20170622,10:04:00,215.5,13.3,2866,219.0,12.4,2716,25055,15985,57.3,851.0
Station_01,Inv_00,20170622,10:05:00,216.5,13.3,2879,220.0,12.4,2728,25055,15985,57.4,848.0
Station_01,Inv_00,20170622,10:06:00,209.5,13.7,2870,219.0,12.4,2716,25055,15985,56.8,851.0
Station_01,Inv_00,20170622,10:07:00,219.5,13.3,2919,219.0,12.6,2759,25055,15985,54.6,872.0
Station_01,Inv_00,20170622,10:08:00,218.5,13.6,2971,219.0,12.8,2803,25055,15985,54.4,872.0
Station_01,Inv_00,20170622,10:09:00,213.5,14.1,3010,219.0,12.9,2825,25055,15985,53.4,886.0
Station_01,Inv_00,20170622,10:10:00,214.0,14.1,3017,219.0,12.9,2825,25055,15985,55.4,889.0
Station_01,Inv_00,20170622,10:11:00,214.0,13.9,2975,219.0,12.8,2803,25056,15986,54.6,880.0
Station_01,Inv_00,20170622,10:12:00,214.0,14.1,3017,219.0,12.9,2825,25056,15986,55.3,882.0
Station_01,Inv_00,20170622,10:13:00,214.0,14.1,3017,218.0,12.9,2812,25056,15986,55.8,891.0
Station_01,Inv_00,20170622,10:14:00,218.5,13.9,3037,219.0,12.9,2825,25056,15986,57.4,887.0
Station_01,Inv_00,20170622,10:15:00,216.5,14.1,3053,219.0,13.0,2847,25056,15986,56.4,895.0
Station_01,Inv_00,20170622,10:16:00,216.0,13.9,3002,219.0,13.0,2847,25056,15986,57.4,891.0
Station_01,Inv_00,20170622,10:17:00,214.5,13.9,2982,218.0,12.9,2812,25056,15986,56.1,884.0
Station_01,Inv_00,20170622,10:18:00,217.0,13.7,2973,219.0,12.8,2803,25056,15986,56.5,882.0
Station_01,Inv_00,20170622,10:19:00,215.0,14.0,3010,219.0,12.9,2825,25056,15986,57.3,888.0
Station_01,Inv_00,20170622,10:20:00,213.5,14.3,3053,219.0,13.1,2869,25056,15986,56.1,907.0
Station_01,Inv_00,20170622,10:21:00,217.0,14.3,3103,219.0,13.3,2913,25056,15986,56.6,917.0
Station_01,Inv_00,20170622,10:22:00,218.0,9.2,2005,217.0,7.7,1671,25056,15986,56.0,773.0
Station_01,Inv_00,20170622,10:23:00,216.0,14.5,3132,219.0,13.4,2935,25056,15986,55.7,917.0
Station_01,Inv_00,20170622,10:24:00,220.0,14.2,3124,219.0,13.4,2935,25056,15986,56.7,944.0
Station_01,Inv_00,20170622,10:25:00,219.0,2.8,613,217.0,2.7,586,25056,15986,54.2,443.0
Station_01,Inv_00,20170622,10:26:00,221.5,14.5,3212,219.0,13.8,3022,25056,15986,53.8,916.0
Station_01,Inv_00,20170622,10:27:00,217.0,14.9,3233,219.0,13.9,3044,25056,15986,55.6,950.0
Station_01,Inv_00,20170622,10:28:00,219.4,14.5,3182,219.0,13.6,2978,25056,15986,51.5,721.0
Station_01,Inv_00,20170622,10:29:00,212.5,15.1,3209,219.0,13.8,3022,25056,15986,53.2,944.0
Station_01,Inv_00,20170622,10:30:00,219.0,14.4,3153,219.0,13.5,2957,25056,15986,54.6,939.0
Station_01,Inv_00,20170622,10:31:00,219.0,15.2,3329,219.0,14.3,3132,25056,15986,54.6,913.0
Station_01,Inv_00,20170622,10:32:00,163.4,4.1,670,217.0,3.3,716,25057,15986,55.3,761.0
Station_01,Inv_00,20170622,10:33:00,218.5,14.6,3190,219.0,13.7,3000,25057,15986,55.7,928.0
Station_01,Inv_00,20170622,10:34:00,210.0,15.2,3192,219.0,13.6,2978,25057,15986,54.3,941.0
Station_01,Inv_00,20170622,10:35:00,210.4,3.4,715,218.0,3.3,719,25057,15986,50.7,278.0
Station_01,Inv_00,20170622,10:36:00,222.4,14.9,3315,219.0,14.2,3110,25057,15986,51.2,858.0
Station_01,Inv_00,20170622,10:37:00,221.0,14.6,3226,219.0,13.9,3044,25057,15986,53.6,940.0
Station_01,Inv_00,20170622,10:38:00,220.0,14.5,3190,219.0,13.6,2978,25057,15986,53.4,937.0
Station_01,Inv_00,20170622,10:39:00,217.0,14.6,3168,218.0,13.6,2965,25057,15986,53.3,934.0
Station_01,Inv_00,20170622,10:40:00,220.0,14.4,3168,219.0,13.5,2957,25057,15986,54.5,926.0
Station_01,Inv_00,20170622,10:41:00,217.9,14.3,3117,219.0,13.4,2935,25057,15986,56.5,935.0
Station_01,Inv_00,20170622,10:42:00,218.5,14.1,3081,219.0,13.3,2913,25057,15986,58.3,913.0
Station_01,Inv_00,20170622,10:43:00,203.0,14.8,3004,219.0,12.9,2825,25057,15986,58.1,910.0
Station_01,Inv_00,20170622,10:44:00,214.5,14.5,3110,218.0,13.4,2921,25057,15986,58.6,920.0
Station_01,Inv_00,20170622,10:45:00,213.0,14.4,3067,218.0,13.2,2878,25057,15986,59.6,914.0
Station_01,Inv_00,20170622,10:46:00,214.0,14.5,3103,218.0,13.4,2921,25057,15986,60.5,924.0
Station_01,Inv_00,20170622,10:47:00,215.0,14.1,3032,218.0,13.0,2834,25057,15986,59.8,905.0
Station_01,Inv_00,20170622,10:48:00,207.5,14.6,3029,218.0,13.0,2834,25057,15986,59.7,922.0
Station_01,Inv_00,20170622,10:49:00,215.0,14.5,3118,218.0,13.4,2921,25057,15986,60.5,928.0
Station_01,Inv_00,20170622,10:50:00,215.0,14.5,3117,217.0,13.5,2930,25057,15986,60.6,940.0
Station_01,Inv_00,20170622,10:51:00,214.0,14.6,3124,217.0,13.4,2908,25057,15986,61.2,939.0
Station_01,Inv_00,20170622,10:52:00,215.5,14.4,3103,217.0,13.4,2908,25058,15987,61.4,934.0
Station_01,Inv_00,20170622,10:53:00,214.5,14.6,3131,217.0,13.5,2930,25058,15987,58.3,953.0
Station_01,Inv_00,20170622,10:54:00,212.5,14.7,3124,217.0,13.4,2908,25058,15987,59.4,950.0
Station_01,Inv_00,20170622,10:55:00,214.0,14.2,3038,217.0,13.1,2843,25058,15987,60.3,929.0
Station_01,Inv_00,20170622,10:56:00,205.5,14.8,3041,217.0,13.2,2864,25058,15987,61.1,917.0
Station_01,Inv_00,20170622,10:57:00,206.5,14.7,3036,217.0,13.0,2821,25058,15987,63.3,910.0
Station_01,Inv_00,20170622,10:58:00,205.5,14.8,3041,217.0,13.2,2864,25058,15987,60.8,921.0
Station_01,Inv_00,20170622,10:59:00,206.0,15.1,3111,217.0,13.4,2908,25058,15987,61.2,938.0
Station_01,Inv_00,20170622,11:00:00,206.5,14.9,3077,217.0,13.3,2886,25058,15987,60.3,928.0
Station_01,Inv_00,20170622,11:01:00,207.0,15.1,3126,217.0,13.4,2908,25058,15987,59.1,940.0
Station_01,Inv_00,20170622,11:02:00,203.0,15.3,3106,216.0,13.4,2894,25058,15987,60.0,938.0
Station_01,Inv_00,20170622,11:03:00,212.0,14.9,3159,217.0,13.7,2973,25058,15987,59.2,953.0
Station_01,Inv_00,20170622,11:04:00,206.0,15.1,3111,217.0,13.4,2908,25058,15987,60.7,928.0
Station_01,Inv_00,20170622,11:05:00,215.0,14.4,3096,217.0,13.4,2908,25058,15987,59.1,920.0
Station_01,Inv_00,20170622,11:06:00,209.0,15.0,3135,217.0,13.5,2930,25058,15987,58.7,941.0
Station_01,Inv_00,20170622,11:07:00,214.0,14.8,3167,217.0,13.6,2951,25058,15987,60.0,945.0
Station_01,Inv_00,20170622,11:08:00,211.0,14.9,3144,217.0,13.7,2973,25058,15987,58.4,944.0
Station_01,Inv_00,20170622,11:09:00,212.5,15.0,3187,218.0,13.7,2987,25058,15987,60.5,951.0
Station_01,Inv_00,20170622,11:10:00,209.0,15.1,3156,217.0,13.6,2951,25058,15987,59.7,948.0
Station_01,Inv_00,20170622,11:11:00,212.5,14.8,3145,217.0,13.5,2930,25058,15987,59.4,939.0
Station_01,Inv_00,20170622,11:12:00,216.5,14.6,3161,217.0,13.7,2973,25059,15988,58.4,949.0
Station_01,Inv_00,20170622,11:13:00,214.5,14.8,3174,217.0,13.8,2995,25059,15988,58.8,947.0
Station_01,Inv_00,20170622,11:14:00,214.0,14.9,3189,217.0,13.9,3016,25059,15988,60.2,956.0
Station_01,Inv_00,20170622,11:15:00,211.5,15.1,3194,217.0,13.9,3016,25059,15988,61.2,960.0
Station_01,Inv_00,20170622,11:16:00,209.0,15.1,3156,217.0,13.6,2951,25059,15988,61.9,955.0
Station_01,Inv_00,20170622,11:17:00,212.5,14.7,3124,217.0,13.5,2930,25059,15988,62.5,929.0
Station_01,Inv_00,20170622,11:18:00,211.0,15.1,3186,217.0,13.8,2995,25059,15988,63.9,961.0
Station_01,Inv_00,20170622,11:19:00,206.6,14.7,3036,217.0,13.1,2843,25059,15988,64.1,960.0
Station_01,Inv_00,20170622,11:20:00,205.5,15.0,3083,217.0,13.4,2908,25059,15988,63.8,945.0
Station_01,Inv_00,20170622,11:21:00,193.5,15.6,3019,217.0,13.0,2821,25059,15988,63.3,950.0
Station_01,Inv_00,20170622,11:22:00,204.9,15.3,3135,217.0,13.5,2930,25059,15988,64.0,951.0
Station_01,Inv_00,20170622,11:23:00,211.5,14.9,3151,217.0,13.6,2951,25059,15988,61.8,950.0
Station_01,Inv_00,20170622,11:24:00,207.5,15.4,3196,216.0,13.9,3002,25059,15988,63.2,968.0
Station_01,Inv_00,20170622,11:25:00,201.5,15.3,3083,216.0,13.4,2894,25059,15988,63.0,943.0
Station_01,Inv_00,20170622,11:26:00,210.0,14.7,3087,216.0,13.4,2894,25059,15988,62.3,914.0
Station_01,Inv_00,20170622,11:27:00,212.5,14.4,3060,217.0,13.3,2886,25059,15988,62.4,929.0
Station_01,Inv_00,20170622,11:28:00,206.5,14.5,2994,216.0,12.9,2786,25059,15988,59.4,896.0
Station_01,Inv_00,20170622,11:29:00,211.6,13.5,2856,217.0,12.6,2734,25059,15988,59.8,878.0
Station_01,Inv_00,20170622,11:30:00,209.5,15.1,3163,217.0,13.6,2951,25059,15988,60.8,948.0
Station_01,Inv_00,20170622,11:31:00,206.0,15.3,3152,216.0,13.5,2916,25060,15988,60.3,952.0
Station_01,Inv_00,20170622,11:32:00,205.5,15.5,3185,217.0,13.8,2995,25060,15988,60.5,965.0
Station_01,Inv_00,20170622,11:33:00,209.0,15.3,3198,216.0,13.9,3002,25060,15988,61.8,951.0
Station_01,Inv_00,20170622,11:34:00,214.9,14.9,3203,217.0,13.9,3016,25060,15988,61.2,968.0
Station_01,Inv_00,20170622,11:35:00,213.0,15.0,3195,217.0,13.8,2995,25060,15988,58.4,960.0
Station_01,Inv_00,20170622,11:36:00,211.5,15.1,3194,217.0,13.8,2995,25060,15988,59.4,951.0
Station_01,Inv_00,20170622,11:37:00,214.0,14.4,3081,217.0,13.4,2908,25060,15988,60.2,937.0
Station_01,Inv_00,20170622,11:38:00,202.5,14.4,2916,217.0,12.6,2734,25060,15988,61.6,894.0
Station_01,Inv_00,20170622,11:39:00,203.5,14.9,3032,217.0,13.0,2821,25060,15988,59.6,904.0
Station_01,Inv_00,20170622,11:40:00,214.5,13.9,2982,217.0,12.9,2799,25060,15988,60.1,902.0
Station_01,Inv_00,20170622,11:41:00,211.0,14.2,2996,217.0,12.9,2799,25060,15988,59.3,890.0
Station_01,Inv_00,20170622,11:42:00,208.5,14.7,3065,217.0,13.3,2886,25060,15988,59.1,902.0
Station_01,Inv_00,20170622,11:43:00,215.0,13.9,2989,217.0,12.9,2799,25060,15988,60.1,892.0
Station_01,Inv_00,20170622,11:44:00,203.0,14.9,3025,217.0,12.9,2799,25060,15988,58.9,907.0
Station_01,Inv_00,20170622,11:45:00,213.0,14.2,3024,217.0,13.0,2821,25060,15988,57.9,894.0
Station_01,Inv_00,20170622,11:46:00,216.5,13.1,2836,217.0,12.3,2669,25060,15988,58.4,847.0
Station_01,Inv_00,20170622,11:47:00,218.5,12.4,2709,216.0,11.8,2549,25060,15988,58.0,804.0
Station_01,Inv_00,20170622,11:48:00,208.5,13.1,2731,217.0,11.8,2561,25060,15988,55.9,815.0
Station_01,Inv_00,20170622,11:49:00,219.0,13.6,2978,217.0,12.9,2799,25060,15988,57.6,881.0
Station_01,Inv_00,20170622,11:50:00,207.5,13.3,2760,217.0,11.9,2582,25060,15988,59.6,829.0
Station_01,Inv_00,20170622,11:51:00,218.5,12.4,2709,217.0,11.8,2561,25061,15989,58.2,796.0
Station_01,Inv_00,20170622,11:52:00,217.0,13.0,2821,217.0,12.2,2647,25061,15989,59.0,812.0
Station_01,Inv_00,20170622,11:53:00,217.0,12.8,2777,217.0,12.1,2626,25061,15989,60.3,828.0
Station_01,Inv_00,20170622,11:54:00,216.5,12.9,2793,217.0,12.2,2647,25061,15989,59.8,825.0
Station_01,Inv_00,20170622,11:55:00,199.0,12.9,2567,218.0,11.2,2442,25061,15989,58.1,799.0
Station_01,Inv_00,20170622,11:56:00,198.5,13.7,2719,218.0,11.7,2551,25061,15989,58.7,800.0
Station_01,Inv_00,20170622,11:57:00,204.5,12.3,2515,218.0,10.9,2376,25061,15989,58.3,795.0
Station_01,Inv_00,20170622,11:58:00,215.5,13.5,2909,218.0,12.4,2703,25061,15989,56.4,799.0
Station_01,Inv_00,20170622,11:59:00,216.5,14.5,3139,219.0,13.4,2935,25061,15989,58.0,916.0
Station_01,Inv_00,20170622,12:00:00,204.0,14.5,2958,220.0,12.7,2794,25061,15989,58.9,901.0
Station_01,Inv_00,20170622,12:01:00,211.5,12.8,2707,220.0,11.7,2574,25061,15989,59.9,830.0
Station_01,Inv_00,20170622,12:02:00,215.0,13.1,2816,219.0,12.1,2650,25061,15989,60.7,820.0
Station_01,Inv_00,20170622,12:03:00,211.0,11.5,2426,219.0,10.4,2278,25061,15989,60.8,732.0
Station_01,Inv_00,20170622,12:04:00,216.0,11.0,2376,218.0,10.2,2224,25061,15989,58.3,695.0
Station_01,Inv_00,20170622,12:05:00,214.5,11.4,2445,218.0,10.5,2289,25061,15989,59.2,716.0
Station_01,Inv_00,20170622,12:06:00,213.0,12.4,2641,218.0,11.3,2463,25061,15989,59.1,777.0
Station_01,Inv_00,20170622,12:07:00,215.5,11.8,2542,218.0,11.0,2398,25061,15989,57.1,784.0
Station_01,Inv_00,20170622,12:08:00,218.0,11.9,2594,218.0,11.3,2463,25061,15989,56.5,759.0
Station_01,Inv_00,20170622,12:09:00,215.0,13.3,2859,218.0,12.3,2681,25061,15989,57.7,825.0
Station_01,Inv_00,20170622,12:10:00,217.0,13.1,2843,218.0,12.3,2681,25061,15989,57.5,852.0
Station_01,Inv_00,20170622,12:11:00,216.0,13.1,2829,219.0,12.2,2672,25061,15989,56.2,831.0
Station_01,Inv_00,20170622,12:12:00,219.0,12.3,2694,219.0,11.7,2562,25061,15989,56.2,803.0
Station_01,Inv_00,20170622,12:13:00,218.0,12.6,2747,219.0,11.8,2584,25062,15990,57.5,794.0
Station_01,Inv_00,20170622,12:14:00,215.5,14.6,3146,219.0,13.5,2957,25062,15990,56.7,914.0
Station_01,Inv_00,20170622,12:15:00,212.9,14.3,3045,218.0,13.1,2856,25062,15990,57.8,913.0
Station_01,Inv_00,20170622,12:16:00,203.0,14.0,2842,219.0,12.2,2672,25062,15990,56.7,866.0
Station_01,Inv_00,20170622,12:17:00,203.0,15.1,3065,218.0,13.0,2834,25062,15990,57.9,892.0
Station_01,Inv_00,20170622,12:18:00,201.0,15.9,3196,218.0,13.6,2965,25062,15990,59.4,945.0
Station_01,Inv_00,20170622,12:19:00,196.0,16.7,3273,218.0,14.0,3052,25062,15990,59.6,1002.0
Station_01,Inv_00,20170622,12:20:00,208.0,15.9,3307,219.0,14.2,3110,25062,15990,59.3,991.0
Station_01,Inv_00,20170622,12:21:00,210.9,15.9,3354,219.0,14.5,3176,25062,15990,60.7,1013.0
Station_01,Inv_00,20170622,12:22:00,210.0,16.1,3381,218.0,14.4,3139,25062,15990,62.9,1010.0
Station_01,Inv_00,20170622,12:23:00,205.0,16.4,3362,219.0,14.4,3154,25062,15990,62.0,1017.0
Station_01,Inv_00,20170622,12:24:00,212.0,16.0,3392,219.0,14.4,3154,25062,15990,62.1,1024.0
Station_01,Inv_00,20170622,12:25:00,208.5,16.4,3419,218.0,14.6,3183,25062,15990,61.6,1032.0
Station_01,Inv_00,20170622,12:26:00,205.0,16.4,3362,219.0,14.3,3132,25062,15990,60.5,1014.0
Station_01,Inv_00,20170622,12:27:00,209.9,16.4,3442,219.0,14.8,3241,25062,15990,62.1,959.0
Station_01,Inv_00,20170622,12:28:00,208.5,16.6,3461,219.0,14.8,3241,25062,15990,64.1,1041.0
Station_01,Inv_00,20170622,12:29:00,209.5,16.5,3456,219.0,14.8,3241,25062,15990,62.7,1053.0
Station_01,Inv_00,20170622,12:30:00,208.0,16.3,3390,219.0,14.5,3176,25062,15990,63.2,1036.0
Station_01,Inv_00,20170622,12:31:00,204.9,16.4,3360,218.0,14.4,3139,25063,15990,61.9,1031.0
Station_01,Inv_00,20170622,12:32:00,205.5,16.7,3432,219.0,14.8,3241,25063,15990,64.0,1037.0
Station_01,Inv_00,20170622,12:33:00,198.0,17.5,3465,219.0,14.7,3219,25063,15990,64.6,1048.0
Station_01,Inv_00,20170622,12:34:00,196.5,17.6,3458,218.0,14.8,3226,25063,15990,63.4,1061.0
Station_01,Inv_00,20170622,12:35:00,195.0,17.6,3432,218.0,14.7,3205,25063,15990,64.7,1056.0
Station_01,Inv_00,20170622,12:36:00,208.5,16.0,3336,218.0,14.3,3117,25063,15990,64.6,1014.0
Station_01,Inv_00,20170622,12:37:00,209.5,16.0,3352,218.0,14.4,3139,25063,15990,64.0,1023.0
Station_01,Inv_00,20170622,12:38:00,200.0,16.5,3300,218.0,14.0,3052,25063,15990,65.3,994.0
Station_01,Inv_00,20170622,12:39:00,195.5,16.8,3284,218.0,14.0,3052,25063,15990,64.2,1006.0
Station_01,Inv_00,20170622,12:40:00,203.0,16.6,3370,219.0,14.4,3154,25063,15990,65.0,1020.0
Station_01,Inv_00,20170622,12:41:00,208.4,15.6,3251,219.0,14.0,3066,25063,15990,63.8,987.0
Station_01,Inv_00,20170622,12:42:00,212.0,14.3,3032,219.0,13.0,2847,25063,15990,63.1,906.0
Station_01,Inv_00,20170622,12:43:00,204.5,5.7,1166,217.0,5.1,1107,25063,15990,60.3,468.0
Station_01,Inv_00,20170622,12:44:00,207.7,11.9,2471,218.0,10.9,2376,25063,15990,58.8,725.0
Station_01,Inv_00,20170622,12:45:00,216.0,11.9,2570,218.0,11.2,2442,25063,15990,58.9,780.0
Station_01,Inv_00,20170622,12:46:00,219.5,9.3,2041,218.0,9.0,1962,25063,15990,58.5,618.0
Station_01,Inv_00,20170622,12:47:00,220.5,10.6,2337,218.0,10.1,2202,25063,15990,56.9,656.0
Station_01,Inv_00,20170622,12:48:00,214.5,10.4,2231,218.0,9.8,2136,25063,15990,55.7,669.0
Station_01,Inv_00,20170622,12:49:00,222.0,9.6,2131,218.0,9.3,2027,25063,15990,54.3,623.0
Station_01,Inv_00,20170622,12:50:00,222.0,11.7,2597,218.0,11.2,2442,25063,15990,52.9,745.0
Station_01,Inv_00,20170622,12:51:00,223.0,10.6,2363,218.0,10.2,2224,25063,15990,54.6,681.0
Station_01,Inv_00,20170622,12:52:00,221.5,10.4,2303,218.0,9.9,2158,25064,15991,53.8,666.0
Station_01,Inv_00,20170622,12:53:00,223.0,9.6,2141,218.0,9.4,2049,25064,15991,53.1,625.0
Station_01,Inv_00,20170622,12:54:00,226.5,9.2,2084,218.0,9.2,2006,25064,15991,53.5,603.0
Station_01,Inv_00,20170622,12:55:00,225.0,8.6,1935,218.0,8.4,1831,25064,15991,51.9,559.0
Station_01,Inv_00,20170622,12:56:00,226.0,8.6,1943,217.0,8.5,1845,25064,15991,51.5,557.0
Station_01,Inv_00,20170622,12:57:00,226.5,8.3,1880,217.0,8.2,1779,25064,15991,51.7,546.0
Station_01,Inv_00,20170622,12:58:00,219.0,9.0,1971,218.0,8.4,1831,25064,15991,50.3,550.0
Station_01,Inv_00,20170622,12:59:00,227.5,8.4,1911,218.0,8.3,1809,25064,15991,50.3,555.0
Station_01,Inv_00,20170622,13:00:00,231.5,7.7,1782,217.0,7.7,1671,25064,15991,50.0,510.0
Station_01,Inv_00,20170622,13:01:00,226.5,8.1,1835,217.0,7.9,1714,25064,15991,48.7,511.0
Station_01,Inv_00,20170622,13:02:00,232.5,8.2,1906,216.0,8.4,1814,25064,15991,49.0,533.0
Station_01,Inv_00,20170622,13:03:00,231.0,8.0,1848,216.0,8.2,1771,25064,15991,47.5,527.0
Station_01,Inv_00,20170622,13:04:00,223.5,8.7,1944,217.0,8.4,1823,25064,15991,48.6,544.0
Station_01,Inv_00,20170622,13:05:00,229.0,9.1,2084,218.0,9.1,1984,25064,15991,48.2,586.0
Station_01,Inv_00,20170622,13:06:00,227.5,9.6,2184,217.0,9.5,2062,25064,15991,49.1,606.0
Station_01,Inv_00,20170622,13:07:00,224.5,10.7,2402,217.0,10.3,2235,25064,15991,49.2,642.0
Station_01,Inv_00,20170622,13:08:00,227.5,8.3,1888,217.0,8.2,1779,25064,15991,49.8,571.0
Station_01,Inv_00,20170622,13:09:00,228.0,6.2,1413,217.0,6.2,1345,25064,15991,48.1,433.0
Station_01,Inv_00,20170622,13:10:00,224.0,7.0,1568,217.0,6.9,1497,25064,15991,47.6,442.0
Station_01,Inv_00,20170622,13:11:00,231.5,6.6,1528,217.0,6.6,1432,25064,15991,47.3,428.0
Station_01,Inv_00,20170622,13:12:00,229.5,7.1,1629,217.0,7.1,1541,25064,15991,47.0,449.0
Station_01,Inv_00,20170622,13:13:00,227.0,7.4,1680,217.0,7.2,1562,25064,15991,47.6,473.0
Station_01,Inv_00,20170622,13:14:00,229.5,8.7,1997,217.0,8.7,1888,25064,15991,47.4,554.0
Station_01,Inv_00,20170622,13:15:00,226.5,9.1,2061,217.0,9.0,1953,25064,15991,47.5,577.0
Station_01,Inv_00,20170622,13:16:00,229.0,10.2,2336,217.0,10.2,2213,25064,15991,48.9,652.0
Station_01,Inv_00,20170622,13:17:00,230.5,10.7,2466,217.0,10.8,2344,25064,15991,48.8,678.0
Station_01,Inv_00,20170622,13:18:00,232.0,10.9,2529,217.0,11.0,2387,25064,15991,50.7,698.0
Station_01,Inv_00,20170622,13:19:00,227.5,10.1,2298,217.0,10.0,2170,25064,15991,49.9,654.0
Station_01,Inv_00,20170622,13:20:00,229.5,10.5,2410,217.0,10.5,2279,25064,15991,50.2,664.0
Station_01,Inv_00,20170622,13:21:00,226.0,10.1,2283,217.0,10.0,2170,25064,15991,51.0,652.0
Station_01,Inv_00,20170622,13:22:00,229.0,9.5,2176,217.0,9.5,2062,25065,15991,49.9,623.0
Station_01,Inv_00,20170622,13:23:00,227.4,9.6,2184,217.0,9.6,2083,25065,15991,50.3,610.0
Station_01,Inv_00,20170622,13:24:00,227.0,10.2,2315,218.0,10.1,2202,25065,15991,52.0,645.0
Station_01,Inv_00,20170622,13:25:00,228.9,9.8,2244,218.0,9.8,2136,25065,15991,51.0,632.0
Station_01,Inv_00,20170622,13:26:00,227.5,9.8,2229,218.0,9.7,2115,25065,15991,50.4,626.0
Station_01,Inv_00,20170622,13:27:00,228.4,9.8,2239,217.0,9.8,2127,25065,15991,51.9,630.0
Station_01,Inv_00,20170622,13:28:00,230.4,10.0,2304,217.0,9.9,2148,25065,15991,51.8,636.0
Station_01,Inv_00,20170622,13:29:00,227.0,10.4,2360,217.0,10.3,2235,25065,15991,52.2,656.0
Station_01,Inv_00,20170622,13:30:00,227.5,10.1,2298,217.0,10.1,2192,25065,15991,51.6,653.0
Station_01,Inv_00,20170622,13:31:00,219.5,10.5,2305,217.0,10.1,2192,25065,15991,52.6,649.0
Station_01,Inv_00,20170622,13:32:00,227.5,10.1,2298,217.0,10.1,2192,25065,15991,51.6,646.0
Station_01,Inv_00,20170622,13:33:00,226.0,9.9,2237,217.0,9.8,2127,25065,15991,50.6,636.0
Station_01,Inv_00,20170622,13:34:00,228.0,9.3,2120,217.0,9.3,2018,25065,15991,50.8,606.0
Station_01,Inv_00,20170622,13:35:00,228.5,8.6,1965,217.0,8.6,1866,25065,15991,51.2,558.0
Station_01,Inv_00,20170622,13:36:00,226.5,8.6,1948,217.0,8.6,1866,25065,15991,51.4,550.0
Station_01,Inv_00,20170622,13:37:00,228.0,8.3,1892,217.0,8.2,1779,25065,15991,50.2,531.0
Station_01,Inv_00,20170622,13:38:00,228.4,8.2,1873,217.0,8.2,1779,25065,15991,50.4,530.0
Station_01,Inv_00,20170622,13:39:00,229.0,7.5,1718,217.0,7.6,1649,25065,15991,49.9,495.0
Station_01,Inv_00,20170622,13:40:00,227.0,7.5,1703,217.0,7.4,1606,25065,15991,49.1,472.0
Station_01,Inv_00,20170622,13:41:00,223.0,7.8,1739,217.0,7.6,1649,25065,15991,49.4,489.0
Station_01,Inv_00,20170622,13:42:00,230.0,7.4,1702,217.0,7.5,1628,25065,15991,49.4,481.0
Station_01,Inv_00,20170622,13:43:00,230.9,7.0,1617,217.0,7.0,1519,25065,15991,48.8,449.0
Station_01,Inv_00,20170622,13:44:00,232.5,7.5,1744,217.0,7.5,1628,25065,15991,47.9,464.0
Station_01,Inv_00,20170622,13:45:00,231.5,6.2,1435,216.0,6.2,1339,25065,15991,47.2,414.0
Station_01,Inv_00,20170622,13:46:00,228.5,6.1,1394,217.0,6.0,1302,25065,15991,46.5,389.0
Station_01,Inv_00,20170622,13:47:00,233.0,5.9,1375,217.0,5.9,1280,25065,15991,46.6,378.0
Station_01,Inv_00,20170622,13:48:00,229.5,6.0,1377,217.0,5.9,1280,25065,15991,45.5,381.0
Station_01,Inv_00,20170622,13:49:00,228.9,5.8,1328,217.0,5.8,1259,25065,15991,45.9,380.0
Station_01,Inv_00,20170622,13:50:00,234.0,5.8,1357,217.0,5.9,1280,25065,15991,45.2,379.0
Station_01,Inv_00,20170622,13:51:00,233.0,5.8,1351,217.0,5.7,1237,25065,15991,44.6,374.0
Station_01,Inv_00,20170622,13:52:00,237.0,5.5,1303,217.0,5.7,1237,25065,15991,44.4,365.0
Station_01,Inv_00,20170622,13:53:00,235.4,5.6,1319,217.0,5.7,1237,25065,15991,44.2,368.0
Station_01,Inv_00,20170622,13:54:00,235.0,5.6,1316,218.0,5.7,1243,25065,15991,45.2,368.0
Station_01,Inv_00,20170622,13:55:00,222.5,6.1,1357,217.0,5.7,1237,25066,15992,43.9,377.0
Station_01,Inv_00,20170622,13:56:00,230.9,5.8,1339,218.0,5.6,1221,25066,15992,44.2,367.0
Station_01,Inv_00,20170622,13:57:00,234.5,5.5,1290,217.0,5.6,1215,25066,15992,44.1,361.0
Station_01,Inv_00,20170622,13:58:00,224.5,5.6,1257,218.0,5.5,1199,25066,15992,43.3,362.0
Station_01,Inv_00,20170622,13:59:00,236.3,5.4,1276,217.0,5.6,1215,25066,15992,43.2,361.0
Station_01,Inv_00,20170622,14:00:00,231.0,5.5,1271,218.0,5.5,1199,25066,15992,43.6,355.0
Station_01,Inv_00,20170622,14:01:00,239.0,5.5,1314,217.0,5.6,1215,25066,15992,43.7,353.0
Station_01,Inv_00,20170622,14:02:00,232.0,5.4,1253,217.0,5.5,1194,25066,15992,43.3,353.0
Station_01,Inv_00,20170622,14:03:00,236.0,5.5,1298,217.0,5.5,1194,25066,15992,43.2,352.0
Station_01,Inv_00,20170622,14:04:00,229.0,5.4,1237,217.0,5.4,1172,25066,15992,42.9,350.0
Station_01,Inv_00,20170622,14:05:00,236.5,5.4,1277,217.0,5.5,1194,25066,15992,42.8,348.0
Station_01,Inv_00,20170622,14:06:00,235.9,5.5,1298,217.0,5.5,1194,25066,15992,43.0,360.0
Station_01,Inv_00,20170622,14:07:00,237.9,5.2,1237,217.0,5.4,1172,25066,15992,42.6,353.0
Station_01,Inv_00,20170622,14:08:00,236.0,5.5,1298,217.0,5.5,1194,25066,15992,42.9,352.0
Station_01,Inv_00,20170622,14:09:00,236.0,5.5,1298,216.0,5.6,1210,25066,15992,42.2,354.0
Station_01,Inv_00,20170622,14:10:00,235.4,5.4,1271,217.0,5.6,1215,25066,15992,42.6,352.0
Station_01,Inv_00,20170622,14:11:00,237.9,5.6,1332,217.0,5.6,1215,25066,15992,42.8,358.0
Station_01,Inv_00,20170622,14:12:00,233.5,5.7,1331,217.0,5.7,1237,25066,15992,43.0,364.0
Station_01,Inv_00,20170622,14:13:00,236.9,5.8,1374,217.0,5.9,1280,25066,15992,43.8,368.0
Station_01,Inv_00,20170622,14:14:00,235.0,5.9,1386,217.0,5.9,1280,25066,15992,43.6,374.0
Station_01,Inv_00,20170622,14:15:00,235.5,5.7,1342,217.0,5.9,1280,25066,15992,43.6,374.0
Station_01,Inv_00,20170622,14:16:00,228.3,6.0,1370,217.0,5.9,1280,25066,15992,43.2,378.0
Station_01,Inv_00,20170622,14:17:00,229.5,5.9,1354,217.0,5.9,1280,25066,15992,43.0,377.0
Station_01,Inv_00,20170622,14:18:00,232.5,6.1,1418,217.0,6.1,1324,25066,15992,43.3,384.0
Station_01,Inv_00,20170622,14:19:00,237.9,6.1,1451,217.0,6.2,1345,25066,15992,43.8,390.0
Station_01,Inv_00,20170622,14:20:00,237.0,6.0,1422,217.0,6.1,1324,25066,15992,43.9,385.0
Station_01,Inv_00,20170622,14:21:00,223.5,6.0,1341,217.0,5.8,1259,25066,15992,44.0,381.0
Station_01,Inv_00,20170622,14:22:00,240.5,5.9,1419,217.0,6.1,1324,25066,15992,44.2,381.0
Station_01,Inv_00,20170622,14:23:00,229.5,5.9,1354,217.0,6.0,1302,25066,15992,44.1,380.0
Station_01,Inv_00,20170622,14:24:00,243.5,5.7,1388,217.0,5.9,1280,25066,15992,42.8,378.0
Station_01,Inv_00,20170622,14:25:00,235.2,5.9,1388,217.0,5.9,1280,25066,15992,42.1,379.0
Station_01,Inv_00,20170622,14:26:00,238.5,5.9,1407,217.0,6.0,1302,25066,15992,43.6,384.0
Station_01,Inv_00,20170622,14:27:00,237.0,5.9,1398,217.0,6.0,1302,25066,15992,43.6,388.0
Station_01,Inv_00,20170622,14:28:00,232.5,6.0,1395,218.0,5.9,1286,25066,15992,44.0,378.0
Station_01,Inv_00,20170622,14:29:00,230.5,5.7,1314,218.0,5.7,1243,25066,15992,43.6,373.0
Station_01,Inv_00,20170622,14:30:00,233.4,5.7,1330,218.0,5.6,1221,25066,15992,43.8,381.0
Station_01,Inv_00,20170622,14:31:00,238.0,5.4,1285,217.0,5.4,1172,25066,15992,44.5,358.0
Station_01,Inv_00,20170622,14:32:00,234.5,5.3,1243,217.0,5.4,1172,25066,15992,43.9,353.0
Station_01,Inv_00,20170622,14:33:00,238.0,5.1,1214,217.0,5.2,1128,25066,15992,43.4,351.0
Station_01,Inv_00,20170622,14:34:00,236.6,5.0,1183,217.0,5.1,1107,25066,15992,44.2,343.0
Station_01,Inv_00,20170622,14:35:00,228.3,5.0,1142,217.0,5.0,1085,25066,15992,43.5,341.0
Station_01,Inv_00,20170622,14:36:00,239.9,4.9,1175,217.0,5.1,1107,25066,15992,43.4,339.0
Station_01,Inv_00,20170622,14:37:00,239.9,4.9,1175,217.0,5.1,1107,25066,15992,43.2,341.0
Station_01,Inv_00,20170622,14:38:00,244.4,4.9,1198,217.0,5.1,1107,25066,15992,43.7,347.0
Station_01,Inv_00,20170622,14:39:00,244.5,4.7,1149,217.0,4.8,1042,25066,15992,43.8,343.0
Station_01,Inv_00,20170622,14:40:00,241.3,4.8,1158,217.0,4.9,1063,25066,15992,43.1,326.0
Station_01,Inv_00,20170622,14:41:00,242.6,4.5,1092,217.0,4.7,1020,25067,15993,42.9,311.0
Station_01,Inv_00,20170622,14:42:00,241.4,4.6,1110,217.0,4.6,998,25067,15993,41.8,308.0
Station_01,Inv_00,20170622,14:43:00,243.5,4.5,1096,217.0,4.6,998,25067,15993,41.7,304.0
Station_01,Inv_00,20170622,14:44:00,239.0,4.5,1076,217.0,4.6,998,25067,15993,42.0,301.0
Station_01,Inv_00,20170622,14:45:00,227.0,4.6,1044,217.0,4.4,955,25067,15993,41.5,298.0
Station_01,Inv_00,20170622,14:46:00,234.5,4.4,1032,217.0,4.5,977,25067,15993,42.1,298.0
Station_01,Inv_00,20170622,14:47:00,239.9,4.4,1056,217.0,4.4,955,25067,15993,41.7,292.0
Station_01,Inv_00,20170622,14:48:00,235.5,4.4,1036,217.0,4.3,933,25067,15993,41.6,288.0
Station_01,Inv_00,20170622,14:49:00,238.5,4.4,1049,217.0,4.4,955,25067,15993,41.4,287.0
Station_01,Inv_00,20170622,14:50:00,239.0,4.3,1028,217.0,4.3,933,25067,15993,40.9,283.0
Station_01,Inv_00,20170622,14:51:00,239.0,4.3,1028,217.0,4.3,933,25067,15993,41.0,283.0
Station_01,Inv_00,20170622,14:52:00,234.0,4.2,983,218.0,4.2,916,25067,15993,40.9,280.0
Station_01,Inv_00,20170622,14:53:00,235.5,4.2,989,217.0,4.2,911,25067,15993,41.1,276.0
Station_01,Inv_00,20170622,14:54:00,238.9,4.2,1003,217.0,4.2,911,25067,15993,41.0,278.0
Station_01,Inv_00,20170622,14:55:00,230.0,4.3,989,218.0,4.1,894,25067,15993,40.7,275.0
Station_01,Inv_00,20170622,14:56:00,239.0,4.0,956,218.0,4.1,894,25067,15993,40.4,275.0
Station_01,Inv_00,20170622,14:57:00,236.5,4.2,993,217.0,4.1,890,25067,15993,40.0,274.0
Station_01,Inv_00,20170622,14:58:00,237.8,4.0,951,218.0,4.1,894,25067,15993,40.1,274.0
Station_01,Inv_00,20170622,14:59:00,234.0,4.2,983,218.0,4.1,894,25067,15993,39.7,274.0
Station_01,Inv_00,20170622,15:00:00,237.0,4.2,995,218.0,4.1,894,25067,15993,39.8,273.0
Station_01,Inv_00,20170622,15:01:00,235.0,4.2,987,219.0,4.1,898,25067,15993,40.0,272.0
Station_01,Inv_00,20170622,15:02:00,239.5,4.1,982,219.0,4.1,898,25067,15993,39.7,270.0
Station_01,Inv_00,20170622,15:03:00,239.5,3.9,934,219.0,4.1,898,25067,15993,40.0,268.0
Station_01,Inv_00,20170622,15:04:00,244.5,3.9,954,219.0,4.1,898,25067,15993,39.7,268.0
Station_01,Inv_00,20170622,15:05:00,238.5,4.0,954,219.0,4.1,898,25067,15993,39.8,266.0
Station_01,Inv_00,20170622,15:06:00,246.0,3.9,959,219.0,4.0,876,25067,15993,39.6,268.0
Station_01,Inv_00,20170622,15:07:00,239.5,4.0,958,219.0,4.0,876,25067,15993,40.1,264.0
Station_01,Inv_00,20170622,15:08:00,240.0,4.0,960,218.0,4.0,872,25067,15993,40.2,266.0
Station_01,Inv_00,20170622,15:09:00,238.0,4.1,976,218.0,4.1,894,25067,15993,39.6,267.0
Station_01,Inv_00,20170622,15:10:00,239.5,3.9,934,218.0,4.1,894,25067,15993,39.6,268.0
Station_01,Inv_00,20170622,15:11:00,237.0,4.1,972,218.0,4.1,894,25067,15993,39.5,268.0
Station_01,Inv_00,20170622,15:12:00,240.5,3.9,938,218.0,4.1,894,25067,15993,39.3,266.0
Station_01,Inv_00,20170622,15:13:00,238.5,4.0,954,218.0,4.1,894,25067,15993,39.5,267.0
Station_01,Inv_00,20170622,15:14:00,239.0,4.0,956,218.0,4.1,894,25067,15993,39.4,272.0
Station_01,Inv_00,20170622,15:15:00,238.0,4.0,952,218.0,4.1,894,25067,15993,39.6,271.0
Station_01,Inv_00,20170622,15:16:00,240.5,4.1,986,218.0,4.1,894,25067,15993,39.2,275.0
Station_01,Inv_00,20170622,15:17:00,240.5,4.0,962,218.0,4.1,894,25067,15993,39.7,272.0
Station_01,Inv_00,20170622,15:18:00,234.0,4.3,1006,218.0,4.2,916,25067,15993,39.5,276.0
Station_01,Inv_00,20170622,15:19:00,234.5,4.1,961,218.0,4.2,916,25067,15993,39.8,276.0
Station_01,Inv_00,20170622,15:20:00,234.5,4.3,1008,218.0,4.2,916,25067,15993,39.4,276.0
Station_01,Inv_00,20170622,15:21:00,238.0,4.3,1023,218.0,4.3,937,25067,15993,39.7,282.0
Station_01,Inv_00,20170622,15:22:00,241.0,4.4,1060,218.0,4.4,959,25067,15993,40.1,286.0
Station_01,Inv_00,20170622,15:23:00,238.0,4.5,1071,218.0,4.6,1003,25067,15993,40.3,298.0
Station_01,Inv_00,20170622,15:24:00,237.0,4.7,1114,218.0,4.7,1025,25067,15993,39.8,304.0
Station_01,Inv_00,20170622,15:25:00,236.5,4.5,1064,218.0,4.6,1003,25067,15993,40.1,299.0
Station_01,Inv_00,20170622,15:26:00,235.5,4.9,1154,218.0,4.9,1068,25067,15993,40.6,310.0
Station_01,Inv_00,20170622,15:27:00,238.0,5.0,1190,218.0,5.1,1112,25067,15993,40.2,324.0
Station_01,Inv_00,20170622,15:28:00,239.5,7.3,1748,218.0,7.4,1613,25067,15993,40.7,419.0
Station_01,Inv_00,20170622,15:29:00,242.0,8.8,2130,219.0,9.3,2037,25067,15993,42.6,572.0
Station_01,Inv_00,20170622,15:30:00,236.5,9.1,2152,219.0,9.3,2037,25067,15993,44.4,577.0
Station_01,Inv_00,20170622,15:31:00,233.5,10.1,2358,219.0,10.3,2256,25067,15993,46.5,630.0
Station_01,Inv_00,20170622,15:32:00,233.5,9.9,2312,219.0,9.9,2168,25067,15993,47.5,624.0
Station_01,Inv_00,20170622,15:33:00,232.5,8.3,1930,218.0,8.6,1875,25067,15993,46.7,597.0
Station_01,Inv_00,20170622,15:34:00,235.4,9.7,2283,219.0,9.8,2146,25068,15993,46.7,575.0
Station_01,Inv_00,20170622,15:35:00,233.5,10.1,2358,219.0,10.1,2212,25068,15993,47.1,650.0
Station_01,Inv_00,20170622,15:36:00,230.5,9.8,2259,219.0,9.6,2102,25068,15993,48.2,616.0
Station_01,Inv_00,20170622,15:37:00,230.9,9.8,2263,218.0,9.8,2136,25068,15993,47.9,626.0
Station_01,Inv_00,20170622,15:38:00,231.0,10.7,2472,219.0,10.6,2321,25068,15993,48.6,671.0
Station_01,Inv_00,20170622,15:39:00,231.0,10.7,2472,219.0,10.6,2321,25068,15993,49.8,662.0
Station_01,Inv_00,20170622,15:40:00,228.0,10.7,2440,218.0,10.5,2289,25068,15993,50.6,664.0
Station_01,Inv_00,20170622,15:41:00,220.4,10.8,2381,218.0,10.3,2245,25068,15993,50.1,660.0
Station_01,Inv_00,20170622,15:42:00,231.5,10.4,2408,219.0,10.3,2256,25068,15993,51.8,660.0
Station_01,Inv_00,20170622,15:43:00,225.5,10.5,2368,219.0,10.3,2256,25068,15993,52.6,659.0
Station_01,Inv_00,20170622,15:44:00,227.5,10.1,2298,219.0,9.9,2168,25068,15993,52.5,639.0
Station_01,Inv_00,20170622,15:45:00,231.5,9.9,2292,219.0,9.9,2168,25068,15993,53.0,636.0
Station_01,Inv_00,20170622,15:46:00,226.5,10.2,2310,219.0,9.9,2168,25068,15993,52.5,640.0
Station_01,Inv_00,20170622,15:47:00,216.0,10.5,2268,219.0,9.8,2146,25068,15993,53.3,635.0
Station_01,Inv_00,20170622,15:48:00,215.5,10.5,2263,219.0,9.8,2146,25068,15993,54.4,645.0
Station_01,Inv_00,20170622,15:49:00,215.5,10.3,2220,219.0,9.6,2102,25068,15993,53.8,643.0
Station_01,Inv_00,20170622,15:50:00,215.5,10.1,2176,219.0,9.3,2037,25068,15993,53.7,618.0
Station_01,Inv_00,20170622,15:51:00,217.0,9.9,2148,219.0,9.3,2037,25068,15993,53.4,601.0
Station_01,Inv_00,20170622,15:52:00,215.0,9.5,2042,218.0,8.8,1918,25068,15993,54.4,588.0
Station_01,Inv_00,20170622,15:53:00,214.4,8.8,1887,219.0,8.2,1796,25068,15993,52.7,550.0
Station_01,Inv_00,20170622,15:54:00,221.5,8.9,1971,219.0,8.4,1840,25068,15993,52.1,531.0
Station_01,Inv_00,20170622,15:55:00,228.0,9.6,2188,219.0,9.3,2037,25068,15993,51.5,599.0
Station_01,Inv_00,20170622,15:56:00,219.5,10.7,2349,219.0,10.1,2212,25068,15993,51.8,646.0
Station_01,Inv_00,20170622,15:57:00,220.4,11.0,2425,219.0,10.4,2278,25068,15993,52.2,674.0
Station_01,Inv_00,20170622,15:58:00,229.0,10.2,2336,219.0,10.2,2234,25068,15993,53.2,660.0
Station_01,Inv_00,20170622,15:59:00,225.0,10.3,2317,219.0,9.9,2168,25068,15993,52.8,650.0
Station_01,Inv_00,20170622,16:00:00,220.5,10.3,2271,219.0,9.8,2146,25069,15994,52.6,626.0
Station_01,Inv_00,20170622,16:01:00,217.0,10.5,2278,219.0,9.8,2146,25069,15994,52.2,635.0
Station_01,Inv_00,20170622,16:02:00,217.0,10.6,2300,220.0,9.8,2156,25069,15994,53.3,646.0
Station_01,Inv_00,20170622,16:03:00,223.0,10.2,2274,220.0,9.8,2156,25069,15994,54.4,645.0
Station_01,Inv_00,20170622,16:04:00,225.5,6.9,1556,217.0,6.7,1454,25069,15994,54.3,493.0
Station_01,Inv_00,20170622,16:05:00,225.9,5.8,1310,217.0,5.7,1237,25069,15994,51.7,381.0
Station_01,Inv_00,20170622,16:06:00,225.0,5.8,1305,217.0,5.6,1215,25069,15994,50.7,364.0
Station_01,Inv_00,20170622,16:07:00,222.5,6.0,1335,217.0,5.8,1259,25069,15994,50.4,372.0
Station_01,Inv_00,20170622,16:08:00,220.0,7.3,1606,217.0,6.7,1454,25069,15994,50.7,407.0
Station_01,Inv_00,20170622,16:09:00,221.5,9.2,2038,217.0,8.8,1910,25069,15994,51.5,569.0
Station_01,Inv_00,20170622,16:10:00,229.0,9.4,2152,217.0,9.3,2018,25069,15994,51.4,602.0
Station_01,Inv_00,20170622,16:11:00,222.0,7.3,1621,217.0,7.0,1519,25069,15994,53.0,492.0
Station_01,Inv_00,20170622,16:12:00,215.5,6.0,1293,216.0,5.6,1210,25069,15994,50.8,396.0
Station_01,Inv_00,20170622,16:13:00,226.0,5.6,1266,216.0,5.5,1188,25069,15994,50.9,352.0
Station_01,Inv_00,20170622,16:14:00,229.0,5.7,1305,216.0,5.5,1188,25069,15994,49.6,354.0
Station_01,Inv_00,20170622,16:15:00,230.5,5.5,1268,216.0,5.6,1210,25069,15994,47.6,356.0
Station_01,Inv_00,20170622,16:16:00,231.0,5.4,1247,216.0,5.5,1188,25069,15994,47.8,347.0
Station_01,Inv_00,20170622,16:17:00,231.4,5.2,1204,216.0,5.2,1123,25069,15994,48.0,336.0
Station_01,Inv_00,20170622,16:18:00,231.4,5.2,1204,216.0,5.2,1123,25069,15994,47.6,334.0
Station_01,Inv_00,20170622,16:19:00,227.5,5.3,1206,216.0,5.2,1123,25069,15994,47.1,333.0
Station_01,Inv_00,20170622,16:20:00,234.6,5.3,1243,216.0,5.2,1123,25069,15994,47.5,338.0
Station_01,Inv_00,20170622,16:21:00,231.0,5.0,1155,216.0,5.0,1080,25069,15994,46.7,335.0
Station_01,Inv_00,20170622,16:22:00,218.9,5.1,1117,216.0,4.7,1015,25069,15994,47.2,324.0
Station_01,Inv_00,20170622,16:23:00,223.6,4.6,1029,216.0,4.5,972,25069,15994,46.0,304.0
Station_01,Inv_00,20170622,16:24:00,225.4,4.5,1014,216.0,4.4,950,25069,15994,45.9,296.0
Station_01,Inv_00,20170622,16:25:00,225.8,4.3,971,216.0,4.3,929,25069,15994,44.5,289.0
Station_01,Inv_00,20170622,16:26:00,227.3,4.3,978,216.0,4.2,907,25069,15994,43.9,287.0
Station_01,Inv_00,20170622,16:27:00,225.7,4.4,993,216.0,4.3,929,25069,15994,44.0,290.0
Station_01,Inv_00,20170622,16:28:00,229.3,4.5,1032,216.0,4.5,972,25069,15994,43.4,296.0
Station_01,Inv_00,20170622,16:29:00,228.6,4.6,1051,216.0,4.6,994,25069,15994,43.6,309.0
Station_01,Inv_00,20170622,16:30:00,226.8,4.5,1021,216.0,4.4,950,25069,15994,43.4,298.0
Station_01,Inv_00,20170622,16:31:00,228.8,4.3,984,217.0,4.2,911,25069,15994,43.4,287.0
Station_01,Inv_00,20170622,16:32:00,228.5,4.2,960,216.0,4.1,886,25069,15994,42.6,278.0
Station_01,Inv_00,20170622,16:33:00,228.8,3.9,892,216.0,3.9,842,25069,15994,42.5,261.0
Station_01,Inv_00,20170622,16:34:00,227.0,3.6,817,217.0,3.7,803,25069,15994,42.5,246.0
Station_01,Inv_00,20170622,16:35:00,228.4,3.6,822,217.0,3.6,781,25069,15994,42.3,241.0
Station_01,Inv_00,20170622,16:36:00,228.8,3.7,847,217.0,3.7,803,25069,15994,42.2,243.0
Station_01,Inv_00,20170622,16:37:00,230.8,3.7,854,216.0,3.8,821,25069,15994,42.0,248.0
Station_01,Inv_00,20170622,16:38:00,226.3,3.7,837,215.0,3.8,817,25069,15994,41.5,254.0
Station_01,Inv_00,20170622,16:39:00,227.3,3.9,886,215.0,3.9,839,25069,15994,41.7,256.0
Station_01,Inv_00,20170622,16:40:00,228.3,4.1,936,216.0,4.1,886,25069,15994,41.9,302.0
Station_01,Inv_00,20170622,16:41:00,231.5,3.5,810,216.0,3.6,778,25069,15994,40.9,245.0
Station_01,Inv_00,20170622,16:42:00,232.9,3.5,815,215.0,3.6,774,25069,15994,41.0,236.0
Station_01,Inv_00,20170622,16:43:00,232.0,3.5,812,215.0,3.7,796,25069,15994,41.1,251.0
Station_01,Inv_00,20170622,16:44:00,227.3,4.2,955,216.0,4.2,907,25069,15994,40.8,264.0
Station_01,Inv_00,20170622,16:45:00,236.9,3.7,876,216.0,3.9,842,25069,15994,40.8,267.0
Station_01,Inv_00,20170622,16:46:00,234.7,5.6,1314,216.0,5.5,1188,25069,15994,41.4,343.0
Station_01,Inv_00,20170622,16:47:00,231.4,5.5,1273,216.0,5.4,1166,25069,15994,42.1,365.0
Station_01,Inv_00,20170622,16:48:00,230.4,5.3,1221,216.0,5.2,1123,25069,15994,42.4,355.0
Station_01,Inv_00,20170622,16:49:00,227.3,5.1,1159,216.0,5.0,1080,25070,15995,42.4,346.0
Station_01,Inv_00,20170622,16:50:00,230.1,4.8,1104,216.0,4.8,1037,25070,15995,42.3,335.0
Station_01,Inv_00,20170622,16:51:00,230.3,4.7,1082,216.0,4.7,1015,25070,15995,41.8,324.0
Station_01,Inv_00,20170622,16:52:00,233.3,3.9,910,216.0,3.8,821,25070,15995,41.7,288.0
Station_01,Inv_00,20170622,16:53:00,227.3,3.9,887,217.0,3.9,846,25070,15995,42.1,295.0
Station_01,Inv_00,20170622,16:54:00,229.3,4.9,1124,218.0,4.8,1046,25070,15995,42.0,328.0
Station_01,Inv_00,20170622,16:55:00,230.4,2.9,668,217.0,3.0,651,25070,15995,41.7,209.0
Station_01,Inv_00,20170622,16:56:00,232.0,4.8,1114,217.0,4.7,1020,25070,15995,41.3,323.0
Station_01,Inv_00,20170622,16:57:00,226.8,4.7,1066,217.0,4.6,998,25070,15995,41.7,320.0
Station_01,Inv_00,20170622,16:58:00,226.6,4.6,1042,217.0,4.6,998,25070,15995,41.8,314.0
Station_01,Inv_00,20170622,16:59:00,228.5,4.6,1051,218.0,4.5,981,25070,15995,42.0,311.0
Station_01,Inv_00,20170622,17:00:00,229.8,4.3,988,217.0,4.2,911,25070,15995,41.5,302.0
Station_01,Inv_00,20170622,17:01:00,233.5,4.1,957,218.0,4.1,894,25070,15995,40.8,293.0
Station_01,Inv_00,20170622,17:02:00,231.9,4.1,951,217.0,4.1,890,25070,15995,40.4,282.0
Station_01,Inv_00,20170622,17:03:00,227.5,3.9,887,217.0,3.9,846,25070,15995,40.5,277.0
Station_01,Inv_00,20170622,17:04:00,233.4,3.7,864,217.0,3.8,825,25070,15995,39.7,264.0
Station_01,Inv_00,20170622,17:05:00,233.4,3.7,864,217.0,3.8,825,25070,15995,40.2,256.0
Station_01,Inv_00,20170622,17:06:00,234.5,3.5,821,217.0,3.7,803,25070,15995,39.8,253.0
Station_01,Inv_00,20170622,17:07:00,229.8,3.5,804,218.0,3.6,785,25070,15995,39.6,250.0
Station_01,Inv_00,20170622,17:08:00,238.0,3.5,833,218.0,3.6,785,25070,15995,39.5,250.0
Station_01,Inv_00,20170622,17:09:00,227.5,3.5,796,218.0,3.6,785,25070,15995,39.1,250.0
Station_01,Inv_00,20170622,17:10:00,233.3,3.3,770,217.0,3.5,760,25070,15995,39.4,232.0
Station_01,Inv_00,20170622,17:11:00,231.4,3.1,717,217.0,3.2,694,25070,15995,39.1,176.0
Station_01,Inv_00,20170622,17:12:00,232.4,3.1,720,217.0,3.1,673,25070,15995,38.9,139.0
Station_01,Inv_00,20170622,17:13:00,228.7,2.9,663,217.0,2.9,629,25070,15995,38.5,133.0
Station_01,Inv_00,20170622,17:14:00,227.6,2.8,637,217.0,2.8,608,25070,15995,38.4,139.0
Station_01,Inv_00,20170622,17:15:00,229.6,2.7,620,217.0,2.7,586,25070,15995,37.8,123.0
Station_01,Inv_00,20170622,17:16:00,219.5,2.8,615,216.0,2.6,562,25070,15995,37.5,124.0
Station_01,Inv_00,20170622,17:17:00,229.5,2.6,597,216.0,2.6,562,25070,15995,37.1,121.0
Station_01,Inv_00,20170622,17:18:00,228.0,2.6,593,216.0,2.6,562,25070,15995,36.6,123.0
Station_01,Inv_00,20170622,17:19:00,221.9,2.7,599,216.0,2.6,562,25070,15995,36.3,121.0
Station_01,Inv_00,20170622,17:20:00,219.0,2.1,460,216.0,2.1,454,25070,15995,36.0,119.0
Station_01,Inv_00,20170622,17:21:00,211.5,2.2,465,217.0,2.1,456,25070,15995,35.8,116.0
Station_01,Inv_00,20170622,17:22:00,212.3,2.4,510,216.0,2.2,475,25070,15995,35.3,113.0
Station_01,Inv_00,20170622,17:23:00,213.6,2.3,491,216.0,2.1,454,25070,15995,35.2,112.0
Station_01,Inv_00,20170622,17:24:00,210.0,2.2,462,217.0,2.0,434,25070,15995,35.1,111.0
Station_01,Inv_00,20170622,17:25:00,207.5,2.2,457,218.0,2.0,436,25070,15995,35.0,109.0
Station_01,Inv_00,20170622,17:26:00,180.1,1.5,270,218.0,1.3,283,25070,15995,34.9,111.0
Station_01,Inv_00,20170622,17:27:00,234.3,1.8,422,218.0,1.9,414,25070,15995,34.7,107.0
Station_01,Inv_00,20170622,17:28:00,233.3,1.8,420,216.0,1.9,410,25070,15995,34.8,106.0
Station_01,Inv_00,20170622,17:29:00,244.1,1.7,415,216.0,1.8,389,25070,15995,34.6,104.0
Station_01,Inv_00,20170622,17:30:00,243.1,1.7,413,216.0,1.8,389,25070,15995,34.4,104.0
Station_01,Inv_00,20170622,17:31:00,234.0,1.6,374,215.0,1.6,344,25070,15995,34.4,105.0
Station_01,Inv_00,20170622,17:32:00,229.0,1.5,344,215.0,1.5,323,25070,15995,34.2,103.0
Station_01,Inv_00,20170622,17:33:00,236.4,1.5,355,215.0,1.5,323,25070,15995,34.2,102.0
Station_01,Inv_00,20170622,17:34:00,232.9,1.6,373,217.0,1.6,347,25070,15995,34.2,102.0
Station_01,Inv_00,20170622,17:35:00,237.2,1.5,356,218.0,1.6,349,25070,15995,34.1,120.0
Station_01,Inv_00,20170622,17:36:00,231.6,1.4,324,218.0,1.5,327,25070,15995,34.1,100.0
Station_01,Inv_00,20170622,17:37:00,232.5,1.3,302,218.0,1.5,327,25070,15995,34.1,99.0
Station_01,Inv_00,20170622,17:38:00,217.6,1.4,305,218.0,1.5,327,25070,15995,34.2,97.0
Station_01,Inv_00,20170622,17:39:00,220.7,1.4,309,219.0,1.4,307,25070,15995,34.1,97.0
Station_01,Inv_00,20170622,17:40:00,216.4,1.4,303,217.0,1.4,304,25070,15995,34.1,96.0
Station_01,Inv_00,20170622,17:41:00,222.2,1.3,289,215.0,1.4,301,25070,15995,34.0,98.0
Station_01,Inv_00,20170622,17:42:00,217.5,1.3,283,215.0,1.4,301,25070,15995,33.8,97.0
Station_01,Inv_00,20170622,17:43:00,233.1,1.3,303,215.0,1.4,301,25070,15995,33.8,98.0
Station_01,Inv_00,20170622,17:44:00,238.0,1.3,309,215.0,1.4,301,25070,15995,33.9,98.0
Station_01,Inv_00,20170622,17:45:00,239.5,1.4,335,215.0,1.4,301,25070,15995,33.7,112.0
Station_01,Inv_00,20170622,17:46:00,238.5,1.3,310,215.0,1.5,323,25070,15995,33.8,103.0
Station_01,Inv_00,20170622,17:47:00,232.7,1.5,349,215.0,1.5,323,25070,15995,33.8,106.0
Station_01,Inv_00,20170622,17:48:00,235.3,1.5,353,215.0,1.5,323,25070,15995,33.9,109.0
Station_01,Inv_00,20170622,17:49:00,231.0,1.6,370,215.0,1.6,344,25070,15995,34.0,108.0
Station_01,Inv_00,20170622,17:50:00,228.5,1.5,343,216.0,1.5,324,25070,15995,34.0,107.0
Station_01,Inv_00,20170622,17:51:00,238.2,1.5,357,216.0,1.5,324,25070,15995,34.3,106.0
Station_01,Inv_00,20170622,17:52:00,222.0,1.5,333,216.0,1.5,324,25070,15995,34.3,105.0
Station_01,Inv_00,20170622,17:53:00,233.0,1.4,326,215.0,1.5,323,25070,15995,34.3,101.0
Station_01,Inv_00,20170622,17:54:00,231.7,1.3,301,215.0,1.4,301,25070,15995,34.1,95.0
Station_01,Inv_00,20170622,17:55:00,205.0,1.3,267,216.0,1.2,259,25070,15995,34.2,90.0
Station_01,Inv_00,20170622,17:56:00,223.5,1.1,246,217.0,1.2,260,25070,15995,34.2,87.0
Station_01,Inv_00,20170622,17:57:00,224.0,1.1,246,216.0,1.2,259,25070,15995,34.1,84.0
Station_01,Inv_00,20170622,17:58:00,226.0,1.0,226,216.0,1.1,238,25070,15995,34.1,81.0
Station_01,Inv_00,20170622,17:59:00,225.5,1.0,226,216.0,1.1,238,25070,15995,33.8,79.0
Station_01,Inv_00,20170622,18:00:00,229.4,0.9,207,216.0,1.0,216,25070,15995,33.8,75.0
Station_01,Inv_00,20170622,18:01:00,227.0,0.9,204,217.0,1.0,217,25070,15995,33.6,72.0
Station_01,Inv_00,20170622,18:02:00,228.5,0.8,183,215.0,1.0,215,25070,15995,33.4,69.0
Station_01,Inv_00,20170622,18:03:00,219.5,0.8,176,217.0,1.0,217,25070,15995,33.2,67.0
Station_01,Inv_00,20170622,18:04:00,208.0,0.8,166,217.0,0.9,195,25070,15995,33.2,66.0
Station_01,Inv_00,20170622,18:05:00,218.0,0.8,174,217.0,0.9,195,25070,15995,33.2,65.0
Station_01,Inv_00,20170622,18:06:00,229.9,0.8,184,216.0,1.0,216,25070,15995,33.2,67.0
Station_01,Inv_00,20170622,18:07:00,229.5,0.8,184,217.0,1.0,217,25070,15995,33.1,68.0
Station_01,Inv_00,20170622,18:08:00,232.8,0.8,186,217.0,1.0,217,25070,15995,33.1,68.0
Station_01,Inv_00,20170622,18:09:00,230.5,0.8,184,217.0,1.0,217,25070,15995,33.1,67.0
Station_01,Inv_00,20170622,18:10:00,228.0,0.8,182,216.0,0.9,194,25070,15995,33.1,65.0
Station_01,Inv_00,20170622,18:11:00,226.1,0.7,158,217.0,0.9,195,25070,15995,33.1,68.0
Station_01,Inv_00,20170622,18:12:00,225.4,0.7,158,217.0,0.8,174,25070,15995,33.0,61.0
Station_01,Inv_00,20170622,18:13:00,214.5,0.6,129,217.0,0.8,174,25070,15995,32.8,58.0
Station_01,Inv_00,20170622,18:14:00,224.5,0.6,135,215.0,0.7,151,25070,15995,32.8,56.0
Station_01,Inv_00,20170622,18:15:00,220.4,0.5,110,216.0,0.7,151,25070,15995,32.8,54.0
Station_01,Inv_00,20170622,18:16:00,222.0,0.6,133,215.0,0.7,151,25070,15995,32.7,52.0
Station_01,Inv_00,20170622,18:17:00,227.4,0.5,114,215.0,0.6,129,25070,15995,32.6,66.0
Station_01,Inv_00,20170622,18:18:00,222.4,0.5,111,216.0,0.6,130,25070,15995,32.5,50.0
Station_01,Inv_00,20170622,18:19:00,202.0,0.5,101,216.0,0.5,108,25070,15995,32.4,48.0
Station_01,Inv_00,20170622,18:20:00,210.6,0.5,105,216.0,0.5,108,25070,15995,32.3,46.0
Station_01,Inv_00,20170622,18:21:00,212.4,0.5,106,215.0,0.5,108,25070,15995,32.3,45.0
Station_01,Inv_00,20170622,18:22:00,159.0,0.4,64,215.0,0.5,108,25070,15995,32.2,44.0
Station_01,Inv_00,20170622,18:23:00,217.0,0.4,87,218.0,0.5,109,25070,15995,32.1,42.0
Station_01,Inv_00,20170622,18:24:00,208.7,0.3,63,218.0,0.5,109,25070,15995,32.0,40.0
Station_01,Inv_00,20170622,18:25:00,186.0,0.3,56,218.0,0.4,87,25070,15995,31.9,36.0
Station_01,Inv_00,20170622,18:26:00,192.0,0.2,38,218.0,0.4,87,25070,15995,31.8,34.0
Station_01,Inv_00,20170622,18:27:00,203.0,0.2,41,219.0,0.4,88,25070,15995,31.6,33.0
Station_01,Inv_00,20170622,18:28:00,219.0,0.2,44,218.0,0.4,87,25070,15995,31.5,31.0
Station_01,Inv_00,20170622,18:29:00,212.0,0.2,42,217.0,0.4,87,25070,15995,31.5,30.0
Station_01,Inv_00,20170622,18:30:00,208.0,0.2,42,217.0,0.4,87,25070,15995,31.4,28.0
Station_01,Inv_00,20170622,18:31:00,180.0,0.2,36,214.0,0.4,86,25070,15995,31.3,27.0
Station_01,Inv_00,20170622,18:32:00,0.0,0.0,0,215.0,0.4,86,25070,15995,31.2,27.0
Station_01,Inv_00,20170622,18:33:00,198.5,0.2,40,214.0,0.4,86,25070,15995,31.1,26.0
Station_01,Inv_00,20170622,18:34:00,0.0,0.0,0,214.0,0.4,86,25070,15995,31.0,25.0
Station_01,Inv_00,20170622,18:35:00,0.0,0.0,0,217.0,0.4,87,25070,15995,31.0,25.0
Station_01,Inv_00,20170622,18:36:00,0.0,0.0,0,216.0,0.4,86,25070,15995,31.0,24.0
Station_01,Inv_00,20170622,18:37:00,0.0,0.0,0,216.0,0.4,86,25070,15995,30.9,23.0
Station_01,Inv_00,20170622,18:38:00,0.0,0.0,0,221.0,0.1,22,25070,15995,30.9,22.0
Station_01,Inv_00,20170622,18:39:00,0.0,0.0,0,221.0,0.1,22,25070,15995,30.8,22.0
Station_01,Inv_00,20170622,18:40:00,0.0,0.0,0,221.0,0.1,22,25070,15995,30.8,22.0
Station_01,Inv_00,20170622,18:41:00,0.0,0.0,0,221.0,0.1,22,25070,15995,30.7,568.0
Station_01,Inv_00,20170622,18:42:00,0.0,0.0,0,221.0,0.1,22,25070,15995,30.7,35.0
Station_01,Inv_00,20170622,18:43:00,0.0,0.0,0,221.0,0.1,22,25070,15995,30.7,21.0
Station_01,Inv_00,20170622,18:44:00,0.0,0.0,0,221.0,0.1,22,25070,15995,30.6,20.0
Station_01,Inv_00,20170622,18:45:00,0.0,0.0,0,221.0,0.1,22,25070,15995,30.6,23.0
Station_01,Inv_00,20170622,18:46:00,0.0,0.0,0,221.0,0.1,22,25070,15995,30.5,20.0
Station_01,Inv_00,20170622,18:47:00,0.0,0.0,0,221.0,0.1,22,25070,15995,30.4,19.0
Station_01,Inv_00,20170622,18:48:00,0.0,0.0,0,221.0,0.1,22,25070,15995,30.4,19.0
Station_01,Inv_00,20170622,18:49:00,0.0,0.0,0,221.0,0.1,22,25070,15995,30.3,19.0
Station_01,Inv_00,20170622,18:50:00,0.0,0.0,0,221.0,0.1,22,25070,15995,30.3,19.0
Station_01,Inv_00,20170622,18:51:00,0.0,0.0,0,221.0,0.1,22,25070,15995,30.2,18.0
Station_01,Inv_00,20170622,18:52:00,0.0,0.0,0,221.0,0.1,22,25070,15995,30.2,18.0
Station_01,Inv_00,20170622,18:53:00,0.0,0.0,0,221.0,0.1,22,25070,15995,30.1,18.0
Station_01,Inv_00,20170622,18:54:00,0.0,0.0,0,221.0,0.1,22,25070,15995,30.0,18.0
Station_01,Inv_00,20170622,18:55:00,0.0,0.0,0,221.0,0.1,22,25070,15995,29.9,18.0
Station_01,Inv_00,20170622,18:56:00,0.0,0.0,0,221.0,0.1,22,25070,15995,29.8,18.0
Station_01,Inv_00,20170622,18:57:00,0.0,0.0,0,221.0,0.1,22,25070,15995,29.8,17.0
Station_01,Inv_00,20170622,18:58:00,0.0,0.0,0,221.0,0.1,22,25070,15995,29.7,18.0
Station_01,Inv_00,20170622,18:59:00,0.0,0.0,0,221.0,0.1,22,25070,15995,29.6,19.0
Station_01,Inv_00,20170622,19:00:00,0.0,0.0,0,221.0,0.1,22,25070,15995,29.5,18.0
Station_01,Inv_00,20170622,19:01:00,0.0,0.0,0,221.0,0.1,22,25070,15995,29.4,17.0
Station_01,Inv_00,20170622,19:02:00,0.0,0.0,0,221.0,0.1,22,25070,15995,29.3,26.0
Station_01,Inv_00,20170622,19:03:00,0.0,0.0,0,221.0,0.1,22,25070,15995,29.3,17.0
Station_01,Inv_00,20170622,19:04:00,0.0,0.0,0,221.0,0.1,22,25070,15995,29.2,17.0
Station_01,Inv_00,20170622,19:05:00,0.0,0.0,0,221.0,0.1,22,25070,15995,29.1,17.0
Station_01,Inv_00,20170622,19:06:00,0.0,0.0,0,221.0,0.1,22,25070,15995,29.1,17.0
Station_01,Inv_00,20170622,19:07:00,0.0,0.0,0,221.0,0.1,22,25070,15995,29.1,17.0
Station_01,Inv_00,20170622,19:08:00,0.0,0.0,0,221.0,0.1,22,25070,15995,29.0,17.0
Station_01,Inv_00,20170622,19:09:00,0.0,0.0,0,221.0,0.1,22,25070,15995,28.9,17.0
Station_01,Inv_00,20170622,19:10:00,0.0,0.0,0,221.0,0.1,22,25070,15995,28.9,17.0
Station_01,Inv_00,20170622,19:11:00,0.0,0.0,0,221.0,0.1,22,25070,15995,28.9,17.0
Station_01,Inv_00,20170622,19:12:00,0.0,0.0,0,221.0,0.1,22,25070,15995,28.9,18.0
Station_01,Inv_00,20170622,19:13:00,0.0,0.0,0,221.0,0.1,22,25070,15995,28.8,22.0
Station_01,Inv_00,20170622,19:14:00,0.0,0.0,0,221.0,0.1,22,25070,15995,28.8,17.0
Station_01,Inv_00,20170622,19:15:00,0.0,0.0,0,221.0,0.1,22,25070,15995,28.8,17.0
Station_01,Inv_00,20170622,19:16:00,0.0,0.0,0,221.0,0.1,22,25070,15995,28.8,18.0
Station_01,Inv_00,20170622,19:17:00,0.0,0.0,0,221.0,0.1,22,25070,15995,28.7,18.0
Station_01,Inv_00,20170622,19:18:00,0.0,0.0,0,221.0,0.1,22,25070,15995,28.6,18.0
Station_01,Inv_00,20170622,19:19:00,0.0,0.0,0,221.0,0.1,22,25070,15995,28.6,17.0
Station_01,Inv_00,20170622,19:20:00,0.0,0.0,0,221.0,0.1,22,25070,15995,28.6,18.0
Station_01,Inv_00,20170622,19:21:00,0.0,0.0,0,221.0,0.1,22,25070,15995,28.5,18.0
Station_01,Inv_00,20170622,19:22:00,0.0,0.0,0,221.0,0.1,22,25070,15995,28.5,17.0
Station_01,Inv_00,20170622,19:23:00,0.0,0.0,0,221.0,0.1,22,25070,15995,28.5,19.0
Station_01,Inv_00,20170622,19:24:00,0.0,0.0,0,221.0,0.1,22,25070,15995,28.4,17.0
Station_01,Inv_00,20170622,19:25:00,0.0,0.0,0,221.0,0.1,22,25070,15995,28.4,21.0
Station_01,Inv_00,20170622,19:26:00,0.0,0.0,0,221.0,0.1,22,25070,15995,28.4,18.0
Station_01,Inv_00,20170622,19:27:00,0.0,0.0,0,221.0,0.1,22,25070,15995,28.3,25.0
Station_01,Inv_00,20170622,19:28:00,0.0,0.0,0,221.0,0.1,22,25070,15995,28.3,17.0
Station_01,Inv_00,20170622,19:29:00,0.0,0.0,0,221.0,0.1,22,25070,15995,28.3,20.0
Station_01,Inv_00,20170622,19:30:00,0.0,0.0,0,221.0,0.1,22,25070,15995,28.3,17.0
Station_01,Inv_00,20170622,19:31:00,0.0,0.0,0,221.0,0.1,22,25070,15995,28.3,20.0
Station_01,Inv_00,20170622,19:32:00,0.0,0.0,0,221.0,0.1,22,25070,15995,28.3,22.0
Station_01,Inv_00,20170622,19:33:00,0.0,0.0,0,221.0,0.1,22,25070,15995,28.2,27.0
Station_01,Inv_00,20170622,19:34:00,0.0,0.0,0,221.0,0.1,22,25070,15995,28.1,21.0
Station_01,Inv_00,20170622,19:35:00,0.0,0.0,0,221.0,0.1,22,25070,15995,28.2,17.0
Station_01,Inv_00,20170622,19:36:00,0.0,0.0,0,221.0,0.1,22,25070,15995,28.1,18.0
Station_01,Inv_00,20170622,19:37:00,0.0,0.0,0,221.0,0.1,22,25070,15995,28.2,18.0
Station_01,Inv_00,20170622,19:38:00,0.0,0.0,0,221.0,0.1,22,25070,15995,28.3,17.0
Station_01,Inv_00,20170622,19:39:00,0.0,0.0,0,221.0,0.1,22,25070,15995,28.1,17.0
Station_01,Inv_00,20170622,19:40:00,0.0,0.0,0,221.0,0.1,22,25070,15995,28.2,17.0
Station_01,Inv_00,20170622,19:41:00,0.0,0.0,0,221.0,0.1,22,25070,15995,28.2,17.0
Station_01,Inv_00,20170622,19:42:00,0.0,0.0,0,221.0,0.1,22,25070,15995,28.2,18.0
Station_01,Inv_00,20170622,19:43:00,0.0,0.0,0,221.0,0.1,22,25070,15995,28.3,17.0
Station_01,Inv_00,20170622,19:44:00,0.0,0.0,0,221.0,0.1,22,25070,15995,28.2,17.0
Station_01,Inv_00,20170622,19:45:00,0.0,0.0,0,221.0,0.1,22,25070,15995,28.3,17.0
Station_01,Inv_00,20170622,19:46:00,0.0,0.0,0,221.0,0.1,22,25070,15995,28.2,18.0
Station_01,Inv_00,20170622,19:47:00,0.0,0.0,0,221.0,0.1,22,25070,15995,28.2,18.0
Station_01,Inv_00,20170622,19:48:00,0.0,0.0,0,221.0,0.1,22,25070,15995,28.3,17.0
Station_01,Inv_00,20170622,19:49:00,0.0,0.0,0,221.0,0.1,22,25070,15995,28.2,19.0
Station_01,Inv_00,20170622,19:50:00,0.0,0.0,0,221.0,0.1,22,25070,15995,28.2,20.0
Station_01,Inv_00,20170622,19:51:00,0.0,0.0,0,221.0,0.1,22,25070,15995,28.2,17.0
Station_01,Inv_00,20170622,19:52:00,0.0,0.0,0,221.0,0.1,22,25070,15995,28.1,17.0
Station_01,Inv_00,20170622,19:53:00,0.0,0.0,0,221.0,0.1,22,25070,15995,28.1,18.0
Station_01,Inv_00,20170622,19:54:00,0.0,0.0,0,221.0,0.1,22,25070,15995,28.2,17.0
Station_01,Inv_00,20170622,19:55:00,0.0,0.0,0,221.0,0.1,22,25070,15995,28.2,17.0
Station_01,Inv_00,20170622,19:56:00,0.0,0.0,0,221.0,0.1,22,25070,15995,28.1,19.0
Station_01,Inv_00,20170622,19:57:00,0.0,0.0,0,221.0,0.1,22,25070,15995,28.1,17.0
Station_01,Inv_00,20170622,19:58:00,0.0,0.0,0,221.0,0.1,22,25070,15995,28.1,17.0
Station_01,Inv_00,20170622,19:59:00,0.0,0.0,0,221.0,0.1,22,25070,15995,28.0,17.0
Station_01,Inv_00,20170622,20:00:00,0.0,0.0,0,221.0,0.1,22,25070,15995,28.1,17.0
