Station_01,Inv_00,20170701,05:00:00,0.0,0.0,0,223.0,0.2,45,25223,16092,24.8,19.0
Station_01,Inv_00,20170701,05:01:00,0.0,0.0,0,223.0,0.2,45,25223,16092,24.8,19.0
Station_01,Inv_00,20170701,05:02:00,0.0,0.0,0,223.0,0.2,45,25223,16092,24.8,19.0
Station_01,Inv_00,20170701,05:03:00,0.0,0.0,0,223.0,0.2,45,25223,16092,24.9,19.0
Station_01,Inv_00,20170701,05:04:00,0.0,0.0,0,223.0,0.2,45,25223,16092,24.8,20.0
Station_01,Inv_00,20170701,05:05:00,0.0,0.0,0,223.0,0.2,45,25223,16092,24.8,20.0
Station_01,Inv_00,20170701,05:06:00,0.0,0.0,0,223.0,0.2,45,25223,16092,24.8,20.0
Station_01,Inv_00,20170701,05:07:00,0.0,0.0,0,223.0,0.2,45,25223,16092,24.8,21.0
Station_01,Inv_00,20170701,05:08:00,0.0,0.0,0,223.0,0.2,45,25223,16092,24.8,21.0
Station_01,Inv_00,20170701,05:09:00,0.0,0.0,0,223.0,0.2,45,25223,16092,24.8,21.0
Station_01,Inv_00,20170701,05:10:00,0.0,0.0,0,223.0,0.2,45,25223,16092,24.8,22.0
Station_01,Inv_00,20170701,05:11:00,0.0,0.0,0,223.0,0.2,45,25223,16092,24.7,22.0
Station_01,Inv_00,20170701,05:12:00,0.0,0.0,0,223.0,0.2,45,25223,16092,24.8,22.0
Station_01,Inv_00,20170701,05:13:00,0.0,0.0,0,223.0,0.2,45,25223,16092,24.8,22.0
Station_01,Inv_00,20170701,05:14:00,0.0,0.0,0,223.0,0.2,45,25223,16092,24.7,22.0
Station_01,Inv_00,20170701,05:15:00,0.0,0.0,0,223.0,0.2,45,25223,16092,24.8,458.0
Station_01,Inv_00,20170701,05:16:00,0.0,0.0,0,223.0,0.2,45,25223,16092,24.7,23.0
Station_01,Inv_00,20170701,05:17:00,0.0,0.0,0,223.0,0.2,45,25223,16092,24.7,23.0
Station_01,Inv_00,20170701,05:18:00,0.0,0.0,0,223.0,0.2,45,25223,16092,24.8,24.0
Station_01,Inv_00,20170701,05:19:00,0.0,0.0,0,223.0,0.2,45,25223,16092,24.7,458.0
Station_01,Inv_00,20170701,05:20:00,0.0,0.0,0,223.0,0.2,45,25223,16092,24.7,25.0
Station_01,Inv_00,20170701,05:21:00,0.0,0.0,0,223.0,0.2,45,25223,16092,24.8,26.0
Station_01,Inv_00,20170701,05:22:00,0.0,0.0,0,221.0,0.4,88,25223,16092,24.8,27.0
Station_01,Inv_00,20170701,05:23:00,0.0,0.0,0,221.0,0.5,111,25223,16092,24.9,27.0
Station_01,Inv_00,20170701,05:24:00,0.0,0.0,0,221.0,0.5,111,25223,16092,24.9,28.0
Station_01,Inv_00,20170701,05:25:00,0.0,0.0,0,221.0,0.5,111,25223,16092,24.8,459.0
Station_01,Inv_00,20170701,05:26:00,0.0,0.0,0,221.0,0.5,111,25223,16092,24.9,30.0
Station_01,Inv_00,20170701,05:27:00,0.0,0.0,0,216.0,0.5,108,25223,16092,24.9,31.0
Station_01,Inv_00,20170701,05:28:00,228.5,0.2,46,216.0,0.4,86,25223,16092,24.9,461.0
Station_01,Inv_00,20170701,05:29:00,211.0,0.1,21,217.0,0.4,87,25223,16092,24.9,461.0
Station_01,Inv_00,20170701,05:30:00,200.0,0.1,20,217.0,0.4,87,25223,16092,24.9,33.0
Station_01,Inv_00,20170701,05:31:00,220.0,0.1,22,218.0,0.4,87,25223,16092,24.9,34.0
Station_01,Inv_00,20170701,05:32:00,225.0,0.1,23,218.0,0.4,87,25223,16092,24.9,34.0
Station_01,Inv_00,20170701,05:33:00,224.0,0.1,22,217.0,0.5,109,25223,16092,25.0,36.0
Station_01,Inv_00,20170701,05:34:00,234.0,0.1,23,217.0,0.4,87,25223,16092,25.0,39.0
Station_01,Inv_00,20170701,05:35:00,234.0,0.1,23,218.0,0.4,87,25223,16092,25.1,42.0
Station_01,Inv_00,20170701,05:36:00,235.7,0.3,71,218.0,0.4,87,25223,16092,25.2,45.0
Station_01,Inv_00,20170701,05:37:00,232.0,0.3,70,217.0,0.4,87,25223,16092,25.3,47.0
Station_01,Inv_00,20170701,05:38:00,220.0,0.3,66,217.0,0.5,109,25223,16092,25.5,49.0
Station_01,Inv_00,20170701,05:39:00,221.7,0.3,67,218.0,0.5,109,25223,16092,25.6,51.0
Station_01,Inv_00,20170701,05:40:00,231.3,0.3,69,216.0,0.5,108,25223,16092,25.7,54.0
Station_01,Inv_00,20170701,05:41:00,214.3,0.3,64,215.0,0.5,108,25223,16092,25.8,56.0
Station_01,Inv_00,20170701,05:42:00,225.0,0.3,68,214.0,0.5,107,25223,16092,25.9,58.0
Station_01,Inv_00,20170701,05:43:00,225.0,0.3,68,215.0,0.5,108,25223,16092,26.0,60.0
Station_01,Inv_00,20170701,05:44:00,227.0,0.3,68,217.0,0.5,109,25223,16092,26.2,63.0
Station_01,Inv_00,20170701,05:45:00,242.0,0.4,97,217.0,0.5,109,25223,16092,26.3,65.0
Station_01,Inv_00,20170701,05:46:00,230.0,0.5,115,217.0,0.6,130,25223,16092,26.4,67.0
Station_01,Inv_00,20170701,05:47:00,229.5,0.4,92,217.0,0.5,109,25223,16092,26.5,69.0
Station_01,Inv_00,20170701,05:48:00,229.8,0.5,115,217.0,0.6,130,25223,16092,26.6,72.0
Station_01,Inv_00,20170701,05:49:00,224.4,0.5,112,217.0,0.6,130,25223,16092,26.8,74.0
Station_01,Inv_00,20170701,05:50:00,247.8,0.5,124,218.0,0.6,131,25223,16092,26.9,76.0
Station_01,Inv_00,20170701,05:51:00,234.8,0.5,117,217.0,0.7,152,25223,16092,27.0,79.0
Station_01,Inv_00,20170701,05:52:00,238.0,0.6,143,217.0,0.7,152,25223,16092,27.1,81.0
Station_01,Inv_00,20170701,05:53:00,243.5,0.6,146,217.0,0.7,152,25223,16092,27.2,83.0
Station_01,Inv_00,20170701,05:54:00,233.0,0.6,140,217.0,0.7,152,25223,16092,27.4,85.0
Station_01,Inv_00,20170701,05:55:00,247.5,0.6,149,217.0,0.8,174,25223,16092,27.5,87.0
Station_01,Inv_00,20170701,05:56:00,238.0,0.6,143,217.0,0.8,174,25223,16092,27.6,89.0
Station_01,Inv_00,20170701,05:57:00,245.4,0.7,172,217.0,0.9,195,25223,16092,27.7,91.0
Station_01,Inv_00,20170701,05:58:00,238.4,0.7,167,217.0,0.9,195,25223,16092,27.9,94.0
Station_01,Inv_00,20170701,05:59:00,213.0,0.7,149,219.0,0.9,197,25223,16092,28.0,95.0
Station_01,Inv_00,20170701,06:00:00,211.0,0.8,169,216.0,0.9,194,25223,16092,28.1,97.0
Station_01,Inv_00,20170701,06:01:00,246.0,0.8,197,215.0,1.0,215,25223,16092,28.2,99.0
Station_01,Inv_00,20170701,06:02:00,244.1,0.8,195,215.0,1.0,215,25223,16092,28.3,102.0
Station_01,Inv_00,20170701,06:03:00,238.2,0.9,214,217.0,1.0,217,25223,16092,28.4,104.0
Station_01,Inv_00,20170701,06:04:00,238.6,0.9,215,217.0,1.0,217,25223,16092,28.6,106.0
Station_01,Inv_00,20170701,06:05:00,229.3,0.9,206,216.0,1.0,216,25223,16092,28.6,107.0
Station_01,Inv_00,20170701,06:06:00,234.0,0.8,187,217.0,1.1,239,25223,16092,28.7,110.0
Station_01,Inv_00,20170701,06:07:00,245.0,1.0,245,216.0,1.1,238,25223,16092,28.8,114.0
Station_01,Inv_00,20170701,06:08:00,250.5,1.0,251,217.0,1.2,260,25223,16092,29.0,118.0
Station_01,Inv_00,20170701,06:09:00,244.3,1.1,269,217.0,1.2,260,25223,16092,29.1,123.0
Station_01,Inv_00,20170701,06:10:00,244.2,1.1,269,217.0,1.3,282,25223,16092,29.3,126.0
Station_01,Inv_00,20170701,06:11:00,237.0,1.1,261,217.0,1.2,260,25223,16092,29.4,126.0
Station_01,Inv_00,20170701,06:12:00,184.4,1.1,203,216.0,1.0,216,25223,16092,29.4,120.0
Station_01,Inv_00,20170701,06:13:00,244.4,0.9,220,216.0,1.1,238,25223,16092,29.4,109.0
Station_01,Inv_00,20170701,06:14:00,231.5,1.1,255,216.0,1.2,259,25223,16092,29.5,113.0
Station_01,Inv_00,20170701,06:15:00,196.8,1.3,256,215.0,1.2,258,25223,16092,29.7,131.0
Station_01,Inv_00,20170701,06:16:00,244.5,1.3,318,215.0,1.5,323,25223,16092,29.8,141.0
Station_01,Inv_00,20170701,06:17:00,249.0,1.2,299,216.0,1.3,281,25223,16092,29.8,127.0
Station_01,Inv_00,20170701,06:18:00,238.5,1.1,262,216.0,1.3,281,25223,16092,29.9,118.0
Station_01,Inv_00,20170701,06:19:00,244.0,1.3,317,215.0,1.4,301,25223,16092,30.0,129.0
Station_01,Inv_00,20170701,06:20:00,240.7,1.3,313,214.0,1.5,321,25223,16092,30.2,136.0
Station_01,Inv_00,20170701,06:21:00,232.0,1.5,348,214.0,1.5,321,25223,16092,30.3,148.0
Station_01,Inv_00,20170701,06:22:00,157.7,1.4,221,215.0,1.1,237,25223,16092,30.4,134.0
Station_01,Inv_00,20170701,06:23:00,187.7,1.4,263,217.0,1.3,282,25223,16092,30.3,134.0
Station_01,Inv_00,20170701,06:24:00,243.0,1.7,413,219.0,1.8,394,25223,16092,30.6,163.0
Station_01,Inv_00,20170701,06:25:00,244.5,1.8,440,215.0,2.0,430,25223,16092,30.8,174.0
Station_01,Inv_00,20170701,06:26:00,257.0,1.8,463,215.0,2.0,430,25223,16092,31.0,176.0
Station_01,Inv_00,20170701,06:27:00,245.9,1.9,467,214.0,2.0,428,25223,16092,31.3,180.0
Station_01,Inv_00,20170701,06:28:00,244.9,1.9,465,215.0,2.0,430,25223,16092,31.5,182.0
Station_01,Inv_00,20170701,06:29:00,250.0,2.0,500,218.0,2.1,458,25223,16092,31.7,185.0
Station_01,Inv_00,20170701,06:30:00,254.5,2.0,509,218.0,2.2,480,25223,16092,31.9,188.0
Station_01,Inv_00,20170701,06:31:00,246.5,2.0,493,217.0,2.2,477,25223,16092,32.2,190.0
Station_01,Inv_00,20170701,06:32:00,248.5,2.1,522,217.0,2.2,477,25223,16092,32.1,193.0
Station_01,Inv_00,20170701,06:33:00,251.0,2.2,552,217.0,2.3,499,25223,16092,32.3,197.0
Station_01,Inv_00,20170701,06:34:00,247.0,2.3,568,217.0,2.4,521,25223,16092,32.3,202.0
Station_01,Inv_00,20170701,06:35:00,246.5,2.2,542,217.0,2.5,543,25223,16092,32.5,205.0
Station_01,Inv_00,20170701,06:36:00,244.6,2.4,587,218.0,2.5,545,25223,16092,32.9,209.0
Station_01,Inv_00,20170701,06:37:00,252.0,2.4,605,217.0,2.6,564,25223,16092,33.1,213.0
Station_01,Inv_00,20170701,06:38:00,251.4,2.5,629,216.0,2.7,583,25223,16092,33.3,217.0
Station_01,Inv_00,20170701,06:39:00,250.0,2.5,625,216.0,2.8,605,25223,16092,33.4,229.0
Station_01,Inv_00,20170701,06:40:00,249.4,2.6,648,216.0,2.8,605,25223,16092,33.7,224.0
Station_01,Inv_00,20170701,06:41:00,247.5,2.7,668,217.0,2.9,629,25223,16092,33.9,228.0
Station_01,Inv_00,20170701,06:42:00,250.0,2.6,650,216.0,3.0,648,25223,16092,34.0,231.0
Station_01,Inv_00,20170701,06:43:00,241.9,2.7,653,216.0,3.0,648,25223,16092,34.3,235.0
Station_01,Inv_00,20170701,06:44:00,248.5,2.9,721,216.0,3.1,670,25223,16092,34.7,238.0
Station_01,Inv_00,20170701,06:45:00,249.4,2.9,723,217.0,3.1,673,25223,16092,34.6,241.0
Station_01,Inv_00,20170701,06:46:00,248.5,2.9,721,216.0,3.2,691,25223,16092,34.8,244.0
Station_01,Inv_00,20170701,06:47:00,247.5,2.9,718,217.0,3.3,716,25223,16092,35.1,247.0
Station_01,Inv_00,20170701,06:48:00,245.4,3.1,761,217.0,3.3,716,25223,16092,35.4,252.0
Station_01,Inv_00,20170701,06:49:00,250.3,3.2,801,216.0,3.4,734,25223,16092,35.6,256.0
Station_01,Inv_00,20170701,06:50:00,248.5,3.2,795,217.0,3.5,760,25223,16092,35.7,257.0
Station_01,Inv_00,20170701,06:51:00,251.0,3.2,803,217.0,3.5,760,25223,16092,36.2,259.0
Station_01,Inv_00,20170701,06:52:00,247.9,3.3,818,217.0,3.6,781,25223,16092,36.4,263.0
Station_01,Inv_00,20170701,06:53:00,247.0,3.3,815,217.0,3.6,781,25223,16092,36.5,267.0
Station_01,Inv_00,20170701,06:54:00,248.0,3.5,868,217.0,3.7,803,25223,16092,36.6,272.0
Station_01,Inv_00,20170701,06:55:00,243.5,3.5,852,217.0,3.7,803,25223,16092,37.0,275.0
Station_01,Inv_00,20170701,06:56:00,244.9,3.5,857,217.0,3.8,825,25223,16092,36.6,279.0
Station_01,Inv_00,20170701,06:57:00,247.0,3.6,889,217.0,3.9,846,25223,16092,36.8,282.0
Station_01,Inv_00,20170701,06:58:00,245.0,3.6,882,218.0,3.9,850,25223,16092,37.3,285.0
Station_01,Inv_00,20170701,06:59:00,244.5,3.7,905,217.0,4.0,868,25223,16092,37.2,302.0
Station_01,Inv_00,20170701,07:00:00,247.9,3.7,917,218.0,4.0,872,25223,16092,38.0,293.0
Station_01,Inv_00,20170701,07:01:00,247.9,3.9,967,217.0,4.1,890,25223,16092,38.2,298.0
Station_01,Inv_00,20170701,07:02:00,245.0,3.9,955,219.0,4.1,898,25223,16092,38.1,301.0
Station_01,Inv_00,20170701,07:03:00,244.0,4.0,976,219.0,4.1,898,25223,16092,38.9,305.0
Station_01,Inv_00,20170701,07:04:00,244.5,4.2,1027,219.0,4.2,920,25223,16092,38.5,310.0
Station_01,Inv_00,20170701,07:05:00,247.0,4.2,1037,219.0,4.3,942,25223,16092,38.8,313.0
Station_01,Inv_00,20170701,07:06:00,243.0,4.2,1021,217.0,4.4,955,25223,16092,39.4,316.0
Station_01,Inv_00,20170701,07:07:00,240.5,4.4,1058,216.0,4.5,972,25223,16092,39.6,319.0
Station_01,Inv_00,20170701,07:08:00,242.5,4.3,1043,216.0,4.6,994,25223,16092,39.8,323.0
Station_01,Inv_00,20170701,07:09:00,245.0,4.3,1053,217.0,4.6,998,25223,16092,40.3,324.0
Station_01,Inv_00,20170701,07:10:00,244.0,4.3,1049,217.0,4.5,977,25223,16092,40.4,321.0
Station_01,Inv_00,20170701,07:11:00,242.5,4.5,1091,217.0,4.6,998,25223,16092,40.7,324.0
Station_01,Inv_00,20170701,07:12:00,240.5,4.5,1082,217.0,4.6,998,25223,16092,40.7,331.0
Station_01,Inv_00,20170701,07:13:00,243.0,4.5,1093,217.0,4.7,1020,25223,16092,40.9,335.0
Station_01,Inv_00,20170701,07:14:00,243.0,4.6,1118,217.0,4.8,1042,25223,16092,41.5,340.0
Station_01,Inv_00,20170701,07:15:00,241.0,4.7,1133,217.0,4.9,1063,25223,16092,41.9,344.0
Station_01,Inv_00,20170701,07:16:00,239.5,4.8,1150,216.0,5.1,1102,25223,16092,41.3,350.0
Station_01,Inv_00,20170701,07:17:00,243.4,4.8,1168,216.0,5.1,1102,25223,16092,41.8,353.0
Station_01,Inv_00,20170701,07:18:00,241.0,4.9,1181,219.0,5.1,1117,25223,16092,41.7,359.0
Station_01,Inv_00,20170701,07:19:00,239.5,5.0,1197,219.0,5.1,1117,25223,16092,42.1,362.0
Station_01,Inv_00,20170701,07:20:00,243.0,5.0,1215,219.0,5.2,1139,25223,16092,42.2,366.0
Station_01,Inv_00,20170701,07:21:00,242.8,5.2,1263,219.0,5.2,1139,25223,16092,42.7,369.0
Station_01,Inv_00,20170701,07:22:00,237.5,5.2,1235,219.0,5.3,1161,25223,16092,42.9,373.0
Station_01,Inv_00,20170701,07:23:00,239.0,5.3,1267,219.0,5.4,1183,25223,16092,43.5,376.0
Station_01,Inv_00,20170701,07:24:00,242.0,5.2,1258,219.0,5.5,1205,25223,16092,43.6,381.0
Station_01,Inv_00,20170701,07:25:00,241.0,5.3,1277,219.0,5.5,1205,25224,16093,43.7,384.0
Station_01,Inv_00,20170701,07:26:00,239.0,5.4,1291,219.0,5.6,1226,25224,16093,44.1,387.0
Station_01,Inv_00,20170701,07:27:00,234.0,5.6,1310,220.0,5.5,1210,25224,16093,44.2,390.0
Station_01,Inv_00,20170701,07:28:00,233.5,5.6,1308,220.0,5.6,1232,25224,16093,44.7,392.0
Station_01,Inv_00,20170701,07:29:00,224.4,5.7,1279,220.0,5.6,1232,25224,16093,44.6,397.0
Station_01,Inv_00,20170701,07:30:00,232.5,5.9,1372,220.0,5.7,1254,25224,16093,44.8,401.0
Station_01,Inv_00,20170701,07:31:00,241.0,5.8,1398,219.0,5.8,1270,25224,16093,45.4,403.0
Station_01,Inv_00,20170701,07:32:00,237.3,5.8,1377,220.0,5.9,1298,25224,16093,45.0,407.0
Station_01,Inv_00,20170701,07:33:00,238.9,5.8,1386,219.0,6.0,1314,25224,16093,45.2,411.0
Station_01,Inv_00,20170701,07:34:00,235.0,6.1,1434,219.0,6.1,1336,25224,16093,45.8,414.0
Station_01,Inv_00,20170701,07:35:00,230.0,6.1,1403,218.0,6.1,1330,25224,16093,45.5,418.0
Station_01,Inv_00,20170701,07:36:00,231.0,6.1,1409,218.0,6.2,1352,25224,16093,45.5,422.0
Station_01,Inv_00,20170701,07:37:00,236.9,6.2,1469,218.0,6.2,1352,25224,16093,45.6,425.0
Station_01,Inv_00,20170701,07:38:00,237.9,6.2,1475,219.0,6.2,1358,25224,16093,46.0,427.0
Station_01,Inv_00,20170701,07:39:00,233.5,6.3,1471,218.0,6.3,1373,25224,16093,45.9,431.0
Station_01,Inv_00,20170701,07:40:00,236.0,6.3,1487,218.0,6.4,1395,25224,16093,46.7,433.0
Station_01,Inv_00,20170701,07:41:00,232.5,6.4,1488,219.0,6.4,1402,25224,16093,46.9,436.0
Station_01,Inv_00,20170701,07:42:00,238.0,6.3,1499,218.0,6.5,1417,25224,16093,47.2,440.0
Station_01,Inv_00,20170701,07:43:00,233.0,6.5,1515,219.0,6.6,1445,25224,16093,47.4,443.0
Station_01,Inv_00,20170701,07:44:00,236.4,6.5,1537,220.0,6.6,1452,25224,16093,47.7,447.0
Station_01,Inv_00,20170701,07:45:00,233.5,6.7,1564,219.0,6.7,1467,25224,16093,48.5,450.0
Station_01,Inv_00,20170701,07:46:00,233.5,6.7,1564,219.0,6.7,1467,25224,16093,48.6,454.0
Station_01,Inv_00,20170701,07:47:00,236.5,6.7,1584,219.0,6.7,1467,25224,16093,48.0,457.0
Station_01,Inv_00,20170701,07:48:00,231.0,6.9,1594,219.0,6.8,1489,25224,16093,48.3,460.0
Station_01,Inv_00,20170701,07:49:00,232.4,7.0,1627,219.0,6.9,1511,25224,16093,48.2,464.0
Station_01,Inv_00,20170701,07:50:00,230.0,7.0,1610,219.0,6.9,1511,25224,16093,48.2,468.0
Station_01,Inv_00,20170701,07:51:00,232.0,7.0,1624,219.0,7.0,1533,25224,16093,48.6,471.0
Station_01,Inv_00,20170701,07:52:00,233.0,7.1,1654,219.0,7.1,1555,25224,16093,48.7,474.0
Station_01,Inv_00,20170701,07:53:00,233.5,7.1,1658,219.0,7.1,1555,25224,16093,49.7,477.0
Station_01,Inv_00,20170701,07:54:00,233.5,7.1,1658,219.0,7.2,1577,25224,16093,49.6,480.0
Station_01,Inv_00,20170701,07:55:00,230.0,7.2,1656,220.0,7.2,1584,25224,16093,49.9,483.0
Station_01,Inv_00,20170701,07:56:00,230.5,7.3,1683,220.0,7.2,1584,25224,16093,50.5,487.0
Station_01,Inv_00,20170701,07:57:00,235.5,7.3,1719,220.0,7.3,1606,25224,16093,50.2,492.0
Station_01,Inv_00,20170701,07:58:00,229.0,7.5,1717,219.0,7.3,1599,25224,16093,50.3,495.0
Station_01,Inv_00,20170701,07:59:00,227.0,7.5,1702,219.0,7.4,1621,25224,16093,50.4,497.0
Station_01,Inv_00,20170701,08:00:00,234.0,7.5,1755,219.0,7.5,1643,25224,16093,50.3,500.0
Station_01,Inv_00,20170701,08:01:00,233.5,7.5,1751,219.0,7.6,1664,25224,16093,50.5,505.0
Station_01,Inv_00,20170701,08:02:00,232.0,7.6,1763,219.0,7.7,1686,25224,16093,50.9,512.0
Station_01,Inv_00,20170701,08:03:00,229.5,7.7,1767,220.0,7.7,1694,25224,16093,51.1,516.0
Station_01,Inv_00,20170701,08:04:00,229.5,7.8,1790,220.0,7.7,1694,25225,16094,51.5,519.0
Station_01,Inv_00,20170701,08:05:00,226.5,7.9,1789,219.0,7.7,1686,25225,16094,51.5,520.0
Station_01,Inv_00,20170701,08:06:00,225.5,7.9,1781,218.0,7.7,1679,25225,16094,52.5,521.0
Station_01,Inv_00,20170701,08:07:00,233.0,7.8,1817,219.0,7.8,1708,25225,16094,51.3,525.0
Station_01,Inv_00,20170701,08:08:00,229.9,8.0,1839,219.0,7.9,1730,25225,16094,51.7,530.0
Station_01,Inv_00,20170701,08:09:00,226.5,8.1,1835,218.0,7.9,1722,25225,16094,52.9,531.0
Station_01,Inv_00,20170701,08:10:00,231.0,8.0,1848,218.0,8.0,1744,25225,16094,53.1,535.0
Station_01,Inv_00,20170701,08:11:00,227.5,8.3,1888,218.0,8.1,1766,25225,16094,53.5,540.0
Station_01,Inv_00,20170701,08:12:00,226.0,8.2,1853,218.0,8.1,1766,25225,16094,54.0,540.0
Station_01,Inv_00,20170701,08:13:00,225.0,8.3,1867,218.0,8.1,1766,25225,16094,53.9,541.0
Station_01,Inv_00,20170701,08:14:00,217.0,8.6,1866,218.0,8.1,1766,25225,16094,54.2,544.0
Station_01,Inv_00,20170701,08:15:00,229.5,8.2,1882,218.0,8.2,1788,25225,16094,54.2,548.0
Station_01,Inv_00,20170701,08:16:00,226.5,8.4,1902,218.0,8.2,1788,25225,16094,54.5,550.0
Station_01,Inv_00,20170701,08:17:00,229.0,8.3,1901,218.0,8.2,1788,25225,16094,53.4,555.0
Station_01,Inv_00,20170701,08:18:00,225.0,8.6,1935,218.0,8.4,1831,25225,16094,53.1,559.0
Station_01,Inv_00,20170701,08:19:00,224.0,8.7,1949,220.0,8.4,1848,25225,16094,54.7,562.0
Station_01,Inv_00,20170701,08:20:00,223.5,8.7,1944,219.0,8.4,1840,25225,16094,55.3,563.0
Station_01,Inv_00,20170701,08:21:00,225.0,8.7,1957,219.0,8.5,1862,25225,16094,55.9,569.0
Station_01,Inv_00,20170701,08:22:00,221.0,8.9,1967,219.0,8.5,1862,25225,16094,56.2,569.0
Station_01,Inv_00,20170701,08:23:00,227.5,8.7,1979,220.0,8.5,1870,25225,16094,56.6,570.0
Station_01,Inv_00,20170701,08:24:00,223.0,8.9,1985,220.0,8.6,1892,25225,16094,56.2,578.0
Station_01,Inv_00,20170701,08:25:00,221.0,9.1,2011,220.0,8.6,1892,25225,16094,55.2,582.0
Station_01,Inv_00,20170701,08:26:00,224.0,9.0,2016,220.0,8.7,1914,25225,16094,55.6,583.0
Station_01,Inv_00,20170701,08:27:00,229.0,8.8,2015,218.0,8.7,1897,25225,16094,55.1,588.0
Station_01,Inv_00,20170701,08:28:00,222.5,9.1,2025,220.0,8.7,1914,25225,16094,55.1,591.0
Station_01,Inv_00,20170701,08:29:00,223.5,9.1,2034,220.0,8.8,1936,25225,16094,55.5,591.0
Station_01,Inv_00,20170701,08:30:00,221.5,9.3,2060,220.0,8.8,1936,25225,16094,56.7,593.0
Station_01,Inv_00,20170701,08:31:00,224.5,9.2,2065,220.0,8.8,1936,25225,16094,57.1,595.0
Station_01,Inv_00,20170701,08:32:00,223.0,9.3,2074,220.0,8.9,1958,25225,16094,56.9,597.0
Station_01,Inv_00,20170701,08:33:00,220.5,9.5,2095,220.0,9.0,1980,25225,16094,55.7,603.0
Station_01,Inv_00,20170701,08:34:00,222.0,9.5,2109,220.0,9.0,1980,25225,16094,55.3,608.0
Station_01,Inv_00,20170701,08:35:00,217.5,9.7,2110,219.0,9.0,1971,25226,16094,55.5,610.0
Station_01,Inv_00,20170701,08:36:00,221.5,9.5,2104,219.0,9.1,1993,25226,16094,55.9,608.0
Station_01,Inv_00,20170701,08:37:00,224.4,9.4,2110,219.0,9.1,1993,25226,16094,55.9,610.0
Station_01,Inv_00,20170701,08:38:00,222.0,9.6,2131,219.0,9.2,2015,25226,16094,56.4,613.0
Station_01,Inv_00,20170701,08:39:00,223.0,9.5,2118,219.0,9.3,2037,25226,16094,56.7,617.0
Station_01,Inv_00,20170701,08:40:00,222.0,9.7,2153,219.0,9.3,2037,25226,16094,56.4,622.0
Station_01,Inv_00,20170701,08:41:00,215.5,9.9,2133,219.0,9.3,2037,25226,16094,57.1,624.0
Station_01,Inv_00,20170701,08:42:00,225.0,9.7,2182,219.0,9.4,2059,25226,16094,54.8,629.0
Station_01,Inv_00,20170701,08:43:00,221.0,9.9,2188,220.0,9.4,2068,25226,16094,55.5,631.0
Station_01,Inv_00,20170701,08:44:00,221.5,9.9,2193,220.0,9.4,2068,25226,16094,56.3,633.0
Station_01,Inv_00,20170701,08:45:00,221.0,9.9,2188,219.0,9.5,2081,25226,16094,57.5,636.0
Station_01,Inv_00,20170701,08:46:00,220.5,10.1,2227,219.0,9.5,2081,25226,16094,58.1,637.0
Station_01,Inv_00,20170701,08:47:00,221.5,10.0,2215,219.0,9.6,2102,25226,16094,57.0,637.0
Station_01,Inv_00,20170701,08:48:00,220.0,10.1,2222,219.0,9.7,2124,25226,16094,57.1,641.0
Station_01,Inv_00,20170701,08:49:00,222.0,10.1,2242,219.0,9.7,2124,25226,16094,57.4,648.0
Station_01,Inv_00,20170701,08:50:00,220.0,10.2,2244,219.0,9.8,2146,25226,16094,57.7,652.0
Station_01,Inv_00,20170701,08:51:00,219.5,10.3,2261,219.0,9.8,2146,25226,16094,57.8,655.0
Station_01,Inv_00,20170701,08:52:00,220.5,10.4,2293,219.0,9.8,2146,25226,16094,58.8,655.0
Station_01,Inv_00,20170701,08:53:00,219.5,10.4,2283,220.0,9.8,2156,25226,16094,57.8,662.0
Station_01,Inv_00,20170701,08:54:00,213.5,10.7,2284,219.0,9.8,2146,25226,16094,58.9,662.0
Station_01,Inv_00,20170701,08:55:00,210.5,10.7,2252,219.0,9.7,2124,25226,16094,59.5,660.0
Station_01,Inv_00,20170701,08:56:00,221.0,10.5,2320,219.0,9.9,2168,25226,16094,59.3,669.0
Station_01,Inv_00,20170701,08:57:00,214.5,10.7,2295,218.0,10.0,2180,25226,16094,58.7,672.0
Station_01,Inv_00,20170701,08:58:00,220.0,10.6,2332,218.0,10.1,2202,25226,16094,59.4,673.0
Station_01,Inv_00,20170701,08:59:00,222.5,10.4,2314,219.0,10.1,2212,25226,16094,60.4,674.0
Station_01,Inv_00,20170701,09:00:00,222.0,10.6,2353,219.0,10.1,2212,25226,16094,60.0,675.0
Station_01,Inv_00,20170701,09:01:00,219.0,10.7,2343,219.0,10.1,2212,25226,16094,60.6,674.0
Station_01,Inv_00,20170701,09:02:00,218.5,10.7,2338,218.0,10.2,2224,25227,16095,60.6,681.0
Station_01,Inv_00,20170701,09:03:00,208.5,11.3,2356,218.0,10.1,2202,25227,16095,60.4,681.0
Station_01,Inv_00,20170701,09:04:00,222.0,10.7,2375,218.0,10.3,2245,25227,16095,60.5,682.0
Station_01,Inv_00,20170701,09:05:00,220.0,10.8,2376,218.0,10.3,2245,25227,16095,61.0,683.0
Station_01,Inv_00,20170701,09:06:00,221.5,10.9,2414,219.0,10.3,2256,25227,16095,59.2,688.0
Station_01,Inv_00,20170701,09:07:00,219.5,11.0,2414,219.0,10.4,2278,25227,16095,60.7,689.0
Station_01,Inv_00,20170701,09:08:00,221.0,11.0,2431,219.0,10.4,2278,25227,16095,60.7,692.0
Station_01,Inv_00,20170701,09:09:00,220.0,11.0,2420,218.0,10.4,2267,25227,16095,61.2,698.0
Station_01,Inv_00,20170701,09:10:00,215.5,11.3,2435,218.0,10.5,2289,25227,16095,60.8,698.0
Station_01,Inv_00,20170701,09:11:00,220.5,11.1,2448,219.0,10.5,2300,25227,16095,59.9,700.0
Station_01,Inv_00,20170701,09:12:00,221.0,11.1,2453,219.0,10.6,2321,25227,16095,59.4,699.0
Station_01,Inv_00,20170701,09:13:00,220.5,11.2,2470,219.0,10.6,2321,25227,16095,58.3,698.0
Station_01,Inv_00,20170701,09:14:00,222.0,11.2,2486,219.0,10.7,2343,25227,16095,58.9,699.0
Station_01,Inv_00,20170701,09:15:00,220.0,11.3,2486,218.0,10.7,2333,25227,16095,58.4,707.0
Station_01,Inv_00,20170701,09:16:00,221.0,11.3,2497,219.0,10.8,2365,25227,16095,59.7,714.0
Station_01,Inv_00,20170701,09:17:00,217.5,11.5,2501,219.0,10.8,2365,25227,16095,59.1,719.0
Station_01,Inv_00,20170701,09:18:00,217.5,11.5,2501,219.0,10.8,2365,25227,16095,59.6,716.0
Station_01,Inv_00,20170701,09:19:00,218.9,11.4,2496,220.0,10.7,2354,25227,16095,59.2,715.0
Station_01,Inv_00,20170701,09:20:00,218.0,11.5,2507,218.0,10.9,2376,25227,16095,60.5,731.0
Station_01,Inv_00,20170701,09:21:00,219.5,11.5,2524,219.0,10.9,2387,25227,16095,59.7,744.0
Station_01,Inv_00,20170701,09:22:00,218.5,11.7,2556,221.0,10.8,2387,25227,16095,60.6,748.0
Station_01,Inv_00,20170701,09:23:00,218.5,11.6,2534,221.0,10.8,2387,25227,16095,61.6,744.0
Station_01,Inv_00,20170701,09:24:00,210.0,12.1,2541,220.0,10.8,2376,25227,16095,62.3,745.0
Station_01,Inv_00,20170701,09:25:00,212.0,11.9,2523,221.0,10.8,2387,25227,16095,61.8,752.0
Station_01,Inv_00,20170701,09:26:00,217.5,11.7,2545,221.0,10.9,2409,25228,16095,62.3,746.0
Station_01,Inv_00,20170701,09:27:00,216.5,11.8,2554,221.0,10.9,2409,25228,16095,62.9,748.0
Station_01,Inv_00,20170701,09:28:00,217.5,11.9,2588,221.0,11.0,2431,25228,16095,61.3,753.0
Station_01,Inv_00,20170701,09:29:00,216.5,11.9,2576,221.0,11.0,2431,25228,16095,61.7,751.0
Station_01,Inv_00,20170701,09:30:00,212.5,12.1,2571,220.0,11.0,2420,25228,16095,61.3,748.0
Station_01,Inv_00,20170701,09:31:00,215.0,12.0,2579,220.0,11.1,2442,25228,16095,60.9,750.0
Station_01,Inv_00,20170701,09:32:00,211.5,12.1,2559,218.0,11.1,2420,25228,16095,62.2,753.0
Station_01,Inv_00,20170701,09:33:00,215.0,12.2,2623,219.0,11.2,2453,25228,16095,61.5,771.0
Station_01,Inv_00,20170701,09:34:00,212.5,12.3,2614,219.0,11.2,2453,25228,16095,62.4,772.0
Station_01,Inv_00,20170701,09:35:00,210.5,12.3,2589,219.0,11.2,2453,25228,16095,63.1,776.0
Station_01,Inv_00,20170701,09:36:00,202.5,12.7,2572,219.0,11.0,2409,25228,16095,63.1,777.0
Station_01,Inv_00,20170701,09:37:00,213.5,12.3,2626,218.0,11.3,2463,25228,16095,63.9,774.0
Station_01,Inv_00,20170701,09:38:00,211.5,12.3,2601,218.0,11.3,2463,25228,16095,63.8,774.0
Station_01,Inv_00,20170701,09:39:00,215.5,12.3,2651,218.0,11.3,2463,25228,16095,62.3,778.0
Station_01,Inv_00,20170701,09:40:00,211.5,12.5,2644,218.0,11.3,2463,25228,16095,59.3,788.0
Station_01,Inv_00,20170701,09:41:00,215.5,12.4,2672,220.0,11.4,2508,25228,16095,60.4,787.0
Station_01,Inv_00,20170701,09:42:00,215.4,10.7,2305,219.0,9.4,2059,25228,16095,60.6,687.0
Station_01,Inv_00,20170701,09:43:00,210.0,12.9,2709,219.0,11.7,2562,25228,16095,60.7,703.0
Station_01,Inv_00,20170701,09:44:00,217.5,12.5,2719,218.0,11.7,2551,25228,16095,61.7,799.0
Station_01,Inv_00,20170701,09:45:00,215.5,12.5,2694,219.0,11.6,2540,25228,16095,62.4,799.0
Station_01,Inv_00,20170701,09:46:00,213.5,12.7,2711,218.0,11.7,2551,25228,16095,59.0,789.0
Station_01,Inv_00,20170701,09:47:00,222.5,12.3,2737,218.0,11.8,2572,25228,16095,60.4,792.0
Station_01,Inv_00,20170701,09:48:00,212.5,12.8,2720,219.0,11.7,2562,25228,16095,59.9,789.0
Station_01,Inv_00,20170701,09:49:00,219.0,12.5,2738,218.0,11.8,2572,25229,16096,62.4,809.0
Station_01,Inv_00,20170701,09:50:00,215.4,12.7,2736,219.0,11.7,2562,25229,16096,63.4,798.0
Station_01,Inv_00,20170701,09:51:00,214.4,12.7,2723,218.0,11.8,2572,25229,16096,63.6,799.0
Station_01,Inv_00,20170701,09:52:00,214.0,12.6,2696,219.0,11.6,2540,25229,16096,64.5,792.0
Station_01,Inv_00,20170701,09:53:00,217.0,12.6,2734,218.0,11.7,2551,25229,16096,64.8,799.0
Station_01,Inv_00,20170701,09:54:00,211.5,12.9,2728,218.0,11.7,2551,25229,16096,62.3,816.0
Station_01,Inv_00,20170701,09:55:00,210.0,12.9,2709,218.0,11.8,2572,25229,16096,62.0,820.0
Station_01,Inv_00,20170701,09:56:00,214.9,12.7,2730,218.0,11.9,2594,25229,16096,63.4,830.0
Station_01,Inv_00,20170701,09:57:00,214.0,12.8,2739,218.0,11.8,2572,25229,16096,63.3,822.0
Station_01,Inv_00,20170701,09:58:00,212.5,12.9,2741,221.0,11.8,2608,25229,16096,61.6,820.0
Station_01,Inv_00,20170701,09:59:00,213.5,13.0,2775,222.0,11.8,2620,25229,16096,62.5,832.0
Station_01,Inv_00,20170701,10:00:00,216.9,12.7,2755,220.0,11.9,2618,25229,16096,61.4,835.0
Station_01,Inv_00,20170701,10:01:00,217.5,12.7,2762,218.0,11.9,2594,25229,16096,64.0,832.0
Station_01,Inv_00,20170701,10:02:00,216.5,12.9,2793,218.0,12.0,2616,25229,16096,62.6,829.0
Station_01,Inv_00,20170701,10:03:00,208.0,13.5,2808,218.0,12.0,2616,25229,16096,62.8,829.0
Station_01,Inv_00,20170701,10:04:00,215.5,13.0,2801,218.0,12.1,2638,25229,16096,64.1,822.0
Station_01,Inv_00,20170701,10:05:00,210.5,13.3,2800,218.0,12.1,2638,25229,16096,63.4,842.0
Station_01,Inv_00,20170701,10:06:00,213.0,13.2,2812,218.0,12.2,2660,25229,16096,63.6,831.0
Station_01,Inv_00,20170701,10:07:00,209.0,13.5,2822,218.0,12.2,2660,25229,16096,61.0,832.0
Station_01,Inv_00,20170701,10:08:00,214.5,13.2,2831,218.0,12.2,2660,25229,16096,62.4,832.0
Station_01,Inv_00,20170701,10:09:00,210.4,13.2,2778,218.0,12.0,2616,25229,16096,62.8,839.0
Station_01,Inv_00,20170701,10:10:00,212.0,13.4,2841,218.0,12.2,2660,25229,16096,63.3,843.0
Station_01,Inv_00,20170701,10:11:00,215.5,13.1,2823,218.0,12.3,2681,25230,16097,61.9,843.0
Station_01,Inv_00,20170701,10:12:00,214.0,13.3,2846,218.0,12.3,2681,25230,16097,61.4,844.0
Station_01,Inv_00,20170701,10:13:00,213.5,13.3,2840,220.0,12.2,2684,25230,16097,61.6,844.0
Station_01,Inv_00,20170701,10:14:00,214.5,13.3,2853,220.0,12.2,2684,25230,16097,61.7,846.0
Station_01,Inv_00,20170701,10:15:00,208.0,13.6,2829,220.0,12.0,2640,25230,16097,61.0,839.0
Station_01,Inv_00,20170701,10:16:00,215.0,13.3,2859,220.0,12.3,2706,25230,16097,61.5,853.0
Station_01,Inv_00,20170701,10:17:00,214.0,13.4,2867,220.0,12.2,2684,25230,16097,61.8,843.0
Station_01,Inv_00,20170701,10:18:00,208.5,13.7,2856,220.0,12.2,2684,25230,16097,62.2,857.0
Station_01,Inv_00,20170701,10:19:00,212.0,13.4,2841,221.0,12.1,2674,25230,16097,64.2,855.0
Station_01,Inv_00,20170701,10:20:00,209.5,13.7,2870,221.0,12.2,2696,25230,16097,61.7,872.0
Station_01,Inv_00,20170701,10:21:00,215.0,13.4,2880,220.0,12.3,2706,25230,16097,62.4,870.0
Station_01,Inv_00,20170701,10:22:00,212.0,13.6,2883,220.0,12.3,2706,25230,16097,62.9,868.0
Station_01,Inv_00,20170701,10:23:00,212.0,13.7,2904,221.0,12.3,2718,25230,16097,62.9,859.0
Station_01,Inv_00,20170701,10:24:00,211.5,13.8,2918,222.0,12.3,2731,25230,16097,63.1,866.0
Station_01,Inv_00,20170701,10:25:00,212.0,13.8,2925,222.0,12.4,2753,25230,16097,63.9,870.0
Station_01,Inv_00,20170701,10:26:00,213.0,13.8,2939,222.0,12.4,2753,25230,16097,63.4,878.0
Station_01,Inv_00,20170701,10:27:00,209.5,13.7,2870,221.0,12.2,2696,25230,16097,64.4,880.0
Station_01,Inv_00,20170701,10:28:00,212.5,13.8,2933,219.0,12.6,2759,25230,16097,62.0,888.0
Station_01,Inv_00,20170701,10:29:00,211.0,13.9,2933,220.0,12.5,2750,25230,16097,63.9,893.0
Station_01,Inv_00,20170701,10:30:00,209.5,14.1,2954,219.0,12.6,2759,25230,16097,62.3,891.0
Station_01,Inv_00,20170701,10:31:00,211.0,14.0,2954,219.0,12.7,2781,25230,16097,62.5,888.0
Station_01,Inv_00,20170701,10:32:00,211.0,14.0,2954,218.0,12.7,2769,25231,16097,62.7,887.0
Station_01,Inv_00,20170701,10:33:00,212.5,13.9,2954,218.0,12.7,2769,25231,16097,62.3,893.0
Station_01,Inv_00,20170701,10:34:00,215.5,13.9,2995,218.0,12.8,2790,25231,16097,61.2,892.0
Station_01,Inv_00,20170701,10:35:00,208.0,14.2,2954,218.0,12.7,2769,25231,16097,60.0,905.0
Station_01,Inv_00,20170701,10:36:00,211.5,14.1,2982,219.0,12.8,2803,25231,16097,59.9,899.0
Station_01,Inv_00,20170701,10:37:00,211.5,14.1,2982,218.0,12.9,2812,25231,16097,61.6,910.0
Station_01,Inv_00,20170701,10:38:00,210.5,14.3,3010,218.0,12.9,2812,25231,16097,62.1,900.0
Station_01,Inv_00,20170701,10:39:00,215.0,13.9,2988,219.0,12.8,2803,25231,16097,60.8,905.0
Station_01,Inv_00,20170701,10:40:00,215.0,13.9,2989,219.0,12.9,2825,25231,16097,61.3,904.0
Station_01,Inv_00,20170701,10:41:00,216.5,13.8,2987,219.0,12.9,2825,25231,16097,60.8,905.0
Station_01,Inv_00,20170701,10:42:00,213.5,14.2,3031,219.0,12.9,2825,25231,16097,61.7,899.0
Station_01,Inv_00,20170701,10:43:00,212.5,14.1,2996,219.0,12.9,2825,25231,16097,60.8,909.0
Station_01,Inv_00,20170701,10:44:00,215.0,14.0,3010,218.0,13.0,2834,25231,16097,61.1,902.0
Station_01,Inv_00,20170701,10:45:00,210.5,14.5,3052,218.0,13.1,2856,25231,16097,59.8,923.0
Station_01,Inv_00,20170701,10:46:00,214.0,14.2,3039,218.0,13.2,2878,25231,16097,61.6,918.0
Station_01,Inv_00,20170701,10:47:00,198.5,15.0,2978,218.0,12.8,2790,25231,16097,62.4,912.0
Station_01,Inv_00,20170701,10:48:00,197.0,15.0,2955,218.0,12.7,2769,25231,16097,63.8,910.0
Station_01,Inv_00,20170701,10:49:00,193.0,15.1,2914,218.0,12.5,2725,25231,16097,61.1,917.0
Station_01,Inv_00,20170701,10:50:00,214.0,14.3,3060,219.0,13.1,2869,25231,16097,61.2,918.0
Station_01,Inv_00,20170701,10:51:00,209.5,14.5,3038,218.0,13.1,2856,25231,16097,61.8,914.0
Station_01,Inv_00,20170701,10:52:00,200.5,14.9,2987,218.0,12.8,2790,25232,16098,62.8,910.0
Station_01,Inv_00,20170701,10:53:00,200.5,14.9,2987,217.0,12.8,2778,25232,16098,62.8,908.0
Station_01,Inv_00,20170701,10:54:00,214.0,14.1,3017,217.0,13.0,2821,25232,16098,62.4,911.0
Station_01,Inv_00,20170701,10:55:00,210.0,14.5,3045,219.0,12.9,2825,25232,16098,61.8,909.0
Station_01,Inv_00,20170701,10:56:00,213.0,14.4,3067,219.0,13.0,2847,25232,16098,60.8,913.0
Station_01,Inv_00,20170701,10:57:00,203.0,14.9,3025,220.0,12.9,2838,25232,16098,61.3,920.0
Station_01,Inv_00,20170701,10:58:00,207.0,14.7,3043,221.0,12.9,2851,25232,16098,63.0,918.0
Station_01,Inv_00,20170701,10:59:00,210.5,14.5,3052,221.0,12.9,2851,25232,16098,63.4,918.0
Station_01,Inv_00,20170701,11:00:00,211.0,14.4,3038,219.0,13.1,2869,25232,16098,61.9,925.0
Station_01,Inv_00,20170701,11:01:00,211.0,14.7,3102,219.0,13.3,2913,25232,16098,61.6,926.0
Station_01,Inv_00,20170701,11:02:00,215.0,14.5,3118,219.0,13.4,2935,25232,16098,62.2,895.0
Station_01,Inv_00,20170701,11:03:00,211.0,14.5,3059,219.0,13.1,2869,25232,16098,63.0,921.0
Station_01,Inv_00,20170701,11:04:00,209.5,14.6,3058,220.0,13.1,2882,25232,16098,63.9,923.0
Station_01,Inv_00,20170701,11:05:00,210.0,14.6,3066,220.0,13.1,2882,25232,16098,63.0,925.0
Station_01,Inv_00,20170701,11:06:00,210.0,14.7,3087,220.0,13.2,2904,25232,16098,59.8,934.0
Station_01,Inv_00,20170701,11:07:00,212.0,14.6,3095,220.0,13.2,2904,25232,16098,63.0,932.0
Station_01,Inv_00,20170701,11:08:00,213.0,14.6,3110,220.0,13.3,2926,25232,16098,63.4,930.0
Station_01,Inv_00,20170701,11:09:00,213.5,14.5,3096,220.0,13.3,2926,25232,16098,62.2,935.0
Station_01,Inv_00,20170701,11:10:00,209.5,14.7,3080,219.0,13.2,2891,25232,16098,63.6,930.0
Station_01,Inv_00,20170701,11:11:00,209.5,14.7,3080,220.0,13.2,2904,25232,16098,64.2,933.0
Station_01,Inv_00,20170701,11:12:00,205.9,14.9,3069,220.0,13.1,2882,25233,16099,63.1,938.0
Station_01,Inv_00,20170701,11:13:00,202.0,15.1,3050,220.0,13.0,2860,25233,16099,62.5,937.0
Station_01,Inv_00,20170701,11:14:00,210.5,14.7,3094,220.0,13.2,2904,25233,16099,63.8,936.0
Station_01,Inv_00,20170701,11:15:00,209.5,14.8,3100,220.0,13.2,2904,25233,16099,64.2,934.0
Station_01,Inv_00,20170701,11:16:00,207.0,14.9,3084,221.0,13.1,2895,25233,16099,64.7,935.0
Station_01,Inv_00,20170701,11:17:00,199.5,14.9,2973,221.0,12.8,2829,25233,16099,64.9,937.0
Station_01,Inv_00,20170701,11:18:00,207.5,14.9,3092,220.0,13.2,2904,25233,16099,63.5,942.0
Station_01,Inv_00,20170701,11:19:00,208.0,14.7,3058,220.0,13.0,2860,25233,16099,62.3,939.0
Station_01,Inv_00,20170701,11:20:00,209.5,14.5,3037,220.0,12.9,2838,25233,16099,63.0,929.0
Station_01,Inv_00,20170701,11:21:00,207.0,15.0,3105,220.0,13.3,2926,25233,16099,63.4,936.0
Station_01,Inv_00,20170701,11:22:00,210.5,14.7,3094,220.0,13.3,2926,25233,16099,64.7,932.0
Station_01,Inv_00,20170701,11:23:00,213.5,14.5,3096,220.0,13.3,2926,25233,16099,62.9,937.0
Station_01,Inv_00,20170701,11:24:00,212.0,14.7,3116,221.0,13.2,2917,25233,16099,63.4,931.0
Station_01,Inv_00,20170701,11:25:00,201.5,15.3,3083,220.0,13.0,2860,25233,16099,65.1,932.0
Station_01,Inv_00,20170701,11:26:00,211.5,14.7,3109,219.0,13.3,2913,25233,16099,64.3,937.0
Station_01,Inv_00,20170701,11:27:00,212.0,14.7,3116,220.0,13.3,2926,25233,16099,64.7,939.0
Station_01,Inv_00,20170701,11:28:00,209.5,14.9,3121,220.0,13.3,2926,25233,16099,65.2,935.0
Station_01,Inv_00,20170701,11:29:00,213.0,14.7,3131,221.0,13.3,2939,25233,16099,65.2,938.0
Station_01,Inv_00,20170701,11:30:00,208.5,15.0,3127,221.0,13.3,2939,25233,16099,64.5,943.0
Station_01,Inv_00,20170701,11:31:00,209.0,15.0,3135,221.0,13.3,2939,25234,16099,64.6,943.0
Station_01,Inv_00,20170701,11:32:00,209.5,14.9,3122,220.0,13.3,2926,25234,16099,64.9,941.0
Station_01,Inv_00,20170701,11:33:00,210.5,14.9,3136,219.0,13.4,2935,25234,16099,64.4,938.0
Station_01,Inv_00,20170701,11:34:00,211.0,14.8,3122,219.0,13.4,2935,25234,16099,65.9,938.0
Station_01,Inv_00,20170701,11:35:00,206.5,15.1,3118,220.0,13.3,2926,25234,16099,66.0,940.0
Station_01,Inv_00,20170701,11:36:00,212.4,14.7,3123,220.0,13.4,2948,25234,16099,62.1,951.0
Station_01,Inv_00,20170701,11:37:00,211.5,14.8,3130,219.0,13.4,2935,25234,16099,61.8,957.0
Station_01,Inv_00,20170701,11:38:00,213.5,14.6,3117,220.0,13.4,2948,25234,16099,62.5,951.0
Station_01,Inv_00,20170701,11:39:00,207.5,15.0,3112,220.0,13.4,2948,25234,16099,61.8,947.0
Station_01,Inv_00,20170701,11:40:00,210.0,15.0,3150,220.0,13.4,2948,25234,16099,62.4,958.0
Station_01,Inv_00,20170701,11:41:00,210.0,15.0,3150,219.0,13.5,2957,25234,16099,63.8,952.0
Station_01,Inv_00,20170701,11:42:00,212.0,14.9,3159,221.0,13.5,2984,25234,16099,64.6,956.0
Station_01,Inv_00,20170701,11:43:00,208.5,15.1,3148,221.0,13.3,2939,25234,16099,65.5,956.0
Station_01,Inv_00,20170701,11:44:00,209.0,15.3,3197,220.0,13.6,2992,25234,16099,66.0,980.0
Station_01,Inv_00,20170701,11:45:00,192.5,15.7,3022,221.0,12.8,2829,25234,16099,67.1,949.0
Station_01,Inv_00,20170701,11:46:00,208.0,15.0,3120,220.0,13.3,2926,25234,16099,65.0,949.0
Station_01,Inv_00,20170701,11:47:00,206.4,15.1,3117,220.0,13.3,2926,25234,16099,63.7,950.0
Station_01,Inv_00,20170701,11:48:00,207.5,15.1,3133,220.0,13.3,2926,25234,16099,65.1,945.0
Station_01,Inv_00,20170701,11:49:00,212.0,14.7,3116,220.0,13.4,2948,25234,16099,61.5,948.0
Station_01,Inv_00,20170701,11:50:00,203.0,15.4,3126,220.0,13.3,2926,25235,16100,62.1,945.0
Station_01,Inv_00,20170701,11:51:00,203.5,15.2,3093,220.0,13.3,2926,25235,16100,62.4,941.0
Station_01,Inv_00,20170701,11:52:00,203.5,15.3,3113,220.0,13.3,2926,25235,16100,61.1,945.0
Station_01,Inv_00,20170701,11:53:00,205.5,15.1,3103,220.0,13.3,2926,25235,16100,62.0,939.0
Station_01,Inv_00,20170701,11:54:00,209.0,14.9,3114,220.0,13.3,2926,25235,16100,61.6,935.0
Station_01,Inv_00,20170701,11:55:00,214.0,14.6,3124,218.0,13.4,2921,25235,16100,60.8,942.0
Station_01,Inv_00,20170701,11:56:00,214.5,14.6,3132,219.0,13.4,2935,25235,16100,62.6,936.0
Station_01,Inv_00,20170701,11:57:00,214.0,14.6,3124,217.0,13.5,2930,25235,16100,63.1,935.0
Station_01,Inv_00,20170701,11:58:00,211.0,14.8,3122,216.0,13.4,2894,25235,16100,63.3,935.0
Station_01,Inv_00,20170701,11:59:00,205.0,15.1,3096,217.0,13.4,2908,25235,16100,62.3,937.0
Station_01,Inv_00,20170701,12:00:00,212.5,14.7,3124,217.0,13.5,2930,25235,16100,60.1,939.0
Station_01,Inv_00,20170701,12:01:00,212.0,14.9,3159,217.0,13.6,2951,25235,16100,61.6,937.0
Station_01,Inv_00,20170701,12:02:00,205.5,15.2,3123,218.0,13.4,2921,25235,16100,59.5,948.0
Station_01,Inv_00,20170701,12:03:00,196.5,15.6,3065,218.0,13.2,2878,25235,16100,61.1,944.0
Station_01,Inv_00,20170701,12:04:00,198.0,15.6,3089,218.0,13.3,2899,25235,16100,61.5,945.0
Station_01,Inv_00,20170701,12:05:00,192.0,15.7,3014,217.0,13.0,2821,25235,16100,62.3,947.0
Station_01,Inv_00,20170701,12:06:00,185.0,16.1,2979,218.0,12.8,2790,25235,16100,61.9,948.0
Station_01,Inv_00,20170701,12:07:00,173.0,16.2,2803,217.0,12.0,2604,25235,16100,64.4,954.0
Station_01,Inv_00,20170701,12:08:00,193.5,15.7,3038,217.0,13.1,2843,25235,16100,62.6,949.0
Station_01,Inv_00,20170701,12:09:00,198.0,15.5,3069,218.0,13.3,2899,25235,16100,59.9,957.0
Station_01,Inv_00,20170701,12:10:00,197.0,15.6,3073,218.0,13.3,2899,25236,16101,58.7,957.0
Station_01,Inv_00,20170701,12:11:00,195.5,15.9,3108,218.0,13.3,2899,25236,16101,60.0,966.0
Station_01,Inv_00,20170701,12:12:00,192.0,15.8,3034,217.0,13.1,2843,25236,16101,60.8,958.0
Station_01,Inv_00,20170701,12:13:00,188.5,15.7,2959,217.0,12.8,2778,25236,16101,62.3,945.0
Station_01,Inv_00,20170701,12:14:00,187.0,15.8,2954,217.0,12.7,2756,25236,16101,62.0,945.0
Station_01,Inv_00,20170701,12:15:00,210.9,14.9,3143,217.0,13.5,2930,25236,16101,60.6,952.0
Station_01,Inv_00,20170701,12:16:00,211.0,14.9,3144,217.0,13.6,2951,25236,16101,60.7,952.0
Station_01,Inv_00,20170701,12:17:00,198.0,15.6,3089,217.0,13.3,2886,25236,16101,60.4,954.0
Station_01,Inv_00,20170701,12:18:00,190.5,15.7,2991,218.0,12.9,2812,25236,16101,60.7,949.0
Station_01,Inv_00,20170701,12:19:00,188.5,15.9,2997,217.0,12.8,2778,25236,16101,61.1,949.0
Station_01,Inv_00,20170701,12:20:00,191.5,15.6,2987,217.0,12.9,2799,25236,16101,63.1,937.0
Station_01,Inv_00,20170701,12:21:00,213.0,14.5,3088,218.0,13.4,2921,25236,16101,62.5,940.0
Station_01,Inv_00,20170701,12:22:00,209.0,14.8,3093,218.0,13.4,2921,25236,16101,63.7,949.0
Station_01,Inv_00,20170701,12:23:00,209.0,15.0,3135,217.0,13.5,2930,25236,16101,63.3,944.0
Station_01,Inv_00,20170701,12:24:00,209.0,14.8,3093,218.0,13.3,2899,25236,16101,62.6,933.0
Station_01,Inv_00,20170701,12:25:00,210.5,14.7,3094,218.0,13.4,2921,25236,16101,63.8,941.0
Station_01,Inv_00,20170701,12:26:00,212.0,14.6,3095,218.0,13.3,2899,25236,16101,65.6,936.0
Station_01,Inv_00,20170701,12:27:00,209.5,14.7,3080,218.0,13.2,2878,25236,16101,66.0,938.0
Station_01,Inv_00,20170701,12:28:00,205.5,14.7,3021,219.0,13.0,2847,25236,16101,65.9,931.0
Station_01,Inv_00,20170701,12:29:00,209.5,14.6,3058,219.0,13.1,2869,25237,16101,63.8,933.0
Station_01,Inv_00,20170701,12:30:00,205.5,14.8,3041,219.0,13.0,2847,25237,16101,64.4,935.0
Station_01,Inv_00,20170701,12:31:00,211.0,14.6,3081,218.0,13.2,2878,25237,16101,61.6,931.0
Station_01,Inv_00,20170701,12:32:00,210.0,14.6,3066,219.0,13.1,2869,25237,16101,62.8,938.0
Station_01,Inv_00,20170701,12:33:00,212.5,14.3,3039,218.0,13.1,2856,25237,16101,62.1,946.0
Station_01,Inv_00,20170701,12:34:00,209.0,14.6,3051,217.0,13.1,2843,25237,16101,60.6,937.0
Station_01,Inv_00,20170701,12:35:00,212.4,14.5,3080,217.0,13.3,2886,25237,16101,60.4,939.0
Station_01,Inv_00,20170701,12:36:00,200.0,15.0,3000,217.0,12.9,2799,25237,16101,60.4,918.0
Station_01,Inv_00,20170701,12:37:00,210.0,14.5,3045,217.0,13.1,2843,25237,16101,59.6,926.0
Station_01,Inv_00,20170701,12:38:00,212.0,14.6,3095,217.0,13.4,2908,25237,16101,58.3,930.0
Station_01,Inv_00,20170701,12:39:00,213.5,14.6,3117,216.0,13.5,2916,25237,16101,58.9,938.0
Station_01,Inv_00,20170701,12:40:00,209.5,15.1,3163,217.0,13.7,2973,25237,16101,57.6,952.0
Station_01,Inv_00,20170701,12:41:00,212.5,14.9,3166,220.0,13.6,2992,25237,16101,58.4,954.0
Station_01,Inv_00,20170701,12:42:00,214.5,14.7,3153,220.0,13.4,2948,25237,16101,58.9,941.0
Station_01,Inv_00,20170701,12:43:00,212.5,15.0,3187,219.0,13.6,2978,25237,16101,58.7,954.0
Station_01,Inv_00,20170701,12:44:00,212.5,15.0,3187,221.0,13.6,3006,25237,16101,60.0,961.0
Station_01,Inv_00,20170701,12:45:00,212.0,15.1,3201,221.0,13.6,3006,25237,16101,58.2,960.0
Station_01,Inv_00,20170701,12:46:00,206.0,15.2,3131,220.0,13.4,2948,25237,16101,60.6,952.0
Station_01,Inv_00,20170701,12:47:00,204.5,15.0,3067,220.0,13.0,2860,25237,16101,60.9,931.0
Station_01,Inv_00,20170701,12:48:00,210.5,14.7,3094,219.0,13.2,2891,25237,16101,61.9,931.0
Station_01,Inv_00,20170701,12:49:00,210.0,14.7,3087,219.0,13.2,2891,25238,16102,62.5,933.0
Station_01,Inv_00,20170701,12:50:00,208.0,14.7,3058,219.0,13.1,2869,25238,16102,62.5,926.0
Station_01,Inv_00,20170701,12:51:00,210.9,14.3,3016,220.0,12.9,2838,25238,16102,61.8,925.0
Station_01,Inv_00,20170701,12:52:00,211.0,14.4,3038,220.0,13.0,2860,25238,16102,62.3,917.0
Station_01,Inv_00,20170701,12:53:00,213.5,14.2,3032,220.0,12.9,2838,25238,16102,60.7,917.0
Station_01,Inv_00,20170701,12:54:00,209.5,14.5,3038,220.0,12.9,2838,25238,16102,63.1,909.0
Station_01,Inv_00,20170701,12:55:00,206.5,14.8,3056,220.0,13.1,2882,25238,16102,64.8,925.0
Station_01,Inv_00,20170701,12:56:00,211.4,14.5,3066,220.0,13.0,2860,25238,16102,64.8,921.0
Station_01,Inv_00,20170701,12:57:00,208.0,14.7,3058,220.0,13.1,2882,25238,16102,64.9,927.0
Station_01,Inv_00,20170701,12:58:00,206.4,14.9,3076,220.0,13.1,2882,25238,16102,66.7,931.0
Station_01,Inv_00,20170701,12:59:00,207.0,14.6,3022,219.0,12.9,2825,25238,16102,67.8,912.0
Station_01,Inv_00,20170701,13:00:00,198.5,14.9,2958,219.0,12.6,2759,25238,16102,68.3,902.0
Station_01,Inv_00,20170701,13:01:00,202.5,14.7,2977,219.0,12.7,2781,25238,16102,69.0,901.0
Station_01,Inv_00,20170701,13:02:00,201.0,14.8,2975,219.0,12.7,2781,25238,16102,67.2,905.0
Station_01,Inv_00,20170701,13:03:00,206.0,14.6,3007,220.0,12.8,2816,25238,16102,65.0,910.0
Station_01,Inv_00,20170701,13:04:00,210.5,14.5,3052,220.0,13.0,2860,25238,16102,63.0,917.0
Station_01,Inv_00,20170701,13:05:00,0.0,0.0,0,223.0,0.1,22,25238,16102,59.5,861.0
Station_01,Inv_00,20170701,13:06:00,0.0,0.0,0,221.0,0.1,22,25238,16102,60.3,918.0
Station_01,Inv_00,20170701,13:07:00,0.0,0.0,0,222.0,0.1,22,25238,16102,60.8,928.0
Station_01,Inv_00,20170701,13:08:00,0.0,0.0,0,222.0,0.1,22,25238,16102,59.8,815.0
Station_01,Inv_00,20170701,13:09:00,0.0,0.0,0,222.0,0.1,22,25238,16102,60.6,919.0
Station_01,Inv_00,20170701,13:10:00,242.5,10.6,2571,218.0,11.1,2420,25238,16102,62.5,916.0
Station_01,Inv_00,20170701,13:11:00,202.0,15.0,3030,218.0,13.0,2834,25238,16102,61.6,924.0
Station_01,Inv_00,20170701,13:12:00,0.0,0.0,0,220.0,0.1,22,25238,16102,61.0,258.0
Station_01,Inv_00,20170701,13:13:00,0.0,0.0,0,221.0,0.1,22,25238,16102,56.8,200.0
Station_01,Inv_00,20170701,13:14:00,0.0,0.0,0,221.0,0.1,22,25238,16102,58.2,761.0
Station_01,Inv_00,20170701,13:15:00,0.0,0.0,0,221.0,0.1,22,25238,16102,57.2,371.0
Station_01,Inv_00,20170701,13:16:00,0.0,0.0,0,0.0,0.0,0,25238,16102,59.1,942.0
Station_01,Inv_00,20170701,13:17:00,260.0,2.1,546,217.0,2.2,477,25238,16102,59.7,459.0
Station_01,Inv_00,20170701,13:18:00,235.1,4.6,1081,217.0,3.9,846,25238,16102,57.2,280.0
Station_01,Inv_00,20170701,13:19:00,160.5,4.0,642,217.0,3.4,738,25238,16102,56.1,622.0
Station_01,Inv_00,20170701,13:20:00,220.9,3.8,839,217.0,3.6,781,25238,16102,53.9,253.0
Station_01,Inv_00,20170701,13:21:00,208.0,6.6,1373,217.0,5.1,1107,25238,16102,52.9,474.0
Station_01,Inv_00,20170701,13:22:00,210.0,4.4,924,217.0,4.0,868,25239,16102,54.2,439.0
Station_01,Inv_00,20170701,13:23:00,221.3,4.6,1018,218.0,4.3,937,25239,16102,51.9,303.0
Station_01,Inv_00,20170701,13:24:00,224.9,15.3,3442,219.0,14.6,3197,25239,16102,53.5,839.0
Station_01,Inv_00,20170701,13:25:00,216.5,5.5,1191,217.0,5.0,1085,25239,16102,53.5,445.0
Station_01,Inv_00,20170701,13:26:00,226.0,3.4,768,217.0,3.2,694,25239,16102,53.3,253.0
Station_01,Inv_00,20170701,13:27:00,218.5,3.2,699,219.0,3.0,657,25239,16102,50.8,216.0
Station_01,Inv_00,20170701,13:28:00,217.0,3.3,716,218.0,3.1,676,25239,16102,49.8,223.0
Station_01,Inv_00,20170701,13:29:00,210.5,3.6,758,218.0,3.2,698,25239,16102,47.8,234.0
Station_01,Inv_00,20170701,13:30:00,184.7,5.5,1016,217.0,5.2,1128,25239,16102,49.1,585.0
Station_01,Inv_00,20170701,13:31:00,212.4,16.3,3462,220.0,14.7,3234,25239,16102,50.4,833.0
Station_01,Inv_00,20170701,13:32:00,225.0,15.5,3487,220.0,14.9,3278,25239,16102,50.5,674.0
Station_01,Inv_00,20170701,13:33:00,218.5,15.6,3409,220.0,14.7,3234,25239,16102,54.6,967.0
Station_01,Inv_00,20170701,13:34:00,222.5,5.3,1179,218.0,6.1,1330,25239,16102,53.2,388.0
Station_01,Inv_00,20170701,13:35:00,218.8,3.4,744,218.0,3.4,741,25239,16102,50.7,238.0
Station_01,Inv_00,20170701,13:36:00,221.3,3.0,664,218.0,3.0,654,25239,16102,49.5,216.0
Station_01,Inv_00,20170701,13:37:00,220.0,3.1,682,218.0,3.0,654,25239,16102,48.3,204.0
Station_01,Inv_00,20170701,13:38:00,226.0,9.7,2192,218.0,9.1,1984,25239,16102,47.7,413.0
Station_01,Inv_00,20170701,13:39:00,230.8,5.6,1292,217.0,5.2,1128,25239,16102,48.1,320.0
Station_01,Inv_00,20170701,13:40:00,229.0,15.6,3572,219.0,15.4,3373,25239,16102,49.4,659.0
Station_01,Inv_00,20170701,13:41:00,222.0,15.8,3507,219.0,15.0,3285,25239,16102,53.5,967.0
Station_01,Inv_00,20170701,13:42:00,225.0,3.9,878,218.0,3.9,850,25239,16102,50.3,278.0
Station_01,Inv_00,20170701,13:43:00,226.9,4.2,953,218.0,4.1,894,25239,16102,49.4,278.0
Station_01,Inv_00,20170701,13:44:00,205.5,6.9,1418,218.0,6.2,1352,25239,16102,50.4,557.0
Station_01,Inv_00,20170701,13:45:00,221.0,15.8,3491,219.0,14.9,3263,25239,16102,51.4,853.0
Station_01,Inv_00,20170701,13:46:00,222.7,4.3,957,218.0,4.1,894,25239,16102,51.6,370.0
Station_01,Inv_00,20170701,13:47:00,226.0,3.8,859,217.0,3.8,825,25239,16102,50.8,257.0
Station_01,Inv_00,20170701,13:48:00,199.0,3.6,716,218.0,3.2,698,25239,16102,50.0,233.0
Station_01,Inv_00,20170701,13:49:00,229.0,3.4,779,218.0,3.4,741,25239,16102,48.8,224.0
Station_01,Inv_00,20170701,13:50:00,218.0,3.5,763,218.0,3.4,741,25239,16102,47.2,224.0
Station_01,Inv_00,20170701,13:51:00,227.9,3.6,820,217.0,3.7,803,25239,16102,47.4,233.0
Station_01,Inv_00,20170701,13:52:00,232.0,4.0,928,217.0,4.0,868,25239,16102,46.1,257.0
Station_01,Inv_00,20170701,13:53:00,221.5,4.6,1019,217.0,4.9,1063,25239,16102,47.0,371.0
Station_01,Inv_00,20170701,13:54:00,233.0,3.6,839,217.0,3.7,803,25239,16102,45.6,246.0
Station_01,Inv_00,20170701,13:55:00,231.0,3.1,716,217.0,3.2,694,25239,16102,44.7,214.0
Station_01,Inv_00,20170701,13:56:00,230.5,2.9,668,217.0,2.9,629,25239,16102,43.6,198.0
Station_01,Inv_00,20170701,13:57:00,230.3,2.6,599,217.0,2.7,586,25239,16102,42.3,190.0
Station_01,Inv_00,20170701,13:58:00,232.5,2.6,605,217.0,2.7,586,25239,16102,42.0,183.0
Station_01,Inv_00,20170701,13:59:00,234.1,2.7,632,218.0,2.8,610,25239,16102,41.2,188.0
Station_01,Inv_00,20170701,14:00:00,235.4,3.0,706,218.0,3.1,676,25239,16102,41.5,210.0
Station_01,Inv_00,20170701,14:01:00,237.5,3.4,807,217.0,3.6,781,25239,16102,40.7,226.0
Station_01,Inv_00,20170701,14:02:00,237.0,3.5,830,217.0,3.6,781,25239,16102,40.9,237.0
Station_01,Inv_00,20170701,14:03:00,238.5,11.1,2647,218.0,10.1,2202,25239,16102,41.9,377.0
Station_01,Inv_00,20170701,14:04:00,234.5,3.6,844,217.0,3.8,825,25239,16102,42.3,264.0
Station_01,Inv_00,20170701,14:05:00,211.4,3.8,803,217.0,3.6,781,25239,16102,41.6,258.0
Station_01,Inv_00,20170701,14:06:00,232.8,4.0,931,218.0,4.0,872,25239,16102,42.1,267.0
Station_01,Inv_00,20170701,14:07:00,235.0,14.5,3407,219.0,14.5,3176,25239,16102,43.9,767.0
Station_01,Inv_00,20170701,14:08:00,190.0,4.5,855,218.0,6.9,1504,25240,16103,47.4,789.0
Station_01,Inv_00,20170701,14:09:00,230.8,3.6,831,218.0,3.6,785,25240,16103,44.4,259.0
Station_01,Inv_00,20170701,14:10:00,207.5,3.4,706,216.0,3.2,691,25240,16103,44.0,239.0
Station_01,Inv_00,20170701,14:11:00,232.0,3.2,742,217.0,3.2,694,25240,16103,43.7,222.0
Station_01,Inv_00,20170701,14:12:00,229.5,2.8,643,217.0,2.9,629,25240,16103,42.9,201.0
Station_01,Inv_00,20170701,14:13:00,229.0,2.6,595,217.0,2.6,564,25240,16103,41.8,181.0
Station_01,Inv_00,20170701,14:14:00,233.2,2.6,606,217.0,2.6,564,25240,16103,41.3,177.0
Station_01,Inv_00,20170701,14:15:00,235.3,2.8,659,217.0,3.0,651,25240,16103,41.0,193.0
Station_01,Inv_00,20170701,14:16:00,233.0,8.7,2027,218.0,8.9,1940,25240,16103,41.5,399.0
Station_01,Inv_00,20170701,14:17:00,230.0,3.6,828,217.0,3.6,781,25240,16103,43.1,419.0
Station_01,Inv_00,20170701,14:18:00,231.7,3.6,834,218.0,3.5,763,25240,16103,42.5,229.0
Station_01,Inv_00,20170701,14:19:00,232.4,4.3,999,218.0,4.1,894,25240,16103,41.9,266.0
Station_01,Inv_00,20170701,14:20:00,230.0,13.0,2990,219.0,13.1,2869,25240,16103,43.9,712.0
Station_01,Inv_00,20170701,14:21:00,233.8,4.6,1076,218.0,4.6,1003,25240,16103,44.4,355.0
Station_01,Inv_00,20170701,14:22:00,225.5,4.1,925,218.0,4.0,872,25240,16103,43.6,281.0
Station_01,Inv_00,20170701,14:23:00,223.5,13.1,2928,219.0,12.6,2759,25240,16103,44.2,600.0
Station_01,Inv_00,20170701,14:24:00,230.5,3.3,761,218.0,3.4,741,25240,16103,44.8,309.0
Station_01,Inv_00,20170701,14:25:00,226.0,3.2,723,218.0,3.1,676,25240,16103,43.8,216.0
Station_01,Inv_00,20170701,14:26:00,225.8,3.8,858,218.0,3.7,807,25240,16103,42.6,240.0
Station_01,Inv_00,20170701,14:27:00,225.9,12.5,2824,219.0,12.0,2628,25240,16103,45.9,742.0
Station_01,Inv_00,20170701,14:28:00,224.5,12.7,2851,219.0,12.3,2694,25240,16103,48.3,786.0
Station_01,Inv_00,20170701,14:29:00,223.9,5.3,1187,218.0,5.1,1112,25240,16103,45.9,348.0
Station_01,Inv_00,20170701,14:30:00,224.0,5.3,1187,219.0,5.0,1095,25240,16103,45.6,337.0
Station_01,Inv_00,20170701,14:31:00,223.0,12.1,2699,219.0,11.4,2497,25240,16103,46.6,567.0
Station_01,Inv_00,20170701,14:32:00,224.3,4.6,1032,218.0,4.5,981,25240,16103,45.7,324.0
Station_01,Inv_00,20170701,14:33:00,231.9,3.9,904,218.0,3.8,828,25240,16103,44.3,273.0
Station_01,Inv_00,20170701,14:34:00,233.5,3.4,794,218.0,3.4,741,25240,16103,43.1,228.0
Station_01,Inv_00,20170701,14:35:00,235.9,3.3,778,218.0,3.3,719,25240,16103,42.2,218.0
Station_01,Inv_00,20170701,14:36:00,236.5,3.1,733,218.0,3.2,698,25240,16103,42.0,206.0
Station_01,Inv_00,20170701,14:37:00,229.9,2.9,667,218.0,2.9,632,25240,16103,41.4,192.0
Station_01,Inv_00,20170701,14:38:00,190.6,2.7,515,218.0,2.2,480,25240,16103,39.3,178.0
Station_01,Inv_00,20170701,14:39:00,232.2,2.6,604,218.0,2.6,567,25240,16103,39.2,172.0
Station_01,Inv_00,20170701,14:40:00,213.0,2.9,618,218.0,2.7,589,25240,16103,39.3,185.0
Station_01,Inv_00,20170701,14:41:00,161.0,3.4,547,218.0,2.5,545,25240,16103,39.6,219.0
Station_01,Inv_00,20170701,14:42:00,152.4,4.0,610,219.0,2.7,591,25240,16103,40.0,257.0
Station_01,Inv_00,20170701,14:43:00,152.0,4.8,729,219.0,3.3,723,25240,16103,43.1,539.0
Station_01,Inv_00,20170701,14:44:00,198.0,4.3,852,219.0,3.8,832,25240,16103,42.8,288.0
Station_01,Inv_00,20170701,14:45:00,231.5,4.8,1111,219.0,4.7,1029,25240,16103,42.4,307.0
Station_01,Inv_00,20170701,14:46:00,230.5,5.3,1222,219.0,5.1,1117,25240,16103,42.8,332.0
Station_01,Inv_00,20170701,14:47:00,231.5,5.4,1250,219.0,5.3,1161,25240,16103,41.9,347.0
Station_01,Inv_00,20170701,14:48:00,235.4,13.1,3084,220.0,13.2,2904,25240,16103,43.4,671.0
Station_01,Inv_00,20170701,14:49:00,224.0,14.1,3158,220.0,13.4,2948,25240,16103,47.0,848.0
Station_01,Inv_00,20170701,14:50:00,220.0,14.3,3146,220.0,13.4,2948,25240,16103,48.7,860.0
Station_01,Inv_00,20170701,14:51:00,221.5,14.3,3167,221.0,13.5,2984,25240,16103,50.0,868.0
Station_01,Inv_00,20170701,14:52:00,207.0,14.5,3001,221.0,12.8,2829,25240,16103,50.6,871.0
Station_01,Inv_00,20170701,14:53:00,220.5,12.7,2800,220.0,12.3,2706,25241,16104,50.5,818.0
Station_01,Inv_00,20170701,14:54:00,213.5,9.9,2113,219.0,10.4,2278,25241,16104,50.8,706.0
Station_01,Inv_00,20170701,14:55:00,225.9,8.8,1988,219.0,7.7,1686,25241,16104,50.0,416.0
Station_01,Inv_00,20170701,14:56:00,202.9,8.8,1785,219.0,8.2,1796,25241,16104,51.1,755.0
Station_01,Inv_00,20170701,14:57:00,227.4,5.6,1274,219.0,5.4,1183,25241,16104,48.4,372.0
Station_01,Inv_00,20170701,14:58:00,225.5,12.7,2864,220.0,12.4,2728,25241,16104,50.9,777.0
Station_01,Inv_00,20170701,14:59:00,230.5,8.5,1959,219.0,7.5,1643,25241,16104,49.4,459.0
Station_01,Inv_00,20170701,15:00:00,229.5,5.0,1148,219.0,4.8,1051,25241,16104,48.4,354.0
Station_01,Inv_00,20170701,15:01:00,213.0,6.2,1321,219.0,5.1,1117,25241,16104,48.1,533.0
Station_01,Inv_00,20170701,15:02:00,229.8,3.8,873,218.0,3.9,850,25241,16104,46.2,272.0
Station_01,Inv_00,20170701,15:03:00,212.0,6.4,1357,219.0,6.9,1511,25241,16104,46.3,476.0
Station_01,Inv_00,20170701,15:04:00,231.5,3.8,880,219.0,3.8,832,25241,16104,44.3,261.0
Station_01,Inv_00,20170701,15:05:00,236.0,4.2,991,220.0,4.2,924,25241,16104,42.9,264.0
Station_01,Inv_00,20170701,15:06:00,234.5,7.3,1712,220.0,7.2,1584,25241,16104,42.7,373.0
Station_01,Inv_00,20170701,15:07:00,231.5,8.3,1921,220.0,8.3,1826,25241,16104,43.4,548.0
Station_01,Inv_00,20170701,15:08:00,233.3,8.5,1983,220.0,8.6,1892,25241,16104,44.0,545.0
Station_01,Inv_00,20170701,15:09:00,231.0,8.9,2056,219.0,8.9,1949,25241,16104,45.5,564.0
Station_01,Inv_00,20170701,15:10:00,232.0,8.5,1972,219.0,8.6,1883,25241,16104,45.2,557.0
Station_01,Inv_00,20170701,15:11:00,229.5,4.4,1010,219.0,4.3,942,25241,16104,45.0,380.0
Station_01,Inv_00,20170701,15:12:00,229.0,9.9,2267,219.0,9.7,2124,25241,16104,44.1,378.0
Station_01,Inv_00,20170701,15:13:00,227.0,5.2,1180,220.0,5.2,1144,25241,16104,44.8,420.0
Station_01,Inv_00,20170701,15:14:00,233.5,10.1,2358,220.0,10.1,2222,25241,16104,45.8,624.0
Station_01,Inv_00,20170701,15:15:00,221.9,9.9,2197,220.0,9.5,2090,25241,16104,46.8,618.0
Station_01,Inv_00,20170701,15:16:00,230.5,9.2,2121,220.0,9.1,2002,25241,16104,46.5,587.0
Station_01,Inv_00,20170701,15:17:00,228.5,9.2,2102,220.0,9.1,2002,25241,16104,46.2,583.0
Station_01,Inv_00,20170701,15:18:00,195.4,9.8,1915,220.0,8.2,1804,25241,16104,47.6,595.0
Station_01,Inv_00,20170701,15:19:00,229.5,9.9,2272,221.0,9.8,2166,25241,16104,47.9,629.0
Station_01,Inv_00,20170701,15:20:00,232.0,9.3,2158,221.0,9.3,2055,25241,16104,47.6,596.0
Station_01,Inv_00,20170701,15:21:00,233.5,9.2,2148,221.0,9.3,2055,25241,16104,47.3,602.0
Station_01,Inv_00,20170701,15:22:00,206.5,10.2,2106,221.0,9.0,1989,25241,16104,48.1,612.0
Station_01,Inv_00,20170701,15:23:00,233.5,10.1,2358,221.0,10.1,2232,25241,16104,48.5,650.0
Station_01,Inv_00,20170701,15:24:00,221.0,9.9,2188,221.0,9.4,2077,25241,16104,49.3,626.0
Station_01,Inv_00,20170701,15:25:00,230.0,8.7,2001,220.0,8.7,1914,25242,16104,48.5,574.0
Station_01,Inv_00,20170701,15:26:00,232.4,7.8,1813,220.0,7.9,1738,25242,16104,48.2,517.0
Station_01,Inv_00,20170701,15:27:00,230.4,7.8,1797,220.0,7.7,1694,25242,16104,47.1,503.0
Station_01,Inv_00,20170701,15:28:00,233.0,7.4,1724,220.0,7.5,1650,25242,16104,47.3,485.0
Station_01,Inv_00,20170701,15:29:00,232.9,7.2,1677,220.0,7.2,1584,25242,16104,46.8,467.0
Station_01,Inv_00,20170701,15:30:00,233.5,6.7,1564,220.0,6.6,1452,25242,16104,45.6,426.0
Station_01,Inv_00,20170701,15:31:00,233.5,8.3,1938,220.0,8.2,1804,25242,16104,45.3,508.0
Station_01,Inv_00,20170701,15:32:00,231.0,9.8,2264,220.0,9.7,2134,25242,16104,46.0,609.0
Station_01,Inv_00,20170701,15:33:00,230.0,9.9,2277,220.0,9.8,2156,25242,16104,46.2,617.0
Station_01,Inv_00,20170701,15:34:00,227.9,10.4,2371,220.0,10.2,2244,25242,16104,46.9,649.0
Station_01,Inv_00,20170701,15:35:00,229.5,10.2,2341,220.0,10.0,2200,25242,16104,47.3,635.0
Station_01,Inv_00,20170701,15:36:00,231.5,10.0,2315,221.0,9.9,2188,25242,16104,47.6,638.0
Station_01,Inv_00,20170701,15:37:00,231.0,10.1,2333,219.0,10.0,2190,25242,16104,47.6,637.0
Station_01,Inv_00,20170701,15:38:00,209.5,10.7,2242,219.0,9.7,2124,25242,16104,46.6,648.0
Station_01,Inv_00,20170701,15:39:00,226.0,10.1,2283,219.0,9.9,2168,25242,16104,47.9,636.0
Station_01,Inv_00,20170701,15:40:00,232.0,8.9,2065,219.0,8.8,1927,25242,16104,47.4,579.0
Station_01,Inv_00,20170701,15:41:00,229.5,8.8,2020,219.0,8.7,1905,25242,16104,47.3,556.0
Station_01,Inv_00,20170701,15:42:00,234.0,6.7,1568,218.0,6.8,1482,25242,16104,46.3,440.0
Station_01,Inv_00,20170701,15:43:00,232.0,6.9,1601,219.0,6.9,1511,25242,16104,45.3,442.0
Station_01,Inv_00,20170701,15:44:00,233.5,7.3,1704,219.0,7.3,1599,25242,16104,45.1,461.0
Station_01,Inv_00,20170701,15:45:00,232.0,6.3,1462,219.0,6.2,1358,25242,16104,44.5,411.0
Station_01,Inv_00,20170701,15:46:00,230.0,5.2,1196,219.0,5.1,1117,25242,16104,43.4,345.0
Station_01,Inv_00,20170701,15:47:00,234.0,4.4,1030,219.0,4.5,986,25242,16104,42.6,299.0
Station_01,Inv_00,20170701,15:48:00,222.3,4.6,1023,220.0,4.3,946,25242,16104,42.2,295.0
Station_01,Inv_00,20170701,15:49:00,221.5,5.5,1218,219.0,5.3,1161,25242,16104,41.7,340.0
Station_01,Inv_00,20170701,15:50:00,223.0,5.5,1227,219.0,5.2,1139,25242,16104,42.0,347.0
Station_01,Inv_00,20170701,15:51:00,235.5,4.6,1083,219.0,4.6,1007,25242,16104,41.5,309.0
Station_01,Inv_00,20170701,15:52:00,238.4,4.2,1001,218.0,4.2,916,25242,16104,40.9,281.0
Station_01,Inv_00,20170701,15:53:00,223.5,4.4,983,218.0,4.1,894,25242,16104,40.3,283.0
Station_01,Inv_00,20170701,15:54:00,239.4,4.4,1053,218.0,4.4,959,25242,16104,40.6,285.0
Station_01,Inv_00,20170701,15:55:00,215.0,4.4,946,219.0,4.1,898,25242,16104,40.3,287.0
Station_01,Inv_00,20170701,15:56:00,231.9,4.5,1044,219.0,4.3,942,25242,16104,39.9,289.0
Station_01,Inv_00,20170701,15:57:00,231.5,4.4,1019,218.0,4.3,937,25242,16104,39.4,291.0
Station_01,Inv_00,20170701,15:58:00,231.0,4.5,1039,219.0,4.3,942,25242,16104,39.5,289.0
Station_01,Inv_00,20170701,15:59:00,235.4,4.5,1059,219.0,4.4,964,25242,16104,39.4,290.0
Station_01,Inv_00,20170701,16:00:00,237.3,4.8,1139,220.0,4.7,1034,25242,16104,40.0,305.0
Station_01,Inv_00,20170701,16:01:00,235.0,5.0,1175,219.0,5.1,1117,25242,16104,40.0,329.0
Station_01,Inv_00,20170701,16:02:00,235.5,5.6,1319,218.0,5.6,1221,25242,16104,40.5,357.0
Station_01,Inv_00,20170701,16:03:00,236.4,6.3,1490,219.0,6.2,1358,25243,16105,40.3,389.0
Station_01,Inv_00,20170701,16:04:00,236.4,6.5,1537,219.0,6.5,1424,25243,16105,40.9,414.0
Station_01,Inv_00,20170701,16:05:00,236.0,7.0,1652,219.0,7.2,1577,25243,16105,41.8,439.0
Station_01,Inv_00,20170701,16:06:00,235.5,7.3,1719,218.0,7.5,1635,25243,16105,42.1,470.0
Station_01,Inv_00,20170701,16:07:00,233.9,6.5,1521,218.0,6.7,1461,25243,16105,42.1,432.0
Station_01,Inv_00,20170701,16:08:00,240.0,6.2,1488,220.0,6.2,1364,25243,16105,42.3,406.0
Station_01,Inv_00,20170701,16:09:00,235.0,6.4,1504,219.0,6.5,1424,25243,16105,41.7,413.0
Station_01,Inv_00,20170701,16:10:00,236.4,6.5,1537,220.0,6.7,1474,25243,16105,42.6,425.0
Station_01,Inv_00,20170701,16:11:00,235.5,6.0,1413,219.0,6.1,1336,25243,16105,42.4,395.0
Station_01,Inv_00,20170701,16:12:00,230.1,5.3,1220,219.0,5.1,1117,25243,16105,41.8,351.0
Station_01,Inv_00,20170701,16:13:00,230.5,4.8,1106,218.0,4.6,1003,25243,16105,41.6,314.0
Station_01,Inv_00,20170701,16:14:00,236.5,4.4,1041,218.0,4.4,959,25243,16105,41.3,284.0
Station_01,Inv_00,20170701,16:15:00,237.9,4.0,952,218.0,4.1,894,25243,16105,41.1,266.0
Station_01,Inv_00,20170701,16:16:00,228.6,4.0,914,218.0,3.9,850,25243,16105,40.6,252.0
Station_01,Inv_00,20170701,16:17:00,226.0,3.8,859,218.0,3.8,828,25243,16105,39.6,247.0
Station_01,Inv_00,20170701,16:18:00,224.9,3.6,810,219.0,3.6,788,25243,16105,39.9,234.0
Station_01,Inv_00,20170701,16:19:00,236.5,3.3,780,219.0,3.5,767,25243,16105,39.2,221.0
Station_01,Inv_00,20170701,16:20:00,234.5,3.2,750,218.0,3.3,719,25243,16105,39.0,208.0
Station_01,Inv_00,20170701,16:21:00,226.0,3.2,723,218.0,3.1,676,25243,16105,38.4,202.0
Station_01,Inv_00,20170701,16:22:00,230.0,3.1,713,219.0,3.1,679,25243,16105,38.5,197.0
Station_01,Inv_00,20170701,16:23:00,229.0,2.9,664,218.0,3.0,654,25243,16105,38.4,193.0
Station_01,Inv_00,20170701,16:24:00,226.2,3.0,679,219.0,3.0,657,25243,16105,38.0,190.0
Station_01,Inv_00,20170701,16:25:00,232.5,3.0,698,219.0,2.9,635,25243,16105,37.8,189.0
Station_01,Inv_00,20170701,16:26:00,228.0,3.2,730,219.0,3.1,679,25243,16105,37.8,201.0
Station_01,Inv_00,20170701,16:27:00,226.5,3.1,702,219.0,3.1,679,25243,16105,37.7,202.0
Station_01,Inv_00,20170701,16:28:00,240.4,3.0,721,220.0,3.1,682,25243,16105,37.7,198.0
Station_01,Inv_00,20170701,16:29:00,226.0,2.9,655,219.0,2.9,635,25243,16105,37.3,187.0
Station_01,Inv_00,20170701,16:30:00,234.0,2.7,632,217.0,2.8,608,25243,16105,37.0,179.0
Station_01,Inv_00,20170701,16:31:00,240.2,2.4,577,217.0,2.5,543,25243,16105,36.9,165.0
Station_01,Inv_00,20170701,16:32:00,234.5,2.3,539,218.0,2.3,501,25243,16105,36.9,153.0
Station_01,Inv_00,20170701,16:33:00,222.0,2.2,488,217.0,2.1,456,25243,16105,36.7,144.0
Station_01,Inv_00,20170701,16:34:00,226.0,2.0,452,216.0,2.0,432,25243,16105,36.3,134.0
Station_01,Inv_00,20170701,16:35:00,222.5,1.9,423,217.0,1.9,412,25243,16105,36.0,128.0
Station_01,Inv_00,20170701,16:36:00,210.0,1.8,378,217.0,1.7,369,25243,16105,36.0,121.0
Station_01,Inv_00,20170701,16:37:00,229.0,1.7,389,217.0,1.6,347,25243,16105,35.7,113.0
Station_01,Inv_00,20170701,16:38:00,226.0,1.6,362,217.0,1.5,326,25243,16105,35.5,125.0
Station_01,Inv_00,20170701,16:39:00,224.0,1.4,314,216.0,1.5,324,25243,16105,35.4,117.0
Station_01,Inv_00,20170701,16:40:00,220.4,1.4,309,217.0,1.4,304,25243,16105,35.0,95.0
Station_01,Inv_00,20170701,16:41:00,233.5,1.3,304,216.0,1.4,302,25243,16105,34.9,93.0
Station_01,Inv_00,20170701,16:42:00,225.9,1.3,294,215.0,1.4,301,25243,16105,34.8,90.0
Station_01,Inv_00,20170701,16:43:00,223.3,1.2,268,215.0,1.3,280,25243,16105,34.6,88.0
Station_01,Inv_00,20170701,16:44:00,213.5,1.2,256,215.0,1.2,258,25243,16105,34.5,85.0
Station_01,Inv_00,20170701,16:45:00,222.5,1.2,267,217.0,1.2,260,25243,16105,34.4,82.0
Station_01,Inv_00,20170701,16:46:00,228.5,1.0,229,218.0,1.2,262,25243,16105,34.3,80.0
Station_01,Inv_00,20170701,16:47:00,206.3,1.1,227,218.0,1.1,240,25243,16105,34.2,78.0
Station_01,Inv_00,20170701,16:48:00,202.5,1.0,203,218.0,1.0,218,25243,16105,34.1,77.0
Station_01,Inv_00,20170701,16:49:00,222.0,1.0,222,218.0,1.1,240,25243,16105,34.1,75.0
Station_01,Inv_00,20170701,16:50:00,206.0,1.0,206,219.0,1.0,219,25243,16105,33.9,73.0
Station_01,Inv_00,20170701,16:51:00,211.0,1.0,211,219.0,1.0,219,25243,16105,33.8,72.0
Station_01,Inv_00,20170701,16:52:00,215.8,0.9,194,219.0,1.0,219,25243,16105,33.7,70.0
Station_01,Inv_00,20170701,16:53:00,222.0,0.9,200,218.0,1.0,218,25243,16105,33.7,68.0
Station_01,Inv_00,20170701,16:54:00,210.4,0.9,189,218.0,1.0,218,25243,16105,33.6,67.0
Station_01,Inv_00,20170701,16:55:00,220.0,0.8,176,218.0,1.0,218,25243,16105,33.6,66.0
Station_01,Inv_00,20170701,16:56:00,232.0,0.8,186,219.0,1.0,219,25243,16105,33.5,64.0
Station_01,Inv_00,20170701,16:57:00,209.8,0.8,168,218.0,0.9,196,25243,16105,33.4,63.0
Station_01,Inv_00,20170701,16:58:00,198.0,0.7,139,218.0,0.8,174,25243,16105,33.3,61.0
Station_01,Inv_00,20170701,16:59:00,191.0,0.8,153,218.0,0.8,174,25243,16105,33.3,59.0
Station_01,Inv_00,20170701,17:00:00,182.4,0.7,128,219.0,0.7,153,25243,16105,33.3,57.0
Station_01,Inv_00,20170701,17:01:00,223.0,0.6,134,218.0,0.8,174,25243,16105,33.2,54.0
Station_01,Inv_00,20170701,17:02:00,225.4,0.5,113,218.0,0.7,153,25243,16105,33.2,51.0
Station_01,Inv_00,20170701,17:03:00,202.4,0.5,101,218.0,0.6,131,25243,16105,33.2,47.0
Station_01,Inv_00,20170701,17:04:00,197.0,0.4,79,219.0,0.5,110,25243,16105,33.2,45.0
Station_01,Inv_00,20170701,17:05:00,212.3,0.4,85,219.0,0.5,110,25243,16105,33.1,43.0
Station_01,Inv_00,20170701,17:06:00,216.3,0.3,65,219.0,0.5,110,25243,16105,33.0,41.0
Station_01,Inv_00,20170701,17:07:00,198.0,0.3,59,220.0,0.5,110,25243,16105,32.7,40.0
Station_01,Inv_00,20170701,17:08:00,215.3,0.3,65,219.0,0.5,110,25243,16105,32.5,38.0
Station_01,Inv_00,20170701,17:09:00,199.7,0.3,60,219.0,0.5,110,25243,16105,32.3,38.0
Station_01,Inv_00,20170701,17:10:00,198.0,0.4,79,219.0,0.5,110,25243,16105,32.1,37.0
Station_01,Inv_00,20170701,17:11:00,197.0,0.4,79,219.0,0.5,110,25243,16105,31.8,37.0
Station_01,Inv_00,20170701,17:12:00,171.0,0.3,51,217.0,0.5,109,25243,16105,31.8,38.0
Station_01,Inv_00,20170701,17:13:00,165.0,0.4,66,217.0,0.5,109,25243,16105,31.6,39.0
Station_01,Inv_00,20170701,17:14:00,154.0,0.4,62,217.0,0.5,109,25243,16105,31.5,40.0
Station_01,Inv_00,20170701,17:15:00,190.0,0.4,76,217.0,0.5,109,25243,16105,31.4,41.0
Station_01,Inv_00,20170701,17:16:00,205.0,0.4,82,217.0,0.5,109,25243,16105,31.2,40.0
Station_01,Inv_00,20170701,17:17:00,212.0,0.4,85,216.0,0.5,108,25243,16105,31.0,40.0
Station_01,Inv_00,20170701,17:18:00,210.0,0.4,84,216.0,0.5,108,25243,16105,30.8,39.0
Station_01,Inv_00,20170701,17:19:00,210.0,0.4,84,216.0,0.5,108,25243,16105,30.7,39.0
Station_01,Inv_00,20170701,17:20:00,166.7,0.3,50,216.0,0.5,108,25243,16105,30.5,38.0
Station_01,Inv_00,20170701,17:21:00,181.0,0.4,72,217.0,0.5,109,25243,16105,30.4,38.0
Station_01,Inv_00,20170701,17:22:00,184.0,0.4,74,216.0,0.5,108,25243,16105,30.3,38.0
Station_01,Inv_00,20170701,17:23:00,171.3,0.3,51,216.0,0.5,108,25243,16105,30.1,37.0
Station_01,Inv_00,20170701,17:24:00,205.0,0.4,82,217.0,0.5,109,25243,16105,30.0,37.0
Station_01,Inv_00,20170701,17:25:00,207.7,0.3,62,217.0,0.5,109,25243,16105,29.8,37.0
Station_01,Inv_00,20170701,17:26:00,204.0,0.3,61,216.0,0.5,108,25243,16105,29.8,37.0
Station_01,Inv_00,20170701,17:27:00,183.0,0.3,55,217.0,0.5,109,25243,16105,29.8,36.0
Station_01,Inv_00,20170701,17:28:00,147.0,0.2,29,216.0,0.4,86,25243,16105,29.6,35.0
Station_01,Inv_00,20170701,17:29:00,154.3,0.3,46,218.0,0.4,87,25243,16105,29.6,35.0
Station_01,Inv_00,20170701,17:30:00,150.0,0.3,45,217.0,0.4,87,25243,16105,29.5,35.0
Station_01,Inv_00,20170701,17:31:00,164.0,0.3,49,216.0,0.4,86,25243,16105,29.5,35.0
Station_01,Inv_00,20170701,17:32:00,172.3,0.3,52,217.0,0.5,109,25243,16105,29.4,35.0
Station_01,Inv_00,20170701,17:33:00,180.0,0.3,54,217.0,0.4,87,25243,16105,29.4,34.0
Station_01,Inv_00,20170701,17:34:00,178.0,0.3,53,217.0,0.4,87,25243,16105,29.4,34.0
Station_01,Inv_00,20170701,17:35:00,167.3,0.3,50,217.0,0.5,109,25243,16105,29.3,34.0
Station_01,Inv_00,20170701,17:36:00,155.0,0.2,31,218.0,0.4,87,25243,16105,29.3,33.0
Station_01,Inv_00,20170701,17:37:00,152.0,0.3,46,218.0,0.4,87,25243,16105,29.3,33.0
Station_01,Inv_00,20170701,17:38:00,0.0,0.0,0,223.0,0.3,67,25243,16105,29.3,32.0
Station_01,Inv_00,20170701,17:39:00,0.0,0.0,0,0.0,0.0,0,25243,16105,29.3,32.0
Station_01,Inv_00,20170701,17:40:00,0.0,0.0,0,0.0,0.0,0,25243,16105,29.3,32.0
Station_01,Inv_00,20170701,17:41:00,0.0,0.0,0,0.0,0.0,0,25243,16105,29.3,31.0
Station_01,Inv_00,20170701,17:42:00,0.0,0.0,0,0.0,0.0,0,25243,16105,29.3,31.0
Station_01,Inv_00,20170701,17:43:00,0.0,0.0,0,0.0,0.0,0,25243,16105,29.3,32.0
Station_01,Inv_00,20170701,17:44:00,209.0,0.2,42,218.0,0.4,87,25243,16105,29.3,32.0
Station_01,Inv_00,20170701,17:45:00,222.5,0.2,45,217.0,0.4,87,25243,16105,29.3,31.0
Station_01,Inv_00,20170701,17:46:00,226.0,0.2,45,217.0,0.4,87,25243,16105,29.3,30.0
Station_01,Inv_00,20170701,17:47:00,224.5,0.2,45,217.0,0.4,87,25243,16105,29.2,33.0
Station_01,Inv_00,20170701,17:48:00,221.0,0.2,44,217.0,0.4,87,25243,16105,29.2,31.0
Station_01,Inv_00,20170701,17:49:00,223.0,0.2,45,217.0,0.4,87,25243,16105,29.2,28.0
Station_01,Inv_00,20170701,17:50:00,209.0,0.2,42,217.0,0.4,87,25243,16105,29.2,29.0
Station_01,Inv_00,20170701,17:51:00,211.0,0.2,42,216.0,0.4,86,25243,16105,29.2,29.0
Station_01,Inv_00,20170701,17:52:00,207.0,0.2,41,217.0,0.4,87,25243,16105,29.2,27.0
Station_01,Inv_00,20170701,17:53:00,190.5,0.2,38,217.0,0.4,87,25243,16105,29.1,27.0
Station_01,Inv_00,20170701,17:54:00,179.0,0.2,36,217.0,0.4,87,25243,16105,29.1,27.0
Station_01,Inv_00,20170701,17:55:00,195.0,0.2,39,217.0,0.4,87,25243,16105,29.1,27.0
Station_01,Inv_00,20170701,17:56:00,209.0,0.2,42,219.0,0.4,88,25243,16105,29.0,26.0
Station_01,Inv_00,20170701,17:57:00,215.5,0.2,43,218.0,0.4,87,25243,16105,29.0,26.0
Station_01,Inv_00,20170701,17:58:00,216.0,0.2,43,217.0,0.4,87,25243,16105,29.0,26.0
Station_01,Inv_00,20170701,17:59:00,207.0,0.2,41,218.0,0.4,87,25243,16105,29.0,26.0
Station_01,Inv_00,20170701,18:00:00,0.0,0.0,0,217.0,0.4,87,25243,16105,28.9,26.0
Station_01,Inv_00,20170701,18:01:00,201.0,0.2,40,218.0,0.4,87,25243,16105,28.9,26.0
Station_01,Inv_00,20170701,18:02:00,0.0,0.0,0,217.0,0.4,87,25243,16105,28.9,26.0
Station_01,Inv_00,20170701,18:03:00,0.0,0.0,0,218.0,0.4,87,25243,16105,28.9,25.0
Station_01,Inv_00,20170701,18:04:00,0.0,0.0,0,217.0,0.4,87,25243,16105,28.9,25.0
Station_01,Inv_00,20170701,18:05:00,0.0,0.0,0,217.0,0.4,87,25243,16105,28.9,535.0
Station_01,Inv_00,20170701,18:06:00,0.0,0.0,0,217.0,0.4,87,25243,16105,28.9,24.0
Station_01,Inv_00,20170701,18:07:00,0.0,0.0,0,218.0,0.4,87,25243,16105,28.8,24.0
Station_01,Inv_00,20170701,18:08:00,0.0,0.0,0,219.0,0.4,88,25243,16105,28.8,23.0
Station_01,Inv_00,20170701,18:09:00,0.0,0.0,0,217.0,0.4,87,25243,16105,28.9,23.0
Station_01,Inv_00,20170701,18:10:00,0.0,0.0,0,218.0,0.4,87,25243,16105,28.8,24.0
Station_01,Inv_00,20170701,18:11:00,0.0,0.0,0,218.0,0.4,87,25243,16105,28.8,25.0
Station_01,Inv_00,20170701,18:12:00,0.0,0.0,0,218.0,0.4,87,25243,16105,28.8,23.0
Station_01,Inv_00,20170701,18:13:00,0.0,0.0,0,218.0,0.4,87,25243,16105,28.8,22.0
Station_01,Inv_00,20170701,18:14:00,0.0,0.0,0,218.0,0.4,87,25243,16105,28.8,22.0
Station_01,Inv_00,20170701,18:15:00,0.0,0.0,0,218.0,0.4,87,25243,16105,28.8,22.0
Station_01,Inv_00,20170701,18:16:00,0.0,0.0,0,218.0,0.4,87,25243,16105,28.8,22.0
Station_01,Inv_00,20170701,18:17:00,0.0,0.0,0,218.0,0.4,87,25243,16105,28.8,21.0
Station_01,Inv_00,20170701,18:18:00,0.0,0.0,0,218.0,0.4,87,25243,16105,28.8,24.0
Station_01,Inv_00,20170701,18:19:00,0.0,0.0,0,218.0,0.4,87,25243,16105,28.8,21.0
Station_01,Inv_00,20170701,18:20:00,0.0,0.0,0,218.0,0.4,87,25243,16105,28.8,532.0
Station_01,Inv_00,20170701,18:21:00,0.0,0.0,0,218.0,0.4,87,25243,16105,28.7,532.0
Station_01,Inv_00,20170701,18:22:00,0.0,0.0,0,218.0,0.4,87,25243,16105,28.7,21.0
Station_01,Inv_00,20170701,18:23:00,0.0,0.0,0,218.0,0.4,87,25243,16105,28.7,20.0
Station_01,Inv_00,20170701,18:24:00,0.0,0.0,0,218.0,0.4,87,25243,16105,28.7,21.0
Station_01,Inv_00,20170701,18:25:00,0.0,0.0,0,218.0,0.4,87,25243,16105,28.7,21.0
Station_01,Inv_00,20170701,18:26:00,0.0,0.0,0,218.0,0.4,87,25243,16105,28.6,20.0
Station_01,Inv_00,20170701,18:27:00,0.0,0.0,0,218.0,0.4,87,25243,16105,28.7,20.0
Station_01,Inv_00,20170701,18:28:00,0.0,0.0,0,218.0,0.4,87,25243,16105,28.7,20.0
Station_01,Inv_00,20170701,18:29:00,0.0,0.0,0,218.0,0.4,87,25243,16105,28.7,20.0
Station_01,Inv_00,20170701,18:30:00,0.0,0.0,0,218.0,0.4,87,25243,16105,28.7,20.0
Station_01,Inv_00,20170701,18:31:00,0.0,0.0,0,218.0,0.4,87,25243,16105,28.7,19.0
Station_01,Inv_00,20170701,18:32:00,0.0,0.0,0,218.0,0.4,87,25243,16105,28.7,20.0
Station_01,Inv_00,20170701,18:33:00,0.0,0.0,0,218.0,0.4,87,25243,16105,28.8,20.0
Station_01,Inv_00,20170701,18:34:00,0.0,0.0,0,218.0,0.4,87,25243,16105,28.7,19.0
Station_01,Inv_00,20170701,18:35:00,0.0,0.0,0,218.0,0.4,87,25243,16105,28.7,19.0
Station_01,Inv_00,20170701,18:36:00,0.0,0.0,0,218.0,0.4,87,25243,16105,28.7,19.0
Station_01,Inv_00,20170701,18:37:00,0.0,0.0,0,218.0,0.4,87,25243,16105,28.8,19.0
Station_01,Inv_00,20170701,18:38:00,0.0,0.0,0,218.0,0.4,87,25243,16105,28.7,19.0
Station_01,Inv_00,20170701,18:39:00,0.0,0.0,0,218.0,0.4,87,25243,16105,28.7,19.0
Station_01,Inv_00,20170701,18:40:00,0.0,0.0,0,218.0,0.4,87,25243,16105,28.7,19.0
Station_01,Inv_00,20170701,18:41:00,0.0,0.0,0,218.0,0.4,87,25243,16105,28.6,19.0
Station_01,Inv_00,20170701,18:42:00,0.0,0.0,0,218.0,0.4,87,25243,16105,28.5,30.0
Station_01,Inv_00,20170701,18:43:00,0.0,0.0,0,218.0,0.4,87,25243,16105,28.5,19.0
Station_01,Inv_00,20170701,18:44:00,0.0,0.0,0,218.0,0.4,87,25243,16105,28.5,18.0
Station_01,Inv_00,20170701,18:45:00,0.0,0.0,0,218.0,0.4,87,25243,16105,28.5,18.0
Station_01,Inv_00,20170701,18:46:00,0.0,0.0,0,218.0,0.4,87,25243,16105,28.5,18.0
Station_01,Inv_00,20170701,18:47:00,0.0,0.0,0,218.0,0.4,87,25243,16105,28.4,18.0
Station_01,Inv_00,20170701,18:48:00,0.0,0.0,0,218.0,0.4,87,25243,16105,28.3,17.0
Station_01,Inv_00,20170701,18:49:00,0.0,0.0,0,218.0,0.4,87,25243,16105,28.3,18.0
Station_01,Inv_00,20170701,18:50:00,0.0,0.0,0,218.0,0.4,87,25243,16105,28.2,19.0
Station_01,Inv_00,20170701,18:51:00,0.0,0.0,0,218.0,0.4,87,25243,16105,28.1,19.0
Station_01,Inv_00,20170701,18:52:00,0.0,0.0,0,218.0,0.4,87,25243,16105,27.9,19.0
Station_01,Inv_00,20170701,18:53:00,0.0,0.0,0,218.0,0.4,87,25243,16105,27.7,18.0
Station_01,Inv_00,20170701,18:54:00,0.0,0.0,0,218.0,0.4,87,25243,16105,27.4,18.0
Station_01,Inv_00,20170701,18:55:00,0.0,0.0,0,218.0,0.4,87,25243,16105,27.2,19.0
Station_01,Inv_00,20170701,18:56:00,0.0,0.0,0,218.0,0.4,87,25243,16105,27.0,18.0
Station_01,Inv_00,20170701,18:57:00,0.0,0.0,0,218.0,0.4,87,25243,16105,26.8,18.0
Station_01,Inv_00,20170701,18:58:00,0.0,0.0,0,218.0,0.4,87,25243,16105,26.7,17.0
Station_01,Inv_00,20170701,18:59:00,0.0,0.0,0,218.0,0.4,87,25243,16105,26.7,18.0
Station_01,Inv_00,20170701,19:00:00,0.0,0.0,0,218.0,0.4,87,25243,16105,26.6,18.0
Station_01,Inv_00,20170701,19:01:00,0.0,0.0,0,218.0,0.4,87,25243,16105,26.5,18.0
Station_01,Inv_00,20170701,19:02:00,0.0,0.0,0,218.0,0.4,87,25243,16105,26.4,17.0
Station_01,Inv_00,20170701,19:03:00,0.0,0.0,0,218.0,0.4,87,25243,16105,26.4,17.0
Station_01,Inv_00,20170701,19:04:00,0.0,0.0,0,218.0,0.4,87,25243,16105,26.3,17.0
Station_01,Inv_00,20170701,19:05:00,0.0,0.0,0,218.0,0.4,87,25243,16105,26.2,17.0
Station_01,Inv_00,20170701,19:06:00,0.0,0.0,0,218.0,0.4,87,25243,16105,26.2,17.0
Station_01,Inv_00,20170701,19:07:00,0.0,0.0,0,218.0,0.4,87,25243,16105,26.1,17.0
Station_01,Inv_00,20170701,19:08:00,0.0,0.0,0,218.0,0.4,87,25243,16105,26.0,17.0
Station_01,Inv_00,20170701,19:09:00,0.0,0.0,0,218.0,0.4,87,25243,16105,26.1,17.0
Station_01,Inv_00,20170701,19:10:00,0.0,0.0,0,218.0,0.4,87,25243,16105,26.1,17.0
Station_01,Inv_00,20170701,19:11:00,0.0,0.0,0,218.0,0.4,87,25243,16105,26.1,17.0
Station_01,Inv_00,20170701,19:12:00,0.0,0.0,0,218.0,0.4,87,25243,16105,26.0,17.0
Station_01,Inv_00,20170701,19:13:00,0.0,0.0,0,218.0,0.4,87,25243,16105,26.2,17.0
Station_01,Inv_00,20170701,19:14:00,0.0,0.0,0,218.0,0.4,87,25243,16105,26.2,17.0
Station_01,Inv_00,20170701,19:15:00,0.0,0.0,0,218.0,0.4,87,25243,16105,26.2,17.0
Station_01,Inv_00,20170701,19:16:00,0.0,0.0,0,218.0,0.4,87,25243,16105,26.2,17.0
Station_01,Inv_00,20170701,19:17:00,0.0,0.0,0,218.0,0.4,87,25243,16105,26.4,17.0
Station_01,Inv_00,20170701,19:18:00,0.0,0.0,0,218.0,0.4,87,25243,16105,26.5,18.0
Station_01,Inv_00,20170701,19:19:00,0.0,0.0,0,218.0,0.4,87,25243,16105,26.8,18.0
Station_01,Inv_00,20170701,19:20:00,0.0,0.0,0,218.0,0.4,87,25243,16105,26.9,18.0
Station_01,Inv_00,20170701,19:21:00,0.0,0.0,0,218.0,0.4,87,25243,16105,27.0,18.0
Station_01,Inv_00,20170701,19:22:00,0.0,0.0,0,218.0,0.4,87,25243,16105,27.1,18.0
Station_01,Inv_00,20170701,19:23:00,0.0,0.0,0,218.0,0.4,87,25243,16105,27.2,19.0
Station_01,Inv_00,20170701,19:24:00,0.0,0.0,0,218.0,0.4,87,25243,16105,27.2,19.0
Station_01,Inv_00,20170701,19:25:00,0.0,0.0,0,218.0,0.4,87,25243,16105,27.2,19.0
Station_01,Inv_00,20170701,19:26:00,0.0,0.0,0,218.0,0.4,87,25243,16105,27.3,19.0
Station_01,Inv_00,20170701,19:27:00,0.0,0.0,0,218.0,0.4,87,25243,16105,27.3,18.0
Station_01,Inv_00,20170701,19:28:00,0.0,0.0,0,218.0,0.4,87,25243,16105,27.4,18.0
Station_01,Inv_00,20170701,19:29:00,0.0,0.0,0,218.0,0.4,87,25243,16105,27.4,18.0
Station_01,Inv_00,20170701,19:30:00,0.0,0.0,0,218.0,0.4,87,25243,16105,27.5,19.0
Station_01,Inv_00,20170701,19:31:00,0.0,0.0,0,218.0,0.4,87,25243,16105,27.5,19.0
Station_01,Inv_00,20170701,19:32:00,0.0,0.0,0,218.0,0.4,87,25243,16105,27.4,20.0
Station_01,Inv_00,20170701,19:33:00,0.0,0.0,0,218.0,0.4,87,25243,16105,27.5,19.0
Station_01,Inv_00,20170701,19:34:00,0.0,0.0,0,218.0,0.4,87,25243,16105,27.6,19.0
Station_01,Inv_00,20170701,19:35:00,0.0,0.0,0,218.0,0.4,87,25243,16105,27.6,19.0
Station_01,Inv_00,20170701,19:36:00,0.0,0.0,0,218.0,0.4,87,25243,16105,27.7,19.0
Station_01,Inv_00,20170701,19:37:00,0.0,0.0,0,218.0,0.4,87,25243,16105,27.8,19.0
Station_01,Inv_00,20170701,19:38:00,0.0,0.0,0,218.0,0.4,87,25243,16105,27.9,19.0
Station_01,Inv_00,20170701,19:39:00,0.0,0.0,0,218.0,0.4,87,25243,16105,27.9,19.0
Station_01,Inv_00,20170701,19:40:00,0.0,0.0,0,218.0,0.4,87,25243,16105,27.8,19.0
Station_01,Inv_00,20170701,19:41:00,0.0,0.0,0,218.0,0.4,87,25243,16105,27.9,19.0
Station_01,Inv_00,20170701,19:42:00,0.0,0.0,0,218.0,0.4,87,25243,16105,27.9,18.0
Station_01,Inv_00,20170701,19:43:00,0.0,0.0,0,218.0,0.4,87,25243,16105,27.9,19.0
Station_01,Inv_00,20170701,19:44:00,0.0,0.0,0,218.0,0.4,87,25243,16105,27.9,18.0
Station_01,Inv_00,20170701,19:45:00,0.0,0.0,0,218.0,0.4,87,25243,16105,27.9,19.0
Station_01,Inv_00,20170701,19:46:00,0.0,0.0,0,218.0,0.4,87,25243,16105,27.9,18.0
Station_01,Inv_00,20170701,19:47:00,0.0,0.0,0,218.0,0.4,87,25243,16105,27.9,18.0
Station_01,Inv_00,20170701,19:48:00,0.0,0.0,0,218.0,0.4,87,25243,16105,27.9,18.0
Station_01,Inv_00,20170701,19:49:00,0.0,0.0,0,218.0,0.4,87,25243,16105,27.9,19.0
Station_01,Inv_00,20170701,19:50:00,0.0,0.0,0,218.0,0.4,87,25243,16105,27.9,18.0
Station_01,Inv_00,20170701,19:51:00,0.0,0.0,0,218.0,0.4,87,25243,16105,27.9,18.0
Station_01,Inv_00,20170701,19:52:00,0.0,0.0,0,218.0,0.4,87,25243,16105,27.9,18.0
Station_01,Inv_00,20170701,19:53:00,0.0,0.0,0,218.0,0.4,87,25243,16105,28.0,18.0
Station_01,Inv_00,20170701,19:54:00,0.0,0.0,0,218.0,0.4,87,25243,16105,28.0,21.0
Station_01,Inv_00,20170701,19:55:00,0.0,0.0,0,218.0,0.4,87,25243,16105,28.0,18.0
Station_01,Inv_00,20170701,19:56:00,0.0,0.0,0,218.0,0.4,87,25243,16105,28.0,18.0
Station_01,Inv_00,20170701,19:57:00,0.0,0.0,0,218.0,0.4,87,25243,16105,28.0,18.0
Station_01,Inv_00,20170701,19:58:00,0.0,0.0,0,218.0,0.4,87,25243,16105,28.0,18.0
Station_01,Inv_00,20170701,19:59:00,0.0,0.0,0,218.0,0.4,87,25243,16105,28.0,18.0
Station_01,Inv_00,20170701,20:00:00,0.0,0.0,0,218.0,0.4,87,25243,16105,28.1,18.0
