Station_01,Inv_00,20170625,05:00:00,0.0,0.0,0,221.0,0.2,44,25112,16021,25.7,19.0
Station_01,Inv_00,20170625,05:01:00,0.0,0.0,0,221.0,0.2,44,25112,16021,25.7,19.0
Station_01,Inv_00,20170625,05:02:00,0.0,0.0,0,221.0,0.2,44,25112,16021,25.6,18.0
Station_01,Inv_00,20170625,05:03:00,0.0,0.0,0,221.0,0.2,44,25112,16021,25.6,18.0
Station_01,Inv_00,20170625,05:04:00,0.0,0.0,0,221.0,0.2,44,25112,16021,25.5,18.0
Station_01,Inv_00,20170625,05:05:00,0.0,0.0,0,221.0,0.2,44,25112,16021,25.5,18.0
Station_01,Inv_00,20170625,05:06:00,0.0,0.0,0,221.0,0.2,44,25112,16021,25.5,18.0
Station_01,Inv_00,20170625,05:07:00,0.0,0.0,0,221.0,0.2,44,25112,16021,25.5,18.0
Station_01,Inv_00,20170625,05:08:00,0.0,0.0,0,221.0,0.2,44,25112,16021,25.4,19.0
Station_01,Inv_00,20170625,05:09:00,0.0,0.0,0,221.0,0.2,44,25112,16021,25.4,19.0
Station_01,Inv_00,20170625,05:10:00,0.0,0.0,0,221.0,0.2,44,25112,16021,25.4,19.0
Station_01,Inv_00,20170625,05:11:00,0.0,0.0,0,221.0,0.2,44,25112,16021,25.4,20.0
Station_01,Inv_00,20170625,05:12:00,0.0,0.0,0,221.0,0.2,44,25112,16021,25.4,20.0
Station_01,Inv_00,20170625,05:13:00,0.0,0.0,0,221.0,0.2,44,25112,16021,25.3,20.0
Station_01,Inv_00,20170625,05:14:00,0.0,0.0,0,221.0,0.2,44,25112,16021,25.4,20.0
Station_01,Inv_00,20170625,05:15:00,0.0,0.0,0,221.0,0.2,44,25112,16021,25.3,21.0
Station_01,Inv_00,20170625,05:16:00,0.0,0.0,0,221.0,0.2,44,25112,16021,25.4,21.0
Station_01,Inv_00,20170625,05:17:00,0.0,0.0,0,221.0,0.2,44,25112,16021,25.4,22.0
Station_01,Inv_00,20170625,05:18:00,0.0,0.0,0,221.0,0.2,44,25112,16021,25.3,23.0
Station_01,Inv_00,20170625,05:19:00,0.0,0.0,0,221.0,0.2,44,25112,16021,25.3,468.0
Station_01,Inv_00,20170625,05:20:00,0.0,0.0,0,221.0,0.2,44,25112,16021,25.3,468.0
Station_01,Inv_00,20170625,05:21:00,0.0,0.0,0,221.0,0.2,44,25112,16021,25.3,26.0
Station_01,Inv_00,20170625,05:22:00,0.0,0.0,0,219.0,0.5,110,25112,16021,25.4,27.0
Station_01,Inv_00,20170625,05:23:00,0.0,0.0,0,222.0,0.5,111,25112,16021,25.4,28.0
Station_01,Inv_00,20170625,05:24:00,0.0,0.0,0,219.0,0.5,110,25112,16021,25.4,29.0
Station_01,Inv_00,20170625,05:25:00,0.0,0.0,0,219.0,0.5,110,25112,16021,25.6,30.0
Station_01,Inv_00,20170625,05:26:00,0.0,0.0,0,220.0,0.5,110,25112,16021,25.6,32.0
Station_01,Inv_00,20170625,05:27:00,0.0,0.0,0,221.0,0.5,111,25112,16021,25.6,33.0
Station_01,Inv_00,20170625,05:28:00,217.7,0.3,65,216.0,0.5,108,25112,16021,25.7,35.0
Station_01,Inv_00,20170625,05:29:00,225.0,0.1,23,215.0,0.5,108,25112,16021,25.8,35.0
Station_01,Inv_00,20170625,05:30:00,207.0,0.2,41,215.0,0.4,86,25112,16021,25.8,36.0
Station_01,Inv_00,20170625,05:31:00,179.0,0.3,54,217.0,0.5,109,25112,16021,25.8,38.0
Station_01,Inv_00,20170625,05:32:00,178.7,0.3,54,217.0,0.4,87,25112,16021,25.9,40.0
Station_01,Inv_00,20170625,05:33:00,190.0,0.4,76,216.0,0.5,108,25112,16021,25.9,42.0
Station_01,Inv_00,20170625,05:34:00,218.0,0.3,65,216.0,0.5,108,25112,16021,26.0,44.0
Station_01,Inv_00,20170625,05:35:00,210.0,0.4,84,215.0,0.5,108,25112,16021,26.1,45.0
Station_01,Inv_00,20170625,05:36:00,210.5,0.4,84,216.0,0.5,108,25112,16021,26.2,46.0
Station_01,Inv_00,20170625,05:37:00,214.0,0.4,86,215.0,0.5,108,25112,16021,26.2,47.0
Station_01,Inv_00,20170625,05:38:00,223.5,0.4,89,216.0,0.5,108,25112,16021,26.3,49.0
Station_01,Inv_00,20170625,05:39:00,229.4,0.5,115,216.0,0.6,130,25112,16021,26.3,50.0
Station_01,Inv_00,20170625,05:40:00,227.2,0.5,114,216.0,0.6,130,25112,16021,26.4,52.0
Station_01,Inv_00,20170625,05:41:00,224.0,0.5,112,216.0,0.6,130,25112,16021,26.5,54.0
Station_01,Inv_00,20170625,05:42:00,225.0,0.6,135,216.0,0.7,151,25112,16021,26.6,56.0
Station_01,Inv_00,20170625,05:43:00,237.5,0.6,143,216.0,0.7,151,25112,16021,26.7,58.0
Station_01,Inv_00,20170625,05:44:00,227.0,0.6,136,216.0,0.8,173,25112,16021,26.8,60.0
Station_01,Inv_00,20170625,05:45:00,237.0,0.6,142,216.0,0.8,173,25112,16021,26.9,62.0
Station_01,Inv_00,20170625,05:46:00,232.4,0.7,163,216.0,0.9,194,25112,16021,27.0,64.0
Station_01,Inv_00,20170625,05:47:00,229.4,0.7,161,215.0,0.9,194,25112,16021,27.1,66.0
Station_01,Inv_00,20170625,05:48:00,218.0,0.8,174,216.0,0.9,194,25112,16021,27.2,71.0
Station_01,Inv_00,20170625,05:49:00,219.5,0.8,176,217.0,1.0,217,25112,16021,27.5,85.0
Station_01,Inv_00,20170625,05:50:00,223.0,0.8,178,216.0,1.0,216,25112,16021,27.7,86.0
Station_01,Inv_00,20170625,05:51:00,222.0,0.9,200,215.0,1.0,215,25112,16021,27.8,84.0
Station_01,Inv_00,20170625,05:52:00,232.8,0.9,210,216.0,1.0,216,25112,16021,27.9,84.0
Station_01,Inv_00,20170625,05:53:00,235.0,0.9,212,216.0,1.1,238,25112,16021,28.1,89.0
Station_01,Inv_00,20170625,05:54:00,243.0,1.0,243,217.0,1.1,239,25112,16021,28.3,94.0
Station_01,Inv_00,20170625,05:55:00,242.0,1.0,242,216.0,1.1,238,25112,16021,28.5,97.0
Station_01,Inv_00,20170625,05:56:00,239.0,1.1,263,218.0,1.2,262,25112,16021,28.6,102.0
Station_01,Inv_00,20170625,05:57:00,232.5,1.1,256,217.0,1.2,260,25112,16021,28.8,103.0
Station_01,Inv_00,20170625,05:58:00,229.5,1.1,252,218.0,1.2,262,25112,16021,28.9,101.0
Station_01,Inv_00,20170625,05:59:00,237.2,1.1,261,218.0,1.2,262,25112,16021,29.0,100.0
Station_01,Inv_00,20170625,06:00:00,233.0,1.1,256,218.0,1.3,283,25112,16021,29.1,102.0
Station_01,Inv_00,20170625,06:01:00,241.0,1.2,289,218.0,1.3,283,25112,16021,29.3,104.0
Station_01,Inv_00,20170625,06:02:00,238.0,1.1,262,217.0,1.4,304,25112,16021,29.4,108.0
Station_01,Inv_00,20170625,06:03:00,238.0,1.3,309,218.0,1.4,305,25112,16021,29.6,114.0
Station_01,Inv_00,20170625,06:04:00,237.5,1.4,333,216.0,1.5,324,25112,16021,29.7,122.0
Station_01,Inv_00,20170625,06:05:00,224.0,1.5,336,216.0,1.5,324,25112,16021,29.9,130.0
Station_01,Inv_00,20170625,06:06:00,247.0,1.5,371,216.0,1.6,346,25112,16021,30.2,139.0
Station_01,Inv_00,20170625,06:07:00,247.0,1.6,395,216.0,1.8,389,25112,16021,30.5,147.0
Station_01,Inv_00,20170625,06:08:00,240.5,1.7,409,216.0,1.8,389,25112,16021,30.8,155.0
Station_01,Inv_00,20170625,06:09:00,242.5,1.8,437,216.0,1.9,410,25112,16021,31.0,159.0
Station_01,Inv_00,20170625,06:10:00,244.5,1.8,440,216.0,1.9,410,25112,16021,31.3,158.0
Station_01,Inv_00,20170625,06:11:00,237.0,1.8,427,216.0,1.9,410,25112,16021,31.4,158.0
Station_01,Inv_00,20170625,06:12:00,240.2,1.7,408,216.0,1.8,389,25112,16021,31.5,150.0
Station_01,Inv_00,20170625,06:13:00,242.5,1.7,412,216.0,1.7,367,25112,16021,31.5,140.0
Station_01,Inv_00,20170625,06:14:00,240.4,1.7,409,218.0,1.8,392,25112,16021,31.6,139.0
Station_01,Inv_00,20170625,06:15:00,239.4,1.7,407,218.0,1.8,392,25112,16021,31.8,141.0
Station_01,Inv_00,20170625,06:16:00,244.5,1.7,416,218.0,1.8,392,25112,16021,31.8,142.0
Station_01,Inv_00,20170625,06:17:00,237.5,1.8,428,217.0,1.9,412,25112,16021,31.8,144.0
Station_01,Inv_00,20170625,06:18:00,243.0,1.8,437,216.0,2.0,432,25112,16021,31.9,147.0
Station_01,Inv_00,20170625,06:19:00,228.4,1.9,434,216.0,2.0,432,25112,16021,32.1,152.0
Station_01,Inv_00,20170625,06:20:00,243.0,2.0,486,216.0,2.1,454,25112,16021,32.1,160.0
Station_01,Inv_00,20170625,06:21:00,246.4,2.1,518,216.0,2.2,475,25112,16021,32.3,168.0
Station_01,Inv_00,20170625,06:22:00,244.3,2.2,537,215.0,2.3,494,25112,16021,32.5,173.0
Station_01,Inv_00,20170625,06:23:00,245.5,2.2,540,216.0,2.4,518,25112,16021,32.7,181.0
Station_01,Inv_00,20170625,06:24:00,245.5,2.4,589,216.0,2.5,540,25112,16021,33.0,189.0
Station_01,Inv_00,20170625,06:25:00,243.5,2.5,609,217.0,2.6,564,25112,16021,33.3,198.0
Station_01,Inv_00,20170625,06:26:00,245.5,2.6,638,217.0,2.8,608,25112,16021,33.6,207.0
Station_01,Inv_00,20170625,06:27:00,245.5,2.7,663,216.0,2.9,626,25112,16021,33.9,214.0
Station_01,Inv_00,20170625,06:28:00,236.0,2.8,661,215.0,2.9,624,25112,16021,34.1,218.0
Station_01,Inv_00,20170625,06:29:00,245.0,2.8,686,216.0,3.0,648,25112,16021,34.1,221.0
Station_01,Inv_00,20170625,06:30:00,246.0,2.8,689,216.0,3.0,648,25112,16021,34.3,222.0
Station_01,Inv_00,20170625,06:31:00,244.0,2.9,708,216.0,3.1,670,25112,16021,34.6,225.0
Station_01,Inv_00,20170625,06:32:00,242.5,2.8,679,216.0,3.1,670,25112,16021,34.7,227.0
Station_01,Inv_00,20170625,06:33:00,244.0,2.9,708,216.0,3.1,670,25112,16021,35.1,229.0
Station_01,Inv_00,20170625,06:34:00,245.0,3.0,735,217.0,3.1,673,25112,16021,35.3,231.0
Station_01,Inv_00,20170625,06:35:00,245.4,3.1,761,217.0,3.3,716,25112,16021,35.2,237.0
Station_01,Inv_00,20170625,06:36:00,238.8,3.2,764,216.0,3.2,691,25112,16021,35.5,241.0
Station_01,Inv_00,20170625,06:37:00,239.5,3.2,766,217.0,3.3,716,25112,16021,35.5,240.0
Station_01,Inv_00,20170625,06:38:00,245.5,3.2,786,216.0,3.4,734,25112,16021,35.9,244.0
Station_01,Inv_00,20170625,06:39:00,243.9,3.3,805,216.0,3.5,756,25112,16021,36.0,251.0
Station_01,Inv_00,20170625,06:40:00,246.0,3.4,836,216.0,3.6,778,25112,16021,36.4,258.0
Station_01,Inv_00,20170625,06:41:00,239.5,3.6,862,216.0,3.7,799,25112,16021,36.3,265.0
Station_01,Inv_00,20170625,06:42:00,241.0,3.6,868,216.0,3.8,821,25112,16021,36.7,270.0
Station_01,Inv_00,20170625,06:43:00,249.4,3.5,873,216.0,3.8,821,25112,16021,37.1,271.0
Station_01,Inv_00,20170625,06:44:00,244.0,3.6,878,216.0,3.8,821,25112,16021,37.2,272.0
Station_01,Inv_00,20170625,06:45:00,238.0,3.7,881,217.0,3.8,825,25112,16021,37.0,272.0
Station_01,Inv_00,20170625,06:46:00,240.5,3.6,866,217.0,3.8,825,25112,16021,37.4,270.0
Station_01,Inv_00,20170625,06:47:00,238.0,3.6,857,217.0,3.8,825,25112,16021,37.7,268.0
Station_01,Inv_00,20170625,06:48:00,244.0,3.6,878,217.0,3.8,825,25112,16021,37.6,270.0
Station_01,Inv_00,20170625,06:49:00,245.0,3.6,882,216.0,3.8,821,25112,16021,37.7,271.0
Station_01,Inv_00,20170625,06:50:00,245.5,3.6,884,216.0,3.8,821,25112,16021,37.4,271.0
Station_01,Inv_00,20170625,06:51:00,239.5,3.6,862,217.0,3.9,846,25112,16021,37.8,273.0
Station_01,Inv_00,20170625,06:52:00,239.5,3.7,886,216.0,3.9,842,25112,16021,38.0,277.0
Station_01,Inv_00,20170625,06:53:00,241.9,3.7,895,217.0,3.9,846,25112,16021,38.1,284.0
Station_01,Inv_00,20170625,06:54:00,244.0,3.9,952,216.0,4.0,864,25112,16021,38.0,287.0
Station_01,Inv_00,20170625,06:55:00,241.5,3.9,942,217.0,4.0,868,25112,16021,38.2,287.0
Station_01,Inv_00,20170625,06:56:00,241.4,3.7,893,217.0,4.0,868,25112,16021,38.4,285.0
Station_01,Inv_00,20170625,06:57:00,236.5,3.9,922,217.0,3.9,846,25112,16021,38.4,282.0
Station_01,Inv_00,20170625,06:58:00,237.3,3.9,926,217.0,3.9,846,25112,16021,38.6,285.0
Station_01,Inv_00,20170625,06:59:00,238.5,3.9,930,217.0,4.1,890,25112,16021,38.7,291.0
Station_01,Inv_00,20170625,07:00:00,237.0,4.1,972,217.0,4.1,890,25112,16021,38.8,300.0
Station_01,Inv_00,20170625,07:01:00,243.0,4.2,1021,217.0,4.4,955,25112,16021,38.7,313.0
Station_01,Inv_00,20170625,07:02:00,240.0,4.3,1032,216.0,4.5,972,25112,16021,39.3,317.0
Station_01,Inv_00,20170625,07:03:00,241.0,4.3,1036,216.0,4.5,972,25112,16021,39.2,321.0
Station_01,Inv_00,20170625,07:04:00,243.0,4.5,1094,215.0,4.6,989,25112,16021,39.0,326.0
Station_01,Inv_00,20170625,07:05:00,236.0,4.5,1062,216.0,4.6,994,25112,16021,39.9,328.0
Station_01,Inv_00,20170625,07:06:00,240.0,4.8,1152,216.0,4.9,1058,25112,16021,39.9,340.0
Station_01,Inv_00,20170625,07:07:00,240.0,4.7,1128,216.0,4.9,1058,25112,16021,40.4,346.0
Station_01,Inv_00,20170625,07:08:00,236.0,4.9,1156,216.0,4.9,1058,25112,16021,40.8,347.0
Station_01,Inv_00,20170625,07:09:00,242.0,4.9,1186,216.0,5.1,1102,25112,16021,41.1,351.0
Station_01,Inv_00,20170625,07:10:00,242.5,4.9,1188,216.0,5.2,1123,25112,16021,41.1,362.0
Station_01,Inv_00,20170625,07:11:00,241.0,5.1,1229,217.0,5.2,1128,25112,16021,41.8,363.0
Station_01,Inv_00,20170625,07:12:00,240.9,5.0,1205,218.0,5.2,1134,25112,16021,42.3,364.0
Station_01,Inv_00,20170625,07:13:00,237.5,5.1,1211,216.0,5.2,1123,25112,16021,42.6,367.0
Station_01,Inv_00,20170625,07:14:00,240.0,5.2,1248,216.0,5.4,1166,25112,16021,42.5,376.0
Station_01,Inv_00,20170625,07:15:00,238.5,5.4,1288,215.0,5.6,1204,25113,16022,43.3,382.0
Station_01,Inv_00,20170625,07:16:00,237.5,5.5,1306,219.0,5.6,1226,25113,16022,43.7,388.0
Station_01,Inv_00,20170625,07:17:00,237.0,5.6,1327,219.0,5.7,1248,25113,16022,43.9,399.0
Station_01,Inv_00,20170625,07:18:00,237.8,5.8,1379,219.0,5.8,1270,25113,16022,44.0,404.0
Station_01,Inv_00,20170625,07:19:00,235.0,5.9,1386,219.0,5.8,1270,25113,16022,44.2,407.0
Station_01,Inv_00,20170625,07:20:00,237.4,5.7,1353,219.0,5.9,1292,25113,16022,44.1,410.0
Station_01,Inv_00,20170625,07:21:00,236.9,5.8,1374,219.0,6.0,1314,25113,16022,44.2,412.0
Station_01,Inv_00,20170625,07:22:00,237.0,6.0,1422,218.0,6.0,1308,25113,16022,44.2,414.0
Station_01,Inv_00,20170625,07:23:00,232.0,6.0,1392,218.0,6.1,1330,25113,16022,43.1,421.0
Station_01,Inv_00,20170625,07:24:00,236.5,6.1,1443,216.0,6.2,1339,25113,16022,44.0,423.0
Station_01,Inv_00,20170625,07:25:00,237.5,6.0,1425,215.0,6.2,1333,25113,16022,43.4,427.0
Station_01,Inv_00,20170625,07:26:00,238.5,6.1,1455,215.0,6.4,1376,25113,16022,43.1,434.0
Station_01,Inv_00,20170625,07:27:00,234.0,6.2,1451,215.0,6.4,1376,25113,16022,44.2,434.0
Station_01,Inv_00,20170625,07:28:00,230.5,6.3,1452,218.0,6.3,1373,25113,16022,45.0,436.0
Station_01,Inv_00,20170625,07:29:00,238.5,6.3,1503,220.0,6.3,1386,25113,16022,45.2,439.0
Station_01,Inv_00,20170625,07:30:00,234.0,6.5,1521,220.0,6.4,1408,25113,16022,45.6,442.0
Station_01,Inv_00,20170625,07:31:00,239.0,6.4,1530,218.0,6.5,1417,25113,16022,46.0,442.0
Station_01,Inv_00,20170625,07:32:00,233.5,6.4,1494,218.0,6.5,1417,25113,16022,46.2,445.0
Station_01,Inv_00,20170625,07:33:00,233.5,6.5,1518,218.0,6.6,1439,25113,16022,46.1,446.0
Station_01,Inv_00,20170625,07:34:00,234.0,6.5,1521,218.0,6.7,1461,25113,16022,46.5,451.0
Station_01,Inv_00,20170625,07:35:00,234.0,6.6,1544,218.0,6.7,1461,25113,16022,46.4,455.0
Station_01,Inv_00,20170625,07:36:00,234.0,6.6,1544,218.0,6.7,1461,25113,16022,45.9,458.0
Station_01,Inv_00,20170625,07:37:00,233.0,6.8,1584,218.0,6.7,1461,25113,16022,46.8,458.0
Station_01,Inv_00,20170625,07:38:00,234.0,6.7,1568,218.0,6.8,1482,25113,16022,45.6,464.0
Station_01,Inv_00,20170625,07:39:00,234.5,6.9,1618,217.0,6.9,1497,25113,16022,46.5,465.0
Station_01,Inv_00,20170625,07:40:00,234.0,6.9,1615,218.0,6.9,1504,25113,16022,46.9,465.0
Station_01,Inv_00,20170625,07:41:00,238.0,6.7,1594,218.0,6.9,1504,25113,16022,46.2,471.0
Station_01,Inv_00,20170625,07:42:00,233.0,6.9,1608,219.0,6.9,1511,25113,16022,47.0,472.0
Station_01,Inv_00,20170625,07:43:00,233.0,6.9,1608,220.0,6.9,1518,25113,16022,46.6,474.0
Station_01,Inv_00,20170625,07:44:00,234.5,6.9,1618,220.0,7.0,1540,25113,16022,46.3,476.0
Station_01,Inv_00,20170625,07:45:00,236.0,6.9,1628,220.0,7.0,1540,25113,16022,45.9,480.0
Station_01,Inv_00,20170625,07:46:00,231.0,7.1,1640,219.0,7.1,1555,25113,16022,45.6,483.0
Station_01,Inv_00,20170625,07:47:00,229.5,7.3,1675,219.0,7.2,1577,25113,16022,46.1,487.0
Station_01,Inv_00,20170625,07:48:00,231.5,7.3,1690,220.0,7.2,1584,25113,16022,47.0,490.0
Station_01,Inv_00,20170625,07:49:00,232.5,7.3,1697,219.0,7.3,1599,25113,16022,47.5,493.0
Station_01,Inv_00,20170625,07:50:00,232.5,7.3,1697,219.0,7.4,1621,25113,16022,48.4,495.0
Station_01,Inv_00,20170625,07:51:00,236.0,7.3,1723,220.0,7.4,1628,25113,16022,47.6,501.0
Station_01,Inv_00,20170625,07:52:00,232.0,7.4,1717,221.0,7.4,1635,25113,16022,47.4,507.0
Station_01,Inv_00,20170625,07:53:00,231.5,7.9,1829,220.0,7.7,1694,25113,16022,47.8,481.0
Station_01,Inv_00,20170625,07:54:00,230.5,7.7,1775,221.0,7.7,1702,25114,16023,47.4,519.0
Station_01,Inv_00,20170625,07:55:00,232.0,7.7,1786,219.0,7.7,1686,25114,16023,48.3,518.0
Station_01,Inv_00,20170625,07:56:00,231.0,7.7,1779,220.0,7.6,1672,25114,16023,48.9,516.0
Station_01,Inv_00,20170625,07:57:00,232.5,7.7,1790,219.0,7.7,1686,25114,16023,49.5,522.0
Station_01,Inv_00,20170625,07:58:00,233.0,7.9,1841,220.0,7.8,1716,25114,16023,49.2,523.0
Station_01,Inv_00,20170625,07:59:00,228.0,8.1,1847,220.0,7.9,1738,25114,16023,49.9,533.0
Station_01,Inv_00,20170625,08:00:00,231.5,8.1,1875,220.0,8.0,1760,25114,16023,50.7,536.0
Station_01,Inv_00,20170625,08:01:00,230.4,8.2,1890,218.0,8.2,1788,25114,16023,50.0,541.0
Station_01,Inv_00,20170625,08:02:00,234.4,8.0,1875,217.0,8.1,1758,25114,16023,51.0,543.0
Station_01,Inv_00,20170625,08:03:00,230.5,8.2,1890,217.0,8.1,1758,25114,16023,51.6,543.0
Station_01,Inv_00,20170625,08:04:00,226.5,8.2,1857,217.0,8.1,1758,25114,16023,51.0,541.0
Station_01,Inv_00,20170625,08:05:00,233.0,8.1,1887,217.0,8.2,1779,25114,16023,49.7,549.0
Station_01,Inv_00,20170625,08:06:00,231.0,8.3,1917,217.0,8.3,1801,25114,16023,49.1,554.0
Station_01,Inv_00,20170625,08:07:00,229.5,8.3,1905,217.0,8.3,1801,25114,16023,48.8,554.0
Station_01,Inv_00,20170625,08:08:00,228.0,8.5,1938,219.0,8.4,1840,25114,16023,49.0,559.0
Station_01,Inv_00,20170625,08:09:00,227.5,8.7,1979,219.0,8.6,1883,25114,16023,50.2,569.0
Station_01,Inv_00,20170625,08:10:00,229.0,5.8,1328,219.0,5.7,1248,25114,16023,49.6,476.0
Station_01,Inv_00,20170625,08:11:00,228.5,8.9,2034,222.0,8.7,1931,25114,16023,50.2,579.0
Station_01,Inv_00,20170625,08:12:00,222.5,9.1,2025,221.0,8.7,1923,25114,16023,49.6,595.0
Station_01,Inv_00,20170625,08:13:00,227.0,8.9,2020,220.0,8.7,1914,25114,16023,49.6,589.0
Station_01,Inv_00,20170625,08:14:00,220.0,9.5,2090,219.0,8.9,1949,25114,16023,48.4,502.0
Station_01,Inv_00,20170625,08:15:00,230.5,9.1,2098,220.0,8.9,1958,25114,16023,50.5,595.0
Station_01,Inv_00,20170625,08:16:00,222.0,9.3,2065,220.0,8.9,1958,25114,16023,50.2,600.0
Station_01,Inv_00,20170625,08:17:00,221.0,8.9,1967,220.0,8.5,1870,25114,16023,50.8,579.0
Station_01,Inv_00,20170625,08:18:00,224.5,9.4,2110,219.0,9.2,2015,25114,16023,51.6,594.0
Station_01,Inv_00,20170625,08:19:00,220.9,7.6,1679,219.0,7.4,1621,25114,16023,51.8,527.0
Station_01,Inv_00,20170625,08:20:00,223.0,2.5,558,218.0,2.5,545,25114,16023,49.3,304.0
Station_01,Inv_00,20170625,08:21:00,225.0,2.4,540,218.0,2.3,501,25114,16023,47.5,168.0
Station_01,Inv_00,20170625,08:22:00,229.0,10.7,2450,220.0,10.5,2310,25114,16023,49.0,654.0
Station_01,Inv_00,20170625,08:23:00,231.0,11.5,2656,222.0,11.3,2509,25114,16023,51.0,738.0
Station_01,Inv_00,20170625,08:24:00,226.5,8.0,1812,222.0,7.8,1732,25114,16023,50.5,573.0
Station_01,Inv_00,20170625,08:25:00,220.5,7.3,1609,220.0,6.8,1496,25114,16023,49.6,484.0
Station_01,Inv_00,20170625,08:26:00,229.0,6.5,1488,220.0,6.2,1364,25114,16023,49.5,431.0
Station_01,Inv_00,20170625,08:27:00,222.0,6.0,1332,221.0,5.6,1238,25115,16023,49.1,391.0
Station_01,Inv_00,20170625,08:28:00,227.4,6.6,1501,219.0,6.5,1424,25115,16023,49.1,409.0
Station_01,Inv_00,20170625,08:29:00,231.0,9.6,2218,221.0,9.5,2100,25115,16023,48.8,553.0
Station_01,Inv_00,20170625,08:30:00,228.0,8.1,1847,220.0,8.1,1782,25115,16023,48.2,532.0
Station_01,Inv_00,20170625,08:31:00,231.4,6.0,1389,219.0,5.8,1270,25115,16023,48.1,405.0
Station_01,Inv_00,20170625,08:32:00,230.5,6.2,1429,221.0,5.9,1304,25115,16023,47.8,399.0
Station_01,Inv_00,20170625,08:33:00,214.5,8.8,1887,220.0,8.1,1782,25115,16023,49.4,647.0
Station_01,Inv_00,20170625,08:34:00,222.0,6.7,1487,219.0,6.6,1445,25115,16023,49.5,495.0
Station_01,Inv_00,20170625,08:35:00,228.0,6.2,1414,219.0,6.1,1336,25115,16023,48.8,378.0
Station_01,Inv_00,20170625,08:36:00,231.0,4.6,1063,218.0,4.8,1046,25115,16023,48.4,392.0
Station_01,Inv_00,20170625,08:37:00,232.0,4.3,998,218.0,4.3,937,25115,16023,47.6,300.0
Station_01,Inv_00,20170625,08:38:00,231.0,4.6,1063,219.0,4.6,1007,25115,16023,46.8,312.0
Station_01,Inv_00,20170625,08:39:00,232.5,4.8,1116,219.0,4.6,1007,25115,16023,46.6,319.0
Station_01,Inv_00,20170625,08:40:00,233.5,8.8,2055,219.0,8.6,1883,25115,16023,47.0,448.0
Station_01,Inv_00,20170625,08:41:00,231.9,11.3,2620,219.0,11.3,2475,25115,16023,50.3,766.0
Station_01,Inv_00,20170625,08:42:00,231.5,12.3,2847,219.0,12.2,2672,25115,16023,52.1,780.0
Station_01,Inv_00,20170625,08:43:00,228.0,12.4,2827,220.0,12.1,2662,25115,16023,53.5,794.0
Station_01,Inv_00,20170625,08:44:00,223.0,12.8,2854,220.0,12.2,2684,25115,16023,54.9,804.0
Station_01,Inv_00,20170625,08:45:00,223.0,13.1,2921,219.0,12.4,2716,25115,16023,55.6,832.0
Station_01,Inv_00,20170625,08:46:00,217.4,13.4,2914,219.0,12.5,2738,25115,16023,56.4,819.0
Station_01,Inv_00,20170625,08:47:00,218.0,13.1,2856,219.0,12.2,2672,25115,16023,56.8,825.0
Station_01,Inv_00,20170625,08:48:00,213.9,4.4,941,218.0,4.1,894,25115,16023,55.6,418.0
Station_01,Inv_00,20170625,08:49:00,219.0,4.8,1051,218.0,4.4,959,25115,16023,53.1,349.0
Station_01,Inv_00,20170625,08:50:00,229.0,3.7,847,219.0,3.8,832,25115,16023,49.5,273.0
Station_01,Inv_00,20170625,08:51:00,229.4,3.4,780,218.0,3.4,741,25115,16023,46.9,237.0
Station_01,Inv_00,20170625,08:52:00,226.0,3.6,814,218.0,3.6,785,25115,16023,46.6,236.0
Station_01,Inv_00,20170625,08:53:00,226.7,3.8,862,218.0,3.8,828,25115,16023,44.8,269.0
Station_01,Inv_00,20170625,08:54:00,234.0,3.4,796,220.0,3.5,770,25115,16023,42.6,237.0
Station_01,Inv_00,20170625,08:55:00,173.5,3.5,607,220.0,3.3,726,25115,16023,43.2,504.0
Station_01,Inv_00,20170625,08:56:00,199.0,2.8,557,220.0,2.4,528,25115,16023,40.8,202.0
Station_01,Inv_00,20170625,08:57:00,231.5,2.9,671,219.0,2.9,635,25115,16023,40.2,204.0
Station_01,Inv_00,20170625,08:58:00,228.5,3.6,823,220.0,3.5,770,25115,16023,40.8,360.0
Station_01,Inv_00,20170625,08:59:00,228.0,4.1,935,220.0,4.0,880,25115,16023,40.8,260.0
Station_01,Inv_00,20170625,09:00:00,217.5,11.9,2589,221.0,11.6,2564,25115,16023,44.5,851.0
Station_01,Inv_00,20170625,09:01:00,233.0,13.4,3122,221.0,13.5,2984,25115,16023,44.5,793.0
Station_01,Inv_00,20170625,09:02:00,218.5,3.9,852,219.0,3.8,832,25115,16023,42.8,294.0
Station_01,Inv_00,20170625,09:03:00,194.3,4.6,894,219.0,4.5,986,25115,16023,42.8,346.0
Station_01,Inv_00,20170625,09:04:00,219.3,3.8,833,218.0,3.6,785,25116,16024,41.6,257.0
Station_01,Inv_00,20170625,09:05:00,227.0,4.0,908,219.0,3.9,854,25116,16024,41.7,258.0
Station_01,Inv_00,20170625,09:06:00,231.9,3.8,881,219.0,3.9,854,25116,16024,41.2,259.0
Station_01,Inv_00,20170625,09:07:00,237.0,3.6,853,221.0,3.7,818,25116,16024,40.2,246.0
Station_01,Inv_00,20170625,09:08:00,238.5,3.3,787,221.0,3.4,751,25116,16024,40.3,228.0
Station_01,Inv_00,20170625,09:09:00,238.0,3.0,714,221.0,3.1,685,25116,16024,39.9,212.0
Station_01,Inv_00,20170625,09:10:00,227.3,3.0,682,221.0,3.0,663,25116,16024,40.0,205.0
Station_01,Inv_00,20170625,09:11:00,236.9,3.0,711,218.0,3.1,676,25116,16024,39.6,206.0
Station_01,Inv_00,20170625,09:12:00,232.4,3.0,697,216.0,3.1,670,25116,16024,39.1,207.0
Station_01,Inv_00,20170625,09:13:00,241.4,2.9,700,216.0,3.1,670,25116,16024,38.7,204.0
Station_01,Inv_00,20170625,09:14:00,235.0,2.8,658,218.0,2.9,632,25116,16024,38.2,198.0
Station_01,Inv_00,20170625,09:15:00,238.0,2.8,666,218.0,2.8,610,25116,16024,38.1,196.0
Station_01,Inv_00,20170625,09:16:00,240.5,2.8,673,218.0,2.9,632,25116,16024,38.0,199.0
Station_01,Inv_00,20170625,09:17:00,244.0,2.7,659,218.0,2.9,632,25116,16024,37.6,199.0
Station_01,Inv_00,20170625,09:18:00,241.0,2.7,651,218.0,2.9,632,25116,16024,37.2,199.0
Station_01,Inv_00,20170625,09:19:00,244.9,2.8,686,220.0,3.0,660,25116,16024,36.9,205.0
Station_01,Inv_00,20170625,09:20:00,237.7,3.0,713,219.0,3.1,679,25116,16024,36.8,211.0
Station_01,Inv_00,20170625,09:21:00,242.9,3.1,753,219.0,3.2,701,25116,16024,36.6,219.0
Station_01,Inv_00,20170625,09:22:00,243.9,3.5,854,219.0,3.6,788,25116,16024,36.7,235.0
Station_01,Inv_00,20170625,09:23:00,241.8,4.0,967,219.0,4.1,898,25116,16024,36.8,270.0
Station_01,Inv_00,20170625,09:24:00,241.5,4.9,1183,219.0,5.1,1117,25116,16024,37.5,329.0
Station_01,Inv_00,20170625,09:25:00,234.6,12.3,2885,220.0,12.6,2772,25116,16024,42.0,880.0
Station_01,Inv_00,20170625,09:26:00,239.3,3.8,909,219.0,3.9,854,25116,16024,40.0,307.0
Station_01,Inv_00,20170625,09:27:00,236.0,3.3,779,219.0,3.4,745,25116,16024,40.1,239.0
Station_01,Inv_00,20170625,09:28:00,238.5,2.9,692,219.0,3.1,679,25116,16024,39.0,215.0
Station_01,Inv_00,20170625,09:29:00,235.0,2.8,658,220.0,2.8,616,25116,16024,38.9,202.0
Station_01,Inv_00,20170625,09:30:00,241.5,2.7,652,220.0,2.8,616,25116,16024,38.7,197.0
Station_01,Inv_00,20170625,09:31:00,234.5,2.8,657,219.0,2.8,613,25116,16024,38.6,196.0
Station_01,Inv_00,20170625,09:32:00,237.2,2.6,617,219.0,2.6,569,25116,16024,38.5,189.0
Station_01,Inv_00,20170625,09:33:00,231.7,2.8,649,219.0,2.9,635,25116,16024,37.8,199.0
Station_01,Inv_00,20170625,09:34:00,240.5,3.0,722,219.0,3.1,679,25116,16024,37.8,213.0
Station_01,Inv_00,20170625,09:35:00,240.9,3.0,723,219.0,3.2,701,25116,16024,37.7,221.0
Station_01,Inv_00,20170625,09:36:00,244.0,2.7,659,219.0,3.0,657,25116,16024,37.5,220.0
Station_01,Inv_00,20170625,09:37:00,240.5,2.5,601,220.0,2.6,572,25116,16024,37.4,192.0
Station_01,Inv_00,20170625,09:38:00,240.0,2.3,552,218.0,2.5,545,25116,16024,37.4,181.0
Station_01,Inv_00,20170625,09:39:00,241.0,2.5,602,217.0,2.6,564,25116,16024,37.1,186.0
Station_01,Inv_00,20170625,09:40:00,236.5,2.7,639,217.0,2.9,629,25116,16024,37.1,201.0
Station_01,Inv_00,20170625,09:41:00,243.5,3.0,731,217.0,3.1,673,25116,16024,36.7,217.0
Station_01,Inv_00,20170625,09:42:00,236.0,9.6,2266,217.0,9.5,2062,25116,16024,37.2,393.0
Station_01,Inv_00,20170625,09:43:00,228.5,13.5,3085,218.0,13.4,2921,25116,16024,41.2,850.0
Station_01,Inv_00,20170625,09:44:00,230.5,13.7,3158,218.0,13.6,2965,25116,16024,44.2,870.0
Station_01,Inv_00,20170625,09:45:00,232.5,13.4,3115,218.0,13.4,2921,25116,16024,46.4,863.0
Station_01,Inv_00,20170625,09:46:00,224.5,13.7,3076,218.0,13.2,2878,25116,16024,48.8,862.0
Station_01,Inv_00,20170625,09:47:00,223.5,13.7,3062,218.0,13.2,2878,25116,16024,50.7,869.0
Station_01,Inv_00,20170625,09:48:00,225.5,13.8,3112,218.0,13.3,2899,25116,16024,53.0,878.0
Station_01,Inv_00,20170625,09:49:00,221.5,14.5,3212,219.0,13.7,3000,25116,16024,54.5,909.0
Station_01,Inv_00,20170625,09:50:00,226.0,14.0,3164,218.0,13.6,2965,25116,16024,53.2,921.0
Station_01,Inv_00,20170625,09:51:00,220.8,9.2,2031,218.0,6.9,1504,25116,16024,50.7,403.0
Station_01,Inv_00,20170625,09:52:00,219.5,14.3,3139,218.0,13.5,2943,25116,16024,51.8,728.0
Station_01,Inv_00,20170625,09:53:00,217.5,7.0,1522,217.0,6.6,1432,25117,16025,50.9,492.0
Station_01,Inv_00,20170625,09:54:00,222.0,14.2,3152,218.0,13.5,2943,25117,16025,51.6,805.0
Station_01,Inv_00,20170625,09:55:00,219.9,6.5,1429,216.0,6.1,1318,25117,16025,51.8,497.0
Station_01,Inv_00,20170625,09:56:00,218.0,13.9,3030,219.0,12.9,2825,25117,16025,54.2,862.0
Station_01,Inv_00,20170625,09:57:00,217.0,13.5,2929,220.0,12.4,2728,25117,16025,56.0,841.0
Station_01,Inv_00,20170625,09:58:00,226.4,12.8,2897,221.0,12.3,2718,25117,16025,57.1,812.0
Station_01,Inv_00,20170625,09:59:00,213.0,13.9,2961,221.0,12.5,2763,25117,16025,57.9,857.0
Station_01,Inv_00,20170625,10:00:00,219.0,13.5,2957,221.0,12.6,2785,25117,16025,59.1,868.0
Station_01,Inv_00,20170625,10:01:00,214.0,13.7,2932,220.0,12.4,2728,25117,16025,59.2,862.0
Station_01,Inv_00,20170625,10:02:00,216.5,13.0,2814,221.0,12.1,2674,25117,16025,57.5,857.0
Station_01,Inv_00,20170625,10:03:00,218.0,13.6,2965,221.0,12.6,2785,25117,16025,56.3,872.0
Station_01,Inv_00,20170625,10:04:00,219.5,13.9,3051,220.0,12.9,2838,25117,16025,58.9,895.0
Station_01,Inv_00,20170625,10:05:00,214.0,14.2,3038,220.0,12.9,2838,25117,16025,60.0,901.0
Station_01,Inv_00,20170625,10:06:00,213.5,14.4,3074,220.0,13.3,2926,25117,16025,60.5,919.0
Station_01,Inv_00,20170625,10:07:00,209.9,14.9,3128,220.0,13.4,2948,25117,16025,59.2,806.0
Station_01,Inv_00,20170625,10:08:00,215.5,14.5,3125,220.0,13.2,2904,25117,16025,59.9,920.0
Station_01,Inv_00,20170625,10:09:00,214.5,14.9,3196,220.0,13.5,2970,25117,16025,62.0,934.0
Station_01,Inv_00,20170625,10:10:00,218.0,13.0,2834,220.0,11.8,2596,25117,16025,62.5,923.0
Station_01,Inv_00,20170625,10:11:00,210.0,15.6,3276,220.0,13.9,3058,25117,16025,64.6,970.0
Station_01,Inv_00,20170625,10:12:00,210.5,15.9,3347,220.0,14.3,3146,25117,16025,65.2,1009.0
Station_01,Inv_00,20170625,10:13:00,208.9,16.2,3384,221.0,14.2,3138,25117,16025,65.8,999.0
Station_01,Inv_00,20170625,10:14:00,201.5,16.5,3325,221.0,14.0,3094,25118,16025,66.0,1005.0
Station_01,Inv_00,20170625,10:15:00,214.0,5.6,1198,220.0,5.1,1122,25118,16025,63.4,371.0
Station_01,Inv_00,20170625,10:16:00,208.5,6.4,1334,219.0,5.6,1226,25118,16025,61.7,518.0
Station_01,Inv_00,20170625,10:17:00,220.0,5.6,1232,218.0,5.3,1155,25118,16025,58.9,373.0
Station_01,Inv_00,20170625,10:18:00,211.0,13.0,2743,220.0,11.9,2618,25118,16025,58.9,925.0
Station_01,Inv_00,20170625,10:19:00,217.9,16.3,3551,220.0,15.1,3322,25118,16025,58.0,878.0
Station_01,Inv_00,20170625,10:20:00,219.0,5.9,1292,219.0,5.6,1226,25118,16025,55.2,466.0
Station_01,Inv_00,20170625,10:21:00,222.0,4.6,1021,219.0,4.4,964,25118,16025,52.9,316.0
Station_01,Inv_00,20170625,10:22:00,208.4,8.8,1834,220.0,8.9,1958,25118,16025,53.1,707.0
Station_01,Inv_00,20170625,10:23:00,222.5,3.8,845,220.0,3.8,836,25118,16025,49.7,276.0
Station_01,Inv_00,20170625,10:24:00,225.0,3.6,810,220.0,3.6,792,25118,16025,47.1,244.0
Station_01,Inv_00,20170625,10:25:00,226.9,3.8,862,219.0,3.7,810,25118,16025,46.9,246.0
Station_01,Inv_00,20170625,10:26:00,223.5,3.5,782,218.0,3.4,741,25118,16025,45.4,233.0
Station_01,Inv_00,20170625,10:27:00,230.0,3.0,690,217.0,3.1,673,25118,16025,44.6,207.0
Station_01,Inv_00,20170625,10:28:00,232.9,2.8,652,218.0,2.9,632,25118,16025,43.8,193.0
Station_01,Inv_00,20170625,10:29:00,234.0,2.8,655,217.0,2.9,629,25118,16025,43.3,189.0
Station_01,Inv_00,20170625,10:30:00,235.5,3.0,707,217.0,3.1,673,25118,16025,42.8,200.0
Station_01,Inv_00,20170625,10:31:00,231.8,3.4,788,217.0,3.4,738,25118,16025,42.5,218.0
Station_01,Inv_00,20170625,10:32:00,223.5,3.6,805,217.0,3.6,781,25118,16025,42.8,238.0
Station_01,Inv_00,20170625,10:33:00,236.4,4.0,946,217.0,4.0,868,25118,16025,42.9,262.0
Station_01,Inv_00,20170625,10:34:00,236.0,4.8,1133,217.0,4.9,1063,25118,16025,43.1,306.0
Station_01,Inv_00,20170625,10:35:00,226.0,14.4,3254,218.0,14.4,3139,25118,16025,47.1,982.0
Station_01,Inv_00,20170625,10:36:00,228.9,13.2,3021,218.0,10.7,2333,25118,16025,49.0,820.0
Station_01,Inv_00,20170625,10:37:00,225.4,6.3,1420,219.0,6.1,1336,25118,16025,50.8,590.0
Station_01,Inv_00,20170625,10:38:00,228.5,5.7,1302,217.0,5.5,1194,25118,16025,49.0,372.0
Station_01,Inv_00,20170625,10:39:00,229.0,6.1,1397,217.0,5.9,1280,25118,16025,46.9,388.0
Station_01,Inv_00,20170625,10:40:00,227.8,5.0,1139,215.0,4.7,1011,25118,16025,45.9,337.0
Station_01,Inv_00,20170625,10:41:00,232.4,4.4,1023,216.0,4.3,929,25118,16025,44.7,293.0
Station_01,Inv_00,20170625,10:42:00,222.5,4.2,935,215.0,4.1,881,25118,16025,43.2,279.0
Station_01,Inv_00,20170625,10:43:00,232.0,4.6,1067,216.0,4.5,972,25118,16025,42.7,294.0
Station_01,Inv_00,20170625,10:44:00,226.0,5.9,1333,217.0,5.7,1237,25118,16025,43.3,369.0
Station_01,Inv_00,20170625,10:45:00,225.0,4.7,1058,217.0,4.5,977,25118,16025,43.1,320.0
Station_01,Inv_00,20170625,10:46:00,233.5,3.6,841,216.0,3.6,778,25118,16025,42.9,251.0
Station_01,Inv_00,20170625,10:47:00,238.0,3.2,762,219.0,3.2,701,25118,16025,42.0,224.0
Station_01,Inv_00,20170625,10:48:00,231.5,3.2,741,218.0,3.2,698,25118,16025,41.7,220.0
Station_01,Inv_00,20170625,10:49:00,231.0,3.3,762,218.0,3.3,719,25118,16025,40.7,225.0
Station_01,Inv_00,20170625,10:50:00,236.8,3.4,805,218.0,3.5,763,25118,16025,40.2,249.0
Station_01,Inv_00,20170625,10:51:00,229.8,3.4,781,217.0,3.5,760,25118,16025,40.0,234.0
Station_01,Inv_00,20170625,10:52:00,209.0,4.8,1003,218.0,4.7,1025,25118,16025,41.5,482.0
Station_01,Inv_00,20170625,10:53:00,235.0,3.8,893,217.0,4.0,868,25118,16025,41.0,262.0
Station_01,Inv_00,20170625,10:54:00,237.0,3.8,901,218.0,3.9,850,25118,16025,40.4,268.0
Station_01,Inv_00,20170625,10:55:00,238.5,3.8,906,218.0,3.9,850,25118,16025,40.1,263.0
Station_01,Inv_00,20170625,10:56:00,240.5,3.7,890,219.0,3.9,854,25118,16025,39.9,256.0
Station_01,Inv_00,20170625,10:57:00,237.0,3.8,901,220.0,3.9,858,25118,16025,39.7,261.0
Station_01,Inv_00,20170625,10:58:00,232.4,4.0,930,220.0,3.9,858,25118,16025,39.8,264.0
Station_01,Inv_00,20170625,10:59:00,235.5,4.0,942,220.0,4.1,902,25118,16025,39.7,278.0
Station_01,Inv_00,20170625,11:00:00,235.5,4.5,1060,219.0,4.4,964,25118,16025,39.8,297.0
Station_01,Inv_00,20170625,11:01:00,237.5,5.0,1187,219.0,5.1,1117,25119,16026,40.6,337.0
Station_01,Inv_00,20170625,11:02:00,233.5,6.1,1424,219.0,6.0,1314,25119,16026,41.0,381.0
Station_01,Inv_00,20170625,11:03:00,229.5,15.2,3488,219.0,14.6,3197,25119,16026,44.3,916.0
Station_01,Inv_00,20170625,11:04:00,228.5,17.1,3907,220.0,16.5,3630,25119,16026,48.0,1074.0
Station_01,Inv_00,20170625,11:05:00,229.4,6.7,1537,218.0,6.7,1461,25119,16026,47.9,506.0
Station_01,Inv_00,20170625,11:06:00,227.0,5.2,1180,218.0,5.1,1112,25119,16026,47.3,367.0
Station_01,Inv_00,20170625,11:07:00,227.0,4.9,1112,218.0,4.9,1068,25119,16026,47.3,340.0
Station_01,Inv_00,20170625,11:08:00,234.0,5.5,1287,219.0,5.4,1183,25119,16026,45.7,357.0
Station_01,Inv_00,20170625,11:09:00,232.0,14.7,3410,220.0,14.6,3212,25119,16026,49.0,980.0
Station_01,Inv_00,20170625,11:10:00,226.9,4.8,1089,218.0,4.6,1003,25119,16026,49.1,403.0
Station_01,Inv_00,20170625,11:11:00,232.5,4.4,1023,218.0,4.4,959,25119,16026,47.6,302.0
Station_01,Inv_00,20170625,11:12:00,231.0,4.4,1016,218.0,4.4,959,25119,16026,45.9,296.0
Station_01,Inv_00,20170625,11:13:00,233.9,4.4,1029,218.0,4.3,937,25119,16026,44.2,294.0
Station_01,Inv_00,20170625,11:14:00,237.0,4.0,948,219.0,4.1,898,25119,16026,43.6,279.0
Station_01,Inv_00,20170625,11:15:00,236.5,4.2,993,218.0,4.1,894,25119,16026,43.0,274.0
Station_01,Inv_00,20170625,11:16:00,225.0,4.4,990,217.0,4.1,890,25119,16026,41.9,282.0
Station_01,Inv_00,20170625,11:17:00,238.0,4.3,1023,219.0,4.5,986,25119,16026,41.9,291.0
Station_01,Inv_00,20170625,11:18:00,238.0,4.5,1071,219.0,4.5,986,25119,16026,42.1,296.0
Station_01,Inv_00,20170625,11:19:00,238.4,4.4,1049,218.0,4.5,981,25119,16026,42.3,298.0
Station_01,Inv_00,20170625,11:20:00,237.4,4.2,997,218.0,4.1,894,25119,16026,42.0,282.0
Station_01,Inv_00,20170625,11:21:00,236.5,3.7,875,219.0,3.8,832,25119,16026,41.6,253.0
Station_01,Inv_00,20170625,11:22:00,235.0,3.5,823,219.0,3.6,788,25119,16026,40.8,236.0
Station_01,Inv_00,20170625,11:23:00,216.4,3.4,736,219.0,3.3,723,25119,16026,41.0,231.0
Station_01,Inv_00,20170625,11:24:00,238.0,3.6,857,219.0,3.7,810,25119,16026,40.0,240.0
Station_01,Inv_00,20170625,11:25:00,237.5,4.0,950,220.0,4.0,880,25119,16026,39.4,260.0
Station_01,Inv_00,20170625,11:26:00,239.0,4.5,1075,219.0,4.6,1007,25119,16026,39.7,297.0
Station_01,Inv_00,20170625,11:27:00,238.0,5.1,1214,220.0,5.2,1144,25119,16026,40.1,333.0
Station_01,Inv_00,20170625,11:28:00,234.5,8.9,2087,221.0,8.4,1856,25119,16026,41.6,582.0
Station_01,Inv_00,20170625,11:29:00,228.5,12.9,2947,221.0,12.1,2674,25119,16026,44.7,818.0
Station_01,Inv_00,20170625,11:30:00,225.0,18.3,4118,221.0,17.3,3823,25119,16026,49.0,1151.0
Station_01,Inv_00,20170625,11:31:00,222.0,17.7,3929,220.0,16.5,3630,25119,16026,51.4,1154.0
Station_01,Inv_00,20170625,11:32:00,209.5,7.0,1466,220.0,6.3,1386,25119,16026,50.7,627.0
Station_01,Inv_00,20170625,11:33:00,224.9,4.8,1079,220.0,4.5,990,25119,16026,48.8,331.0
Station_01,Inv_00,20170625,11:34:00,230.5,4.0,922,219.0,3.9,854,25119,16026,46.8,280.0
Station_01,Inv_00,20170625,11:35:00,234.4,3.4,797,219.0,3.6,788,25119,16026,44.6,248.0
Station_01,Inv_00,20170625,11:36:00,233.4,3.5,817,219.0,3.6,788,25119,16026,44.7,237.0
Station_01,Inv_00,20170625,11:37:00,224.0,3.8,851,219.0,3.7,810,25119,16026,43.2,249.0
Station_01,Inv_00,20170625,11:38:00,233.0,4.4,1025,219.0,4.3,942,25119,16026,42.5,282.0
Station_01,Inv_00,20170625,11:39:00,233.0,5.1,1188,220.0,5.0,1100,25119,16026,43.0,324.0
Station_01,Inv_00,20170625,11:40:00,232.5,5.6,1302,220.0,5.6,1232,25120,16027,42.7,371.0
Station_01,Inv_00,20170625,11:41:00,210.0,6.7,1407,220.0,6.3,1386,25120,16027,45.1,639.0
Station_01,Inv_00,20170625,11:42:00,236.4,5.6,1324,220.0,5.6,1232,25120,16027,45.0,373.0
Station_01,Inv_00,20170625,11:43:00,234.5,5.6,1313,219.0,5.6,1226,25120,16027,45.3,467.0
Station_01,Inv_00,20170625,11:44:00,236.0,5.4,1274,218.0,5.3,1155,25120,16027,44.6,362.0
Station_01,Inv_00,20170625,11:45:00,235.0,6.1,1433,219.0,6.0,1314,25120,16027,44.3,388.0
Station_01,Inv_00,20170625,11:46:00,217.0,14.5,3147,220.0,16.8,3696,25120,16027,48.6,1099.0
Station_01,Inv_00,20170625,11:47:00,228.5,17.6,4022,220.0,17.1,3762,25120,16027,50.7,1055.0
Station_01,Inv_00,20170625,11:48:00,218.0,7.8,1700,218.0,7.2,1570,25120,16027,51.2,588.0
Station_01,Inv_00,20170625,11:49:00,226.0,6.9,1559,219.0,6.6,1445,25120,16027,49.1,448.0
Station_01,Inv_00,20170625,11:50:00,233.0,6.7,1561,220.0,6.7,1474,25120,16027,48.2,447.0
Station_01,Inv_00,20170625,11:51:00,235.5,10.4,2449,220.0,10.4,2288,25120,16027,47.9,557.0
Station_01,Inv_00,20170625,11:52:00,233.0,6.7,1561,219.0,6.7,1467,25120,16027,48.0,471.0
Station_01,Inv_00,20170625,11:53:00,233.5,6.7,1564,220.0,6.7,1474,25120,16027,48.1,439.0
Station_01,Inv_00,20170625,11:54:00,218.0,9.6,2093,220.0,9.2,2024,25120,16027,47.7,676.0
Station_01,Inv_00,20170625,11:55:00,223.5,18.4,4113,221.0,17.3,3823,25120,16027,49.4,898.0
Station_01,Inv_00,20170625,11:56:00,211.4,17.5,3700,221.0,15.6,3448,25120,16027,51.2,1030.0
Station_01,Inv_00,20170625,11:57:00,211.5,17.9,3786,220.0,15.7,3454,25120,16027,52.8,1071.0
Station_01,Inv_00,20170625,11:58:00,203.0,18.9,3837,221.0,16.2,3580,25120,16027,56.3,1148.0
Station_01,Inv_00,20170625,11:59:00,203.0,18.8,3816,221.0,16.0,3536,25120,16027,57.4,1143.0
Station_01,Inv_00,20170625,12:00:00,209.0,6.7,1400,220.0,6.0,1320,25120,16027,55.0,502.0
Station_01,Inv_00,20170625,12:01:00,230.4,5.3,1221,217.0,5.1,1107,25120,16027,53.1,384.0
Station_01,Inv_00,20170625,12:02:00,227.0,4.5,1022,218.0,4.5,981,25120,16027,51.8,319.0
Station_01,Inv_00,20170625,12:03:00,228.0,4.6,1049,218.0,4.5,981,25120,16027,49.8,313.0
Station_01,Inv_00,20170625,12:04:00,222.0,17.4,3863,219.0,16.5,3614,25120,16027,52.8,1063.0
Station_01,Inv_00,20170625,12:05:00,216.0,17.4,3758,219.0,16.0,3504,25120,16027,57.3,1099.0
Station_01,Inv_00,20170625,12:06:00,220.0,16.9,3718,218.0,15.9,3466,25121,16027,58.3,1102.0
Station_01,Inv_00,20170625,12:07:00,210.5,17.5,3684,219.0,15.8,3460,25121,16027,58.0,1100.0
Station_01,Inv_00,20170625,12:08:00,209.0,17.0,3553,218.0,15.2,3314,25121,16027,61.4,1061.0
Station_01,Inv_00,20170625,12:09:00,212.5,16.8,3570,219.0,15.2,3329,25121,16027,63.7,1070.0
Station_01,Inv_00,20170625,12:10:00,208.9,17.2,3593,218.0,15.3,3335,25121,16027,63.9,1079.0
Station_01,Inv_00,20170625,12:11:00,209.9,17.5,3674,218.0,15.6,3401,25121,16027,63.5,1009.0
Station_01,Inv_00,20170625,12:12:00,208.5,6.1,1272,216.0,5.6,1210,25121,16027,62.2,514.0
Station_01,Inv_00,20170625,12:13:00,212.9,17.9,3812,218.0,16.3,3553,25121,16027,59.2,966.0
Station_01,Inv_00,20170625,12:14:00,211.0,15.8,3334,218.0,15.0,3270,25121,16027,62.0,1019.0
Station_01,Inv_00,20170625,12:15:00,212.5,6.7,1424,217.0,6.1,1324,25121,16027,59.8,564.0
Station_01,Inv_00,20170625,12:16:00,214.0,8.9,1904,217.0,8.1,1758,25121,16027,56.7,568.0
Station_01,Inv_00,20170625,12:17:00,215.0,18.0,3870,218.0,16.5,3597,25121,16027,57.9,859.0
Station_01,Inv_00,20170625,12:18:00,207.0,6.3,1304,217.0,5.9,1280,25121,16027,56.6,576.0
Station_01,Inv_00,20170625,12:19:00,217.4,6.1,1326,216.0,5.6,1210,25121,16027,53.7,389.0
Station_01,Inv_00,20170625,12:20:00,198.5,10.4,2064,217.0,9.3,2018,25121,16027,54.7,808.0
Station_01,Inv_00,20170625,12:21:00,208.0,18.1,3765,218.0,16.1,3510,25121,16027,55.4,940.0
Station_01,Inv_00,20170625,12:22:00,217.5,16.1,3502,218.0,15.1,3292,25121,16027,58.0,1000.0
Station_01,Inv_00,20170625,12:23:00,215.5,15.8,3405,218.0,14.7,3205,25121,16027,58.3,941.0
Station_01,Inv_00,20170625,12:24:00,215.0,15.7,3375,217.0,14.6,3168,25121,16027,57.4,996.0
Station_01,Inv_00,20170625,12:25:00,211.0,4.3,907,216.0,3.9,842,25121,16027,55.3,456.0
Station_01,Inv_00,20170625,12:26:00,221.0,4.3,950,216.0,4.0,864,25121,16027,52.5,289.0
Station_01,Inv_00,20170625,12:27:00,227.9,4.2,957,216.0,4.1,886,25121,16027,51.0,291.0
Station_01,Inv_00,20170625,12:28:00,222.0,13.1,2909,217.0,11.7,2539,25121,16027,49.9,483.0
Station_01,Inv_00,20170625,12:29:00,205.2,8.0,1641,217.0,8.9,1931,25122,16028,52.0,869.0
Station_01,Inv_00,20170625,12:30:00,221.0,15.3,3381,218.0,14.6,3183,25122,16028,53.3,971.0
Station_01,Inv_00,20170625,12:31:00,211.0,15.7,3313,218.0,14.2,3096,25122,16028,56.2,964.0
Station_01,Inv_00,20170625,12:32:00,217.5,15.2,3306,218.0,14.3,3117,25122,16028,56.9,966.0
Station_01,Inv_00,20170625,12:33:00,216.0,15.4,3326,218.0,14.4,3139,25122,16028,60.1,974.0
Station_01,Inv_00,20170625,12:34:00,209.5,16.1,3373,218.0,14.5,3161,25122,16028,60.4,994.0
Station_01,Inv_00,20170625,12:35:00,212.5,16.2,3443,218.0,14.8,3226,25122,16028,61.4,1018.0
Station_01,Inv_00,20170625,12:36:00,211.0,15.9,3354,218.0,14.3,3117,25122,16028,60.9,959.0
Station_01,Inv_00,20170625,12:37:00,212.0,15.6,3307,218.0,14.2,3096,25122,16028,62.1,995.0
Station_01,Inv_00,20170625,12:38:00,199.5,16.5,3292,218.0,13.9,3030,25122,16028,64.1,982.0
Station_01,Inv_00,20170625,12:39:00,208.0,16.5,3432,218.0,14.5,3161,25122,16028,64.7,962.0
Station_01,Inv_00,20170625,12:40:00,209.0,16.5,3448,218.0,14.8,3226,25122,16028,64.8,1020.0
Station_01,Inv_00,20170625,12:41:00,210.9,7.2,1518,216.0,6.3,1361,25122,16028,63.8,471.0
Station_01,Inv_00,20170625,12:42:00,207.4,5.0,1037,216.0,4.5,972,25122,16028,62.6,517.0
Station_01,Inv_00,20170625,12:43:00,221.8,4.3,954,216.0,4.1,886,25122,16028,59.6,298.0
Station_01,Inv_00,20170625,12:44:00,212.3,4.6,977,216.0,4.1,886,25122,16028,57.1,296.0
Station_01,Inv_00,20170625,12:45:00,215.0,15.4,3311,217.0,14.4,3125,25122,16028,58.4,932.0
Station_01,Inv_00,20170625,12:46:00,215.0,10.6,2279,217.0,9.4,2040,25122,16028,58.6,859.0
Station_01,Inv_00,20170625,12:47:00,213.0,15.8,3365,218.0,14.4,3139,25122,16028,61.0,978.0
Station_01,Inv_00,20170625,12:48:00,213.5,15.8,3373,217.0,14.2,3081,25122,16028,58.6,816.0
Station_01,Inv_00,20170625,12:49:00,208.5,15.7,3273,220.0,13.9,3058,25122,16028,58.3,831.0
Station_01,Inv_00,20170625,12:50:00,210.9,16.1,3396,221.0,14.4,3182,25123,16028,58.2,972.0
Station_01,Inv_00,20170625,12:51:00,213.5,16.2,3458,220.0,14.6,3212,25123,16028,59.4,1001.0
Station_01,Inv_00,20170625,12:52:00,214.0,13.8,2953,220.0,12.5,2750,25123,16028,60.0,964.0
Station_01,Inv_00,20170625,12:53:00,217.0,6.2,1345,219.0,5.6,1226,25123,16028,58.7,437.0
Station_01,Inv_00,20170625,12:54:00,220.4,5.2,1146,219.0,5.0,1095,25123,16028,56.9,367.0
Station_01,Inv_00,20170625,12:55:00,221.0,4.8,1061,219.0,4.6,1007,25123,16028,53.6,321.0
Station_01,Inv_00,20170625,12:56:00,228.0,4.4,1003,219.0,4.3,942,25123,16028,51.4,302.0
Station_01,Inv_00,20170625,12:57:00,228.5,4.8,1097,219.0,4.5,986,25123,16028,49.6,309.0
Station_01,Inv_00,20170625,12:58:00,224.5,5.6,1257,219.0,5.2,1139,25123,16028,48.5,355.0
Station_01,Inv_00,20170625,12:59:00,216.0,16.4,3542,220.0,14.9,3278,25123,16028,50.6,810.0
Station_01,Inv_00,20170625,13:00:00,220.5,6.1,1345,219.0,5.8,1270,25123,16028,49.7,490.0
Station_01,Inv_00,20170625,13:01:00,223.0,6.2,1383,218.0,6.0,1308,25123,16028,49.2,403.0
Station_01,Inv_00,20170625,13:02:00,219.0,16.8,3679,221.0,15.6,3448,25123,16028,52.0,968.0
Station_01,Inv_00,20170625,13:03:00,219.5,16.8,3688,221.0,15.5,3426,25123,16028,52.9,1031.0
Station_01,Inv_00,20170625,13:04:00,214.5,13.3,2852,221.0,12.3,2718,25123,16028,54.0,983.0
Station_01,Inv_00,20170625,13:05:00,223.5,6.8,1520,220.0,6.5,1430,25123,16028,52.2,463.0
Station_01,Inv_00,20170625,13:06:00,231.0,6.1,1409,219.0,6.1,1336,25123,16028,51.6,411.0
Station_01,Inv_00,20170625,13:07:00,229.0,6.2,1420,219.0,6.0,1314,25123,16028,50.1,398.0
Station_01,Inv_00,20170625,13:08:00,229.4,5.6,1285,219.0,5.6,1226,25123,16028,49.4,381.0
Station_01,Inv_00,20170625,13:09:00,225.0,5.5,1237,219.0,5.3,1161,25123,16028,47.7,365.0
Station_01,Inv_00,20170625,13:10:00,232.9,5.8,1351,219.0,5.7,1248,25123,16028,46.3,372.0
Station_01,Inv_00,20170625,13:11:00,238.0,6.3,1499,219.0,6.6,1445,25123,16028,46.2,463.0
Station_01,Inv_00,20170625,13:12:00,239.8,11.3,2710,220.0,10.2,2244,25123,16028,46.9,613.0
Station_01,Inv_00,20170625,13:13:00,229.4,8.8,2019,218.0,8.5,1853,25123,16028,48.9,705.0
Station_01,Inv_00,20170625,13:14:00,211.5,7.5,1586,218.0,6.9,1504,25123,16028,49.3,701.0
Station_01,Inv_00,20170625,13:15:00,232.0,6.3,1462,218.0,6.2,1352,25123,16028,48.5,422.0
Station_01,Inv_00,20170625,13:16:00,233.5,6.4,1494,218.0,6.3,1373,25123,16028,47.8,412.0
Station_01,Inv_00,20170625,13:17:00,235.9,5.5,1298,218.0,5.6,1221,25123,16028,47.2,391.0
Station_01,Inv_00,20170625,13:18:00,220.5,10.3,2271,220.0,10.9,2398,25123,16028,47.8,623.0
Station_01,Inv_00,20170625,13:19:00,231.5,5.6,1296,219.0,5.5,1205,25123,16028,47.3,368.0
Station_01,Inv_00,20170625,13:20:00,232.5,5.6,1302,218.0,5.6,1221,25123,16028,46.8,367.0
Station_01,Inv_00,20170625,13:21:00,234.5,6.2,1454,217.0,6.2,1345,25124,16029,46.1,397.0
Station_01,Inv_00,20170625,13:22:00,231.1,10.4,2403,218.0,11.1,2420,25124,16029,46.6,589.0
Station_01,Inv_00,20170625,13:23:00,234.0,6.6,1544,217.0,6.7,1454,25124,16029,45.4,432.0
Station_01,Inv_00,20170625,13:24:00,228.5,7.2,1645,217.0,7.1,1541,25124,16029,45.3,504.0
Station_01,Inv_00,20170625,13:25:00,228.4,15.0,3426,218.0,13.7,2987,25124,16029,46.9,819.0
Station_01,Inv_00,20170625,13:26:00,224.4,15.0,3366,218.0,14.4,3139,25124,16029,49.9,945.0
Station_01,Inv_00,20170625,13:27:00,220.4,13.4,2954,219.0,12.6,2759,25124,16029,51.3,930.0
Station_01,Inv_00,20170625,13:28:00,214.4,8.1,1737,219.0,7.8,1708,25124,16029,51.1,705.0
Station_01,Inv_00,20170625,13:29:00,218.0,6.7,1461,219.0,6.3,1380,25124,16029,48.5,426.0
Station_01,Inv_00,20170625,13:30:00,223.2,6.3,1406,217.0,6.2,1345,25124,16029,48.0,434.0
Station_01,Inv_00,20170625,13:31:00,217.5,10.0,2175,218.0,9.3,2027,25124,16029,48.6,539.0
Station_01,Inv_00,20170625,13:32:00,226.0,5.9,1333,218.0,5.8,1264,25124,16029,48.5,419.0
Station_01,Inv_00,20170625,13:33:00,230.5,5.9,1360,217.0,5.8,1259,25124,16029,48.2,390.0
Station_01,Inv_00,20170625,13:34:00,233.5,6.4,1494,218.0,6.2,1352,25124,16029,46.9,385.0
Station_01,Inv_00,20170625,13:35:00,232.0,14.9,3457,219.0,14.8,3241,25124,16029,49.2,875.0
Station_01,Inv_00,20170625,13:36:00,223.0,14.8,3300,219.0,14.2,3110,25124,16029,51.4,924.0
Station_01,Inv_00,20170625,13:37:00,227.5,13.9,3162,220.0,13.1,2882,25124,16029,51.7,784.0
Station_01,Inv_00,20170625,13:38:00,225.0,14.0,3150,220.0,13.4,2948,25124,16029,53.5,880.0
Station_01,Inv_00,20170625,13:39:00,217.0,14.7,3190,219.0,13.7,3000,25124,16029,53.4,904.0
Station_01,Inv_00,20170625,13:40:00,216.5,13.3,2880,218.0,12.2,2660,25124,16029,54.5,884.0
Station_01,Inv_00,20170625,13:41:00,215.0,14.3,3074,219.0,13.5,2957,25124,16029,55.8,909.0
Station_01,Inv_00,20170625,13:42:00,212.5,14.1,2996,219.0,13.1,2869,25124,16029,54.7,815.0
Station_01,Inv_00,20170625,13:43:00,224.9,5.4,1214,217.0,5.3,1150,25124,16029,53.1,390.0
Station_01,Inv_00,20170625,13:44:00,223.4,9.7,2167,218.0,9.8,2136,25124,16029,52.2,509.0
Station_01,Inv_00,20170625,13:45:00,224.4,13.9,3120,218.0,13.4,2921,25124,16029,53.1,856.0
Station_01,Inv_00,20170625,13:46:00,221.4,13.7,3034,218.0,13.1,2856,25124,16029,53.0,865.0
Station_01,Inv_00,20170625,13:47:00,224.0,13.1,2934,218.0,12.7,2769,25125,16030,53.2,842.0
Station_01,Inv_00,20170625,13:48:00,216.5,13.6,2944,219.0,12.6,2759,25125,16030,55.1,820.0
Station_01,Inv_00,20170625,13:49:00,226.9,12.9,2927,219.0,12.7,2781,25125,16030,54.0,820.0
Station_01,Inv_00,20170625,13:50:00,219.0,7.3,1599,218.0,7.0,1526,25125,16030,53.8,565.0
Station_01,Inv_00,20170625,13:51:00,213.5,12.5,2669,220.0,11.3,2486,25125,16030,54.4,839.0
Station_01,Inv_00,20170625,13:52:00,213.5,6.6,1409,218.0,6.1,1330,25125,16030,53.7,433.0
Station_01,Inv_00,20170625,13:53:00,216.0,8.0,1728,219.0,7.5,1643,25125,16030,53.7,549.0
Station_01,Inv_00,20170625,13:54:00,220.5,7.2,1588,217.0,6.9,1497,25125,16030,52.6,519.0
Station_01,Inv_00,20170625,13:55:00,231.5,5.5,1273,218.0,5.6,1221,25125,16030,51.4,376.0
Station_01,Inv_00,20170625,13:56:00,228.0,13.6,3100,219.0,13.4,2935,25125,16030,52.2,772.0
Station_01,Inv_00,20170625,13:57:00,226.5,13.3,3012,218.0,12.9,2812,25125,16030,52.7,837.0
Station_01,Inv_00,20170625,13:58:01,221.5,13.4,2968,219.0,12.8,2803,25125,16030,52.2,837.0
Station_01,Inv_00,20170625,13:59:00,220.4,13.2,2910,219.0,12.4,2716,25125,16030,53.1,819.0
Station_01,Inv_00,20170625,14:00:00,222.5,8.9,1980,218.0,8.1,1766,25125,16030,53.5,688.0
Station_01,Inv_00,20170625,14:01:00,219.2,6.4,1403,218.0,6.2,1352,25125,16030,52.6,521.0
Station_01,Inv_00,20170625,14:02:00,222.5,13.4,2981,219.0,12.8,2803,25125,16030,52.0,806.0
Station_01,Inv_00,20170625,14:03:00,225.0,7.7,1732,218.0,7.6,1657,25125,16030,51.3,555.0
Station_01,Inv_00,20170625,14:04:00,215.5,9.7,2091,219.0,9.9,2168,25125,16030,51.7,645.0
Station_01,Inv_00,20170625,14:05:00,223.5,12.8,2861,219.0,12.4,2716,25125,16030,53.1,839.0
Station_01,Inv_00,20170625,14:06:00,227.0,12.6,2860,218.0,12.3,2681,25125,16030,52.9,809.0
Station_01,Inv_00,20170625,14:07:00,219.5,12.5,2744,218.0,11.8,2572,25125,16030,52.7,788.0
Station_01,Inv_00,20170625,14:08:00,223.0,12.2,2720,217.0,11.8,2561,25125,16030,52.7,773.0
Station_01,Inv_00,20170625,14:09:00,224.0,12.4,2777,217.0,12.0,2604,25125,16030,53.6,779.0
Station_01,Inv_00,20170625,14:10:00,219.5,7.5,1646,217.0,7.1,1541,25125,16030,53.2,678.0
Station_01,Inv_00,20170625,14:11:00,216.5,7.4,1602,217.0,7.1,1541,25126,16030,52.7,657.0
Station_01,Inv_00,20170625,14:12:00,224.5,9.7,2177,217.0,9.8,2127,25126,16030,52.4,580.0
Station_01,Inv_00,20170625,14:13:00,224.0,12.7,2845,218.0,12.4,2703,25126,16030,52.0,779.0
Station_01,Inv_00,20170625,14:14:00,224.5,12.2,2739,218.0,11.9,2594,25126,16030,52.5,798.0
Station_01,Inv_00,20170625,14:15:00,221.0,12.1,2674,219.0,11.5,2519,25126,16030,53.1,769.0
Station_01,Inv_00,20170625,14:16:00,219.0,11.9,2606,219.0,11.2,2453,25126,16030,53.0,679.0
Station_01,Inv_00,20170625,14:17:00,220.9,5.3,1171,218.0,4.9,1068,25126,16030,52.2,420.0
Station_01,Inv_00,20170625,14:18:00,222.4,5.7,1268,217.0,5.4,1172,25126,16030,51.0,411.0
Station_01,Inv_00,20170625,14:19:00,226.1,7.7,1741,218.0,6.9,1504,25126,16030,50.0,418.0
Station_01,Inv_00,20170625,14:20:00,228.5,10.6,2422,218.0,10.7,2333,25126,16030,50.5,616.0
Station_01,Inv_00,20170625,14:21:00,218.0,11.8,2572,219.0,11.2,2453,25126,16030,51.3,741.0
Station_01,Inv_00,20170625,14:22:00,218.8,10.9,2384,218.0,10.2,2224,25126,16030,51.5,619.0
Station_01,Inv_00,20170625,14:23:00,223.0,11.1,2475,218.0,10.7,2333,25126,16030,51.4,710.0
Station_01,Inv_00,20170625,14:24:00,224.5,11.0,2470,219.0,10.7,2343,25126,16030,49.9,706.0
Station_01,Inv_00,20170625,14:25:00,224.9,11.0,2474,219.0,10.7,2343,25126,16030,50.6,702.0
Station_01,Inv_00,20170625,14:26:00,228.0,10.8,2462,218.0,10.7,2333,25126,16030,50.7,708.0
Station_01,Inv_00,20170625,14:27:00,221.0,9.7,2144,219.0,9.2,2015,25126,16030,51.6,680.0
Station_01,Inv_00,20170625,14:28:00,209.3,5.2,1088,218.0,4.6,1003,25126,16030,49.9,437.0
Station_01,Inv_00,20170625,14:29:00,223.5,11.5,2570,219.0,11.0,2409,25126,16030,48.7,527.0
Station_01,Inv_00,20170625,14:30:00,225.5,11.1,2503,218.0,10.9,2376,25126,16030,50.5,722.0
Station_01,Inv_00,20170625,14:31:00,225.3,4.8,1082,217.0,4.6,998,25126,16030,48.2,321.0
Station_01,Inv_00,20170625,14:32:00,226.5,11.6,2627,218.0,11.2,2442,25126,16030,47.7,508.0
Station_01,Inv_00,20170625,14:33:00,224.5,11.4,2559,218.0,11.2,2442,25126,16030,48.1,723.0
Station_01,Inv_00,20170625,14:34:00,225.5,10.8,2435,218.0,10.6,2311,25126,16030,48.9,694.0
Station_01,Inv_00,20170625,14:35:00,224.5,10.9,2447,219.0,10.6,2321,25126,16030,50.3,698.0
Station_01,Inv_00,20170625,14:36:00,226.0,11.1,2508,218.0,10.8,2354,25126,16030,51.0,699.0
Station_01,Inv_00,20170625,14:37:00,224.0,11.6,2598,218.0,11.2,2442,25126,16030,51.7,733.0
Station_01,Inv_00,20170625,14:38:00,208.5,12.5,2606,218.0,11.3,2463,25126,16030,52.4,758.0
Station_01,Inv_00,20170625,14:39:00,208.5,12.6,2627,218.0,11.3,2463,25127,16031,52.5,759.0
Station_01,Inv_00,20170625,14:40:00,210.4,10.5,2210,217.0,9.4,2040,25127,16031,51.9,649.0
Station_01,Inv_00,20170625,14:41:00,219.0,7.2,1577,218.0,6.7,1461,25127,16031,52.0,626.0
Station_01,Inv_00,20170625,14:42:00,220.0,11.0,2420,218.0,10.6,2311,25127,16031,49.9,451.0
Station_01,Inv_00,20170625,14:43:00,229.5,10.8,2479,218.0,10.8,2354,25127,16031,51.7,692.0
Station_01,Inv_00,20170625,14:44:00,228.5,8.8,2011,218.0,8.5,1853,25127,16031,49.3,508.0
Station_01,Inv_00,20170625,14:45:00,230.0,10.7,2461,218.0,10.7,2333,25127,16031,50.0,682.0
Station_01,Inv_00,20170625,14:46:00,232.4,6.6,1534,218.0,6.2,1352,25127,16031,48.5,525.0
Station_01,Inv_00,20170625,14:47:00,228.5,11.0,2514,218.0,10.9,2376,25127,16031,50.0,706.0
Station_01,Inv_00,20170625,14:48:00,229.0,11.2,2564,219.0,11.1,2431,25127,16031,50.9,717.0
Station_01,Inv_00,20170625,14:49:00,229.5,11.3,2593,218.0,11.3,2463,25127,16031,50.8,720.0
Station_01,Inv_00,20170625,14:50:00,228.0,11.5,2622,219.0,11.2,2453,25127,16031,51.7,738.0
Station_01,Inv_00,20170625,14:51:00,225.5,11.3,2548,219.0,11.0,2409,25127,16031,53.3,713.0
Station_01,Inv_00,20170625,14:52:00,223.5,11.3,2526,218.0,11.0,2398,25127,16031,53.0,716.0
Station_01,Inv_00,20170625,14:53:00,223.0,11.2,2498,218.0,10.8,2354,25127,16031,52.1,701.0
Station_01,Inv_00,20170625,14:54:00,226.5,11.1,2514,218.0,10.9,2376,25127,16031,53.5,707.0
Station_01,Inv_00,20170625,14:55:00,226.5,10.9,2469,218.0,10.7,2333,25127,16031,53.0,693.0
Station_01,Inv_00,20170625,14:56:00,224.5,11.0,2469,219.0,10.6,2321,25127,16031,51.8,694.0
Station_01,Inv_00,20170625,14:57:00,223.0,10.6,2364,220.0,9.9,2178,25127,16031,52.2,676.0
Station_01,Inv_00,20170625,14:58:00,224.0,10.7,2397,220.0,10.3,2266,25127,16031,52.3,670.0
Station_01,Inv_00,20170625,14:59:00,227.0,10.2,2315,220.0,10.0,2200,25127,16031,52.5,661.0
Station_01,Inv_00,20170625,15:00:00,218.0,7.5,1635,219.0,6.2,1358,25127,16031,51.2,385.0
Station_01,Inv_00,20170625,15:01:00,224.0,9.5,2128,219.0,9.2,2015,25127,16031,52.3,581.0
Station_01,Inv_00,20170625,15:02:00,227.9,8.0,1824,219.0,7.7,1686,25127,16031,50.3,464.0
Station_01,Inv_00,20170625,15:03:00,228.0,8.9,2029,219.0,8.8,1927,25127,16031,50.2,578.0
Station_01,Inv_00,20170625,15:04:00,226.0,8.9,2011,219.0,8.7,1905,25127,16031,51.1,567.0
Station_01,Inv_00,20170625,15:05:00,225.0,9.1,2047,218.0,8.9,1940,25128,16032,49.7,574.0
Station_01,Inv_00,20170625,15:06:00,229.0,9.3,2130,218.0,9.2,2006,25128,16032,49.2,590.0
Station_01,Inv_00,20170625,15:07:00,229.0,9.7,2221,219.0,9.7,2124,25128,16032,49.4,618.0
Station_01,Inv_00,20170625,15:08:00,231.0,9.8,2264,218.0,9.8,2136,25128,16032,50.1,632.0
Station_01,Inv_00,20170625,15:09:00,222.5,10.3,2292,218.0,9.9,2158,25128,16032,50.4,639.0
Station_01,Inv_00,20170625,15:10:00,218.5,10.5,2294,218.0,10.0,2180,25128,16032,50.2,661.0
Station_01,Inv_00,20170625,15:11:00,228.4,9.8,2239,219.0,9.8,2146,25128,16032,49.7,631.0
Station_01,Inv_00,20170625,15:12:00,235.5,5.0,1178,218.0,5.0,1090,25128,16032,47.2,388.0
Station_01,Inv_00,20170625,15:13:00,227.0,5.2,1180,219.0,5.1,1117,25128,16032,47.4,342.0
Station_01,Inv_00,20170625,15:14:00,233.5,5.4,1261,219.0,5.3,1161,25128,16032,45.5,362.0
Station_01,Inv_00,20170625,15:15:00,232.5,5.4,1256,217.0,5.4,1172,25128,16032,44.6,392.0
Station_01,Inv_00,20170625,15:16:00,232.0,5.1,1183,218.0,5.1,1112,25128,16032,44.4,345.0
Station_01,Inv_00,20170625,15:17:00,233.9,5.6,1310,218.0,5.6,1221,25128,16032,44.1,365.0
Station_01,Inv_00,20170625,15:18:00,233.4,9.2,2148,218.0,9.3,2027,25128,16032,45.3,441.0
Station_01,Inv_00,20170625,15:19:00,228.0,6.6,1505,218.0,6.9,1504,25128,16032,45.6,400.0
Station_01,Inv_00,20170625,15:20:00,230.5,9.5,2190,218.0,9.5,2071,25128,16032,47.0,594.0
Station_01,Inv_00,20170625,15:21:00,230.5,9.4,2167,219.0,9.4,2059,25128,16032,47.2,563.0
Station_01,Inv_00,20170625,15:22:00,236.4,9.5,2245,218.0,9.7,2115,25128,16032,45.9,511.0
Station_01,Inv_00,20170625,15:23:00,237.5,5.1,1211,219.0,5.0,1095,25128,16032,44.8,360.0
Station_01,Inv_00,20170625,15:24:00,232.5,9.6,2232,220.0,9.5,2090,25128,16032,46.5,601.0
Station_01,Inv_00,20170625,15:25:00,227.0,9.1,2066,219.0,9.0,1971,25128,16032,47.6,588.0
Station_01,Inv_00,20170625,15:26:00,224.0,8.9,1994,219.0,8.5,1862,25128,16032,46.9,561.0
Station_01,Inv_00,20170625,15:27:00,231.5,8.4,1944,219.0,8.4,1840,25128,16032,46.5,553.0
Station_01,Inv_00,20170625,15:28:00,224.0,8.8,1971,219.0,8.5,1862,25128,16032,46.7,552.0
Station_01,Inv_00,20170625,15:29:00,233.5,8.3,1938,219.0,8.4,1840,25128,16032,47.6,545.0
Station_01,Inv_00,20170625,15:30:00,235.0,8.4,1974,220.0,8.6,1892,25128,16032,47.0,555.0
Station_01,Inv_00,20170625,15:31:00,236.5,7.9,1868,219.0,7.9,1730,25128,16032,46.9,537.0
Station_01,Inv_00,20170625,15:32:00,223.5,7.8,1743,218.0,7.7,1679,25128,16032,46.4,522.0
Station_01,Inv_00,20170625,15:33:00,218.0,8.4,1831,219.0,7.9,1730,25128,16032,46.4,531.0
Station_01,Inv_00,20170625,15:34:00,208.0,8.6,1789,219.0,7.7,1686,25128,16032,46.2,541.0
Station_01,Inv_00,20170625,15:35:00,226.0,8.2,1853,219.0,8.0,1752,25128,16032,46.0,535.0
Station_01,Inv_00,20170625,15:36:00,227.5,8.1,1843,218.0,8.0,1744,25128,16032,46.6,530.0
Station_01,Inv_00,20170625,15:37:00,228.5,8.2,1874,219.0,8.0,1752,25128,16032,47.0,525.0
Station_01,Inv_00,20170625,15:38:00,234.9,7.9,1856,218.0,7.9,1722,25129,16032,46.0,524.0
Station_01,Inv_00,20170625,15:39:00,232.5,7.7,1790,218.0,7.8,1700,25129,16032,46.3,509.0
Station_01,Inv_00,20170625,15:40:00,231.5,7.5,1736,218.0,7.6,1657,25129,16032,46.6,498.0
Station_01,Inv_00,20170625,15:41:00,235.0,6.9,1621,218.0,7.0,1526,25129,16032,46.0,471.0
Station_01,Inv_00,20170625,15:42:00,231.4,7.1,1643,218.0,7.1,1548,25129,16032,45.4,460.0
Station_01,Inv_00,20170625,15:43:00,232.8,7.0,1629,218.0,7.1,1548,25129,16032,45.5,458.0
Station_01,Inv_00,20170625,15:44:00,230.5,6.8,1567,218.0,6.7,1461,25129,16032,44.8,453.0
Station_01,Inv_00,20170625,15:45:00,233.0,6.7,1561,219.0,6.6,1445,25129,16032,43.8,449.0
Station_01,Inv_00,20170625,15:46:00,231.9,7.1,1647,219.0,7.0,1533,25129,16032,44.7,461.0
Station_01,Inv_00,20170625,15:47:00,230.9,7.1,1640,218.0,7.0,1526,25129,16032,44.8,475.0
Station_01,Inv_00,20170625,15:48:00,225.0,7.2,1620,218.0,6.9,1504,25129,16032,44.0,458.0
Station_01,Inv_00,20170625,15:49:00,235.0,6.7,1575,219.0,6.9,1511,25129,16032,44.4,454.0
Station_01,Inv_00,20170625,15:50:00,233.5,6.9,1611,218.0,6.8,1482,25129,16032,45.2,443.0
Station_01,Inv_00,20170625,15:51:00,230.0,6.9,1587,218.0,6.7,1461,25129,16032,44.0,435.0
Station_01,Inv_00,20170625,15:52:00,234.5,6.5,1524,220.0,6.6,1452,25129,16032,44.9,427.0
Station_01,Inv_00,20170625,15:53:00,227.5,6.7,1524,218.0,6.5,1417,25129,16032,44.2,423.0
Station_01,Inv_00,20170625,15:54:00,222.0,6.5,1443,218.0,6.2,1352,25129,16032,44.4,418.0
Station_01,Inv_00,20170625,15:55:00,234.0,6.4,1498,220.0,6.3,1386,25129,16032,44.4,414.0
Station_01,Inv_00,20170625,15:56:00,233.5,6.4,1494,220.0,6.3,1386,25129,16032,43.3,412.0
Station_01,Inv_00,20170625,15:57:00,233.5,6.3,1471,220.0,6.2,1364,25129,16032,43.2,399.0
Station_01,Inv_00,20170625,15:58:00,239.5,6.2,1485,220.0,6.2,1364,25129,16032,42.9,406.0
Station_01,Inv_00,20170625,15:59:00,238.0,6.2,1476,221.0,6.2,1370,25129,16032,42.9,406.0
Station_01,Inv_00,20170625,16:00:00,233.0,6.2,1445,220.0,6.2,1364,25129,16032,43.3,399.0
Station_01,Inv_00,20170625,16:01:00,235.0,6.1,1433,219.0,6.0,1314,25129,16032,43.4,393.0
Station_01,Inv_00,20170625,16:02:00,237.5,5.7,1354,220.0,5.8,1276,25129,16032,42.8,381.0
Station_01,Inv_00,20170625,16:03:00,231.0,5.2,1201,220.0,5.1,1122,25129,16032,42.0,354.0
Station_01,Inv_00,20170625,16:04:00,231.0,5.7,1317,219.0,5.7,1248,25129,16032,42.0,377.0
Station_01,Inv_00,20170625,16:05:00,238.4,5.4,1287,219.0,5.6,1226,25129,16032,41.5,366.0
Station_01,Inv_00,20170625,16:06:00,237.9,5.5,1309,218.0,5.6,1221,25129,16032,41.2,368.0
Station_01,Inv_00,20170625,16:07:00,237.4,5.5,1306,218.0,5.6,1221,25129,16032,41.1,368.0
Station_01,Inv_00,20170625,16:08:00,234.5,5.8,1360,218.0,5.7,1243,25129,16032,41.5,375.0
Station_01,Inv_00,20170625,16:09:00,235.5,5.5,1295,218.0,5.6,1221,25129,16032,41.3,364.0
Station_01,Inv_00,20170625,16:10:00,237.5,5.6,1330,218.0,5.6,1221,25129,16032,41.2,366.0
Station_01,Inv_00,20170625,16:11:00,241.9,5.4,1306,218.0,5.6,1221,25129,16032,41.5,361.0
Station_01,Inv_00,20170625,16:12:00,239.0,5.4,1291,219.0,5.4,1183,25129,16032,41.5,352.0
Station_01,Inv_00,20170625,16:13:00,236.5,5.5,1301,218.0,5.6,1221,25129,16032,41.7,363.0
Station_01,Inv_00,20170625,16:14:00,240.5,5.2,1251,218.0,5.4,1177,25129,16032,41.4,353.0
Station_01,Inv_00,20170625,16:15:00,229.0,5.3,1214,219.0,5.2,1139,25129,16032,40.6,350.0
Station_01,Inv_00,20170625,16:16:00,243.5,5.1,1242,218.0,5.2,1134,25129,16032,41.1,351.0
Station_01,Inv_00,20170625,16:17:00,226.0,5.3,1198,218.0,5.1,1112,25129,16032,40.6,338.0
Station_01,Inv_00,20170625,16:18:00,237.5,5.1,1211,218.0,5.2,1134,25129,16032,41.1,341.0
Station_01,Inv_00,20170625,16:19:00,240.5,5.1,1226,218.0,5.1,1112,25130,16033,40.7,339.0
Station_01,Inv_00,20170625,16:20:00,237.3,5.0,1187,218.0,5.1,1112,25130,16033,40.4,335.0
Station_01,Inv_00,20170625,16:21:00,230.4,5.0,1152,218.0,5.1,1112,25130,16033,41.0,333.0
Station_01,Inv_00,20170625,16:22:00,236.5,4.8,1135,220.0,4.7,1034,25130,16033,41.2,318.0
Station_01,Inv_00,20170625,16:23:00,238.0,4.6,1095,219.0,4.7,1029,25130,16033,41.0,320.0
Station_01,Inv_00,20170625,16:24:00,238.9,4.6,1099,219.0,4.6,1007,25130,16033,40.6,307.0
Station_01,Inv_00,20170625,16:25:00,237.0,4.5,1066,220.0,4.4,968,25130,16033,40.6,302.0
Station_01,Inv_00,20170625,16:26:00,239.4,4.5,1078,219.0,4.5,986,25130,16033,40.9,298.0
Station_01,Inv_00,20170625,16:27:00,239.0,4.5,1076,219.0,4.5,986,25130,16033,40.4,301.0
Station_01,Inv_00,20170625,16:28:00,220.0,4.6,1012,219.0,4.2,920,25130,16033,40.7,299.0
Station_01,Inv_00,20170625,16:29:00,234.5,4.4,1032,217.0,4.3,933,25130,16033,40.4,293.0
Station_01,Inv_00,20170625,16:30:00,238.0,4.2,1000,218.0,4.2,916,25130,16033,40.2,284.0
Station_01,Inv_00,20170625,16:31:00,234.5,4.0,938,218.0,4.1,894,25130,16033,40.2,275.0
Station_01,Inv_00,20170625,16:32:00,233.5,4.1,957,218.0,4.0,872,25130,16033,39.4,272.0
Station_01,Inv_00,20170625,16:33:00,237.5,4.0,950,218.0,4.0,872,25130,16033,39.3,267.0
Station_01,Inv_00,20170625,16:34:00,235.8,4.0,943,218.0,4.1,894,25130,16033,39.8,269.0
Station_01,Inv_00,20170625,16:35:00,235.5,4.0,942,218.0,4.0,872,25130,16033,39.6,265.0
Station_01,Inv_00,20170625,16:36:00,237.5,3.9,926,218.0,4.1,894,25130,16033,39.7,279.0
Station_01,Inv_00,20170625,16:37:00,238.9,4.0,956,218.0,4.0,872,25130,16033,39.5,266.0
Station_01,Inv_00,20170625,16:38:00,236.0,3.8,897,218.0,3.9,850,25130,16033,39.1,256.0
Station_01,Inv_00,20170625,16:39:00,238.0,3.6,857,218.0,3.7,807,25130,16033,38.8,246.0
Station_01,Inv_00,20170625,16:40:00,237.5,3.5,831,217.0,3.8,825,25130,16033,39.0,245.0
Station_01,Inv_00,20170625,16:41:00,241.5,3.3,797,217.0,3.6,781,25130,16033,38.7,243.0
Station_01,Inv_00,20170625,16:42:00,236.0,3.4,802,217.0,3.6,781,25130,16033,38.6,242.0
Station_01,Inv_00,20170625,16:43:00,240.5,3.4,818,216.0,3.6,778,25130,16033,38.6,233.0
Station_01,Inv_00,20170625,16:44:00,228.0,3.5,798,216.0,3.5,756,25130,16033,37.9,235.0
Station_01,Inv_00,20170625,16:45:00,238.5,3.4,811,216.0,3.6,778,25130,16033,37.9,236.0
Station_01,Inv_00,20170625,16:46:00,238.5,3.2,763,217.0,3.4,738,25130,16033,37.5,227.0
Station_01,Inv_00,20170625,16:47:00,234.0,3.3,772,217.0,3.4,738,25130,16033,37.2,224.0
Station_01,Inv_00,20170625,16:48:00,244.0,3.1,756,216.0,3.3,713,25130,16033,37.4,220.0
Station_01,Inv_00,20170625,16:49:00,234.0,3.1,725,216.0,3.2,691,25130,16033,37.4,214.0
Station_01,Inv_00,20170625,16:50:00,237.5,3.0,712,216.0,3.1,670,25130,16033,36.9,210.0
Station_01,Inv_00,20170625,16:51:00,243.5,2.8,682,217.0,3.0,651,25130,16033,36.7,207.0
Station_01,Inv_00,20170625,16:52:00,232.5,2.9,674,216.0,2.9,626,25130,16033,36.5,197.0
Station_01,Inv_00,20170625,16:53:00,240.9,2.7,650,216.0,2.9,626,25130,16033,36.3,195.0
Station_01,Inv_00,20170625,16:54:00,221.0,2.7,597,216.0,2.6,562,25130,16033,36.1,196.0
Station_01,Inv_00,20170625,16:55:00,238.8,2.6,621,216.0,2.7,583,25130,16033,36.3,184.0
Station_01,Inv_00,20170625,16:56:00,240.4,2.7,649,216.0,2.8,605,25130,16033,36.0,188.0
Station_01,Inv_00,20170625,16:57:00,240.3,2.6,625,215.0,2.8,602,25130,16033,35.9,187.0
Station_01,Inv_00,20170625,16:58:00,240.4,2.5,601,215.0,2.6,559,25130,16033,35.9,186.0
Station_01,Inv_00,20170625,16:59:00,234.2,2.6,609,215.0,2.6,559,25130,16033,35.8,180.0
Station_01,Inv_00,20170625,17:00:00,238.0,2.5,595,215.0,2.7,581,25130,16033,35.9,181.0
Station_01,Inv_00,20170625,17:01:00,239.8,2.6,623,215.0,2.7,581,25130,16033,35.8,185.0
Station_01,Inv_00,20170625,17:02:00,239.0,2.7,645,216.0,2.8,605,25130,16033,36.1,188.0
Station_01,Inv_00,20170625,17:03:00,238.3,2.8,667,217.0,2.9,629,25130,16033,35.9,195.0
Station_01,Inv_00,20170625,17:04:00,243.0,2.7,656,216.0,2.9,626,25130,16033,36.3,195.0
Station_01,Inv_00,20170625,17:05:00,227.2,2.7,614,216.0,2.7,583,25130,16033,36.0,192.0
Station_01,Inv_00,20170625,17:06:00,233.9,2.7,632,216.0,2.7,583,25130,16033,35.9,186.0
Station_01,Inv_00,20170625,17:07:00,232.2,2.6,604,216.0,2.6,562,25130,16033,35.7,182.0
Station_01,Inv_00,20170625,17:08:00,234.9,2.5,587,216.0,2.5,540,25130,16033,35.7,177.0
Station_01,Inv_00,20170625,17:09:00,236.9,2.5,592,215.0,2.5,538,25130,16033,35.8,171.0
Station_01,Inv_00,20170625,17:10:00,233.3,2.5,583,215.0,2.5,538,25130,16033,35.8,167.0
Station_01,Inv_00,20170625,17:11:00,240.0,2.4,576,216.0,2.5,540,25130,16033,35.6,158.0
Station_01,Inv_00,20170625,17:12:00,240.5,2.4,577,216.0,2.5,540,25130,16033,35.5,147.0
Station_01,Inv_00,20170625,17:13:00,243.0,2.3,559,216.0,2.5,540,25130,16033,35.4,142.0
Station_01,Inv_00,20170625,17:14:00,226.0,2.4,542,216.0,2.4,518,25130,16033,35.3,139.0
Station_01,Inv_00,20170625,17:15:00,236.9,2.3,545,216.0,2.4,518,25130,16033,35.0,138.0
Station_01,Inv_00,20170625,17:16:00,229.2,2.3,527,215.0,2.4,516,25130,16033,35.2,136.0
Station_01,Inv_00,20170625,17:17:00,230.5,2.3,530,216.0,2.3,497,25130,16033,35.0,136.0
Station_01,Inv_00,20170625,17:18:00,235.5,2.2,518,215.0,2.3,494,25130,16033,34.8,146.0
Station_01,Inv_00,20170625,17:19:00,231.5,2.2,509,216.0,2.1,454,25130,16033,34.8,134.0
Station_01,Inv_00,20170625,17:20:00,222.5,2.1,467,215.0,2.1,452,25130,16033,34.9,133.0
Station_01,Inv_00,20170625,17:21:00,236.5,2.0,473,215.0,2.0,430,25130,16033,34.6,132.0
Station_01,Inv_00,20170625,17:22:00,240.9,1.9,458,215.0,2.0,430,25130,16033,34.5,131.0
Station_01,Inv_00,20170625,17:23:00,245.4,1.9,466,216.0,2.0,432,25130,16033,34.3,130.0
Station_01,Inv_00,20170625,17:24:00,245.7,1.7,418,215.0,2.0,430,25130,16033,34.3,130.0
Station_01,Inv_00,20170625,17:25:00,241.0,1.8,434,216.0,1.9,410,25130,16033,34.3,128.0
Station_01,Inv_00,20170625,17:26:00,234.5,1.7,399,217.0,1.9,412,25130,16033,34.2,127.0
Station_01,Inv_00,20170625,17:27:00,236.0,1.8,425,216.0,1.9,410,25130,16033,34.4,125.0
Station_01,Inv_00,20170625,17:28:00,242.0,1.8,436,216.0,1.9,410,25130,16033,34.3,125.0
Station_01,Inv_00,20170625,17:29:00,238.2,1.7,405,216.0,1.9,410,25130,16033,34.2,123.0
Station_01,Inv_00,20170625,17:30:00,236.4,1.7,402,217.0,1.8,391,25130,16033,34.0,123.0
Station_01,Inv_00,20170625,17:31:00,236.0,1.7,401,216.0,1.8,389,25130,16033,34.1,121.0
Station_01,Inv_00,20170625,17:32:00,237.0,1.7,403,216.0,1.8,389,25130,16033,34.1,120.0
Station_01,Inv_00,20170625,17:33:00,232.8,1.7,396,216.0,1.8,389,25130,16033,34.0,120.0
Station_01,Inv_00,20170625,17:34:00,234.9,1.7,399,216.0,1.7,367,25130,16033,34.0,118.0
Station_01,Inv_00,20170625,17:35:00,238.2,1.7,405,216.0,1.7,367,25130,16033,33.9,118.0
Station_01,Inv_00,20170625,17:36:00,233.0,1.5,350,216.0,1.7,367,25130,16033,33.9,119.0
Station_01,Inv_00,20170625,17:37:00,235.5,1.6,377,217.0,1.7,369,25130,16033,33.7,115.0
Station_01,Inv_00,20170625,17:38:00,235.3,1.6,377,217.0,1.6,347,25130,16033,33.6,115.0
Station_01,Inv_00,20170625,17:39:00,218.5,1.6,350,217.0,1.5,326,25130,16033,33.8,113.0
Station_01,Inv_00,20170625,17:40:00,228.5,1.6,366,217.0,1.6,347,25130,16033,33.8,113.0
Station_01,Inv_00,20170625,17:41:00,237.9,1.5,357,217.0,1.5,326,25130,16033,33.6,110.0
Station_01,Inv_00,20170625,17:42:00,233.5,1.4,327,216.0,1.5,324,25130,16033,33.6,109.0
Station_01,Inv_00,20170625,17:43:00,233.9,1.5,351,216.0,1.5,324,25130,16033,33.5,108.0
Station_01,Inv_00,20170625,17:44:00,232.5,1.4,326,217.0,1.5,326,25130,16033,33.3,107.0
Station_01,Inv_00,20170625,17:45:00,230.3,1.4,322,217.0,1.5,326,25130,16033,33.2,105.0
Station_01,Inv_00,20170625,17:46:00,230.0,1.4,322,217.0,1.4,304,25130,16033,33.2,104.0
Station_01,Inv_00,20170625,17:47:00,230.9,1.3,300,217.0,1.5,326,25130,16033,33.2,102.0
Station_01,Inv_00,20170625,17:48:00,231.0,1.3,300,217.0,1.4,304,25130,16033,33.1,100.0
Station_01,Inv_00,20170625,17:49:00,231.0,1.3,300,217.0,1.4,304,25130,16033,33.0,110.0
Station_01,Inv_00,20170625,17:50:00,233.0,1.2,280,217.0,1.4,304,25130,16033,32.8,98.0
Station_01,Inv_00,20170625,17:51:00,234.5,1.2,281,217.0,1.3,282,25130,16033,32.9,96.0
Station_01,Inv_00,20170625,17:52:00,232.4,1.2,279,217.0,1.3,282,25130,16033,32.8,95.0
Station_01,Inv_00,20170625,17:53:00,233.1,1.2,280,217.0,1.3,282,25130,16033,32.8,92.0
Station_01,Inv_00,20170625,17:54:00,232.0,1.2,278,216.0,1.3,281,25130,16033,32.7,107.0
Station_01,Inv_00,20170625,17:55:00,235.5,1.1,259,216.0,1.2,259,25131,16034,32.6,89.0
Station_01,Inv_00,20170625,17:56:00,226.0,1.1,249,217.0,1.1,239,25131,16034,32.5,88.0
Station_01,Inv_00,20170625,17:57:00,232.0,1.1,255,216.0,1.2,259,25131,16034,32.5,91.0
Station_01,Inv_00,20170625,17:58:00,232.0,1.0,232,216.0,1.2,259,25131,16034,32.4,96.0
Station_01,Inv_00,20170625,17:59:00,236.5,1.0,237,216.0,1.1,238,25131,16034,32.3,94.0
Station_01,Inv_00,20170625,18:00:00,230.5,1.0,231,216.0,1.1,238,25131,16034,32.2,92.0
Station_01,Inv_00,20170625,18:01:00,223.0,1.0,223,216.0,1.1,238,25131,16034,32.2,95.0
Station_01,Inv_00,20170625,18:02:00,215.0,1.0,215,216.0,1.0,216,25131,16034,32.1,89.0
Station_01,Inv_00,20170625,18:03:00,228.0,0.9,205,216.0,1.0,216,25131,16034,32.0,76.0
Station_01,Inv_00,20170625,18:04:00,230.4,0.9,207,216.0,1.0,216,25131,16034,32.0,74.0
Station_01,Inv_00,20170625,18:05:00,228.5,0.8,183,216.0,1.0,216,25131,16034,31.9,73.0
Station_01,Inv_00,20170625,18:06:00,221.0,0.8,177,216.0,1.0,216,25131,16034,31.8,72.0
Station_01,Inv_00,20170625,18:07:00,225.0,0.8,180,216.0,1.0,216,25131,16034,31.9,70.0
Station_01,Inv_00,20170625,18:08:00,234.3,0.7,164,216.0,0.9,194,25131,16034,31.8,68.0
Station_01,Inv_00,20170625,18:09:00,222.0,0.8,178,216.0,0.9,194,25131,16034,31.7,73.0
Station_01,Inv_00,20170625,18:10:00,218.4,0.7,153,216.0,0.9,194,25131,16034,31.7,66.0
Station_01,Inv_00,20170625,18:11:00,223.7,0.7,157,216.0,0.8,173,25131,16034,31.7,69.0
Station_01,Inv_00,20170625,18:12:00,225.5,0.6,135,215.0,0.8,172,25131,16034,31.6,60.0
Station_01,Inv_00,20170625,18:13:00,215.5,0.6,129,216.0,0.8,173,25131,16034,31.5,61.0
Station_01,Inv_00,20170625,18:14:00,220.0,0.6,132,216.0,0.8,173,25131,16034,31.4,57.0
Station_01,Inv_00,20170625,18:15:00,223.5,0.6,134,217.0,0.7,152,25131,16034,31.3,56.0
Station_01,Inv_00,20170625,18:16:00,219.0,0.6,131,216.0,0.7,151,25131,16034,31.3,54.0
Station_01,Inv_00,20170625,18:17:00,226.0,0.5,113,216.0,0.6,130,25131,16034,31.3,53.0
Station_01,Inv_00,20170625,18:18:00,217.8,0.5,109,216.0,0.6,130,25131,16034,31.2,51.0
Station_01,Inv_00,20170625,18:19:00,182.0,0.5,91,216.0,0.5,108,25131,16034,31.1,49.0
Station_01,Inv_00,20170625,18:20:00,148.0,0.5,74,216.0,0.5,108,25131,16034,31.0,48.0
Station_01,Inv_00,20170625,18:21:00,198.3,0.4,79,216.0,0.5,108,25131,16034,30.9,47.0
Station_01,Inv_00,20170625,18:22:00,204.5,0.4,82,216.0,0.5,108,25131,16034,30.9,45.0
Station_01,Inv_00,20170625,18:23:00,205.0,0.3,62,217.0,0.5,109,25131,16034,30.8,43.0
Station_01,Inv_00,20170625,18:24:00,191.7,0.3,58,217.0,0.5,109,25131,16034,30.7,42.0
Station_01,Inv_00,20170625,18:25:00,213.3,0.3,64,217.0,0.5,109,25131,16034,30.6,40.0
Station_01,Inv_00,20170625,18:26:00,216.7,0.3,65,216.0,0.5,108,25131,16034,30.6,39.0
Station_01,Inv_00,20170625,18:27:00,192.0,0.3,58,216.0,0.5,108,25131,16034,30.5,37.0
Station_01,Inv_00,20170625,18:28:00,194.0,0.3,58,216.0,0.5,108,25131,16034,30.4,36.0
Station_01,Inv_00,20170625,18:29:00,176.5,0.2,35,216.0,0.4,86,25131,16034,30.4,35.0
Station_01,Inv_00,20170625,18:30:00,190.0,0.2,38,216.0,0.4,86,25131,16034,30.3,33.0
Station_01,Inv_00,20170625,18:31:00,191.0,0.1,19,216.0,0.4,86,25131,16034,30.2,32.0
Station_01,Inv_00,20170625,18:32:00,221.0,0.2,44,216.0,0.4,86,25131,16034,30.2,31.0
Station_01,Inv_00,20170625,18:33:00,220.5,0.2,44,216.0,0.4,86,25131,16034,30.1,31.0
Station_01,Inv_00,20170625,18:34:00,210.0,0.2,42,216.0,0.4,86,25131,16034,30.1,28.0
Station_01,Inv_00,20170625,18:35:00,187.0,0.2,37,215.0,0.4,86,25131,16034,30.0,28.0
Station_01,Inv_00,20170625,18:36:00,0.0,0.0,0,215.0,0.4,86,25131,16034,29.9,26.0
Station_01,Inv_00,20170625,18:37:00,0.0,0.0,0,215.0,0.4,86,25131,16034,29.8,552.0
Station_01,Inv_00,20170625,18:38:00,0.0,0.0,0,215.0,0.4,86,25131,16034,29.8,25.0
Station_01,Inv_00,20170625,18:39:00,0.0,0.0,0,215.0,0.4,86,25131,16034,29.8,24.0
Station_01,Inv_00,20170625,18:40:00,0.0,0.0,0,0.0,0.0,0,25131,16034,29.7,549.0
Station_01,Inv_00,20170625,18:41:00,0.0,0.0,0,0.0,0.0,0,25131,16034,29.7,22.0
Station_01,Inv_00,20170625,18:42:00,0.0,0.0,0,0.0,0.0,0,25131,16034,29.7,21.0
Station_01,Inv_00,20170625,18:43:00,0.0,0.0,0,0.0,0.0,0,25131,16034,29.5,20.0
Station_01,Inv_00,20170625,18:44:00,0.0,0.0,0,0.0,0.0,0,25131,16034,29.5,20.0
Station_01,Inv_00,20170625,18:45:00,0.0,0.0,0,0.0,0.0,0,25131,16034,29.5,19.0
Station_01,Inv_00,20170625,18:46:00,0.0,0.0,0,0.0,0.0,0,25131,16034,29.4,19.0
Station_01,Inv_00,20170625,18:47:00,0.0,0.0,0,0.0,0.0,0,25131,16034,29.4,18.0
Station_01,Inv_00,20170625,18:48:00,0.0,0.0,0,0.0,0.0,0,25131,16034,29.4,19.0
Station_01,Inv_00,20170625,18:49:00,0.0,0.0,0,0.0,0.0,0,25131,16034,29.4,19.0
Station_01,Inv_00,20170625,18:50:00,0.0,0.0,0,0.0,0.0,0,25131,16034,29.4,18.0
Station_01,Inv_00,20170625,18:51:00,0.0,0.0,0,0.0,0.0,0,25131,16034,29.4,18.0
Station_01,Inv_00,20170625,18:52:00,0.0,0.0,0,0.0,0.0,0,25131,16034,29.3,18.0
Station_01,Inv_00,20170625,18:53:00,0.0,0.0,0,0.0,0.0,0,25131,16034,29.3,18.0
Station_01,Inv_00,20170625,18:54:00,0.0,0.0,0,0.0,0.0,0,25131,16034,29.2,18.0
Station_01,Inv_00,20170625,18:55:00,0.0,0.0,0,0.0,0.0,0,25131,16034,29.2,18.0
Station_01,Inv_00,20170625,18:56:00,0.0,0.0,0,0.0,0.0,0,25131,16034,29.2,17.0
Station_01,Inv_00,20170625,18:57:00,0.0,0.0,0,0.0,0.0,0,25131,16034,29.2,17.0
Station_01,Inv_00,20170625,18:58:00,0.0,0.0,0,0.0,0.0,0,25131,16034,29.2,17.0
Station_01,Inv_00,20170625,18:59:00,0.0,0.0,0,0.0,0.0,0,25131,16034,29.1,17.0
Station_01,Inv_00,20170625,19:00:00,0.0,0.0,0,0.0,0.0,0,25131,16034,29.1,17.0
Station_01,Inv_00,20170625,19:01:00,0.0,0.0,0,0.0,0.0,0,25131,16034,29.1,17.0
Station_01,Inv_00,20170625,19:02:00,0.0,0.0,0,0.0,0.0,0,25131,16034,29.1,17.0
Station_01,Inv_00,20170625,19:03:00,0.0,0.0,0,0.0,0.0,0,25131,16034,29.0,18.0
Station_01,Inv_00,20170625,19:04:00,0.0,0.0,0,0.0,0.0,0,25131,16034,29.0,17.0
Station_01,Inv_00,20170625,19:05:00,0.0,0.0,0,0.0,0.0,0,25131,16034,29.0,17.0
Station_01,Inv_00,20170625,19:06:00,0.0,0.0,0,0.0,0.0,0,25131,16034,28.9,17.0
Station_01,Inv_00,20170625,19:07:00,0.0,0.0,0,0.0,0.0,0,25131,16034,28.8,17.0
Station_01,Inv_00,20170625,19:08:00,0.0,0.0,0,0.0,0.0,0,25131,16034,28.8,17.0
Station_01,Inv_00,20170625,19:09:00,0.0,0.0,0,0.0,0.0,0,25131,16034,28.8,17.0
Station_01,Inv_00,20170625,19:10:00,0.0,0.0,0,0.0,0.0,0,25131,16034,28.7,17.0
Station_01,Inv_00,20170625,19:11:00,0.0,0.0,0,0.0,0.0,0,25131,16034,28.6,17.0
Station_01,Inv_00,20170625,19:12:00,0.0,0.0,0,0.0,0.0,0,25131,16034,28.5,17.0
Station_01,Inv_00,20170625,19:13:00,0.0,0.0,0,0.0,0.0,0,25131,16034,28.4,18.0
Station_01,Inv_00,20170625,19:14:00,0.0,0.0,0,0.0,0.0,0,25131,16034,28.4,17.0
Station_01,Inv_00,20170625,19:15:00,0.0,0.0,0,0.0,0.0,0,25131,16034,28.4,18.0
Station_01,Inv_00,20170625,19:16:00,0.0,0.0,0,0.0,0.0,0,25131,16034,28.3,19.0
Station_01,Inv_00,20170625,19:17:00,0.0,0.0,0,0.0,0.0,0,25131,16034,28.4,18.0
Station_01,Inv_00,20170625,19:18:00,0.0,0.0,0,0.0,0.0,0,25131,16034,28.4,18.0
Station_01,Inv_00,20170625,19:19:00,0.0,0.0,0,0.0,0.0,0,25131,16034,28.3,18.0
Station_01,Inv_00,20170625,19:20:00,0.0,0.0,0,0.0,0.0,0,25131,16034,28.3,18.0
Station_01,Inv_00,20170625,19:21:00,0.0,0.0,0,0.0,0.0,0,25131,16034,28.3,18.0
Station_01,Inv_00,20170625,19:22:00,0.0,0.0,0,0.0,0.0,0,25131,16034,28.3,17.0
Station_01,Inv_00,20170625,19:23:00,0.0,0.0,0,0.0,0.0,0,25131,16034,28.3,17.0
Station_01,Inv_00,20170625,19:24:00,0.0,0.0,0,0.0,0.0,0,25131,16034,28.3,18.0
Station_01,Inv_00,20170625,19:25:00,0.0,0.0,0,0.0,0.0,0,25131,16034,28.2,18.0
Station_01,Inv_00,20170625,19:26:00,0.0,0.0,0,0.0,0.0,0,25131,16034,28.1,34.0
Station_01,Inv_00,20170625,19:27:00,0.0,0.0,0,0.0,0.0,0,25131,16034,28.2,17.0
Station_01,Inv_00,20170625,19:28:00,0.0,0.0,0,0.0,0.0,0,25131,16034,28.2,19.0
Station_01,Inv_00,20170625,19:29:00,0.0,0.0,0,0.0,0.0,0,25131,16034,28.1,18.0
Station_01,Inv_00,20170625,19:30:00,0.0,0.0,0,0.0,0.0,0,25131,16034,28.1,18.0
Station_01,Inv_00,20170625,19:31:00,0.0,0.0,0,0.0,0.0,0,25131,16034,28.1,18.0
Station_01,Inv_00,20170625,19:32:00,0.0,0.0,0,0.0,0.0,0,25131,16034,28.0,21.0
Station_01,Inv_00,20170625,19:33:00,0.0,0.0,0,0.0,0.0,0,25131,16034,28.0,18.0
Station_01,Inv_00,20170625,19:34:00,0.0,0.0,0,0.0,0.0,0,25131,16034,27.9,19.0
Station_01,Inv_00,20170625,19:35:00,0.0,0.0,0,0.0,0.0,0,25131,16034,27.9,18.0
Station_01,Inv_00,20170625,19:36:00,0.0,0.0,0,0.0,0.0,0,25131,16034,27.8,18.0
Station_01,Inv_00,20170625,19:37:00,0.0,0.0,0,0.0,0.0,0,25131,16034,27.9,18.0
Station_01,Inv_00,20170625,19:38:00,0.0,0.0,0,0.0,0.0,0,25131,16034,27.9,17.0
Station_01,Inv_00,20170625,19:39:00,0.0,0.0,0,0.0,0.0,0,25131,16034,28.0,17.0
Station_01,Inv_00,20170625,19:40:00,0.0,0.0,0,0.0,0.0,0,25131,16034,27.9,18.0
Station_01,Inv_00,20170625,19:41:00,0.0,0.0,0,0.0,0.0,0,25131,16034,28.0,18.0
Station_01,Inv_00,20170625,19:42:00,0.0,0.0,0,0.0,0.0,0,25131,16034,28.0,21.0
Station_01,Inv_00,20170625,19:43:00,0.0,0.0,0,0.0,0.0,0,25131,16034,28.1,21.0
Station_01,Inv_00,20170625,19:44:00,0.0,0.0,0,0.0,0.0,0,25131,16034,28.2,20.0
Station_01,Inv_00,20170625,19:45:00,0.0,0.0,0,0.0,0.0,0,25131,16034,28.1,19.0
Station_01,Inv_00,20170625,19:46:00,0.0,0.0,0,0.0,0.0,0,25131,16034,28.1,19.0
Station_01,Inv_00,20170625,19:47:00,0.0,0.0,0,0.0,0.0,0,25131,16034,28.2,19.0
Station_01,Inv_00,20170625,19:48:00,0.0,0.0,0,0.0,0.0,0,25131,16034,28.2,18.0
Station_01,Inv_00,20170625,19:49:00,0.0,0.0,0,0.0,0.0,0,25131,16034,28.0,18.0
Station_01,Inv_00,20170625,19:50:00,0.0,0.0,0,0.0,0.0,0,25131,16034,28.2,18.0
Station_01,Inv_00,20170625,19:51:00,0.0,0.0,0,0.0,0.0,0,25131,16034,28.1,19.0
Station_01,Inv_00,20170625,19:52:00,0.0,0.0,0,0.0,0.0,0,25131,16034,28.1,17.0
Station_01,Inv_00,20170625,19:53:00,0.0,0.0,0,0.0,0.0,0,25131,16034,28.2,19.0
Station_01,Inv_00,20170625,19:54:00,0.0,0.0,0,0.0,0.0,0,25131,16034,28.2,18.0
Station_01,Inv_00,20170625,19:55:00,0.0,0.0,0,0.0,0.0,0,25131,16034,28.1,18.0
Station_01,Inv_00,20170625,19:56:00,0.0,0.0,0,0.0,0.0,0,25131,16034,28.1,17.0
Station_01,Inv_00,20170625,19:57:00,0.0,0.0,0,0.0,0.0,0,25131,16034,28.1,17.0
Station_01,Inv_00,20170625,19:58:00,0.0,0.0,0,0.0,0.0,0,25131,16034,28.1,18.0
Station_01,Inv_00,20170625,19:59:00,0.0,0.0,0,0.0,0.0,0,25131,16034,28.2,19.0
Station_01,Inv_00,20170625,20:00:00,0.0,0.0,0,0.0,0.0,0,25131,16034,28.2,20.0
