Station_01,Inv_00,20170804,05:00:00,0.0,0.0,0,220.0,0.2,44,25768,16440,24.8,18.0
Station_01,Inv_00,20170804,05:01:00,0.0,0.0,0,220.0,0.2,44,25768,16440,24.8,18.0
Station_01,Inv_00,20170804,05:02:00,0.0,0.0,0,220.0,0.2,44,25768,16440,24.7,18.0
Station_01,Inv_00,20170804,05:03:00,0.0,0.0,0,220.0,0.2,44,25768,16440,24.7,18.0
Station_01,Inv_00,20170804,05:04:00,0.0,0.0,0,220.0,0.2,44,25768,16440,24.8,18.0
Station_01,Inv_00,20170804,05:05:00,0.0,0.0,0,220.0,0.2,44,25768,16440,24.8,18.0
Station_01,Inv_00,20170804,05:06:00,0.0,0.0,0,220.0,0.2,44,25768,16440,24.8,18.0
Station_01,Inv_00,20170804,05:07:00,0.0,0.0,0,220.0,0.2,44,25768,16440,24.8,18.0
Station_01,Inv_00,20170804,05:08:00,0.0,0.0,0,220.0,0.2,44,25768,16440,24.8,18.0
Station_01,Inv_00,20170804,05:09:00,0.0,0.0,0,220.0,0.2,44,25768,16440,24.8,18.0
Station_01,Inv_00,20170804,05:10:00,0.0,0.0,0,220.0,0.2,44,25768,16440,24.8,19.0
Station_01,Inv_00,20170804,05:11:00,0.0,0.0,0,220.0,0.2,44,25768,16440,24.8,19.0
Station_01,Inv_00,20170804,05:12:00,0.0,0.0,0,220.0,0.2,44,25768,16440,24.9,19.0
Station_01,Inv_00,20170804,05:13:00,0.0,0.0,0,220.0,0.2,44,25768,16440,24.9,19.0
Station_01,Inv_00,20170804,05:14:00,0.0,0.0,0,220.0,0.2,44,25768,16440,24.9,19.0
Station_01,Inv_00,20170804,05:15:00,0.0,0.0,0,220.0,0.2,44,25768,16440,24.9,19.0
Station_01,Inv_00,20170804,05:16:00,0.0,0.0,0,220.0,0.2,44,25768,16440,24.9,19.0
Station_01,Inv_00,20170804,05:17:00,0.0,0.0,0,220.0,0.2,44,25768,16440,24.8,19.0
Station_01,Inv_00,20170804,05:18:00,0.0,0.0,0,220.0,0.2,44,25768,16440,24.9,19.0
Station_01,Inv_00,20170804,05:19:00,0.0,0.0,0,220.0,0.2,44,25768,16440,24.9,19.0
Station_01,Inv_00,20170804,05:20:00,0.0,0.0,0,220.0,0.2,44,25768,16440,24.9,19.0
Station_01,Inv_00,20170804,05:21:00,0.0,0.0,0,220.0,0.2,44,25768,16440,24.9,19.0
Station_01,Inv_00,20170804,05:22:00,0.0,0.0,0,220.0,0.2,44,25768,16440,25.0,20.0
Station_01,Inv_00,20170804,05:23:00,0.0,0.0,0,220.0,0.2,44,25768,16440,25.0,20.0
Station_01,Inv_00,20170804,05:24:00,0.0,0.0,0,220.0,0.2,44,25768,16440,25.1,20.0
Station_01,Inv_00,20170804,05:25:00,0.0,0.0,0,220.0,0.2,44,25768,16440,25.1,21.0
Station_01,Inv_00,20170804,05:26:00,0.0,0.0,0,220.0,0.2,44,25768,16440,25.1,21.0
Station_01,Inv_00,20170804,05:27:00,0.0,0.0,0,220.0,0.2,44,25768,16440,25.1,22.0
Station_01,Inv_00,20170804,05:28:00,0.0,0.0,0,220.0,0.2,44,25768,16440,25.1,22.0
Station_01,Inv_00,20170804,05:29:00,0.0,0.0,0,220.0,0.2,44,25768,16440,25.1,22.0
Station_01,Inv_00,20170804,05:30:00,0.0,0.0,0,220.0,0.2,44,25768,16440,25.1,23.0
Station_01,Inv_00,20170804,05:31:00,0.0,0.0,0,220.0,0.2,44,25768,16440,25.1,23.0
Station_01,Inv_00,20170804,05:32:00,0.0,0.0,0,220.0,0.2,44,25768,16440,25.1,24.0
Station_01,Inv_00,20170804,05:33:00,0.0,0.0,0,220.0,0.2,44,25768,16440,25.1,24.0
Station_01,Inv_00,20170804,05:34:00,0.0,0.0,0,220.0,0.2,44,25768,16440,25.1,25.0
Station_01,Inv_00,20170804,05:35:00,0.0,0.0,0,220.0,0.2,44,25768,16440,25.1,26.0
Station_01,Inv_00,20170804,05:36:00,0.0,0.0,0,222.0,0.5,111,25768,16440,25.1,465.0
Station_01,Inv_00,20170804,05:37:00,0.0,0.0,0,221.0,0.5,111,25768,16440,25.1,27.0
Station_01,Inv_00,20170804,05:38:00,0.0,0.0,0,221.0,0.5,111,25768,16440,25.2,28.0
Station_01,Inv_00,20170804,05:39:00,0.0,0.0,0,222.0,0.5,111,25768,16440,25.2,29.0
Station_01,Inv_00,20170804,05:40:00,0.0,0.0,0,222.0,0.5,111,25768,16440,25.2,30.0
Station_01,Inv_00,20170804,05:41:00,0.0,0.0,0,222.0,0.5,111,25768,16440,25.2,31.0
Station_01,Inv_00,20170804,05:42:00,223.5,0.2,45,217.0,0.4,87,25768,16440,25.2,32.0
Station_01,Inv_00,20170804,05:43:00,212.0,0.3,64,219.0,0.4,88,25768,16440,25.3,33.0
Station_01,Inv_00,20170804,05:44:00,196.7,0.3,59,217.0,0.5,109,25768,16440,25.3,34.0
Station_01,Inv_00,20170804,05:45:00,212.0,0.3,64,215.0,0.5,108,25768,16440,25.3,35.0
Station_01,Inv_00,20170804,05:46:00,172.7,0.3,52,215.0,0.4,86,25768,16440,25.4,36.0
Station_01,Inv_00,20170804,05:47:00,195.0,0.3,59,215.0,0.4,86,25768,16440,25.5,37.0
Station_01,Inv_00,20170804,05:48:00,218.0,0.3,65,215.0,0.4,86,25768,16440,25.5,40.0
Station_01,Inv_00,20170804,05:49:00,230.7,0.3,69,215.0,0.5,108,25768,16440,25.5,41.0
Station_01,Inv_00,20170804,05:50:00,214.0,0.3,64,215.0,0.5,108,25768,16440,25.6,42.0
Station_01,Inv_00,20170804,05:51:00,199.7,0.3,60,215.0,0.5,108,25768,16440,25.5,43.0
Station_01,Inv_00,20170804,05:52:00,203.0,0.4,81,215.0,0.5,108,25768,16440,25.6,44.0
Station_01,Inv_00,20170804,05:53:00,219.0,0.4,88,215.0,0.5,108,25768,16440,25.7,44.0
Station_01,Inv_00,20170804,05:54:00,211.0,0.3,63,215.0,0.5,108,25768,16440,25.7,46.0
Station_01,Inv_00,20170804,05:55:00,214.8,0.5,107,215.0,0.5,108,25768,16440,25.8,46.0
Station_01,Inv_00,20170804,05:56:00,217.0,0.4,87,214.0,0.5,107,25768,16440,25.8,48.0
Station_01,Inv_00,20170804,05:57:00,223.0,0.5,112,214.0,0.5,107,25768,16440,25.9,49.0
Station_01,Inv_00,20170804,05:58:00,229.0,0.5,115,214.0,0.6,128,25768,16440,25.9,50.0
Station_01,Inv_00,20170804,05:59:00,221.0,0.4,88,215.0,0.6,129,25768,16440,26.0,51.0
Station_01,Inv_00,20170804,06:00:00,227.4,0.5,114,214.0,0.6,128,25768,16440,26.0,52.0
Station_01,Inv_00,20170804,06:01:00,226.0,0.6,136,214.0,0.7,150,25768,16440,26.1,54.0
Station_01,Inv_00,20170804,06:02:00,235.0,0.6,141,214.0,0.7,150,25768,16440,26.2,55.0
Station_01,Inv_00,20170804,06:03:00,227.0,0.6,136,215.0,0.7,151,25768,16440,26.3,57.0
Station_01,Inv_00,20170804,06:04:00,234.0,0.7,164,214.0,0.8,171,25768,16440,26.5,67.0
Station_01,Inv_00,20170804,06:05:00,235.0,0.7,165,216.0,0.8,173,25768,16440,26.6,65.0
Station_01,Inv_00,20170804,06:06:00,230.1,0.7,161,214.0,0.9,193,25768,16440,26.8,74.0
Station_01,Inv_00,20170804,06:07:00,220.0,0.8,176,215.0,0.9,194,25768,16440,27.0,77.0
Station_01,Inv_00,20170804,06:08:00,226.9,0.8,182,216.0,1.0,216,25768,16440,27.2,81.0
Station_01,Inv_00,20170804,06:09:00,245.0,0.8,196,216.0,1.0,216,25768,16440,27.4,84.0
Station_01,Inv_00,20170804,06:10:00,231.0,0.8,185,216.0,1.0,216,25768,16440,27.5,86.0
Station_01,Inv_00,20170804,06:11:00,237.4,0.9,214,216.0,1.0,216,25768,16440,27.7,87.0
Station_01,Inv_00,20170804,06:12:00,235.4,0.9,212,216.0,1.0,216,25768,16440,27.8,84.0
Station_01,Inv_00,20170804,06:13:00,239.5,0.8,192,216.0,1.0,216,25768,16440,27.9,79.0
Station_01,Inv_00,20170804,06:14:00,230.2,0.9,207,216.0,1.0,216,25768,16440,27.9,76.0
Station_01,Inv_00,20170804,06:15:00,227.4,0.9,205,216.0,1.0,216,25768,16440,28.0,78.0
Station_01,Inv_00,20170804,06:16:00,234.4,0.8,188,216.0,1.0,216,25768,16440,28.1,75.0
Station_01,Inv_00,20170804,06:17:00,235.0,1.0,235,215.0,1.1,237,25768,16440,28.2,87.0
Station_01,Inv_00,20170804,06:18:00,239.0,1.0,239,214.0,1.2,257,25768,16440,28.4,97.0
Station_01,Inv_00,20170804,06:19:00,242.3,1.1,267,214.0,1.2,257,25768,16440,28.5,100.0
Station_01,Inv_00,20170804,06:20:00,247.0,1.2,296,214.0,1.3,278,25768,16440,28.8,108.0
Station_01,Inv_00,20170804,06:21:00,243.0,1.2,292,214.0,1.4,300,25768,16440,29.0,114.0
Station_01,Inv_00,20170804,06:22:00,237.3,1.3,309,214.0,1.4,300,25768,16440,29.1,117.0
Station_01,Inv_00,20170804,06:23:00,240.8,1.3,313,216.0,1.4,302,25768,16440,29.4,120.0
Station_01,Inv_00,20170804,06:24:00,248.0,1.3,322,217.0,1.4,304,25768,16440,29.6,120.0
Station_01,Inv_00,20170804,06:25:00,247.3,1.1,272,216.0,1.3,281,25768,16440,29.7,109.0
Station_01,Inv_00,20170804,06:26:00,235.5,1.1,259,216.0,1.2,259,25768,16440,29.7,96.0
Station_01,Inv_00,20170804,06:27:00,245.4,1.3,319,218.0,1.4,305,25768,16440,29.8,115.0
Station_01,Inv_00,20170804,06:28:00,247.0,1.1,272,218.0,1.3,283,25768,16440,29.8,109.0
Station_01,Inv_00,20170804,06:29:00,240.5,1.1,265,217.0,1.3,282,25768,16440,29.8,99.0
Station_01,Inv_00,20170804,06:30:00,237.3,1.5,356,216.0,1.5,324,25768,16440,30.0,120.0
Station_01,Inv_00,20170804,06:31:00,245.5,1.6,393,216.0,1.8,389,25768,16440,30.3,143.0
Station_01,Inv_00,20170804,06:32:00,247.9,1.7,421,216.0,1.8,389,25768,16440,30.5,148.0
Station_01,Inv_00,20170804,06:33:00,251.0,1.6,402,216.0,1.8,389,25768,16440,30.8,148.0
Station_01,Inv_00,20170804,06:34:00,242.5,1.6,388,216.0,1.7,367,25768,16440,30.8,146.0
Station_01,Inv_00,20170804,06:35:00,238.0,1.6,381,215.0,1.6,344,25768,16440,31.0,142.0
Station_01,Inv_00,20170804,06:36:00,242.3,1.5,364,216.0,1.5,324,25768,16440,31.1,131.0
Station_01,Inv_00,20170804,06:37:00,244.5,1.4,342,216.0,1.5,324,25768,16440,31.0,123.0
Station_01,Inv_00,20170804,06:38:00,238.3,1.1,262,216.0,1.3,281,25768,16440,30.9,100.0
Station_01,Inv_00,20170804,06:39:00,231.7,1.2,278,216.0,1.3,281,25768,16440,30.8,100.0
Station_01,Inv_00,20170804,06:40:00,242.0,1.4,339,217.0,1.5,326,25768,16440,31.0,113.0
Station_01,Inv_00,20170804,06:41:00,244.0,1.8,439,216.0,1.9,410,25768,16440,31.1,136.0
Station_01,Inv_00,20170804,06:42:00,245.2,1.8,441,216.0,1.9,410,25768,16440,31.4,152.0
Station_01,Inv_00,20170804,06:43:00,244.0,1.6,390,216.0,1.7,367,25768,16440,31.4,137.0
Station_01,Inv_00,20170804,06:44:00,243.5,1.9,463,216.0,2.0,432,25768,16440,31.6,150.0
Station_01,Inv_00,20170804,06:45:00,219.3,2.0,439,216.0,1.8,389,25768,16440,31.7,148.0
Station_01,Inv_00,20170804,06:46:00,240.6,2.2,529,216.0,2.2,475,25768,16440,32.0,162.0
Station_01,Inv_00,20170804,06:47:00,244.0,2.4,586,217.0,2.5,543,25768,16440,32.3,179.0
Station_01,Inv_00,20170804,06:48:00,246.0,2.2,541,217.0,2.2,477,25768,16440,32.5,177.0
Station_01,Inv_00,20170804,06:49:00,225.5,1.8,406,218.0,1.8,392,25768,16440,32.4,146.0
Station_01,Inv_00,20170804,06:50:00,242.0,1.6,387,216.0,1.6,346,25768,16440,32.3,125.0
Station_01,Inv_00,20170804,06:51:00,241.9,1.7,411,216.0,1.8,389,25768,16440,32.2,132.0
Station_01,Inv_00,20170804,06:52:00,236.5,1.8,426,217.0,1.9,412,25768,16440,32.3,137.0
Station_01,Inv_00,20170804,06:53:00,243.4,1.7,414,217.0,1.8,391,25768,16440,32.3,131.0
Station_01,Inv_00,20170804,06:54:00,242.3,1.6,388,217.0,1.7,369,25768,16440,32.3,126.0
Station_01,Inv_00,20170804,06:55:00,200.0,1.6,320,216.0,1.5,324,25768,16440,32.2,123.0
Station_01,Inv_00,20170804,06:56:00,186.0,1.6,298,216.0,1.4,302,25768,16440,32.3,122.0
Station_01,Inv_00,20170804,06:57:00,238.9,1.6,382,217.0,1.6,347,25768,16440,32.2,124.0
Station_01,Inv_00,20170804,06:58:00,235.5,1.6,377,216.0,1.7,367,25768,16440,32.3,127.0
Station_01,Inv_00,20170804,06:59:00,241.5,1.6,386,217.0,1.7,369,25768,16440,32.3,128.0
Station_01,Inv_00,20170804,07:00:00,236.4,1.7,402,216.0,1.7,367,25768,16440,32.4,130.0
Station_01,Inv_00,20170804,07:01:00,241.8,1.8,435,217.0,1.9,412,25768,16440,32.4,134.0
Station_01,Inv_00,20170804,07:02:00,236.4,1.9,449,217.0,2.0,434,25768,16440,32.4,142.0
Station_01,Inv_00,20170804,07:03:00,223.0,2.0,446,216.0,2.0,432,25768,16440,32.5,154.0
Station_01,Inv_00,20170804,07:04:00,211.4,2.3,486,218.0,2.0,436,25768,16440,32.7,165.0
Station_01,Inv_00,20170804,07:05:00,230.3,2.3,530,217.0,2.3,499,25768,16440,32.9,168.0
Station_01,Inv_00,20170804,07:06:00,245.4,2.1,515,216.0,2.2,475,25768,16440,33.0,161.0
Station_01,Inv_00,20170804,07:07:00,238.0,2.0,476,216.0,2.1,454,25768,16440,33.1,154.0
Station_01,Inv_00,20170804,07:08:00,244.5,2.0,489,217.0,2.0,434,25768,16440,33.1,152.0
Station_01,Inv_00,20170804,07:09:00,244.5,2.0,489,216.0,2.1,454,25768,16440,33.1,153.0
Station_01,Inv_00,20170804,07:10:00,247.0,2.1,519,217.0,2.2,477,25768,16440,33.2,160.0
Station_01,Inv_00,20170804,07:11:00,239.5,3.0,719,218.0,3.0,654,25768,16440,33.4,184.0
Station_01,Inv_00,20170804,07:12:00,241.5,3.2,773,219.0,3.3,723,25768,16440,34.1,224.0
Station_01,Inv_00,20170804,07:13:00,242.5,3.8,922,218.0,3.9,850,25768,16440,34.7,267.0
Station_01,Inv_00,20170804,07:14:00,252.5,3.5,884,218.0,3.9,850,25768,16440,35.4,280.0
Station_01,Inv_00,20170804,07:15:00,245.5,2.9,712,218.0,3.1,676,25768,16440,35.6,245.0
Station_01,Inv_00,20170804,07:16:00,241.4,2.7,652,217.0,2.7,586,25768,16440,35.4,195.0
Station_01,Inv_00,20170804,07:17:00,238.0,3.1,738,217.0,3.1,673,25768,16440,36.0,250.0
Station_01,Inv_00,20170804,07:18:00,244.0,4.5,1098,217.0,4.7,1020,25768,16440,36.7,319.0
Station_01,Inv_00,20170804,07:19:00,244.0,4.4,1074,217.0,4.6,998,25768,16440,37.2,333.0
Station_01,Inv_00,20170804,07:20:00,242.0,3.0,726,216.0,3.1,670,25768,16440,37.2,243.0
Station_01,Inv_00,20170804,07:21:00,242.5,2.8,679,216.0,3.0,648,25768,16440,37.5,232.0
Station_01,Inv_00,20170804,07:22:00,241.9,2.9,702,216.0,3.0,648,25768,16440,37.4,228.0
Station_01,Inv_00,20170804,07:23:00,245.0,3.5,857,217.0,3.8,825,25768,16440,37.8,264.0
Station_01,Inv_00,20170804,07:24:00,237.0,4.5,1066,217.0,4.6,998,25768,16440,38.2,312.0
Station_01,Inv_00,20170804,07:25:00,239.5,4.5,1078,217.0,4.6,998,25768,16440,38.7,330.0
Station_01,Inv_00,20170804,07:26:00,241.5,4.7,1135,218.0,4.9,1068,25768,16440,39.4,347.0
Station_01,Inv_00,20170804,07:27:00,241.5,4.8,1159,218.0,5.0,1090,25768,16440,40.1,342.0
Station_01,Inv_00,20170804,07:28:00,243.5,4.9,1193,219.0,5.1,1117,25768,16440,40.7,357.0
Station_01,Inv_00,20170804,07:29:00,241.0,5.1,1229,220.0,5.3,1166,25768,16440,41.3,367.0
Station_01,Inv_00,20170804,07:30:00,240.5,5.3,1275,220.0,5.3,1166,25768,16440,41.8,372.0
Station_01,Inv_00,20170804,07:31:00,241.0,5.1,1229,220.0,5.3,1166,25768,16440,41.8,370.0
Station_01,Inv_00,20170804,07:32:00,243.0,4.9,1191,217.0,5.1,1107,25768,16440,42.3,361.0
Station_01,Inv_00,20170804,07:33:00,240.0,5.0,1200,217.0,5.1,1107,25768,16440,42.7,353.0
Station_01,Inv_00,20170804,07:34:00,239.0,5.0,1195,217.0,5.0,1085,25768,16440,42.7,350.0
Station_01,Inv_00,20170804,07:35:00,237.0,5.1,1209,217.0,5.2,1128,25768,16440,43.2,362.0
Station_01,Inv_00,20170804,07:36:00,237.0,5.2,1232,217.0,5.3,1150,25768,16440,43.4,369.0
Station_01,Inv_00,20170804,07:37:00,232.9,5.4,1258,217.0,5.5,1194,25768,16440,44.1,378.0
Station_01,Inv_00,20170804,07:38:00,236.5,5.5,1301,217.0,5.6,1215,25768,16440,43.8,384.0
Station_01,Inv_00,20170804,07:39:00,236.5,5.7,1348,217.0,5.7,1237,25768,16440,44.6,390.0
Station_01,Inv_00,20170804,07:40:00,239.5,5.7,1365,217.0,5.8,1259,25768,16440,44.8,396.0
Station_01,Inv_00,20170804,07:41:00,236.4,5.8,1371,218.0,5.9,1286,25768,16440,45.1,402.0
Station_01,Inv_00,20170804,07:42:00,237.0,6.0,1422,219.0,6.0,1314,25768,16440,45.5,410.0
Station_01,Inv_00,20170804,07:43:00,240.5,6.0,1443,219.0,6.1,1336,25768,16440,45.9,414.0
Station_01,Inv_00,20170804,07:44:00,234.0,6.0,1404,219.0,6.2,1358,25769,16441,46.1,417.0
Station_01,Inv_00,20170804,07:45:00,236.9,6.0,1421,218.0,6.2,1352,25769,16441,46.6,420.0
Station_01,Inv_00,20170804,07:46:00,232.5,6.2,1441,218.0,6.2,1352,25769,16441,46.8,426.0
Station_01,Inv_00,20170804,07:47:00,231.5,6.3,1458,218.0,6.3,1373,25769,16441,47.0,428.0
Station_01,Inv_00,20170804,07:48:00,234.5,6.4,1501,217.0,6.4,1389,25769,16441,47.5,432.0
Station_01,Inv_00,20170804,07:49:00,232.5,6.3,1465,217.0,6.4,1389,25769,16441,47.6,433.0
Station_01,Inv_00,20170804,07:50:00,234.0,6.5,1521,218.0,6.4,1395,25769,16441,47.6,436.0
Station_01,Inv_00,20170804,07:51:00,236.5,6.3,1490,219.0,6.5,1424,25769,16441,47.8,441.0
Station_01,Inv_00,20170804,07:52:00,235.0,6.4,1504,218.0,6.6,1439,25769,16441,47.8,443.0
Station_01,Inv_00,20170804,07:53:00,229.5,6.6,1515,218.0,6.6,1439,25769,16441,48.4,447.0
Station_01,Inv_00,20170804,07:54:00,230.5,6.7,1544,218.0,6.7,1461,25769,16441,48.7,453.0
Station_01,Inv_00,20170804,07:55:00,233.5,6.7,1564,218.0,6.8,1482,25769,16441,48.9,457.0
Station_01,Inv_00,20170804,07:56:00,226.0,6.9,1559,218.0,6.7,1461,25769,16441,48.9,461.0
Station_01,Inv_00,20170804,07:57:00,227.5,7.0,1593,218.0,6.9,1504,25769,16441,49.5,466.0
Station_01,Inv_00,20170804,07:58:00,231.0,7.1,1640,217.0,7.0,1519,25769,16441,48.8,468.0
Station_01,Inv_00,20170804,07:59:00,222.0,7.1,1576,217.0,6.9,1497,25769,16441,49.1,472.0
Station_01,Inv_00,20170804,08:00:00,222.5,7.2,1602,217.0,7.0,1519,25769,16441,49.7,474.0
Station_01,Inv_00,20170804,08:01:00,222.0,7.2,1598,216.0,7.0,1512,25769,16441,49.8,473.0
Station_01,Inv_00,20170804,08:02:00,222.0,7.2,1598,217.0,7.0,1519,25769,16441,49.8,476.0
Station_01,Inv_00,20170804,08:03:00,231.5,7.1,1644,217.0,7.1,1541,25769,16441,50.1,475.0
Station_01,Inv_00,20170804,08:04:00,215.5,7.3,1573,216.0,6.9,1490,25769,16441,50.4,478.0
Station_01,Inv_00,20170804,08:05:00,215.5,7.4,1595,216.0,7.0,1512,25769,16441,50.5,485.0
Station_01,Inv_00,20170804,08:06:00,215.0,7.5,1613,217.0,7.0,1519,25769,16441,50.9,486.0
Station_01,Inv_00,20170804,08:07:00,215.5,7.6,1638,216.0,7.2,1555,25769,16441,51.4,493.0
Station_01,Inv_00,20170804,08:08:00,214.5,7.8,1673,216.0,7.2,1555,25769,16441,51.6,498.0
Station_01,Inv_00,20170804,08:09:00,216.0,7.6,1642,216.0,7.2,1555,25769,16441,51.2,495.0
Station_01,Inv_00,20170804,08:10:00,215.0,7.8,1677,216.0,7.4,1598,25769,16441,50.6,507.0
Station_01,Inv_00,20170804,08:11:00,206.0,7.9,1627,215.0,7.2,1548,25769,16441,50.4,512.0
Station_01,Inv_00,20170804,08:12:00,228.5,7.7,1759,218.0,7.6,1657,25769,16441,50.0,508.0
Station_01,Inv_00,20170804,08:13:00,204.0,8.0,1632,219.0,7.0,1533,25769,16441,50.0,513.0
Station_01,Inv_00,20170804,08:14:00,204.5,8.1,1656,219.0,7.1,1555,25769,16441,50.6,513.0
Station_01,Inv_00,20170804,08:15:00,204.0,8.2,1673,219.0,7.2,1577,25769,16441,50.9,518.0
Station_01,Inv_00,20170804,08:16:00,205.0,8.2,1681,220.0,7.2,1584,25769,16441,51.5,521.0
Station_01,Inv_00,20170804,08:17:00,204.5,8.3,1697,220.0,7.2,1584,25769,16441,51.8,526.0
Station_01,Inv_00,20170804,08:18:00,192.0,8.4,1612,220.0,6.9,1518,25769,16441,52.6,529.0
Station_01,Inv_00,20170804,08:19:00,226.0,8.1,1831,220.0,7.9,1738,25769,16441,52.1,533.0
Station_01,Inv_00,20170804,08:20:00,225.4,8.2,1848,219.0,7.9,1730,25769,16441,52.8,534.0
Station_01,Inv_00,20170804,08:21:00,217.0,8.4,1823,218.0,7.8,1700,25770,16441,52.8,535.0
Station_01,Inv_00,20170804,08:22:00,217.0,8.4,1823,218.0,7.9,1722,25770,16441,52.8,536.0
Station_01,Inv_00,20170804,08:23:00,216.5,8.5,1840,218.0,8.0,1744,25770,16441,53.5,541.0
Station_01,Inv_00,20170804,08:24:00,215.5,8.6,1853,219.0,8.0,1752,25770,16441,53.9,546.0
Station_01,Inv_00,20170804,08:25:00,215.0,8.7,1871,219.0,8.1,1774,25770,16441,53.9,551.0
Station_01,Inv_00,20170804,08:26:00,215.5,8.8,1896,219.0,8.1,1774,25770,16441,54.3,555.0
Station_01,Inv_00,20170804,08:27:00,215.5,8.8,1896,219.0,8.2,1796,25770,16441,54.6,557.0
Station_01,Inv_00,20170804,08:28:00,215.0,8.9,1913,219.0,8.2,1796,25770,16441,54.7,560.0
Station_01,Inv_00,20170804,08:29:00,216.5,8.9,1927,219.0,8.3,1818,25770,16441,54.6,566.0
Station_01,Inv_00,20170804,08:30:00,217.0,9.0,1953,219.0,8.4,1840,25770,16441,54.5,569.0
Station_01,Inv_00,20170804,08:31:00,216.0,9.0,1944,220.0,8.4,1848,25770,16441,53.8,575.0
Station_01,Inv_00,20170804,08:32:00,215.0,9.2,1978,220.0,8.5,1870,25770,16441,54.6,578.0
Station_01,Inv_00,20170804,08:33:00,224.0,9.1,2038,219.0,8.8,1927,25770,16441,53.2,587.0
Station_01,Inv_00,20170804,08:34:00,218.0,9.4,2049,219.0,8.9,1949,25770,16441,54.1,596.0
Station_01,Inv_00,20170804,08:35:00,216.5,9.7,2100,219.0,9.0,1971,25770,16441,54.8,607.0
Station_01,Inv_00,20170804,08:36:00,216.5,9.9,2143,219.0,9.3,2037,25770,16441,55.3,618.0
Station_01,Inv_00,20170804,08:37:00,216.5,9.9,2143,219.0,9.3,2037,25770,16441,55.2,625.0
Station_01,Inv_00,20170804,08:38:00,217.0,10.0,2170,218.0,9.3,2027,25770,16441,55.3,624.0
Station_01,Inv_00,20170804,08:39:00,216.5,9.9,2143,218.0,9.3,2027,25770,16441,54.9,622.0
Station_01,Inv_00,20170804,08:40:00,218.0,4.5,981,218.0,4.1,894,25770,16441,54.1,383.0
Station_01,Inv_00,20170804,08:41:00,222.4,9.5,2113,219.0,9.1,1993,25770,16441,54.4,577.0
Station_01,Inv_00,20170804,08:42:00,225.0,8.8,1980,218.0,8.7,1897,25770,16441,53.6,601.0
Station_01,Inv_00,20170804,08:43:00,228.0,9.2,2097,219.0,9.1,1993,25770,16441,53.9,566.0
Station_01,Inv_00,20170804,08:44:00,227.5,5.0,1138,218.0,5.0,1090,25770,16441,52.6,357.0
Station_01,Inv_00,20170804,08:45:00,224.0,9.2,2061,218.0,8.5,1853,25770,16441,52.0,366.0
Station_01,Inv_00,20170804,08:46:00,227.5,9.7,2207,218.0,9.6,2093,25770,16441,52.8,629.0
Station_01,Inv_00,20170804,08:47:00,223.5,9.9,2213,218.0,9.5,2071,25770,16441,53.5,627.0
Station_01,Inv_00,20170804,08:48:00,223.0,9.8,2185,218.0,9.5,2071,25770,16441,53.2,630.0
Station_01,Inv_00,20170804,08:49:00,221.5,9.6,2126,218.0,9.2,2006,25770,16441,54.2,632.0
Station_01,Inv_00,20170804,08:50:00,220.0,10.0,2200,217.0,9.5,2062,25770,16441,55.0,638.0
Station_01,Inv_00,20170804,08:51:00,219.4,10.0,2194,218.0,9.5,2071,25770,16441,54.7,644.0
Station_01,Inv_00,20170804,08:52:00,224.9,10.1,2272,218.0,9.8,2136,25771,16442,54.7,646.0
Station_01,Inv_00,20170804,08:53:00,224.0,10.1,2262,218.0,9.9,2158,25771,16442,55.3,651.0
Station_01,Inv_00,20170804,08:54:00,216.4,10.6,2294,217.0,9.8,2127,25771,16442,55.8,653.0
Station_01,Inv_00,20170804,08:55:00,226.0,10.2,2305,217.0,10.0,2170,25771,16442,55.0,661.0
Station_01,Inv_00,20170804,08:56:00,225.5,10.1,2277,217.0,9.9,2148,25771,16442,55.7,661.0
Station_01,Inv_00,20170804,08:57:00,224.0,10.1,2262,217.0,9.8,2127,25771,16442,54.4,659.0
Station_01,Inv_00,20170804,08:58:00,223.5,10.5,2347,218.0,10.2,2224,25771,16442,55.3,673.0
Station_01,Inv_00,20170804,08:59:00,222.5,10.5,2336,217.0,10.2,2213,25771,16442,55.8,677.0
Station_01,Inv_00,20170804,09:00:00,225.5,10.3,2323,217.0,10.1,2192,25771,16442,55.8,672.0
Station_01,Inv_00,20170804,09:01:00,224.0,10.4,2329,217.0,10.1,2192,25771,16442,55.9,672.0
Station_01,Inv_00,20170804,09:02:00,219.5,10.6,2327,217.0,10.2,2213,25771,16442,56.5,679.0
Station_01,Inv_00,20170804,09:03:00,221.0,10.6,2342,217.0,10.2,2213,25771,16442,55.9,680.0
Station_01,Inv_00,20170804,09:04:00,220.5,10.7,2359,217.0,10.3,2235,25771,16442,57.1,689.0
Station_01,Inv_00,20170804,09:05:00,222.5,10.7,2381,217.0,10.3,2235,25771,16442,57.7,696.0
Station_01,Inv_00,20170804,09:06:00,216.0,10.9,2354,217.0,10.3,2235,25771,16442,57.6,696.0
Station_01,Inv_00,20170804,09:07:00,218.0,11.1,2420,217.0,10.4,2257,25771,16442,57.7,706.0
Station_01,Inv_00,20170804,09:08:00,218.0,11.2,2442,217.0,10.6,2300,25771,16442,58.1,716.0
Station_01,Inv_00,20170804,09:09:00,220.5,11.3,2492,218.0,10.8,2354,25771,16442,57.1,726.0
Station_01,Inv_00,20170804,09:10:00,220.0,11.6,2552,219.0,11.0,2409,25771,16442,58.0,740.0
Station_01,Inv_00,20170804,09:11:00,220.5,11.9,2624,218.0,11.3,2463,25771,16442,59.1,759.0
Station_01,Inv_00,20170804,09:12:00,218.0,12.2,2659,218.0,11.4,2485,25771,16442,58.2,769.0
Station_01,Inv_00,20170804,09:13:00,217.0,12.1,2626,218.0,11.3,2463,25771,16442,58.8,772.0
Station_01,Inv_00,20170804,09:14:00,216.0,12.3,2657,218.0,11.5,2507,25771,16442,60.4,778.0
Station_01,Inv_00,20170804,09:15:00,210.5,11.7,2463,218.0,10.7,2333,25771,16442,60.0,730.0
Station_01,Inv_00,20170804,09:16:00,217.0,11.4,2474,217.0,10.8,2344,25771,16442,60.9,740.0
Station_01,Inv_00,20170804,09:17:00,218.4,6.3,1376,216.0,5.9,1274,25772,16443,59.0,352.0
Station_01,Inv_00,20170804,09:18:00,220.5,9.4,2073,216.0,8.8,1901,25772,16443,57.8,532.0
Station_01,Inv_00,20170804,09:19:00,218.0,12.3,2681,216.0,11.7,2527,25772,16443,59.2,777.0
Station_01,Inv_00,20170804,09:20:00,216.5,12.3,2663,217.0,11.6,2517,25772,16443,59.5,774.0
Station_01,Inv_00,20170804,09:21:00,220.0,12.2,2684,216.0,11.7,2527,25772,16443,60.3,771.0
Station_01,Inv_00,20170804,09:22:00,215.0,12.7,2731,216.0,11.8,2549,25772,16443,61.8,788.0
Station_01,Inv_00,20170804,09:23:00,216.0,12.6,2721,216.0,11.8,2549,25772,16443,62.3,794.0
Station_01,Inv_00,20170804,09:24:00,213.5,12.7,2711,217.0,11.7,2539,25772,16443,62.8,790.0
Station_01,Inv_00,20170804,09:25:00,215.5,12.5,2694,216.0,11.8,2549,25772,16443,62.9,790.0
Station_01,Inv_00,20170804,09:26:00,217.9,5.4,1177,217.0,4.9,1063,25772,16443,62.5,582.0
Station_01,Inv_00,20170804,09:27:00,222.0,4.6,1021,217.0,4.3,933,25772,16443,60.0,304.0
Station_01,Inv_00,20170804,09:28:00,220.5,5.7,1257,216.0,5.4,1166,25772,16443,58.1,331.0
Station_01,Inv_00,20170804,09:29:00,210.0,13.5,2835,217.0,12.3,2669,25772,16443,58.8,783.0
Station_01,Inv_00,20170804,09:30:00,218.0,12.8,2790,217.0,12.2,2647,25772,16443,58.0,804.0
Station_01,Inv_00,20170804,09:31:00,218.0,12.7,2768,217.0,11.9,2582,25772,16443,59.3,799.0
Station_01,Inv_00,20170804,09:32:00,218.0,12.8,2790,217.0,12.1,2626,25772,16443,60.8,799.0
Station_01,Inv_00,20170804,09:33:00,212.0,13.2,2798,217.0,12.1,2626,25772,16443,61.1,810.0
Station_01,Inv_00,20170804,09:34:00,215.5,13.0,2802,216.0,12.2,2635,25772,16443,62.9,813.0
Station_01,Inv_00,20170804,09:35:00,215.0,13.1,2816,217.0,12.3,2669,25772,16443,62.8,820.0
Station_01,Inv_00,20170804,09:36:00,201.5,13.5,2720,217.0,11.8,2561,25772,16443,63.2,811.0
Station_01,Inv_00,20170804,09:37:00,194.5,13.1,2548,216.0,11.1,2398,25772,16443,63.5,783.0
Station_01,Inv_00,20170804,09:38:00,195.0,12.7,2476,218.0,10.7,2333,25772,16443,61.7,768.0
Station_01,Inv_00,20170804,09:39:00,194.0,12.9,2503,217.0,10.8,2344,25772,16443,62.4,766.0
Station_01,Inv_00,20170804,09:40:00,214.0,11.9,2547,217.0,11.1,2409,25772,16443,62.7,760.0
Station_01,Inv_00,20170804,09:41:00,209.5,5.9,1236,216.0,5.2,1123,25772,16443,60.8,445.0
Station_01,Inv_00,20170804,09:42:00,198.9,4.6,915,216.0,3.9,842,25773,16443,58.8,334.0
Station_01,Inv_00,20170804,09:43:00,212.5,3.8,808,216.0,3.6,778,25773,16443,57.3,252.0
Station_01,Inv_00,20170804,09:44:00,215.9,3.1,669,216.0,2.9,626,25773,16443,54.0,212.0
Station_01,Inv_00,20170804,09:45:00,225.9,2.8,632,216.0,2.8,605,25773,16443,51.7,197.0
Station_01,Inv_00,20170804,09:46:00,225.0,2.8,630,216.0,2.9,626,25773,16443,49.7,195.0
Station_01,Inv_00,20170804,09:47:00,223.5,3.0,670,215.0,2.9,624,25773,16443,47.3,201.0
Station_01,Inv_00,20170804,09:48:00,230.4,2.8,645,215.0,3.0,645,25773,16443,45.4,203.0
Station_01,Inv_00,20170804,09:49:00,221.6,2.9,643,218.0,2.8,610,25773,16443,44.6,198.0
Station_01,Inv_00,20170804,09:50:00,222.3,3.0,667,218.0,2.8,610,25773,16443,43.4,201.0
Station_01,Inv_00,20170804,09:51:00,232.5,3.0,697,218.0,3.1,676,25773,16443,42.3,209.0
Station_01,Inv_00,20170804,09:52:00,229.3,3.2,734,218.0,3.1,676,25773,16443,42.2,216.0
Station_01,Inv_00,20170804,09:53:00,236.4,3.2,757,218.0,3.4,741,25773,16443,41.5,227.0
Station_01,Inv_00,20170804,09:54:00,233.5,3.6,841,218.0,3.6,785,25773,16443,41.1,241.0
Station_01,Inv_00,20170804,09:55:00,235.5,5.4,1272,218.0,5.3,1155,25773,16443,41.0,300.0
Station_01,Inv_00,20170804,09:56:00,234.5,13.9,3260,219.0,13.9,3044,25773,16443,44.9,872.0
Station_01,Inv_00,20170804,09:57:00,218.0,6.3,1373,218.0,6.0,1308,25773,16443,47.7,735.0
Station_01,Inv_00,20170804,09:58:00,225.5,11.4,2571,219.0,11.5,2519,25773,16443,49.5,835.0
Station_01,Inv_00,20170804,09:59:00,219.0,14.3,3132,219.0,13.4,2935,25773,16443,51.9,879.0
Station_01,Inv_00,20170804,10:00:00,223.5,14.4,3218,220.0,13.7,3014,25773,16443,54.1,926.0
Station_01,Inv_00,20170804,10:01:00,220.5,13.4,2954,218.0,12.8,2790,25773,16443,56.8,894.0
Station_01,Inv_00,20170804,10:02:00,221.4,7.9,1749,217.0,7.6,1649,25773,16443,57.3,631.0
Station_01,Inv_00,20170804,10:03:00,221.0,5.8,1282,217.0,5.5,1194,25773,16443,54.4,380.0
Station_01,Inv_00,20170804,10:04:00,224.9,9.2,2069,217.0,8.8,1910,25773,16443,53.5,514.0
Station_01,Inv_00,20170804,10:05:00,222.9,14.3,3188,218.0,13.8,3008,25773,16443,55.0,880.0
Station_01,Inv_00,20170804,10:06:00,214.0,14.8,3167,218.0,13.7,2987,25773,16443,56.5,932.0
Station_01,Inv_00,20170804,10:07:00,218.0,14.9,3248,216.0,14.1,3046,25773,16443,57.3,934.0
Station_01,Inv_00,20170804,10:08:00,217.5,15.1,3284,216.0,14.2,3067,25773,16443,58.0,954.0
Station_01,Inv_00,20170804,10:09:00,191.1,5.3,1013,214.0,4.5,963,25773,16443,57.4,560.0
Station_01,Inv_00,20170804,10:10:00,226.0,4.2,949,214.0,4.1,877,25773,16443,54.3,288.0
Station_01,Inv_00,20170804,10:11:00,227.0,4.1,931,214.0,4.0,856,25773,16443,53.4,275.0
Station_01,Inv_00,20170804,10:12:00,212.0,4.2,890,211.0,4.0,844,25773,16443,51.9,277.0
Station_01,Inv_00,20170804,10:13:00,222.5,4.4,979,212.0,4.3,912,25773,16443,50.7,289.0
Station_01,Inv_00,20170804,10:14:00,223.5,13.9,3107,214.0,13.5,2889,25773,16443,51.3,742.0
Station_01,Inv_00,20170804,10:15:00,222.5,14.9,3315,211.0,14.7,3102,25773,16443,54.3,934.0
Station_01,Inv_00,20170804,10:16:00,218.5,14.5,3168,211.0,14.1,2975,25773,16443,56.0,909.0
Station_01,Inv_00,20170804,10:17:00,221.0,14.6,3226,211.0,14.3,3017,25774,16444,58.2,909.0
Station_01,Inv_00,20170804,10:18:00,222.5,13.2,2937,211.0,12.8,2701,25774,16444,54.6,411.0
Station_01,Inv_00,20170804,10:19:00,219.9,15.1,3321,212.0,14.6,3095,25774,16444,57.7,943.0
Station_01,Inv_00,20170804,10:20:00,217.0,15.4,3341,212.0,14.8,3138,25774,16444,61.0,965.0
Station_01,Inv_00,20170804,10:21:00,212.0,15.5,3286,212.0,14.5,3074,25774,16444,61.4,968.0
Station_01,Inv_00,20170804,10:22:00,212.5,15.3,3251,212.0,14.4,3053,25774,16444,62.2,974.0
Station_01,Inv_00,20170804,10:23:00,213.5,15.4,3288,212.0,14.6,3095,25774,16444,63.5,977.0
Station_01,Inv_00,20170804,10:24:00,199.0,16.1,3204,211.0,14.1,2975,25774,16444,63.4,968.0
Station_01,Inv_00,20170804,10:25:00,212.5,15.2,3230,211.0,14.4,3038,25774,16444,65.0,955.0
Station_01,Inv_00,20170804,10:26:00,207.5,5.4,1121,210.0,4.9,1029,25774,16444,64.0,536.0
Station_01,Inv_00,20170804,10:27:00,216.0,14.6,3153,211.0,14.0,2954,25774,16444,63.2,867.0
Station_01,Inv_00,20170804,10:28:00,211.5,14.7,3109,211.0,13.8,2912,25774,16444,65.4,921.0
Station_01,Inv_00,20170804,10:29:00,211.5,14.6,3088,212.0,13.6,2883,25774,16444,64.6,924.0
Station_01,Inv_00,20170804,10:30:00,207.5,14.7,3050,212.0,13.6,2883,25774,16444,65.8,920.0
Station_01,Inv_00,20170804,10:31:00,208.5,14.4,3002,212.0,13.2,2798,25774,16444,63.1,899.0
Station_01,Inv_00,20170804,10:32:00,211.0,13.6,2869,212.0,12.8,2714,25774,16444,65.5,880.0
Station_01,Inv_00,20170804,10:33:00,166.6,4.8,800,211.0,5.9,1245,25774,16444,63.9,832.0
Station_01,Inv_00,20170804,10:34:00,211.5,3.8,804,210.0,3.6,756,25774,16444,59.6,261.0
Station_01,Inv_00,20170804,10:35:00,219.4,4.2,922,211.0,4.0,844,25774,16444,57.1,268.0
Station_01,Inv_00,20170804,10:36:00,219.0,10.9,2387,211.0,9.1,1920,25774,16444,58.0,717.0
Station_01,Inv_00,20170804,10:37:00,211.5,15.4,3257,212.0,14.4,3053,25774,16444,60.5,957.0
Station_01,Inv_00,20170804,10:38:00,211.5,14.9,3151,212.0,13.7,2904,25774,16444,61.7,930.0
Station_01,Inv_00,20170804,10:39:00,226.5,5.6,1268,211.0,5.5,1161,25775,16444,58.5,405.0
Station_01,Inv_00,20170804,10:40:00,216.3,12.7,2747,212.0,11.7,2480,25775,16444,56.0,579.0
Station_01,Inv_00,20170804,10:41:00,216.5,15.3,3312,212.0,14.5,3074,25775,16444,59.3,967.0
Station_01,Inv_00,20170804,10:42:00,215.0,15.6,3354,212.0,14.9,3159,25775,16444,59.7,990.0
Station_01,Inv_00,20170804,10:43:00,212.5,15.5,3294,212.0,14.6,3095,25775,16444,59.7,990.0
Station_01,Inv_00,20170804,10:44:00,214.9,15.1,3246,212.0,14.3,3032,25775,16444,59.1,983.0
Station_01,Inv_00,20170804,10:45:00,215.0,14.9,3204,212.0,14.2,3010,25775,16444,61.1,971.0
Station_01,Inv_00,20170804,10:46:00,212.0,14.6,3095,212.0,13.6,2883,25775,16444,62.6,940.0
Station_01,Inv_00,20170804,10:47:00,210.5,15.0,3157,212.0,13.9,2947,25775,16444,64.0,962.0
Station_01,Inv_00,20170804,10:48:00,206.5,15.4,3180,211.0,14.1,2975,25775,16444,65.2,972.0
Station_01,Inv_00,20170804,10:49:00,209.5,15.1,3163,211.0,13.9,2933,25775,16444,65.3,967.0
Station_01,Inv_00,20170804,10:50:00,213.5,14.9,3181,212.0,14.0,2968,25775,16444,64.3,952.0
Station_01,Inv_00,20170804,10:51:00,205.0,15.4,3157,211.0,13.9,2933,25775,16444,67.1,954.0
Station_01,Inv_00,20170804,10:52:00,207.5,15.2,3154,212.0,13.9,2947,25775,16444,64.7,968.0
Station_01,Inv_00,20170804,10:53:00,207.0,15.3,3167,212.0,13.9,2947,25775,16444,64.1,976.0
Station_01,Inv_00,20170804,10:54:00,203.5,15.7,3195,211.0,14.2,2996,25775,16444,63.5,986.0
Station_01,Inv_00,20170804,10:55:00,210.0,14.9,3129,211.0,13.7,2891,25775,16444,63.3,849.0
Station_01,Inv_00,20170804,10:56:00,208.0,16.0,3328,211.0,14.7,3102,25775,16444,62.4,1010.0
Station_01,Inv_00,20170804,10:57:00,206.5,16.1,3325,211.0,14.8,3123,25775,16444,63.8,893.0
Station_01,Inv_00,20170804,10:58:00,208.5,15.7,3273,211.0,14.3,3017,25775,16444,64.4,987.0
Station_01,Inv_00,20170804,10:59:00,209.5,15.3,3205,211.0,14.2,2996,25776,16445,65.2,986.0
Station_01,Inv_00,20170804,11:00:00,209.5,15.5,3247,211.0,14.4,3038,25776,16445,63.3,1002.0
Station_01,Inv_00,20170804,11:01:00,208.0,16.1,3349,211.0,14.8,3123,25776,16445,64.3,1042.0
Station_01,Inv_00,20170804,11:02:00,206.0,16.3,3358,211.0,14.9,3144,25776,16445,64.6,1048.0
Station_01,Inv_00,20170804,11:03:00,208.5,16.4,3419,211.0,15.0,3165,25776,16445,65.2,1054.0
Station_01,Inv_00,20170804,11:04:00,204.5,16.6,3394,211.0,15.1,3186,25776,16445,64.7,1050.0
Station_01,Inv_00,20170804,11:05:00,204.5,16.6,3394,211.0,14.9,3144,25776,16445,64.3,1054.0
Station_01,Inv_00,20170804,11:06:00,203.0,16.5,3349,212.0,14.7,3116,25776,16445,64.8,1030.0
Station_01,Inv_00,20170804,11:07:00,208.0,15.9,3307,211.0,14.6,3081,25776,16445,65.2,1025.0
Station_01,Inv_00,20170804,11:08:00,206.5,16.0,3304,211.0,14.6,3081,25776,16445,65.5,1013.0
Station_01,Inv_00,20170804,11:09:00,206.5,15.8,3263,211.0,14.5,3060,25776,16445,65.4,1013.0
Station_01,Inv_00,20170804,11:10:00,207.0,16.1,3333,211.0,14.8,3123,25776,16445,66.2,1026.0
Station_01,Inv_00,20170804,11:11:00,205.5,16.1,3309,211.0,14.7,3102,25776,16445,66.7,1018.0
Station_01,Inv_00,20170804,11:12:00,200.5,16.7,3348,211.0,14.8,3123,25776,16445,65.5,1039.0
Station_01,Inv_00,20170804,11:13:00,203.5,16.5,3358,211.0,14.9,3144,25776,16445,66.4,1054.0
Station_01,Inv_00,20170804,11:14:00,201.0,16.4,3296,211.0,14.6,3081,25776,16445,66.3,1030.0
Station_01,Inv_00,20170804,11:15:00,204.0,16.4,3346,211.0,14.8,3123,25776,16445,65.4,1042.0
Station_01,Inv_00,20170804,11:16:00,206.0,16.5,3398,211.0,15.0,3165,25776,16445,64.8,1055.0
Station_01,Inv_00,20170804,11:17:00,205.0,16.0,3280,211.0,14.4,3038,25777,16446,66.0,1015.0
Station_01,Inv_00,20170804,11:18:00,193.0,13.6,2625,210.0,12.9,2709,25777,16446,67.1,1023.0
Station_01,Inv_00,20170804,11:19:00,209.3,4.6,963,210.0,4.2,882,25777,16446,64.3,363.0
Station_01,Inv_00,20170804,11:20:00,211.0,4.3,907,210.0,4.1,861,25777,16446,60.4,290.0
Station_01,Inv_00,20170804,11:21:00,219.4,4.4,966,210.0,4.3,903,25777,16446,58.3,285.0
Station_01,Inv_00,20170804,11:22:00,219.7,4.5,989,210.0,4.5,945,25777,16446,54.9,299.0
Station_01,Inv_00,20170804,11:23:00,223.0,4.8,1070,210.0,4.6,966,25777,16446,53.8,308.0
Station_01,Inv_00,20170804,11:24:00,223.5,4.4,983,210.0,4.4,924,25777,16446,51.1,294.0
Station_01,Inv_00,20170804,11:25:00,228.0,4.2,958,210.0,4.2,882,25777,16446,49.9,275.0
Station_01,Inv_00,20170804,11:26:00,228.5,4.3,983,210.0,4.3,903,25777,16446,46.9,284.0
Station_01,Inv_00,20170804,11:27:00,220.5,4.8,1058,210.0,4.8,1008,25777,16446,47.2,308.0
Station_01,Inv_00,20170804,11:28:00,232.0,5.5,1276,210.0,5.6,1176,25777,16446,46.9,342.0
Station_01,Inv_00,20170804,11:29:00,230.5,5.8,1337,210.0,6.0,1260,25777,16446,46.5,371.0
Station_01,Inv_00,20170804,11:30:00,233.5,7.6,1775,210.0,8.0,1680,25777,16446,46.8,455.0
Station_01,Inv_00,20170804,11:31:00,226.0,16.7,3774,212.0,16.7,3540,25777,16446,51.2,1067.0
Station_01,Inv_00,20170804,11:32:00,219.0,16.8,3679,211.0,16.3,3439,25777,16446,53.3,1075.0
Station_01,Inv_00,20170804,11:33:00,220.0,16.6,3652,211.0,16.2,3418,25777,16446,55.9,1066.0
Station_01,Inv_00,20170804,11:34:00,219.5,16.5,3622,211.0,16.0,3376,25777,16446,56.8,1063.0
Station_01,Inv_00,20170804,11:35:00,209.0,17.0,3553,212.0,15.5,3286,25777,16446,59.1,1060.0
Station_01,Inv_00,20170804,11:36:00,207.9,6.0,1247,210.0,5.8,1218,25777,16446,58.8,710.0
Station_01,Inv_00,20170804,11:37:00,217.0,5.4,1172,210.0,5.1,1071,25777,16446,56.9,349.0
Station_01,Inv_00,20170804,11:38:00,217.0,5.6,1215,210.0,5.3,1113,25777,16446,55.0,350.0
Station_01,Inv_00,20170804,11:39:00,219.5,5.7,1251,210.0,5.6,1176,25777,16446,52.6,366.0
Station_01,Inv_00,20170804,11:40:00,225.0,15.9,3577,211.0,15.9,3355,25777,16446,52.8,758.0
Station_01,Inv_00,20170804,11:41:00,200.5,13.7,2746,211.0,12.9,2722,25777,16446,56.4,1033.0
Station_01,Inv_00,20170804,11:42:00,226.4,5.2,1178,210.0,5.3,1113,25777,16446,54.9,368.0
Station_01,Inv_00,20170804,11:43:00,227.5,5.4,1229,210.0,5.4,1134,25777,16446,53.1,349.0
Station_01,Inv_00,20170804,11:44:00,228.5,7.0,1600,210.0,7.2,1512,25777,16446,51.6,375.0
Station_01,Inv_00,20170804,11:45:00,229.5,5.8,1331,210.0,6.1,1281,25777,16446,52.1,409.0
Station_01,Inv_00,20170804,11:46:00,228.5,12.2,2788,211.0,11.9,2511,25777,16446,50.7,472.0
Station_01,Inv_00,20170804,11:47:00,233.0,5.2,1212,210.0,5.4,1134,25777,16446,50.1,367.0
Station_01,Inv_00,20170804,11:48:00,225.5,11.3,2548,211.0,10.9,2300,25778,16446,49.3,544.0
Station_01,Inv_00,20170804,11:49:00,229.0,5.0,1145,210.0,5.1,1071,25778,16446,48.5,342.0
Station_01,Inv_00,20170804,11:50:00,229.5,4.6,1056,210.0,4.7,987,25778,16446,47.3,304.0
Station_01,Inv_00,20170804,11:51:00,229.9,4.8,1103,210.0,4.9,1029,25778,16446,46.2,308.0
Station_01,Inv_00,20170804,11:52:00,235.5,5.2,1225,210.0,5.3,1113,25778,16446,45.6,337.0
Station_01,Inv_00,20170804,11:53:00,231.5,5.4,1250,210.0,5.6,1176,25778,16446,45.6,349.0
Station_01,Inv_00,20170804,11:54:00,228.0,5.6,1277,211.0,5.7,1203,25778,16446,46.1,354.0
Station_01,Inv_00,20170804,11:55:00,222.5,5.4,1202,211.0,5.2,1097,25778,16446,45.4,336.0
Station_01,Inv_00,20170804,11:56:00,231.5,4.8,1111,211.0,5.0,1055,25778,16446,45.5,317.0
Station_01,Inv_00,20170804,11:57:00,219.8,4.6,1011,211.0,4.5,950,25778,16446,44.5,299.0
Station_01,Inv_00,20170804,11:58:00,224.9,4.6,1034,211.0,4.6,971,25778,16446,44.3,293.0
Station_01,Inv_00,20170804,11:59:00,229.3,4.7,1078,212.0,4.6,975,25778,16446,43.9,296.0
Station_01,Inv_00,20170804,12:00:00,235.0,4.8,1128,212.0,4.8,1018,25778,16446,43.6,302.0
Station_01,Inv_00,20170804,12:01:00,233.4,12.3,2871,214.0,12.7,2718,25778,16446,45.6,709.0
Station_01,Inv_00,20170804,12:02:00,238.0,8.2,1952,213.0,8.6,1832,25778,16446,46.6,606.0
Station_01,Inv_00,20170804,12:03:00,242.9,11.6,2817,214.0,12.5,2675,25778,16446,47.0,664.0
Station_01,Inv_00,20170804,12:04:00,229.5,5.4,1239,211.0,5.5,1161,25778,16446,46.6,352.0
Station_01,Inv_00,20170804,12:05:00,232.8,4.9,1141,210.0,5.0,1050,25778,16446,46.2,316.0
Station_01,Inv_00,20170804,12:06:00,228.0,5.6,1277,211.0,5.5,1161,25778,16446,45.6,323.0
Station_01,Inv_00,20170804,12:07:00,236.0,4.8,1133,210.0,5.1,1071,25778,16446,43.3,319.0
Station_01,Inv_00,20170804,12:08:00,241.0,4.6,1109,210.0,4.8,1008,25778,16446,41.4,299.0
Station_01,Inv_00,20170804,12:09:00,235.0,4.4,1034,210.0,4.6,966,25778,16446,40.2,282.0
Station_01,Inv_00,20170804,12:10:00,236.5,4.2,993,210.0,4.5,945,25778,16446,39.4,273.0
Station_01,Inv_00,20170804,12:11:00,242.5,4.4,1067,210.0,4.6,966,25778,16446,39.1,275.0
Station_01,Inv_00,20170804,12:12:00,241.0,4.6,1109,210.0,4.8,1008,25778,16446,38.8,286.0
Station_01,Inv_00,20170804,12:13:00,240.9,4.8,1156,210.0,5.1,1071,25778,16446,38.7,302.0
Station_01,Inv_00,20170804,12:14:00,239.9,5.2,1247,210.0,5.5,1155,25778,16446,39.3,326.0
Station_01,Inv_00,20170804,12:15:00,235.5,5.7,1342,210.0,5.9,1239,25778,16446,39.0,355.0
Station_01,Inv_00,20170804,12:16:00,240.9,6.2,1494,210.0,6.7,1407,25778,16446,38.4,401.0
Station_01,Inv_00,20170804,12:17:00,244.4,13.5,3299,210.0,14.5,3045,25778,16446,39.6,733.0
Station_01,Inv_00,20170804,12:18:00,238.9,14.8,3536,210.0,15.8,3318,25778,16446,43.0,967.0
Station_01,Inv_00,20170804,12:19:00,234.5,15.6,3658,211.0,16.4,3460,25778,16446,46.2,990.0
Station_01,Inv_00,20170804,12:20:00,231.5,10.5,2431,210.0,10.8,2268,25778,16446,47.8,795.0
Station_01,Inv_00,20170804,12:21:00,230.7,16.7,3854,211.0,17.1,3608,25778,16446,51.3,1077.0
Station_01,Inv_00,20170804,12:22:00,233.3,13.0,3033,210.0,13.1,2751,25778,16446,52.8,736.0
Station_01,Inv_00,20170804,12:23:00,219.5,15.9,3490,211.0,15.7,3313,25778,16446,56.5,1068.0
Station_01,Inv_00,20170804,12:24:00,221.4,15.3,3388,211.0,15.4,3249,25779,16447,54.4,878.0
Station_01,Inv_00,20170804,12:25:00,222.5,7.5,1669,210.0,7.6,1596,25779,16447,53.1,506.0
Station_01,Inv_00,20170804,12:26:00,224.5,7.2,1616,210.0,7.2,1512,25779,16447,52.4,465.0
Station_01,Inv_00,20170804,12:27:00,227.0,6.6,1498,210.0,6.7,1407,25779,16447,51.3,427.0
Station_01,Inv_00,20170804,12:28:00,225.5,6.8,1533,210.0,6.8,1428,25779,16447,51.1,427.0
Station_01,Inv_00,20170804,12:29:00,226.4,9.8,2219,210.0,9.7,2037,25779,16447,51.5,552.0
Station_01,Inv_00,20170804,12:30:00,222.5,17.2,3827,211.0,17.0,3587,25779,16447,54.6,1084.0
Station_01,Inv_00,20170804,12:31:00,214.5,17.6,3775,211.0,16.7,3524,25779,16447,57.4,1104.0
Station_01,Inv_00,20170804,12:32:00,206.9,13.9,2876,210.0,12.9,2709,25779,16447,56.7,905.0
Station_01,Inv_00,20170804,12:33:00,219.5,7.6,1668,210.0,7.5,1575,25779,16447,54.8,511.0
Station_01,Inv_00,20170804,12:34:00,230.5,14.5,3342,210.0,14.3,3003,25779,16447,53.5,543.0
Station_01,Inv_00,20170804,12:35:00,224.4,13.2,2963,210.0,13.4,2814,25779,16447,56.8,930.0
Station_01,Inv_00,20170804,12:36:00,219.0,7.0,1533,210.0,7.1,1491,25779,16447,55.1,519.0
Station_01,Inv_00,20170804,12:37:00,213.0,5.8,1235,212.0,5.5,1166,25779,16447,53.7,376.0
Station_01,Inv_00,20170804,12:38:00,228.0,5.4,1231,212.0,5.5,1166,25779,16447,52.4,355.0
Station_01,Inv_00,20170804,12:39:00,221.9,6.0,1332,211.0,5.9,1245,25779,16447,51.2,368.0
Station_01,Inv_00,20170804,12:40:00,222.9,16.7,3723,213.0,16.3,3472,25779,16447,54.1,898.0
Station_01,Inv_00,20170804,12:41:00,217.5,17.1,3719,213.0,16.4,3493,25779,16447,54.7,1078.0
Station_01,Inv_00,20170804,12:42:00,219.5,6.3,1383,212.0,6.1,1293,25779,16447,54.2,465.0
Station_01,Inv_00,20170804,12:43:00,221.5,4.8,1063,212.0,4.7,996,25779,16447,53.6,325.0
Station_01,Inv_00,20170804,12:44:00,220.0,4.1,902,212.0,3.9,827,25779,16447,51.1,267.0
Station_01,Inv_00,20170804,12:45:00,222.0,3.5,777,211.0,3.5,739,25779,16447,50.9,229.0
Station_01,Inv_00,20170804,12:46:00,222.5,3.1,690,211.0,3.1,654,25779,16447,48.9,204.0
Station_01,Inv_00,20170804,12:47:00,225.5,2.6,586,211.0,2.7,570,25779,16447,47.6,179.0
Station_01,Inv_00,20170804,12:48:00,228.0,2.2,502,211.0,2.3,485,25779,16447,45.7,156.0
Station_01,Inv_00,20170804,12:49:00,224.4,2.0,449,211.0,2.0,422,25779,16447,44.7,138.0
Station_01,Inv_00,20170804,12:50:00,232.5,1.7,395,211.0,1.9,401,25779,16447,43.0,127.0
Station_01,Inv_00,20170804,12:51:00,225.4,1.6,361,211.0,1.6,338,25779,16447,42.5,122.0
Station_01,Inv_00,20170804,12:52:00,234.0,1.4,328,211.0,1.5,317,25779,16447,41.5,107.0
Station_01,Inv_00,20170804,12:53:00,235.0,1.5,353,211.0,1.5,317,25779,16447,40.6,106.0
Station_01,Inv_00,20170804,12:54:00,230.5,1.5,346,211.0,1.6,338,25779,16447,39.8,109.0
Station_01,Inv_00,20170804,12:55:00,236.0,1.6,378,211.0,1.7,359,25779,16447,39.3,116.0
Station_01,Inv_00,20170804,12:56:00,234.5,1.7,399,211.0,1.9,401,25779,16447,38.1,121.0
Station_01,Inv_00,20170804,12:57:00,233.2,1.9,443,210.0,2.0,420,25779,16447,36.8,127.0
Station_01,Inv_00,20170804,12:58:00,208.5,2.2,459,210.0,2.0,420,25779,16447,35.3,136.0
Station_01,Inv_00,20170804,12:59:00,237.5,2.4,570,210.0,2.6,546,25779,16447,34.6,149.0
Station_01,Inv_00,20170804,13:00:00,240.0,2.7,648,210.0,3.0,630,25779,16447,34.0,171.0
Station_01,Inv_00,20170804,13:01:00,240.4,3.6,866,210.0,3.8,798,25779,16447,33.6,205.0
Station_01,Inv_00,20170804,13:02:00,235.5,4.6,1083,210.0,4.7,987,25779,16447,33.9,265.0
Station_01,Inv_00,20170804,13:03:00,228.0,11.6,2645,211.0,11.8,2490,25779,16447,35.5,572.0
Station_01,Inv_00,20170804,13:04:00,234.5,13.8,3236,211.0,14.4,3038,25779,16447,38.6,842.0
Station_01,Inv_00,20170804,13:05:00,241.3,6.0,1448,210.0,6.4,1344,25779,16447,37.4,381.0
Station_01,Inv_00,20170804,13:06:00,244.5,6.9,1687,210.0,7.5,1575,25780,16448,38.1,408.0
Station_01,Inv_00,20170804,13:07:00,246.5,4.6,1134,212.0,4.9,1039,25780,16448,38.1,310.0
Station_01,Inv_00,20170804,13:08:00,240.9,4.0,964,212.0,4.1,869,25780,16448,38.3,256.0
Station_01,Inv_00,20170804,13:09:00,239.5,3.8,910,211.0,4.0,844,25780,16448,38.0,240.0
Station_01,Inv_00,20170804,13:10:00,233.0,4.5,1049,212.0,4.6,975,25780,16448,38.0,271.0
Station_01,Inv_00,20170804,13:11:00,242.0,3.7,895,211.0,3.9,823,25780,16448,38.5,250.0
Station_01,Inv_00,20170804,13:12:00,240.0,3.1,744,211.0,3.3,696,25780,16448,38.2,208.0
Station_01,Inv_00,20170804,13:13:00,236.5,2.8,662,211.0,2.9,612,25780,16448,38.0,184.0
Station_01,Inv_00,20170804,13:14:00,240.2,2.4,577,211.0,2.6,549,25780,16448,37.3,173.0
Station_01,Inv_00,20170804,13:15:00,241.5,2.4,580,211.0,2.5,528,25780,16448,37.2,163.0
Station_01,Inv_00,20170804,13:16:00,237.5,2.5,594,212.0,2.6,551,25780,16448,37.0,167.0
Station_01,Inv_00,20170804,13:17:00,242.4,2.6,630,212.0,2.8,594,25780,16448,36.6,188.0
Station_01,Inv_00,20170804,13:18:00,235.5,3.2,754,212.0,3.3,700,25780,16448,36.4,199.0
Station_01,Inv_00,20170804,13:19:00,228.5,3.8,868,212.0,3.8,806,25780,16448,36.5,232.0
Station_01,Inv_00,20170804,13:20:00,245.0,4.5,1103,212.0,4.7,996,25780,16448,36.9,274.0
Station_01,Inv_00,20170804,13:21:00,240.5,6.4,1539,212.0,6.7,1420,25780,16448,37.2,379.0
Station_01,Inv_00,20170804,13:22:00,245.3,5.6,1374,212.0,5.9,1251,25780,16448,37.1,353.0
Station_01,Inv_00,20170804,13:23:00,244.9,6.1,1494,212.0,6.5,1378,25780,16448,37.3,393.0
Station_01,Inv_00,20170804,13:24:00,241.5,5.6,1352,211.0,5.9,1245,25780,16448,37.0,358.0
Station_01,Inv_00,20170804,13:25:00,242.5,4.3,1043,211.0,4.7,992,25780,16448,35.9,286.0
Station_01,Inv_00,20170804,13:26:00,245.4,3.6,884,211.0,3.9,823,25780,16448,35.1,234.0
Station_01,Inv_00,20170804,13:27:00,243.5,3.0,731,212.0,3.4,721,25780,16448,34.2,201.0
Station_01,Inv_00,20170804,13:28:00,244.0,2.8,683,212.0,3.1,657,25780,16448,33.6,179.0
Station_01,Inv_00,20170804,13:29:00,247.5,2.8,693,212.0,3.0,636,25780,16448,33.6,176.0
Station_01,Inv_00,20170804,13:30:00,239.0,3.0,717,211.0,3.1,654,25780,16448,33.6,185.0
Station_01,Inv_00,20170804,13:31:00,241.4,3.0,724,212.0,3.3,700,25780,16448,33.9,191.0
Station_01,Inv_00,20170804,13:32:00,250.0,3.3,825,212.0,3.6,763,25780,16448,34.2,211.0
Station_01,Inv_00,20170804,13:33:00,234.3,4.0,937,211.0,4.1,865,25780,16448,34.9,238.0
Station_01,Inv_00,20170804,13:34:00,243.0,4.1,996,211.0,4.3,907,25780,16448,35.3,262.0
Station_01,Inv_00,20170804,13:35:00,243.0,4.2,1021,211.0,4.5,950,25780,16448,36.0,267.0
Station_01,Inv_00,20170804,13:36:00,237.9,4.4,1047,211.0,4.6,971,25780,16448,36.3,280.0
Station_01,Inv_00,20170804,13:37:00,241.0,4.1,988,211.0,4.4,928,25780,16448,37.0,272.0
Station_01,Inv_00,20170804,13:38:00,241.5,4.0,966,212.0,4.1,869,25780,16448,37.4,256.0
Station_01,Inv_00,20170804,13:39:00,244.5,3.8,929,211.0,4.1,865,25780,16448,37.8,254.0
Station_01,Inv_00,20170804,13:40:00,239.9,4.1,984,211.0,4.2,886,25780,16448,37.9,263.0
Station_01,Inv_00,20170804,13:41:00,237.7,4.0,951,212.0,4.1,869,25780,16448,38.0,259.0
Station_01,Inv_00,20170804,13:42:00,233.0,3.9,909,211.0,4.1,865,25780,16448,38.0,256.0
Station_01,Inv_00,20170804,13:43:00,238.5,4.0,954,211.0,4.1,865,25780,16448,38.2,258.0
Station_01,Inv_00,20170804,13:44:00,238.4,4.0,954,212.0,4.1,869,25780,16448,38.3,258.0
Station_01,Inv_00,20170804,13:45:00,236.5,3.9,922,212.0,4.1,869,25780,16448,38.9,261.0
Station_01,Inv_00,20170804,13:46:00,239.8,4.0,959,212.0,4.1,869,25780,16448,38.9,262.0
Station_01,Inv_00,20170804,13:47:00,244.0,4.2,1025,212.0,4.6,975,25780,16448,39.1,286.0
Station_01,Inv_00,20170804,13:48:00,243.5,4.6,1120,212.0,4.9,1039,25780,16448,39.4,301.0
Station_01,Inv_00,20170804,13:49:00,246.0,4.3,1058,211.0,4.6,971,25780,16448,39.4,290.0
Station_01,Inv_00,20170804,13:50:00,239.9,3.4,816,212.0,3.6,763,25780,16448,39.5,234.0
Station_01,Inv_00,20170804,13:51:00,239.2,2.8,670,212.0,3.1,657,25780,16448,39.1,198.0
Station_01,Inv_00,20170804,13:52:00,236.0,2.7,637,211.0,2.8,591,25780,16448,38.6,182.0
Station_01,Inv_00,20170804,13:53:00,232.0,2.5,580,211.0,2.5,528,25780,16448,38.4,167.0
Station_01,Inv_00,20170804,13:54:00,231.0,2.5,578,211.0,2.5,528,25780,16448,38.0,161.0
Station_01,Inv_00,20170804,13:55:00,230.6,2.5,577,211.0,2.5,528,25780,16448,37.7,163.0
Station_01,Inv_00,20170804,13:56:00,238.5,2.6,620,211.0,2.7,570,25780,16448,36.9,169.0
Station_01,Inv_00,20170804,13:57:00,239.5,2.5,599,211.0,2.6,549,25780,16448,35.9,159.0
Station_01,Inv_00,20170804,13:58:00,232.5,2.2,511,211.0,2.3,485,25780,16448,34.8,143.0
Station_01,Inv_00,20170804,13:59:00,238.0,2.0,476,212.0,2.1,445,25780,16448,33.7,133.0
Station_01,Inv_00,20170804,14:00:00,239.9,2.0,480,211.0,2.1,443,25780,16448,32.7,131.0
Station_01,Inv_00,20170804,14:01:00,226.0,2.1,475,211.0,2.2,464,25780,16448,32.4,134.0
Station_01,Inv_00,20170804,14:02:00,243.5,2.2,536,211.0,2.5,528,25780,16448,32.2,146.0
Station_01,Inv_00,20170804,14:03:00,236.0,2.8,661,211.0,2.8,591,25780,16448,32.3,165.0
Station_01,Inv_00,20170804,14:04:00,248.0,3.0,744,212.0,3.4,721,25780,16448,32.3,190.0
Station_01,Inv_00,20170804,14:05:00,245.5,3.3,810,212.0,3.6,763,25780,16448,32.0,203.0
Station_01,Inv_00,20170804,14:06:00,245.7,3.3,811,212.0,3.6,763,25780,16448,32.1,203.0
Station_01,Inv_00,20170804,14:07:00,244.9,3.3,808,211.0,3.6,760,25780,16448,31.9,207.0
Station_01,Inv_00,20170804,14:08:00,246.0,3.2,787,212.0,3.5,742,25780,16448,31.5,203.0
Station_01,Inv_00,20170804,14:09:00,242.4,3.1,752,211.0,3.3,696,25780,16448,31.3,193.0
Station_01,Inv_00,20170804,14:10:00,247.0,2.9,716,211.0,3.2,675,25780,16448,31.3,193.0
Station_01,Inv_00,20170804,14:11:00,247.0,2.8,692,212.0,3.0,636,25780,16448,31.2,178.0
Station_01,Inv_00,20170804,14:12:00,245.0,2.3,564,212.0,2.5,530,25780,16448,31.0,154.0
Station_01,Inv_00,20170804,14:13:00,241.3,1.8,434,211.0,2.0,422,25780,16448,30.7,126.0
Station_01,Inv_00,20170804,14:14:00,241.5,1.4,338,212.0,1.6,339,25780,16448,30.4,107.0
Station_01,Inv_00,20170804,14:15:00,229.5,1.4,321,211.0,1.5,317,25780,16448,30.2,96.0
Station_01,Inv_00,20170804,14:16:00,237.8,1.3,309,212.0,1.5,318,25780,16448,30.1,93.0
Station_01,Inv_00,20170804,14:17:00,240.5,1.5,361,211.0,1.5,317,25780,16448,30.1,100.0
Station_01,Inv_00,20170804,14:18:00,233.8,1.6,374,212.0,1.7,360,25780,16448,30.2,109.0
Station_01,Inv_00,20170804,14:19:00,242.0,1.6,387,212.0,1.8,382,25780,16448,30.4,113.0
Station_01,Inv_00,20170804,14:20:00,236.0,1.6,378,212.0,1.8,382,25780,16448,30.5,113.0
Station_01,Inv_00,20170804,14:21:00,218.5,1.6,350,212.0,1.6,339,25780,16448,30.5,108.0
Station_01,Inv_00,20170804,14:22:00,213.5,1.4,299,211.0,1.4,295,25781,16448,30.6,99.0
Station_01,Inv_00,20170804,14:23:00,185.0,1.2,222,211.0,1.1,232,25781,16448,30.3,88.0
Station_01,Inv_00,20170804,14:24:00,234.5,1.0,235,211.0,1.1,232,25781,16448,30.2,78.0
Station_01,Inv_00,20170804,14:25:00,224.0,1.0,224,211.0,1.0,211,25781,16448,30.1,72.0
Station_01,Inv_00,20170804,14:26:00,234.5,0.8,188,211.0,1.0,211,25781,16448,29.9,70.0
Station_01,Inv_00,20170804,14:27:00,222.0,0.8,178,211.0,1.0,211,25781,16448,29.7,69.0
Station_01,Inv_00,20170804,14:28:00,228.5,0.8,183,211.0,1.0,211,25781,16448,29.6,68.0
Station_01,Inv_00,20170804,14:29:00,211.0,0.8,169,211.0,1.0,211,25781,16448,29.4,67.0
Station_01,Inv_00,20170804,14:30:00,165.0,0.8,132,212.0,0.8,170,25781,16448,29.3,66.0
Station_01,Inv_00,20170804,14:31:00,222.0,0.8,178,211.0,0.9,190,25781,16448,29.4,65.0
Station_01,Inv_00,20170804,14:32:00,185.0,0.7,130,211.0,0.8,169,25781,16448,29.3,62.0
Station_01,Inv_00,20170804,14:33:00,189.0,0.7,132,211.0,0.8,169,25781,16448,29.3,60.0
Station_01,Inv_00,20170804,14:34:00,226.0,0.6,136,211.0,0.8,169,25781,16448,29.3,58.0
Station_01,Inv_00,20170804,14:35:00,225.3,0.6,135,212.0,0.7,148,25781,16448,29.1,55.0
Station_01,Inv_00,20170804,14:36:00,212.4,0.5,106,211.0,0.6,127,25781,16448,28.9,51.0
Station_01,Inv_00,20170804,14:37:00,215.0,0.5,108,211.0,0.6,127,25781,16448,28.9,47.0
Station_01,Inv_00,20170804,14:38:00,217.5,0.4,87,211.0,0.5,106,25781,16448,28.8,46.0
Station_01,Inv_00,20170804,14:39:00,219.5,0.4,88,211.0,0.5,106,25781,16448,28.6,45.0
Station_01,Inv_00,20170804,14:40:00,226.0,0.4,90,211.0,0.5,106,25781,16448,28.5,45.0
Station_01,Inv_00,20170804,14:41:00,216.5,0.4,87,212.0,0.5,106,25781,16448,28.3,43.0
Station_01,Inv_00,20170804,14:42:00,208.0,0.4,83,211.0,0.5,106,25781,16448,28.2,41.0
Station_01,Inv_00,20170804,14:43:00,207.0,0.3,62,212.0,0.5,106,25781,16448,28.0,40.0
Station_01,Inv_00,20170804,14:44:00,219.5,0.4,88,212.0,0.5,106,25781,16448,28.0,40.0
Station_01,Inv_00,20170804,14:45:00,213.5,0.4,85,212.0,0.5,106,25781,16448,27.9,42.0
Station_01,Inv_00,20170804,14:46:00,212.0,0.4,85,212.0,0.5,106,25781,16448,27.8,45.0
Station_01,Inv_00,20170804,14:47:00,222.0,0.5,111,211.0,0.6,127,25781,16448,27.9,49.0
Station_01,Inv_00,20170804,14:48:00,223.0,0.6,134,211.0,0.8,169,25781,16448,27.9,57.0
Station_01,Inv_00,20170804,14:49:00,231.5,0.8,185,211.0,1.0,211,25781,16448,28.0,66.0
Station_01,Inv_00,20170804,14:50:00,226.0,0.9,203,212.0,1.0,212,25781,16448,28.2,71.0
Station_01,Inv_00,20170804,14:51:00,231.5,1.0,232,211.0,1.1,232,25781,16448,28.3,75.0
Station_01,Inv_00,20170804,14:52:00,227.0,1.0,227,212.0,1.2,254,25781,16448,28.4,79.0
Station_01,Inv_00,20170804,14:53:00,229.0,1.0,229,212.0,1.1,233,25781,16448,28.5,79.0
Station_01,Inv_00,20170804,14:54:00,239.0,1.0,239,211.0,1.1,232,25781,16448,28.6,78.0
Station_01,Inv_00,20170804,14:55:00,235.5,1.0,236,212.0,1.1,233,25781,16448,28.6,79.0
Station_01,Inv_00,20170804,14:56:00,232.0,1.0,232,212.0,1.2,254,25781,16448,28.6,80.0
Station_01,Inv_00,20170804,14:57:00,236.0,1.0,236,211.0,1.1,232,25781,16448,28.5,79.0
Station_01,Inv_00,20170804,14:58:00,227.7,0.9,205,212.0,1.0,212,25781,16448,28.5,74.0
Station_01,Inv_00,20170804,14:59:00,234.5,0.8,188,211.0,1.0,211,25781,16448,28.3,70.0
Station_01,Inv_00,20170804,15:00:00,224.5,0.8,180,211.0,1.0,211,25781,16448,28.3,68.0
Station_01,Inv_00,20170804,15:01:00,234.0,0.8,187,212.0,1.0,212,25781,16448,28.3,67.0
Station_01,Inv_00,20170804,15:02:00,225.5,0.8,180,212.0,1.0,212,25781,16448,28.2,67.0
Station_01,Inv_00,20170804,15:03:00,228.4,0.8,183,211.0,1.0,211,25781,16448,28.3,69.0
Station_01,Inv_00,20170804,15:04:00,231.2,0.9,208,211.0,1.0,211,25781,16448,28.2,71.0
Station_01,Inv_00,20170804,15:05:00,225.5,0.8,180,211.0,1.0,211,25781,16448,28.2,70.0
Station_01,Inv_00,20170804,15:06:00,223.4,0.8,179,211.0,1.0,211,25781,16448,28.2,69.0
Station_01,Inv_00,20170804,15:07:00,238.0,0.7,167,212.0,0.9,191,25781,16448,28.3,65.0
Station_01,Inv_00,20170804,15:08:00,224.0,0.7,157,211.0,0.9,190,25781,16448,28.2,63.0
Station_01,Inv_00,20170804,15:09:00,229.0,0.6,137,211.0,0.9,190,25781,16448,28.3,61.0
Station_01,Inv_00,20170804,15:10:00,213.0,0.6,128,211.0,0.8,169,25781,16448,28.2,59.0
Station_01,Inv_00,20170804,15:11:00,223.5,0.6,134,211.0,0.9,190,25781,16448,28.3,62.0
Station_01,Inv_00,20170804,15:12:00,224.3,0.7,157,211.0,0.9,190,25781,16448,28.3,61.0
Station_01,Inv_00,20170804,15:13:00,229.0,0.7,160,212.0,1.0,212,25781,16448,28.3,64.0
Station_01,Inv_00,20170804,15:14:00,228.4,0.7,160,212.0,1.0,212,25781,16448,28.3,66.0
Station_01,Inv_00,20170804,15:15:00,193.4,0.8,155,212.0,0.8,170,25781,16448,28.3,64.0
Station_01,Inv_00,20170804,15:16:00,225.7,0.7,158,212.0,0.9,191,25781,16448,28.3,61.0
Station_01,Inv_00,20170804,15:17:00,202.7,0.6,122,211.0,0.7,148,25781,16448,28.3,58.0
Station_01,Inv_00,20170804,15:18:00,227.0,0.6,136,212.0,0.7,148,25781,16448,28.2,57.0
Station_01,Inv_00,20170804,15:19:00,224.0,0.7,157,212.0,0.8,170,25781,16448,28.1,59.0
Station_01,Inv_00,20170804,15:20:00,223.5,0.6,134,212.0,0.8,170,25781,16448,28.2,60.0
Station_01,Inv_00,20170804,15:21:00,219.0,0.7,153,212.0,0.8,170,25781,16448,28.2,61.0
Station_01,Inv_00,20170804,15:22:00,222.6,0.7,156,211.0,0.8,169,25781,16448,28.1,60.0
Station_01,Inv_00,20170804,15:23:00,213.4,0.7,149,212.0,0.8,170,25781,16448,28.1,60.0
Station_01,Inv_00,20170804,15:24:00,211.0,0.7,148,212.0,0.8,170,25781,16448,28.1,61.0
Station_01,Inv_00,20170804,15:25:00,186.3,0.7,130,212.0,0.7,148,25781,16448,28.1,62.0
Station_01,Inv_00,20170804,15:26:00,231.5,0.8,185,212.0,1.0,212,25781,16448,28.2,65.0
Station_01,Inv_00,20170804,15:27:00,221.4,0.9,199,212.0,1.0,212,25781,16448,28.2,67.0
Station_01,Inv_00,20170804,15:28:00,223.9,0.9,202,212.0,1.0,212,25781,16448,28.2,78.0
Station_01,Inv_00,20170804,15:29:00,224.0,1.0,224,212.0,1.1,233,25781,16448,28.3,77.0
Station_01,Inv_00,20170804,15:30:00,226.0,1.1,249,212.0,1.2,254,25781,16448,28.3,81.0
Station_01,Inv_00,20170804,15:31:00,226.7,1.2,272,212.0,1.3,276,25781,16448,28.5,86.0
Station_01,Inv_00,20170804,15:32:00,228.8,1.3,298,212.0,1.4,297,25781,16448,28.6,92.0
Station_01,Inv_00,20170804,15:33:00,234.5,1.3,305,212.0,1.4,297,25781,16448,28.7,96.0
Station_01,Inv_00,20170804,15:34:00,233.0,1.4,326,212.0,1.5,318,25781,16448,28.7,98.0
Station_01,Inv_00,20170804,15:35:00,229.0,1.4,321,212.0,1.5,318,25781,16448,28.7,99.0
Station_01,Inv_00,20170804,15:36:00,238.0,1.4,333,212.0,1.5,318,25781,16448,28.7,101.0
Station_01,Inv_00,20170804,15:37:00,237.0,1.5,356,212.0,1.5,318,25781,16448,28.6,105.0
Station_01,Inv_00,20170804,15:38:00,236.5,1.4,331,212.0,1.5,318,25781,16448,28.7,107.0
Station_01,Inv_00,20170804,15:39:00,238.5,1.6,382,212.0,1.6,339,25781,16448,28.9,108.0
Station_01,Inv_00,20170804,15:40:00,233.0,1.5,350,212.0,1.6,339,25781,16448,28.9,110.0
Station_01,Inv_00,20170804,15:41:00,232.5,1.6,372,212.0,1.7,360,25781,16448,29.0,111.0
Station_01,Inv_00,20170804,15:42:00,229.9,1.7,391,212.0,1.7,360,25781,16448,29.1,114.0
Station_01,Inv_00,20170804,15:43:00,207.5,1.8,374,212.0,1.7,360,25781,16448,29.1,120.0
Station_01,Inv_00,20170804,15:44:00,243.5,1.9,463,212.0,2.0,424,25781,16448,29.2,126.0
Station_01,Inv_00,20170804,15:45:00,245.9,1.9,467,212.0,2.0,424,25781,16448,29.3,131.0
Station_01,Inv_00,20170804,15:46:00,243.5,2.0,487,212.0,2.1,445,25781,16448,29.3,135.0
Station_01,Inv_00,20170804,15:47:00,209.5,2.1,440,212.0,2.0,424,25781,16448,29.3,136.0
Station_01,Inv_00,20170804,15:48:00,194.0,2.0,388,212.0,1.7,360,25781,16448,29.4,132.0
Station_01,Inv_00,20170804,15:49:00,240.5,1.9,457,212.0,2.0,424,25781,16448,29.4,128.0
Station_01,Inv_00,20170804,15:50:00,242.5,1.7,412,212.0,1.9,403,25781,16448,29.4,121.0
Station_01,Inv_00,20170804,15:51:00,238.1,1.6,381,212.0,1.7,360,25781,16448,29.3,133.0
Station_01,Inv_00,20170804,15:52:00,235.7,1.4,330,212.0,1.6,339,25781,16448,29.2,111.0
Station_01,Inv_00,20170804,15:53:00,230.0,1.3,299,212.0,1.5,318,25781,16448,29.1,103.0
Station_01,Inv_00,20170804,15:54:00,235.5,1.3,306,211.0,1.5,317,25781,16448,29.0,99.0
Station_01,Inv_00,20170804,15:55:00,237.2,1.3,308,212.0,1.4,297,25781,16448,28.9,94.0
Station_01,Inv_00,20170804,15:56:00,231.9,1.2,278,212.0,1.3,276,25781,16448,28.8,90.0
Station_01,Inv_00,20170804,15:57:00,232.5,1.2,279,212.0,1.4,297,25781,16448,28.8,91.0
Station_01,Inv_00,20170804,15:58:00,224.5,1.6,359,212.0,1.5,318,25781,16448,28.8,102.0
Station_01,Inv_00,20170804,15:59:00,242.4,2.1,509,212.0,2.4,509,25781,16448,29.1,152.0
Station_01,Inv_00,20170804,16:00:00,237.0,1.8,427,212.0,2.0,424,25781,16448,29.2,128.0
Station_01,Inv_00,20170804,16:01:00,228.5,1.6,366,212.0,1.7,360,25781,16448,29.2,118.0
Station_01,Inv_00,20170804,16:02:00,240.8,1.5,361,212.0,1.6,339,25781,16448,29.1,110.0
Station_01,Inv_00,20170804,16:03:00,239.8,1.3,312,212.0,1.4,297,25781,16448,29.0,95.0
Station_01,Inv_00,20170804,16:04:00,233.5,1.2,280,212.0,1.3,276,25781,16448,28.7,89.0
Station_01,Inv_00,20170804,16:05:00,237.5,1.0,238,212.0,1.1,233,25781,16448,28.5,78.0
Station_01,Inv_00,20170804,16:06:00,225.0,0.8,180,211.0,1.0,211,25781,16448,28.4,71.0
Station_01,Inv_00,20170804,16:07:00,228.0,0.8,182,212.0,1.0,212,25781,16448,28.2,69.0
Station_01,Inv_00,20170804,16:08:00,232.5,0.8,186,212.0,1.0,212,25781,16448,28.1,65.0
Station_01,Inv_00,20170804,16:09:00,231.5,0.8,185,212.0,0.9,191,25781,16448,28.0,66.0
Station_01,Inv_00,20170804,16:10:00,234.0,0.7,164,212.0,0.9,191,25781,16448,28.0,63.0
Station_01,Inv_00,20170804,16:11:00,230.4,0.7,161,212.0,0.9,191,25781,16448,27.9,62.0
Station_01,Inv_00,20170804,16:12:00,230.7,0.7,162,212.0,0.9,191,25781,16448,27.8,61.0
Station_01,Inv_00,20170804,16:13:00,231.0,0.6,139,212.0,0.9,191,25781,16448,27.8,60.0
Station_01,Inv_00,20170804,16:14:00,222.0,0.6,133,213.0,0.8,170,25781,16448,27.6,57.0
Station_01,Inv_00,20170804,16:15:00,226.0,0.6,136,212.0,0.7,148,25781,16448,27.5,55.0
Station_01,Inv_00,20170804,16:16:00,226.5,0.6,136,212.0,0.7,148,25781,16448,27.5,52.0
Station_01,Inv_00,20170804,16:17:00,221.2,0.5,111,212.0,0.6,127,25781,16448,27.4,50.0
Station_01,Inv_00,20170804,16:18:00,183.0,0.5,92,213.0,0.5,107,25781,16448,27.3,49.0
Station_01,Inv_00,20170804,16:19:00,177.2,0.5,89,212.0,0.5,106,25781,16448,27.3,48.0
Station_01,Inv_00,20170804,16:20:00,215.5,0.4,86,212.0,0.6,127,25781,16448,27.2,47.0
Station_01,Inv_00,20170804,16:21:00,164.0,0.5,82,212.0,0.5,106,25781,16448,27.2,47.0
Station_01,Inv_00,20170804,16:22:00,175.5,0.4,70,213.0,0.5,107,25781,16448,27.1,46.0
Station_01,Inv_00,20170804,16:23:00,225.0,0.5,113,213.0,0.5,107,25781,16448,27.1,46.0
Station_01,Inv_00,20170804,16:24:00,216.4,0.5,108,212.0,0.5,106,25781,16448,27.0,47.0
Station_01,Inv_00,20170804,16:25:00,222.0,0.5,111,213.0,0.6,128,25781,16448,27.0,49.0
Station_01,Inv_00,20170804,16:26:00,181.0,0.5,91,213.0,0.5,107,25781,16448,26.9,51.0
Station_01,Inv_00,20170804,16:27:00,187.4,0.5,94,213.0,0.5,107,25781,16448,26.9,48.0
Station_01,Inv_00,20170804,16:28:00,223.5,0.4,89,213.0,0.5,107,25781,16448,26.9,48.0
Station_01,Inv_00,20170804,16:29:00,226.0,0.4,90,210.0,0.6,126,25781,16448,26.8,48.0
Station_01,Inv_00,20170804,16:30:00,224.0,0.4,90,210.0,0.6,126,25781,16448,26.8,48.0
Station_01,Inv_00,20170804,16:31:00,220.0,0.4,88,210.0,0.5,105,25781,16448,26.8,49.0
Station_01,Inv_00,20170804,16:32:00,220.0,0.6,132,210.0,0.6,126,25781,16448,26.8,49.0
Station_01,Inv_00,20170804,16:33:00,218.0,0.5,109,210.0,0.6,126,25781,16448,26.8,50.0
Station_01,Inv_00,20170804,16:34:00,213.5,0.6,128,210.0,0.6,126,25781,16448,26.8,50.0
Station_01,Inv_00,20170804,16:35:00,213.0,0.5,107,210.0,0.6,126,25781,16448,26.8,49.0
Station_01,Inv_00,20170804,16:36:00,229.0,0.4,92,210.0,0.6,126,25781,16448,26.7,49.0
Station_01,Inv_00,20170804,16:37:00,225.5,0.4,90,210.0,0.5,105,25781,16448,26.7,47.0
Station_01,Inv_00,20170804,16:38:00,219.4,0.5,110,210.0,0.5,105,25781,16448,26.6,44.0
Station_01,Inv_00,20170804,16:39:00,221.0,0.4,88,210.0,0.5,105,25781,16448,26.6,45.0
Station_01,Inv_00,20170804,16:40:00,211.0,0.4,84,210.0,0.5,105,25781,16448,26.6,43.0
Station_01,Inv_00,20170804,16:41:00,213.0,0.5,107,211.0,0.5,106,25781,16448,26.6,43.0
Station_01,Inv_00,20170804,16:42:00,206.0,0.4,82,210.0,0.5,105,25781,16448,26.5,45.0
Station_01,Inv_00,20170804,16:43:00,213.0,0.4,85,210.0,0.5,105,25781,16448,26.5,46.0
Station_01,Inv_00,20170804,16:44:00,213.0,0.4,85,211.0,0.6,127,25781,16448,26.5,47.0
Station_01,Inv_00,20170804,16:45:00,207.4,0.5,104,211.0,0.5,106,25781,16448,26.5,47.0
Station_01,Inv_00,20170804,16:46:00,233.5,0.4,93,211.0,0.5,106,25781,16448,26.5,47.0
Station_01,Inv_00,20170804,16:47:00,230.0,0.4,92,211.0,0.6,127,25781,16448,26.5,47.0
Station_01,Inv_00,20170804,16:48:00,170.4,0.5,85,211.0,0.5,106,25781,16448,26.4,47.0
Station_01,Inv_00,20170804,16:49:00,186.4,0.5,93,211.0,0.5,106,25781,16448,26.4,46.0
Station_01,Inv_00,20170804,16:50:00,217.5,0.4,87,211.0,0.5,106,25781,16448,26.4,47.0
Station_01,Inv_00,20170804,16:51:00,168.0,0.4,67,211.0,0.5,106,25781,16448,26.3,46.0
Station_01,Inv_00,20170804,16:52:00,167.6,0.5,84,211.0,0.5,106,25781,16448,26.3,47.0
Station_01,Inv_00,20170804,16:53:00,224.4,0.5,112,212.0,0.6,127,25781,16448,26.2,46.0
Station_01,Inv_00,20170804,16:54:00,216.0,0.5,108,212.0,0.5,106,25781,16448,26.3,47.0
Station_01,Inv_00,20170804,16:55:00,219.0,0.5,110,212.0,0.6,127,25781,16448,26.3,47.0
Station_01,Inv_00,20170804,16:56:00,219.4,0.5,110,212.0,0.6,127,25781,16448,26.2,47.0
Station_01,Inv_00,20170804,16:57:00,217.4,0.5,109,212.0,0.6,127,25781,16448,26.2,48.0
Station_01,Inv_00,20170804,16:58:00,204.4,0.5,102,212.0,0.5,106,25781,16448,26.2,46.0
Station_01,Inv_00,20170804,16:59:00,219.4,0.5,110,213.0,0.5,107,25781,16448,26.2,46.0
Station_01,Inv_00,20170804,17:00:00,195.0,0.4,78,210.0,0.5,105,25781,16448,26.2,45.0
Station_01,Inv_00,20170804,17:01:00,187.0,0.5,94,210.0,0.5,105,25781,16448,26.1,45.0
Station_01,Inv_00,20170804,17:02:00,206.5,0.4,83,210.0,0.5,105,25781,16448,26.2,45.0
Station_01,Inv_00,20170804,17:03:00,225.0,0.4,90,210.0,0.5,105,25781,16448,26.2,45.0
Station_01,Inv_00,20170804,17:04:00,224.0,0.4,90,212.0,0.5,106,25781,16448,26.2,45.0
Station_01,Inv_00,20170804,17:05:00,223.0,0.5,112,211.0,0.5,106,25781,16448,26.2,45.0
Station_01,Inv_00,20170804,17:06:00,207.0,0.4,83,211.0,0.5,106,25781,16448,26.2,45.0
Station_01,Inv_00,20170804,17:07:00,222.8,0.4,89,211.0,0.5,106,25781,16448,26.1,45.0
Station_01,Inv_00,20170804,17:08:00,227.5,0.4,91,211.0,0.5,106,25781,16448,26.1,46.0
Station_01,Inv_00,20170804,17:09:00,227.5,0.4,91,211.0,0.6,127,25781,16448,26.1,46.0
Station_01,Inv_00,20170804,17:10:00,224.0,0.5,112,213.0,0.6,128,25781,16448,26.1,48.0
Station_01,Inv_00,20170804,17:11:00,224.6,0.5,112,212.0,0.6,127,25781,16448,26.1,49.0
Station_01,Inv_00,20170804,17:12:00,222.0,0.5,111,213.0,0.6,128,25781,16448,26.2,49.0
Station_01,Inv_00,20170804,17:13:00,228.0,0.4,91,213.0,0.6,128,25781,16448,26.1,49.0
Station_01,Inv_00,20170804,17:14:00,224.0,0.4,90,215.0,0.6,129,25781,16448,26.2,49.0
Station_01,Inv_00,20170804,17:15:00,230.4,0.5,115,215.0,0.6,129,25781,16448,26.2,49.0
Station_01,Inv_00,20170804,17:16:00,231.0,0.5,116,215.0,0.6,129,25781,16448,26.2,49.0
Station_01,Inv_00,20170804,17:17:00,225.0,0.5,113,218.0,0.6,131,25781,16448,26.2,49.0
Station_01,Inv_00,20170804,17:18:00,220.0,0.5,110,219.0,0.6,131,25781,16448,26.2,51.0
Station_01,Inv_00,20170804,17:19:00,220.6,0.5,110,219.0,0.6,131,25781,16448,26.2,51.0
Station_01,Inv_00,20170804,17:20:00,232.4,0.5,116,218.0,0.6,131,25781,16448,26.2,52.0
Station_01,Inv_00,20170804,17:21:00,204.0,0.6,122,219.0,0.6,131,25781,16448,26.2,52.0
Station_01,Inv_00,20170804,17:22:00,184.0,0.5,92,218.0,0.5,109,25781,16448,26.2,50.0
Station_01,Inv_00,20170804,17:23:00,201.2,0.5,101,218.0,0.5,109,25781,16448,26.2,49.0
Station_01,Inv_00,20170804,17:24:00,217.3,0.4,87,217.0,0.5,109,25781,16448,26.1,46.0
Station_01,Inv_00,20170804,17:25:00,220.5,0.4,88,217.0,0.5,109,25781,16448,26.1,44.0
Station_01,Inv_00,20170804,17:26:00,174.0,0.4,70,217.0,0.4,87,25781,16448,26.0,42.0
Station_01,Inv_00,20170804,17:27:00,202.7,0.3,61,217.0,0.5,109,25781,16448,26.0,41.0
Station_01,Inv_00,20170804,17:28:00,208.0,0.3,62,217.0,0.5,109,25781,16448,26.0,40.0
Station_01,Inv_00,20170804,17:29:00,173.0,0.3,52,217.0,0.5,109,25781,16448,26.0,41.0
Station_01,Inv_00,20170804,17:30:00,210.0,0.4,84,218.0,0.5,109,25781,16448,26.0,42.0
Station_01,Inv_00,20170804,17:31:00,228.5,0.4,91,218.0,0.5,109,25781,16448,26.0,44.0
Station_01,Inv_00,20170804,17:32:00,207.5,0.4,83,217.0,0.5,109,25781,16448,26.0,46.0
Station_01,Inv_00,20170804,17:33:00,227.0,0.4,91,216.0,0.5,108,25781,16448,26.0,47.0
Station_01,Inv_00,20170804,17:34:00,201.0,0.4,80,217.0,0.5,109,25781,16448,25.9,47.0
Station_01,Inv_00,20170804,17:35:00,229.0,0.4,92,217.0,0.5,109,25781,16448,25.9,46.0
Station_01,Inv_00,20170804,17:36:00,178.0,0.4,71,216.0,0.5,108,25781,16448,26.0,46.0
Station_01,Inv_00,20170804,17:37:00,229.3,0.4,92,217.0,0.5,109,25781,16448,26.0,45.0
Station_01,Inv_00,20170804,17:38:00,222.0,0.4,89,217.0,0.5,109,25781,16448,26.0,52.0
Station_01,Inv_00,20170804,17:39:00,207.0,0.4,83,217.0,0.5,109,25781,16448,26.2,44.0
Station_01,Inv_00,20170804,17:40:00,215.5,0.4,86,218.0,0.5,109,25781,16448,26.2,44.0
Station_01,Inv_00,20170804,17:41:00,225.0,0.4,90,217.0,0.5,109,25781,16448,26.3,44.0
Station_01,Inv_00,20170804,17:42:00,185.0,0.4,74,217.0,0.5,109,25781,16448,26.4,43.0
Station_01,Inv_00,20170804,17:43:00,212.8,0.4,85,217.0,0.5,109,25781,16448,26.4,43.0
Station_01,Inv_00,20170804,17:44:00,216.0,0.4,86,217.0,0.5,109,25781,16448,26.4,42.0
Station_01,Inv_00,20170804,17:45:00,198.5,0.4,79,217.0,0.5,109,25781,16448,26.5,41.0
Station_01,Inv_00,20170804,17:46:00,196.0,0.3,59,217.0,0.5,109,25781,16448,26.6,41.0
Station_01,Inv_00,20170804,17:47:00,202.7,0.3,61,217.0,0.5,109,25781,16448,26.6,41.0
Station_01,Inv_00,20170804,17:48:00,214.0,0.4,86,217.0,0.5,109,25781,16448,26.7,40.0
Station_01,Inv_00,20170804,17:49:00,219.0,0.3,66,217.0,0.5,109,25781,16448,26.8,40.0
Station_01,Inv_00,20170804,17:50:00,200.3,0.3,60,217.0,0.4,87,25781,16448,26.8,40.0
Station_01,Inv_00,20170804,17:51:00,189.0,0.3,57,218.0,0.5,109,25781,16448,26.9,39.0
Station_01,Inv_00,20170804,17:52:00,174.0,0.2,35,218.0,0.5,109,25781,16448,26.9,39.0
Station_01,Inv_00,20170804,17:53:00,183.0,0.3,55,218.0,0.4,87,25781,16448,26.9,39.0
Station_01,Inv_00,20170804,17:54:00,187.0,0.2,37,218.0,0.5,109,25781,16448,26.9,39.0
Station_01,Inv_00,20170804,17:55:00,176.7,0.3,53,218.0,0.5,109,25781,16448,27.0,39.0
Station_01,Inv_00,20170804,17:56:00,214.0,0.2,43,218.0,0.5,109,25781,16448,26.9,39.0
Station_01,Inv_00,20170804,17:57:00,215.0,0.3,65,219.0,0.5,110,25781,16448,26.9,39.0
Station_01,Inv_00,20170804,17:58:00,214.0,0.3,64,219.0,0.5,110,25781,16448,26.9,39.0
Station_01,Inv_00,20170804,17:59:00,194.0,0.3,58,218.0,0.5,109,25781,16448,26.9,40.0
Station_01,Inv_00,20170804,18:00:00,199.0,0.3,60,218.0,0.5,109,25781,16448,26.9,40.0
Station_01,Inv_00,20170804,18:01:00,215.3,0.3,65,217.0,0.5,109,25781,16448,26.9,39.0
Station_01,Inv_00,20170804,18:02:00,212.3,0.3,64,218.0,0.5,109,25781,16448,26.8,39.0
Station_01,Inv_00,20170804,18:03:00,197.0,0.3,59,218.0,0.5,109,25781,16448,26.8,40.0
Station_01,Inv_00,20170804,18:04:00,221.3,0.3,66,219.0,0.5,110,25781,16448,26.8,39.0
Station_01,Inv_00,20170804,18:05:00,219.7,0.3,66,219.0,0.5,110,25781,16448,26.8,39.0
Station_01,Inv_00,20170804,18:06:00,218.3,0.3,66,219.0,0.5,110,25781,16448,26.8,39.0
Station_01,Inv_00,20170804,18:07:00,186.0,0.3,56,219.0,0.4,88,25781,16448,26.9,39.0
Station_01,Inv_00,20170804,18:08:00,167.0,0.3,50,218.0,0.4,87,25781,16448,26.8,39.0
Station_01,Inv_00,20170804,18:09:00,178.3,0.3,54,218.0,0.4,87,25781,16448,26.9,39.0
Station_01,Inv_00,20170804,18:10:00,169.0,0.3,51,219.0,0.4,88,25781,16448,26.9,39.0
Station_01,Inv_00,20170804,18:11:00,152.5,0.2,31,219.0,0.4,88,25781,16448,26.9,39.0
Station_01,Inv_00,20170804,18:12:00,196.3,0.3,59,218.0,0.5,109,25781,16448,26.9,39.0
Station_01,Inv_00,20170804,18:13:00,202.0,0.3,61,219.0,0.4,88,25781,16448,26.9,39.0
Station_01,Inv_00,20170804,18:14:00,210.7,0.3,63,218.0,0.5,109,25781,16448,27.0,39.0
Station_01,Inv_00,20170804,18:15:00,219.7,0.3,66,217.0,0.5,109,25781,16448,27.0,38.0
Station_01,Inv_00,20170804,18:16:00,219.0,0.3,66,217.0,0.5,109,25781,16448,27.0,38.0
Station_01,Inv_00,20170804,18:17:00,182.0,0.3,55,217.0,0.4,87,25781,16448,27.0,38.0
Station_01,Inv_00,20170804,18:18:00,189.0,0.3,57,217.0,0.4,87,25781,16448,27.0,37.0
Station_01,Inv_00,20170804,18:19:00,183.0,0.3,55,218.0,0.4,87,25781,16448,27.0,37.0
Station_01,Inv_00,20170804,18:20:00,197.7,0.3,59,218.0,0.5,109,25781,16448,27.0,37.0
Station_01,Inv_00,20170804,18:21:00,171.7,0.3,52,217.0,0.4,87,25781,16448,27.0,37.0
Station_01,Inv_00,20170804,18:22:00,0.0,0.0,0,222.0,0.3,67,25781,16448,27.1,38.0
Station_01,Inv_00,20170804,18:23:00,225.3,0.3,68,219.0,0.5,110,25781,16448,27.1,37.0
Station_01,Inv_00,20170804,18:24:00,0.0,0.0,0,219.0,0.5,110,25781,16448,27.1,36.0
Station_01,Inv_00,20170804,18:25:00,261.0,0.2,52,0.0,0.0,0,25781,16448,27.1,37.0
Station_01,Inv_00,20170804,18:26:00,0.0,0.0,0,0.0,0.0,0,25781,16448,27.1,37.0
Station_01,Inv_00,20170804,18:27:00,224.0,0.2,45,217.0,0.5,109,25781,16448,27.1,35.0
Station_01,Inv_00,20170804,18:28:00,0.0,0.0,0,217.0,0.6,130,25781,16448,27.1,34.0
Station_01,Inv_00,20170804,18:29:00,255.5,0.2,51,0.0,0.0,0,25781,16448,27.0,33.0
Station_01,Inv_00,20170804,18:30:00,255.5,0.2,51,0.0,0.0,0,25781,16448,27.0,32.0
Station_01,Inv_00,20170804,18:31:00,218.0,0.2,44,217.0,0.5,109,25781,16448,26.9,31.0
Station_01,Inv_00,20170804,18:32:00,0.0,0.0,0,217.0,0.6,130,25781,16448,26.9,30.0
Station_01,Inv_00,20170804,18:33:00,0.0,0.0,0,0.0,0.0,0,25781,16448,26.9,29.0
Station_01,Inv_00,20170804,18:34:00,0.0,0.0,0,221.0,0.1,22,25781,16448,26.9,28.0
Station_01,Inv_00,20170804,18:35:00,0.0,0.0,0,216.0,0.5,108,25781,16448,26.8,28.0
Station_01,Inv_00,20170804,18:36:00,0.0,0.0,0,217.0,0.4,87,25781,16448,26.8,26.0
Station_01,Inv_00,20170804,18:37:00,0.0,0.0,0,221.0,0.2,44,25781,16448,26.7,25.0
Station_01,Inv_00,20170804,18:38:00,0.0,0.0,0,221.0,0.2,44,25781,16448,26.7,24.0
Station_01,Inv_00,20170804,18:39:00,0.0,0.0,0,221.0,0.2,44,25781,16448,26.7,23.0
Station_01,Inv_00,20170804,18:40:00,0.0,0.0,0,221.0,0.2,44,25781,16448,26.6,22.0
Station_01,Inv_00,20170804,18:41:00,0.0,0.0,0,221.0,0.2,44,25781,16448,26.5,22.0
Station_01,Inv_00,20170804,18:42:00,0.0,0.0,0,221.0,0.2,44,25781,16448,26.5,22.0
Station_01,Inv_00,20170804,18:43:00,0.0,0.0,0,221.0,0.2,44,25781,16448,26.4,21.0
Station_01,Inv_00,20170804,18:44:00,0.0,0.0,0,221.0,0.2,44,25781,16448,26.4,21.0
Station_01,Inv_00,20170804,18:45:00,0.0,0.0,0,221.0,0.2,44,25781,16448,26.5,30.0
Station_01,Inv_00,20170804,18:46:00,0.0,0.0,0,221.0,0.2,44,25781,16448,26.4,20.0
Station_01,Inv_00,20170804,18:47:00,0.0,0.0,0,221.0,0.2,44,25781,16448,26.3,20.0
Station_01,Inv_00,20170804,18:48:00,0.0,0.0,0,221.0,0.2,44,25781,16448,26.3,20.0
Station_01,Inv_00,20170804,18:49:00,0.0,0.0,0,221.0,0.2,44,25781,16448,26.3,20.0
Station_01,Inv_00,20170804,18:50:00,0.0,0.0,0,221.0,0.2,44,25781,16448,26.3,20.0
Station_01,Inv_00,20170804,18:51:00,0.0,0.0,0,221.0,0.2,44,25781,16448,26.3,20.0
Station_01,Inv_00,20170804,18:52:00,0.0,0.0,0,221.0,0.2,44,25781,16448,26.3,20.0
Station_01,Inv_00,20170804,18:53:00,0.0,0.0,0,221.0,0.2,44,25781,16448,26.3,20.0
Station_01,Inv_00,20170804,18:54:00,0.0,0.0,0,221.0,0.2,44,25781,16448,26.4,20.0
Station_01,Inv_00,20170804,18:55:00,0.0,0.0,0,221.0,0.2,44,25781,16448,26.3,20.0
Station_01,Inv_00,20170804,18:56:00,0.0,0.0,0,221.0,0.2,44,25781,16448,26.3,20.0
Station_01,Inv_00,20170804,18:57:00,0.0,0.0,0,221.0,0.2,44,25781,16448,26.3,20.0
Station_01,Inv_00,20170804,18:58:00,0.0,0.0,0,221.0,0.2,44,25781,16448,26.3,20.0
Station_01,Inv_00,20170804,18:59:00,0.0,0.0,0,221.0,0.2,44,25781,16448,26.3,20.0
Station_01,Inv_00,20170804,19:00:00,0.0,0.0,0,221.0,0.2,44,25781,16448,26.4,20.0
Station_01,Inv_00,20170804,19:01:00,0.0,0.0,0,221.0,0.2,44,25781,16448,26.3,20.0
Station_01,Inv_00,20170804,19:02:00,0.0,0.0,0,221.0,0.2,44,25781,16448,26.4,20.0
Station_01,Inv_00,20170804,19:03:00,0.0,0.0,0,221.0,0.2,44,25781,16448,26.4,20.0
Station_01,Inv_00,20170804,19:04:00,0.0,0.0,0,221.0,0.2,44,25781,16448,26.4,20.0
Station_01,Inv_00,20170804,19:05:00,0.0,0.0,0,221.0,0.2,44,25781,16448,26.4,20.0
Station_01,Inv_00,20170804,19:06:00,0.0,0.0,0,221.0,0.2,44,25781,16448,26.4,20.0
Station_01,Inv_00,20170804,19:07:00,0.0,0.0,0,221.0,0.2,44,25781,16448,26.4,20.0
Station_01,Inv_00,20170804,19:08:00,0.0,0.0,0,221.0,0.2,44,25781,16448,26.4,19.0
Station_01,Inv_00,20170804,19:09:00,0.0,0.0,0,221.0,0.2,44,25781,16448,26.4,19.0
Station_01,Inv_00,20170804,19:10:00,0.0,0.0,0,221.0,0.2,44,25781,16448,26.4,19.0
Station_01,Inv_00,20170804,19:11:00,0.0,0.0,0,221.0,0.2,44,25781,16448,26.4,20.0
Station_01,Inv_00,20170804,19:12:00,0.0,0.0,0,221.0,0.2,44,25781,16448,26.4,19.0
Station_01,Inv_00,20170804,19:13:00,0.0,0.0,0,221.0,0.2,44,25781,16448,26.4,20.0
Station_01,Inv_00,20170804,19:14:00,0.0,0.0,0,221.0,0.2,44,25781,16448,26.4,20.0
Station_01,Inv_00,20170804,19:15:00,0.0,0.0,0,221.0,0.2,44,25781,16448,26.4,19.0
Station_01,Inv_00,20170804,19:16:00,0.0,0.0,0,221.0,0.2,44,25781,16448,26.5,20.0
Station_01,Inv_00,20170804,19:17:00,0.0,0.0,0,221.0,0.2,44,25781,16448,26.5,19.0
Station_01,Inv_00,20170804,19:18:00,0.0,0.0,0,221.0,0.2,44,25781,16448,26.5,20.0
Station_01,Inv_00,20170804,19:19:00,0.0,0.0,0,221.0,0.2,44,25781,16448,26.5,20.0
Station_01,Inv_00,20170804,19:20:00,0.0,0.0,0,221.0,0.2,44,25781,16448,26.6,20.0
Station_01,Inv_00,20170804,19:21:00,0.0,0.0,0,221.0,0.2,44,25781,16448,26.6,19.0
Station_01,Inv_00,20170804,19:22:00,0.0,0.0,0,221.0,0.2,44,25781,16448,26.6,20.0
Station_01,Inv_00,20170804,19:23:00,0.0,0.0,0,221.0,0.2,44,25781,16448,26.7,19.0
Station_01,Inv_00,20170804,19:24:00,0.0,0.0,0,221.0,0.2,44,25781,16448,26.7,19.0
Station_01,Inv_00,20170804,19:25:00,0.0,0.0,0,221.0,0.2,44,25781,16448,26.7,19.0
Station_01,Inv_00,20170804,19:26:00,0.0,0.0,0,221.0,0.2,44,25781,16448,26.8,19.0
Station_01,Inv_00,20170804,19:27:00,0.0,0.0,0,221.0,0.2,44,25781,16448,26.8,20.0
Station_01,Inv_00,20170804,19:28:00,0.0,0.0,0,221.0,0.2,44,25781,16448,26.9,20.0
Station_01,Inv_00,20170804,19:29:00,0.0,0.0,0,221.0,0.2,44,25781,16448,26.9,19.0
Station_01,Inv_00,20170804,19:30:00,0.0,0.0,0,221.0,0.2,44,25781,16448,26.9,19.0
Station_01,Inv_00,20170804,19:31:00,0.0,0.0,0,221.0,0.2,44,25781,16448,26.9,20.0
Station_01,Inv_00,20170804,19:32:00,0.0,0.0,0,221.0,0.2,44,25781,16448,27.0,20.0
Station_01,Inv_00,20170804,19:33:00,0.0,0.0,0,221.0,0.2,44,25781,16448,27.0,20.0
Station_01,Inv_00,20170804,19:34:00,0.0,0.0,0,221.0,0.2,44,25781,16448,27.0,20.0
Station_01,Inv_00,20170804,19:35:00,0.0,0.0,0,221.0,0.2,44,25781,16448,27.1,19.0
Station_01,Inv_00,20170804,19:36:00,0.0,0.0,0,221.0,0.2,44,25781,16448,27.0,19.0
Station_01,Inv_00,20170804,19:37:00,0.0,0.0,0,221.0,0.2,44,25781,16448,27.1,19.0
Station_01,Inv_00,20170804,19:38:00,0.0,0.0,0,221.0,0.2,44,25781,16448,27.1,19.0
Station_01,Inv_00,20170804,19:39:00,0.0,0.0,0,221.0,0.2,44,25781,16448,27.1,19.0
Station_01,Inv_00,20170804,19:40:00,0.0,0.0,0,221.0,0.2,44,25781,16448,27.2,19.0
Station_01,Inv_00,20170804,19:41:00,0.0,0.0,0,221.0,0.2,44,25781,16448,27.2,19.0
Station_01,Inv_00,20170804,19:42:00,0.0,0.0,0,221.0,0.2,44,25781,16448,27.2,19.0
Station_01,Inv_00,20170804,19:43:00,0.0,0.0,0,221.0,0.2,44,25781,16448,27.1,19.0
Station_01,Inv_00,20170804,19:44:00,0.0,0.0,0,221.0,0.2,44,25781,16448,27.2,19.0
Station_01,Inv_00,20170804,19:45:00,0.0,0.0,0,221.0,0.2,44,25781,16448,27.2,19.0
Station_01,Inv_00,20170804,19:46:00,0.0,0.0,0,221.0,0.2,44,25781,16448,27.2,19.0
Station_01,Inv_00,20170804,19:47:00,0.0,0.0,0,221.0,0.2,44,25781,16448,27.1,19.0
Station_01,Inv_00,20170804,19:48:00,0.0,0.0,0,221.0,0.2,44,25781,16448,27.2,19.0
Station_01,Inv_00,20170804,19:49:00,0.0,0.0,0,221.0,0.2,44,25781,16448,27.2,19.0
Station_01,Inv_00,20170804,19:50:00,0.0,0.0,0,221.0,0.2,44,25781,16448,27.2,19.0
Station_01,Inv_00,20170804,19:51:00,0.0,0.0,0,221.0,0.2,44,25781,16448,27.2,19.0
Station_01,Inv_00,20170804,19:52:00,0.0,0.0,0,221.0,0.2,44,25781,16448,27.2,19.0
Station_01,Inv_00,20170804,19:53:00,0.0,0.0,0,221.0,0.2,44,25781,16448,27.2,19.0
Station_01,Inv_00,20170804,19:54:00,0.0,0.0,0,221.0,0.2,44,25781,16448,27.2,19.0
Station_01,Inv_00,20170804,19:55:00,0.0,0.0,0,221.0,0.2,44,25781,16448,27.2,19.0
Station_01,Inv_00,20170804,19:56:00,0.0,0.0,0,221.0,0.2,44,25781,16448,27.3,19.0
Station_01,Inv_00,20170804,19:57:00,0.0,0.0,0,221.0,0.2,44,25781,16448,27.3,19.0
Station_01,Inv_00,20170804,19:58:00,0.0,0.0,0,221.0,0.2,44,25781,16448,27.3,19.0
Station_01,Inv_00,20170804,19:59:00,0.0,0.0,0,221.0,0.2,44,25781,16448,27.3,19.0
Station_01,Inv_00,20170804,20:00:00,0.0,0.0,0,221.0,0.2,44,25781,16448,27.3,19.0
