Station_01,Inv_00,20170716,05:00:00,0.0,0.0,0,220.0,0.2,44,25487,16261,26.3,19.0
Station_01,Inv_00,20170716,05:01:00,0.0,0.0,0,220.0,0.2,44,25487,16261,26.3,19.0
Station_01,Inv_00,20170716,05:02:00,0.0,0.0,0,220.0,0.2,44,25487,16261,26.2,25.0
Station_01,Inv_00,20170716,05:03:00,0.0,0.0,0,220.0,0.2,44,25487,16261,26.3,20.0
Station_01,Inv_00,20170716,05:04:00,0.0,0.0,0,220.0,0.2,44,25487,16261,26.3,19.0
Station_01,Inv_00,20170716,05:05:00,0.0,0.0,0,220.0,0.2,44,25487,16261,26.2,19.0
Station_01,Inv_00,20170716,05:06:00,0.0,0.0,0,220.0,0.2,44,25487,16261,26.2,19.0
Station_01,Inv_00,20170716,05:07:00,0.0,0.0,0,220.0,0.2,44,25487,16261,26.2,21.0
Station_01,Inv_00,20170716,05:08:00,0.0,0.0,0,220.0,0.2,44,25487,16261,26.2,19.0
Station_01,Inv_00,20170716,05:09:00,0.0,0.0,0,220.0,0.2,44,25487,16261,26.1,20.0
Station_01,Inv_00,20170716,05:10:00,0.0,0.0,0,220.0,0.2,44,25487,16261,26.2,21.0
Station_01,Inv_00,20170716,05:11:00,0.0,0.0,0,220.0,0.2,44,25487,16261,26.1,21.0
Station_01,Inv_00,20170716,05:12:00,0.0,0.0,0,220.0,0.2,44,25487,16261,26.1,19.0
Station_01,Inv_00,20170716,05:13:00,0.0,0.0,0,220.0,0.2,44,25487,16261,26.1,20.0
Station_01,Inv_00,20170716,05:14:00,0.0,0.0,0,220.0,0.2,44,25487,16261,26.1,19.0
Station_01,Inv_00,20170716,05:15:00,0.0,0.0,0,220.0,0.2,44,25487,16261,26.1,19.0
Station_01,Inv_00,20170716,05:16:00,0.0,0.0,0,220.0,0.2,44,25487,16261,26.2,20.0
Station_01,Inv_00,20170716,05:17:00,0.0,0.0,0,220.0,0.2,44,25487,16261,26.2,20.0
Station_01,Inv_00,20170716,05:18:00,0.0,0.0,0,220.0,0.2,44,25487,16261,26.2,20.0
Station_01,Inv_00,20170716,05:19:00,0.0,0.0,0,220.0,0.2,44,25487,16261,26.3,20.0
Station_01,Inv_00,20170716,05:20:00,0.0,0.0,0,220.0,0.2,44,25487,16261,26.3,20.0
Station_01,Inv_00,20170716,05:21:00,0.0,0.0,0,220.0,0.2,44,25487,16261,26.3,20.0
Station_01,Inv_00,20170716,05:22:00,0.0,0.0,0,220.0,0.2,44,25487,16261,26.4,21.0
Station_01,Inv_00,20170716,05:23:00,0.0,0.0,0,220.0,0.2,44,25487,16261,26.4,20.0
Station_01,Inv_00,20170716,05:24:00,0.0,0.0,0,220.0,0.2,44,25487,16261,26.4,21.0
Station_01,Inv_00,20170716,05:25:00,0.0,0.0,0,220.0,0.2,44,25487,16261,26.4,21.0
Station_01,Inv_00,20170716,05:26:00,0.0,0.0,0,220.0,0.2,44,25487,16261,26.4,21.0
Station_01,Inv_00,20170716,05:27:00,0.0,0.0,0,220.0,0.2,44,25487,16261,26.4,21.0
Station_01,Inv_00,20170716,05:28:00,0.0,0.0,0,220.0,0.2,44,25487,16261,26.4,22.0
Station_01,Inv_00,20170716,05:29:00,0.0,0.0,0,220.0,0.2,44,25487,16261,26.4,22.0
Station_01,Inv_00,20170716,05:30:00,0.0,0.0,0,220.0,0.2,44,25487,16261,26.4,22.0
Station_01,Inv_00,20170716,05:31:00,0.0,0.0,0,220.0,0.2,44,25487,16261,26.4,22.0
Station_01,Inv_00,20170716,05:32:00,0.0,0.0,0,220.0,0.2,44,25487,16261,26.4,22.0
Station_01,Inv_00,20170716,05:33:00,0.0,0.0,0,220.0,0.2,44,25487,16261,26.4,23.0
Station_01,Inv_00,20170716,05:34:00,0.0,0.0,0,220.0,0.2,44,25487,16261,26.4,24.0
Station_01,Inv_00,20170716,05:35:00,0.0,0.0,0,220.0,0.2,44,25487,16261,26.4,25.0
Station_01,Inv_00,20170716,05:36:00,0.0,0.0,0,221.0,0.5,111,25487,16261,26.4,27.0
Station_01,Inv_00,20170716,05:37:00,0.0,0.0,0,221.0,0.5,111,25487,16261,26.4,27.0
Station_01,Inv_00,20170716,05:38:00,0.0,0.0,0,221.0,0.5,111,25487,16261,26.4,27.0
Station_01,Inv_00,20170716,05:39:00,0.0,0.0,0,221.0,0.5,111,25487,16261,26.4,488.0
Station_01,Inv_00,20170716,05:40:00,0.0,0.0,0,221.0,0.5,111,25487,16261,26.4,28.0
Station_01,Inv_00,20170716,05:41:00,227.0,0.2,45,218.0,0.5,109,25487,16261,26.5,28.0
Station_01,Inv_00,20170716,05:42:00,204.0,0.2,41,217.0,0.4,87,25487,16261,26.5,29.0
Station_01,Inv_00,20170716,05:43:00,205.5,0.2,41,216.0,0.4,86,25487,16261,26.5,490.0
Station_01,Inv_00,20170716,05:44:00,196.0,0.2,39,216.0,0.4,86,25487,16261,26.5,29.0
Station_01,Inv_00,20170716,05:45:00,196.5,0.2,39,218.0,0.4,87,25487,16261,26.5,30.0
Station_01,Inv_00,20170716,05:46:00,192.5,0.2,39,218.0,0.4,87,25487,16261,26.5,30.0
Station_01,Inv_00,20170716,05:47:00,188.0,0.2,38,218.0,0.4,87,25487,16261,26.6,31.0
Station_01,Inv_00,20170716,05:48:00,214.0,0.2,43,218.0,0.4,87,25487,16261,26.6,31.0
Station_01,Inv_00,20170716,05:49:00,217.0,0.2,43,218.0,0.4,87,25487,16261,26.7,31.0
Station_01,Inv_00,20170716,05:50:00,226.5,0.2,45,218.0,0.4,87,25487,16261,26.7,32.0
Station_01,Inv_00,20170716,05:51:00,221.5,0.2,44,218.0,0.4,87,25487,16261,26.7,33.0
Station_01,Inv_00,20170716,05:52:00,179.0,0.2,36,218.0,0.4,87,25487,16261,26.8,35.0
Station_01,Inv_00,20170716,05:53:00,212.5,0.2,43,218.0,0.4,87,25487,16261,26.9,36.0
Station_01,Inv_00,20170716,05:54:00,219.7,0.3,66,218.0,0.4,87,25487,16261,26.9,37.0
Station_01,Inv_00,20170716,05:55:00,219.0,0.3,66,218.0,0.5,109,25487,16261,27.0,38.0
Station_01,Inv_00,20170716,05:56:00,223.0,0.3,67,218.0,0.5,109,25487,16261,27.0,39.0
Station_01,Inv_00,20170716,05:57:00,231.3,0.3,69,218.0,0.5,109,25487,16261,27.0,39.0
Station_01,Inv_00,20170716,05:58:00,185.0,0.3,56,218.0,0.4,87,25487,16261,27.1,39.0
Station_01,Inv_00,20170716,05:59:00,214.3,0.3,64,218.0,0.5,109,25487,16261,27.1,39.0
Station_01,Inv_00,20170716,06:00:00,204.3,0.3,61,218.0,0.5,109,25487,16261,27.1,39.0
Station_01,Inv_00,20170716,06:01:00,211.0,0.3,63,218.0,0.4,87,25487,16261,27.2,39.0
Station_01,Inv_00,20170716,06:02:00,214.0,0.3,64,217.0,0.5,109,25487,16261,27.2,40.0
Station_01,Inv_00,20170716,06:03:00,226.3,0.3,68,218.0,0.5,109,25487,16261,27.3,42.0
Station_01,Inv_00,20170716,06:04:00,227.3,0.3,68,216.0,0.5,108,25487,16261,27.4,45.0
Station_01,Inv_00,20170716,06:05:00,223.0,0.4,89,216.0,0.5,108,25487,16261,27.5,49.0
Station_01,Inv_00,20170716,06:06:00,228.0,0.5,114,217.0,0.5,109,25487,16261,27.7,52.0
Station_01,Inv_00,20170716,06:07:00,223.4,0.5,112,217.0,0.6,130,25487,16261,27.8,54.0
Station_01,Inv_00,20170716,06:08:00,214.4,0.5,107,216.0,0.6,130,25487,16261,27.9,56.0
Station_01,Inv_00,20170716,06:09:00,234.4,0.5,117,216.0,0.7,151,25487,16261,28.0,58.0
Station_01,Inv_00,20170716,06:10:00,223.5,0.6,134,217.0,0.6,130,25487,16261,28.1,60.0
Station_01,Inv_00,20170716,06:11:00,226.4,0.5,113,216.0,0.7,151,25487,16261,28.1,62.0
Station_01,Inv_00,20170716,06:12:00,222.0,0.7,155,217.0,0.7,152,25487,16261,28.2,63.0
Station_01,Inv_00,20170716,06:13:00,217.7,0.7,152,216.0,0.8,173,25487,16261,28.3,67.0
Station_01,Inv_00,20170716,06:14:00,236.0,0.7,165,216.0,0.9,194,25487,16261,28.4,76.0
Station_01,Inv_00,20170716,06:15:00,240.5,0.8,192,218.0,1.0,218,25487,16261,28.6,83.0
Station_01,Inv_00,20170716,06:16:00,230.2,0.9,207,218.0,1.0,218,25487,16261,28.8,89.0
Station_01,Inv_00,20170716,06:17:00,235.2,0.9,212,216.0,1.1,238,25487,16261,29.0,92.0
Station_01,Inv_00,20170716,06:18:00,233.5,1.0,234,216.0,1.1,238,25487,16261,29.1,91.0
Station_01,Inv_00,20170716,06:19:00,232.4,0.9,209,217.0,1.0,217,25487,16261,29.3,89.0
Station_01,Inv_00,20170716,06:20:00,237.4,0.9,214,216.0,1.0,216,25487,16261,29.3,82.0
Station_01,Inv_00,20170716,06:21:00,236.9,0.9,213,216.0,1.1,238,25487,16261,29.4,90.0
Station_01,Inv_00,20170716,06:22:00,235.4,0.9,212,216.0,1.0,216,25487,16261,29.5,89.0
Station_01,Inv_00,20170716,06:23:00,231.3,0.9,208,216.0,1.0,216,25487,16261,29.5,88.0
Station_01,Inv_00,20170716,06:24:00,237.3,0.9,214,216.0,1.0,216,25487,16261,29.6,84.0
Station_01,Inv_00,20170716,06:25:00,230.0,0.9,207,217.0,1.0,217,25487,16261,29.6,80.0
Station_01,Inv_00,20170716,06:26:00,233.0,0.8,186,218.0,1.0,218,25487,16261,29.6,77.0
Station_01,Inv_00,20170716,06:27:00,231.0,0.8,185,217.0,1.0,217,25487,16261,29.6,76.0
Station_01,Inv_00,20170716,06:28:00,233.8,0.9,210,217.0,1.0,217,25487,16261,29.7,77.0
Station_01,Inv_00,20170716,06:29:00,231.2,0.9,208,216.0,1.0,216,25487,16261,29.6,80.0
Station_01,Inv_00,20170716,06:30:00,235.8,0.9,212,217.0,1.1,239,25487,16261,29.8,84.0
Station_01,Inv_00,20170716,06:31:00,235.0,1.1,259,216.0,1.2,259,25487,16261,29.9,88.0
Station_01,Inv_00,20170716,06:32:00,230.4,1.1,253,216.0,1.2,259,25487,16261,30.0,90.0
Station_01,Inv_00,20170716,06:33:00,234.5,1.1,258,216.0,1.2,259,25487,16261,30.0,90.0
Station_01,Inv_00,20170716,06:34:00,241.0,1.0,241,216.0,1.2,259,25487,16261,30.1,89.0
Station_01,Inv_00,20170716,06:35:00,235.0,1.0,235,216.0,1.1,238,25487,16261,30.2,88.0
Station_01,Inv_00,20170716,06:36:00,235.3,1.1,259,218.0,1.2,262,25487,16261,30.2,88.0
Station_01,Inv_00,20170716,06:37:00,237.3,1.1,261,217.0,1.2,260,25487,16261,30.2,91.0
Station_01,Inv_00,20170716,06:38:00,235.5,1.2,283,216.0,1.4,302,25487,16261,30.3,100.0
Station_01,Inv_00,20170716,06:39:00,240.5,1.5,361,216.0,1.5,324,25487,16261,30.4,118.0
Station_01,Inv_00,20170716,06:40:00,243.5,1.7,414,216.0,1.8,389,25487,16261,30.6,136.0
Station_01,Inv_00,20170716,06:41:00,230.5,1.9,438,216.0,2.0,432,25487,16261,31.0,153.0
Station_01,Inv_00,20170716,06:42:00,234.0,2.0,468,217.0,2.0,434,25487,16261,31.3,159.0
Station_01,Inv_00,20170716,06:43:00,230.4,1.9,438,216.0,1.9,410,25487,16261,31.3,149.0
Station_01,Inv_00,20170716,06:44:00,242.9,1.7,413,216.0,1.8,389,25487,16261,31.5,130.0
Station_01,Inv_00,20170716,06:45:00,234.0,1.6,374,216.0,1.6,346,25487,16261,31.3,123.0
Station_01,Inv_00,20170716,06:46:00,236.0,1.6,378,216.0,1.6,346,25487,16261,31.5,120.0
Station_01,Inv_00,20170716,06:47:00,238.0,1.6,381,216.0,1.7,367,25487,16261,31.4,121.0
Station_01,Inv_00,20170716,06:48:00,233.4,1.7,397,217.0,1.7,369,25487,16261,31.3,125.0
Station_01,Inv_00,20170716,06:49:00,239.9,1.7,408,216.0,1.8,389,25487,16261,31.3,128.0
Station_01,Inv_00,20170716,06:50:00,241.0,1.8,434,216.0,1.9,410,25487,16261,31.5,132.0
Station_01,Inv_00,20170716,06:51:00,242.5,1.9,461,216.0,2.0,432,25487,16261,31.6,139.0
Station_01,Inv_00,20170716,06:52:00,210.0,2.2,462,216.0,2.0,432,25487,16261,31.7,154.0
Station_01,Inv_00,20170716,06:53:00,169.3,2.3,389,218.0,1.8,392,25487,16261,32.0,172.0
Station_01,Inv_00,20170716,06:54:00,224.0,2.6,582,217.0,2.5,543,25487,16261,32.0,181.0
Station_01,Inv_00,20170716,06:55:00,243.0,2.5,607,218.0,2.6,567,25487,16261,32.3,184.0
Station_01,Inv_00,20170716,06:56:00,231.0,2.6,601,218.0,2.5,545,25487,16261,32.6,192.0
Station_01,Inv_00,20170716,06:57:00,246.0,2.7,664,218.0,2.8,610,25487,16261,32.7,204.0
Station_01,Inv_00,20170716,06:58:00,232.4,2.9,674,218.0,2.9,632,25487,16261,33.3,218.0
Station_01,Inv_00,20170716,06:59:00,231.0,3.0,693,217.0,3.0,651,25487,16261,33.3,224.0
Station_01,Inv_00,20170716,07:00:00,244.0,3.1,756,216.0,3.2,691,25487,16261,33.7,231.0
Station_01,Inv_00,20170716,07:01:00,225.5,3.4,767,215.0,3.3,710,25487,16261,34.3,242.0
Station_01,Inv_00,20170716,07:02:00,245.0,3.6,882,216.0,3.9,842,25487,16261,34.7,263.0
Station_01,Inv_00,20170716,07:03:00,237.0,3.6,853,216.0,3.8,821,25487,16261,34.9,268.0
Station_01,Inv_00,20170716,07:04:00,250.0,3.5,875,216.0,3.9,842,25487,16261,35.3,270.0
Station_01,Inv_00,20170716,07:05:00,246.5,3.6,887,216.0,4.0,864,25487,16261,35.9,276.0
Station_01,Inv_00,20170716,07:06:00,250.4,3.5,877,216.0,3.9,842,25487,16261,36.2,275.0
Station_01,Inv_00,20170716,07:07:00,241.5,3.7,894,216.0,3.9,842,25487,16261,36.3,273.0
Station_01,Inv_00,20170716,07:08:00,244.5,3.6,880,216.0,3.8,821,25487,16261,36.3,268.0
Station_01,Inv_00,20170716,07:09:00,247.5,3.4,842,216.0,3.6,778,25487,16261,36.5,259.0
Station_01,Inv_00,20170716,07:10:00,247.0,3.6,889,217.0,3.8,825,25487,16261,36.3,267.0
Station_01,Inv_00,20170716,07:11:00,241.5,3.7,893,216.0,3.9,842,25487,16261,36.7,274.0
Station_01,Inv_00,20170716,07:12:00,245.5,3.6,884,216.0,3.9,842,25487,16261,36.6,272.0
Station_01,Inv_00,20170716,07:13:00,244.5,3.7,905,215.0,4.0,860,25487,16261,36.8,276.0
Station_01,Inv_00,20170716,07:14:00,204.0,3.8,775,217.0,3.6,781,25487,16261,36.7,282.0
Station_01,Inv_00,20170716,07:15:00,235.4,4.1,965,216.0,4.1,886,25487,16261,37.1,293.0
Station_01,Inv_00,20170716,07:16:00,246.5,4.0,986,218.0,4.2,916,25487,16261,37.6,302.0
Station_01,Inv_00,20170716,07:17:00,241.0,4.2,1012,218.0,4.4,959,25487,16261,37.9,310.0
Station_01,Inv_00,20170716,07:18:00,241.0,4.4,1060,218.0,4.5,981,25487,16261,38.4,316.0
Station_01,Inv_00,20170716,07:19:00,244.5,4.6,1125,217.0,4.7,1020,25487,16261,38.8,325.0
Station_01,Inv_00,20170716,07:20:00,242.0,4.6,1113,218.0,4.6,1003,25487,16261,39.2,327.0
Station_01,Inv_00,20170716,07:21:00,208.8,4.5,940,217.0,4.1,890,25487,16261,39.2,320.0
Station_01,Inv_00,20170716,07:22:00,234.0,3.7,866,219.0,3.9,854,25487,16261,39.1,259.0
Station_01,Inv_00,20170716,07:23:00,203.0,3.7,751,219.0,3.4,745,25487,16261,39.1,253.0
Station_01,Inv_00,20170716,07:24:00,222.5,4.2,935,218.0,4.0,872,25487,16261,39.1,287.0
Station_01,Inv_00,20170716,07:25:00,246.0,4.3,1058,218.0,4.4,959,25487,16261,39.2,312.0
Station_01,Inv_00,20170716,07:26:00,236.5,3.7,875,218.0,3.8,828,25487,16261,39.4,281.0
Station_01,Inv_00,20170716,07:27:00,227.0,3.2,726,218.0,3.1,676,25487,16261,39.2,221.0
Station_01,Inv_00,20170716,07:28:00,225.0,3.2,720,217.0,3.1,673,25487,16261,39.3,213.0
Station_01,Inv_00,20170716,07:29:00,240.0,3.3,792,217.0,3.4,738,25487,16261,39.0,221.0
Station_01,Inv_00,20170716,07:30:00,240.0,3.6,864,219.0,3.6,788,25487,16261,38.3,237.0
Station_01,Inv_00,20170716,07:31:00,241.4,4.5,1087,219.0,4.6,1007,25487,16261,39.2,312.0
Station_01,Inv_00,20170716,07:32:00,236.0,5.2,1227,218.0,5.3,1155,25487,16261,39.7,361.0
Station_01,Inv_00,20170716,07:33:00,241.5,5.5,1328,218.0,5.6,1221,25487,16261,40.0,384.0
Station_01,Inv_00,20170716,07:34:00,232.5,5.5,1279,218.0,5.6,1221,25487,16261,41.1,388.0
Station_01,Inv_00,20170716,07:35:00,233.0,5.4,1258,218.0,5.4,1177,25487,16261,41.5,380.0
Station_01,Inv_00,20170716,07:36:00,232.0,5.2,1206,218.0,5.2,1134,25487,16261,41.4,371.0
Station_01,Inv_00,20170716,07:37:00,240.0,4.7,1128,218.0,4.7,1025,25487,16261,41.6,336.0
Station_01,Inv_00,20170716,07:38:00,230.5,4.7,1083,218.0,4.6,1003,25487,16261,41.9,339.0
Station_01,Inv_00,20170716,07:39:00,229.0,4.5,1030,218.0,4.5,981,25487,16261,41.9,331.0
Station_01,Inv_00,20170716,07:40:00,225.5,3.7,834,218.0,3.7,807,25487,16261,41.1,272.0
Station_01,Inv_00,20170716,07:41:00,224.9,3.4,765,218.0,3.4,741,25487,16261,40.5,235.0
Station_01,Inv_00,20170716,07:42:00,220.0,3.5,770,218.0,3.4,741,25487,16261,40.0,237.0
Station_01,Inv_00,20170716,07:43:00,240.0,3.7,888,218.0,3.9,850,25487,16261,40.2,254.0
Station_01,Inv_00,20170716,07:44:00,229.5,4.7,1079,218.0,4.6,1003,25487,16261,40.7,315.0
Station_01,Inv_00,20170716,07:45:00,232.5,5.5,1279,218.0,5.5,1199,25488,16261,41.3,363.0
Station_01,Inv_00,20170716,07:46:00,241.5,6.2,1497,219.0,6.3,1380,25488,16261,41.2,424.0
Station_01,Inv_00,20170716,07:47:00,238.5,6.3,1502,218.0,6.4,1395,25488,16261,42.2,431.0
Station_01,Inv_00,20170716,07:48:00,234.5,5.1,1196,218.0,5.1,1112,25488,16261,42.1,340.0
Station_01,Inv_00,20170716,07:49:00,231.0,5.3,1224,217.0,5.3,1150,25488,16261,41.6,347.0
Station_01,Inv_00,20170716,07:50:00,238.9,6.2,1481,218.0,6.2,1352,25488,16261,42.2,410.0
Station_01,Inv_00,20170716,07:51:00,243.5,5.7,1388,219.0,5.9,1292,25488,16261,42.0,382.0
Station_01,Inv_00,20170716,07:52:00,233.5,6.7,1564,219.0,6.7,1467,25488,16261,42.8,458.0
Station_01,Inv_00,20170716,07:53:00,236.0,6.5,1534,219.0,6.5,1424,25488,16261,42.4,449.0
Station_01,Inv_00,20170716,07:54:00,239.5,6.2,1485,219.0,6.5,1424,25488,16261,42.3,440.0
Station_01,Inv_00,20170716,07:55:00,234.0,6.5,1521,219.0,6.4,1402,25488,16261,42.4,440.0
Station_01,Inv_00,20170716,07:56:00,236.0,6.4,1510,219.0,6.6,1445,25488,16261,42.4,443.0
Station_01,Inv_00,20170716,07:57:00,237.0,6.5,1540,219.0,6.7,1467,25488,16261,42.6,448.0
Station_01,Inv_00,20170716,07:58:00,235.5,6.5,1531,219.0,6.7,1467,25488,16261,42.5,451.0
Station_01,Inv_00,20170716,07:59:00,229.5,6.8,1561,219.0,6.7,1467,25488,16261,42.1,459.0
Station_01,Inv_00,20170716,08:00:00,237.0,6.7,1588,218.0,6.9,1504,25488,16261,42.5,464.0
Station_01,Inv_00,20170716,08:01:00,235.0,6.8,1598,217.0,6.9,1497,25488,16261,43.5,466.0
Station_01,Inv_00,20170716,08:02:00,237.5,6.7,1591,218.0,7.0,1526,25488,16261,43.7,467.0
Station_01,Inv_00,20170716,08:03:00,233.0,6.9,1608,218.0,7.0,1526,25488,16261,43.6,472.0
Station_01,Inv_00,20170716,08:04:00,233.0,7.1,1654,218.0,7.0,1526,25488,16261,43.3,475.0
Station_01,Inv_00,20170716,08:05:00,232.5,7.1,1651,218.0,7.0,1526,25488,16261,42.6,475.0
Station_01,Inv_00,20170716,08:06:00,230.5,7.0,1614,218.0,7.0,1526,25488,16261,43.0,475.0
Station_01,Inv_00,20170716,08:07:00,233.0,7.1,1654,218.0,7.2,1570,25488,16261,43.9,482.0
Station_01,Inv_00,20170716,08:08:00,235.0,7.3,1715,218.0,7.4,1613,25488,16261,42.5,493.0
Station_01,Inv_00,20170716,08:09:00,237.5,7.3,1734,219.0,7.5,1643,25488,16261,43.8,502.0
Station_01,Inv_00,20170716,08:10:00,232.0,7.5,1740,219.0,7.5,1643,25488,16261,43.1,506.0
Station_01,Inv_00,20170716,08:11:00,236.5,7.5,1774,218.0,7.6,1657,25488,16261,42.9,504.0
Station_01,Inv_00,20170716,08:12:00,236.5,7.3,1726,218.0,7.6,1657,25488,16261,44.2,501.0
Station_01,Inv_00,20170716,08:13:00,233.5,7.5,1751,218.0,7.6,1657,25488,16261,45.3,504.0
Station_01,Inv_00,20170716,08:14:00,237.5,7.4,1758,217.0,7.7,1671,25488,16261,45.0,507.0
Station_01,Inv_00,20170716,08:15:00,235.0,7.6,1786,218.0,7.7,1679,25488,16261,45.8,515.0
Station_01,Inv_00,20170716,08:16:00,232.5,7.8,1814,218.0,7.9,1722,25488,16261,46.7,523.0
Station_01,Inv_00,20170716,08:17:00,229.5,7.9,1813,218.0,7.9,1722,25488,16261,46.3,527.0
Station_01,Inv_00,20170716,08:18:00,234.5,7.8,1829,219.0,7.9,1730,25488,16261,45.9,528.0
Station_01,Inv_00,20170716,08:19:00,228.5,7.9,1805,218.0,7.9,1722,25488,16261,46.9,528.0
Station_01,Inv_00,20170716,08:20:00,220.5,8.1,1786,219.0,7.6,1664,25488,16261,47.3,525.0
Station_01,Inv_00,20170716,08:21:00,226.0,7.8,1763,219.0,7.7,1686,25488,16261,48.0,520.0
Station_01,Inv_00,20170716,08:22:00,235.0,7.7,1810,218.0,7.8,1700,25489,16262,46.3,527.0
Station_01,Inv_00,20170716,08:23:00,235.5,7.7,1813,218.0,7.9,1722,25489,16262,46.1,526.0
Station_01,Inv_00,20170716,08:24:00,228.0,8.1,1847,219.0,7.9,1730,25489,16262,47.2,533.0
Station_01,Inv_00,20170716,08:25:00,232.5,8.0,1860,218.0,8.1,1766,25489,16262,47.0,537.0
Station_01,Inv_00,20170716,08:26:00,231.0,8.1,1871,218.0,8.1,1766,25489,16262,48.1,537.0
Station_01,Inv_00,20170716,08:27:00,233.5,8.1,1891,219.0,8.1,1774,25489,16262,48.3,541.0
Station_01,Inv_00,20170716,08:28:00,226.0,8.3,1876,218.0,8.2,1788,25489,16262,48.4,546.0
Station_01,Inv_00,20170716,08:29:00,226.0,8.5,1921,219.0,8.3,1818,25489,16262,48.3,558.0
Station_01,Inv_00,20170716,08:30:00,229.5,8.5,1951,218.0,8.4,1831,25489,16262,49.6,556.0
Station_01,Inv_00,20170716,08:31:00,221.5,8.8,1949,218.0,8.4,1831,25489,16262,49.8,565.0
Station_01,Inv_00,20170716,08:32:00,228.0,8.7,1984,218.0,8.6,1875,25489,16262,49.1,571.0
Station_01,Inv_00,20170716,08:33:00,229.5,8.7,1997,218.0,8.6,1875,25489,16262,49.9,574.0
Station_01,Inv_00,20170716,08:34:00,229.5,8.5,1951,219.0,8.4,1840,25489,16262,50.3,567.0
Station_01,Inv_00,20170716,08:35:00,230.5,8.6,1982,218.0,8.6,1875,25489,16262,50.4,571.0
Station_01,Inv_00,20170716,08:36:00,230.4,8.7,2005,218.0,8.7,1897,25489,16262,50.3,580.0
Station_01,Inv_00,20170716,08:37:00,228.5,8.7,1988,218.0,8.6,1875,25489,16262,49.7,573.0
Station_01,Inv_00,20170716,08:38:00,226.9,8.6,1952,218.0,8.5,1853,25489,16262,50.0,570.0
Station_01,Inv_00,20170716,08:39:00,230.0,8.6,1978,218.0,8.6,1875,25489,16262,50.0,572.0
Station_01,Inv_00,20170716,08:40:00,229.4,8.8,2019,218.0,8.7,1897,25489,16262,50.8,579.0
Station_01,Inv_00,20170716,08:41:00,228.5,8.9,2034,218.0,8.7,1897,25489,16262,51.0,582.0
Station_01,Inv_00,20170716,08:42:00,228.0,8.9,2029,218.0,8.8,1918,25489,16262,50.5,588.0
Station_01,Inv_00,20170716,08:43:00,230.5,8.9,2051,218.0,8.9,1940,25489,16262,50.7,592.0
Station_01,Inv_00,20170716,08:44:00,227.5,9.2,2093,219.0,9.0,1971,25489,16262,50.1,603.0
Station_01,Inv_00,20170716,08:45:00,227.4,9.2,2092,220.0,9.1,2002,25489,16262,50.6,608.0
Station_01,Inv_00,20170716,08:46:00,229.4,9.3,2133,219.0,9.2,2015,25489,16262,51.3,615.0
Station_01,Inv_00,20170716,08:47:00,231.4,9.0,2083,219.0,9.0,1971,25489,16262,51.3,606.0
Station_01,Inv_00,20170716,08:48:00,226.5,9.4,2129,218.0,9.3,2027,25489,16262,50.6,616.0
Station_01,Inv_00,20170716,08:49:00,225.5,9.5,2142,218.0,9.2,2006,25489,16262,51.5,614.0
Station_01,Inv_00,20170716,08:50:00,221.0,9.5,2100,218.0,9.1,1984,25489,16262,50.1,611.0
Station_01,Inv_00,20170716,08:51:00,227.5,9.2,2093,218.0,9.0,1962,25489,16262,50.1,605.0
Station_01,Inv_00,20170716,08:52:00,227.5,9.3,2116,219.0,9.2,2015,25490,16263,50.6,613.0
Station_01,Inv_00,20170716,08:53:00,227.5,9.5,2161,219.0,9.4,2059,25490,16263,50.6,623.0
Station_01,Inv_00,20170716,08:54:00,229.0,9.5,2175,220.0,9.4,2068,25490,16263,50.7,627.0
Station_01,Inv_00,20170716,08:55:00,228.5,9.7,2216,220.0,9.5,2090,25490,16263,51.2,634.0
Station_01,Inv_00,20170716,08:56:00,227.5,9.9,2252,220.0,9.6,2112,25490,16263,51.3,643.0
Station_01,Inv_00,20170716,08:57:00,223.0,10.1,2252,219.0,9.7,2124,25490,16263,51.6,644.0
Station_01,Inv_00,20170716,08:58:00,229.0,9.7,2221,218.0,9.7,2115,25490,16263,52.3,650.0
Station_01,Inv_00,20170716,08:59:00,226.5,9.9,2242,219.0,9.8,2146,25490,16263,52.0,645.0
Station_01,Inv_00,20170716,09:00:00,226.0,10.2,2305,218.0,9.9,2158,25490,16263,51.4,659.0
Station_01,Inv_00,20170716,09:01:00,227.0,10.1,2293,218.0,9.9,2158,25490,16263,51.7,663.0
Station_01,Inv_00,20170716,09:02:00,226.5,10.2,2310,218.0,9.9,2158,25490,16263,50.7,663.0
Station_01,Inv_00,20170716,09:03:00,228.0,10.1,2303,218.0,10.0,2180,25490,16263,50.8,661.0
Station_01,Inv_00,20170716,09:04:00,227.4,10.0,2275,218.0,9.8,2136,25490,16263,51.2,653.0
Station_01,Inv_00,20170716,09:05:00,222.5,10.2,2269,218.0,9.8,2136,25490,16263,51.4,655.0
Station_01,Inv_00,20170716,09:06:00,226.0,10.1,2282,218.0,9.9,2158,25490,16263,50.6,657.0
Station_01,Inv_00,20170716,09:07:00,226.0,10.4,2350,218.0,10.2,2224,25490,16263,51.5,675.0
Station_01,Inv_00,20170716,09:08:00,223.0,10.7,2386,221.0,10.2,2254,25490,16263,51.2,684.0
Station_01,Inv_00,20170716,09:09:00,224.0,10.7,2397,221.0,10.3,2276,25490,16263,53.2,686.0
Station_01,Inv_00,20170716,09:10:00,223.0,10.7,2386,220.0,10.2,2244,25490,16263,53.2,684.0
Station_01,Inv_00,20170716,09:11:00,225.5,10.9,2458,219.0,10.5,2300,25490,16263,53.3,697.0
Station_01,Inv_00,20170716,09:12:00,223.5,10.6,2369,220.0,10.2,2244,25490,16263,52.7,685.0
Station_01,Inv_00,20170716,09:13:00,226.5,10.7,2423,220.0,10.4,2288,25490,16263,53.3,707.0
Station_01,Inv_00,20170716,09:14:00,225.5,10.8,2435,221.0,10.4,2298,25490,16263,52.4,701.0
Station_01,Inv_00,20170716,09:15:00,225.0,10.9,2453,221.0,10.5,2321,25490,16263,52.5,703.0
Station_01,Inv_00,20170716,09:16:00,225.0,11.0,2475,221.0,10.6,2343,25490,16263,52.4,711.0
Station_01,Inv_00,20170716,09:17:00,223.5,11.0,2458,221.0,10.6,2343,25490,16263,52.1,721.0
Station_01,Inv_00,20170716,09:18:00,223.5,11.2,2503,222.0,10.7,2375,25491,16263,51.1,718.0
Station_01,Inv_00,20170716,09:19:00,223.5,11.3,2526,221.0,10.8,2387,25491,16263,51.4,719.0
Station_01,Inv_00,20170716,09:20:00,223.0,11.1,2475,218.0,10.8,2354,25491,16263,51.2,717.0
Station_01,Inv_00,20170716,09:21:00,225.0,11.2,2520,219.0,10.9,2387,25491,16263,52.5,725.0
Station_01,Inv_00,20170716,09:22:00,227.0,11.2,2542,218.0,10.9,2376,25491,16263,52.3,726.0
Station_01,Inv_00,20170716,09:23:00,224.0,11.3,2531,218.0,11.0,2398,25491,16263,51.9,730.0
Station_01,Inv_00,20170716,09:24:00,225.5,11.4,2571,218.0,11.1,2420,25491,16263,52.1,737.0
Station_01,Inv_00,20170716,09:25:00,227.5,11.3,2571,218.0,11.2,2442,25491,16263,51.5,739.0
Station_01,Inv_00,20170716,09:26:00,228.5,11.3,2582,218.0,11.1,2420,25491,16263,51.4,738.0
Station_01,Inv_00,20170716,09:27:00,225.5,11.5,2593,219.0,11.2,2453,25491,16263,52.7,737.0
Station_01,Inv_00,20170716,09:28:00,226.0,11.5,2599,219.0,11.3,2475,25491,16263,53.5,743.0
Station_01,Inv_00,20170716,09:29:00,220.5,11.7,2580,218.0,11.2,2442,25491,16263,54.6,749.0
Station_01,Inv_00,20170716,09:30:00,223.5,11.6,2593,217.0,11.2,2430,25491,16263,55.0,749.0
Station_01,Inv_00,20170716,09:31:00,220.5,11.8,2602,218.0,11.3,2463,25491,16263,56.2,751.0
Station_01,Inv_00,20170716,09:32:00,219.5,11.9,2612,218.0,11.3,2463,25491,16263,53.9,755.0
Station_01,Inv_00,20170716,09:33:00,221.0,11.8,2608,218.0,11.3,2463,25491,16263,54.2,755.0
Station_01,Inv_00,20170716,09:34:00,224.5,11.5,2582,218.0,11.1,2420,25491,16263,54.0,746.0
Station_01,Inv_00,20170716,09:35:00,222.5,11.5,2559,218.0,11.2,2442,25491,16263,55.4,747.0
Station_01,Inv_00,20170716,09:36:00,219.0,11.9,2606,218.0,11.3,2463,25491,16263,53.8,759.0
Station_01,Inv_00,20170716,09:37:00,222.5,11.7,2603,218.0,11.3,2463,25491,16263,53.4,760.0
Station_01,Inv_00,20170716,09:38:00,223.5,11.7,2615,218.0,11.3,2463,25491,16263,53.6,757.0
Station_01,Inv_00,20170716,09:39:00,222.5,12.0,2670,218.0,11.5,2507,25491,16263,53.8,765.0
Station_01,Inv_00,20170716,09:40:00,217.5,12.2,2654,218.0,11.4,2485,25491,16263,55.8,766.0
Station_01,Inv_00,20170716,09:41:00,221.5,11.9,2636,218.0,11.4,2485,25492,16264,55.1,765.0
Station_01,Inv_00,20170716,09:42:00,213.0,12.3,2620,218.0,11.3,2463,25492,16264,54.2,768.0
Station_01,Inv_00,20170716,09:43:00,220.5,12.1,2668,219.0,11.4,2497,25492,16264,54.9,771.0
Station_01,Inv_00,20170716,09:44:00,226.0,11.6,2621,218.0,11.4,2485,25492,16264,53.4,766.0
Station_01,Inv_00,20170716,09:45:00,219.0,12.3,2694,217.0,11.7,2539,25492,16264,52.1,781.0
Station_01,Inv_00,20170716,09:46:00,223.0,12.1,2698,219.0,11.7,2562,25492,16264,53.0,784.0
Station_01,Inv_00,20170716,09:47:00,223.5,12.3,2749,219.0,11.8,2584,25492,16264,54.0,787.0
Station_01,Inv_00,20170716,09:48:00,219.0,12.4,2715,218.0,11.7,2551,25492,16264,55.2,788.0
Station_01,Inv_00,20170716,09:49:00,214.5,12.7,2724,218.0,11.7,2551,25492,16264,55.3,791.0
Station_01,Inv_00,20170716,09:50:00,218.5,12.5,2731,218.0,11.8,2572,25492,16264,55.4,793.0
Station_01,Inv_00,20170716,09:51:00,222.0,12.3,2731,218.0,11.8,2572,25492,16264,55.5,790.0
Station_01,Inv_00,20170716,09:52:00,222.5,12.4,2759,218.0,11.9,2594,25492,16264,54.8,800.0
Station_01,Inv_00,20170716,09:53:00,223.0,12.1,2698,220.0,11.6,2552,25492,16264,56.2,792.0
Station_01,Inv_00,20170716,09:54:00,220.0,12.3,2706,220.0,11.7,2574,25492,16264,55.1,791.0
Station_01,Inv_00,20170716,09:55:00,219.0,12.5,2738,221.0,11.7,2586,25492,16264,55.2,798.0
Station_01,Inv_00,20170716,09:56:00,218.0,12.1,2638,221.0,11.3,2497,25492,16264,55.8,771.0
Station_01,Inv_00,20170716,09:57:00,223.0,12.1,2698,221.0,11.5,2542,25492,16264,54.7,795.0
Station_01,Inv_00,20170716,09:58:00,222.0,12.5,2775,222.0,11.8,2620,25492,16264,55.1,808.0
Station_01,Inv_00,20170716,09:59:00,219.0,12.7,2781,221.0,11.8,2608,25492,16264,56.9,808.0
Station_01,Inv_00,20170716,10:00:00,217.0,12.8,2777,221.0,11.8,2608,25492,16264,56.4,808.0
Station_01,Inv_00,20170716,10:01:00,221.5,12.6,2790,221.0,11.9,2630,25492,16264,55.8,813.0
Station_01,Inv_00,20170716,10:02:00,223.0,12.7,2832,220.0,12.2,2684,25492,16264,55.5,823.0
Station_01,Inv_00,20170716,10:03:00,219.0,12.9,2825,220.0,12.1,2662,25493,16265,55.1,824.0
Station_01,Inv_00,20170716,10:04:00,221.5,12.6,2791,220.0,12.0,2640,25493,16265,55.8,818.0
Station_01,Inv_00,20170716,10:05:00,220.4,12.9,2844,219.0,12.1,2650,25493,16265,55.9,837.0
Station_01,Inv_00,20170716,10:06:00,211.0,13.3,2806,219.0,12.0,2628,25493,16265,56.2,826.0
Station_01,Inv_00,20170716,10:07:00,218.5,13.1,2862,220.0,12.2,2684,25493,16265,53.5,840.0
Station_01,Inv_00,20170716,10:08:00,220.0,13.0,2860,219.0,12.3,2694,25493,16265,54.4,828.0
Station_01,Inv_00,20170716,10:09:00,221.0,12.9,2851,219.0,12.4,2716,25493,16265,54.5,832.0
Station_01,Inv_00,20170716,10:10:00,218.5,13.3,2906,221.0,12.3,2718,25493,16265,54.9,838.0
Station_01,Inv_00,20170716,10:11:00,211.5,13.5,2855,220.0,12.2,2684,25493,16265,54.6,834.0
Station_01,Inv_00,20170716,10:12:00,216.4,13.2,2857,221.0,12.3,2718,25493,16265,56.4,836.0
Station_01,Inv_00,20170716,10:13:00,220.5,12.9,2844,220.0,12.2,2684,25493,16265,56.5,838.0
Station_01,Inv_00,20170716,10:14:00,217.0,13.2,2864,220.0,12.3,2706,25493,16265,56.0,839.0
Station_01,Inv_00,20170716,10:15:00,217.5,13.3,2893,220.0,12.4,2728,25493,16265,56.9,846.0
Station_01,Inv_00,20170716,10:16:00,214.0,13.1,2803,220.0,12.0,2640,25493,16265,55.6,827.0
Station_01,Inv_00,20170716,10:17:00,218.5,12.9,2819,220.0,12.1,2662,25493,16265,57.1,824.0
Station_01,Inv_00,20170716,10:18:00,218.0,13.3,2899,220.0,12.4,2728,25493,16265,57.6,849.0
Station_01,Inv_00,20170716,10:19:00,212.0,13.7,2904,220.0,12.4,2728,25493,16265,57.5,846.0
Station_01,Inv_00,20170716,10:20:00,219.5,13.3,2919,220.0,12.4,2728,25493,16265,58.4,844.0
Station_01,Inv_00,20170716,10:21:00,221.5,13.3,2946,220.0,12.6,2772,25493,16265,57.5,854.0
Station_01,Inv_00,20170716,10:22:00,218.5,13.4,2928,220.0,12.5,2750,25493,16265,57.6,860.0
Station_01,Inv_00,20170716,10:23:00,217.0,13.6,2951,222.0,12.5,2775,25493,16265,58.3,863.0
Station_01,Inv_00,20170716,10:24:00,211.0,13.7,2891,221.0,12.4,2740,25494,16265,58.2,862.0
Station_01,Inv_00,20170716,10:25:00,216.5,13.4,2901,221.0,12.4,2740,25494,16265,59.0,854.0
Station_01,Inv_00,20170716,10:26:00,216.0,13.5,2916,220.0,12.5,2750,25494,16265,58.7,860.0
Station_01,Inv_00,20170716,10:27:00,220.0,13.4,2948,220.0,12.4,2728,25494,16265,56.7,852.0
Station_01,Inv_00,20170716,10:28:00,220.0,13.4,2948,221.0,12.6,2785,25494,16265,56.0,867.0
Station_01,Inv_00,20170716,10:29:00,218.0,13.6,2965,221.0,12.7,2807,25494,16265,55.9,873.0
Station_01,Inv_00,20170716,10:30:00,216.0,13.7,2959,221.0,12.6,2785,25494,16265,55.6,867.0
Station_01,Inv_00,20170716,10:31:00,217.0,13.6,2951,220.0,12.6,2772,25494,16265,56.2,866.0
Station_01,Inv_00,20170716,10:32:00,218.5,13.7,2993,220.0,12.8,2816,25494,16265,53.9,875.0
Station_01,Inv_00,20170716,10:33:00,218.5,13.9,3037,221.0,12.9,2851,25494,16265,54.0,881.0
Station_01,Inv_00,20170716,10:34:00,219.0,13.7,3000,221.0,12.8,2829,25494,16265,54.0,879.0
Station_01,Inv_00,20170716,10:35:00,222.0,13.6,3019,220.0,12.9,2838,25494,16265,54.5,883.0
Station_01,Inv_00,20170716,10:36:00,215.5,14.0,3017,220.0,12.9,2838,25494,16265,54.9,891.0
Station_01,Inv_00,20170716,10:37:00,217.5,13.9,3023,220.0,12.9,2838,25494,16265,56.8,890.0
Station_01,Inv_00,20170716,10:38:00,216.0,13.9,3002,220.0,12.9,2838,25494,16265,58.1,888.0
Station_01,Inv_00,20170716,10:39:00,218.0,13.9,3030,220.0,12.9,2838,25494,16265,58.1,891.0
Station_01,Inv_00,20170716,10:40:00,216.5,13.8,2987,219.0,12.9,2825,25494,16265,57.0,887.0
Station_01,Inv_00,20170716,10:41:00,214.5,14.0,3003,219.0,12.9,2825,25494,16265,59.0,886.0
Station_01,Inv_00,20170716,10:42:00,215.5,14.0,3017,220.0,12.9,2838,25494,16265,59.4,899.0
Station_01,Inv_00,20170716,10:43:00,217.0,14.0,3038,220.0,12.9,2838,25494,16265,57.3,904.0
Station_01,Inv_00,20170716,10:44:00,212.5,14.3,3039,220.0,13.0,2860,25495,16266,57.4,905.0
Station_01,Inv_00,20170716,10:45:00,215.5,14.0,3017,219.0,12.9,2825,25495,16266,58.7,884.0
Station_01,Inv_00,20170716,10:46:00,214.5,13.9,2982,220.0,12.8,2816,25495,16266,58.6,897.0
Station_01,Inv_00,20170716,10:47:00,210.5,13.5,2842,219.0,12.1,2650,25495,16266,59.2,830.0
Station_01,Inv_00,20170716,10:48:00,212.0,5.8,1230,219.0,5.5,1205,25495,16266,57.5,537.0
Station_01,Inv_00,20170716,10:49:00,218.0,13.9,3030,220.0,12.9,2838,25495,16266,56.7,848.0
Station_01,Inv_00,20170716,10:50:00,217.0,14.3,3103,220.0,13.3,2926,25495,16266,57.0,910.0
Station_01,Inv_00,20170716,10:51:00,216.0,14.3,3089,220.0,13.2,2904,25495,16266,58.4,911.0
Station_01,Inv_00,20170716,10:52:00,210.0,13.9,2919,220.0,12.5,2750,25495,16266,58.9,868.0
Station_01,Inv_00,20170716,10:53:00,215.0,13.7,2946,220.0,12.6,2772,25495,16266,60.3,866.0
Station_01,Inv_00,20170716,10:54:00,210.5,14.5,3052,219.0,13.0,2847,25495,16266,61.1,895.0
Station_01,Inv_00,20170716,10:55:00,203.0,14.5,2943,219.0,12.6,2759,25495,16266,61.1,887.0
Station_01,Inv_00,20170716,10:56:00,213.5,14.5,3096,219.0,13.2,2891,25495,16266,62.8,919.0
Station_01,Inv_00,20170716,10:57:00,203.5,14.5,2951,220.0,12.5,2750,25495,16266,59.7,892.0
Station_01,Inv_00,20170716,10:58:00,204.5,14.9,3047,220.0,13.0,2860,25495,16266,59.0,911.0
Station_01,Inv_00,20170716,10:59:00,213.5,14.5,3096,220.0,13.2,2904,25495,16266,60.3,916.0
Station_01,Inv_00,20170716,11:00:00,213.0,14.5,3088,220.0,13.2,2904,25495,16266,59.1,911.0
Station_01,Inv_00,20170716,11:01:00,209.0,14.9,3114,221.0,13.4,2961,25495,16266,60.2,927.0
Station_01,Inv_00,20170716,11:02:00,209.0,14.7,3072,220.0,13.0,2860,25495,16266,59.2,907.0
Station_01,Inv_00,20170716,11:03:00,212.0,14.4,3052,220.0,13.0,2860,25495,16266,59.4,908.0
Station_01,Inv_00,20170716,11:04:00,212.5,14.5,3081,221.0,13.1,2895,25495,16266,60.2,914.0
Station_01,Inv_00,20170716,11:05:00,214.5,14.2,3046,220.0,12.9,2838,25496,16266,61.3,887.0
Station_01,Inv_00,20170716,11:06:00,207.5,14.4,2988,220.0,12.7,2794,25496,16266,61.8,895.0
Station_01,Inv_00,20170716,11:07:00,197.0,14.7,2896,220.0,12.3,2706,25496,16266,57.9,895.0
Station_01,Inv_00,20170716,11:08:00,191.0,15.7,2999,220.0,12.7,2794,25496,16266,58.5,915.0
Station_01,Inv_00,20170716,11:09:00,184.0,15.9,2926,220.0,12.4,2728,25496,16266,58.1,933.0
Station_01,Inv_00,20170716,11:10:00,204.5,15.3,3129,220.0,13.3,2926,25496,16266,58.7,931.0
Station_01,Inv_00,20170716,11:11:00,214.0,14.6,3124,220.0,13.3,2926,25496,16266,58.7,922.0
Station_01,Inv_00,20170716,11:12:00,215.0,14.6,3139,220.0,13.5,2970,25496,16266,58.3,933.0
Station_01,Inv_00,20170716,11:13:00,213.9,14.5,3102,220.0,13.3,2926,25496,16266,57.8,923.0
Station_01,Inv_00,20170716,11:14:00,211.0,14.3,3017,220.0,12.9,2838,25496,16266,56.9,907.0
Station_01,Inv_00,20170716,11:15:00,209.0,14.7,3072,219.0,13.1,2869,25496,16266,59.4,907.0
Station_01,Inv_00,20170716,11:16:00,218.0,14.0,3052,220.0,13.0,2860,25496,16266,57.4,909.0
Station_01,Inv_00,20170716,11:17:00,215.5,14.7,3168,220.0,13.6,2992,25496,16266,57.9,934.0
Station_01,Inv_00,20170716,11:18:00,215.0,14.7,3161,220.0,13.4,2948,25496,16266,57.7,935.0
Station_01,Inv_00,20170716,11:19:00,213.0,14.5,3089,220.0,13.2,2904,25496,16266,58.7,911.0
Station_01,Inv_00,20170716,11:20:00,211.5,15.2,3215,220.0,13.7,3014,25496,16266,58.5,953.0
Station_01,Inv_00,20170716,11:21:00,214.5,14.6,3131,220.0,13.4,2948,25496,16266,57.0,953.0
Station_01,Inv_00,20170716,11:22:00,209.5,15.1,3163,220.0,13.4,2948,25496,16266,56.8,933.0
Station_01,Inv_00,20170716,11:23:00,216.4,14.5,3139,220.0,13.4,2948,25496,16266,59.8,937.0
Station_01,Inv_00,20170716,11:24:00,205.0,15.3,3137,220.0,13.4,2948,25497,16267,58.9,941.0
Station_01,Inv_00,20170716,11:25:00,212.0,14.9,3159,220.0,13.5,2970,25497,16267,59.8,943.0
Station_01,Inv_00,20170716,11:26:00,210.5,14.7,3094,220.0,13.1,2882,25497,16267,60.0,920.0
Station_01,Inv_00,20170716,11:27:00,215.0,14.4,3096,220.0,13.2,2904,25497,16267,61.0,924.0
Station_01,Inv_00,20170716,11:28:00,210.5,14.9,3136,220.0,13.4,2948,25497,16267,61.5,939.0
Station_01,Inv_00,20170716,11:29:00,216.9,14.1,3059,220.0,13.0,2860,25497,16267,62.1,923.0
Station_01,Inv_00,20170716,11:30:00,212.5,14.6,3102,220.0,13.3,2926,25497,16267,62.9,930.0
Station_01,Inv_00,20170716,11:31:00,210.5,14.7,3094,220.0,13.3,2926,25497,16267,61.3,943.0
Station_01,Inv_00,20170716,11:32:00,212.0,14.9,3158,220.0,13.4,2948,25497,16267,60.2,951.0
Station_01,Inv_00,20170716,11:33:00,210.5,15.2,3199,220.0,13.6,2992,25497,16267,60.9,957.0
Station_01,Inv_00,20170716,11:34:01,211.5,15.0,3172,220.0,13.6,2992,25497,16267,60.3,960.0
Station_01,Inv_00,20170716,11:35:00,211.0,15.2,3207,220.0,13.6,2992,25497,16267,60.4,963.0
Station_01,Inv_00,20170716,11:36:00,200.0,15.1,3020,220.0,12.9,2838,25497,16267,60.5,927.0
Station_01,Inv_00,20170716,11:37:00,207.0,15.5,3208,220.0,13.6,2992,25497,16267,59.1,964.0
Station_01,Inv_00,20170716,11:38:00,211.0,15.3,3228,220.0,13.9,3058,25497,16267,58.1,959.0
Station_01,Inv_00,20170716,11:39:00,209.9,15.3,3212,220.0,13.7,3014,25497,16267,59.2,968.0
Station_01,Inv_00,20170716,11:40:00,212.5,15.1,3209,220.0,13.7,3014,25497,16267,61.4,959.0
Station_01,Inv_00,20170716,11:41:00,209.4,14.9,3120,220.0,13.4,2948,25497,16267,63.2,940.0
Station_01,Inv_00,20170716,11:42:00,209.0,15.0,3135,220.0,13.4,2948,25497,16267,60.6,937.0
Station_01,Inv_00,20170716,11:43:00,213.5,14.2,3031,220.0,13.0,2860,25498,16268,61.4,914.0
Station_01,Inv_00,20170716,11:44:00,210.0,14.6,3066,220.0,13.1,2882,25498,16268,61.1,917.0
Station_01,Inv_00,20170716,11:45:00,214.0,14.1,3017,220.0,12.9,2838,25498,16268,61.9,905.0
Station_01,Inv_00,20170716,11:46:00,213.0,14.6,3109,220.0,13.2,2904,25498,16268,60.3,917.0
Station_01,Inv_00,20170716,11:47:00,210.5,15.2,3199,220.0,13.6,2992,25498,16268,61.6,952.0
Station_01,Inv_00,20170716,11:48:00,205.0,15.4,3157,219.0,13.5,2957,25498,16268,62.8,958.0
Station_01,Inv_00,20170716,11:49:00,208.0,14.6,3036,219.0,13.0,2847,25498,16268,64.1,921.0
Station_01,Inv_00,20170716,11:50:00,213.4,14.7,3138,219.0,13.4,2935,25498,16268,63.2,941.0
Station_01,Inv_00,20170716,11:51:00,210.0,14.8,3108,220.0,13.4,2948,25498,16268,63.3,922.0
Station_01,Inv_00,20170716,11:52:00,215.5,12.9,2780,219.0,11.9,2606,25498,16268,60.6,877.0
Station_01,Inv_00,20170716,11:53:00,215.4,7.7,1659,219.0,6.8,1489,25498,16268,57.1,332.0
Station_01,Inv_00,20170716,11:54:00,210.0,12.6,2646,219.0,11.7,2562,25498,16268,58.5,782.0
Station_01,Inv_00,20170716,11:55:00,215.0,15.8,3397,219.0,14.5,3176,25498,16268,59.1,989.0
Station_01,Inv_00,20170716,11:56:00,214.5,15.4,3303,219.0,14.2,3110,25498,16268,60.9,983.0
Station_01,Inv_00,20170716,11:57:00,213.5,15.2,3245,218.0,14.0,3052,25498,16268,62.0,967.0
Station_01,Inv_00,20170716,11:58:00,213.5,15.0,3203,219.0,13.7,3000,25498,16268,61.6,949.0
Station_01,Inv_00,20170716,11:59:00,213.0,15.1,3216,218.0,13.8,3008,25498,16268,61.3,956.0
Station_01,Inv_00,20170716,12:00:00,213.0,15.0,3195,219.0,13.6,2978,25498,16268,63.4,941.0
Station_01,Inv_00,20170716,12:01:00,210.5,14.9,3136,218.0,13.5,2943,25498,16268,63.3,948.0
Station_01,Inv_00,20170716,12:02:00,210.5,15.4,3241,218.0,13.9,3030,25498,16268,64.2,968.0
Station_01,Inv_00,20170716,12:03:00,201.0,16.2,3256,218.0,13.9,3030,25499,16268,62.0,981.0
Station_01,Inv_00,20170716,12:04:00,203.0,15.9,3228,218.0,13.9,3030,25499,16268,61.4,980.0
Station_01,Inv_00,20170716,12:05:00,210.5,15.7,3305,218.0,14.1,3074,25499,16268,60.9,980.0
Station_01,Inv_00,20170716,12:06:00,206.5,16.0,3304,218.0,14.2,3096,25499,16268,63.1,994.0
Station_01,Inv_00,20170716,12:07:00,211.0,15.7,3313,219.0,14.2,3110,25499,16268,63.3,997.0
Station_01,Inv_00,20170716,12:08:00,209.0,15.7,3281,220.0,14.0,3080,25499,16268,64.1,1003.0
Station_01,Inv_00,20170716,12:09:00,202.5,16.4,3321,219.0,14.2,3110,25499,16268,64.9,1019.0
Station_01,Inv_00,20170716,12:10:00,211.0,15.6,3291,218.0,14.1,3074,25499,16268,64.3,999.0
Station_01,Inv_00,20170716,12:11:00,209.0,15.3,3198,218.0,13.8,3008,25499,16268,64.7,970.0
Station_01,Inv_00,20170716,12:12:00,204.5,15.7,3210,218.0,13.8,3008,25499,16268,66.1,975.0
Station_01,Inv_00,20170716,12:13:00,207.0,15.5,3209,218.0,13.8,3008,25499,16268,64.0,979.0
Station_01,Inv_00,20170716,12:14:00,205.0,15.6,3198,218.0,13.8,3008,25499,16268,66.2,977.0
Station_01,Inv_00,20170716,12:15:00,203.5,15.6,3175,218.0,13.6,2965,25499,16268,65.7,974.0
Station_01,Inv_00,20170716,12:16:00,207.9,14.7,3057,218.0,13.2,2878,25499,16268,64.4,940.0
Station_01,Inv_00,20170716,12:17:00,207.0,15.1,3126,218.0,13.5,2943,25499,16268,63.3,941.0
Station_01,Inv_00,20170716,12:18:00,210.5,14.9,3136,219.0,13.4,2935,25499,16268,62.7,942.0
Station_01,Inv_00,20170716,12:19:00,212.5,15.0,3187,219.0,13.6,2978,25499,16268,61.9,945.0
Station_01,Inv_00,20170716,12:20:00,207.0,15.5,3208,218.0,13.8,3008,25499,16268,62.6,964.0
Station_01,Inv_00,20170716,12:21:00,210.0,15.5,3254,219.0,13.9,3044,25500,16269,59.3,982.0
Station_01,Inv_00,20170716,12:22:00,210.0,15.5,3255,218.0,13.9,3030,25500,16269,59.2,965.0
Station_01,Inv_00,20170716,12:23:00,211.5,15.1,3194,218.0,13.8,3008,25500,16269,59.6,959.0
Station_01,Inv_00,20170716,12:24:00,210.0,15.2,3192,218.0,13.7,2987,25500,16269,61.8,957.0
Station_01,Inv_00,20170716,12:25:00,215.0,14.5,3118,218.0,13.4,2921,25500,16269,60.5,940.0
Station_01,Inv_00,20170716,12:26:00,211.5,14.2,3003,218.0,12.9,2812,25500,16269,58.0,904.0
Station_01,Inv_00,20170716,12:27:00,214.5,14.7,3153,220.0,13.4,2948,25500,16269,56.9,924.0
Station_01,Inv_00,20170716,12:28:00,214.0,14.9,3189,218.0,13.7,2987,25500,16269,57.7,933.0
Station_01,Inv_00,20170716,12:29:00,213.5,14.9,3181,218.0,13.7,2987,25500,16269,56.2,939.0
Station_01,Inv_00,20170716,12:30:00,218.0,14.5,3161,218.0,13.6,2965,25500,16269,56.4,942.0
Station_01,Inv_00,20170716,12:31:00,208.0,15.3,3182,218.0,13.7,2987,25500,16269,56.8,949.0
Station_01,Inv_00,20170716,12:32:00,209.5,15.4,3226,218.0,13.9,3030,25500,16269,57.0,962.0
Station_01,Inv_00,20170716,12:33:00,213.4,15.3,3266,218.0,14.1,3074,25500,16269,58.0,974.0
Station_01,Inv_00,20170716,12:34:00,212.0,15.8,3349,218.0,14.4,3139,25500,16269,59.1,988.0
Station_01,Inv_00,20170716,12:35:00,211.5,15.8,3341,218.0,14.4,3139,25500,16269,61.0,995.0
Station_01,Inv_00,20170716,12:36:00,211.0,15.7,3313,218.0,14.2,3096,25500,16269,61.4,989.0
Station_01,Inv_00,20170716,12:37:00,212.5,15.4,3272,218.0,14.0,3052,25500,16269,61.8,979.0
Station_01,Inv_00,20170716,12:38:00,209.0,15.4,3218,218.0,13.9,3030,25500,16269,64.9,971.0
Station_01,Inv_00,20170716,12:39:00,210.5,15.1,3179,217.0,13.8,2995,25500,16269,62.5,961.0
Station_01,Inv_00,20170716,12:40:00,209.0,14.7,3072,218.0,13.2,2878,25501,16270,63.1,933.0
Station_01,Inv_00,20170716,12:41:00,205.0,15.1,3096,218.0,13.4,2921,25501,16270,61.4,926.0
Station_01,Inv_00,20170716,12:42:00,210.0,14.9,3129,218.0,13.4,2921,25501,16270,60.4,933.0
Station_01,Inv_00,20170716,12:43:00,211.5,14.8,3130,219.0,13.4,2935,25501,16270,60.8,929.0
Station_01,Inv_00,20170716,12:44:00,207.0,15.5,3208,218.0,13.8,3008,25501,16270,59.2,955.0
Station_01,Inv_00,20170716,12:45:00,206.5,15.7,3242,218.0,13.9,3030,25501,16270,60.3,967.0
Station_01,Inv_00,20170716,12:46:00,208.5,15.5,3232,219.0,13.9,3044,25501,16270,61.4,971.0
Station_01,Inv_00,20170716,12:47:00,210.0,15.3,3212,219.0,13.8,3022,25501,16270,59.9,967.0
Station_01,Inv_00,20170716,12:48:00,208.9,14.9,3113,218.0,13.4,2921,25501,16270,63.0,936.0
Station_01,Inv_00,20170716,12:49:00,213.0,13.9,2961,218.0,12.8,2790,25501,16270,60.5,894.0
Station_01,Inv_00,20170716,12:50:00,212.0,14.4,3052,219.0,13.1,2869,25501,16270,58.8,910.0
Station_01,Inv_00,20170716,12:51:00,213.5,15.1,3224,219.0,13.8,3022,25501,16270,59.8,952.0
Station_01,Inv_00,20170716,12:52:00,214.5,15.4,3303,219.0,14.0,3066,25501,16270,60.4,973.0
Station_01,Inv_00,20170716,12:53:00,208.9,16.0,3342,220.0,14.3,3146,25501,16270,61.3,988.0
Station_01,Inv_00,20170716,12:54:00,208.5,16.0,3336,219.0,14.2,3110,25501,16270,63.5,998.0
Station_01,Inv_00,20170716,12:55:00,208.5,15.9,3315,219.0,14.2,3110,25501,16270,65.2,1006.0
Station_01,Inv_00,20170716,12:56:00,206.0,16.3,3358,219.0,14.4,3154,25501,16270,63.3,988.0
Station_01,Inv_00,20170716,12:57:00,210.0,15.2,3192,219.0,13.7,3000,25501,16270,63.9,974.0
Station_01,Inv_00,20170716,12:58:00,208.5,15.9,3315,218.0,14.2,3096,25501,16270,64.5,994.0
Station_01,Inv_00,20170716,12:59:00,208.0,16.2,3369,217.0,14.4,3125,25502,16270,63.7,1015.0
Station_01,Inv_00,20170716,13:00:00,205.5,16.2,3329,217.0,14.4,3125,25502,16270,62.7,1006.0
Station_01,Inv_00,20170716,13:01:00,206.0,16.4,3378,217.0,14.5,3147,25502,16270,63.8,1011.0
Station_01,Inv_00,20170716,13:02:00,208.0,14.7,3058,217.0,13.3,2886,25502,16270,63.4,950.0
Station_01,Inv_00,20170716,13:03:00,198.5,7.6,1509,216.0,6.7,1447,25502,16270,64.3,661.0
Station_01,Inv_00,20170716,13:04:00,213.0,7.0,1491,216.0,6.6,1426,25502,16270,62.2,459.0
Station_01,Inv_00,20170716,13:05:00,220.5,6.4,1411,216.0,6.2,1339,25502,16270,59.8,424.0
Station_01,Inv_00,20170716,13:06:00,220.5,6.5,1433,219.0,6.2,1358,25502,16270,56.5,421.0
Station_01,Inv_00,20170716,13:07:00,220.8,7.0,1546,220.0,6.6,1452,25502,16270,55.2,434.0
Station_01,Inv_00,20170716,13:08:00,221.5,8.1,1794,220.0,7.7,1694,25502,16270,54.3,482.0
Station_01,Inv_00,20170716,13:09:00,222.5,5.1,1135,219.0,5.0,1095,25502,16270,53.1,346.0
Station_01,Inv_00,20170716,13:10:00,227.5,4.6,1046,219.0,4.4,964,25502,16270,50.7,306.0
Station_01,Inv_00,20170716,13:11:00,228.4,4.2,959,218.0,4.1,894,25502,16270,49.4,282.0
Station_01,Inv_00,20170716,13:12:00,227.2,3.9,886,219.0,3.9,854,25502,16270,48.1,260.0
Station_01,Inv_00,20170716,13:13:00,229.5,3.9,895,219.0,3.8,832,25502,16270,46.4,256.0
Station_01,Inv_00,20170716,13:14:00,217.0,4.3,933,218.0,4.0,872,25502,16270,45.5,273.0
Station_01,Inv_00,20170716,13:15:00,219.5,4.5,988,218.0,4.2,916,25502,16270,44.8,287.0
Station_01,Inv_00,20170716,13:16:00,228.5,4.9,1120,218.0,4.7,1025,25502,16270,44.5,311.0
Station_01,Inv_00,20170716,13:17:00,232.5,5.5,1279,218.0,5.4,1177,25502,16270,44.3,345.0
Station_01,Inv_00,20170716,13:18:00,225.5,6.4,1443,219.0,6.2,1358,25502,16270,44.0,390.0
Station_01,Inv_00,20170716,13:19:00,219.0,8.3,1818,220.0,7.7,1694,25502,16270,44.5,555.0
Station_01,Inv_00,20170716,13:20:00,226.0,15.2,3435,221.0,14.5,3205,25502,16270,48.2,934.0
Station_01,Inv_00,20170716,13:21:00,225.0,15.0,3375,221.0,14.4,3182,25502,16270,50.5,944.0
Station_01,Inv_00,20170716,13:22:00,221.5,14.2,3145,221.0,13.4,2961,25502,16270,52.6,904.0
Station_01,Inv_00,20170716,13:23:00,225.0,14.2,3195,219.0,13.7,3000,25502,16270,53.6,891.0
Station_01,Inv_00,20170716,13:24:00,216.5,14.2,3074,219.0,13.2,2891,25502,16270,54.2,897.0
Station_01,Inv_00,20170716,13:25:00,218.5,13.6,2972,219.0,12.7,2781,25502,16270,55.5,847.0
Station_01,Inv_00,20170716,13:26:00,216.5,13.2,2858,220.0,12.3,2706,25502,16270,55.8,815.0
Station_01,Inv_00,20170716,13:27:00,220.0,8.1,1782,219.0,7.2,1577,25502,16270,53.5,496.0
Station_01,Inv_00,20170716,13:28:00,221.0,12.6,2784,220.0,11.8,2596,25503,16271,53.5,796.0
Station_01,Inv_00,20170716,13:29:00,221.5,13.4,2968,221.0,12.6,2785,25503,16271,52.8,851.0
Station_01,Inv_00,20170716,13:30:00,223.5,13.0,2906,221.0,12.4,2740,25503,16271,52.6,837.0
Station_01,Inv_00,20170716,13:31:00,223.0,13.0,2899,220.0,12.3,2706,25503,16271,54.1,830.0
Station_01,Inv_00,20170716,13:32:00,220.0,13.5,2970,220.0,12.7,2794,25503,16271,54.5,845.0
Station_01,Inv_00,20170716,13:33:00,216.5,13.6,2944,219.0,12.5,2738,25503,16271,55.8,846.0
Station_01,Inv_00,20170716,13:34:00,220.4,13.1,2888,220.0,12.4,2728,25503,16271,55.8,838.0
Station_01,Inv_00,20170716,13:35:00,215.4,13.4,2887,219.0,12.4,2716,25503,16271,56.0,830.0
Station_01,Inv_00,20170716,13:36:00,220.0,13.0,2860,220.0,12.4,2728,25503,16271,57.1,835.0
Station_01,Inv_00,20170716,13:37:00,215.0,13.9,2989,220.0,12.8,2816,25503,16271,56.1,857.0
Station_01,Inv_00,20170716,13:38:00,216.0,14.0,3024,219.0,13.0,2847,25503,16271,55.8,876.0
Station_01,Inv_00,20170716,13:39:00,215.5,13.6,2930,220.0,12.7,2794,25503,16271,55.7,858.0
Station_01,Inv_00,20170716,13:40:00,217.5,13.9,3023,219.0,12.9,2825,25503,16271,56.1,851.0
Station_01,Inv_00,20170716,13:41:00,219.0,14.2,3110,220.0,13.3,2926,25503,16271,55.3,884.0
Station_01,Inv_00,20170716,13:42:00,219.5,13.8,3029,220.0,13.1,2882,25503,16271,54.7,879.0
Station_01,Inv_00,20170716,13:43:00,216.5,14.1,3053,220.0,13.0,2860,25503,16271,56.1,873.0
Station_01,Inv_00,20170716,13:44:00,218.0,13.9,3030,221.0,12.9,2851,25503,16271,56.6,876.0
Station_01,Inv_00,20170716,13:45:00,212.0,14.7,3116,218.0,13.4,2921,25503,16271,57.1,903.0
Station_01,Inv_00,20170716,13:46:00,210.0,9.1,1911,217.0,8.6,1866,25503,16271,56.4,781.0
Station_01,Inv_00,20170716,13:47:00,217.9,7.2,1569,217.0,6.8,1476,25503,16271,54.7,477.0
Station_01,Inv_00,20170716,13:48:00,228.0,6.4,1459,217.0,6.2,1345,25503,16271,52.3,413.0
Station_01,Inv_00,20170716,13:49:00,230.4,7.0,1613,217.0,6.7,1454,25503,16271,51.2,418.0
Station_01,Inv_00,20170716,13:50:00,221.5,12.5,2769,218.0,11.9,2594,25504,16272,51.6,764.0
Station_01,Inv_00,20170716,13:51:00,217.5,10.6,2305,217.0,10.4,2257,25504,16272,52.2,787.0
Station_01,Inv_00,20170716,13:52:00,219.0,13.5,2957,218.0,12.7,2769,25504,16272,52.4,821.0
Station_01,Inv_00,20170716,13:53:00,225.0,7.3,1643,218.0,6.8,1482,25504,16272,51.7,550.0
Station_01,Inv_00,20170716,13:54:00,232.0,5.8,1346,218.0,5.8,1264,25504,16272,48.9,410.0
Station_01,Inv_00,20170716,13:55:00,222.0,5.5,1221,217.0,5.3,1150,25504,16272,48.9,369.0
Station_01,Inv_00,20170716,13:56:00,222.5,8.0,1780,218.0,7.2,1570,25504,16272,47.8,593.0
Station_01,Inv_00,20170716,13:57:00,226.0,13.7,3096,218.0,13.3,2899,25504,16272,49.1,755.0
Station_01,Inv_00,20170716,13:58:00,224.4,9.4,2110,218.0,9.2,2006,25504,16272,47.8,618.0
Station_01,Inv_00,20170716,13:59:00,227.5,8.9,2025,218.0,8.6,1875,25504,16272,48.3,545.0
Station_01,Inv_00,20170716,14:00:00,222.0,8.9,1976,218.0,8.8,1918,25504,16272,48.6,610.0
Station_01,Inv_00,20170716,14:01:00,228.0,7.5,1710,217.0,7.3,1584,25504,16272,47.5,533.0
Station_01,Inv_00,20170716,14:02:00,229.7,8.0,1838,218.0,7.9,1722,25504,16272,46.6,521.0
Station_01,Inv_00,20170716,14:03:00,233.5,4.8,1121,217.0,4.8,1042,25504,16272,44.6,325.0
Station_01,Inv_00,20170716,14:04:00,229.4,4.4,1009,216.0,4.3,929,25504,16272,44.6,288.0
Station_01,Inv_00,20170716,14:05:00,232.0,4.3,997,217.0,4.2,911,25504,16272,43.8,277.0
Station_01,Inv_00,20170716,14:06:00,231.5,4.2,972,217.0,4.1,890,25504,16272,42.8,275.0
Station_01,Inv_00,20170716,14:07:00,234.0,4.0,936,217.0,4.1,890,25504,16272,42.4,282.0
Station_01,Inv_00,20170716,14:08:00,235.0,4.1,964,217.0,4.1,890,25504,16272,41.9,266.0
Station_01,Inv_00,20170716,14:09:00,238.5,4.2,1002,215.0,4.3,925,25504,16272,41.7,276.0
Station_01,Inv_00,20170716,14:10:00,237.5,4.5,1069,216.0,4.6,994,25504,16272,41.3,293.0
Station_01,Inv_00,20170716,14:11:00,222.0,4.8,1066,216.0,4.6,994,25504,16272,41.1,310.0
Station_01,Inv_00,20170716,14:12:00,224.0,5.2,1165,218.0,5.1,1112,25504,16272,41.3,333.0
Station_01,Inv_00,20170716,14:13:00,218.0,5.9,1286,217.0,5.6,1215,25504,16272,41.5,366.0
Station_01,Inv_00,20170716,14:14:00,225.4,6.8,1533,217.0,6.6,1432,25504,16272,42.2,411.0
Station_01,Inv_00,20170716,14:15:00,224.0,8.7,1949,217.0,8.7,1888,25504,16272,44.1,578.0
Station_01,Inv_00,20170716,14:16:00,234.9,6.8,1597,216.0,6.9,1490,25504,16272,44.2,456.0
Station_01,Inv_00,20170716,14:17:00,233.5,6.3,1471,216.0,6.4,1382,25504,16272,42.4,404.0
Station_01,Inv_00,20170716,14:18:00,230.0,6.0,1380,216.0,5.9,1274,25504,16272,42.9,383.0
Station_01,Inv_00,20170716,14:19:00,236.5,5.7,1348,216.0,5.8,1253,25504,16272,42.6,371.0
Station_01,Inv_00,20170716,14:20:00,229.5,5.8,1331,216.0,5.6,1210,25504,16272,43.0,365.0
Station_01,Inv_00,20170716,14:21:00,231.5,5.9,1366,219.0,5.8,1270,25504,16272,42.2,371.0
Station_01,Inv_00,20170716,14:22:00,233.5,10.0,2335,219.0,10.3,2256,25504,16272,42.7,536.0
Station_01,Inv_00,20170716,14:23:00,235.0,11.3,2655,220.0,11.3,2486,25504,16272,44.1,714.0
Station_01,Inv_00,20170716,14:24:00,226.0,11.6,2622,220.0,11.3,2486,25504,16272,44.5,739.0
Station_01,Inv_00,20170716,14:25:00,231.0,11.9,2749,219.0,11.8,2584,25505,16272,45.4,755.0
Station_01,Inv_00,20170716,14:26:00,226.0,11.9,2689,220.0,11.5,2530,25505,16272,46.5,747.0
Station_01,Inv_00,20170716,14:27:00,224.5,12.2,2739,220.0,11.8,2596,25505,16272,47.1,760.0
Station_01,Inv_00,20170716,14:28:00,225.0,12.2,2745,219.0,11.8,2584,25505,16272,48.0,740.0
Station_01,Inv_00,20170716,14:29:00,229.0,12.0,2748,221.0,11.7,2586,25505,16272,49.2,765.0
Station_01,Inv_00,20170716,14:30:00,216.0,11.3,2441,220.0,10.3,2266,25505,16272,49.3,734.0
Station_01,Inv_00,20170716,14:31:00,227.5,12.4,2821,220.0,12.1,2662,25505,16272,50.6,777.0
Station_01,Inv_00,20170716,14:32:00,223.0,8.5,1896,219.0,7.7,1686,25505,16272,49.4,655.0
Station_01,Inv_00,20170716,14:33:00,223.5,11.8,2637,220.0,11.0,2420,25505,16272,48.9,669.0
Station_01,Inv_00,20170716,14:34:00,226.0,12.9,2915,221.0,12.4,2740,25505,16272,49.7,811.0
Station_01,Inv_00,20170716,14:35:00,222.5,7.8,1735,219.0,7.4,1621,25505,16272,48.2,609.0
Station_01,Inv_00,20170716,14:36:00,222.5,11.8,2625,220.0,11.3,2486,25505,16272,48.0,734.0
Station_01,Inv_00,20170716,14:37:00,227.5,12.1,2753,220.0,11.8,2596,25505,16272,49.2,777.0
Station_01,Inv_00,20170716,14:38:00,225.5,12.1,2728,220.0,11.8,2596,25505,16272,49.7,763.0
Station_01,Inv_00,20170716,14:39:00,216.5,12.9,2793,220.0,11.9,2618,25505,16272,50.2,787.0
Station_01,Inv_00,20170716,14:40:00,226.0,12.7,2870,219.0,12.3,2694,25505,16272,50.6,799.0
Station_01,Inv_00,20170716,14:41:00,225.5,13.0,2932,220.0,12.5,2750,25505,16272,51.1,819.0
Station_01,Inv_00,20170716,14:42:00,225.0,12.3,2767,219.0,11.8,2584,25505,16272,50.9,785.0
Station_01,Inv_00,20170716,14:43:00,218.0,13.1,2856,220.0,12.3,2706,25505,16272,52.5,794.0
Station_01,Inv_00,20170716,14:44:00,218.5,13.5,2950,220.0,12.6,2772,25505,16272,52.1,831.0
Station_01,Inv_00,20170716,14:45:00,222.5,13.4,2981,220.0,12.8,2816,25505,16272,51.3,836.0
Station_01,Inv_00,20170716,14:46:00,221.0,12.2,2696,220.0,11.4,2508,25505,16272,51.8,790.0
Station_01,Inv_00,20170716,14:47:00,215.9,12.5,2699,220.0,11.6,2552,25505,16272,53.1,772.0
Station_01,Inv_00,20170716,14:48:00,228.0,7.3,1664,219.0,7.2,1577,25506,16273,52.8,482.0
Station_01,Inv_00,20170716,14:49:00,221.5,10.9,2414,219.0,10.4,2278,25506,16273,53.4,675.0
Station_01,Inv_00,20170716,14:50:00,215.5,12.5,2694,220.0,11.5,2530,25506,16273,51.2,766.0
Station_01,Inv_00,20170716,14:51:00,223.0,13.3,2966,220.0,12.6,2772,25506,16273,52.3,818.0
Station_01,Inv_00,20170716,14:52:00,221.5,13.8,3056,221.0,13.1,2895,25506,16273,54.2,869.0
Station_01,Inv_00,20170716,14:53:00,213.0,13.5,2875,220.0,12.3,2706,25506,16273,51.8,823.0
Station_01,Inv_00,20170716,14:54:00,222.0,13.2,2930,219.0,12.6,2759,25506,16273,51.7,825.0
Station_01,Inv_00,20170716,14:55:00,213.0,13.4,2854,220.0,12.3,2706,25506,16273,52.5,812.0
Station_01,Inv_00,20170716,14:56:00,213.5,10.8,2306,219.0,9.9,2168,25506,16273,51.6,666.0
Station_01,Inv_00,20170716,14:57:00,213.0,8.0,1704,219.0,7.3,1599,25506,16273,49.6,548.0
Station_01,Inv_00,20170716,14:58:00,213.4,4.8,1025,219.0,4.2,920,25506,16273,46.5,312.0
Station_01,Inv_00,20170716,14:59:00,214.9,3.8,817,220.0,3.6,792,25506,16273,44.0,238.0
Station_01,Inv_00,20170716,15:00:00,224.9,3.4,765,216.0,3.5,756,25506,16273,42.8,214.0
Station_01,Inv_00,20170716,15:01:00,228.5,3.7,845,219.0,3.6,788,25506,16273,41.2,221.0
Station_01,Inv_00,20170716,15:02:00,215.5,7.2,1552,221.0,6.6,1459,25506,16273,41.2,311.0
Station_01,Inv_00,20170716,15:03:00,215.5,7.3,1573,221.0,6.6,1459,25506,16273,42.0,435.0
Station_01,Inv_00,20170716,15:04:00,225.5,6.1,1376,220.0,6.0,1320,25506,16273,42.4,409.0
Station_01,Inv_00,20170716,15:05:00,224.0,5.1,1142,220.0,4.8,1056,25506,16273,41.3,330.0
Station_01,Inv_00,20170716,15:06:00,237.0,4.0,948,221.0,4.0,884,25506,16273,41.1,259.0
Station_01,Inv_00,20170716,15:07:00,223.0,3.2,714,220.0,3.2,704,25506,16273,40.0,209.0
Station_01,Inv_00,20170716,15:08:00,234.4,3.0,703,220.0,3.1,682,25506,16273,39.1,211.0
Station_01,Inv_00,20170716,15:09:00,233.0,2.4,559,219.0,2.4,526,25506,16273,38.4,168.0
Station_01,Inv_00,20170716,15:10:00,232.5,2.0,465,219.0,2.1,460,25506,16273,37.4,143.0
Station_01,Inv_00,20170716,15:11:00,238.5,1.8,429,219.0,1.9,416,25506,16273,36.9,129.0
Station_01,Inv_00,20170716,15:12:00,218.5,1.7,371,219.0,1.7,372,25506,16273,36.3,120.0
Station_01,Inv_00,20170716,15:13:00,225.0,1.6,360,219.0,1.6,350,25506,16273,36.4,112.0
Station_01,Inv_00,20170716,15:14:00,227.6,1.4,319,219.0,1.5,329,25506,16273,36.2,106.0
Station_01,Inv_00,20170716,15:15:00,227.0,1.3,295,219.0,1.4,307,25506,16273,36.1,104.0
Station_01,Inv_00,20170716,15:16:00,228.1,1.2,274,219.0,1.3,285,25506,16273,36.0,92.0
Station_01,Inv_00,20170716,15:17:00,214.0,1.1,235,219.0,1.2,263,25506,16273,35.4,85.0
Station_01,Inv_00,20170716,15:18:00,228.4,0.9,206,220.0,1.0,220,25506,16273,35.5,75.0
Station_01,Inv_00,20170716,15:19:00,211.4,0.9,190,217.0,1.0,217,25506,16273,35.0,69.0
Station_01,Inv_00,20170716,15:20:00,205.5,0.8,164,217.0,0.9,195,25506,16273,34.9,65.0
Station_01,Inv_00,20170716,15:21:00,206.0,0.8,165,216.0,0.8,173,25506,16273,34.3,61.0
Station_01,Inv_00,20170716,15:22:00,208.0,0.6,125,217.0,0.8,174,25506,16273,33.6,60.0
Station_01,Inv_00,20170716,15:23:00,215.0,0.6,129,217.0,0.8,174,25506,16273,32.9,59.0
Station_01,Inv_00,20170716,15:24:00,224.0,0.6,134,216.0,0.8,173,25506,16273,32.2,59.0
Station_01,Inv_00,20170716,15:25:00,221.4,0.7,155,217.0,0.8,174,25506,16273,31.7,55.0
Station_01,Inv_00,20170716,15:26:00,223.3,0.6,134,217.0,0.8,174,25506,16273,31.4,54.0
Station_01,Inv_00,20170716,15:27:00,221.5,0.6,133,216.0,0.8,173,25506,16273,31.4,53.0
Station_01,Inv_00,20170716,15:28:00,211.3,0.6,127,218.0,0.8,174,25506,16273,31.3,52.0
Station_01,Inv_00,20170716,15:29:00,211.0,0.6,127,216.0,0.8,173,25506,16273,31.1,52.0
Station_01,Inv_00,20170716,15:30:00,219.7,0.6,132,217.0,0.8,174,25506,16273,31.1,51.0
Station_01,Inv_00,20170716,15:31:00,214.0,0.6,128,216.0,0.7,151,25506,16273,30.8,49.0
Station_01,Inv_00,20170716,15:32:00,229.5,0.6,138,216.0,0.7,151,25506,16273,31.0,53.0
Station_01,Inv_00,20170716,15:33:00,217.7,0.6,131,217.0,0.7,152,25506,16273,31.1,50.0
Station_01,Inv_00,20170716,15:34:00,217.0,0.5,109,216.0,0.7,151,25506,16273,31.2,51.0
Station_01,Inv_00,20170716,15:35:00,218.0,0.5,109,216.0,0.6,130,25506,16273,31.3,50.0
Station_01,Inv_00,20170716,15:36:00,217.3,0.4,87,217.0,0.6,130,25506,16273,31.5,47.0
Station_01,Inv_00,20170716,15:37:00,209.0,0.3,63,218.0,0.5,109,25506,16273,31.6,41.0
Station_01,Inv_00,20170716,15:38:00,191.0,0.2,38,219.0,0.4,88,25506,16273,31.7,35.0
Station_01,Inv_00,20170716,15:39:00,191.0,0.3,57,219.0,0.5,110,25506,16273,31.7,33.0
Station_01,Inv_00,20170716,15:40:00,205.0,0.2,41,219.0,0.4,88,25506,16273,31.8,31.0
Station_01,Inv_00,20170716,15:41:00,221.5,0.2,44,219.0,0.4,88,25506,16273,31.8,31.0
Station_01,Inv_00,20170716,15:42:00,226.0,0.2,45,220.0,0.4,88,25506,16273,31.9,47.0
Station_01,Inv_00,20170716,15:43:00,194.0,0.1,19,220.0,0.4,88,25506,16273,31.9,33.0
Station_01,Inv_00,20170716,15:44:00,219.0,0.1,22,220.0,0.4,88,25506,16273,32.0,47.0
Station_01,Inv_00,20170716,15:45:00,208.3,0.3,63,218.0,0.4,87,25506,16273,31.9,34.0
Station_01,Inv_00,20170716,15:46:00,203.0,0.1,20,219.0,0.4,88,25506,16273,31.9,35.0
Station_01,Inv_00,20170716,15:47:00,221.3,0.3,66,219.0,0.4,88,25506,16273,31.7,42.0
Station_01,Inv_00,20170716,15:48:00,200.0,0.1,20,219.0,0.4,88,25506,16273,31.4,37.0
Station_01,Inv_00,20170716,15:49:00,204.5,0.2,41,218.0,0.4,87,25506,16273,31.0,46.0
Station_01,Inv_00,20170716,15:50:00,201.5,0.2,40,218.0,0.4,87,25506,16273,30.6,30.0
Station_01,Inv_00,20170716,15:51:00,0.0,0.0,0,219.0,0.4,88,25506,16273,30.2,28.0
Station_01,Inv_00,20170716,15:52:00,0.0,0.0,0,220.0,0.4,88,25506,16273,29.9,27.0
Station_01,Inv_00,20170716,15:53:00,0.0,0.0,0,220.0,0.4,88,25506,16273,29.6,25.0
Station_01,Inv_00,20170716,15:54:00,0.0,0.0,0,224.0,0.3,67,25506,16273,29.3,544.0
Station_01,Inv_00,20170716,15:55:00,0.0,0.0,0,224.0,0.3,67,25506,16273,29.2,22.0
Station_01,Inv_00,20170716,15:56:00,0.0,0.0,0,224.0,0.3,67,25506,16273,28.9,19.0
Station_01,Inv_00,20170716,15:57:00,0.0,0.0,0,224.0,0.3,67,25506,16273,28.4,18.0
Station_01,Inv_00,20170716,15:58:00,0.0,0.0,0,224.0,0.3,67,25506,16273,27.8,17.0
Station_01,Inv_00,20170716,15:59:00,0.0,0.0,0,224.0,0.3,67,25506,16273,27.2,16.0
Station_01,Inv_00,20170716,16:00:00,0.0,0.0,0,224.0,0.3,67,25506,16273,26.7,18.0
Station_01,Inv_00,20170716,16:01:00,0.0,0.0,0,224.0,0.3,67,25506,16273,26.4,17.0
Station_01,Inv_00,20170716,16:02:00,0.0,0.0,0,224.0,0.3,67,25506,16273,26.2,19.0
Station_01,Inv_00,20170716,16:03:00,0.0,0.0,0,224.0,0.3,67,25506,16273,26.0,20.0
Station_01,Inv_00,20170716,16:04:00,0.0,0.0,0,224.0,0.3,67,25506,16273,26.0,20.0
Station_01,Inv_00,20170716,16:05:00,0.0,0.0,0,224.0,0.3,67,25506,16273,26.0,20.0
Station_01,Inv_00,20170716,16:06:00,0.0,0.0,0,224.0,0.3,67,25506,16273,25.8,21.0
Station_01,Inv_00,20170716,16:07:00,0.0,0.0,0,224.0,0.3,67,25506,16273,25.8,23.0
Station_01,Inv_00,20170716,16:08:00,0.0,0.0,0,224.0,0.3,67,25506,16273,25.7,23.0
Station_01,Inv_00,20170716,16:09:00,0.0,0.0,0,224.0,0.3,67,25506,16273,25.7,476.0
Station_01,Inv_00,20170716,16:10:00,0.0,0.0,0,224.0,0.3,67,25506,16273,25.6,23.0
Station_01,Inv_00,20170716,16:11:00,0.0,0.0,0,224.0,0.3,67,25506,16273,25.5,22.0
Station_01,Inv_00,20170716,16:12:00,0.0,0.0,0,224.0,0.3,67,25506,16273,25.5,22.0
Station_01,Inv_00,20170716,16:13:00,0.0,0.0,0,224.0,0.3,67,25506,16273,25.5,21.0
Station_01,Inv_00,20170716,16:14:00,0.0,0.0,0,224.0,0.3,67,25506,16273,25.4,21.0
Station_01,Inv_00,20170716,16:15:00,0.0,0.0,0,224.0,0.3,67,25506,16273,25.5,21.0
Station_01,Inv_00,20170716,16:16:00,0.0,0.0,0,224.0,0.3,67,25506,16273,25.4,21.0
Station_01,Inv_00,20170716,16:17:00,0.0,0.0,0,224.0,0.3,67,25506,16273,25.4,20.0
Station_01,Inv_00,20170716,16:18:00,0.0,0.0,0,224.0,0.3,67,25506,16273,25.5,20.0
Station_01,Inv_00,20170716,16:19:00,0.0,0.0,0,224.0,0.3,67,25506,16273,25.4,20.0
Station_01,Inv_00,20170716,16:20:00,0.0,0.0,0,224.0,0.3,67,25506,16273,25.5,20.0
Station_01,Inv_00,20170716,16:21:00,0.0,0.0,0,224.0,0.3,67,25506,16273,25.5,41.0
Station_01,Inv_00,20170716,16:22:00,0.0,0.0,0,224.0,0.3,67,25506,16273,25.4,21.0
Station_01,Inv_00,20170716,16:23:00,0.0,0.0,0,224.0,0.3,67,25506,16273,25.4,21.0
Station_01,Inv_00,20170716,16:24:00,0.0,0.0,0,224.0,0.3,67,25506,16273,25.4,21.0
Station_01,Inv_00,20170716,16:25:00,0.0,0.0,0,224.0,0.3,67,25506,16273,25.4,22.0
Station_01,Inv_00,20170716,16:26:00,0.0,0.0,0,224.0,0.3,67,25506,16273,25.3,21.0
Station_01,Inv_00,20170716,16:27:00,0.0,0.0,0,224.0,0.3,67,25506,16273,25.3,20.0
Station_01,Inv_00,20170716,16:28:00,0.0,0.0,0,224.0,0.3,67,25506,16273,25.3,20.0
Station_01,Inv_00,20170716,16:29:00,0.0,0.0,0,224.0,0.3,67,25506,16273,25.3,20.0
Station_01,Inv_00,20170716,16:30:00,0.0,0.0,0,224.0,0.3,67,25506,16273,25.4,20.0
Station_01,Inv_00,20170716,16:31:00,0.0,0.0,0,224.0,0.3,67,25506,16273,25.3,23.0
Station_01,Inv_00,20170716,16:32:00,0.0,0.0,0,224.0,0.3,67,25506,16273,25.4,21.0
Station_01,Inv_00,20170716,16:33:00,0.0,0.0,0,224.0,0.3,67,25506,16273,25.4,21.0
Station_01,Inv_00,20170716,16:34:00,0.0,0.0,0,224.0,0.3,67,25506,16273,25.4,22.0
Station_01,Inv_00,20170716,16:35:00,0.0,0.0,0,224.0,0.3,67,25506,16273,25.4,23.0
Station_01,Inv_00,20170716,16:36:00,0.0,0.0,0,224.0,0.3,67,25506,16273,25.4,24.0
Station_01,Inv_00,20170716,16:37:00,0.0,0.0,0,224.0,0.3,67,25506,16273,25.4,22.0
Station_01,Inv_00,20170716,16:38:00,0.0,0.0,0,224.0,0.3,67,25506,16273,25.4,22.0
Station_01,Inv_00,20170716,16:39:00,0.0,0.0,0,224.0,0.3,67,25506,16273,25.4,21.0
Station_01,Inv_00,20170716,16:40:00,0.0,0.0,0,224.0,0.3,67,25506,16273,25.4,21.0
Station_01,Inv_00,20170716,16:41:00,0.0,0.0,0,224.0,0.3,67,25506,16273,25.4,21.0
Station_01,Inv_00,20170716,16:42:00,0.0,0.0,0,224.0,0.3,67,25506,16273,25.4,20.0
Station_01,Inv_00,20170716,16:43:00,0.0,0.0,0,224.0,0.3,67,25506,16273,25.4,20.0
Station_01,Inv_00,20170716,16:44:00,0.0,0.0,0,224.0,0.3,67,25506,16273,25.4,20.0
Station_01,Inv_00,20170716,16:45:00,0.0,0.0,0,224.0,0.3,67,25506,16273,25.4,20.0
Station_01,Inv_00,20170716,16:46:00,0.0,0.0,0,224.0,0.3,67,25506,16273,25.4,19.0
Station_01,Inv_00,20170716,16:47:00,0.0,0.0,0,224.0,0.3,67,25506,16273,25.3,19.0
Station_01,Inv_00,20170716,16:48:00,0.0,0.0,0,224.0,0.3,67,25506,16273,25.3,20.0
Station_01,Inv_00,20170716,16:49:00,0.0,0.0,0,224.0,0.3,67,25506,16273,25.3,20.0
Station_01,Inv_00,20170716,16:50:00,0.0,0.0,0,224.0,0.3,67,25506,16273,25.3,20.0
Station_01,Inv_00,20170716,16:51:00,0.0,0.0,0,224.0,0.3,67,25506,16273,25.2,20.0
Station_01,Inv_00,20170716,16:52:00,0.0,0.0,0,224.0,0.3,67,25506,16273,25.1,20.0
Station_01,Inv_00,20170716,16:53:00,0.0,0.0,0,224.0,0.3,67,25506,16273,25.0,21.0
Station_01,Inv_00,20170716,16:54:00,0.0,0.0,0,224.0,0.3,67,25506,16273,25.0,22.0
Station_01,Inv_00,20170716,16:55:00,0.0,0.0,0,224.0,0.3,67,25506,16273,25.0,21.0
Station_01,Inv_00,20170716,16:56:00,0.0,0.0,0,224.0,0.3,67,25506,16273,25.0,22.0
Station_01,Inv_00,20170716,16:57:00,0.0,0.0,0,224.0,0.3,67,25506,16273,25.0,22.0
Station_01,Inv_00,20170716,16:58:00,0.0,0.0,0,224.0,0.3,67,25506,16273,24.9,22.0
Station_01,Inv_00,20170716,16:59:00,0.0,0.0,0,224.0,0.3,67,25506,16273,24.9,22.0
Station_01,Inv_00,20170716,17:00:00,0.0,0.0,0,224.0,0.3,67,25506,16273,25.0,22.0
Station_01,Inv_00,20170716,17:01:00,0.0,0.0,0,224.0,0.3,67,25506,16273,25.0,22.0
Station_01,Inv_00,20170716,17:02:00,0.0,0.0,0,224.0,0.3,67,25506,16273,24.9,22.0
Station_01,Inv_00,20170716,17:03:00,0.0,0.0,0,224.0,0.3,67,25506,16273,25.0,22.0
Station_01,Inv_00,20170716,17:04:00,0.0,0.0,0,224.0,0.3,67,25506,16273,24.9,22.0
Station_01,Inv_00,20170716,17:05:00,0.0,0.0,0,224.0,0.3,67,25506,16273,25.0,22.0
Station_01,Inv_00,20170716,17:06:00,0.0,0.0,0,224.0,0.3,67,25506,16273,25.0,22.0
Station_01,Inv_00,20170716,17:07:00,0.0,0.0,0,224.0,0.3,67,25506,16273,25.0,462.0
Station_01,Inv_00,20170716,17:08:00,0.0,0.0,0,224.0,0.3,67,25506,16273,25.0,22.0
Station_01,Inv_00,20170716,17:09:00,0.0,0.0,0,224.0,0.3,67,25506,16273,25.0,22.0
Station_01,Inv_00,20170716,17:10:00,0.0,0.0,0,224.0,0.3,67,25506,16273,24.9,22.0
Station_01,Inv_00,20170716,17:11:00,0.0,0.0,0,224.0,0.3,67,25506,16273,24.9,22.0
Station_01,Inv_00,20170716,17:12:00,0.0,0.0,0,224.0,0.3,67,25506,16273,24.9,22.0
Station_01,Inv_00,20170716,17:13:00,0.0,0.0,0,224.0,0.3,67,25506,16273,24.9,22.0
Station_01,Inv_00,20170716,17:14:00,0.0,0.0,0,224.0,0.3,67,25506,16273,24.9,22.0
Station_01,Inv_00,20170716,17:15:00,0.0,0.0,0,224.0,0.3,67,25506,16273,24.9,21.0
Station_01,Inv_00,20170716,17:16:00,0.0,0.0,0,224.0,0.3,67,25506,16273,24.9,22.0
Station_01,Inv_00,20170716,17:17:00,0.0,0.0,0,224.0,0.3,67,25506,16273,24.9,28.0
Station_01,Inv_00,20170716,17:18:00,0.0,0.0,0,224.0,0.3,67,25506,16273,24.8,21.0
Station_01,Inv_00,20170716,17:19:00,0.0,0.0,0,224.0,0.3,67,25506,16273,24.9,22.0
Station_01,Inv_00,20170716,17:20:00,0.0,0.0,0,224.0,0.3,67,25506,16273,24.9,21.0
Station_01,Inv_00,20170716,17:21:00,0.0,0.0,0,224.0,0.3,67,25506,16273,24.9,21.0
Station_01,Inv_00,20170716,17:22:00,0.0,0.0,0,224.0,0.3,67,25506,16273,24.8,21.0
Station_01,Inv_00,20170716,17:23:00,0.0,0.0,0,224.0,0.3,67,25506,16273,24.8,23.0
Station_01,Inv_00,20170716,17:24:00,0.0,0.0,0,224.0,0.3,67,25506,16273,24.9,21.0
Station_01,Inv_00,20170716,17:25:00,0.0,0.0,0,224.0,0.3,67,25506,16273,24.8,22.0
Station_01,Inv_00,20170716,17:26:00,0.0,0.0,0,224.0,0.3,67,25506,16273,24.9,460.0
Station_01,Inv_00,20170716,17:27:00,0.0,0.0,0,224.0,0.3,67,25506,16273,24.8,21.0
Station_01,Inv_00,20170716,17:28:00,0.0,0.0,0,224.0,0.3,67,25506,16273,24.8,21.0
Station_01,Inv_00,20170716,17:29:00,0.0,0.0,0,224.0,0.3,67,25506,16273,24.8,22.0
Station_01,Inv_00,20170716,17:30:00,0.0,0.0,0,224.0,0.3,67,25506,16273,24.8,21.0
Station_01,Inv_00,20170716,17:31:00,0.0,0.0,0,224.0,0.3,67,25506,16273,24.8,21.0
Station_01,Inv_00,20170716,17:32:00,0.0,0.0,0,224.0,0.3,67,25506,16273,24.8,22.0
Station_01,Inv_00,20170716,17:33:00,0.0,0.0,0,224.0,0.3,67,25506,16273,24.8,21.0
Station_01,Inv_00,20170716,17:34:00,0.0,0.0,0,224.0,0.3,67,25506,16273,24.8,21.0
Station_01,Inv_00,20170716,17:35:00,0.0,0.0,0,224.0,0.3,67,25506,16273,24.9,22.0
Station_01,Inv_00,20170716,17:36:00,0.0,0.0,0,224.0,0.3,67,25506,16273,24.9,21.0
Station_01,Inv_00,20170716,17:37:00,0.0,0.0,0,224.0,0.3,67,25506,16273,24.9,21.0
Station_01,Inv_00,20170716,17:38:00,0.0,0.0,0,224.0,0.3,67,25506,16273,24.9,21.0
Station_01,Inv_00,20170716,17:39:00,0.0,0.0,0,224.0,0.3,67,25506,16273,24.9,21.0
Station_01,Inv_00,20170716,17:40:00,0.0,0.0,0,224.0,0.3,67,25506,16273,24.9,21.0
Station_01,Inv_00,20170716,17:41:00,0.0,0.0,0,224.0,0.3,67,25506,16273,24.9,22.0
Station_01,Inv_00,20170716,17:42:00,0.0,0.0,0,224.0,0.3,67,25506,16273,25.0,37.0
Station_01,Inv_00,20170716,17:43:00,0.0,0.0,0,224.0,0.3,67,25506,16273,24.9,22.0
Station_01,Inv_00,20170716,17:44:00,0.0,0.0,0,224.0,0.3,67,25506,16273,24.9,22.0
Station_01,Inv_00,20170716,17:45:00,0.0,0.0,0,224.0,0.3,67,25506,16273,24.9,22.0
Station_01,Inv_00,20170716,17:46:00,0.0,0.0,0,224.0,0.3,67,25506,16273,25.0,22.0
Station_01,Inv_00,20170716,17:47:00,0.0,0.0,0,224.0,0.3,67,25506,16273,24.9,23.0
Station_01,Inv_00,20170716,17:48:00,0.0,0.0,0,224.0,0.3,67,25506,16273,24.9,22.0
Station_01,Inv_00,20170716,17:49:00,0.0,0.0,0,224.0,0.3,67,25506,16273,24.9,22.0
Station_01,Inv_00,20170716,17:50:00,0.0,0.0,0,224.0,0.3,67,25506,16273,24.9,21.0
Station_01,Inv_00,20170716,17:51:00,0.0,0.0,0,224.0,0.3,67,25506,16273,24.9,22.0
Station_01,Inv_00,20170716,17:52:00,0.0,0.0,0,224.0,0.3,67,25506,16273,24.9,21.0
Station_01,Inv_00,20170716,17:53:00,0.0,0.0,0,224.0,0.3,67,25506,16273,24.9,21.0
Station_01,Inv_00,20170716,17:54:00,0.0,0.0,0,224.0,0.3,67,25506,16273,24.9,21.0
Station_01,Inv_00,20170716,17:55:00,0.0,0.0,0,224.0,0.3,67,25506,16273,24.9,22.0
Station_01,Inv_00,20170716,17:56:00,0.0,0.0,0,224.0,0.3,67,25506,16273,24.9,21.0
Station_01,Inv_00,20170716,17:57:00,0.0,0.0,0,224.0,0.3,67,25506,16273,24.9,22.0
Station_01,Inv_00,20170716,17:58:00,0.0,0.0,0,224.0,0.3,67,25506,16273,24.9,21.0
Station_01,Inv_00,20170716,17:59:00,0.0,0.0,0,224.0,0.3,67,25506,16273,24.9,21.0
Station_01,Inv_00,20170716,18:00:00,0.0,0.0,0,224.0,0.3,67,25506,16273,24.8,21.0
Station_01,Inv_00,20170716,18:01:00,0.0,0.0,0,224.0,0.3,67,25506,16273,24.9,30.0
Station_01,Inv_00,20170716,18:02:00,0.0,0.0,0,224.0,0.3,67,25506,16273,24.9,22.0
Station_01,Inv_00,20170716,18:03:00,0.0,0.0,0,224.0,0.3,67,25506,16273,24.9,21.0
Station_01,Inv_00,20170716,18:04:00,0.0,0.0,0,224.0,0.3,67,25506,16273,24.9,22.0
Station_01,Inv_00,20170716,18:05:00,0.0,0.0,0,224.0,0.3,67,25506,16273,24.9,21.0
Station_01,Inv_00,20170716,18:06:00,0.0,0.0,0,224.0,0.3,67,25506,16273,24.8,21.0
Station_01,Inv_00,20170716,18:07:00,0.0,0.0,0,224.0,0.3,67,25506,16273,24.9,22.0
Station_01,Inv_00,20170716,18:08:00,0.0,0.0,0,224.0,0.3,67,25506,16273,24.9,21.0
Station_01,Inv_00,20170716,18:09:00,0.0,0.0,0,224.0,0.3,67,25506,16273,24.9,21.0
Station_01,Inv_00,20170716,18:10:00,0.0,0.0,0,224.0,0.3,67,25506,16273,24.9,22.0
Station_01,Inv_00,20170716,18:11:00,0.0,0.0,0,224.0,0.3,67,25506,16273,24.9,21.0
Station_01,Inv_00,20170716,18:12:00,0.0,0.0,0,224.0,0.3,67,25506,16273,25.0,22.0
Station_01,Inv_00,20170716,18:13:00,0.0,0.0,0,224.0,0.3,67,25506,16273,25.0,462.0
Station_01,Inv_00,20170716,18:14:00,0.0,0.0,0,224.0,0.3,67,25506,16273,25.0,21.0
Station_01,Inv_00,20170716,18:15:00,0.0,0.0,0,224.0,0.3,67,25506,16273,25.0,21.0
Station_01,Inv_00,20170716,18:16:00,0.0,0.0,0,224.0,0.3,67,25506,16273,25.0,21.0
Station_01,Inv_00,20170716,18:17:00,0.0,0.0,0,224.0,0.3,67,25506,16273,25.0,21.0
Station_01,Inv_00,20170716,18:18:00,0.0,0.0,0,224.0,0.3,67,25506,16273,25.0,21.0
Station_01,Inv_00,20170716,18:19:00,0.0,0.0,0,224.0,0.3,67,25506,16273,25.0,21.0
Station_01,Inv_00,20170716,18:20:00,0.0,0.0,0,224.0,0.3,67,25506,16273,25.0,21.0
Station_01,Inv_00,20170716,18:21:00,0.0,0.0,0,224.0,0.3,67,25506,16273,25.1,21.0
Station_01,Inv_00,20170716,18:22:00,0.0,0.0,0,224.0,0.3,67,25506,16273,25.1,21.0
Station_01,Inv_00,20170716,18:23:00,0.0,0.0,0,224.0,0.3,67,25506,16273,25.0,21.0
Station_01,Inv_00,20170716,18:24:00,0.0,0.0,0,224.0,0.3,67,25506,16273,25.1,21.0
Station_01,Inv_00,20170716,18:25:00,0.0,0.0,0,224.0,0.3,67,25506,16273,25.1,21.0
Station_01,Inv_00,20170716,18:26:00,0.0,0.0,0,224.0,0.3,67,25506,16273,25.1,21.0
Station_01,Inv_00,20170716,18:27:00,0.0,0.0,0,224.0,0.3,67,25506,16273,25.1,21.0
Station_01,Inv_00,20170716,18:28:00,0.0,0.0,0,224.0,0.3,67,25506,16273,25.1,21.0
Station_01,Inv_00,20170716,18:29:00,0.0,0.0,0,224.0,0.3,67,25506,16273,25.1,21.0
Station_01,Inv_00,20170716,18:30:00,0.0,0.0,0,224.0,0.3,67,25506,16273,25.1,21.0
Station_01,Inv_00,20170716,18:31:00,0.0,0.0,0,224.0,0.3,67,25506,16273,25.0,21.0
Station_01,Inv_00,20170716,18:32:00,0.0,0.0,0,224.0,0.3,67,25506,16273,25.1,20.0
Station_01,Inv_00,20170716,18:33:00,0.0,0.0,0,224.0,0.3,67,25506,16273,25.0,20.0
Station_01,Inv_00,20170716,18:34:00,0.0,0.0,0,224.0,0.3,67,25506,16273,25.1,20.0
Station_01,Inv_00,20170716,18:35:00,0.0,0.0,0,224.0,0.3,67,25506,16273,25.1,20.0
Station_01,Inv_00,20170716,18:36:00,0.0,0.0,0,224.0,0.3,67,25506,16273,25.1,20.0
Station_01,Inv_00,20170716,18:37:00,0.0,0.0,0,224.0,0.3,67,25506,16273,25.2,20.0
Station_01,Inv_00,20170716,18:38:00,0.0,0.0,0,224.0,0.3,67,25506,16273,25.2,20.0
Station_01,Inv_00,20170716,18:39:00,0.0,0.0,0,224.0,0.3,67,25506,16273,25.2,20.0
Station_01,Inv_00,20170716,18:40:00,0.0,0.0,0,224.0,0.3,67,25506,16273,25.2,20.0
Station_01,Inv_00,20170716,18:41:00,0.0,0.0,0,224.0,0.3,67,25506,16273,25.3,20.0
Station_01,Inv_00,20170716,18:42:00,0.0,0.0,0,224.0,0.3,67,25506,16273,25.3,20.0
Station_01,Inv_00,20170716,18:43:00,0.0,0.0,0,224.0,0.3,67,25506,16273,25.4,20.0
Station_01,Inv_00,20170716,18:44:00,0.0,0.0,0,224.0,0.3,67,25506,16273,25.3,20.0
Station_01,Inv_00,20170716,18:45:00,0.0,0.0,0,224.0,0.3,67,25506,16273,25.3,20.0
Station_01,Inv_00,20170716,18:46:00,0.0,0.0,0,224.0,0.3,67,25506,16273,25.3,19.0
Station_01,Inv_00,20170716,18:47:00,0.0,0.0,0,224.0,0.3,67,25506,16273,25.3,19.0
Station_01,Inv_00,20170716,18:48:00,0.0,0.0,0,224.0,0.3,67,25506,16273,25.4,19.0
Station_01,Inv_00,20170716,18:49:00,0.0,0.0,0,224.0,0.3,67,25506,16273,25.3,19.0
Station_01,Inv_00,20170716,18:50:00,0.0,0.0,0,224.0,0.3,67,25506,16273,25.3,19.0
Station_01,Inv_00,20170716,18:51:00,0.0,0.0,0,224.0,0.3,67,25506,16273,25.2,19.0
Station_01,Inv_00,20170716,18:52:00,0.0,0.0,0,224.0,0.3,67,25506,16273,25.3,19.0
Station_01,Inv_00,20170716,18:53:00,0.0,0.0,0,224.0,0.3,67,25506,16273,25.3,19.0
Station_01,Inv_00,20170716,18:54:00,0.0,0.0,0,224.0,0.3,67,25506,16273,25.4,19.0
Station_01,Inv_00,20170716,18:55:00,0.0,0.0,0,224.0,0.3,67,25506,16273,25.4,19.0
Station_01,Inv_00,20170716,18:56:00,0.0,0.0,0,224.0,0.3,67,25506,16273,25.3,19.0
Station_01,Inv_00,20170716,18:57:00,0.0,0.0,0,224.0,0.3,67,25506,16273,25.3,19.0
Station_01,Inv_00,20170716,18:58:00,0.0,0.0,0,224.0,0.3,67,25506,16273,25.2,19.0
Station_01,Inv_00,20170716,18:59:00,0.0,0.0,0,224.0,0.3,67,25506,16273,25.3,19.0
Station_01,Inv_00,20170716,19:00:00,0.0,0.0,0,224.0,0.3,67,25506,16273,25.2,19.0
Station_01,Inv_00,20170716,19:01:00,0.0,0.0,0,224.0,0.3,67,25506,16273,25.1,19.0
Station_01,Inv_00,20170716,19:02:00,0.0,0.0,0,224.0,0.3,67,25506,16273,25.1,19.0
Station_01,Inv_00,20170716,19:03:00,0.0,0.0,0,224.0,0.3,67,25506,16273,25.2,19.0
Station_01,Inv_00,20170716,19:04:00,0.0,0.0,0,224.0,0.3,67,25506,16273,25.1,19.0
Station_01,Inv_00,20170716,19:05:00,0.0,0.0,0,224.0,0.3,67,25506,16273,25.1,19.0
Station_01,Inv_00,20170716,19:06:00,0.0,0.0,0,224.0,0.3,67,25506,16273,25.0,19.0
Station_01,Inv_00,20170716,19:07:00,0.0,0.0,0,224.0,0.3,67,25506,16273,25.0,19.0
Station_01,Inv_00,20170716,19:08:00,0.0,0.0,0,224.0,0.3,67,25506,16273,25.0,19.0
Station_01,Inv_00,20170716,19:09:00,0.0,0.0,0,224.0,0.3,67,25506,16273,25.0,19.0
Station_01,Inv_00,20170716,19:10:00,0.0,0.0,0,224.0,0.3,67,25506,16273,25.0,19.0
Station_01,Inv_00,20170716,19:11:00,0.0,0.0,0,224.0,0.3,67,25506,16273,25.0,20.0
Station_01,Inv_00,20170716,19:12:00,0.0,0.0,0,224.0,0.3,67,25506,16273,25.0,19.0
Station_01,Inv_00,20170716,19:13:00,0.0,0.0,0,224.0,0.3,67,25506,16273,24.9,19.0
Station_01,Inv_00,20170716,19:14:00,0.0,0.0,0,224.0,0.3,67,25506,16273,25.0,19.0
Station_01,Inv_00,20170716,19:15:00,0.0,0.0,0,224.0,0.3,67,25506,16273,24.9,19.0
Station_01,Inv_00,20170716,19:16:00,0.0,0.0,0,224.0,0.3,67,25506,16273,25.0,19.0
Station_01,Inv_00,20170716,19:17:00,0.0,0.0,0,224.0,0.3,67,25506,16273,24.9,20.0
Station_01,Inv_00,20170716,19:18:00,0.0,0.0,0,224.0,0.3,67,25506,16273,24.9,20.0
Station_01,Inv_00,20170716,19:19:00,0.0,0.0,0,224.0,0.3,67,25506,16273,24.8,20.0
Station_01,Inv_00,20170716,19:20:00,0.0,0.0,0,224.0,0.3,67,25506,16273,24.8,20.0
Station_01,Inv_00,20170716,19:21:00,0.0,0.0,0,224.0,0.3,67,25506,16273,24.8,20.0
Station_01,Inv_00,20170716,19:22:00,0.0,0.0,0,224.0,0.3,67,25506,16273,24.8,20.0
Station_01,Inv_00,20170716,19:23:00,0.0,0.0,0,224.0,0.3,67,25506,16273,24.8,20.0
Station_01,Inv_00,20170716,19:24:00,0.0,0.0,0,224.0,0.3,67,25506,16273,24.8,20.0
Station_01,Inv_00,20170716,19:25:00,0.0,0.0,0,224.0,0.3,67,25506,16273,24.7,20.0
Station_01,Inv_00,20170716,19:26:00,0.0,0.0,0,224.0,0.3,67,25506,16273,24.8,20.0
Station_01,Inv_00,20170716,19:27:00,0.0,0.0,0,224.0,0.3,67,25506,16273,24.7,20.0
Station_01,Inv_00,20170716,19:28:00,0.0,0.0,0,224.0,0.3,67,25506,16273,24.6,20.0
Station_01,Inv_00,20170716,19:29:00,0.0,0.0,0,224.0,0.3,67,25506,16273,24.7,21.0
Station_01,Inv_00,20170716,19:30:00,0.0,0.0,0,224.0,0.3,67,25506,16273,24.6,21.0
Station_01,Inv_00,20170716,19:31:00,0.0,0.0,0,224.0,0.3,67,25506,16273,24.7,20.0
Station_01,Inv_00,20170716,19:32:00,0.0,0.0,0,224.0,0.3,67,25506,16273,24.7,20.0
Station_01,Inv_00,20170716,19:33:00,0.0,0.0,0,224.0,0.3,67,25506,16273,24.6,20.0
Station_01,Inv_00,20170716,19:34:00,0.0,0.0,0,224.0,0.3,67,25506,16273,24.6,20.0
Station_01,Inv_00,20170716,19:35:00,0.0,0.0,0,224.0,0.3,67,25506,16273,24.6,20.0
Station_01,Inv_00,20170716,19:36:00,0.0,0.0,0,224.0,0.3,67,25506,16273,24.6,20.0
Station_01,Inv_00,20170716,19:37:00,0.0,0.0,0,224.0,0.3,67,25506,16273,24.6,20.0
Station_01,Inv_00,20170716,19:38:00,0.0,0.0,0,224.0,0.3,67,25506,16273,24.5,20.0
Station_01,Inv_00,20170716,19:39:00,0.0,0.0,0,224.0,0.3,67,25506,16273,24.6,20.0
Station_01,Inv_00,20170716,19:40:00,0.0,0.0,0,224.0,0.3,67,25506,16273,24.6,20.0
Station_01,Inv_00,20170716,19:41:00,0.0,0.0,0,224.0,0.3,67,25506,16273,24.6,20.0
Station_01,Inv_00,20170716,19:42:00,0.0,0.0,0,224.0,0.3,67,25506,16273,24.6,20.0
Station_01,Inv_00,20170716,19:43:00,0.0,0.0,0,224.0,0.3,67,25506,16273,24.7,20.0
Station_01,Inv_00,20170716,19:44:00,0.0,0.0,0,224.0,0.3,67,25506,16273,24.6,20.0
Station_01,Inv_00,20170716,19:45:00,0.0,0.0,0,224.0,0.3,67,25506,16273,24.7,20.0
Station_01,Inv_00,20170716,19:46:00,0.0,0.0,0,224.0,0.3,67,25506,16273,24.6,20.0
Station_01,Inv_00,20170716,19:47:00,0.0,0.0,0,224.0,0.3,67,25506,16273,24.7,20.0
Station_01,Inv_00,20170716,19:48:00,0.0,0.0,0,224.0,0.3,67,25506,16273,24.7,20.0
Station_01,Inv_00,20170716,19:49:00,0.0,0.0,0,224.0,0.3,67,25506,16273,24.8,20.0
Station_01,Inv_00,20170716,19:50:00,0.0,0.0,0,224.0,0.3,67,25506,16273,24.8,20.0
Station_01,Inv_00,20170716,19:51:00,0.0,0.0,0,224.0,0.3,67,25506,16273,24.7,20.0
Station_01,Inv_00,20170716,19:52:00,0.0,0.0,0,224.0,0.3,67,25506,16273,24.8,20.0
Station_01,Inv_00,20170716,19:53:00,0.0,0.0,0,224.0,0.3,67,25506,16273,24.8,20.0
Station_01,Inv_00,20170716,19:54:00,0.0,0.0,0,224.0,0.3,67,25506,16273,24.8,20.0
Station_01,Inv_00,20170716,19:55:00,0.0,0.0,0,224.0,0.3,67,25506,16273,24.8,20.0
Station_01,Inv_00,20170716,19:56:00,0.0,0.0,0,224.0,0.3,67,25506,16273,24.8,20.0
Station_01,Inv_00,20170716,19:57:00,0.0,0.0,0,224.0,0.3,67,25506,16273,24.8,20.0
Station_01,Inv_00,20170716,19:58:00,0.0,0.0,0,224.0,0.3,67,25506,16273,24.8,20.0
Station_01,Inv_00,20170716,19:59:00,0.0,0.0,0,224.0,0.3,67,25506,16273,24.8,21.0
Station_01,Inv_00,20170716,20:00:00,0.0,0.0,0,224.0,0.3,67,25506,16273,24.8,20.0
