Station_01,Inv_00,20170720,05:00:00,0.0,0.0,0,220.0,0.3,66,25555,16304,24.1,18.0
Station_01,Inv_00,20170720,05:01:00,0.0,0.0,0,220.0,0.3,66,25555,16304,24.1,18.0
Station_01,Inv_00,20170720,05:02:00,0.0,0.0,0,220.0,0.3,66,25555,16304,24.1,18.0
Station_01,Inv_00,20170720,05:03:00,0.0,0.0,0,220.0,0.3,66,25555,16304,24.1,18.0
Station_01,Inv_00,20170720,05:04:00,0.0,0.0,0,220.0,0.3,66,25555,16304,24.2,18.0
Station_01,Inv_00,20170720,05:05:00,0.0,0.0,0,220.0,0.3,66,25555,16304,24.1,18.0
Station_01,Inv_00,20170720,05:06:00,0.0,0.0,0,220.0,0.3,66,25555,16304,24.1,19.0
Station_01,Inv_00,20170720,05:07:00,0.0,0.0,0,220.0,0.3,66,25555,16304,24.1,19.0
Station_01,Inv_00,20170720,05:08:00,0.0,0.0,0,220.0,0.3,66,25555,16304,24.2,19.0
Station_01,Inv_00,20170720,05:09:00,0.0,0.0,0,220.0,0.3,66,25555,16304,24.2,19.0
Station_01,Inv_00,20170720,05:10:00,0.0,0.0,0,220.0,0.3,66,25555,16304,24.1,19.0
Station_01,Inv_00,20170720,05:11:00,0.0,0.0,0,220.0,0.3,66,25555,16304,24.1,19.0
Station_01,Inv_00,20170720,05:12:00,0.0,0.0,0,220.0,0.3,66,25555,16304,24.1,20.0
Station_01,Inv_00,20170720,05:13:00,0.0,0.0,0,220.0,0.3,66,25555,16304,24.1,20.0
Station_01,Inv_00,20170720,05:14:00,0.0,0.0,0,220.0,0.3,66,25555,16304,24.2,20.0
Station_01,Inv_00,20170720,05:15:00,0.0,0.0,0,220.0,0.3,66,25555,16304,24.2,20.0
Station_01,Inv_00,20170720,05:16:00,0.0,0.0,0,220.0,0.3,66,25555,16304,24.1,20.0
Station_01,Inv_00,20170720,05:17:00,0.0,0.0,0,220.0,0.3,66,25555,16304,24.1,21.0
Station_01,Inv_00,20170720,05:18:00,0.0,0.0,0,220.0,0.3,66,25555,16304,24.3,21.0
Station_01,Inv_00,20170720,05:19:00,0.0,0.0,0,220.0,0.3,66,25555,16304,24.3,21.0
Station_01,Inv_00,20170720,05:20:00,0.0,0.0,0,220.0,0.3,66,25555,16304,24.2,22.0
Station_01,Inv_00,20170720,05:21:00,0.0,0.0,0,220.0,0.3,66,25555,16304,24.2,22.0
Station_01,Inv_00,20170720,05:22:00,0.0,0.0,0,220.0,0.3,66,25555,16304,24.2,22.0
Station_01,Inv_00,20170720,05:23:00,0.0,0.0,0,220.0,0.3,66,25555,16304,24.2,23.0
Station_01,Inv_00,20170720,05:24:00,0.0,0.0,0,220.0,0.3,66,25555,16304,24.2,23.0
Station_01,Inv_00,20170720,05:25:00,0.0,0.0,0,220.0,0.3,66,25555,16304,24.1,24.0
Station_01,Inv_00,20170720,05:26:00,0.0,0.0,0,220.0,0.3,66,25555,16304,24.1,24.0
Station_01,Inv_00,20170720,05:27:00,0.0,0.0,0,220.0,0.3,66,25555,16304,24.2,25.0
Station_01,Inv_00,20170720,05:28:00,0.0,0.0,0,220.0,0.5,110,25555,16304,24.2,26.0
Station_01,Inv_00,20170720,05:29:00,0.0,0.0,0,220.0,0.5,110,25555,16304,24.2,448.0
Station_01,Inv_00,20170720,05:30:00,0.0,0.0,0,220.0,0.5,110,25555,16304,24.2,28.0
Station_01,Inv_00,20170720,05:31:00,0.0,0.0,0,220.0,0.5,110,25555,16304,24.2,29.0
Station_01,Inv_00,20170720,05:32:00,0.0,0.0,0,220.0,0.5,110,25555,16304,24.2,30.0
Station_01,Inv_00,20170720,05:33:00,0.0,0.0,0,220.0,0.5,110,25555,16304,24.3,31.0
Station_01,Inv_00,20170720,05:34:00,221.0,0.2,44,215.0,0.5,108,25555,16304,24.3,32.0
Station_01,Inv_00,20170720,05:35:00,218.5,0.2,44,215.0,0.5,108,25555,16304,24.3,33.0
Station_01,Inv_00,20170720,05:36:00,207.7,0.3,62,215.0,0.5,108,25555,16304,24.4,34.0
Station_01,Inv_00,20170720,05:37:00,208.0,0.2,42,214.0,0.5,107,25555,16304,24.4,36.0
Station_01,Inv_00,20170720,05:38:00,223.0,0.3,67,215.0,0.5,108,25555,16304,24.5,37.0
Station_01,Inv_00,20170720,05:39:00,216.3,0.3,65,215.0,0.5,108,25555,16304,24.6,39.0
Station_01,Inv_00,20170720,05:40:00,217.0,0.4,87,214.0,0.5,107,25555,16304,24.6,41.0
Station_01,Inv_00,20170720,05:41:00,233.0,0.3,70,215.0,0.5,108,25555,16304,24.6,43.0
Station_01,Inv_00,20170720,05:42:00,209.0,0.4,84,215.0,0.5,108,25555,16304,24.7,44.0
Station_01,Inv_00,20170720,05:43:00,175.0,0.4,70,216.0,0.5,108,25555,16304,24.7,46.0
Station_01,Inv_00,20170720,05:44:00,156.7,0.3,47,217.0,0.5,109,25555,16304,24.7,47.0
Station_01,Inv_00,20170720,05:45:00,220.0,0.4,88,215.0,0.5,108,25555,16304,24.8,49.0
Station_01,Inv_00,20170720,05:46:00,225.0,0.5,113,216.0,0.5,108,25555,16304,24.8,50.0
Station_01,Inv_00,20170720,05:47:00,233.0,0.4,93,216.0,0.6,130,25555,16304,24.9,51.0
Station_01,Inv_00,20170720,05:48:00,223.0,0.5,112,215.0,0.6,129,25555,16304,24.9,54.0
Station_01,Inv_00,20170720,05:49:00,226.0,0.5,113,216.0,0.6,130,25555,16304,24.9,58.0
Station_01,Inv_00,20170720,05:50:00,238.0,0.5,119,216.0,0.7,151,25555,16304,25.0,60.0
Station_01,Inv_00,20170720,05:51:00,230.0,0.6,138,216.0,0.7,151,25555,16304,25.1,62.0
Station_01,Inv_00,20170720,05:52:00,240.0,0.6,144,215.0,0.8,172,25555,16304,25.1,65.0
Station_01,Inv_00,20170720,05:53:00,234.0,0.6,140,216.0,0.8,173,25555,16304,25.2,67.0
Station_01,Inv_00,20170720,05:54:00,237.0,0.6,142,217.0,0.8,174,25555,16304,25.2,70.0
Station_01,Inv_00,20170720,05:55:00,219.0,0.7,153,217.0,0.9,195,25555,16304,25.3,73.0
Station_01,Inv_00,20170720,05:56:00,207.0,0.8,166,217.0,0.8,174,25555,16304,25.3,75.0
Station_01,Inv_00,20170720,05:57:00,229.5,0.8,184,216.0,0.9,194,25555,16304,25.4,78.0
Station_01,Inv_00,20170720,05:58:00,242.0,0.8,194,217.0,1.0,217,25555,16304,25.4,80.0
Station_01,Inv_00,20170720,05:59:00,221.5,0.8,177,217.0,1.0,217,25555,16304,25.5,83.0
Station_01,Inv_00,20170720,06:00:00,248.0,0.8,198,216.0,1.0,216,25555,16304,25.5,85.0
Station_01,Inv_00,20170720,06:01:00,238.0,0.8,190,216.0,1.0,216,25555,16304,25.6,88.0
Station_01,Inv_00,20170720,06:02:00,238.0,0.9,214,215.0,1.0,215,25555,16304,25.7,90.0
Station_01,Inv_00,20170720,06:03:00,237.1,0.9,213,215.0,1.1,237,25555,16304,25.7,93.0
Station_01,Inv_00,20170720,06:04:00,248.5,1.0,249,216.0,1.1,238,25555,16304,25.8,96.0
Station_01,Inv_00,20170720,06:05:00,240.8,1.0,241,216.0,1.1,238,25555,16304,25.8,98.0
Station_01,Inv_00,20170720,06:06:00,249.1,0.9,224,216.0,1.1,238,25555,16304,25.9,100.0
Station_01,Inv_00,20170720,06:07:00,230.0,1.0,230,214.0,1.1,235,25555,16304,25.9,100.0
Station_01,Inv_00,20170720,06:08:00,242.2,0.9,218,215.0,1.1,237,25555,16304,26.0,99.0
Station_01,Inv_00,20170720,06:09:00,242.6,0.9,218,214.0,1.1,235,25555,16304,26.0,93.0
Station_01,Inv_00,20170720,06:10:00,243.0,0.8,194,215.0,1.0,215,25555,16304,25.9,85.0
Station_01,Inv_00,20170720,06:11:00,239.9,0.9,216,215.0,1.0,215,25555,16304,25.9,86.0
Station_01,Inv_00,20170720,06:12:00,239.7,0.9,216,215.0,1.1,237,25555,16304,25.9,91.0
Station_01,Inv_00,20170720,06:13:00,246.8,1.0,247,215.0,1.1,237,25555,16304,26.0,94.0
Station_01,Inv_00,20170720,06:14:00,243.5,1.1,268,217.0,1.2,260,25555,16304,26.0,98.0
Station_01,Inv_00,20170720,06:15:00,250.0,1.2,300,217.0,1.3,282,25555,16304,26.2,109.0
Station_01,Inv_00,20170720,06:16:00,240.0,1.4,336,215.0,1.4,301,25555,16304,26.4,122.0
Station_01,Inv_00,20170720,06:17:00,245.5,1.5,368,215.0,1.5,323,25555,16304,26.6,132.0
Station_01,Inv_00,20170720,06:18:00,245.0,1.5,368,215.0,1.6,344,25555,16304,26.8,138.0
Station_01,Inv_00,20170720,06:19:00,224.2,1.6,359,214.0,1.6,342,25555,16304,26.9,142.0
Station_01,Inv_00,20170720,06:20:00,256.9,1.5,385,215.0,1.7,366,25555,16304,27.0,147.0
Station_01,Inv_00,20170720,06:21:00,230.5,1.7,392,215.0,1.7,366,25555,16304,27.1,151.0
Station_01,Inv_00,20170720,06:22:00,256.5,1.5,385,214.0,1.8,385,25555,16304,27.3,152.0
Station_01,Inv_00,20170720,06:23:00,254.9,1.5,382,217.0,1.8,391,25555,16304,27.4,153.0
Station_01,Inv_00,20170720,06:24:00,232.8,1.7,396,217.0,1.8,391,25555,16304,27.7,155.0
Station_01,Inv_00,20170720,06:25:00,253.5,1.7,431,219.0,1.9,416,25555,16304,27.9,158.0
Station_01,Inv_00,20170720,06:26:00,253.5,1.8,456,218.0,2.0,436,25555,16304,28.1,162.0
Station_01,Inv_00,20170720,06:27:00,259.0,1.8,466,217.0,2.0,434,25555,16304,28.4,165.0
Station_01,Inv_00,20170720,06:28:00,253.8,1.7,432,217.0,2.0,434,25555,16304,28.6,167.0
Station_01,Inv_00,20170720,06:29:00,257.0,1.8,463,217.0,2.0,434,25555,16304,28.9,168.0
Station_01,Inv_00,20170720,06:30:00,249.0,1.8,448,217.0,2.0,434,25555,16304,29.2,172.0
Station_01,Inv_00,20170720,06:31:00,252.0,2.0,504,217.0,2.1,456,25555,16304,29.4,177.0
Station_01,Inv_00,20170720,06:32:00,230.3,2.1,484,217.0,2.1,456,25555,16304,29.5,182.0
Station_01,Inv_00,20170720,06:33:00,253.0,2.1,531,217.0,2.3,499,25555,16304,29.9,186.0
Station_01,Inv_00,20170720,06:34:00,215.5,2.2,474,217.0,2.1,456,25555,16304,30.2,188.0
Station_01,Inv_00,20170720,06:35:00,162.0,2.1,340,217.0,1.6,347,25555,16304,30.4,190.0
Station_01,Inv_00,20170720,06:36:00,158.9,2.3,365,217.0,1.6,347,25555,16304,30.4,193.0
Station_01,Inv_00,20170720,06:37:00,159.3,2.4,382,217.0,1.7,369,25555,16304,30.6,198.0
Station_01,Inv_00,20170720,06:38:00,183.4,2.3,422,217.0,2.0,434,25555,16304,30.7,202.0
Station_01,Inv_00,20170720,06:39:00,237.9,2.5,595,218.0,2.5,545,25555,16304,30.9,208.0
Station_01,Inv_00,20170720,06:40:00,254.5,2.4,611,218.0,2.7,589,25555,16304,31.0,213.0
Station_01,Inv_00,20170720,06:41:00,209.8,2.6,546,218.0,2.4,523,25555,16304,31.4,215.0
Station_01,Inv_00,20170720,06:42:00,251.5,2.6,654,218.0,2.8,610,25555,16304,31.5,217.0
Station_01,Inv_00,20170720,06:43:00,254.0,2.6,660,219.0,2.8,613,25555,16304,31.7,221.0
Station_01,Inv_00,20170720,06:44:00,215.5,2.7,582,218.0,2.5,545,25555,16304,31.6,223.0
Station_01,Inv_00,20170720,06:45:00,239.0,2.8,669,217.0,2.9,629,25555,16304,31.6,226.0
Station_01,Inv_00,20170720,06:46:00,242.5,2.8,679,216.0,3.0,648,25555,16304,31.7,230.0
Station_01,Inv_00,20170720,06:47:00,254.0,2.8,711,217.0,3.1,673,25555,16304,32.1,235.0
Station_01,Inv_00,20170720,06:48:00,252.9,2.9,734,217.0,3.1,673,25555,16304,32.2,240.0
Station_01,Inv_00,20170720,06:49:00,237.0,3.0,711,217.0,3.1,673,25555,16304,32.2,245.0
Station_01,Inv_00,20170720,06:50:00,235.4,3.1,730,218.0,3.1,676,25555,16304,32.3,247.0
Station_01,Inv_00,20170720,06:51:00,252.0,3.1,781,218.0,3.4,741,25555,16304,32.6,252.0
Station_01,Inv_00,20170720,06:52:00,231.0,3.2,739,218.0,3.2,698,25555,16304,32.7,254.0
Station_01,Inv_00,20170720,06:53:00,246.9,3.3,815,218.0,3.5,763,25555,16304,32.7,258.0
Station_01,Inv_00,20170720,06:54:00,234.5,3.4,797,218.0,3.4,741,25555,16304,32.8,262.0
Station_01,Inv_00,20170720,06:55:00,238.5,3.4,811,218.0,3.5,763,25555,16304,33.2,266.0
Station_01,Inv_00,20170720,06:56:00,249.0,3.4,847,218.0,3.6,785,25555,16304,33.1,268.0
Station_01,Inv_00,20170720,06:57:00,232.0,3.4,789,219.0,3.5,767,25555,16304,33.4,271.0
Station_01,Inv_00,20170720,06:58:00,250.0,3.5,875,218.0,3.8,828,25555,16304,33.4,274.0
Station_01,Inv_00,20170720,06:59:00,248.0,3.6,893,218.0,3.8,828,25555,16304,33.9,276.0
Station_01,Inv_00,20170720,07:00:00,246.5,3.6,887,216.0,3.9,842,25555,16304,34.3,279.0
Station_01,Inv_00,20170720,07:01:00,237.4,3.7,878,217.0,3.8,825,25555,16304,34.4,283.0
Station_01,Inv_00,20170720,07:02:00,244.0,3.7,903,216.0,3.9,842,25555,16304,34.8,282.0
Station_01,Inv_00,20170720,07:03:00,250.0,3.7,925,217.0,3.9,846,25555,16304,35.0,284.0
Station_01,Inv_00,20170720,07:04:00,240.7,3.6,867,217.0,3.9,846,25555,16304,35.0,284.0
Station_01,Inv_00,20170720,07:05:00,244.5,3.6,880,216.0,3.9,842,25555,16304,35.4,283.0
Station_01,Inv_00,20170720,07:06:00,238.5,3.7,882,216.0,4.0,864,25555,16304,35.5,287.0
Station_01,Inv_00,20170720,07:07:00,243.4,3.7,901,218.0,3.9,850,25555,16304,35.7,288.0
Station_01,Inv_00,20170720,07:08:00,245.5,3.7,908,218.0,3.9,850,25555,16304,35.5,279.0
Station_01,Inv_00,20170720,07:09:00,240.8,3.9,939,217.0,4.0,868,25555,16304,35.6,287.0
Station_01,Inv_00,20170720,07:10:00,245.9,3.9,959,217.0,4.1,890,25555,16304,35.8,301.0
Station_01,Inv_00,20170720,07:11:00,238.0,4.1,976,218.0,4.1,894,25555,16304,35.9,304.0
Station_01,Inv_00,20170720,07:12:00,245.0,4.2,1029,217.0,4.3,933,25555,16304,36.1,310.0
Station_01,Inv_00,20170720,07:13:00,244.4,4.3,1051,216.0,4.4,950,25555,16304,36.4,315.0
Station_01,Inv_00,20170720,07:14:00,236.0,4.3,1015,215.0,4.5,968,25555,16304,36.4,324.0
Station_01,Inv_00,20170720,07:15:00,236.0,4.4,1038,216.0,4.6,994,25555,16304,36.8,328.0
Station_01,Inv_00,20170720,07:16:00,235.5,4.5,1060,216.0,4.6,994,25555,16304,37.3,333.0
Station_01,Inv_00,20170720,07:17:00,235.5,4.7,1107,216.0,4.6,994,25555,16304,37.4,337.0
Station_01,Inv_00,20170720,07:18:00,235.5,4.6,1083,216.0,4.7,1015,25555,16304,37.6,342.0
Station_01,Inv_00,20170720,07:19:00,236.4,4.7,1111,217.0,4.9,1063,25555,16304,37.5,348.0
Station_01,Inv_00,20170720,07:20:00,244.4,4.7,1149,217.0,5.0,1085,25555,16304,37.7,352.0
Station_01,Inv_00,20170720,07:21:00,245.0,4.9,1200,216.0,5.1,1102,25555,16304,38.0,353.0
Station_01,Inv_00,20170720,07:22:00,242.9,4.8,1166,216.0,5.1,1102,25555,16304,38.3,355.0
Station_01,Inv_00,20170720,07:23:00,244.4,4.9,1198,216.0,5.1,1102,25555,16304,38.7,360.0
Station_01,Inv_00,20170720,07:24:00,244.4,4.9,1198,217.0,5.2,1128,25555,16304,38.4,364.0
Station_01,Inv_00,20170720,07:25:00,242.0,5.0,1210,217.0,5.2,1128,25555,16304,38.3,367.0
Station_01,Inv_00,20170720,07:26:00,244.0,5.2,1269,217.0,5.3,1150,25555,16304,39.1,369.0
Station_01,Inv_00,20170720,07:27:00,236.4,5.3,1253,217.0,5.3,1150,25555,16304,39.3,373.0
Station_01,Inv_00,20170720,07:28:00,236.0,5.3,1251,218.0,5.4,1177,25556,16305,39.6,378.0
Station_01,Inv_00,20170720,07:29:00,239.5,5.4,1293,217.0,5.5,1194,25556,16305,39.2,380.0
Station_01,Inv_00,20170720,07:30:00,239.4,5.5,1317,217.0,5.6,1215,25556,16305,39.1,384.0
Station_01,Inv_00,20170720,07:31:00,244.5,5.3,1296,217.0,5.6,1215,25556,16305,39.2,389.0
Station_01,Inv_00,20170720,07:32:00,234.0,5.5,1287,216.0,5.6,1210,25556,16305,39.2,393.0
Station_01,Inv_00,20170720,07:33:00,233.0,5.6,1305,216.0,5.7,1231,25556,16305,39.6,397.0
Station_01,Inv_00,20170720,07:34:00,233.5,5.7,1331,217.0,5.8,1259,25556,16305,40.1,400.0
Station_01,Inv_00,20170720,07:35:00,235.5,5.9,1389,217.0,5.9,1280,25556,16305,40.4,403.0
Station_01,Inv_00,20170720,07:36:00,239.4,5.7,1365,217.0,6.0,1302,25556,16305,40.2,408.0
Station_01,Inv_00,20170720,07:37:00,231.5,5.9,1366,218.0,5.8,1264,25556,16305,40.0,411.0
Station_01,Inv_00,20170720,07:38:00,243.0,5.8,1409,218.0,6.2,1352,25556,16305,39.8,416.0
Station_01,Inv_00,20170720,07:39:00,241.9,5.9,1428,218.0,6.2,1352,25556,16305,40.0,419.0
Station_01,Inv_00,20170720,07:40:00,239.9,6.0,1440,219.0,6.2,1358,25556,16305,40.1,425.0
Station_01,Inv_00,20170720,07:41:00,242.0,6.1,1476,219.0,6.3,1380,25556,16305,40.9,429.0
Station_01,Inv_00,20170720,07:42:00,239.9,6.2,1487,219.0,6.4,1402,25556,16305,41.0,434.0
Station_01,Inv_00,20170720,07:43:00,240.0,6.3,1512,220.0,6.4,1408,25556,16305,41.3,434.0
Station_01,Inv_00,20170720,07:44:00,232.0,6.4,1485,220.0,6.4,1408,25556,16305,42.1,439.0
Station_01,Inv_00,20170720,07:45:00,239.5,6.5,1557,220.0,6.6,1452,25556,16305,41.9,444.0
Station_01,Inv_00,20170720,07:46:00,234.5,6.4,1501,220.0,6.5,1430,25556,16305,42.8,447.0
Station_01,Inv_00,20170720,07:47:00,237.0,6.5,1540,220.0,6.7,1474,25556,16305,43.3,450.0
Station_01,Inv_00,20170720,07:48:00,238.0,6.7,1594,220.0,6.7,1474,25556,16305,44.0,453.0
Station_01,Inv_00,20170720,07:49:00,238.5,6.7,1598,220.0,6.7,1474,25556,16305,43.6,457.0
Station_01,Inv_00,20170720,07:50:00,236.5,6.8,1608,220.0,6.7,1474,25556,16305,43.8,460.0
Station_01,Inv_00,20170720,07:51:00,240.0,6.6,1584,220.0,6.8,1496,25556,16305,43.4,464.0
Station_01,Inv_00,20170720,07:52:00,237.5,6.9,1639,220.0,6.9,1518,25556,16305,43.9,467.0
Station_01,Inv_00,20170720,07:53:00,239.0,6.8,1625,220.0,7.0,1540,25556,16305,44.0,470.0
Station_01,Inv_00,20170720,07:54:00,234.5,7.1,1665,220.0,7.1,1562,25556,16305,44.6,476.0
Station_01,Inv_00,20170720,07:55:00,235.0,7.1,1669,220.0,7.2,1584,25556,16305,44.0,481.0
Station_01,Inv_00,20170720,07:56:00,232.0,6.7,1554,220.0,6.7,1474,25556,16305,43.9,461.0
Station_01,Inv_00,20170720,07:57:00,231.5,6.7,1551,219.0,6.7,1467,25556,16305,44.3,449.0
Station_01,Inv_00,20170720,07:58:00,239.0,6.9,1649,218.0,7.2,1570,25556,16305,43.4,475.0
Station_01,Inv_00,20170720,07:59:00,238.0,7.3,1737,218.0,7.4,1613,25556,16305,43.7,493.0
Station_01,Inv_00,20170720,08:00:00,236.9,7.2,1706,218.0,7.4,1613,25556,16305,44.3,494.0
Station_01,Inv_00,20170720,08:01:00,237.0,7.3,1730,218.0,7.5,1635,25556,16305,43.7,502.0
Station_01,Inv_00,20170720,08:02:00,238.5,7.3,1741,218.0,7.6,1657,25556,16305,44.5,504.0
Station_01,Inv_00,20170720,08:03:00,237.0,7.4,1754,219.0,7.7,1686,25556,16305,44.7,507.0
Station_01,Inv_00,20170720,08:04:00,228.5,7.7,1759,219.0,7.6,1664,25556,16305,45.4,508.0
Station_01,Inv_00,20170720,08:05:00,237.0,7.5,1778,219.0,7.7,1686,25556,16305,45.7,515.0
Station_01,Inv_00,20170720,08:06:00,234.9,7.6,1786,218.0,7.8,1700,25556,16305,45.2,520.0
Station_01,Inv_00,20170720,08:07:00,230.0,7.8,1794,217.0,7.8,1693,25557,16305,45.2,523.0
Station_01,Inv_00,20170720,08:08:00,236.5,7.9,1868,218.0,8.0,1744,25557,16305,45.9,529.0
Station_01,Inv_00,20170720,08:09:00,234.0,7.9,1849,218.0,8.0,1744,25557,16305,46.2,532.0
Station_01,Inv_00,20170720,08:10:00,235.5,7.9,1860,217.0,8.1,1758,25557,16305,45.4,535.0
Station_01,Inv_00,20170720,08:11:00,235.5,7.9,1860,217.0,8.1,1758,25557,16305,46.3,536.0
Station_01,Inv_00,20170720,08:12:00,234.0,8.0,1872,217.0,8.2,1779,25557,16305,45.8,540.0
Station_01,Inv_00,20170720,08:13:00,232.5,8.1,1883,217.0,8.2,1779,25557,16305,45.9,544.0
Station_01,Inv_00,20170720,08:14:00,233.0,8.2,1911,217.0,8.3,1801,25557,16305,45.5,549.0
Station_01,Inv_00,20170720,08:15:00,230.5,8.3,1913,217.0,8.3,1801,25557,16305,45.9,555.0
Station_01,Inv_00,20170720,08:16:00,230.5,8.4,1936,218.0,8.4,1831,25557,16305,47.4,555.0
Station_01,Inv_00,20170720,08:17:00,231.5,8.4,1945,217.0,8.5,1845,25557,16305,47.3,559.0
Station_01,Inv_00,20170720,08:18:00,235.0,8.3,1951,218.0,8.5,1853,25557,16305,47.7,562.0
Station_01,Inv_00,20170720,08:19:00,230.0,8.5,1955,217.0,8.5,1845,25557,16305,48.2,562.0
Station_01,Inv_00,20170720,08:20:00,233.0,8.5,1980,217.0,8.6,1866,25557,16305,49.2,565.0
Station_01,Inv_00,20170720,08:21:00,226.0,8.7,1966,217.0,8.6,1866,25557,16305,49.6,568.0
Station_01,Inv_00,20170720,08:22:00,229.0,8.7,1992,217.0,8.7,1888,25557,16305,49.4,573.0
Station_01,Inv_00,20170720,08:23:00,225.5,8.7,1962,217.0,8.7,1888,25557,16305,49.8,573.0
Station_01,Inv_00,20170720,08:24:00,228.5,8.8,2011,217.0,8.7,1888,25557,16305,49.6,575.0
Station_01,Inv_00,20170720,08:25:00,230.0,8.9,2047,217.0,8.8,1910,25557,16305,50.2,583.0
Station_01,Inv_00,20170720,08:26:00,228.9,8.8,2015,217.0,8.7,1888,25557,16305,49.6,582.0
Station_01,Inv_00,20170720,08:27:00,231.5,8.7,2014,217.0,8.7,1888,25557,16305,49.9,579.0
Station_01,Inv_00,20170720,08:28:00,228.5,8.9,2034,217.0,8.9,1931,25557,16305,49.9,587.0
Station_01,Inv_00,20170720,08:29:00,227.5,9.1,2070,217.0,9.0,1953,25557,16305,50.0,594.0
Station_01,Inv_00,20170720,08:30:00,229.0,9.1,2084,217.0,9.1,1975,25557,16305,50.2,599.0
Station_01,Inv_00,20170720,08:31:00,229.5,9.1,2088,217.0,9.2,1996,25557,16305,48.9,603.0
Station_01,Inv_00,20170720,08:32:00,231.5,9.1,2107,217.0,9.1,1975,25557,16305,48.6,603.0
Station_01,Inv_00,20170720,08:33:00,232.5,9.0,2093,216.0,9.2,1987,25557,16305,49.5,602.0
Station_01,Inv_00,20170720,08:34:00,234.0,9.0,2106,217.0,9.2,1996,25557,16305,50.0,604.0
Station_01,Inv_00,20170720,08:35:00,227.5,9.4,2139,218.0,9.3,2027,25557,16305,50.0,611.0
Station_01,Inv_00,20170720,08:36:00,228.5,9.3,2125,217.0,9.3,2018,25557,16305,49.8,612.0
Station_01,Inv_00,20170720,08:37:00,229.0,9.4,2152,217.0,9.4,2040,25558,16306,51.0,617.0
Station_01,Inv_00,20170720,08:38:00,224.5,9.6,2155,217.0,9.4,2040,25558,16306,50.5,621.0
Station_01,Inv_00,20170720,08:39:00,227.5,9.4,2139,217.0,9.3,2018,25558,16306,51.8,617.0
Station_01,Inv_00,20170720,08:40:00,228.9,9.4,2152,217.0,9.4,2040,25558,16306,51.8,621.0
Station_01,Inv_00,20170720,08:41:00,228.0,9.5,2166,218.0,9.4,2049,25558,16306,51.1,629.0
Station_01,Inv_00,20170720,08:42:00,227.0,9.7,2202,218.0,9.5,2071,25558,16306,50.5,631.0
Station_01,Inv_00,20170720,08:43:00,228.0,9.7,2212,218.0,9.6,2093,25558,16306,51.8,633.0
Station_01,Inv_00,20170720,08:44:00,227.0,9.7,2202,218.0,9.6,2093,25558,16306,52.0,634.0
Station_01,Inv_00,20170720,08:45:00,227.4,9.8,2229,218.0,9.6,2093,25558,16306,52.5,638.0
Station_01,Inv_00,20170720,08:46:00,224.5,9.9,2223,218.0,9.7,2115,25558,16306,52.7,637.0
Station_01,Inv_00,20170720,08:47:00,225.5,9.9,2232,218.0,9.8,2136,25558,16306,54.2,640.0
Station_01,Inv_00,20170720,08:48:00,229.5,9.8,2249,217.0,9.8,2127,25558,16306,54.0,645.0
Station_01,Inv_00,20170720,08:49:00,228.0,9.9,2257,218.0,9.8,2136,25558,16306,54.3,647.0
Station_01,Inv_00,20170720,08:50:00,218.0,10.4,2267,218.0,9.8,2136,25558,16306,54.3,653.0
Station_01,Inv_00,20170720,08:51:00,226.0,10.1,2283,218.0,9.9,2158,25558,16306,53.5,658.0
Station_01,Inv_00,20170720,08:52:00,227.0,10.1,2293,218.0,9.9,2158,25558,16306,52.5,659.0
Station_01,Inv_00,20170720,08:53:00,227.5,10.1,2298,216.0,10.0,2160,25558,16306,52.9,658.0
Station_01,Inv_00,20170720,08:54:00,223.0,10.2,2274,217.0,9.9,2148,25558,16306,54.0,654.0
Station_01,Inv_00,20170720,08:55:00,225.5,10.3,2323,217.0,10.1,2192,25558,16306,53.5,663.0
Station_01,Inv_00,20170720,08:56:00,227.0,10.3,2338,216.0,10.2,2203,25558,16306,54.4,668.0
Station_01,Inv_00,20170720,08:57:00,223.5,10.5,2347,215.0,10.3,2215,25558,16306,54.0,674.0
Station_01,Inv_00,20170720,08:58:00,225.9,10.3,2327,216.0,10.2,2203,25558,16306,55.2,670.0
Station_01,Inv_00,20170720,08:59:00,224.0,10.4,2330,215.0,10.2,2193,25558,16306,55.3,674.0
Station_01,Inv_00,20170720,09:00:00,222.5,10.6,2358,218.0,10.2,2224,25558,16306,55.5,678.0
Station_01,Inv_00,20170720,09:01:00,220.0,10.7,2354,219.0,10.1,2212,25558,16306,56.9,679.0
Station_01,Inv_00,20170720,09:02:00,222.0,10.5,2331,219.0,10.0,2190,25558,16306,57.6,676.0
Station_01,Inv_00,20170720,09:03:00,218.5,10.7,2338,218.0,10.1,2202,25558,16306,58.0,681.0
Station_01,Inv_00,20170720,09:04:00,219.4,10.8,2370,219.0,10.3,2256,25559,16307,58.8,688.0
Station_01,Inv_00,20170720,09:05:00,221.5,10.7,2370,219.0,10.3,2256,25559,16307,58.7,689.0
Station_01,Inv_00,20170720,09:06:00,221.0,10.9,2409,218.0,10.3,2245,25559,16307,58.6,694.0
Station_01,Inv_00,20170720,09:07:00,216.5,11.1,2403,219.0,10.3,2256,25559,16307,57.3,700.0
Station_01,Inv_00,20170720,09:08:00,221.5,10.9,2414,219.0,10.4,2278,25559,16307,56.9,704.0
Station_01,Inv_00,20170720,09:09:00,222.0,10.9,2420,219.0,10.4,2278,25559,16307,55.0,702.0
Station_01,Inv_00,20170720,09:10:00,220.0,11.0,2420,218.0,10.5,2289,25559,16307,57.2,703.0
Station_01,Inv_00,20170720,09:11:00,219.5,11.2,2458,219.0,10.5,2300,25559,16307,57.4,706.0
Station_01,Inv_00,20170720,09:12:00,220.5,11.1,2447,219.0,10.6,2321,25559,16307,58.6,712.0
Station_01,Inv_00,20170720,09:13:00,219.0,11.3,2475,218.0,10.6,2311,25559,16307,56.4,712.0
Station_01,Inv_00,20170720,09:14:00,218.5,11.4,2490,218.0,10.7,2333,25559,16307,57.0,720.0
Station_01,Inv_00,20170720,09:15:00,220.5,11.3,2492,218.0,10.8,2354,25559,16307,56.4,724.0
Station_01,Inv_00,20170720,09:16:00,222.5,11.2,2492,219.0,10.7,2343,25559,16307,56.9,722.0
Station_01,Inv_00,20170720,09:17:00,219.0,11.5,2518,219.0,10.8,2365,25559,16307,58.7,724.0
Station_01,Inv_00,20170720,09:18:00,220.5,11.4,2514,218.0,10.8,2354,25559,16307,57.4,723.0
Station_01,Inv_00,20170720,09:19:00,211.0,11.6,2448,218.0,10.7,2333,25559,16307,54.9,726.0
Station_01,Inv_00,20170720,09:20:00,222.0,11.3,2509,219.0,10.7,2343,25559,16307,56.4,722.0
Station_01,Inv_00,20170720,09:21:00,215.5,11.7,2521,218.0,10.8,2354,25559,16307,55.8,731.0
Station_01,Inv_00,20170720,09:22:00,221.0,11.5,2542,218.0,10.9,2376,25559,16307,57.2,736.0
Station_01,Inv_00,20170720,09:23:00,217.5,11.6,2523,219.0,10.8,2365,25559,16307,55.9,735.0
Station_01,Inv_00,20170720,09:24:00,220.0,11.5,2530,219.0,10.9,2387,25559,16307,55.3,732.0
Station_01,Inv_00,20170720,09:25:00,218.0,11.8,2572,218.0,11.1,2420,25559,16307,54.5,739.0
Station_01,Inv_00,20170720,09:26:00,220.5,11.9,2624,219.0,11.3,2475,25559,16307,53.0,745.0
Station_01,Inv_00,20170720,09:27:00,223.5,11.7,2615,219.0,11.3,2475,25559,16307,53.2,750.0
Station_01,Inv_00,20170720,09:28:00,218.0,12.0,2616,220.0,11.2,2464,25560,16307,54.7,751.0
Station_01,Inv_00,20170720,09:29:00,217.0,12.1,2625,220.0,11.3,2486,25560,16307,54.5,762.0
Station_01,Inv_00,20170720,09:30:00,220.0,12.0,2640,219.0,11.3,2475,25560,16307,54.4,761.0
Station_01,Inv_00,20170720,09:31:00,215.5,12.3,2651,220.0,11.3,2486,25560,16307,54.6,760.0
Station_01,Inv_00,20170720,09:32:00,223.0,11.9,2654,220.0,11.4,2508,25560,16307,55.3,766.0
Station_01,Inv_00,20170720,09:33:00,221.5,12.1,2680,219.0,11.6,2540,25560,16307,56.1,773.0
Station_01,Inv_00,20170720,09:34:00,219.0,12.1,2650,219.0,11.5,2519,25560,16307,55.1,771.0
Station_01,Inv_00,20170720,09:35:00,221.0,12.1,2674,220.0,11.5,2530,25560,16307,55.4,773.0
Station_01,Inv_00,20170720,09:36:00,222.5,12.0,2670,220.0,11.5,2530,25560,16307,56.4,770.0
Station_01,Inv_00,20170720,09:37:00,219.0,12.3,2694,220.0,11.5,2530,25560,16307,56.2,774.0
Station_01,Inv_00,20170720,09:38:00,220.5,12.1,2668,220.0,11.4,2508,25560,16307,55.8,771.0
Station_01,Inv_00,20170720,09:39:00,219.0,12.3,2694,220.0,11.5,2530,25560,16307,57.4,779.0
Station_01,Inv_00,20170720,09:40:00,216.5,12.5,2706,221.0,11.5,2542,25560,16307,55.8,786.0
Station_01,Inv_00,20170720,09:41:00,218.0,12.5,2725,222.0,11.6,2575,25560,16307,57.6,786.0
Station_01,Inv_00,20170720,09:42:00,216.5,12.7,2750,219.0,11.8,2584,25560,16307,57.2,793.0
Station_01,Inv_00,20170720,09:43:00,219.5,12.5,2744,219.0,11.8,2584,25560,16307,56.4,798.0
Station_01,Inv_00,20170720,09:44:00,215.5,12.7,2737,218.0,11.8,2572,25560,16307,57.6,791.0
Station_01,Inv_00,20170720,09:45:00,215.5,12.7,2737,218.0,11.8,2572,25560,16307,57.4,796.0
Station_01,Inv_00,20170720,09:46:00,220.5,12.4,2734,219.0,11.8,2584,25560,16307,56.5,795.0
Station_01,Inv_00,20170720,09:47:00,217.5,12.8,2784,219.0,11.9,2606,25560,16307,58.7,802.0
Station_01,Inv_00,20170720,09:48:00,214.5,13.0,2789,218.0,12.0,2616,25560,16307,58.8,814.0
Station_01,Inv_00,20170720,09:49:00,217.5,12.7,2762,219.0,11.9,2606,25560,16307,60.5,809.0
Station_01,Inv_00,20170720,09:50:00,208.5,13.1,2731,219.0,11.8,2584,25561,16308,61.0,806.0
Station_01,Inv_00,20170720,09:51:00,215.5,12.7,2737,219.0,11.8,2584,25561,16308,61.6,810.0
Station_01,Inv_00,20170720,09:52:00,217.5,12.7,2762,219.0,11.9,2606,25561,16308,61.5,810.0
Station_01,Inv_00,20170720,09:53:00,213.5,13.0,2775,219.0,11.9,2606,25561,16308,62.7,814.0
Station_01,Inv_00,20170720,09:54:00,217.5,12.9,2806,219.0,12.0,2628,25561,16308,63.1,821.0
Station_01,Inv_00,20170720,09:55:00,217.0,12.9,2799,219.0,12.0,2628,25561,16308,61.0,825.0
Station_01,Inv_00,20170720,09:56:00,211.0,13.3,2806,219.0,11.9,2606,25561,16308,63.3,826.0
Station_01,Inv_00,20170720,09:57:00,215.5,13.0,2801,219.0,12.0,2628,25561,16308,63.4,829.0
Station_01,Inv_00,20170720,09:58:00,216.0,12.9,2786,219.0,12.0,2628,25561,16308,62.4,826.0
Station_01,Inv_00,20170720,09:59:00,214.0,13.0,2782,219.0,11.9,2606,25561,16308,62.7,828.0
Station_01,Inv_00,20170720,10:00:00,211.5,13.1,2771,220.0,11.9,2618,25561,16308,62.9,823.0
Station_01,Inv_00,20170720,10:01:00,213.5,12.9,2754,219.0,11.8,2584,25561,16308,63.6,819.0
Station_01,Inv_00,20170720,10:02:00,214.5,12.7,2724,219.0,11.8,2584,25561,16308,64.2,812.0
Station_01,Inv_00,20170720,10:03:00,213.5,12.8,2733,220.0,11.8,2596,25561,16308,64.3,830.0
Station_01,Inv_00,20170720,10:04:00,214.0,12.9,2761,220.0,11.8,2596,25561,16308,62.5,822.0
Station_01,Inv_00,20170720,10:05:00,212.9,12.9,2747,219.0,11.8,2584,25561,16308,63.7,818.0
Station_01,Inv_00,20170720,10:06:00,215.5,12.9,2780,219.0,11.8,2584,25561,16308,63.2,825.0
Station_01,Inv_00,20170720,10:07:00,212.5,13.1,2784,219.0,11.9,2606,25561,16308,62.3,834.0
Station_01,Inv_00,20170720,10:08:00,215.5,13.0,2801,219.0,11.9,2606,25561,16308,64.1,832.0
Station_01,Inv_00,20170720,10:09:00,209.0,13.3,2780,219.0,11.9,2606,25561,16308,63.5,828.0
Station_01,Inv_00,20170720,10:10:00,213.0,13.2,2811,218.0,12.2,2660,25561,16308,65.5,844.0
Station_01,Inv_00,20170720,10:11:00,210.5,13.5,2842,218.0,12.2,2660,25561,16308,66.5,844.0
Station_01,Inv_00,20170720,10:12:00,210.5,13.5,2842,218.0,12.2,2660,25562,16309,66.5,849.0
Station_01,Inv_00,20170720,10:13:00,211.0,13.4,2827,219.0,12.2,2672,25562,16309,67.6,856.0
Station_01,Inv_00,20170720,10:14:00,209.5,13.5,2828,219.0,12.2,2672,25562,16309,67.3,850.0
Station_01,Inv_00,20170720,10:15:00,209.5,13.5,2828,219.0,12.2,2672,25562,16309,66.3,852.0
Station_01,Inv_00,20170720,10:16:00,206.5,13.7,2829,218.0,12.1,2638,25562,16309,67.0,847.0
Station_01,Inv_00,20170720,10:17:00,209.0,13.6,2842,218.0,12.2,2660,25562,16309,65.0,854.0
Station_01,Inv_00,20170720,10:18:00,212.5,13.4,2847,218.0,12.3,2681,25562,16309,64.1,854.0
Station_01,Inv_00,20170720,10:19:00,209.0,13.7,2863,218.0,12.3,2681,25562,16309,64.7,859.0
Station_01,Inv_00,20170720,10:20:00,207.0,13.9,2877,218.0,12.4,2703,25562,16309,66.2,877.0
Station_01,Inv_00,20170720,10:21:00,206.5,13.9,2870,218.0,12.3,2681,25562,16309,66.4,863.0
Station_01,Inv_00,20170720,10:22:00,208.0,13.8,2870,218.0,12.4,2703,25562,16309,63.7,866.0
Station_01,Inv_00,20170720,10:23:00,209.0,13.8,2884,218.0,12.4,2703,25562,16309,64.7,858.0
Station_01,Inv_00,20170720,10:24:00,209.0,13.8,2884,218.0,12.4,2703,25562,16309,65.1,858.0
Station_01,Inv_00,20170720,10:25:00,209.0,13.7,2863,218.0,12.4,2703,25562,16309,65.7,858.0
Station_01,Inv_00,20170720,10:26:00,208.0,13.8,2870,218.0,12.4,2703,25562,16309,66.6,859.0
Station_01,Inv_00,20170720,10:27:00,209.5,13.7,2870,218.0,12.3,2681,25562,16309,67.6,857.0
Station_01,Inv_00,20170720,10:28:00,206.9,13.9,2876,218.0,12.4,2703,25562,16309,68.0,857.0
Station_01,Inv_00,20170720,10:29:00,210.5,13.6,2862,218.0,12.4,2703,25562,16309,68.1,853.0
Station_01,Inv_00,20170720,10:30:00,202.0,14.1,2848,219.0,12.3,2694,25562,16309,67.8,861.0
Station_01,Inv_00,20170720,10:31:00,207.5,13.8,2863,218.0,12.3,2681,25562,16309,69.7,860.0
Station_01,Inv_00,20170720,10:32:00,205.0,13.9,2850,218.0,12.3,2681,25562,16309,69.1,863.0
Station_01,Inv_00,20170720,10:33:00,209.5,13.7,2870,218.0,12.4,2703,25563,16309,68.6,863.0
Station_01,Inv_00,20170720,10:34:00,208.0,13.8,2870,218.0,12.4,2703,25563,16309,68.6,869.0
Station_01,Inv_00,20170720,10:35:00,207.4,13.9,2884,218.0,12.4,2703,25563,16309,69.7,872.0
Station_01,Inv_00,20170720,10:36:00,203.0,14.3,2903,219.0,12.4,2716,25563,16309,70.5,872.0
Station_01,Inv_00,20170720,10:37:00,204.0,14.1,2876,219.0,12.4,2716,25563,16309,68.7,872.0
Station_01,Inv_00,20170720,10:38:00,206.0,14.0,2884,218.0,12.4,2703,25563,16309,67.9,873.0
Station_01,Inv_00,20170720,10:39:00,203.5,14.2,2889,218.0,12.4,2703,25563,16309,68.3,880.0
Station_01,Inv_00,20170720,10:40:00,204.5,14.1,2883,218.0,12.5,2725,25563,16309,69.1,877.0
Station_01,Inv_00,20170720,10:41:00,200.0,14.4,2880,218.0,12.4,2703,25563,16309,70.1,871.0
Station_01,Inv_00,20170720,10:42:00,190.0,14.7,2793,218.0,12.0,2616,25563,16309,70.1,862.0
Station_01,Inv_00,20170720,10:43:00,183.0,14.9,2727,217.0,11.8,2561,25563,16309,69.1,862.0
Station_01,Inv_00,20170720,10:44:00,203.5,14.2,2890,218.0,12.4,2703,25563,16309,70.1,862.0
Station_01,Inv_00,20170720,10:45:00,207.5,13.8,2863,218.0,12.4,2703,25563,16309,69.9,859.0
Station_01,Inv_00,20170720,10:46:00,203.5,14.1,2869,218.0,12.3,2681,25563,16309,70.4,856.0
Station_01,Inv_00,20170720,10:47:00,196.0,14.3,2803,218.0,12.0,2616,25563,16309,70.1,856.0
Station_01,Inv_00,20170720,10:48:00,207.5,13.6,2822,218.0,12.1,2638,25563,16309,69.2,841.0
Station_01,Inv_00,20170720,10:49:00,210.0,13.5,2835,218.0,12.2,2660,25563,16309,68.4,841.0
Station_01,Inv_00,20170720,10:50:00,209.5,13.8,2891,218.0,12.5,2725,25563,16309,66.9,865.0
Station_01,Inv_00,20170720,10:51:00,209.0,14.1,2947,218.0,12.6,2747,25563,16309,64.1,882.0
Station_01,Inv_00,20170720,10:52:00,199.0,14.6,2905,218.0,12.5,2725,25563,16309,66.2,875.0
Station_01,Inv_00,20170720,10:53:00,205.5,14.3,2939,218.0,12.7,2769,25563,16309,66.3,881.0
Station_01,Inv_00,20170720,10:54:00,207.0,14.3,2960,218.0,12.7,2769,25564,16310,64.9,883.0
Station_01,Inv_00,20170720,10:55:00,209.0,14.2,2968,218.0,12.8,2790,25564,16310,64.2,874.0
Station_01,Inv_00,20170720,10:56:00,208.5,14.1,2940,218.0,12.7,2769,25564,16310,66.0,859.0
Station_01,Inv_00,20170720,10:57:00,207.5,14.3,2967,218.0,12.9,2812,25564,16310,65.3,870.0
Station_01,Inv_00,20170720,10:58:00,210.5,14.2,2989,218.0,12.8,2790,25564,16310,65.1,876.0
Station_01,Inv_00,20170720,10:59:00,206.0,14.6,3007,218.0,12.9,2812,25564,16310,63.7,888.0
Station_01,Inv_00,20170720,11:00:00,209.5,14.4,3017,218.0,13.0,2834,25564,16310,63.6,892.0
Station_01,Inv_00,20170720,11:01:00,209.5,14.4,3017,218.0,13.0,2834,25564,16310,64.1,893.0
Station_01,Inv_00,20170720,11:02:00,206.0,14.6,3007,219.0,12.9,2825,25564,16310,64.0,886.0
Station_01,Inv_00,20170720,11:03:00,206.5,14.5,2994,218.0,12.9,2812,25564,16310,64.1,872.0
Station_01,Inv_00,20170720,11:04:00,209.5,14.3,2996,218.0,12.9,2812,25564,16310,65.0,881.0
Station_01,Inv_00,20170720,11:05:00,209.5,14.2,2975,218.0,12.9,2812,25564,16310,63.8,879.0
Station_01,Inv_00,20170720,11:06:00,209.5,14.2,2975,218.0,12.9,2812,25564,16310,63.7,889.0
Station_01,Inv_00,20170720,11:07:00,210.5,14.2,2989,218.0,12.9,2812,25564,16310,63.8,898.0
Station_01,Inv_00,20170720,11:08:00,198.0,15.0,2970,218.0,12.8,2790,25564,16310,64.9,894.0
Station_01,Inv_00,20170720,11:09:00,197.0,14.9,2935,218.0,12.8,2790,25564,16310,65.8,890.0
Station_01,Inv_00,20170720,11:10:00,205.5,14.5,2980,217.0,12.9,2799,25564,16310,66.1,897.0
Station_01,Inv_00,20170720,11:11:00,209.5,14.2,2975,217.0,12.9,2799,25564,16310,65.6,902.0
Station_01,Inv_00,20170720,11:12:00,210.0,14.3,3003,218.0,12.9,2812,25564,16310,66.8,909.0
Station_01,Inv_00,20170720,11:13:00,206.5,14.5,2994,217.0,13.0,2821,25564,16310,68.3,905.0
Station_01,Inv_00,20170720,11:14:00,209.0,14.2,2967,217.0,12.9,2799,25565,16310,68.3,904.0
Station_01,Inv_00,20170720,11:15:00,205.0,14.4,2952,217.0,12.9,2799,25565,16310,69.2,896.0
Station_01,Inv_00,20170720,11:16:00,208.0,14.5,3016,217.0,13.0,2821,25565,16310,68.2,900.0
Station_01,Inv_00,20170720,11:17:00,206.0,14.6,3007,217.0,13.0,2821,25565,16310,69.8,898.0
Station_01,Inv_00,20170720,11:18:00,202.5,14.9,3017,217.0,12.9,2799,25565,16310,69.1,902.0
Station_01,Inv_00,20170720,11:19:00,204.0,14.9,3040,217.0,13.0,2821,25565,16310,68.4,911.0
Station_01,Inv_00,20170720,11:20:00,205.5,14.8,3041,218.0,13.0,2834,25565,16310,69.9,907.0
Station_01,Inv_00,20170720,11:21:00,203.5,14.8,3012,217.0,13.0,2821,25565,16310,70.9,902.0
Station_01,Inv_00,20170720,11:22:00,196.0,15.3,2999,217.0,12.9,2799,25565,16310,72.0,915.0
Station_01,Inv_00,20170720,11:23:00,201.5,14.9,3002,217.0,12.9,2799,25565,16310,70.4,911.0
Station_01,Inv_00,20170720,11:24:00,201.9,14.9,3009,217.0,13.0,2821,25565,16310,71.1,906.0
Station_01,Inv_00,20170720,11:25:00,208.5,14.4,3002,217.0,13.0,2821,25565,16310,68.9,898.0
Station_01,Inv_00,20170720,11:26:00,197.5,15.1,2982,217.0,12.9,2799,25565,16310,70.5,886.0
Station_01,Inv_00,20170720,11:27:00,204.5,14.7,3006,217.0,12.9,2799,25565,16310,71.1,900.0
Station_01,Inv_00,20170720,11:28:00,203.9,14.7,2998,217.0,12.9,2799,25565,16310,70.2,910.0
Station_01,Inv_00,20170720,11:29:00,195.5,15.2,2972,217.0,12.9,2799,25565,16310,72.3,907.0
Station_01,Inv_00,20170720,11:30:00,198.0,15.0,2970,217.0,12.9,2799,25565,16310,72.3,912.0
Station_01,Inv_00,20170720,11:31:00,193.5,15.3,2961,217.0,12.7,2756,25565,16310,72.7,914.0
Station_01,Inv_00,20170720,11:32:00,204.0,14.6,2978,217.0,12.9,2799,25565,16310,70.5,908.0
Station_01,Inv_00,20170720,11:33:00,204.5,14.5,2965,218.0,12.8,2790,25565,16310,69.2,891.0
Station_01,Inv_00,20170720,11:34:00,202.5,14.8,2997,218.0,12.9,2812,25566,16311,71.0,889.0
Station_01,Inv_00,20170720,11:35:00,203.5,14.7,2991,217.0,12.9,2799,25566,16311,72.0,896.0
Station_01,Inv_00,20170720,11:36:00,202.5,14.8,2997,217.0,12.9,2799,25566,16311,71.6,910.0
Station_01,Inv_00,20170720,11:37:00,200.5,15.0,3007,218.0,12.9,2812,25566,16311,71.1,899.0
Station_01,Inv_00,20170720,11:38:00,204.5,14.7,3006,217.0,13.0,2821,25566,16311,71.1,894.0
Station_01,Inv_00,20170720,11:39:00,205.0,14.8,3034,217.0,13.0,2821,25566,16311,69.8,908.0
Station_01,Inv_00,20170720,11:40:00,204.5,14.7,3006,218.0,13.0,2834,25566,16311,70.3,901.0
Station_01,Inv_00,20170720,11:41:00,199.5,15.1,3012,217.0,13.0,2821,25566,16311,69.8,909.0
Station_01,Inv_00,20170720,11:42:00,202.5,15.1,3058,217.0,13.1,2843,25566,16311,67.3,907.0
Station_01,Inv_00,20170720,11:43:00,207.5,14.7,3050,217.0,13.2,2864,25566,16311,68.0,883.0
Station_01,Inv_00,20170720,11:44:00,196.5,15.5,3046,217.0,13.1,2843,25566,16311,69.0,898.0
Station_01,Inv_00,20170720,11:45:00,200.5,15.2,3047,218.0,13.2,2878,25566,16311,68.8,908.0
Station_01,Inv_00,20170720,11:46:00,203.0,14.8,3004,218.0,13.0,2834,25566,16311,69.6,900.0
Station_01,Inv_00,20170720,11:47:00,205.0,14.6,2993,218.0,12.9,2812,25566,16311,70.5,897.0
Station_01,Inv_00,20170720,11:48:00,206.0,14.4,2966,218.0,12.9,2812,25566,16311,69.2,892.0
Station_01,Inv_00,20170720,11:49:00,205.5,14.4,2959,217.0,12.8,2778,25566,16311,69.7,881.0
Station_01,Inv_00,20170720,11:50:00,203.5,14.5,2951,218.0,12.7,2769,25566,16311,68.5,866.0
Station_01,Inv_00,20170720,11:51:00,207.0,14.5,3001,218.0,12.9,2812,25566,16311,67.4,871.0
Station_01,Inv_00,20170720,11:52:00,204.0,14.8,3019,218.0,13.0,2834,25566,16311,70.4,881.0
Station_01,Inv_00,20170720,11:53:00,205.5,14.7,3021,218.0,13.0,2834,25566,16311,71.1,898.0
Station_01,Inv_00,20170720,11:54:00,202.9,14.9,3024,218.0,13.0,2834,25567,16312,71.8,906.0
Station_01,Inv_00,20170720,11:55:00,200.5,15.1,3027,219.0,13.0,2847,25567,16312,70.7,915.0
Station_01,Inv_00,20170720,11:56:00,194.0,15.6,3026,218.0,12.9,2812,25567,16312,73.4,913.0
Station_01,Inv_00,20170720,11:57:00,201.0,15.1,3035,218.0,13.0,2834,25567,16312,74.1,915.0
Station_01,Inv_00,20170720,11:58:00,199.0,15.2,3025,218.0,13.0,2834,25567,16312,74.2,909.0
Station_01,Inv_00,20170720,11:59:00,201.5,14.9,3002,220.0,12.9,2838,25567,16312,74.9,911.0
Station_01,Inv_00,20170720,12:00:00,202.9,14.7,2983,220.0,12.8,2816,25567,16312,73.8,916.0
Station_01,Inv_00,20170720,12:01:00,202.0,14.9,3010,218.0,13.0,2834,25567,16312,74.8,918.0
Station_01,Inv_00,20170720,12:02:00,201.5,15.0,3022,218.0,13.0,2834,25567,16312,73.2,919.0
Station_01,Inv_00,20170720,12:03:00,200.5,15.2,3047,218.0,13.1,2856,25567,16312,74.0,922.0
Station_01,Inv_00,20170720,12:04:00,201.5,15.1,3042,218.0,13.2,2878,25567,16312,74.4,926.0
Station_01,Inv_00,20170720,12:05:00,199.0,15.5,3085,218.0,13.2,2878,25567,16312,73.9,929.0
Station_01,Inv_00,20170720,12:06:00,198.5,15.5,3076,218.0,13.3,2899,25567,16312,73.6,933.0
Station_01,Inv_00,20170720,12:07:00,201.5,15.2,3063,218.0,13.3,2899,25567,16312,72.6,935.0
Station_01,Inv_00,20170720,12:08:00,201.0,15.3,3075,218.0,13.3,2899,25567,16312,74.1,936.0
Station_01,Inv_00,20170720,12:09:00,195.0,15.8,3081,217.0,13.3,2886,25567,16312,73.8,940.0
Station_01,Inv_00,20170720,12:10:00,199.0,15.4,3065,218.0,13.2,2878,25567,16312,73.6,933.0
Station_01,Inv_00,20170720,12:11:00,190.5,15.7,2991,218.0,12.9,2812,25567,16312,74.6,922.0
Station_01,Inv_00,20170720,12:12:00,190.0,15.6,2964,218.0,12.8,2790,25567,16312,75.0,920.0
Station_01,Inv_00,20170720,12:13:00,202.0,15.0,3030,217.0,13.0,2821,25567,16312,73.5,916.0
Station_01,Inv_00,20170720,12:14:00,200.5,15.2,3048,218.0,13.1,2856,25568,16312,74.0,899.0
Station_01,Inv_00,20170720,12:15:00,201.0,15.3,3075,218.0,13.2,2878,25568,16312,73.3,883.0
Station_01,Inv_00,20170720,12:16:00,197.5,15.5,3061,217.0,13.2,2864,25568,16312,74.2,896.0
Station_01,Inv_00,20170720,12:17:00,197.0,15.3,3014,217.0,12.9,2799,25568,16312,74.5,894.0
Station_01,Inv_00,20170720,12:18:00,198.0,15.2,3009,218.0,12.9,2812,25568,16312,74.1,903.0
Station_01,Inv_00,20170720,12:19:00,202.5,14.8,2997,218.0,12.9,2812,25568,16312,72.1,903.0
Station_01,Inv_00,20170720,12:20:00,203.0,14.8,3004,218.0,12.9,2812,25568,16312,70.0,893.0
Station_01,Inv_00,20170720,12:21:00,207.5,14.7,3050,217.0,13.2,2864,25568,16312,67.4,865.0
Station_01,Inv_00,20170720,12:22:00,203.0,15.2,3085,217.0,13.4,2908,25568,16312,67.6,865.0
Station_01,Inv_00,20170720,12:23:00,202.5,15.5,3139,218.0,13.5,2943,25568,16312,65.6,878.0
Station_01,Inv_00,20170720,12:24:00,205.9,15.3,3151,217.0,13.6,2951,25568,16312,66.1,864.0
Station_01,Inv_00,20170720,12:25:00,206.0,15.4,3172,217.0,13.6,2951,25568,16312,67.0,874.0
Station_01,Inv_00,20170720,12:26:00,191.5,16.1,3083,217.0,13.3,2886,25568,16312,67.2,885.0
Station_01,Inv_00,20170720,12:27:00,190.5,16.3,3105,217.0,13.3,2886,25568,16312,67.8,906.0
Station_01,Inv_00,20170720,12:28:00,184.5,16.7,3081,218.0,13.2,2878,25568,16312,67.5,930.0
Station_01,Inv_00,20170720,12:29:00,180.0,16.9,3042,218.0,12.9,2812,25568,16312,68.1,925.0
Station_01,Inv_00,20170720,12:30:00,174.5,16.8,2932,218.0,12.5,2725,25568,16312,70.5,916.0
Station_01,Inv_00,20170720,12:31:00,198.5,15.7,3116,218.0,13.4,2921,25568,16312,71.5,925.0
Station_01,Inv_00,20170720,12:32:00,199.0,15.7,3124,217.0,13.5,2930,25568,16312,71.2,934.0
Station_01,Inv_00,20170720,12:33:00,197.0,15.9,3132,217.0,13.5,2930,25569,16313,71.9,950.0
Station_01,Inv_00,20170720,12:34:00,199.9,15.7,3139,217.0,13.6,2951,25569,16313,69.8,939.0
Station_01,Inv_00,20170720,12:35:00,199.0,15.7,3124,218.0,13.4,2921,25569,16313,70.3,929.0
Station_01,Inv_00,20170720,12:36:00,202.0,15.4,3110,218.0,13.4,2921,25569,16313,71.5,927.0
Station_01,Inv_00,20170720,12:37:00,203.0,15.2,3085,217.0,13.4,2908,25569,16313,69.8,910.0
Station_01,Inv_00,20170720,12:38:00,190.0,15.7,2983,217.0,12.9,2799,25569,16313,69.7,893.0
Station_01,Inv_00,20170720,12:39:00,190.5,15.5,2953,217.0,12.7,2756,25569,16313,71.1,886.0
Station_01,Inv_00,20170720,12:40:00,191.5,15.8,3026,217.0,13.0,2821,25569,16313,71.7,909.0
Station_01,Inv_00,20170720,12:41:00,199.5,15.6,3112,217.0,13.4,2908,25569,16313,73.7,933.0
Station_01,Inv_00,20170720,12:42:00,198.0,15.7,3109,217.0,13.4,2908,25569,16313,74.9,947.0
Station_01,Inv_00,20170720,12:43:00,196.5,15.6,3065,217.0,13.3,2886,25569,16313,74.8,947.0
Station_01,Inv_00,20170720,12:44:00,191.0,15.9,3037,217.0,13.1,2843,25569,16313,73.7,928.0
Station_01,Inv_00,20170720,12:45:00,191.5,15.7,3007,217.0,13.0,2821,25569,16313,73.5,924.0
Station_01,Inv_00,20170720,12:46:00,200.5,15.5,3108,217.0,13.4,2908,25569,16313,71.7,926.0
Station_01,Inv_00,20170720,12:47:00,201.5,15.0,3022,217.0,13.0,2821,25569,16313,70.9,915.0
Station_01,Inv_00,20170720,12:48:00,202.5,14.7,2976,217.0,12.9,2799,25569,16313,70.8,892.0
Station_01,Inv_00,20170720,12:49:00,205.9,14.1,2903,217.0,12.6,2734,25569,16313,69.5,884.0
Station_01,Inv_00,20170720,12:50:00,202.5,15.0,3037,217.0,13.1,2843,25569,16313,71.2,891.0
Station_01,Inv_00,20170720,12:51:00,201.5,15.1,3043,217.0,13.0,2821,25569,16313,71.3,908.0
Station_01,Inv_00,20170720,12:52:00,206.0,14.7,3028,217.0,13.2,2864,25569,16313,70.7,924.0
Station_01,Inv_00,20170720,12:53:00,205.0,14.9,3055,217.0,13.2,2864,25570,16314,71.4,922.0
Station_01,Inv_00,20170720,12:54:00,206.5,15.0,3097,217.0,13.4,2908,25570,16314,70.8,927.0
Station_01,Inv_00,20170720,12:55:00,206.5,15.1,3118,217.0,13.5,2930,25570,16314,69.2,928.0
Station_01,Inv_00,20170720,12:56:00,203.0,15.5,3146,217.0,13.6,2951,25570,16314,71.3,927.0
Station_01,Inv_00,20170720,12:57:00,204.0,15.4,3141,217.0,13.6,2951,25570,16314,67.1,931.0
Station_01,Inv_00,20170720,12:58:00,206.5,15.3,3159,219.0,13.6,2978,25570,16314,67.0,924.0
Station_01,Inv_00,20170720,12:59:00,205.0,15.4,3157,219.0,13.5,2957,25570,16314,68.6,936.0
Station_01,Inv_00,20170720,13:00:00,206.0,15.3,3152,218.0,13.5,2943,25570,16314,70.3,937.0
Station_01,Inv_00,20170720,13:01:00,207.0,15.1,3126,215.0,13.6,2924,25570,16314,69.3,936.0
Station_01,Inv_00,20170720,13:02:00,203.5,15.0,3052,215.0,13.3,2860,25570,16314,69.6,921.0
Station_01,Inv_00,20170720,13:03:00,201.0,15.1,3035,215.0,13.2,2838,25570,16314,69.9,906.0
Station_01,Inv_00,20170720,13:04:00,203.0,15.0,3044,215.0,13.3,2860,25570,16314,70.1,908.0
Station_01,Inv_00,20170720,13:05:00,203.0,15.1,3065,215.0,13.4,2881,25570,16314,70.3,904.0
Station_01,Inv_00,20170720,13:06:00,206.0,14.8,3049,215.0,13.4,2881,25570,16314,68.7,909.0
Station_01,Inv_00,20170720,13:07:00,204.5,14.9,3047,215.0,13.3,2860,25570,16314,69.8,899.0
Station_01,Inv_00,20170720,13:08:00,203.4,14.9,3031,213.0,13.4,2854,25570,16314,69.0,885.0
Station_01,Inv_00,20170720,13:09:00,205.0,14.9,3054,213.0,13.4,2854,25570,16314,70.5,889.0
Station_01,Inv_00,20170720,13:10:00,196.5,15.5,3046,213.0,13.4,2854,25570,16314,69.6,909.0
Station_01,Inv_00,20170720,13:11:00,200.0,15.0,3000,213.0,13.2,2812,25570,16314,70.2,900.0
Station_01,Inv_00,20170720,13:12:00,203.0,14.8,3004,213.0,13.3,2833,25571,16314,70.7,899.0
Station_01,Inv_00,20170720,13:13:00,201.0,14.9,2995,213.0,13.2,2812,25571,16314,70.3,910.0
Station_01,Inv_00,20170720,13:14:00,204.5,14.3,2924,212.0,12.9,2735,25571,16314,69.5,880.0
Station_01,Inv_00,20170720,13:15:00,197.0,14.3,2817,212.0,12.6,2671,25571,16314,69.0,849.0
Station_01,Inv_00,20170720,13:16:00,205.0,14.1,2890,212.0,12.8,2714,25571,16314,70.6,858.0
Station_01,Inv_00,20170720,13:17:00,193.0,14.8,2856,212.0,12.5,2650,25571,16314,70.0,868.0
Station_01,Inv_00,20170720,13:18:00,205.0,14.1,2890,212.0,12.9,2735,25571,16314,70.7,873.0
Station_01,Inv_00,20170720,13:19:00,210.0,13.7,2877,212.0,12.8,2714,25571,16314,70.0,871.0
Station_01,Inv_00,20170720,13:20:00,205.0,14.1,2891,212.0,12.8,2714,25571,16314,71.0,874.0
Station_01,Inv_00,20170720,13:21:00,205.0,14.1,2891,212.0,12.9,2735,25571,16314,68.4,888.0
Station_01,Inv_00,20170720,13:22:00,208.0,13.6,2829,212.0,12.5,2650,25571,16314,68.6,862.0
Station_01,Inv_00,20170720,13:23:00,205.0,13.3,2726,211.0,12.4,2616,25571,16314,70.1,856.0
Station_01,Inv_00,20170720,13:24:00,204.5,13.5,2761,211.0,12.3,2595,25571,16314,70.5,830.0
Station_01,Inv_00,20170720,13:25:00,199.0,13.9,2766,212.0,12.3,2608,25571,16314,68.8,826.0
Station_01,Inv_00,20170720,13:26:00,210.5,13.5,2842,212.0,12.6,2671,25571,16314,68.8,828.0
Station_01,Inv_00,20170720,13:27:00,204.5,14.2,2904,212.0,12.9,2735,25571,16314,68.0,846.0
Station_01,Inv_00,20170720,13:28:00,207.0,13.9,2877,212.0,12.8,2714,25571,16314,67.9,863.0
Station_01,Inv_00,20170720,13:29:00,194.5,14.0,2723,212.0,12.0,2544,25571,16314,67.2,821.0
Station_01,Inv_00,20170720,13:30:00,206.5,13.3,2746,212.0,12.2,2586,25571,16314,67.7,819.0
Station_01,Inv_00,20170720,13:31:00,212.0,12.0,2544,212.0,11.3,2396,25571,16314,67.0,775.0
Station_01,Inv_00,20170720,13:32:00,210.0,12.0,2520,212.0,11.2,2374,25571,16314,66.1,613.0
Station_01,Inv_00,20170720,13:33:00,212.9,12.7,2704,212.0,12.0,2544,25571,16314,65.8,796.0
Station_01,Inv_00,20170720,13:34:00,205.5,13.2,2713,212.0,12.0,2544,25572,16315,66.9,800.0
Station_01,Inv_00,20170720,13:35:00,209.5,13.2,2765,212.0,12.2,2586,25572,16315,67.1,810.0
Station_01,Inv_00,20170720,13:36:00,202.0,13.7,2767,212.0,12.3,2608,25572,16315,66.3,824.0
Station_01,Inv_00,20170720,13:37:00,209.0,13.1,2738,212.0,12.2,2586,25572,16315,66.7,810.0
Station_01,Inv_00,20170720,13:38:00,212.0,12.9,2735,212.0,12.1,2565,25572,16315,67.3,805.0
Station_01,Inv_00,20170720,13:39:00,209.0,13.2,2758,211.0,12.2,2574,25572,16315,66.4,814.0
Station_01,Inv_00,20170720,13:40:00,205.5,13.3,2733,211.0,12.1,2553,25572,16315,68.1,805.0
Station_01,Inv_00,20170720,13:41:00,205.5,13.4,2754,212.0,12.2,2586,25572,16315,68.6,810.0
Station_01,Inv_00,20170720,13:42:00,202.0,13.7,2767,212.0,12.3,2608,25572,16315,69.7,829.0
Station_01,Inv_00,20170720,13:43:00,208.0,13.8,2870,212.0,12.7,2692,25572,16315,69.9,850.0
Station_01,Inv_00,20170720,13:44:00,200.5,14.3,2867,211.0,12.7,2680,25572,16315,70.9,858.0
Station_01,Inv_00,20170720,13:45:00,201.0,14.3,2874,212.0,12.8,2714,25572,16315,69.5,859.0
Station_01,Inv_00,20170720,13:46:00,205.0,14.1,2891,211.0,12.8,2701,25572,16315,70.9,857.0
Station_01,Inv_00,20170720,13:47:00,202.5,13.9,2815,211.0,12.4,2616,25572,16315,68.6,840.0
Station_01,Inv_00,20170720,13:48:00,209.0,12.9,2696,212.0,12.0,2544,25572,16315,66.5,797.0
Station_01,Inv_00,20170720,13:49:00,210.5,12.8,2694,212.0,11.9,2523,25572,16315,66.3,776.0
Station_01,Inv_00,20170720,13:50:00,208.5,13.0,2710,212.0,12.0,2544,25572,16315,68.2,793.0
Station_01,Inv_00,20170720,13:51:00,208.0,12.8,2662,212.0,11.8,2502,25572,16315,69.0,787.0
Station_01,Inv_00,20170720,13:52:00,204.5,13.2,2699,212.0,12.0,2544,25572,16315,68.5,797.0
Station_01,Inv_00,20170720,13:53:00,205.0,13.2,2706,212.0,11.9,2523,25572,16315,67.1,794.0
Station_01,Inv_00,20170720,13:54:00,205.5,13.0,2671,212.0,11.8,2502,25572,16315,68.4,789.0
Station_01,Inv_00,20170720,13:55:00,206.0,13.0,2678,212.0,11.8,2502,25572,16315,65.5,783.0
Station_01,Inv_00,20170720,13:56:00,210.5,12.6,2652,212.0,11.8,2502,25573,16316,67.0,764.0
Station_01,Inv_00,20170720,13:57:00,209.0,12.8,2675,212.0,11.8,2502,25573,16316,66.3,778.0
Station_01,Inv_00,20170720,13:58:00,210.0,12.9,2709,212.0,12.0,2544,25573,16316,64.4,782.0
Station_01,Inv_00,20170720,13:59:00,204.5,13.3,2720,212.0,12.0,2544,25573,16316,66.0,783.0
Station_01,Inv_00,20170720,14:00:00,211.0,13.0,2743,212.0,12.2,2586,25573,16316,65.2,799.0
Station_01,Inv_00,20170720,14:01:00,203.0,13.4,2720,212.0,12.0,2544,25573,16316,64.3,801.0
Station_01,Inv_00,20170720,14:02:00,208.5,12.9,2690,212.0,11.9,2523,25573,16316,67.6,792.0
Station_01,Inv_00,20170720,14:03:00,202.5,13.1,2653,212.0,11.8,2502,25573,16316,68.3,790.0
Station_01,Inv_00,20170720,14:04:00,208.0,12.9,2683,213.0,11.8,2513,25573,16316,68.2,794.0
Station_01,Inv_00,20170720,14:05:00,208.0,12.7,2642,213.0,11.6,2471,25573,16316,69.4,779.0
Station_01,Inv_00,20170720,14:06:00,208.0,12.4,2579,213.0,11.4,2428,25573,16316,69.5,770.0
Station_01,Inv_00,20170720,14:07:00,206.0,12.6,2595,213.0,11.4,2428,25573,16316,69.7,766.0
Station_01,Inv_00,20170720,14:08:00,205.0,12.5,2563,213.0,11.4,2428,25573,16316,68.6,761.0
Station_01,Inv_00,20170720,14:09:00,205.5,12.4,2548,213.0,11.4,2428,25573,16316,67.9,760.0
Station_01,Inv_00,20170720,14:10:00,209.0,12.3,2571,213.0,11.3,2407,25573,16316,66.4,756.0
Station_01,Inv_00,20170720,14:11:00,211.0,11.9,2511,213.0,11.1,2364,25573,16316,69.3,738.0
Station_01,Inv_00,20170720,14:12:00,209.0,11.8,2466,213.0,10.9,2322,25573,16316,67.7,728.0
Station_01,Inv_00,20170720,14:13:00,208.5,8.8,1835,212.0,8.4,1781,25573,16316,66.5,651.0
Station_01,Inv_00,20170720,14:14:00,211.0,8.4,1772,212.0,7.9,1675,25573,16316,67.0,582.0
Station_01,Inv_00,20170720,14:15:00,211.5,10.8,2284,212.0,10.2,2162,25573,16316,67.1,665.0
Station_01,Inv_00,20170720,14:16:00,213.4,5.1,1088,211.0,4.7,992,25573,16316,64.2,327.0
Station_01,Inv_00,20170720,14:17:00,218.0,4.4,959,211.0,4.3,907,25573,16316,61.8,287.0
Station_01,Inv_00,20170720,14:18:00,218.4,4.7,1027,211.0,4.5,950,25573,16316,59.3,287.0
Station_01,Inv_00,20170720,14:19:00,221.5,5.4,1196,211.0,5.1,1076,25573,16316,56.2,352.0
Station_01,Inv_00,20170720,14:20:00,222.0,8.9,1975,212.0,8.8,1866,25573,16316,54.9,500.0
Station_01,Inv_00,20170720,14:21:00,219.5,9.1,1997,212.0,8.9,1887,25573,16316,55.9,581.0
Station_01,Inv_00,20170720,14:22:00,221.0,4.7,1039,211.0,4.6,971,25573,16316,53.3,322.0
Station_01,Inv_00,20170720,14:23:00,219.9,4.6,1012,211.0,4.5,950,25574,16316,52.8,293.0
Station_01,Inv_00,20170720,14:24:00,221.0,5.5,1216,212.0,5.1,1081,25574,16316,51.6,308.0
Station_01,Inv_00,20170720,14:25:00,208.5,5.2,1084,212.0,4.7,996,25574,16316,52.6,428.0
Station_01,Inv_00,20170720,14:26:00,223.5,5.3,1184,212.0,5.3,1124,25574,16316,51.9,336.0
Station_01,Inv_00,20170720,14:27:00,226.9,9.5,2156,212.0,9.5,2014,25574,16316,51.9,488.0
Station_01,Inv_00,20170720,14:28:00,221.5,12.5,2769,212.0,12.2,2586,25574,16316,54.3,745.0
Station_01,Inv_00,20170720,14:29:00,223.9,11.0,2463,212.0,10.7,2268,25574,16316,53.8,587.0
Station_01,Inv_00,20170720,14:30:00,223.0,12.5,2787,213.0,12.4,2641,25574,16316,55.2,771.0
Station_01,Inv_00,20170720,14:31:00,221.0,12.8,2828,212.0,12.5,2650,25574,16316,57.0,786.0
Station_01,Inv_00,20170720,14:32:00,214.5,13.1,2810,213.0,12.4,2641,25574,16316,58.0,789.0
Station_01,Inv_00,20170720,14:33:00,216.9,12.7,2755,212.0,12.3,2608,25574,16316,59.8,787.0
Station_01,Inv_00,20170720,14:34:00,215.0,12.1,2601,212.0,11.6,2459,25574,16316,59.6,748.0
Station_01,Inv_00,20170720,14:35:00,217.5,12.3,2675,213.0,11.9,2535,25574,16316,58.4,761.0
Station_01,Inv_00,20170720,14:36:00,219.5,12.0,2634,212.0,11.7,2480,25574,16316,58.1,746.0
Station_01,Inv_00,20170720,14:37:00,214.5,12.1,2595,213.0,11.5,2450,25574,16316,59.2,739.0
Station_01,Inv_00,20170720,14:38:00,220.0,11.6,2552,212.0,11.3,2396,25574,16316,58.5,722.0
Station_01,Inv_00,20170720,14:39:00,221.0,11.6,2563,212.0,11.3,2396,25574,16316,57.7,728.0
Station_01,Inv_00,20170720,14:40:00,220.5,11.4,2514,212.0,11.2,2374,25574,16316,58.2,714.0
Station_01,Inv_00,20170720,14:41:00,226.5,4.9,1110,212.0,4.8,1018,25574,16316,55.7,322.0
Station_01,Inv_00,20170720,14:42:00,224.0,5.2,1165,212.0,5.1,1081,25574,16316,53.4,314.0
Station_01,Inv_00,20170720,14:43:00,225.0,4.6,1035,212.0,4.6,975,25574,16316,52.4,326.0
Station_01,Inv_00,20170720,14:44:00,226.0,4.6,1039,211.0,4.6,971,25574,16316,51.2,293.0
Station_01,Inv_00,20170720,14:45:00,226.9,4.6,1044,212.0,4.6,975,25574,16316,49.4,298.0
Station_01,Inv_00,20170720,14:46:00,233.8,4.8,1122,212.0,4.8,1018,25574,16316,48.7,320.0
Station_01,Inv_00,20170720,14:47:00,228.0,5.3,1208,212.0,5.2,1102,25574,16316,47.3,323.0
Station_01,Inv_00,20170720,14:48:00,226.0,4.5,1017,211.0,4.4,928,25574,16316,46.8,308.0
Station_01,Inv_00,20170720,14:49:00,228.0,4.6,1049,212.0,4.6,975,25574,16316,46.2,345.0
Station_01,Inv_00,20170720,14:50:00,228.5,4.1,937,211.0,4.1,865,25574,16316,46.1,262.0
Station_01,Inv_00,20170720,14:51:00,232.0,3.7,858,211.0,3.8,802,25574,16316,45.2,247.0
Station_01,Inv_00,20170720,14:52:00,226.0,3.6,814,212.0,3.7,784,25574,16316,44.3,237.0
Station_01,Inv_00,20170720,14:53:00,222.6,5.1,1135,212.0,5.0,1060,25574,16316,43.9,297.0
Station_01,Inv_00,20170720,14:54:00,231.3,8.1,1874,212.0,8.3,1760,25574,16316,44.4,423.0
Station_01,Inv_00,20170720,14:55:00,227.5,7.1,1615,212.0,7.1,1505,25574,16316,44.8,355.0
Station_01,Inv_00,20170720,14:56:00,229.0,3.0,687,212.0,3.1,657,25574,16316,44.0,233.0
Station_01,Inv_00,20170720,14:57:00,233.0,3.3,769,212.0,3.4,721,25574,16316,43.8,214.0
Station_01,Inv_00,20170720,14:58:00,215.0,3.6,774,212.0,3.5,742,25575,16317,42.5,228.0
Station_01,Inv_00,20170720,14:59:00,218.0,4.0,872,213.0,3.8,809,25575,16317,42.2,250.0
Station_01,Inv_00,20170720,15:00:00,233.3,4.0,933,212.0,4.1,869,25575,16317,42.3,265.0
Station_01,Inv_00,20170720,15:01:00,229.3,3.6,825,212.0,3.8,806,25575,16317,41.7,245.0
Station_01,Inv_00,20170720,15:02:00,234.0,3.6,842,212.0,3.8,806,25575,16317,41.4,240.0
Station_01,Inv_00,20170720,15:03:00,231.5,3.7,857,215.0,3.7,796,25575,16317,40.9,240.0
Station_01,Inv_00,20170720,15:04:00,195.3,3.6,703,217.0,3.1,673,25575,16317,41.1,234.0
Station_01,Inv_00,20170720,15:05:00,241.0,3.4,819,217.0,3.7,803,25575,16317,40.7,235.0
Station_01,Inv_00,20170720,15:06:00,235.9,3.6,849,217.0,3.7,803,25575,16317,40.4,235.0
Station_01,Inv_00,20170720,15:07:00,233.0,3.6,839,218.0,3.7,807,25575,16317,40.4,236.0
Station_01,Inv_00,20170720,15:08:00,232.8,3.6,838,218.0,3.7,807,25575,16317,40.5,237.0
Station_01,Inv_00,20170720,15:09:00,234.4,3.6,844,218.0,3.8,828,25575,16317,40.7,237.0
Station_01,Inv_00,20170720,15:10:00,232.0,3.7,858,217.0,3.8,825,25575,16317,40.7,240.0
Station_01,Inv_00,20170720,15:11:00,235.0,4.1,964,218.0,4.0,872,25575,16317,41.0,247.0
Station_01,Inv_00,20170720,15:12:00,234.9,5.8,1362,217.0,5.8,1259,25575,16317,42.6,403.0
Station_01,Inv_00,20170720,15:13:00,231.0,4.0,924,217.0,3.9,846,25575,16317,42.3,254.0
Station_01,Inv_00,20170720,15:14:00,227.5,4.1,933,217.0,4.0,868,25575,16317,42.9,268.0
Station_01,Inv_00,20170720,15:15:00,226.0,4.7,1062,217.0,4.6,998,25575,16317,44.1,374.0
Station_01,Inv_00,20170720,15:16:00,228.8,4.4,1007,217.0,4.4,955,25575,16317,43.9,293.0
Station_01,Inv_00,20170720,15:17:00,235.4,6.6,1554,218.0,6.7,1461,25575,16317,44.3,422.0
Station_01,Inv_00,20170720,15:18:00,237.5,6.5,1544,218.0,6.6,1439,25575,16317,45.3,426.0
Station_01,Inv_00,20170720,15:19:00,237.4,4.4,1045,217.0,4.3,933,25575,16317,45.3,335.0
Station_01,Inv_00,20170720,15:20:00,233.5,4.2,981,218.0,4.3,937,25575,16317,44.9,274.0
Station_01,Inv_00,20170720,15:21:00,215.4,6.2,1335,218.0,5.6,1221,25575,16317,44.9,320.0
Station_01,Inv_00,20170720,15:22:00,216.0,7.6,1642,217.0,7.2,1562,25575,16317,45.8,465.0
Station_01,Inv_00,20170720,15:23:00,219.0,8.1,1774,217.0,7.7,1671,25575,16317,46.3,501.0
Station_01,Inv_00,20170720,15:24:00,231.0,7.5,1732,218.0,7.6,1657,25575,16317,46.7,484.0
Station_01,Inv_00,20170720,15:25:00,229.0,7.3,1672,217.0,7.3,1584,25575,16317,47.3,472.0
Station_01,Inv_00,20170720,15:26:00,228.5,6.5,1485,217.0,6.3,1367,25575,16317,48.0,422.0
Station_01,Inv_00,20170720,15:27:00,230.5,4.0,922,217.0,3.9,846,25575,16317,47.2,290.0
Station_01,Inv_00,20170720,15:28:00,230.0,3.3,759,217.0,3.4,738,25575,16317,46.2,215.0
Station_01,Inv_00,20170720,15:29:00,232.9,3.3,769,217.0,3.4,738,25575,16317,45.3,216.0
Station_01,Inv_00,20170720,15:30:00,230.0,2.9,667,217.0,2.9,629,25575,16317,44.7,192.0
Station_01,Inv_00,20170720,15:31:00,227.3,2.6,591,217.0,2.5,543,25575,16317,43.6,171.0
Station_01,Inv_00,20170720,15:32:00,231.0,2.1,485,217.0,2.2,477,25575,16317,42.7,148.0
Station_01,Inv_00,20170720,15:33:00,235.2,1.6,376,216.0,1.8,389,25575,16317,41.8,126.0
Station_01,Inv_00,20170720,15:34:00,227.7,1.3,296,217.0,1.5,326,25575,16317,41.5,101.0
Station_01,Inv_00,20170720,15:35:00,231.0,1.0,231,217.0,1.2,260,25575,16317,40.7,87.0
Station_01,Inv_00,20170720,15:36:00,229.4,1.0,229,217.0,1.2,260,25575,16317,40.0,81.0
Station_01,Inv_00,20170720,15:37:00,230.0,0.9,207,217.0,1.1,239,25575,16317,39.2,77.0
Station_01,Inv_00,20170720,15:38:00,227.5,1.0,228,217.0,1.2,260,25575,16317,38.6,79.0
Station_01,Inv_00,20170720,15:39:00,225.0,1.1,248,217.0,1.2,260,25575,16317,38.2,83.0
Station_01,Inv_00,20170720,15:40:00,228.0,1.2,274,216.0,1.3,281,25575,16317,37.8,89.0
Station_01,Inv_00,20170720,15:41:00,227.2,1.3,295,217.0,1.4,304,25575,16317,37.0,95.0
Station_01,Inv_00,20170720,15:42:00,233.5,1.4,327,217.0,1.4,304,25575,16317,36.8,96.0
Station_01,Inv_00,20170720,15:43:00,234.0,1.2,281,217.0,1.4,304,25575,16317,36.2,96.0
Station_01,Inv_00,20170720,15:44:00,225.5,1.3,293,217.0,1.3,282,25575,16317,35.6,93.0
Station_01,Inv_00,20170720,15:45:00,230.5,1.2,277,217.0,1.3,282,25575,16317,35.2,89.0
Station_01,Inv_00,20170720,15:46:00,225.5,1.1,248,216.0,1.2,259,25575,16317,34.6,87.0
Station_01,Inv_00,20170720,15:47:00,222.5,1.1,245,216.0,1.2,259,25575,16317,34.4,86.0
Station_01,Inv_00,20170720,15:48:00,229.3,1.1,252,217.0,1.2,260,25575,16317,34.1,85.0
Station_01,Inv_00,20170720,15:49:00,230.5,1.1,254,217.0,1.2,260,25575,16317,34.1,90.0
Station_01,Inv_00,20170720,15:50:00,227.5,1.0,228,218.0,1.2,262,25575,16317,34.1,83.0
Station_01,Inv_00,20170720,15:51:00,231.0,1.0,231,217.0,1.2,260,25575,16317,34.0,83.0
Station_01,Inv_00,20170720,15:52:00,227.5,1.1,250,217.0,1.3,282,25575,16317,34.0,85.0
Station_01,Inv_00,20170720,15:53:00,227.5,1.2,273,217.0,1.3,282,25575,16317,34.1,88.0
Station_01,Inv_00,20170720,15:54:00,228.5,1.2,274,217.0,1.3,282,25575,16317,34.1,90.0
Station_01,Inv_00,20170720,15:55:00,235.0,1.2,282,217.0,1.3,282,25575,16317,34.1,91.0
Station_01,Inv_00,20170720,15:56:00,235.0,1.3,306,217.0,1.4,304,25575,16317,34.0,92.0
Station_01,Inv_00,20170720,15:57:00,236.0,1.4,330,217.0,1.5,326,25575,16317,34.1,99.0
Station_01,Inv_00,20170720,15:58:00,232.5,1.6,372,217.0,1.7,369,25575,16317,34.1,109.0
Station_01,Inv_00,20170720,15:59:00,235.0,1.9,447,218.0,1.9,414,25575,16317,34.2,122.0
Station_01,Inv_00,20170720,16:00:00,236.5,2.0,473,218.0,2.1,458,25575,16317,34.3,136.0
Station_01,Inv_00,20170720,16:01:00,241.5,2.2,531,217.0,2.3,499,25575,16317,34.3,144.0
Station_01,Inv_00,20170720,16:02:00,239.9,2.3,552,217.0,2.4,521,25575,16317,34.4,150.0
Station_01,Inv_00,20170720,16:03:00,237.9,2.3,547,217.0,2.5,543,25575,16317,34.6,153.0
Station_01,Inv_00,20170720,16:04:00,219.8,2.4,528,217.0,2.3,499,25575,16317,34.8,156.0
Station_01,Inv_00,20170720,16:05:00,239.5,2.1,503,218.0,2.2,480,25575,16317,34.8,146.0
Station_01,Inv_00,20170720,16:06:00,239.5,1.7,407,217.0,1.8,391,25575,16317,34.7,126.0
Station_01,Inv_00,20170720,16:07:00,235.0,1.4,329,217.0,1.5,326,25575,16317,34.5,102.0
Station_01,Inv_00,20170720,16:08:00,231.0,1.0,231,217.0,1.2,260,25575,16317,34.2,84.0
Station_01,Inv_00,20170720,16:09:00,229.5,0.8,184,217.0,1.0,217,25575,16317,34.0,77.0
Station_01,Inv_00,20170720,16:10:00,226.4,0.7,159,217.0,0.9,195,25575,16317,33.8,64.0
Station_01,Inv_00,20170720,16:11:00,214.5,0.6,129,217.0,0.8,174,25575,16317,33.3,60.0
Station_01,Inv_00,20170720,16:12:00,207.5,0.6,125,217.0,0.7,152,25575,16317,32.6,56.0
Station_01,Inv_00,20170720,16:13:00,224.8,0.5,112,218.0,0.7,153,25575,16317,31.7,52.0
Station_01,Inv_00,20170720,16:14:00,220.6,0.5,110,218.0,0.7,153,25575,16317,30.9,50.0
Station_01,Inv_00,20170720,16:15:00,229.5,0.6,138,218.0,0.7,153,25575,16317,30.6,53.0
Station_01,Inv_00,20170720,16:16:00,183.0,0.7,128,218.0,0.8,174,25575,16317,30.4,60.0
Station_01,Inv_00,20170720,16:17:00,180.1,0.8,144,218.0,0.8,174,25575,16317,30.3,64.0
Station_01,Inv_00,20170720,16:18:00,231.5,0.8,185,218.0,1.0,218,25575,16317,30.2,66.0
Station_01,Inv_00,20170720,16:19:00,230.7,0.9,208,218.0,1.0,218,25575,16317,30.3,71.0
Station_01,Inv_00,20170720,16:20:00,229.0,1.1,252,218.0,1.1,240,25575,16317,30.3,79.0
Station_01,Inv_00,20170720,16:21:00,240.3,1.2,288,218.0,1.3,283,25575,16317,30.3,87.0
Station_01,Inv_00,20170720,16:22:00,225.9,1.4,316,218.0,1.5,327,25575,16317,30.3,98.0
Station_01,Inv_00,20170720,16:23:00,224.0,1.7,381,218.0,1.7,371,25575,16317,30.3,109.0
Station_01,Inv_00,20170720,16:24:00,246.5,1.8,444,218.0,2.0,436,25575,16317,30.5,122.0
Station_01,Inv_00,20170720,16:25:00,242.0,2.0,484,218.0,2.2,480,25575,16317,30.7,136.0
Station_01,Inv_00,20170720,16:26:00,245.4,2.1,515,218.0,2.2,480,25575,16317,31.2,137.0
Station_01,Inv_00,20170720,16:27:00,200.0,2.4,480,218.0,2.0,436,25575,16317,31.7,148.0
Station_01,Inv_00,20170720,16:28:00,237.5,2.7,641,218.0,2.8,610,25575,16317,32.2,166.0
Station_01,Inv_00,20170720,16:29:00,246.4,3.1,764,219.0,3.3,723,25575,16317,32.8,193.0
Station_01,Inv_00,20170720,16:30:00,248.5,3.6,895,219.0,3.9,854,25575,16317,33.5,220.0
Station_01,Inv_00,20170720,16:31:00,242.4,3.8,921,219.0,4.0,876,25575,16317,34.2,239.0
Station_01,Inv_00,20170720,16:32:00,243.0,4.1,996,219.0,4.1,898,25575,16317,34.8,251.0
Station_01,Inv_00,20170720,16:33:00,245.0,4.9,1200,219.0,5.1,1117,25575,16317,35.7,288.0
Station_01,Inv_00,20170720,16:34:00,244.0,4.9,1196,219.0,5.0,1095,25575,16317,36.6,322.0
Station_01,Inv_00,20170720,16:35:00,244.0,4.4,1074,218.0,4.5,981,25575,16317,37.3,301.0
Station_01,Inv_00,20170720,16:36:00,239.5,3.0,719,219.0,3.1,679,25576,16317,36.9,209.0
Station_01,Inv_00,20170720,16:37:00,235.5,2.4,565,218.0,2.6,567,25576,16317,36.6,173.0
Station_01,Inv_00,20170720,16:38:00,235.5,2.0,471,218.0,2.1,458,25576,16317,36.3,144.0
Station_01,Inv_00,20170720,16:39:00,235.5,1.6,377,218.0,1.7,371,25576,16317,35.7,120.0
Station_01,Inv_00,20170720,16:40:00,227.8,1.3,296,218.0,1.4,305,25576,16317,35.3,100.0
Station_01,Inv_00,20170720,16:41:00,229.0,1.0,229,218.0,1.1,240,25576,16317,34.7,81.0
Station_01,Inv_00,20170720,16:42:00,228.5,0.8,183,218.0,1.0,218,25576,16317,34.1,69.0
Station_01,Inv_00,20170720,16:43:00,178.5,0.8,143,218.0,0.7,153,25576,16317,33.2,62.0
Station_01,Inv_00,20170720,16:44:00,235.0,0.7,165,218.0,0.8,174,25576,16317,32.5,59.0
Station_01,Inv_00,20170720,16:45:00,207.0,0.6,124,218.0,0.7,153,25576,16317,32.3,56.0
Station_01,Inv_00,20170720,16:46:00,222.0,0.6,133,216.0,0.8,173,25576,16317,31.4,58.0
Station_01,Inv_00,20170720,16:47:00,225.0,0.7,158,216.0,0.9,194,25576,16317,30.3,61.0
Station_01,Inv_00,20170720,16:48:00,229.0,0.8,183,216.0,0.9,194,25576,16317,29.6,61.0
Station_01,Inv_00,20170720,16:49:00,213.0,0.8,170,216.0,1.0,216,25576,16317,29.1,65.0
Station_01,Inv_00,20170720,16:50:00,202.0,1.0,202,217.0,1.0,217,25576,16317,29.0,72.0
Station_01,Inv_00,20170720,16:51:00,217.0,1.2,260,217.0,1.2,260,25576,16317,29.0,82.0
Station_01,Inv_00,20170720,16:52:00,239.0,1.2,287,217.0,1.5,326,25576,16317,28.7,93.0
Station_01,Inv_00,20170720,16:53:00,233.0,1.4,326,217.0,1.5,326,25576,16317,28.5,97.0
Station_01,Inv_00,20170720,16:54:00,225.5,1.6,361,218.0,1.6,349,25576,16317,28.5,104.0
Station_01,Inv_00,20170720,16:55:00,243.3,1.6,389,218.0,1.7,371,25576,16317,28.5,108.0
Station_01,Inv_00,20170720,16:56:00,246.0,1.6,394,218.0,1.7,371,25576,16317,28.2,111.0
Station_01,Inv_00,20170720,16:57:00,247.5,1.5,371,218.0,1.7,371,25576,16317,27.7,107.0
Station_01,Inv_00,20170720,16:58:00,240.0,1.6,384,218.0,1.6,349,25576,16317,27.3,106.0
Station_01,Inv_00,20170720,16:59:00,244.5,1.5,367,218.0,1.6,349,25576,16317,27.0,104.0
Station_01,Inv_00,20170720,17:00:00,248.5,1.6,398,218.0,1.6,349,25576,16317,27.0,105.0
Station_01,Inv_00,20170720,17:01:00,238.2,1.6,381,218.0,1.7,371,25576,16317,26.8,106.0
Station_01,Inv_00,20170720,17:02:00,241.5,1.6,386,218.0,1.7,371,25576,16317,26.9,108.0
Station_01,Inv_00,20170720,17:03:00,223.5,1.8,402,218.0,1.7,371,25576,16317,27.0,118.0
Station_01,Inv_00,20170720,17:04:00,240.0,1.8,432,218.0,1.9,414,25576,16317,27.0,117.0
Station_01,Inv_00,20170720,17:05:00,238.0,2.0,476,218.0,2.1,458,25576,16317,27.1,124.0
Station_01,Inv_00,20170720,17:06:00,235.0,2.2,517,218.0,2.3,501,25576,16317,27.1,135.0
Station_01,Inv_00,20170720,17:07:00,242.0,2.3,557,218.0,2.4,523,25576,16317,27.2,143.0
Station_01,Inv_00,20170720,17:08:00,242.9,2.4,583,218.0,2.5,545,25576,16317,27.2,147.0
Station_01,Inv_00,20170720,17:09:00,241.0,2.4,578,218.0,2.5,545,25576,16317,27.2,148.0
Station_01,Inv_00,20170720,17:10:00,245.3,2.3,564,218.0,2.5,545,25576,16317,27.1,147.0
Station_01,Inv_00,20170720,17:11:00,248.0,2.2,546,218.0,2.4,523,25576,16317,27.0,144.0
Station_01,Inv_00,20170720,17:12:00,246.5,2.2,542,217.0,2.3,499,25576,16317,27.0,140.0
Station_01,Inv_00,20170720,17:13:00,247.0,2.2,543,218.0,2.3,501,25576,16317,27.0,140.0
Station_01,Inv_00,20170720,17:14:00,248.0,2.2,546,217.0,2.3,499,25576,16317,27.0,140.0
Station_01,Inv_00,20170720,17:15:00,246.4,2.1,517,218.0,2.2,480,25576,16317,26.9,137.0
Station_01,Inv_00,20170720,17:16:00,246.5,2.0,493,217.0,2.1,456,25576,16317,26.9,131.0
Station_01,Inv_00,20170720,17:17:00,245.5,1.8,442,217.0,1.9,412,25576,16317,26.7,123.0
Station_01,Inv_00,20170720,17:18:00,241.3,1.7,410,217.0,1.9,412,25576,16317,26.8,117.0
Station_01,Inv_00,20170720,17:19:00,246.0,1.8,443,217.0,2.0,434,25576,16317,26.7,121.0
Station_01,Inv_00,20170720,17:20:00,243.8,2.0,488,217.0,2.1,456,25576,16317,26.6,131.0
Station_01,Inv_00,20170720,17:21:00,250.0,2.2,550,218.0,2.4,523,25576,16317,26.7,142.0
Station_01,Inv_00,20170720,17:22:00,217.8,2.5,545,217.0,2.4,521,25576,16317,26.9,153.0
Station_01,Inv_00,20170720,17:23:00,239.0,2.6,621,218.0,2.7,589,25576,16317,27.1,160.0
Station_01,Inv_00,20170720,17:24:00,215.5,2.7,582,218.0,2.5,545,25576,16317,27.2,166.0
Station_01,Inv_00,20170720,17:25:00,238.5,2.8,668,217.0,3.0,651,25576,16317,27.3,171.0
Station_01,Inv_00,20170720,17:26:00,247.0,2.9,716,218.0,3.1,676,25576,16317,27.3,175.0
Station_01,Inv_00,20170720,17:27:00,249.5,3.0,749,219.0,3.2,701,25576,16317,27.3,184.0
Station_01,Inv_00,20170720,17:28:00,228.5,3.1,708,219.0,3.1,679,25576,16317,27.2,188.0
Station_01,Inv_00,20170720,17:29:00,249.0,2.9,722,218.0,3.1,676,25576,16317,27.3,182.0
Station_01,Inv_00,20170720,17:30:00,255.5,2.4,613,218.0,2.7,589,25576,16317,27.5,162.0
Station_01,Inv_00,20170720,17:31:00,250.9,2.0,502,218.0,2.1,458,25576,16317,27.1,136.0
Station_01,Inv_00,20170720,17:32:00,246.5,1.6,394,217.0,1.7,369,25576,16317,26.9,117.0
Station_01,Inv_00,20170720,17:33:00,241.0,1.2,289,217.0,1.5,326,25576,16317,26.6,95.0
Station_01,Inv_00,20170720,17:34:00,236.0,1.1,260,217.0,1.2,260,25576,16317,26.4,81.0
Station_01,Inv_00,20170720,17:35:00,233.0,1.0,233,217.0,1.1,239,25576,16317,26.2,74.0
Station_01,Inv_00,20170720,17:36:00,230.4,0.9,207,216.0,1.0,216,25576,16317,26.0,70.0
Station_01,Inv_00,20170720,17:37:00,231.7,0.9,209,217.0,1.1,239,25576,16317,26.1,71.0
Station_01,Inv_00,20170720,17:38:00,233.0,1.0,233,217.0,1.1,239,25576,16317,26.0,75.0
Station_01,Inv_00,20170720,17:39:00,219.5,1.1,241,217.0,1.2,260,25576,16317,26.1,80.0
Station_01,Inv_00,20170720,17:40:00,229.9,1.3,299,218.0,1.4,305,25576,16317,26.1,85.0
Station_01,Inv_00,20170720,17:41:00,238.0,1.4,333,218.0,1.4,305,25576,16317,26.2,93.0
Station_01,Inv_00,20170720,17:42:00,240.6,1.6,385,217.0,1.6,347,25576,16317,26.4,102.0
Station_01,Inv_00,20170720,17:43:00,245.5,1.6,393,217.0,1.8,391,25576,16317,26.5,113.0
Station_01,Inv_00,20170720,17:44:00,244.9,1.9,465,217.0,2.0,434,25576,16317,26.7,122.0
Station_01,Inv_00,20170720,17:45:00,246.9,2.1,519,218.0,2.2,480,25576,16317,27.0,133.0
Station_01,Inv_00,20170720,17:46:00,251.0,2.3,577,217.0,2.5,543,25576,16317,27.2,144.0
Station_01,Inv_00,20170720,17:47:00,250.5,2.6,651,217.0,2.7,586,25576,16317,27.4,157.0
Station_01,Inv_00,20170720,17:48:00,228.0,2.9,661,217.0,2.9,629,25576,16317,27.6,171.0
Station_01,Inv_00,20170720,17:49:00,173.0,3.0,519,217.0,2.4,521,25576,16317,27.9,184.0
Station_01,Inv_00,20170720,17:50:00,175.5,3.2,562,218.0,2.5,545,25576,16317,28.2,192.0
Station_01,Inv_00,20170720,17:51:00,232.0,3.4,789,218.0,3.3,719,25576,16317,28.5,197.0
Station_01,Inv_00,20170720,17:52:00,251.0,3.3,828,218.0,3.6,785,25576,16317,28.7,200.0
Station_01,Inv_00,20170720,17:53:00,243.7,3.4,829,218.0,3.6,785,25576,16317,28.8,200.0
Station_01,Inv_00,20170720,17:54:00,245.5,3.2,786,218.0,3.6,785,25576,16317,28.9,199.0
Station_01,Inv_00,20170720,17:55:00,242.4,3.3,800,218.0,3.5,763,25576,16317,29.0,199.0
Station_01,Inv_00,20170720,17:56:00,240.9,3.3,795,218.0,3.5,763,25576,16317,29.2,199.0
Station_01,Inv_00,20170720,17:57:00,245.0,3.3,808,218.0,3.5,763,25576,16317,29.5,197.0
Station_01,Inv_00,20170720,17:58:00,232.0,3.3,766,218.0,3.3,719,25576,16317,29.8,195.0
Station_01,Inv_00,20170720,17:59:00,238.0,3.0,714,219.0,3.2,701,25576,16317,29.9,199.0
Station_01,Inv_00,20170720,18:00:00,232.0,2.9,673,217.0,3.1,673,25576,16317,30.2,182.0
Station_01,Inv_00,20170720,18:01:00,248.0,2.8,694,216.0,3.1,670,25576,16317,30.3,175.0
Station_01,Inv_00,20170720,18:02:00,244.5,2.6,636,216.0,2.8,605,25576,16317,30.4,165.0
Station_01,Inv_00,20170720,18:03:00,248.0,2.2,546,216.0,2.5,540,25576,16317,30.3,153.0
Station_01,Inv_00,20170720,18:04:00,229.0,2.3,527,217.0,2.3,499,25576,16317,30.4,142.0
Station_01,Inv_00,20170720,18:05:00,205.8,2.1,432,216.0,1.9,410,25576,16317,30.4,135.0
Station_01,Inv_00,20170720,18:06:00,245.2,1.9,466,216.0,2.0,432,25576,16317,30.3,126.0
Station_01,Inv_00,20170720,18:07:00,236.3,1.9,449,217.0,2.0,434,25576,16317,30.4,123.0
Station_01,Inv_00,20170720,18:08:00,236.3,1.9,449,217.0,2.0,434,25576,16317,30.5,123.0
Station_01,Inv_00,20170720,18:09:00,229.0,2.0,458,217.0,2.0,434,25576,16317,30.7,126.0
Station_01,Inv_00,20170720,18:10:00,224.0,2.0,448,217.0,2.0,434,25576,16317,30.9,130.0
Station_01,Inv_00,20170720,18:11:00,236.5,2.1,497,217.0,2.1,456,25576,16317,31.0,132.0
Station_01,Inv_00,20170720,18:12:00,237.9,2.1,500,218.0,2.1,458,25576,16317,31.2,134.0
Station_01,Inv_00,20170720,18:13:00,224.4,2.1,471,218.0,2.0,436,25576,16317,31.3,133.0
Station_01,Inv_00,20170720,18:14:00,237.5,2.0,475,218.0,2.1,458,25576,16317,31.3,130.0
Station_01,Inv_00,20170720,18:15:00,235.0,1.8,423,218.0,2.0,436,25576,16317,31.4,127.0
Station_01,Inv_00,20170720,18:16:00,236.8,1.8,426,217.0,1.9,412,25576,16317,31.5,123.0
Station_01,Inv_00,20170720,18:17:00,241.9,1.7,411,216.0,1.8,389,25576,16317,31.7,117.0
Station_01,Inv_00,20170720,18:18:00,233.6,1.6,374,217.0,1.6,347,25576,16317,31.6,111.0
Station_01,Inv_00,20170720,18:19:00,234.0,1.4,328,217.0,1.5,326,25576,16317,31.7,102.0
Station_01,Inv_00,20170720,18:20:00,234.2,1.3,305,216.0,1.4,302,25576,16317,31.7,96.0
Station_01,Inv_00,20170720,18:21:00,211.0,1.2,253,216.0,1.2,259,25576,16317,31.7,90.0
Station_01,Inv_00,20170720,18:22:00,228.5,1.1,251,216.0,1.2,259,25576,16317,31.6,85.0
Station_01,Inv_00,20170720,18:23:00,218.5,1.0,219,217.0,1.0,217,25576,16317,31.5,77.0
Station_01,Inv_00,20170720,18:24:00,227.0,0.8,182,217.0,1.0,217,25576,16317,31.5,69.0
Station_01,Inv_00,20170720,18:25:00,217.0,0.7,152,216.0,0.8,173,25576,16317,31.4,62.0
Station_01,Inv_00,20170720,18:26:00,210.0,0.6,126,216.0,0.7,151,25576,16317,31.2,58.0
Station_01,Inv_00,20170720,18:27:00,216.0,0.6,130,216.0,0.7,151,25576,16317,30.9,54.0
Station_01,Inv_00,20170720,18:28:00,214.6,0.5,107,216.0,0.6,130,25576,16317,30.5,51.0
Station_01,Inv_00,20170720,18:29:00,219.0,0.4,88,217.0,0.5,109,25576,16317,30.3,47.0
Station_01,Inv_00,20170720,18:30:00,221.5,0.4,89,217.0,0.5,109,25576,16317,30.0,45.0
Station_01,Inv_00,20170720,18:31:00,205.0,0.4,82,216.0,0.5,108,25576,16317,29.7,44.0
Station_01,Inv_00,20170720,18:32:00,204.0,0.4,82,215.0,0.5,108,25576,16317,29.6,42.0
Station_01,Inv_00,20170720,18:33:00,207.3,0.3,62,216.0,0.5,108,25576,16317,29.4,40.0
Station_01,Inv_00,20170720,18:34:00,212.3,0.3,64,216.0,0.5,108,25576,16317,29.2,38.0
Station_01,Inv_00,20170720,18:35:00,210.0,0.3,63,216.0,0.4,86,25576,16317,28.9,36.0
Station_01,Inv_00,20170720,18:36:00,203.0,0.2,41,215.0,0.5,108,25576,16317,28.6,34.0
Station_01,Inv_00,20170720,18:37:00,207.5,0.2,42,215.0,0.4,86,25576,16317,28.4,33.0
Station_01,Inv_00,20170720,18:38:00,227.0,0.2,45,215.0,0.4,86,25576,16317,28.2,31.0
Station_01,Inv_00,20170720,18:39:00,213.5,0.2,43,216.0,0.4,86,25576,16317,28.1,30.0
Station_01,Inv_00,20170720,18:40:00,203.5,0.2,41,216.0,0.4,86,25576,16317,27.9,30.0
Station_01,Inv_00,20170720,18:41:00,0.0,0.0,0,216.0,0.4,86,25576,16317,27.8,29.0
Station_01,Inv_00,20170720,18:42:00,0.0,0.0,0,215.0,0.4,86,25576,16317,27.7,27.0
Station_01,Inv_00,20170720,18:43:00,0.0,0.0,0,220.0,0.3,66,25576,16317,27.7,26.0
Station_01,Inv_00,20170720,18:44:00,0.0,0.0,0,220.0,0.3,66,25576,16317,27.7,24.0
Station_01,Inv_00,20170720,18:45:00,0.0,0.0,0,220.0,0.3,66,25576,16317,27.7,24.0
Station_01,Inv_00,20170720,18:46:00,0.0,0.0,0,220.0,0.3,66,25576,16317,27.7,25.0
Station_01,Inv_00,20170720,18:47:00,0.0,0.0,0,220.0,0.3,66,25576,16317,27.8,24.0
Station_01,Inv_00,20170720,18:48:00,0.0,0.0,0,220.0,0.3,66,25576,16317,27.9,24.0
Station_01,Inv_00,20170720,18:49:00,0.0,0.0,0,220.0,0.3,66,25576,16317,28.1,24.0
Station_01,Inv_00,20170720,18:50:00,0.0,0.0,0,220.0,0.3,66,25576,16317,28.2,25.0
Station_01,Inv_00,20170720,18:51:00,0.0,0.0,0,220.0,0.3,66,25576,16317,28.3,24.0
Station_01,Inv_00,20170720,18:52:00,0.0,0.0,0,220.0,0.3,66,25576,16317,28.3,25.0
Station_01,Inv_00,20170720,18:53:00,0.0,0.0,0,220.0,0.3,66,25576,16317,28.4,24.0
Station_01,Inv_00,20170720,18:54:00,0.0,0.0,0,220.0,0.3,66,25576,16317,28.5,24.0
Station_01,Inv_00,20170720,18:55:00,0.0,0.0,0,220.0,0.3,66,25576,16317,28.5,24.0
Station_01,Inv_00,20170720,18:56:00,0.0,0.0,0,220.0,0.3,66,25576,16317,28.5,23.0
Station_01,Inv_00,20170720,18:57:00,0.0,0.0,0,220.0,0.3,66,25576,16317,28.5,23.0
Station_01,Inv_00,20170720,18:58:00,0.0,0.0,0,220.0,0.3,66,25576,16317,28.5,23.0
Station_01,Inv_00,20170720,18:59:00,0.0,0.0,0,220.0,0.3,66,25576,16317,28.6,23.0
Station_01,Inv_00,20170720,19:00:00,0.0,0.0,0,220.0,0.3,66,25576,16317,28.6,23.0
Station_01,Inv_00,20170720,19:01:00,0.0,0.0,0,220.0,0.3,66,25576,16317,28.6,22.0
Station_01,Inv_00,20170720,19:02:00,0.0,0.0,0,220.0,0.3,66,25576,16317,28.6,23.0
Station_01,Inv_00,20170720,19:03:00,0.0,0.0,0,220.0,0.3,66,25576,16317,28.6,23.0
Station_01,Inv_00,20170720,19:04:00,0.0,0.0,0,220.0,0.3,66,25576,16317,28.6,23.0
Station_01,Inv_00,20170720,19:05:00,0.0,0.0,0,220.0,0.3,66,25576,16317,28.6,22.0
Station_01,Inv_00,20170720,19:06:00,0.0,0.0,0,220.0,0.3,66,25576,16317,28.6,22.0
Station_01,Inv_00,20170720,19:07:00,0.0,0.0,0,220.0,0.3,66,25576,16317,28.6,22.0
Station_01,Inv_00,20170720,19:08:00,0.0,0.0,0,220.0,0.3,66,25576,16317,28.5,22.0
Station_01,Inv_00,20170720,19:09:00,0.0,0.0,0,220.0,0.3,66,25576,16317,28.5,21.0
Station_01,Inv_00,20170720,19:10:00,0.0,0.0,0,220.0,0.3,66,25576,16317,28.5,22.0
Station_01,Inv_00,20170720,19:11:00,0.0,0.0,0,220.0,0.3,66,25576,16317,28.5,21.0
Station_01,Inv_00,20170720,19:12:00,0.0,0.0,0,220.0,0.3,66,25576,16317,28.4,22.0
Station_01,Inv_00,20170720,19:13:00,0.0,0.0,0,220.0,0.3,66,25576,16317,28.4,23.0
Station_01,Inv_00,20170720,19:14:00,0.0,0.0,0,220.0,0.3,66,25576,16317,28.4,22.0
Station_01,Inv_00,20170720,19:15:00,0.0,0.0,0,220.0,0.3,66,25576,16317,28.3,20.0
Station_01,Inv_00,20170720,19:16:00,0.0,0.0,0,220.0,0.3,66,25576,16317,28.3,20.0
Station_01,Inv_00,20170720,19:17:00,0.0,0.0,0,220.0,0.3,66,25576,16317,28.2,20.0
Station_01,Inv_00,20170720,19:18:00,0.0,0.0,0,220.0,0.3,66,25576,16317,28.2,21.0
Station_01,Inv_00,20170720,19:19:00,0.0,0.0,0,220.0,0.3,66,25576,16317,28.2,20.0
Station_01,Inv_00,20170720,19:20:00,0.0,0.0,0,220.0,0.3,66,25576,16317,28.1,21.0
Station_01,Inv_00,20170720,19:21:00,0.0,0.0,0,220.0,0.3,66,25576,16317,28.0,21.0
Station_01,Inv_00,20170720,19:22:00,0.0,0.0,0,220.0,0.3,66,25576,16317,28.0,21.0
Station_01,Inv_00,20170720,19:23:00,0.0,0.0,0,220.0,0.3,66,25576,16317,27.9,21.0
Station_01,Inv_00,20170720,19:24:00,0.0,0.0,0,220.0,0.3,66,25576,16317,27.9,20.0
Station_01,Inv_00,20170720,19:25:00,0.0,0.0,0,220.0,0.3,66,25576,16317,27.9,20.0
Station_01,Inv_00,20170720,19:26:00,0.0,0.0,0,220.0,0.3,66,25576,16317,27.9,19.0
Station_01,Inv_00,20170720,19:27:00,0.0,0.0,0,220.0,0.3,66,25576,16317,27.8,19.0
Station_01,Inv_00,20170720,19:28:00,0.0,0.0,0,220.0,0.3,66,25576,16317,27.8,21.0
Station_01,Inv_00,20170720,19:29:00,0.0,0.0,0,220.0,0.3,66,25576,16317,27.7,19.0
Station_01,Inv_00,20170720,19:30:00,0.0,0.0,0,220.0,0.3,66,25576,16317,27.8,20.0
Station_01,Inv_00,20170720,19:31:00,0.0,0.0,0,220.0,0.3,66,25576,16317,27.7,21.0
Station_01,Inv_00,20170720,19:32:00,0.0,0.0,0,220.0,0.3,66,25576,16317,27.7,19.0
Station_01,Inv_00,20170720,19:33:00,0.0,0.0,0,220.0,0.3,66,25576,16317,27.7,19.0
Station_01,Inv_00,20170720,19:34:00,0.0,0.0,0,220.0,0.3,66,25576,16317,27.7,19.0
Station_01,Inv_00,20170720,19:35:00,0.0,0.0,0,220.0,0.3,66,25576,16317,27.7,21.0
Station_01,Inv_00,20170720,19:36:00,0.0,0.0,0,220.0,0.3,66,25576,16317,27.7,18.0
Station_01,Inv_00,20170720,19:37:00,0.0,0.0,0,220.0,0.3,66,25576,16317,27.7,19.0
Station_01,Inv_00,20170720,19:38:00,0.0,0.0,0,220.0,0.3,66,25576,16317,27.7,19.0
Station_01,Inv_00,20170720,19:39:00,0.0,0.0,0,220.0,0.3,66,25576,16317,27.6,20.0
Station_01,Inv_00,20170720,19:40:00,0.0,0.0,0,220.0,0.3,66,25576,16317,27.6,20.0
Station_01,Inv_00,20170720,19:41:00,0.0,0.0,0,220.0,0.3,66,25576,16317,27.5,20.0
Station_01,Inv_00,20170720,19:42:00,0.0,0.0,0,220.0,0.3,66,25576,16317,27.5,20.0
Station_01,Inv_00,20170720,19:43:00,0.0,0.0,0,220.0,0.3,66,25576,16317,27.5,20.0
Station_01,Inv_00,20170720,19:44:00,0.0,0.0,0,220.0,0.3,66,25576,16317,27.4,19.0
Station_01,Inv_00,20170720,19:45:00,0.0,0.0,0,220.0,0.3,66,25576,16317,27.5,20.0
Station_01,Inv_00,20170720,19:46:00,0.0,0.0,0,220.0,0.3,66,25576,16317,27.5,19.0
Station_01,Inv_00,20170720,19:47:00,0.0,0.0,0,220.0,0.3,66,25576,16317,27.6,19.0
Station_01,Inv_00,20170720,19:48:00,0.0,0.0,0,220.0,0.3,66,25576,16317,27.7,20.0
Station_01,Inv_00,20170720,19:49:00,0.0,0.0,0,220.0,0.3,66,25576,16317,27.7,20.0
Station_01,Inv_00,20170720,19:50:00,0.0,0.0,0,220.0,0.3,66,25576,16317,27.8,20.0
Station_01,Inv_00,20170720,19:51:00,0.0,0.0,0,220.0,0.3,66,25576,16317,27.9,20.0
Station_01,Inv_00,20170720,19:52:00,0.0,0.0,0,220.0,0.3,66,25576,16317,27.9,21.0
Station_01,Inv_00,20170720,19:53:00,0.0,0.0,0,220.0,0.3,66,25576,16317,27.9,21.0
Station_01,Inv_00,20170720,19:54:00,0.0,0.0,0,220.0,0.3,66,25576,16317,27.9,20.0
Station_01,Inv_00,20170720,19:55:00,0.0,0.0,0,220.0,0.3,66,25576,16317,27.9,20.0
Station_01,Inv_00,20170720,19:56:00,0.0,0.0,0,220.0,0.3,66,25576,16317,27.8,19.0
Station_01,Inv_00,20170720,19:57:00,0.0,0.0,0,220.0,0.3,66,25576,16317,27.8,18.0
Station_01,Inv_00,20170720,19:58:00,0.0,0.0,0,220.0,0.3,66,25576,16317,27.7,20.0
Station_01,Inv_00,20170720,19:59:00,0.0,0.0,0,220.0,0.3,66,25576,16317,27.7,18.0
Station_01,Inv_00,20170720,20:00:00,0.0,0.0,0,220.0,0.3,66,25576,16317,27.6,19.0
