Station_01,Inv_00,20170807,05:00:00,0.0,0.0,0,222.0,0.2,44,25821,16474,27.3,18.0
Station_01,Inv_00,20170807,05:01:00,0.0,0.0,0,222.0,0.2,44,25821,16474,27.3,18.0
Station_01,Inv_00,20170807,05:02:00,0.0,0.0,0,222.0,0.2,44,25821,16474,27.3,17.0
Station_01,Inv_00,20170807,05:03:00,0.0,0.0,0,222.0,0.2,44,25821,16474,27.3,17.0
Station_01,Inv_00,20170807,05:04:00,0.0,0.0,0,222.0,0.2,44,25821,16474,27.3,17.0
Station_01,Inv_00,20170807,05:05:00,0.0,0.0,0,222.0,0.2,44,25821,16474,27.2,17.0
Station_01,Inv_00,20170807,05:06:00,0.0,0.0,0,222.0,0.2,44,25821,16474,27.1,17.0
Station_01,Inv_00,20170807,05:07:00,0.0,0.0,0,222.0,0.2,44,25821,16474,27.1,17.0
Station_01,Inv_00,20170807,05:08:00,0.0,0.0,0,222.0,0.2,44,25821,16474,27.1,17.0
Station_01,Inv_00,20170807,05:09:00,0.0,0.0,0,222.0,0.2,44,25821,16474,27.1,17.0
Station_01,Inv_00,20170807,05:10:00,0.0,0.0,0,222.0,0.2,44,25821,16474,27.1,17.0
Station_01,Inv_00,20170807,05:11:00,0.0,0.0,0,222.0,0.2,44,25821,16474,27.1,18.0
Station_01,Inv_00,20170807,05:12:00,0.0,0.0,0,222.0,0.2,44,25821,16474,27.1,17.0
Station_01,Inv_00,20170807,05:13:00,0.0,0.0,0,222.0,0.2,44,25821,16474,27.1,18.0
Station_01,Inv_00,20170807,05:14:00,0.0,0.0,0,222.0,0.2,44,25821,16474,27.1,18.0
Station_01,Inv_00,20170807,05:15:00,0.0,0.0,0,222.0,0.2,44,25821,16474,27.1,18.0
Station_01,Inv_00,20170807,05:16:00,0.0,0.0,0,222.0,0.2,44,25821,16474,27.0,18.0
Station_01,Inv_00,20170807,05:17:00,0.0,0.0,0,222.0,0.2,44,25821,16474,27.0,18.0
Station_01,Inv_00,20170807,05:18:00,0.0,0.0,0,222.0,0.2,44,25821,16474,27.0,18.0
Station_01,Inv_00,20170807,05:19:00,0.0,0.0,0,222.0,0.2,44,25821,16474,27.0,18.0
Station_01,Inv_00,20170807,05:20:00,0.0,0.0,0,222.0,0.2,44,25821,16474,26.9,18.0
Station_01,Inv_00,20170807,05:21:00,0.0,0.0,0,222.0,0.2,44,25821,16474,26.9,18.0
Station_01,Inv_00,20170807,05:22:00,0.0,0.0,0,222.0,0.2,44,25821,16474,26.8,18.0
Station_01,Inv_00,20170807,05:23:00,0.0,0.0,0,222.0,0.2,44,25821,16474,26.7,18.0
Station_01,Inv_00,20170807,05:24:00,0.0,0.0,0,222.0,0.2,44,25821,16474,26.7,18.0
Station_01,Inv_00,20170807,05:25:00,0.0,0.0,0,222.0,0.2,44,25821,16474,26.7,19.0
Station_01,Inv_00,20170807,05:26:00,0.0,0.0,0,222.0,0.2,44,25821,16474,26.7,19.0
Station_01,Inv_00,20170807,05:27:00,0.0,0.0,0,222.0,0.2,44,25821,16474,26.7,19.0
Station_01,Inv_00,20170807,05:28:00,0.0,0.0,0,222.0,0.2,44,25821,16474,26.7,19.0
Station_01,Inv_00,20170807,05:29:00,0.0,0.0,0,222.0,0.2,44,25821,16474,26.7,20.0
Station_01,Inv_00,20170807,05:30:00,0.0,0.0,0,222.0,0.2,44,25821,16474,26.7,20.0
Station_01,Inv_00,20170807,05:31:00,0.0,0.0,0,222.0,0.2,44,25821,16474,26.7,20.0
Station_01,Inv_00,20170807,05:32:00,0.0,0.0,0,222.0,0.2,44,25821,16474,26.7,20.0
Station_01,Inv_00,20170807,05:33:00,0.0,0.0,0,222.0,0.2,44,25821,16474,26.6,21.0
Station_01,Inv_00,20170807,05:34:00,0.0,0.0,0,222.0,0.2,44,25821,16474,26.7,21.0
Station_01,Inv_00,20170807,05:35:00,0.0,0.0,0,222.0,0.2,44,25821,16474,26.7,22.0
Station_01,Inv_00,20170807,05:36:00,0.0,0.0,0,222.0,0.2,44,25821,16474,26.7,495.0
Station_01,Inv_00,20170807,05:37:00,0.0,0.0,0,222.0,0.2,44,25821,16474,26.7,23.0
Station_01,Inv_00,20170807,05:38:00,0.0,0.0,0,222.0,0.2,44,25821,16474,26.8,23.0
Station_01,Inv_00,20170807,05:39:00,0.0,0.0,0,222.0,0.2,44,25821,16474,26.8,23.0
Station_01,Inv_00,20170807,05:40:00,0.0,0.0,0,222.0,0.2,44,25821,16474,26.9,24.0
Station_01,Inv_00,20170807,05:41:00,0.0,0.0,0,222.0,0.2,44,25821,16474,26.9,24.0
Station_01,Inv_00,20170807,05:42:00,0.0,0.0,0,222.0,0.2,44,25821,16474,26.9,25.0
Station_01,Inv_00,20170807,05:43:00,0.0,0.0,0,222.0,0.2,44,25821,16474,26.9,25.0
Station_01,Inv_00,20170807,05:44:00,0.0,0.0,0,222.0,0.2,44,25821,16474,27.0,26.0
Station_01,Inv_00,20170807,05:45:00,0.0,0.0,0,222.0,0.5,111,25821,16474,27.0,27.0
Station_01,Inv_00,20170807,05:46:00,0.0,0.0,0,222.0,0.5,111,25821,16474,27.1,28.0
Station_01,Inv_00,20170807,05:47:00,0.0,0.0,0,222.0,0.5,111,25821,16474,27.2,30.0
Station_01,Inv_00,20170807,05:48:00,0.0,0.0,0,222.0,0.5,111,25821,16474,27.3,32.0
Station_01,Inv_00,20170807,05:49:00,0.0,0.0,0,222.0,0.5,111,25821,16474,27.4,32.0
Station_01,Inv_00,20170807,05:50:00,253.0,0.2,51,217.0,1.0,217,25821,16474,27.5,33.0
Station_01,Inv_00,20170807,05:51:00,226.0,0.2,45,218.0,0.4,87,25821,16474,27.6,33.0
Station_01,Inv_00,20170807,05:52:00,198.0,0.2,40,218.0,0.4,87,25821,16474,27.6,34.0
Station_01,Inv_00,20170807,05:53:00,186.0,0.2,37,218.0,0.4,87,25821,16474,27.8,34.0
Station_01,Inv_00,20170807,05:54:00,180.0,0.2,36,218.0,0.4,87,25821,16474,27.8,33.0
Station_01,Inv_00,20170807,05:55:00,209.5,0.2,42,218.0,0.4,87,25821,16474,27.9,33.0
Station_01,Inv_00,20170807,05:56:00,223.0,0.2,45,219.0,0.4,88,25821,16474,27.9,33.0
Station_01,Inv_00,20170807,05:57:00,214.0,0.2,43,219.0,0.4,88,25821,16474,27.9,34.0
Station_01,Inv_00,20170807,05:58:00,222.7,0.3,67,218.0,0.4,87,25821,16474,28.0,35.0
Station_01,Inv_00,20170807,05:59:00,206.0,0.2,41,218.0,0.4,87,25821,16474,28.0,37.0
Station_01,Inv_00,20170807,06:00:00,215.7,0.3,65,218.0,0.5,109,25821,16474,28.0,38.0
Station_01,Inv_00,20170807,06:01:00,209.3,0.3,63,218.0,0.5,109,25821,16474,28.1,40.0
Station_01,Inv_00,20170807,06:02:00,190.0,0.4,76,218.0,0.5,109,25821,16474,28.1,42.0
Station_01,Inv_00,20170807,06:03:00,217.5,0.4,87,217.0,0.5,109,25821,16474,28.2,45.0
Station_01,Inv_00,20170807,06:04:00,211.0,0.4,84,218.0,0.5,109,25821,16474,28.3,44.0
Station_01,Inv_00,20170807,06:05:00,222.5,0.4,89,218.0,0.5,109,25821,16474,28.4,44.0
Station_01,Inv_00,20170807,06:06:00,211.3,0.3,63,218.0,0.5,109,25821,16474,28.4,44.0
Station_01,Inv_00,20170807,06:07:00,206.5,0.4,83,218.0,0.5,109,25821,16474,28.5,44.0
Station_01,Inv_00,20170807,06:08:00,215.7,0.3,65,218.0,0.5,109,25821,16474,28.5,44.0
Station_01,Inv_00,20170807,06:09:00,196.0,0.4,78,218.0,0.5,109,25821,16474,28.6,45.0
Station_01,Inv_00,20170807,06:10:00,158.0,0.4,63,218.0,0.5,109,25821,16474,28.6,46.0
Station_01,Inv_00,20170807,06:11:00,207.0,0.5,104,218.0,0.5,109,25821,16474,28.7,48.0
Station_01,Inv_00,20170807,06:12:00,211.0,0.5,106,218.0,0.6,131,25821,16474,28.7,51.0
Station_01,Inv_00,20170807,06:13:00,233.0,0.5,117,218.0,0.6,131,25821,16474,28.8,52.0
Station_01,Inv_00,20170807,06:14:00,220.0,0.6,132,218.0,0.6,131,25821,16474,28.8,54.0
Station_01,Inv_00,20170807,06:15:00,221.4,0.5,111,216.0,0.7,151,25821,16474,28.9,55.0
Station_01,Inv_00,20170807,06:16:00,210.0,0.6,126,217.0,0.7,152,25821,16474,28.9,57.0
Station_01,Inv_00,20170807,06:17:00,224.0,0.6,134,217.0,0.8,174,25821,16474,29.0,59.0
Station_01,Inv_00,20170807,06:18:00,227.1,0.7,159,217.0,0.8,174,25821,16474,29.0,61.0
Station_01,Inv_00,20170807,06:19:00,219.1,0.7,153,217.0,0.9,195,25821,16474,29.1,64.0
Station_01,Inv_00,20170807,06:20:00,230.0,0.7,161,217.0,0.9,195,25821,16474,29.2,66.0
Station_01,Inv_00,20170807,06:21:00,213.0,0.8,170,217.0,0.9,195,25821,16474,29.3,67.0
Station_01,Inv_00,20170807,06:22:00,224.0,0.8,179,217.0,0.9,195,25821,16474,29.4,67.0
Station_01,Inv_00,20170807,06:23:00,207.0,0.8,166,216.0,0.9,194,25821,16474,29.5,69.0
Station_01,Inv_00,20170807,06:24:00,188.0,0.8,150,218.0,0.9,196,25821,16474,29.5,71.0
Station_01,Inv_00,20170807,06:25:00,219.5,0.8,176,217.0,1.0,217,25821,16474,29.6,72.0
Station_01,Inv_00,20170807,06:26:00,193.1,0.9,174,216.0,0.9,194,25821,16474,29.6,74.0
Station_01,Inv_00,20170807,06:27:00,231.0,0.9,208,216.0,1.0,216,25821,16474,29.7,76.0
Station_01,Inv_00,20170807,06:28:00,215.0,0.9,194,216.0,1.0,216,25821,16474,29.7,81.0
Station_01,Inv_00,20170807,06:29:00,152.0,0.9,137,216.0,0.8,173,25821,16474,29.7,78.0
Station_01,Inv_00,20170807,06:30:00,215.6,0.9,194,216.0,1.0,216,25821,16474,29.7,79.0
Station_01,Inv_00,20170807,06:31:00,224.0,1.0,224,216.0,1.0,216,25821,16474,29.9,81.0
Station_01,Inv_00,20170807,06:32:00,235.0,0.9,212,216.0,1.1,238,25821,16474,29.9,81.0
Station_01,Inv_00,20170807,06:33:00,233.0,1.0,233,217.0,1.1,239,25821,16474,29.9,83.0
Station_01,Inv_00,20170807,06:34:00,229.5,1.0,230,215.0,1.1,237,25821,16474,29.9,83.0
Station_01,Inv_00,20170807,06:35:00,235.0,1.0,235,216.0,1.1,238,25821,16474,30.0,85.0
Station_01,Inv_00,20170807,06:36:00,234.5,1.1,258,216.0,1.1,238,25821,16474,30.0,87.0
Station_01,Inv_00,20170807,06:37:00,231.0,1.2,277,216.0,1.2,259,25821,16474,30.1,92.0
Station_01,Inv_00,20170807,06:38:00,236.0,1.2,283,216.0,1.4,302,25821,16474,30.2,99.0
Station_01,Inv_00,20170807,06:39:00,226.9,1.3,295,216.0,1.4,302,25821,16474,30.4,104.0
Station_01,Inv_00,20170807,06:40:00,232.0,1.4,325,216.0,1.4,302,25821,16474,30.5,106.0
Station_01,Inv_00,20170807,06:41:00,234.3,1.3,305,216.0,1.4,302,25821,16474,30.6,107.0
Station_01,Inv_00,20170807,06:42:00,243.5,1.3,317,217.0,1.4,304,25821,16474,30.7,107.0
Station_01,Inv_00,20170807,06:43:00,241.0,1.4,337,218.0,1.4,305,25821,16474,30.8,107.0
Station_01,Inv_00,20170807,06:44:00,226.0,1.4,316,216.0,1.4,302,25821,16474,30.8,108.0
Station_01,Inv_00,20170807,06:45:00,240.3,1.4,336,216.0,1.5,324,25821,16474,30.9,109.0
Station_01,Inv_00,20170807,06:46:00,234.0,1.5,351,215.0,1.5,323,25821,16474,31.0,114.0
Station_01,Inv_00,20170807,06:47:00,240.8,1.7,409,216.0,1.7,367,25821,16474,31.1,123.0
Station_01,Inv_00,20170807,06:48:00,238.4,1.8,429,216.0,1.9,410,25821,16474,31.4,132.0
Station_01,Inv_00,20170807,06:49:00,238.5,1.8,429,215.0,1.9,409,25821,16474,31.6,134.0
Station_01,Inv_00,20170807,06:50:00,237.2,1.7,403,216.0,1.7,367,25821,16474,31.8,127.0
Station_01,Inv_00,20170807,06:51:00,243.3,1.5,365,216.0,1.6,346,25821,16474,31.8,120.0
Station_01,Inv_00,20170807,06:52:00,232.5,1.6,372,215.0,1.6,344,25821,16474,31.8,119.0
Station_01,Inv_00,20170807,06:53:00,190.0,1.6,304,216.0,1.4,302,25821,16474,31.9,120.0
Station_01,Inv_00,20170807,06:54:00,242.9,1.5,364,216.0,1.6,346,25821,16474,32.0,122.0
Station_01,Inv_00,20170807,06:55:00,241.0,1.6,386,215.0,1.7,366,25821,16474,32.1,123.0
Station_01,Inv_00,20170807,06:56:00,217.0,1.6,347,216.0,1.5,324,25821,16474,32.1,122.0
Station_01,Inv_00,20170807,06:57:00,235.0,1.6,376,215.0,1.6,344,25821,16474,32.1,121.0
Station_01,Inv_00,20170807,06:58:00,237.3,1.5,356,215.0,1.5,323,25821,16474,32.1,120.0
Station_01,Inv_00,20170807,06:59:00,209.8,1.5,315,216.0,1.5,324,25821,16474,32.1,117.0
Station_01,Inv_00,20170807,07:00:00,234.0,1.4,328,215.0,1.5,323,25821,16474,32.0,116.0
Station_01,Inv_00,20170807,07:01:00,223.2,1.5,335,215.0,1.5,323,25821,16474,32.0,118.0
Station_01,Inv_00,20170807,07:02:00,213.4,1.5,320,214.0,1.5,321,25821,16474,31.9,120.0
Station_01,Inv_00,20170807,07:03:00,234.0,1.6,374,215.0,1.6,344,25821,16474,32.0,123.0
Station_01,Inv_00,20170807,07:04:00,228.5,1.8,411,216.0,1.8,389,25821,16474,32.2,132.0
Station_01,Inv_00,20170807,07:05:00,239.0,1.9,454,215.0,2.1,452,25821,16474,32.2,146.0
Station_01,Inv_00,20170807,07:06:00,243.9,2.1,512,214.0,2.2,471,25821,16474,32.4,152.0
Station_01,Inv_00,20170807,07:07:00,242.5,2.0,485,216.0,2.0,432,25821,16474,32.5,148.0
Station_01,Inv_00,20170807,07:08:00,229.7,1.8,413,218.0,1.8,392,25821,16474,32.7,138.0
Station_01,Inv_00,20170807,07:09:00,236.5,1.6,378,217.0,1.7,369,25821,16474,32.7,129.0
Station_01,Inv_00,20170807,07:10:00,240.5,1.4,337,217.0,1.6,347,25821,16474,32.7,122.0
Station_01,Inv_00,20170807,07:11:00,236.5,1.4,331,218.0,1.5,327,25821,16474,32.7,118.0
Station_01,Inv_00,20170807,07:12:00,236.5,1.5,355,218.0,1.5,327,25821,16474,32.7,117.0
Station_01,Inv_00,20170807,07:13:00,233.3,1.5,350,218.0,1.5,327,25821,16474,32.7,119.0
Station_01,Inv_00,20170807,07:14:00,241.4,1.6,386,219.0,1.6,350,25821,16474,32.6,124.0
Station_01,Inv_00,20170807,07:15:00,233.0,1.7,396,218.0,1.7,371,25821,16474,32.7,129.0
Station_01,Inv_00,20170807,07:16:00,237.5,1.7,404,220.0,1.7,374,25821,16474,32.8,130.0
Station_01,Inv_00,20170807,07:17:00,245.0,1.5,368,220.0,1.6,352,25821,16474,32.8,123.0
Station_01,Inv_00,20170807,07:18:00,236.5,1.4,331,220.0,1.5,330,25821,16474,32.6,114.0
Station_01,Inv_00,20170807,07:19:00,236.5,1.3,307,220.0,1.4,308,25821,16474,32.6,106.0
Station_01,Inv_00,20170807,07:20:00,237.5,1.2,285,218.0,1.3,283,25821,16474,32.5,101.0
Station_01,Inv_00,20170807,07:21:00,236.5,1.1,260,217.0,1.3,282,25821,16474,32.4,98.0
Station_01,Inv_00,20170807,07:22:00,234.0,1.2,281,218.0,1.2,262,25821,16474,32.2,97.0
Station_01,Inv_00,20170807,07:23:00,234.0,1.2,281,217.0,1.2,260,25821,16474,32.1,98.0
Station_01,Inv_00,20170807,07:24:00,231.4,1.2,278,217.0,1.3,282,25821,16474,31.9,100.0
Station_01,Inv_00,20170807,07:25:00,238.8,1.3,311,217.0,1.4,304,25821,16474,31.9,105.0
Station_01,Inv_00,20170807,07:26:00,232.0,1.4,325,217.0,1.4,304,25821,16474,31.9,111.0
Station_01,Inv_00,20170807,07:27:00,238.0,1.5,357,217.0,1.6,347,25821,16474,31.9,121.0
Station_01,Inv_00,20170807,07:28:00,240.7,1.8,433,217.0,1.9,412,25821,16474,32.1,136.0
Station_01,Inv_00,20170807,07:29:00,228.3,2.0,457,217.0,2.0,434,25821,16474,32.2,146.0
Station_01,Inv_00,20170807,07:30:00,212.5,2.0,425,218.0,1.9,414,25821,16474,32.3,150.0
Station_01,Inv_00,20170807,07:31:00,232.0,1.9,441,218.0,2.0,436,25821,16474,32.4,152.0
Station_01,Inv_00,20170807,07:32:00,227.8,4.4,1002,217.0,4.2,911,25821,16474,33.1,276.0
Station_01,Inv_00,20170807,07:33:00,245.5,3.7,908,217.0,3.9,846,25821,16474,33.7,262.0
Station_01,Inv_00,20170807,07:34:00,248.0,3.6,893,217.0,3.9,846,25821,16474,34.2,267.0
Station_01,Inv_00,20170807,07:35:00,235.5,3.9,918,217.0,3.9,846,25821,16474,34.6,274.0
Station_01,Inv_00,20170807,07:36:00,246.0,3.8,935,217.0,4.0,868,25821,16474,35.2,276.0
Station_01,Inv_00,20170807,07:37:00,246.0,3.5,861,217.0,3.9,846,25821,16474,35.5,266.0
Station_01,Inv_00,20170807,07:38:00,246.0,3.7,910,217.0,3.9,846,25821,16474,36.1,269.0
Station_01,Inv_00,20170807,07:39:00,243.0,3.8,923,217.0,4.0,868,25821,16474,36.4,278.0
Station_01,Inv_00,20170807,07:40:00,230.3,3.8,875,217.0,3.9,846,25821,16474,36.8,278.0
Station_01,Inv_00,20170807,07:41:00,245.5,3.6,884,217.0,3.9,846,25821,16474,37.0,273.0
Station_01,Inv_00,20170807,07:42:00,237.5,3.8,903,218.0,3.9,850,25821,16474,37.4,277.0
Station_01,Inv_00,20170807,07:43:00,238.5,4.5,1073,218.0,4.5,981,25821,16474,37.8,302.0
Station_01,Inv_00,20170807,07:44:00,243.0,5.2,1264,217.0,5.3,1150,25821,16474,38.7,350.0
Station_01,Inv_00,20170807,07:45:00,245.0,5.8,1421,218.0,6.2,1352,25821,16474,39.4,408.0
Station_01,Inv_00,20170807,07:46:00,241.5,6.1,1473,218.0,6.4,1395,25821,16474,40.2,430.0
Station_01,Inv_00,20170807,07:47:00,242.0,6.1,1476,217.0,6.4,1389,25821,16474,41.0,430.0
Station_01,Inv_00,20170807,07:48:00,240.5,6.3,1515,217.0,6.4,1389,25821,16474,42.1,433.0
Station_01,Inv_00,20170807,07:49:00,232.5,6.4,1488,217.0,6.5,1411,25821,16474,42.4,443.0
Station_01,Inv_00,20170807,07:50:00,239.5,6.5,1557,217.0,6.7,1454,25821,16474,43.2,448.0
Station_01,Inv_00,20170807,07:51:00,236.0,6.6,1557,218.0,6.7,1461,25821,16474,43.9,453.0
Station_01,Inv_00,20170807,07:52:00,234.5,6.7,1571,218.0,6.7,1461,25821,16474,44.0,454.0
Station_01,Inv_00,20170807,07:53:00,235.5,6.6,1554,218.0,6.7,1461,25821,16474,44.9,453.0
Station_01,Inv_00,20170807,07:54:00,233.0,6.9,1608,217.0,6.8,1476,25821,16474,44.3,463.0
Station_01,Inv_00,20170807,07:55:00,230.0,6.9,1587,217.0,6.8,1476,25821,16474,45.3,467.0
Station_01,Inv_00,20170807,07:56:00,236.9,7.0,1658,218.0,7.0,1526,25821,16474,45.4,471.0
Station_01,Inv_00,20170807,07:57:00,235.5,6.9,1625,218.0,7.1,1548,25821,16474,45.9,476.0
Station_01,Inv_00,20170807,07:58:00,233.4,7.0,1634,218.0,7.2,1570,25821,16474,46.3,480.0
Station_01,Inv_00,20170807,07:59:00,236.4,7.0,1655,218.0,7.2,1570,25821,16474,46.9,479.0
Station_01,Inv_00,20170807,08:00:00,229.0,7.2,1649,218.0,7.2,1570,25822,16474,46.6,483.0
Station_01,Inv_00,20170807,08:01:00,226.0,7.1,1605,217.0,7.0,1519,25822,16474,46.1,484.0
Station_01,Inv_00,20170807,08:02:00,234.5,7.1,1665,217.0,7.2,1562,25822,16474,46.8,486.0
Station_01,Inv_00,20170807,08:03:00,229.5,7.3,1675,217.0,7.3,1584,25822,16474,47.1,493.0
Station_01,Inv_00,20170807,08:04:00,231.0,7.4,1709,216.0,7.3,1577,25822,16474,47.0,492.0
Station_01,Inv_00,20170807,08:05:00,234.5,7.2,1688,217.0,7.2,1562,25822,16474,47.2,487.0
Station_01,Inv_00,20170807,08:06:00,233.0,7.2,1678,217.0,7.3,1584,25822,16474,47.5,489.0
Station_01,Inv_00,20170807,08:07:00,233.5,7.5,1751,216.0,7.5,1620,25822,16474,48.4,496.0
Station_01,Inv_00,20170807,08:08:00,232.0,7.5,1740,216.0,7.6,1642,25822,16474,49.0,504.0
Station_01,Inv_00,20170807,08:09:00,229.0,7.7,1763,216.0,7.7,1663,25822,16474,49.0,514.0
Station_01,Inv_00,20170807,08:10:00,233.0,7.5,1748,216.0,7.7,1663,25822,16474,49.1,515.0
Station_01,Inv_00,20170807,08:11:00,232.0,7.7,1786,219.0,7.6,1664,25822,16474,49.5,513.0
Station_01,Inv_00,20170807,08:12:00,229.5,7.9,1813,220.0,7.7,1694,25822,16474,49.8,522.0
Station_01,Inv_00,20170807,08:13:00,229.0,7.9,1809,220.0,7.8,1716,25822,16474,49.6,528.0
Station_01,Inv_00,20170807,08:14:00,231.5,8.1,1875,220.0,8.1,1782,25822,16474,50.1,539.0
Station_01,Inv_00,20170807,08:15:00,228.5,8.5,1942,220.0,8.3,1826,25822,16474,50.0,560.0
Station_01,Inv_00,20170807,08:16:00,230.5,8.7,2005,220.0,8.7,1914,25822,16474,50.9,583.0
Station_01,Inv_00,20170807,08:17:00,223.0,9.9,2208,220.0,9.5,2090,25822,16474,52.0,622.0
Station_01,Inv_00,20170807,08:18:00,228.0,10.0,2280,220.0,9.8,2156,25822,16474,52.8,656.0
Station_01,Inv_00,20170807,08:19:00,228.5,9.7,2216,219.0,9.7,2124,25822,16474,53.4,623.0
Station_01,Inv_00,20170807,08:20:00,235.5,4.4,1036,218.0,4.6,1003,25822,16474,51.6,331.0
Station_01,Inv_00,20170807,08:21:00,231.4,3.1,717,218.0,3.3,719,25822,16474,50.6,297.0
Station_01,Inv_00,20170807,08:22:00,228.0,2.2,502,217.0,2.3,499,25822,16474,48.0,178.0
Station_01,Inv_00,20170807,08:23:00,227.8,2.0,456,217.0,2.0,434,25822,16474,47.0,153.0
Station_01,Inv_00,20170807,08:24:00,218.9,2.1,460,217.0,2.0,434,25822,16474,45.2,154.0
Station_01,Inv_00,20170807,08:25:00,226.5,2.2,498,217.0,2.2,477,25822,16474,44.2,160.0
Station_01,Inv_00,20170807,08:26:00,230.0,2.4,552,218.0,2.4,523,25822,16474,43.1,169.0
Station_01,Inv_00,20170807,08:27:00,231.4,2.5,579,217.0,2.5,543,25822,16474,42.1,179.0
Station_01,Inv_00,20170807,08:28:00,227.0,2.7,613,218.0,2.7,589,25822,16474,41.6,187.0
Station_01,Inv_00,20170807,08:29:00,230.4,8.9,2051,219.0,8.5,1862,25822,16474,43.2,469.0
Station_01,Inv_00,20170807,08:30:00,238.0,8.9,2118,218.0,9.1,1984,25822,16474,45.3,590.0
Station_01,Inv_00,20170807,08:31:00,232.0,8.7,2019,218.0,9.0,1962,25822,16474,45.3,593.0
Station_01,Inv_00,20170807,08:32:00,233.5,8.8,2055,218.0,8.9,1940,25822,16474,46.1,591.0
Station_01,Inv_00,20170807,08:33:00,234.0,8.7,2036,218.0,8.9,1940,25822,16474,46.3,577.0
Station_01,Inv_00,20170807,08:34:00,229.4,9.2,2111,218.0,9.2,2006,25822,16474,47.4,598.0
Station_01,Inv_00,20170807,08:35:00,233.5,9.0,2102,218.0,9.1,1984,25822,16474,49.0,598.0
Station_01,Inv_00,20170807,08:36:00,228.0,7.5,1710,217.0,7.8,1693,25822,16474,49.0,572.0
Station_01,Inv_00,20170807,08:37:00,230.5,3.2,738,216.0,3.4,734,25822,16474,47.8,337.0
Station_01,Inv_00,20170807,08:38:00,212.2,3.0,637,216.0,2.9,626,25823,16475,46.7,217.0
Station_01,Inv_00,20170807,08:39:00,231.5,2.0,463,217.0,2.0,434,25823,16475,44.8,154.0
Station_01,Inv_00,20170807,08:40:00,227.0,2.2,499,218.0,2.1,458,25823,16475,44.5,154.0
Station_01,Inv_00,20170807,08:41:00,230.0,2.3,529,218.0,2.3,501,25823,16475,43.0,163.0
Station_01,Inv_00,20170807,08:42:00,234.0,2.6,608,218.0,2.6,567,25823,16475,41.3,176.0
Station_01,Inv_00,20170807,08:43:00,237.5,3.2,760,217.0,3.5,760,25823,16475,41.2,240.0
Station_01,Inv_00,20170807,08:44:00,234.5,4.1,961,218.0,4.1,894,25823,16475,41.4,268.0
Station_01,Inv_00,20170807,08:45:00,224.5,6.4,1437,218.0,6.6,1439,25823,16475,42.8,566.0
Station_01,Inv_00,20170807,08:46:00,230.9,3.2,739,217.0,3.2,694,25823,16475,42.3,229.0
Station_01,Inv_00,20170807,08:47:00,236.9,8.1,1919,219.0,8.3,1818,25823,16475,42.8,395.0
Station_01,Inv_00,20170807,08:48:00,239.0,4.2,1004,218.0,4.2,916,25823,16475,43.8,371.0
Station_01,Inv_00,20170807,08:49:00,225.5,3.8,857,217.0,3.8,825,25823,16475,43.1,264.0
Station_01,Inv_00,20170807,08:50:00,230.3,3.8,875,217.0,3.8,825,25823,16475,41.9,256.0
Station_01,Inv_00,20170807,08:51:00,229.3,3.8,871,217.0,3.9,846,25823,16475,41.6,255.0
Station_01,Inv_00,20170807,08:52:00,235.0,4.1,963,217.0,4.2,911,25823,16475,41.9,275.0
Station_01,Inv_00,20170807,08:53:00,231.5,4.6,1065,217.0,4.6,998,25823,16475,41.6,301.0
Station_01,Inv_00,20170807,08:54:00,227.0,11.4,2587,218.0,11.3,2463,25823,16475,44.4,702.0
Station_01,Inv_00,20170807,08:55:00,232.5,11.3,2627,218.0,11.3,2463,25823,16475,46.9,727.0
Station_01,Inv_00,20170807,08:56:00,232.4,3.4,790,217.0,3.4,738,25823,16475,47.2,469.0
Station_01,Inv_00,20170807,08:57:00,229.0,3.1,710,217.0,3.1,673,25823,16475,45.5,233.0
Station_01,Inv_00,20170807,08:58:00,229.0,3.1,710,217.0,3.1,673,25823,16475,44.7,226.0
Station_01,Inv_00,20170807,08:59:00,233.4,3.2,747,217.0,3.2,694,25823,16475,43.9,212.0
Station_01,Inv_00,20170807,09:00:00,233.4,3.2,747,217.0,3.2,694,25823,16475,43.9,216.0
Station_01,Inv_00,20170807,09:01:00,233.4,3.2,747,217.0,3.2,694,25823,16475,43.9,216.0
Station_01,Inv_00,20170807,09:02:00,233.4,3.2,747,217.0,3.2,694,25823,16475,43.9,216.0
Station_01,Inv_00,20170807,09:03:00,233.4,3.2,747,217.0,3.2,694,25823,16475,43.9,216.0
Station_01,Inv_00,20170807,09:04:00,222.6,5.3,1180,215.0,5.1,1097,25823,16475,46.1,514.0
Station_01,Inv_00,20170807,09:05:00,220.0,6.3,1386,215.0,5.6,1204,25823,16475,45.7,406.0
Station_01,Inv_00,20170807,09:06:00,216.4,8.3,1796,216.0,7.8,1685,25823,16475,44.9,422.0
Station_01,Inv_00,20170807,09:07:00,223.9,8.5,1904,216.0,9.1,1966,25823,16475,47.0,702.0
Station_01,Inv_00,20170807,09:08:00,235.0,2.8,658,215.0,2.9,624,25823,16475,44.5,219.0
Station_01,Inv_00,20170807,09:09:00,233.0,2.8,652,213.0,3.0,639,25823,16475,43.2,204.0
Station_01,Inv_00,20170807,09:10:00,231.5,2.8,648,213.0,2.9,618,25823,16475,42.2,204.0
Station_01,Inv_00,20170807,09:11:00,225.4,2.9,654,213.0,2.9,618,25823,16475,42.0,202.0
Station_01,Inv_00,20170807,09:12:00,231.8,2.8,649,212.0,2.9,615,25823,16475,41.5,203.0
Station_01,Inv_00,20170807,09:13:00,232.0,2.9,673,213.0,3.0,639,25823,16475,41.5,202.0
Station_01,Inv_00,20170807,09:14:00,235.5,10.3,2426,211.0,10.9,2300,25823,16475,41.0,216.0
Station_01,Inv_00,20170807,09:15:00,233.0,9.4,2190,211.0,9.7,2047,25823,16475,43.7,577.0
Station_01,Inv_00,20170807,09:16:00,228.5,7.4,1691,210.0,7.6,1596,25823,16475,44.6,630.0
Station_01,Inv_00,20170807,09:17:00,227.4,4.3,978,210.0,4.1,861,25823,16475,43.6,262.0
Station_01,Inv_00,20170807,09:18:00,231.4,11.8,2731,211.0,12.1,2553,25823,16475,46.6,700.0
Station_01,Inv_00,20170807,09:19:00,234.0,11.4,2668,211.0,12.0,2532,25823,16475,46.6,723.0
Station_01,Inv_00,20170807,09:20:00,234.0,11.4,2668,211.0,12.0,2532,25823,16475,46.6,708.0
Station_01,Inv_00,20170807,09:21:00,234.0,11.4,2668,211.0,12.0,2532,25823,16475,46.6,708.0
Station_01,Inv_00,20170807,09:22:00,234.0,11.4,2668,211.0,12.0,2532,25823,16475,46.6,708.0
Station_01,Inv_00,20170807,09:23:00,234.0,11.4,2668,211.0,12.0,2532,25823,16475,46.6,708.0
Station_01,Inv_00,20170807,09:24:00,218.0,7.0,1526,212.0,6.8,1442,25824,16476,51.4,400.0
Station_01,Inv_00,20170807,09:25:00,218.3,3.7,808,210.0,3.6,756,25824,16476,51.7,400.0
Station_01,Inv_00,20170807,09:26:00,227.5,3.3,751,210.0,3.3,693,25824,16476,48.8,235.0
Station_01,Inv_00,20170807,09:27:00,229.0,3.4,779,211.0,3.5,739,25824,16476,48.5,234.0
Station_01,Inv_00,20170807,09:28:00,229.9,3.2,736,211.0,3.3,696,25824,16476,47.2,245.0
Station_01,Inv_00,20170807,09:29:00,231.5,3.2,741,211.0,3.2,675,25824,16476,45.4,224.0
Station_01,Inv_00,20170807,09:30:00,232.5,3.2,744,210.0,3.3,693,25824,16476,43.8,230.0
Station_01,Inv_00,20170807,09:31:00,234.5,3.9,915,211.0,3.9,823,25824,16476,43.1,256.0
Station_01,Inv_00,20170807,09:32:00,219.9,10.4,2287,212.0,10.2,2162,25824,16476,43.3,463.0
Station_01,Inv_00,20170807,09:33:00,224.4,12.8,2873,212.0,12.8,2714,25824,16476,45.6,744.0
Station_01,Inv_00,20170807,09:34:00,227.5,10.9,2480,212.0,10.0,2120,25824,16476,46.4,599.0
Station_01,Inv_00,20170807,09:35:00,228.3,3.8,867,211.0,3.8,802,25824,16476,45.6,341.0
Station_01,Inv_00,20170807,09:36:00,232.5,3.2,744,210.0,3.3,693,25824,16476,44.9,235.0
Station_01,Inv_00,20170807,09:37:00,229.5,3.2,734,211.0,3.3,696,25824,16476,44.1,228.0
Station_01,Inv_00,20170807,09:38:00,224.3,4.2,942,212.0,4.1,869,25824,16476,43.5,262.0
Station_01,Inv_00,20170807,09:39:00,221.5,10.6,2347,211.0,10.0,2110,25824,16476,47.0,732.0
Station_01,Inv_00,20170807,09:40:00,224.5,14.6,3277,212.0,14.3,3032,25824,16476,48.7,857.0
Station_01,Inv_00,20170807,09:41:00,232.1,7.8,1810,212.0,7.6,1611,25824,16476,48.0,492.0
Station_01,Inv_00,20170807,09:42:00,230.0,14.4,3312,213.0,14.5,3089,25824,16476,50.1,880.0
Station_01,Inv_00,20170807,09:43:00,225.0,14.3,3217,213.0,14.3,3046,25824,16476,52.8,908.0
Station_01,Inv_00,20170807,09:44:00,225.0,14.0,3150,213.0,13.9,2961,25824,16476,55.0,905.0
Station_01,Inv_00,20170807,09:45:00,216.5,14.5,3139,213.0,13.8,2939,25824,16476,56.7,910.0
Station_01,Inv_00,20170807,09:46:00,204.5,6.9,1411,212.0,7.0,1484,25824,16476,58.5,781.0
Station_01,Inv_00,20170807,09:47:00,226.5,11.9,2695,212.0,10.7,2268,25824,16476,57.2,626.0
Station_01,Inv_00,20170807,09:48:00,218.4,14.1,3080,213.0,13.5,2876,25824,16476,58.1,857.0
Station_01,Inv_00,20170807,09:49:00,213.8,14.0,2994,213.0,13.1,2790,25824,16476,57.2,849.0
Station_01,Inv_00,20170807,09:50:00,223.0,4.9,1093,211.0,4.8,1013,25824,16476,56.0,356.0
Station_01,Inv_00,20170807,09:51:00,197.5,12.8,2528,212.0,10.6,2247,25824,16476,55.0,467.0
Station_01,Inv_00,20170807,09:52:00,212.4,5.2,1104,212.0,5.0,1060,25824,16476,55.4,382.0
Station_01,Inv_00,20170807,09:53:00,227.5,4.2,956,211.0,4.1,865,25824,16476,53.1,297.0
Station_01,Inv_00,20170807,09:54:00,226.0,4.0,904,211.0,4.0,844,25824,16476,51.9,271.0
Station_01,Inv_00,20170807,09:55:00,225.4,3.6,812,211.0,3.6,760,25824,16476,50.5,246.0
Station_01,Inv_00,20170807,09:56:00,226.9,3.4,772,211.0,3.5,739,25824,16476,50.1,233.0
Station_01,Inv_00,20170807,09:57:00,194.0,3.9,757,211.0,3.3,696,25824,16476,49.1,242.0
Station_01,Inv_00,20170807,09:58:00,227.9,3.8,866,211.0,3.8,802,25824,16476,48.3,261.0
Station_01,Inv_00,20170807,09:59:00,235.4,3.6,848,212.0,3.8,806,25824,16476,48.0,253.0
Station_01,Inv_00,20170807,10:00:00,224.5,3.9,876,212.0,3.9,827,25824,16476,46.7,261.0
Station_01,Inv_00,20170807,10:01:00,229.0,4.7,1076,213.0,4.8,1022,25824,16476,46.0,375.0
Station_01,Inv_00,20170807,10:02:00,222.0,13.5,2997,214.0,12.6,2696,25824,16476,46.4,499.0
Station_01,Inv_00,20170807,10:03:00,231.4,13.9,3217,214.0,14.1,3017,25825,16476,50.4,888.0
Station_01,Inv_00,20170807,10:04:00,226.5,14.5,3284,214.0,14.4,3082,25825,16476,53.0,930.0
Station_01,Inv_00,20170807,10:05:00,220.0,15.1,3322,214.0,14.4,3082,25825,16476,55.7,952.0
Station_01,Inv_00,20170807,10:06:00,215.4,12.3,2650,214.0,11.9,2547,25825,16476,57.0,739.0
Station_01,Inv_00,20170807,10:07:00,218.0,12.1,2637,211.0,11.6,2448,25825,16476,56.9,676.0
Station_01,Inv_00,20170807,10:08:00,208.4,8.6,1793,210.0,10.2,2142,25825,16476,58.8,868.0
Station_01,Inv_00,20170807,10:09:00,223.0,4.3,959,210.0,4.2,882,25825,16476,57.1,374.0
Station_01,Inv_00,20170807,10:10:00,228.5,5.7,1303,210.0,5.2,1092,25825,16476,53.8,274.0
Station_01,Inv_00,20170807,10:11:00,224.5,3.7,831,210.0,3.9,819,25825,16476,51.2,271.0
Station_01,Inv_00,20170807,10:12:00,225.0,3.2,720,210.0,3.2,672,25825,16476,49.3,223.0
Station_01,Inv_00,20170807,10:13:00,224.0,2.8,627,210.0,2.9,609,25825,16476,48.2,202.0
Station_01,Inv_00,20170807,10:14:00,229.7,2.6,597,210.0,2.7,567,25825,16476,45.7,194.0
Station_01,Inv_00,20170807,10:15:00,235.9,2.6,613,210.0,2.7,567,25825,16476,44.1,188.0
Station_01,Inv_00,20170807,10:16:00,235.5,2.4,565,210.0,2.6,546,25825,16476,43.0,184.0
Station_01,Inv_00,20170807,10:17:00,239.0,2.5,598,210.0,2.7,567,25825,16476,42.1,186.0
Station_01,Inv_00,20170807,10:18:00,238.5,2.7,644,210.0,2.9,609,25825,16476,41.4,194.0
Station_01,Inv_00,20170807,10:19:00,231.0,3.8,878,210.0,4.0,840,25825,16476,41.3,241.0
Station_01,Inv_00,20170807,10:20:00,234.8,11.0,2583,211.0,11.1,2342,25825,16476,42.5,414.0
Station_01,Inv_00,20170807,10:21:00,233.4,15.0,3502,211.0,15.5,3271,25825,16476,46.0,940.0
Station_01,Inv_00,20170807,10:22:00,230.0,13.8,3174,210.0,14.0,2940,25825,16476,49.5,945.0
Station_01,Inv_00,20170807,10:23:00,225.0,15.2,3420,211.0,15.2,3207,25825,16476,51.6,977.0
Station_01,Inv_00,20170807,10:24:00,223.0,15.5,3456,211.0,15.3,3228,25825,16476,54.0,1012.0
Station_01,Inv_00,20170807,10:25:00,220.4,6.8,1499,210.0,7.0,1470,25825,16476,53.6,602.0
Station_01,Inv_00,20170807,10:26:00,226.0,5.6,1266,210.0,5.6,1176,25825,16476,51.3,379.0
Station_01,Inv_00,20170807,10:27:00,228.5,5.6,1280,210.0,5.7,1197,25825,16476,49.0,371.0
Station_01,Inv_00,20170807,10:28:00,222.0,10.3,2286,211.0,10.3,2173,25825,16476,49.7,691.0
Station_01,Inv_00,20170807,10:29:00,222.2,5.6,1244,210.0,5.6,1176,25825,16476,49.8,525.0
Station_01,Inv_00,20170807,10:30:00,226.0,4.9,1107,210.0,4.8,1008,25825,16476,49.2,327.0
Station_01,Inv_00,20170807,10:31:00,228.5,4.6,1051,210.0,4.7,987,25825,16476,47.5,317.0
Station_01,Inv_00,20170807,10:32:00,233.5,4.4,1027,210.0,4.5,945,25825,16476,46.6,307.0
Station_01,Inv_00,20170807,10:33:00,231.0,3.7,855,210.0,3.9,819,25825,16476,45.2,267.0
Station_01,Inv_00,20170807,10:34:00,236.5,3.5,828,210.0,3.7,777,25825,16476,44.6,248.0
Station_01,Inv_00,20170807,10:35:00,232.5,4.1,953,210.0,4.1,861,25825,16476,44.3,271.0
Station_01,Inv_00,20170807,10:36:00,221.0,5.0,1105,210.0,5.0,1050,25825,16476,44.0,325.0
Station_01,Inv_00,20170807,10:37:00,198.4,8.7,1726,210.0,8.6,1806,25825,16476,46.5,873.0
Station_01,Inv_00,20170807,10:38:00,232.5,4.7,1093,210.0,5.0,1050,25826,16477,45.0,346.0
Station_01,Inv_00,20170807,10:39:00,214.4,8.3,1780,210.0,8.0,1680,25826,16477,45.8,660.0
Station_01,Inv_00,20170807,10:40:00,231.4,15.4,3564,210.0,15.4,3234,25826,16477,46.0,541.0
Station_01,Inv_00,20170807,10:41:00,230.0,15.0,3449,210.0,15.5,3255,25826,16477,48.7,997.0
Station_01,Inv_00,20170807,10:42:00,221.9,6.3,1398,210.0,6.2,1302,25826,16477,49.2,522.0
Station_01,Inv_00,20170807,10:43:00,209.1,9.9,2070,210.0,10.6,2226,25826,16477,50.6,851.0
Station_01,Inv_00,20170807,10:44:00,224.8,15.3,3440,210.0,15.4,3234,25826,16477,53.0,975.0
Station_01,Inv_00,20170807,10:45:00,218.5,15.6,3408,210.0,15.2,3192,25826,16477,53.7,996.0
Station_01,Inv_00,20170807,10:46:00,218.9,15.7,3437,210.0,15.4,3234,25826,16477,56.7,1013.0
Station_01,Inv_00,20170807,10:47:00,219.5,15.2,3336,210.0,14.6,3066,25826,16477,58.0,997.0
Station_01,Inv_00,20170807,10:48:00,211.5,13.7,2897,210.0,12.7,2667,25826,16477,60.5,969.0
Station_01,Inv_00,20170807,10:49:00,213.5,15.1,3224,210.0,14.4,3024,25826,16477,59.6,1010.0
Station_01,Inv_00,20170807,10:50:00,211.0,16.1,3397,210.0,15.0,3150,25826,16477,60.5,1015.0
Station_01,Inv_00,20170807,10:51:00,213.0,16.0,3408,210.0,15.1,3171,25826,16477,62.8,1029.0
Station_01,Inv_00,20170807,10:52:00,207.5,15.7,3258,210.0,14.6,3066,25826,16477,62.5,1012.0
Station_01,Inv_00,20170807,10:53:00,215.6,10.2,2200,210.0,7.3,1533,25826,16477,62.7,684.0
Station_01,Inv_00,20170807,10:54:00,217.4,4.4,957,210.0,4.1,861,25826,16477,59.2,294.0
Station_01,Inv_00,20170807,10:55:00,214.5,16.2,3475,212.0,15.4,3265,25826,16477,61.5,989.0
Station_01,Inv_00,20170807,10:56:00,212.5,15.5,3293,212.0,14.7,3116,25826,16477,61.8,1023.0
Station_01,Inv_00,20170807,10:57:00,221.5,4.2,930,211.0,4.1,865,25826,16477,58.5,306.0
Station_01,Inv_00,20170807,10:58:00,223.0,3.9,870,211.0,3.9,823,25826,16477,53.7,267.0
Station_01,Inv_00,20170807,10:59:00,223.5,4.0,894,211.0,3.9,823,25826,16477,52.0,266.0
Station_01,Inv_00,20170807,11:00:00,221.4,4.8,1063,211.0,4.6,971,25826,16477,51.0,296.0
Station_01,Inv_00,20170807,11:01:00,226.5,8.4,1902,211.0,8.1,1709,25826,16477,50.3,441.0
Station_01,Inv_00,20170807,11:02:00,220.0,16.0,3520,212.0,15.5,3286,25827,16478,53.7,993.0
Station_01,Inv_00,20170807,11:03:00,218.5,15.7,3430,212.0,15.2,3222,25827,16478,55.3,1027.0
Station_01,Inv_00,20170807,11:04:00,215.5,15.6,3362,212.0,14.8,3138,25827,16478,56.4,1002.0
Station_01,Inv_00,20170807,11:05:00,216.5,15.7,3398,212.0,14.9,3159,25827,16478,58.3,1015.0
Station_01,Inv_00,20170807,11:06:00,214.5,16.1,3453,212.0,15.2,3222,25827,16478,58.9,1022.0
Station_01,Inv_00,20170807,11:07:00,210.0,16.3,3423,212.0,15.0,3180,25827,16478,59.1,1034.0
Station_01,Inv_00,20170807,11:08:00,210.9,16.8,3544,212.0,15.5,3286,25827,16478,60.2,1061.0
Station_01,Inv_00,20170807,11:09:00,199.9,6.6,1320,211.0,5.8,1224,25827,16478,59.0,773.0
Station_01,Inv_00,20170807,11:10:00,216.4,4.8,1039,210.0,4.6,966,25827,16478,57.0,407.0
Station_01,Inv_00,20170807,11:11:00,220.5,4.6,1014,211.0,4.4,928,25827,16478,54.3,303.0
Station_01,Inv_00,20170807,11:12:00,221.9,5.1,1132,211.0,5.1,1076,25827,16478,50.6,325.0
Station_01,Inv_00,20170807,11:13:00,224.0,17.0,3808,213.0,16.7,3557,25827,16478,50.9,787.0
Station_01,Inv_00,20170807,11:14:00,219.9,7.5,1650,211.0,7.2,1519,25827,16478,52.2,674.0
Station_01,Inv_00,20170807,11:15:00,220.4,16.6,3659,212.0,16.1,3413,25827,16478,54.3,1045.0
Station_01,Inv_00,20170807,11:16:00,219.0,15.9,3482,212.0,15.2,3222,25827,16478,55.5,939.0
Station_01,Inv_00,20170807,11:17:00,219.4,5.0,1097,210.0,4.8,1008,25827,16478,53.1,363.0
Station_01,Inv_00,20170807,11:18:00,222.0,4.8,1066,210.0,4.7,987,25827,16478,51.3,399.0
Station_01,Inv_00,20170807,11:19:00,219.5,16.5,3622,211.0,16.0,3376,25827,16478,53.9,1049.0
Station_01,Inv_00,20170807,11:20:00,211.5,17.1,3617,212.0,15.9,3371,25827,16478,56.5,1078.0
Station_01,Inv_00,20170807,11:21:00,205.5,11.8,2425,211.0,9.7,2047,25827,16478,59.1,945.0
Station_01,Inv_00,20170807,11:22:00,214.9,6.7,1440,211.0,6.4,1350,25827,16478,55.5,446.0
Station_01,Inv_00,20170807,11:23:00,218.0,15.9,3466,212.0,15.3,3244,25827,16478,59.2,1052.0
Station_01,Inv_00,20170807,11:24:00,210.0,17.4,3654,212.0,16.1,3413,25828,16478,61.4,1079.0
Station_01,Inv_00,20170807,11:25:00,212.0,17.0,3604,212.0,15.8,3350,25828,16478,63.3,1059.0
Station_01,Inv_00,20170807,11:26:00,209.5,16.8,3520,212.0,15.5,3286,25828,16478,60.9,1084.0
Station_01,Inv_00,20170807,11:27:00,206.5,5.8,1198,211.0,5.3,1118,25828,16478,60.9,503.0
Station_01,Inv_00,20170807,11:28:00,210.0,17.2,3612,212.0,16.0,3392,25828,16478,60.6,1055.0
Station_01,Inv_00,20170807,11:29:00,211.5,5.3,1121,211.0,4.9,1034,25828,16478,59.9,525.0
Station_01,Inv_00,20170807,11:30:00,214.3,9.2,1971,212.0,8.7,1844,25828,16478,57.4,552.0
Station_01,Inv_00,20170807,11:31:00,223.5,4.9,1095,211.0,4.7,992,25828,16478,55.2,360.0
Station_01,Inv_00,20170807,11:32:00,218.0,16.6,3618,213.0,16.0,3408,25828,16478,58.0,1029.0
Station_01,Inv_00,20170807,11:33:00,211.0,17.0,3587,213.0,15.7,3344,25828,16478,59.9,1074.0
Station_01,Inv_00,20170807,11:34:00,218.4,4.8,1049,211.0,4.6,971,25828,16478,57.5,390.0
Station_01,Inv_00,20170807,11:35:00,218.3,6.2,1353,211.0,5.9,1245,25828,16478,56.9,379.0
Station_01,Inv_00,20170807,11:36:00,218.8,10.6,2320,212.0,11.2,2374,25828,16478,59.2,833.0
Station_01,Inv_00,20170807,11:37:00,233.3,7.1,1656,211.0,5.6,1182,25828,16478,56.1,524.0
Station_01,Inv_00,20170807,11:38:00,222.0,12.8,2841,212.0,12.5,2650,25828,16478,58.2,948.0
Station_01,Inv_00,20170807,11:39:00,219.4,5.9,1295,211.0,5.6,1182,25828,16478,53.5,390.0
Station_01,Inv_00,20170807,11:40:00,215.4,6.7,1443,211.0,6.3,1329,25828,16478,53.8,644.0
Station_01,Inv_00,20170807,11:41:00,222.5,5.4,1202,211.0,5.3,1118,25828,16478,52.3,376.0
Station_01,Inv_00,20170807,11:42:00,214.5,16.9,3625,213.0,16.0,3408,25828,16478,53.7,952.0
Station_01,Inv_00,20170807,11:43:00,210.5,15.9,3347,213.0,15.1,3216,25828,16478,56.2,1038.0
Station_01,Inv_00,20170807,11:44:00,217.5,16.4,3567,213.0,15.6,3323,25828,16478,57.3,1057.0
Station_01,Inv_00,20170807,11:45:00,212.5,17.2,3655,213.0,16.0,3408,25828,16478,60.3,1093.0
Station_01,Inv_00,20170807,11:46:00,213.0,17.6,3748,213.0,16.4,3493,25828,16478,61.3,1108.0
Station_01,Inv_00,20170807,11:47:00,202.9,9.7,1968,212.0,9.0,1908,25829,16479,61.0,645.0
Station_01,Inv_00,20170807,11:48:00,207.9,17.7,3681,213.0,16.0,3408,25829,16479,61.6,1051.0
Station_01,Inv_00,20170807,11:49:00,218.5,6.5,1420,212.0,6.4,1357,25829,16479,59.7,431.0
Station_01,Inv_00,20170807,11:50:00,219.0,8.0,1752,212.0,7.8,1654,25829,16479,57.3,477.0
Station_01,Inv_00,20170807,11:51:00,218.0,15.6,3400,213.0,14.9,3174,25829,16479,57.0,855.0
Station_01,Inv_00,20170807,11:52:00,220.0,17.3,3805,213.0,16.6,3536,25829,16479,59.2,1084.0
Station_01,Inv_00,20170807,11:53:00,212.0,6.9,1463,212.0,6.6,1399,25829,16479,59.9,710.0
Station_01,Inv_00,20170807,11:54:00,220.0,5.8,1276,212.0,5.6,1187,25829,16479,56.7,396.0
Station_01,Inv_00,20170807,11:55:00,222.5,5.9,1313,212.0,5.6,1187,25829,16479,54.0,375.0
Station_01,Inv_00,20170807,11:56:00,216.0,6.6,1426,210.0,6.3,1323,25829,16479,52.4,402.0
Station_01,Inv_00,20170807,11:57:00,223.0,16.3,3634,211.0,15.3,3228,25829,16479,51.7,814.0
Station_01,Inv_00,20170807,11:58:00,216.0,17.8,3845,212.0,16.9,3583,25829,16479,56.2,1137.0
Station_01,Inv_00,20170807,11:59:00,215.0,17.2,3698,213.0,16.3,3472,25829,16479,58.2,1102.0
Station_01,Inv_00,20170807,12:00:00,213.0,17.6,3749,213.0,16.5,3515,25829,16479,58.1,1120.0
Station_01,Inv_00,20170807,12:01:00,210.0,17.9,3759,213.0,16.5,3515,25829,16479,62.4,1132.0
Station_01,Inv_00,20170807,12:02:00,209.4,17.4,3644,213.0,16.0,3408,25829,16479,64.3,1122.0
Station_01,Inv_00,20170807,12:03:00,211.0,6.8,1435,211.0,6.4,1350,25829,16479,62.8,498.0
Station_01,Inv_00,20170807,12:04:00,207.5,16.6,3444,213.0,14.7,3131,25829,16479,61.2,972.0
Station_01,Inv_00,20170807,12:05:00,208.5,17.4,3628,213.0,15.9,3387,25829,16479,63.7,1100.0
Station_01,Inv_00,20170807,12:06:00,190.5,8.9,1696,212.0,7.9,1675,25829,16479,64.5,913.0
Station_01,Inv_00,20170807,12:07:00,216.5,6.0,1299,212.0,5.8,1230,25829,16479,60.9,404.0
Station_01,Inv_00,20170807,12:08:00,212.0,7.5,1590,212.0,7.1,1505,25829,16479,57.9,453.0
Station_01,Inv_00,20170807,12:09:00,214.0,16.6,3552,213.0,15.7,3344,25829,16479,59.2,1062.0
Station_01,Inv_00,20170807,12:10:00,212.9,17.1,3641,212.0,16.0,3392,25830,16480,60.2,1085.0
Station_01,Inv_00,20170807,12:11:00,210.5,17.0,3578,212.0,15.7,3328,25830,16480,61.0,1068.0
Station_01,Inv_00,20170807,12:12:00,208.0,16.6,3452,213.0,15.1,3216,25830,16480,62.2,1061.0
Station_01,Inv_00,20170807,12:13:00,207.5,17.1,3548,212.0,15.6,3307,25830,16480,61.6,1083.0
Station_01,Inv_00,20170807,12:14:00,202.0,17.0,3434,212.0,15.1,3201,25830,16480,61.0,1046.0
Station_01,Inv_00,20170807,12:15:00,207.5,16.5,3424,212.0,15.1,3201,25830,16480,61.5,1035.0
Station_01,Inv_00,20170807,12:16:00,209.0,16.5,3448,212.0,15.2,3222,25830,16480,61.5,1050.0
Station_01,Inv_00,20170807,12:17:00,200.0,17.4,3480,212.0,15.3,3244,25830,16480,60.7,1070.0
Station_01,Inv_00,20170807,12:18:00,198.0,17.8,3524,211.0,15.4,3249,25830,16480,63.2,1081.0
Station_01,Inv_00,20170807,12:19:00,192.1,11.4,2190,211.0,11.8,2490,25830,16480,63.7,1051.0
Station_01,Inv_00,20170807,12:20:00,206.0,4.4,906,210.0,4.0,840,25830,16480,57.5,305.0
Station_01,Inv_00,20170807,12:21:00,210.9,17.2,3628,212.0,16.4,3477,25830,16480,57.5,939.0
Station_01,Inv_00,20170807,12:22:00,210.9,15.8,3333,211.0,13.7,2891,25830,16480,58.0,1022.0
Station_01,Inv_00,20170807,12:23:00,215.5,16.4,3534,212.0,15.6,3307,25830,16480,59.5,1061.0
Station_01,Inv_00,20170807,12:24:00,210.5,17.1,3600,212.0,15.9,3371,25830,16480,60.5,1062.0
Station_01,Inv_00,20170807,12:25:00,209.0,8.7,1818,211.0,7.7,1625,25830,16480,56.6,588.0
Station_01,Inv_00,20170807,12:26:00,219.4,6.5,1426,210.0,6.3,1323,25830,16480,54.8,429.0
Station_01,Inv_00,20170807,12:27:00,214.0,10.5,2247,211.0,10.3,2173,25830,16480,56.0,784.0
Station_01,Inv_00,20170807,12:28:00,225.4,16.0,3607,212.0,15.9,3371,25830,16480,57.6,1015.0
Station_01,Inv_00,20170807,12:29:00,208.5,16.6,3461,212.0,15.5,3286,25830,16480,58.8,1047.0
Station_01,Inv_00,20170807,12:30:00,207.0,16.8,3477,212.0,15.4,3265,25831,16480,59.7,1059.0
Station_01,Inv_00,20170807,12:31:00,213.5,16.3,3480,212.0,15.4,3265,25831,16480,59.2,1040.0
Station_01,Inv_00,20170807,12:32:00,213.0,15.7,3344,212.0,14.8,3138,25831,16480,60.3,1014.0
Station_01,Inv_00,20170807,12:33:00,213.5,16.4,3501,212.0,15.4,3265,25831,16480,61.7,1036.0
Station_01,Inv_00,20170807,12:34:00,201.0,17.1,3437,211.0,15.1,3186,25831,16480,63.2,1045.0
Station_01,Inv_00,20170807,12:35:00,210.8,15.7,3310,212.0,14.2,3010,25831,16480,63.6,993.0
Station_01,Inv_00,20170807,12:36:00,208.6,6.1,1273,210.0,5.6,1176,25831,16480,60.9,513.0
Station_01,Inv_00,20170807,12:37:00,214.9,16.1,3460,212.0,15.3,3244,25831,16480,61.8,912.0
Station_01,Inv_00,20170807,12:38:00,200.0,8.7,1740,210.0,7.6,1596,25831,16480,63.1,787.0
Station_01,Inv_00,20170807,12:39:00,219.4,5.4,1185,210.0,5.3,1113,25831,16480,57.1,345.0
Station_01,Inv_00,20170807,12:40:00,214.0,16.1,3445,212.0,15.2,3222,25831,16480,59.5,985.0
Station_01,Inv_00,20170807,12:41:00,209.4,16.8,3518,212.0,15.5,3286,25831,16480,58.5,1044.0
Station_01,Inv_00,20170807,12:42:00,214.0,16.1,3445,212.0,15.2,3222,25831,16480,60.1,1020.0
Station_01,Inv_00,20170807,12:43:00,216.5,15.5,3356,212.0,14.8,3138,25831,16480,58.6,1004.0
Station_01,Inv_00,20170807,12:44:00,211.0,15.9,3355,211.0,14.8,3123,25831,16480,58.7,1001.0
Station_01,Inv_00,20170807,12:45:00,210.5,15.7,3305,211.0,14.6,3081,25831,16480,60.3,993.0
Station_01,Inv_00,20170807,12:46:00,212.0,15.1,3201,211.0,14.2,2996,25831,16480,60.4,972.0
Station_01,Inv_00,20170807,12:47:00,202.0,8.3,1676,210.0,8.1,1701,25831,16480,60.3,673.0
Station_01,Inv_00,20170807,12:48:00,191.2,9.1,1740,211.0,12.8,2701,25831,16480,59.4,818.0
Station_01,Inv_00,20170807,12:49:00,217.0,11.9,2582,211.0,11.2,2363,25831,16480,53.9,451.0
Station_01,Inv_00,20170807,12:50:00,213.5,15.3,3267,212.0,14.4,3053,25832,16481,57.5,952.0
Station_01,Inv_00,20170807,12:51:00,212.0,14.9,3159,212.0,14.1,2989,25832,16481,57.6,948.0
Station_01,Inv_00,20170807,12:52:00,214.0,15.1,3231,211.0,14.3,3017,25832,16481,59.1,947.0
Station_01,Inv_00,20170807,12:53:00,212.4,15.2,3228,211.0,14.3,3017,25832,16481,57.8,956.0
Station_01,Inv_00,20170807,12:54:00,210.4,9.1,1915,211.0,9.4,1983,25832,16481,55.4,471.0
Station_01,Inv_00,20170807,12:55:00,204.0,7.2,1469,210.0,6.7,1407,25832,16481,56.5,693.0
Station_01,Inv_00,20170807,12:56:00,217.0,15.1,3277,211.0,14.6,3081,25832,16481,57.3,892.0
Station_01,Inv_00,20170807,12:57:00,215.5,15.1,3254,211.0,14.4,3038,25832,16481,57.1,948.0
Station_01,Inv_00,20170807,12:58:00,214.0,15.0,3209,210.0,14.3,3003,25832,16481,58.5,944.0
Station_01,Inv_00,20170807,12:59:00,210.5,15.3,3221,212.0,14.2,3010,25832,16481,59.2,950.0
Station_01,Inv_00,20170807,13:00:00,211.0,15.0,3165,212.0,13.9,2947,25832,16481,61.4,939.0
Station_01,Inv_00,20170807,13:01:00,218.4,14.1,3080,211.0,13.7,2891,25832,16481,58.2,933.0
Station_01,Inv_00,20170807,13:02:00,211.5,15.1,3194,212.0,14.4,3053,25832,16481,59.3,957.0
Station_01,Inv_00,20170807,13:03:00,217.4,15.1,3283,212.0,14.4,3053,25832,16481,58.0,895.0
Station_01,Inv_00,20170807,13:04:00,221.6,6.7,1484,211.0,6.7,1414,25832,16481,55.2,453.0
Station_01,Inv_00,20170807,13:05:00,215.0,15.3,3289,212.0,14.6,3095,25832,16481,57.5,958.0
Station_01,Inv_00,20170807,13:06:00,212.5,15.7,3336,211.0,14.8,3123,25832,16481,57.8,985.0
Station_01,Inv_00,20170807,13:07:00,210.0,16.0,3360,211.0,14.9,3144,25832,16481,58.7,974.0
Station_01,Inv_00,20170807,13:08:00,195.0,13.5,2632,211.0,12.7,2680,25832,16481,59.0,1001.0
Station_01,Inv_00,20170807,13:09:00,217.9,6.0,1307,211.0,5.7,1203,25832,16481,58.4,662.0
Station_01,Inv_00,20170807,13:10:00,217.9,5.1,1112,211.0,4.9,1034,25833,16481,56.8,487.0
Station_01,Inv_00,20170807,13:11:00,229.0,5.4,1237,211.0,5.6,1182,25833,16481,54.8,380.0
Station_01,Inv_00,20170807,13:12:00,223.0,5.8,1293,211.0,5.8,1224,25833,16481,53.8,422.0
Station_01,Inv_00,20170807,13:13:00,220.0,6.6,1452,211.0,6.3,1329,25833,16481,54.7,672.0
Station_01,Inv_00,20170807,13:14:00,221.0,16.3,3602,212.0,16.0,3392,25833,16481,56.4,1013.0
Station_01,Inv_00,20170807,13:15:00,214.0,16.2,3467,212.0,15.8,3350,25833,16481,55.9,1024.0
Station_01,Inv_00,20170807,13:16:00,217.5,16.7,3632,212.0,16.0,3392,25833,16481,57.1,925.0
Station_01,Inv_00,20170807,13:17:00,209.5,17.6,3687,212.0,16.2,3434,25833,16481,58.1,1079.0
Station_01,Inv_00,20170807,13:18:00,209.0,17.3,3616,212.0,15.9,3371,25833,16481,59.3,1044.0
Station_01,Inv_00,20170807,13:19:00,201.0,10.8,2170,210.0,10.7,2247,25833,16481,59.1,913.0
Station_01,Inv_00,20170807,13:20:00,218.4,5.4,1179,210.0,5.1,1071,25833,16481,54.6,393.0
Station_01,Inv_00,20170807,13:21:00,221.0,5.0,1105,210.0,5.0,1050,25833,16481,53.9,356.0
Station_01,Inv_00,20170807,13:22:00,221.0,13.7,3027,212.0,12.9,2735,25833,16481,53.0,588.0
Station_01,Inv_00,20170807,13:23:00,218.0,15.3,3335,211.0,14.9,3144,25833,16481,56.2,958.0
Station_01,Inv_00,20170807,13:24:00,218.0,15.1,3292,211.0,14.5,3060,25833,16481,56.3,960.0
Station_01,Inv_00,20170807,13:25:00,219.5,15.0,3292,211.0,14.5,3060,25833,16481,57.0,955.0
Station_01,Inv_00,20170807,13:26:00,214.0,15.7,3360,211.0,14.8,3123,25833,16481,56.6,969.0
Station_01,Inv_00,20170807,13:27:00,214.0,16.0,3423,211.0,15.2,3207,25833,16481,57.4,992.0
Station_01,Inv_00,20170807,13:28:00,215.0,16.4,3526,211.0,15.5,3271,25833,16481,59.4,948.0
Station_01,Inv_00,20170807,13:29:00,207.0,6.3,1304,210.0,5.8,1218,25833,16481,57.6,565.0
Station_01,Inv_00,20170807,13:30:00,212.5,16.0,3400,211.0,15.1,3186,25833,16481,58.0,938.0
Station_01,Inv_00,20170807,13:31:00,216.5,15.2,3291,211.0,14.6,3081,25833,16481,58.8,968.0
Station_01,Inv_00,20170807,13:32:00,217.0,15.3,3320,211.0,14.7,3102,25834,16482,59.6,967.0
Station_01,Inv_00,20170807,13:33:00,216.0,15.5,3347,211.0,14.8,3123,25834,16482,60.0,975.0
Station_01,Inv_00,20170807,13:34:00,208.5,15.8,3294,211.0,14.6,3081,25834,16482,61.3,965.0
Station_01,Inv_00,20170807,13:35:00,197.5,10.4,2054,211.0,11.0,2321,25834,16482,61.2,951.0
Station_01,Inv_00,20170807,13:36:00,211.0,16.0,3376,211.0,15.0,3165,25834,16482,58.7,913.0
Station_01,Inv_00,20170807,13:37:00,216.0,15.3,3305,211.0,14.6,3081,25834,16482,61.0,963.0
Station_01,Inv_00,20170807,13:38:00,206.5,15.5,3201,211.0,14.3,3017,25834,16482,62.1,951.0
Station_01,Inv_00,20170807,13:39:00,209.4,15.1,3162,211.0,14.1,2975,25834,16482,60.7,950.0
Station_01,Inv_00,20170807,13:40:00,212.5,14.4,3060,210.0,13.7,2877,25834,16482,59.5,685.0
Station_01,Inv_00,20170807,13:41:00,217.4,15.3,3326,210.0,14.8,3108,25834,16482,59.6,970.0
Station_01,Inv_00,20170807,13:42:00,213.0,15.6,3322,210.0,14.8,3108,25834,16482,58.5,963.0
Station_01,Inv_00,20170807,13:43:00,214.5,4.8,1030,210.0,4.6,966,25834,16482,58.0,429.0
Station_01,Inv_00,20170807,13:44:00,221.0,5.4,1193,210.0,5.2,1092,25834,16482,53.6,343.0
Station_01,Inv_00,20170807,13:45:00,220.5,15.7,3462,214.0,15.1,3231,25834,16482,56.1,945.0
Station_01,Inv_00,20170807,13:46:00,196.5,6.4,1258,212.0,5.6,1187,25834,16482,56.6,690.0
Station_01,Inv_00,20170807,13:47:00,218.5,6.2,1355,212.0,5.9,1251,25834,16482,53.1,398.0
Station_01,Inv_00,20170807,13:48:00,216.0,16.2,3499,214.0,15.4,3296,25834,16482,55.6,981.0
Station_01,Inv_00,20170807,13:49:00,194.5,8.0,1556,212.0,8.2,1738,25834,16482,56.9,956.0
Station_01,Inv_00,20170807,13:50:00,212.5,5.4,1148,212.0,4.7,996,25834,16482,55.5,599.0
Station_01,Inv_00,20170807,13:51:00,223.0,12.7,2832,213.0,12.1,2577,25834,16482,55.6,487.0
Station_01,Inv_00,20170807,13:52:00,219.0,14.4,3153,214.0,13.9,2975,25834,16482,57.3,895.0
Station_01,Inv_00,20170807,13:53:00,203.0,8.5,1725,213.0,8.1,1725,25834,16482,56.8,861.0
Station_01,Inv_00,20170807,13:54:00,220.0,14.0,3080,213.0,13.6,2897,25835,16483,58.1,880.0
Station_01,Inv_00,20170807,13:55:00,217.5,14.4,3132,213.0,13.8,2939,25835,16483,58.4,891.0
Station_01,Inv_00,20170807,13:56:00,219.0,13.9,3044,213.0,13.4,2854,25835,16483,57.9,849.0
Station_01,Inv_00,20170807,13:57:00,209.0,15.0,3135,213.0,13.8,2939,25835,16483,58.4,907.0
Station_01,Inv_00,20170807,13:58:00,213.0,14.7,3131,213.0,13.8,2939,25835,16483,58.8,907.0
Station_01,Inv_00,20170807,13:59:00,213.4,14.5,3095,214.0,13.6,2910,25835,16483,58.5,895.0
Station_01,Inv_00,20170807,14:00:00,204.5,9.2,1881,213.0,8.2,1747,25835,16483,58.3,599.0
Station_01,Inv_00,20170807,14:01:00,213.0,15.0,3195,214.0,13.9,2975,25835,16483,59.2,888.0
Station_01,Inv_00,20170807,14:02:00,216.5,14.5,3139,214.0,13.8,2953,25835,16483,59.8,908.0
Station_01,Inv_00,20170807,14:03:00,214.0,14.5,3103,214.0,13.6,2910,25835,16483,61.4,898.0
Station_01,Inv_00,20170807,14:04:00,214.0,14.3,3060,213.0,13.5,2876,25835,16483,61.1,884.0
Station_01,Inv_00,20170807,14:05:00,219.9,14.0,3078,213.0,13.6,2897,25835,16483,60.8,846.0
Station_01,Inv_00,20170807,14:06:00,213.5,13.8,2946,213.0,13.0,2769,25835,16483,60.7,866.0
Station_01,Inv_00,20170807,14:07:00,215.0,13.7,2945,213.0,12.9,2748,25835,16483,59.1,851.0
Station_01,Inv_00,20170807,14:08:00,216.5,13.1,2836,213.0,12.5,2663,25835,16483,58.0,827.0
Station_01,Inv_00,20170807,14:09:00,218.5,12.9,2819,213.0,12.4,2641,25835,16483,57.5,809.0
Station_01,Inv_00,20170807,14:10:00,217.5,12.9,2806,213.0,12.4,2641,25835,16483,57.6,805.0
Station_01,Inv_00,20170807,14:11:00,216.5,13.2,2857,213.0,12.6,2684,25835,16483,57.4,819.0
Station_01,Inv_00,20170807,14:12:00,216.5,13.5,2923,213.0,12.8,2726,25835,16483,57.3,833.0
Station_01,Inv_00,20170807,14:13:00,211.4,13.8,2918,213.0,12.9,2748,25835,16483,57.7,840.0
Station_01,Inv_00,20170807,14:14:00,217.0,13.2,2864,213.0,12.7,2705,25836,16483,57.9,829.0
Station_01,Inv_00,20170807,14:15:00,203.5,13.3,2707,213.0,11.9,2535,25836,16483,57.2,800.0
Station_01,Inv_00,20170807,14:16:00,199.5,13.1,2613,213.0,11.5,2450,25836,16483,57.4,785.0
Station_01,Inv_00,20170807,14:17:00,199.5,13.1,2613,213.0,11.5,2450,25836,16483,58.3,777.0
Station_01,Inv_00,20170807,14:18:00,202.5,12.8,2592,213.0,11.4,2428,25836,16483,57.1,772.0
Station_01,Inv_00,20170807,14:19:00,218.0,12.4,2703,213.0,11.9,2535,25836,16483,56.9,771.0
Station_01,Inv_00,20170807,14:20:00,221.5,12.3,2724,213.0,12.0,2556,25836,16483,57.1,772.0
Station_01,Inv_00,20170807,14:21:00,217.5,12.2,2653,213.0,11.8,2513,25836,16483,58.2,761.0
Station_01,Inv_00,20170807,14:22:00,220.5,11.9,2624,213.0,11.6,2471,25836,16483,57.8,754.0
Station_01,Inv_00,20170807,14:23:00,218.5,12.1,2644,213.0,11.8,2513,25836,16483,57.2,757.0
Station_01,Inv_00,20170807,14:24:00,221.5,12.0,2658,213.0,11.8,2513,25836,16483,56.7,760.0
Station_01,Inv_00,20170807,14:25:00,220.0,11.9,2618,213.0,11.6,2471,25836,16483,57.1,753.0
Station_01,Inv_00,20170807,14:26:00,220.0,11.9,2618,213.0,11.5,2450,25836,16483,56.8,747.0
Station_01,Inv_00,20170807,14:27:00,221.5,11.7,2592,213.0,11.4,2428,25836,16483,57.1,742.0
Station_01,Inv_00,20170807,14:28:00,213.0,12.0,2556,214.0,11.3,2418,25836,16483,55.6,737.0
Station_01,Inv_00,20170807,14:29:00,212.0,11.9,2523,214.0,11.2,2397,25836,16483,56.1,731.0
Station_01,Inv_00,20170807,14:30:00,225.5,11.4,2570,213.0,11.3,2407,25836,16483,56.1,730.0
Station_01,Inv_00,20170807,14:31:00,221.0,11.5,2541,213.0,11.3,2407,25836,16483,56.3,725.0
Station_01,Inv_00,20170807,14:32:00,221.0,11.7,2586,214.0,11.4,2440,25836,16483,54.5,734.0
Station_01,Inv_00,20170807,14:33:00,221.0,11.9,2630,213.0,11.6,2471,25836,16483,55.7,743.0
Station_01,Inv_00,20170807,14:34:00,212.5,12.3,2614,214.0,11.4,2440,25836,16483,54.5,744.0
Station_01,Inv_00,20170807,14:35:00,225.0,11.5,2587,214.0,11.4,2440,25836,16483,53.9,734.0
Station_01,Inv_00,20170807,14:36:00,227.5,11.5,2616,213.0,11.4,2428,25836,16483,53.5,733.0
Station_01,Inv_00,20170807,14:37:00,224.5,11.4,2559,214.0,11.3,2418,25837,16484,55.5,722.0
Station_01,Inv_00,20170807,14:38:00,222.5,11.6,2581,214.0,11.3,2418,25837,16484,54.1,727.0
Station_01,Inv_00,20170807,14:39:00,213.5,10.7,2284,213.0,10.0,2130,25837,16484,54.5,683.0
Station_01,Inv_00,20170807,14:40:00,223.0,11.4,2542,213.0,11.2,2386,25837,16484,54.3,655.0
Station_01,Inv_00,20170807,14:41:00,224.0,11.1,2486,213.0,10.9,2322,25837,16484,53.9,699.0
Station_01,Inv_00,20170807,14:42:00,222.5,10.8,2403,213.0,10.6,2258,25837,16484,53.4,675.0
Station_01,Inv_00,20170807,14:43:00,222.0,11.3,2509,214.0,11.0,2354,25837,16484,52.1,703.0
Station_01,Inv_00,20170807,14:44:00,226.5,11.1,2514,214.0,11.1,2375,25837,16484,53.0,707.0
Station_01,Inv_00,20170807,14:45:00,224.5,11.3,2537,214.0,11.2,2397,25837,16484,51.7,712.0
Station_01,Inv_00,20170807,14:46:00,224.5,11.5,2582,214.0,11.3,2418,25837,16484,53.4,718.0
Station_01,Inv_00,20170807,14:47:00,225.9,11.4,2576,214.0,11.3,2418,25837,16484,53.1,722.0
Station_01,Inv_00,20170807,14:48:00,223.0,11.5,2565,214.0,11.3,2418,25837,16484,52.9,720.0
Station_01,Inv_00,20170807,14:49:00,221.0,11.6,2563,213.0,11.3,2407,25837,16484,54.5,723.0
Station_01,Inv_00,20170807,14:50:00,224.0,11.4,2553,214.0,11.3,2418,25837,16484,54.3,723.0
Station_01,Inv_00,20170807,14:51:00,225.5,10.8,2435,211.0,10.9,2300,25837,16484,55.0,695.0
Station_01,Inv_00,20170807,14:52:00,225.0,10.7,2407,211.0,10.8,2279,25837,16484,53.8,683.0
Station_01,Inv_00,20170807,14:53:00,228.0,10.4,2371,211.0,10.6,2237,25837,16484,53.1,671.0
Station_01,Inv_00,20170807,14:54:00,225.0,10.5,2362,211.0,10.5,2216,25837,16484,54.0,663.0
Station_01,Inv_00,20170807,14:55:00,220.5,10.5,2315,211.0,10.3,2173,25837,16484,53.3,658.0
Station_01,Inv_00,20170807,14:56:00,223.5,10.4,2324,211.0,10.4,2194,25837,16484,53.2,656.0
Station_01,Inv_00,20170807,14:57:00,227.5,10.2,2321,211.0,10.3,2173,25837,16484,51.8,650.0
Station_01,Inv_00,20170807,14:58:00,227.5,10.2,2320,211.0,10.3,2173,25837,16484,51.0,652.0
Station_01,Inv_00,20170807,14:59:00,225.0,10.3,2317,211.0,10.3,2173,25837,16484,51.4,649.0
Station_01,Inv_00,20170807,15:00:00,221.5,10.4,2304,211.0,10.3,2173,25837,16484,51.2,649.0
Station_01,Inv_00,20170807,15:01:00,228.0,10.1,2303,211.0,10.3,2173,25837,16484,49.9,645.0
Station_01,Inv_00,20170807,15:02:00,226.0,10.0,2260,211.0,10.2,2152,25838,16485,49.6,643.0
Station_01,Inv_00,20170807,15:03:00,228.0,10.0,2280,211.0,10.2,2152,25838,16485,49.2,639.0
Station_01,Inv_00,20170807,15:04:00,227.0,9.8,2225,211.0,10.0,2110,25838,16485,48.8,627.0
Station_01,Inv_00,20170807,15:05:00,224.5,9.8,2200,211.0,9.9,2089,25838,16485,50.0,619.0
Station_01,Inv_00,20170807,15:06:00,224.0,9.8,2195,212.0,9.8,2078,25838,16485,49.4,619.0
Station_01,Inv_00,20170807,15:07:00,231.0,9.6,2218,212.0,9.8,2078,25838,16485,49.2,615.0
Station_01,Inv_00,20170807,15:08:00,231.4,9.4,2176,212.0,9.8,2078,25838,16485,50.3,610.0
Station_01,Inv_00,20170807,15:09:00,229.0,9.4,2152,211.0,9.7,2047,25838,16485,50.7,605.0
Station_01,Inv_00,20170807,15:10:00,226.5,9.5,2152,211.0,9.7,2047,25838,16485,48.9,606.0
Station_01,Inv_00,20170807,15:11:00,228.0,9.5,2166,211.0,9.8,2068,25838,16485,50.0,608.0
Station_01,Inv_00,20170807,15:12:00,226.5,9.5,2152,211.0,9.7,2047,25838,16485,50.7,606.0
Station_01,Inv_00,20170807,15:13:00,222.0,9.6,2131,212.0,9.5,2014,25838,16485,50.0,601.0
Station_01,Inv_00,20170807,15:14:00,230.9,9.2,2125,212.0,9.6,2035,25838,16485,50.6,598.0
Station_01,Inv_00,20170807,15:15:00,230.0,9.2,2116,211.0,9.5,2005,25838,16485,50.3,595.0
Station_01,Inv_00,20170807,15:16:00,229.4,9.1,2087,211.0,9.4,1983,25838,16485,50.4,589.0
Station_01,Inv_00,20170807,15:17:00,227.4,9.2,2092,211.0,9.3,1962,25838,16485,50.0,587.0
Station_01,Inv_00,20170807,15:18:00,228.9,9.1,2083,211.0,9.3,1962,25838,16485,49.9,586.0
Station_01,Inv_00,20170807,15:19:00,223.5,9.2,2056,211.0,9.3,1962,25838,16485,50.0,581.0
Station_01,Inv_00,20170807,15:20:00,229.5,8.8,2020,211.0,9.1,1920,25838,16485,50.2,568.0
Station_01,Inv_00,20170807,15:21:00,227.0,8.7,1975,211.0,8.9,1878,25838,16485,49.5,562.0
Station_01,Inv_00,20170807,15:22:00,230.5,8.7,2005,211.0,8.9,1878,25838,16485,48.8,569.0
Station_01,Inv_00,20170807,15:23:00,229.5,8.9,2042,211.0,9.1,1920,25838,16485,48.5,572.0
Station_01,Inv_00,20170807,15:24:00,230.5,8.8,2028,211.0,9.1,1920,25838,16485,48.9,575.0
Station_01,Inv_00,20170807,15:25:00,228.0,9.0,2052,211.0,9.1,1920,25838,16485,49.0,569.0
Station_01,Inv_00,20170807,15:26:00,226.0,8.8,1989,211.0,8.9,1878,25838,16485,49.0,564.0
Station_01,Inv_00,20170807,15:27:00,233.5,8.5,1985,211.0,8.8,1857,25838,16485,48.5,567.0
Station_01,Inv_00,20170807,15:28:00,230.0,8.4,1932,211.0,8.6,1815,25838,16485,48.4,546.0
Station_01,Inv_00,20170807,15:29:00,229.5,8.5,1951,211.0,8.7,1836,25838,16485,49.5,542.0
Station_01,Inv_00,20170807,15:30:00,221.5,8.7,1927,211.0,8.6,1815,25838,16485,49.8,544.0
Station_01,Inv_00,20170807,15:31:00,228.0,8.6,1961,211.0,8.8,1857,25839,16485,50.6,557.0
Station_01,Inv_00,20170807,15:32:00,228.4,8.6,1965,211.0,8.8,1857,25839,16485,51.1,547.0
Station_01,Inv_00,20170807,15:33:00,227.0,8.5,1929,211.0,8.7,1836,25839,16485,51.6,545.0
Station_01,Inv_00,20170807,15:34:00,231.0,8.4,1940,211.0,8.7,1836,25839,16485,49.5,548.0
Station_01,Inv_00,20170807,15:35:00,231.0,8.2,1894,211.0,8.5,1794,25839,16485,51.1,535.0
Station_01,Inv_00,20170807,15:36:00,231.0,8.3,1917,211.0,8.4,1772,25839,16485,49.9,531.0
Station_01,Inv_00,20170807,15:37:00,228.5,7.9,1805,211.0,8.0,1688,25839,16485,50.7,499.0
Station_01,Inv_00,20170807,15:38:00,159.9,3.0,480,210.0,2.4,504,25839,16485,49.4,425.0
Station_01,Inv_00,20170807,15:39:00,223.0,2.7,602,211.0,2.8,591,25839,16485,46.6,194.0
Station_01,Inv_00,20170807,15:40:00,221.0,3.7,818,211.0,3.6,760,25839,16485,45.4,228.0
Station_01,Inv_00,20170807,15:41:00,232.0,8.2,1902,212.0,8.5,1802,25839,16485,47.4,521.0
Station_01,Inv_00,20170807,15:42:00,236.0,8.1,1912,211.0,8.4,1772,25839,16485,46.3,525.0
Station_01,Inv_00,20170807,15:43:00,233.5,7.9,1845,212.0,8.2,1738,25839,16485,46.0,520.0
Station_01,Inv_00,20170807,15:44:00,234.0,7.9,1848,211.0,8.3,1751,25839,16485,46.7,516.0
Station_01,Inv_00,20170807,15:45:00,222.5,8.3,1847,212.0,8.2,1738,25839,16485,46.7,514.0
Station_01,Inv_00,20170807,15:46:00,219.5,8.1,1778,211.0,8.0,1688,25839,16485,46.6,510.0
Station_01,Inv_00,20170807,15:47:00,211.0,8.0,1688,211.0,7.7,1625,25839,16485,46.7,511.0
Station_01,Inv_00,20170807,15:48:00,218.4,8.0,1748,211.0,7.8,1646,25839,16485,45.9,492.0
Station_01,Inv_00,20170807,15:49:00,232.8,7.9,1839,212.0,8.1,1717,25839,16485,46.8,503.0
Station_01,Inv_00,20170807,15:50:00,237.5,7.7,1829,211.0,8.1,1709,25839,16485,46.9,506.0
Station_01,Inv_00,20170807,15:51:00,232.9,7.8,1817,211.0,8.0,1688,25839,16485,47.1,497.0
Station_01,Inv_00,20170807,15:52:00,234.0,7.7,1802,211.0,7.9,1667,25839,16485,46.0,493.0
Station_01,Inv_00,20170807,15:53:00,235.0,7.7,1809,211.0,8.0,1688,25839,16485,46.6,494.0
Station_01,Inv_00,20170807,15:54:00,233.0,7.6,1771,211.0,7.9,1667,25839,16485,46.5,500.0
Station_01,Inv_00,20170807,15:55:00,232.0,7.7,1786,211.0,8.0,1688,25839,16485,47.4,496.0
Station_01,Inv_00,20170807,15:56:00,230.4,7.6,1751,211.0,7.8,1646,25839,16485,45.9,494.0
Station_01,Inv_00,20170807,15:57:00,231.0,7.5,1732,211.0,7.8,1646,25839,16485,46.7,490.0
Station_01,Inv_00,20170807,15:58:00,235.0,7.6,1786,211.0,7.8,1646,25839,16485,46.1,484.0
Station_01,Inv_00,20170807,15:59:00,234.5,7.5,1759,211.0,7.9,1667,25839,16485,46.0,492.0
Station_01,Inv_00,20170807,16:00:00,233.4,7.6,1774,211.0,7.8,1646,25839,16485,46.3,487.0
Station_01,Inv_00,20170807,16:01:00,232.0,7.9,1833,211.0,8.1,1709,25839,16485,47.0,497.0
Station_01,Inv_00,20170807,16:02:00,232.5,7.9,1837,211.0,8.1,1709,25839,16485,46.9,498.0
Station_01,Inv_00,20170807,16:03:00,236.0,7.7,1817,211.0,8.0,1688,25839,16485,46.2,492.0
Station_01,Inv_00,20170807,16:04:00,239.0,7.7,1840,211.0,8.2,1730,25839,16485,46.7,509.0
Station_01,Inv_00,20170807,16:05:00,233.5,7.9,1845,211.0,8.2,1730,25840,16486,47.4,505.0
Station_01,Inv_00,20170807,16:06:00,233.0,7.7,1794,211.0,8.1,1709,25840,16486,45.7,502.0
Station_01,Inv_00,20170807,16:07:00,232.0,7.4,1717,214.0,7.6,1626,25840,16486,46.7,484.0
Station_01,Inv_00,20170807,16:08:00,239.0,4.0,956,213.0,4.4,937,25840,16486,45.0,289.0
Station_01,Inv_00,20170807,16:09:00,236.5,7.6,1797,214.0,8.0,1712,25840,16486,45.5,489.0
Station_01,Inv_00,20170807,16:10:00,224.0,7.8,1747,214.0,7.7,1648,25840,16486,45.6,495.0
Station_01,Inv_00,20170807,16:11:00,223.0,7.8,1739,214.0,7.7,1648,25840,16486,45.9,489.0
Station_01,Inv_00,20170807,16:12:00,206.7,4.4,909,216.0,4.0,864,25840,16486,44.7,329.0
Station_01,Inv_00,20170807,16:13:00,231.5,7.7,1782,216.0,7.8,1685,25840,16486,45.4,488.0
Station_01,Inv_00,20170807,16:14:00,233.5,7.7,1798,216.0,7.9,1706,25840,16486,46.3,493.0
Station_01,Inv_00,20170807,16:15:00,232.5,7.9,1837,218.0,7.8,1700,25840,16486,45.9,497.0
Station_01,Inv_00,20170807,16:16:00,230.0,7.7,1771,218.0,7.7,1679,25840,16486,46.9,491.0
Station_01,Inv_00,20170807,16:17:00,233.0,7.5,1748,219.0,7.6,1664,25840,16486,46.6,484.0
Station_01,Inv_00,20170807,16:18:00,233.5,7.5,1751,219.0,7.6,1664,25840,16486,46.8,484.0
Station_01,Inv_00,20170807,16:19:00,235.5,7.5,1766,219.0,7.5,1643,25840,16486,47.4,478.0
Station_01,Inv_00,20170807,16:20:00,235.0,7.3,1716,219.0,7.5,1643,25840,16486,47.3,475.0
Station_01,Inv_00,20170807,16:21:00,229.0,7.5,1718,219.0,7.5,1643,25840,16486,48.1,476.0
Station_01,Inv_00,20170807,16:22:00,235.4,7.4,1742,219.0,7.6,1664,25840,16486,47.2,481.0
Station_01,Inv_00,20170807,16:23:00,233.5,7.5,1751,219.0,7.7,1686,25840,16486,47.5,481.0
Station_01,Inv_00,20170807,16:24:00,234.5,7.7,1805,219.0,7.7,1686,25840,16486,47.9,484.0
Station_01,Inv_00,20170807,16:25:00,232.0,7.6,1763,219.0,7.7,1686,25840,16486,48.3,486.0
Station_01,Inv_00,20170807,16:26:00,232.0,7.5,1740,219.0,7.6,1664,25840,16486,48.7,481.0
Station_01,Inv_00,20170807,16:27:00,230.5,7.5,1729,219.0,7.5,1643,25840,16486,48.8,479.0
Station_01,Inv_00,20170807,16:28:00,231.4,7.4,1713,219.0,7.4,1621,25840,16486,47.7,471.0
Station_01,Inv_00,20170807,16:29:00,230.0,7.3,1679,219.0,7.3,1599,25840,16486,48.2,463.0
Station_01,Inv_00,20170807,16:30:00,229.5,7.3,1675,219.0,7.2,1577,25840,16486,47.7,463.0
Station_01,Inv_00,20170807,16:31:00,232.0,7.2,1670,219.0,7.1,1555,25840,16486,48.6,452.0
Station_01,Inv_00,20170807,16:32:00,226.5,7.1,1608,219.0,7.0,1533,25840,16486,47.9,446.0
Station_01,Inv_00,20170807,16:33:00,233.0,7.1,1654,216.0,7.2,1555,25840,16486,46.9,448.0
Station_01,Inv_00,20170807,16:34:00,231.0,7.2,1663,216.0,7.2,1555,25840,16486,47.1,452.0
Station_01,Inv_00,20170807,16:35:00,231.5,7.0,1620,217.0,7.1,1541,25840,16486,47.3,451.0
Station_01,Inv_00,20170807,16:36:00,230.5,7.0,1614,217.0,6.9,1497,25840,16486,47.1,443.0
Station_01,Inv_00,20170807,16:37:00,230.0,7.1,1633,217.0,7.0,1519,25840,16486,47.6,439.0
Station_01,Inv_00,20170807,16:38:00,232.0,7.0,1624,217.0,7.0,1519,25840,16486,47.5,435.0
Station_01,Inv_00,20170807,16:39:00,233.0,6.7,1561,217.0,6.8,1476,25840,16486,47.0,435.0
Station_01,Inv_00,20170807,16:40:00,235.5,6.7,1578,217.0,6.7,1454,25840,16486,46.3,422.0
Station_01,Inv_00,20170807,16:41:00,223.5,6.8,1520,217.0,6.5,1411,25841,16487,46.5,414.0
Station_01,Inv_00,20170807,16:42:00,234.0,6.5,1521,217.0,6.6,1432,25841,16487,46.6,409.0
Station_01,Inv_00,20170807,16:43:00,232.5,6.3,1465,217.0,6.4,1389,25841,16487,46.1,404.0
Station_01,Inv_00,20170807,16:44:00,232.4,6.2,1441,217.0,6.2,1345,25841,16487,45.5,392.0
Station_01,Inv_00,20170807,16:45:00,233.4,5.6,1307,217.0,5.6,1215,25841,16487,46.1,367.0
Station_01,Inv_00,20170807,16:46:00,231.9,4.4,1020,216.0,4.4,950,25841,16487,45.3,300.0
Station_01,Inv_00,20170807,16:47:00,228.5,4.3,983,216.0,4.1,886,25841,16487,44.8,274.0
Station_01,Inv_00,20170807,16:48:00,229.0,3.8,870,216.0,3.9,842,25841,16487,43.5,243.0
Station_01,Inv_00,20170807,16:49:00,231.8,3.8,881,216.0,4.0,864,25841,16487,43.0,249.0
Station_01,Inv_00,20170807,16:50:00,230.0,3.4,782,217.0,3.6,781,25841,16487,42.9,229.0
Station_01,Inv_00,20170807,16:51:00,235.0,2.9,682,217.0,3.1,673,25841,16487,42.1,194.0
Station_01,Inv_00,20170807,16:52:00,234.3,3.0,703,217.0,3.1,673,25841,16487,41.1,190.0
Station_01,Inv_00,20170807,16:53:00,234.5,2.9,680,218.0,3.0,654,25841,16487,40.6,192.0
Station_01,Inv_00,20170807,16:54:00,216.9,3.0,651,218.0,3.0,654,25841,16487,40.1,200.0
Station_01,Inv_00,20170807,16:55:00,234.5,2.9,680,217.0,3.1,673,25841,16487,39.9,199.0
Station_01,Inv_00,20170807,16:56:00,234.2,2.6,609,218.0,2.6,567,25841,16487,39.8,179.0
Station_01,Inv_00,20170807,16:57:00,223.5,2.4,536,217.0,2.3,499,25841,16487,39.1,162.0
Station_01,Inv_00,20170807,16:58:00,226.0,2.2,497,218.0,2.2,480,25841,16487,38.6,148.0
Station_01,Inv_00,20170807,16:59:00,227.9,2.1,479,218.0,2.1,458,25841,16487,37.6,153.0
Station_01,Inv_00,20170807,17:00:00,233.4,2.0,467,218.0,2.0,436,25841,16487,37.5,132.0
Station_01,Inv_00,20170807,17:01:00,228.1,1.8,411,218.0,1.9,414,25841,16487,37.1,125.0
Station_01,Inv_00,20170807,17:02:00,200.0,1.9,380,218.0,1.7,371,25841,16487,37.1,126.0
Station_01,Inv_00,20170807,17:03:00,229.0,1.8,412,217.0,1.8,391,25841,16487,36.6,124.0
Station_01,Inv_00,20170807,17:04:00,216.0,1.8,389,218.0,1.7,371,25841,16487,36.3,117.0
Station_01,Inv_00,20170807,17:05:00,232.5,1.7,395,217.0,1.8,391,25841,16487,36.0,115.0
Station_01,Inv_00,20170807,17:06:00,235.4,1.6,377,218.0,1.7,371,25841,16487,35.6,112.0
Station_01,Inv_00,20170807,17:07:00,226.5,1.6,362,218.0,1.6,349,25841,16487,35.7,114.0
Station_01,Inv_00,20170807,17:08:00,234.0,1.5,351,218.0,1.6,349,25841,16487,35.3,111.0
Station_01,Inv_00,20170807,17:09:00,233.0,1.5,350,217.0,1.5,326,25841,16487,35.1,116.0
Station_01,Inv_00,20170807,17:10:00,227.0,1.5,341,217.0,1.5,326,25841,16487,35.0,117.0
Station_01,Inv_00,20170807,17:11:00,234.0,1.5,351,217.0,1.5,326,25841,16487,34.7,101.0
Station_01,Inv_00,20170807,17:12:00,236.1,1.4,331,217.0,1.5,326,25841,16487,34.7,98.0
Station_01,Inv_00,20170807,17:13:00,234.0,1.4,328,218.0,1.5,327,25841,16487,34.6,100.0
Station_01,Inv_00,20170807,17:14:00,236.1,1.4,331,217.0,1.5,326,25841,16487,34.6,101.0
Station_01,Inv_00,20170807,17:15:00,229.5,1.4,321,217.0,1.5,326,25841,16487,34.5,102.0
Station_01,Inv_00,20170807,17:16:00,233.0,1.5,350,217.0,1.5,326,25841,16487,34.5,102.0
Station_01,Inv_00,20170807,17:17:00,235.0,1.5,353,218.0,1.5,327,25841,16487,34.3,103.0
Station_01,Inv_00,20170807,17:18:00,229.5,1.5,344,218.0,1.5,327,25841,16487,34.2,103.0
Station_01,Inv_00,20170807,17:19:00,235.9,1.5,354,217.0,1.6,347,25841,16487,34.2,103.0
Station_01,Inv_00,20170807,17:20:00,237.0,1.5,356,217.0,1.6,347,25841,16487,34.2,103.0
Station_01,Inv_00,20170807,17:21:00,234.2,1.5,351,217.0,1.5,326,25841,16487,34.3,103.0
Station_01,Inv_00,20170807,17:22:00,232.5,1.5,349,217.0,1.6,347,25841,16487,34.4,103.0
Station_01,Inv_00,20170807,17:23:00,235.3,1.5,353,219.0,1.6,350,25841,16487,34.3,103.0
Station_01,Inv_00,20170807,17:24:00,237.0,1.5,356,219.0,1.5,329,25841,16487,34.4,103.0
Station_01,Inv_00,20170807,17:25:00,236.7,1.5,355,218.0,1.6,349,25841,16487,34.3,104.0
Station_01,Inv_00,20170807,17:26:00,234.7,1.5,352,217.0,1.5,326,25841,16487,34.3,103.0
Station_01,Inv_00,20170807,17:27:00,229.3,1.5,344,217.0,1.5,326,25841,16487,34.3,102.0
Station_01,Inv_00,20170807,17:28:00,234.0,1.4,328,217.0,1.5,326,25841,16487,34.3,99.0
Station_01,Inv_00,20170807,17:29:00,233.5,1.5,350,217.0,1.5,326,25841,16487,34.2,99.0
Station_01,Inv_00,20170807,17:30:00,237.5,1.5,356,217.0,1.5,326,25841,16487,34.2,103.0
Station_01,Inv_00,20170807,17:31:00,239.8,1.5,360,217.0,1.6,347,25841,16487,34.2,103.0
Station_01,Inv_00,20170807,17:32:00,235.0,1.6,376,217.0,1.6,347,25841,16487,34.3,103.0
Station_01,Inv_00,20170807,17:33:00,240.8,1.5,361,217.0,1.6,347,25841,16487,34.3,102.0
Station_01,Inv_00,20170807,17:34:00,245.8,1.5,369,218.0,1.6,349,25841,16487,34.2,102.0
Station_01,Inv_00,20170807,17:35:00,238.1,1.5,357,217.0,1.6,347,25841,16487,34.0,101.0
Station_01,Inv_00,20170807,17:36:00,239.7,1.5,360,218.0,1.6,349,25841,16487,34.0,101.0
Station_01,Inv_00,20170807,17:37:00,236.7,1.5,355,218.0,1.6,349,25841,16487,34.0,101.0
Station_01,Inv_00,20170807,17:38:00,237.5,1.5,356,217.0,1.6,347,25841,16487,34.1,102.0
Station_01,Inv_00,20170807,17:39:00,234.0,1.5,351,217.0,1.5,326,25841,16487,34.1,113.0
Station_01,Inv_00,20170807,17:40:00,241.8,1.5,363,217.0,1.5,326,25841,16487,34.0,100.0
Station_01,Inv_00,20170807,17:41:00,233.0,1.4,326,217.0,1.5,326,25841,16487,34.0,100.0
Station_01,Inv_00,20170807,17:42:00,238.5,1.5,358,217.0,1.5,326,25841,16487,33.9,100.0
Station_01,Inv_00,20170807,17:43:00,233.5,1.5,350,217.0,1.5,326,25841,16487,33.8,102.0
Station_01,Inv_00,20170807,17:44:00,235.0,1.5,353,217.0,1.5,326,25841,16487,33.9,101.0
Station_01,Inv_00,20170807,17:45:00,229.0,1.4,321,217.0,1.5,326,25841,16487,33.8,99.0
Station_01,Inv_00,20170807,17:46:00,230.0,1.4,322,217.0,1.5,326,25841,16487,33.8,98.0
Station_01,Inv_00,20170807,17:47:00,234.0,1.4,328,218.0,1.5,327,25841,16487,33.9,99.0
Station_01,Inv_00,20170807,17:48:00,234.0,1.4,328,217.0,1.5,326,25841,16487,33.8,97.0
Station_01,Inv_00,20170807,17:49:00,226.5,1.4,317,217.0,1.5,326,25841,16487,33.7,97.0
Station_01,Inv_00,20170807,17:50:00,233.1,1.4,326,217.0,1.5,326,25841,16487,33.8,95.0
Station_01,Inv_00,20170807,17:51:00,227.7,1.4,319,217.0,1.4,304,25841,16487,33.8,94.0
Station_01,Inv_00,20170807,17:52:00,235.5,1.3,306,217.0,1.5,326,25841,16487,33.6,93.0
Station_01,Inv_00,20170807,17:53:00,224.0,1.4,314,217.0,1.4,304,25841,16487,33.6,93.0
Station_01,Inv_00,20170807,17:54:00,228.0,1.3,296,217.0,1.5,326,25841,16487,33.5,92.0
Station_01,Inv_00,20170807,17:55:00,228.5,1.4,320,217.0,1.4,304,25841,16487,33.6,93.0
Station_01,Inv_00,20170807,17:56:00,232.0,1.4,325,218.0,1.4,305,25841,16487,33.5,93.0
Station_01,Inv_00,20170807,17:57:00,232.0,1.3,302,217.0,1.4,304,25841,16487,33.5,93.0
Station_01,Inv_00,20170807,17:58:00,233.5,1.3,304,218.0,1.4,305,25841,16487,33.3,93.0
Station_01,Inv_00,20170807,17:59:00,236.4,1.3,307,217.0,1.4,304,25841,16487,33.3,96.0
Station_01,Inv_00,20170807,18:00:00,232.1,1.4,325,218.0,1.4,305,25841,16487,33.3,92.0
Station_01,Inv_00,20170807,18:01:00,229.5,1.4,321,218.0,1.4,305,25841,16487,33.3,91.0
Station_01,Inv_00,20170807,18:02:00,236.8,1.3,308,218.0,1.4,305,25841,16487,33.4,90.0
Station_01,Inv_00,20170807,18:03:00,239.5,1.2,287,218.0,1.4,305,25841,16487,33.2,90.0
Station_01,Inv_00,20170807,18:04:00,229.5,1.2,275,218.0,1.4,305,25841,16487,33.3,89.0
Station_01,Inv_00,20170807,18:05:00,234.0,1.2,281,218.0,1.4,305,25841,16487,33.2,88.0
Station_01,Inv_00,20170807,18:06:00,231.5,1.2,278,218.0,1.4,305,25841,16487,33.2,87.0
Station_01,Inv_00,20170807,18:07:00,230.0,1.2,276,218.0,1.3,283,25841,16487,33.1,86.0
Station_01,Inv_00,20170807,18:08:00,233.0,1.2,280,217.0,1.3,282,25841,16487,33.0,86.0
Station_01,Inv_00,20170807,18:09:00,234.8,1.2,282,217.0,1.3,282,25841,16487,33.0,84.0
Station_01,Inv_00,20170807,18:10:00,227.0,1.2,272,217.0,1.3,282,25841,16487,33.0,83.0
Station_01,Inv_00,20170807,18:11:00,232.0,1.2,278,217.0,1.3,282,25841,16487,32.9,82.0
Station_01,Inv_00,20170807,18:12:00,233.0,1.2,280,217.0,1.3,282,25841,16487,32.8,82.0
Station_01,Inv_00,20170807,18:13:00,232.0,1.1,255,218.0,1.2,262,25841,16487,32.8,80.0
Station_01,Inv_00,20170807,18:14:00,226.5,1.1,249,218.0,1.2,262,25841,16487,32.7,78.0
Station_01,Inv_00,20170807,18:15:00,228.0,1.0,228,217.0,1.1,239,25841,16487,32.7,74.0
Station_01,Inv_00,20170807,18:16:00,233.4,0.9,210,218.0,1.1,240,25841,16487,32.6,71.0
Station_01,Inv_00,20170807,18:17:00,225.0,1.0,225,218.0,1.0,218,25841,16487,32.5,69.0
Station_01,Inv_00,20170807,18:18:00,231.5,0.8,185,218.0,1.0,218,25841,16487,32.4,66.0
Station_01,Inv_00,20170807,18:19:00,226.5,0.8,181,219.0,1.0,219,25841,16487,32.3,64.0
Station_01,Inv_00,20170807,18:20:00,217.0,0.8,174,219.0,1.0,219,25841,16487,32.3,62.0
Station_01,Inv_00,20170807,18:21:00,226.5,0.8,181,218.0,1.0,218,25841,16487,32.2,60.0
Station_01,Inv_00,20170807,18:22:00,219.3,0.7,154,217.0,0.8,174,25841,16487,32.2,58.0
Station_01,Inv_00,20170807,18:23:00,222.0,0.6,133,217.0,0.8,174,25841,16487,32.0,54.0
Station_01,Inv_00,20170807,18:24:00,226.0,0.6,136,216.0,0.7,151,25841,16487,32.0,50.0
Station_01,Inv_00,20170807,18:25:00,229.4,0.5,115,216.0,0.6,130,25841,16487,31.9,45.0
Station_01,Inv_00,20170807,18:26:00,216.5,0.4,87,216.0,0.5,108,25841,16487,31.8,41.0
Station_01,Inv_00,20170807,18:27:00,208.0,0.3,62,216.0,0.5,108,25841,16487,31.7,37.0
Station_01,Inv_00,20170807,18:28:00,211.0,0.3,63,216.0,0.5,108,25841,16487,31.5,35.0
Station_01,Inv_00,20170807,18:29:00,210.0,0.1,21,216.0,0.4,86,25841,16487,31.4,32.0
Station_01,Inv_00,20170807,18:30:00,219.5,0.2,44,216.0,0.4,86,25841,16487,31.4,29.0
Station_01,Inv_00,20170807,18:31:00,170.0,0.2,34,216.0,0.4,86,25841,16487,31.2,26.0
Station_01,Inv_00,20170807,18:32:00,0.0,0.0,0,216.0,0.4,86,25841,16487,31.1,25.0
Station_01,Inv_00,20170807,18:33:00,0.0,0.0,0,215.0,0.4,86,25841,16487,31.0,24.0
Station_01,Inv_00,20170807,18:34:00,0.0,0.0,0,0.0,0.0,0,25841,16487,31.0,23.0
Station_01,Inv_00,20170807,18:35:00,0.0,0.0,0,0.0,0.0,0,25841,16487,30.9,23.0
Station_01,Inv_00,20170807,18:36:00,0.0,0.0,0,0.0,0.0,0,25841,16487,30.8,23.0
Station_01,Inv_00,20170807,18:37:00,0.0,0.0,0,0.0,0.0,0,25841,16487,30.8,23.0
Station_01,Inv_00,20170807,18:38:00,0.0,0.0,0,0.0,0.0,0,25841,16487,30.8,23.0
Station_01,Inv_00,20170807,18:39:00,0.0,0.0,0,0.0,0.0,0,25841,16487,30.7,23.0
Station_01,Inv_00,20170807,18:40:00,0.0,0.0,0,0.0,0.0,0,25841,16487,30.7,23.0
Station_01,Inv_00,20170807,18:41:00,0.0,0.0,0,0.0,0.0,0,25841,16487,30.6,23.0
Station_01,Inv_00,20170807,18:42:00,0.0,0.0,0,0.0,0.0,0,25841,16487,30.6,24.0
Station_01,Inv_00,20170807,18:43:00,0.0,0.0,0,219.0,0.2,44,25841,16487,30.6,21.0
Station_01,Inv_00,20170807,18:44:00,0.0,0.0,0,219.0,0.2,44,25841,16487,30.5,21.0
Station_01,Inv_00,20170807,18:45:00,0.0,0.0,0,219.0,0.2,44,25841,16487,30.5,19.0
Station_01,Inv_00,20170807,18:46:00,0.0,0.0,0,219.0,0.2,44,25841,16487,30.5,19.0
Station_01,Inv_00,20170807,18:47:00,0.0,0.0,0,219.0,0.2,44,25841,16487,30.4,18.0
Station_01,Inv_00,20170807,18:48:00,0.0,0.0,0,219.0,0.2,44,25841,16487,30.4,18.0
Station_01,Inv_00,20170807,18:49:00,0.0,0.0,0,219.0,0.2,44,25841,16487,30.4,18.0
Station_01,Inv_00,20170807,18:50:00,0.0,0.0,0,219.0,0.2,44,25841,16487,30.4,18.0
Station_01,Inv_00,20170807,18:51:00,0.0,0.0,0,219.0,0.2,44,25841,16487,30.4,18.0
Station_01,Inv_00,20170807,18:52:00,0.0,0.0,0,219.0,0.2,44,25841,16487,30.3,18.0
Station_01,Inv_00,20170807,18:53:00,0.0,0.0,0,219.0,0.2,44,25841,16487,30.3,18.0
Station_01,Inv_00,20170807,18:54:00,0.0,0.0,0,219.0,0.2,44,25841,16487,30.3,17.0
Station_01,Inv_00,20170807,18:55:00,0.0,0.0,0,219.0,0.2,44,25841,16487,30.2,18.0
Station_01,Inv_00,20170807,18:56:00,0.0,0.0,0,219.0,0.2,44,25841,16487,30.2,19.0
Station_01,Inv_00,20170807,18:57:00,0.0,0.0,0,219.0,0.2,44,25841,16487,30.2,17.0
Station_01,Inv_00,20170807,18:58:00,0.0,0.0,0,219.0,0.2,44,25841,16487,30.2,17.0
Station_01,Inv_00,20170807,18:59:00,0.0,0.0,0,219.0,0.2,44,25841,16487,30.1,18.0
Station_01,Inv_00,20170807,19:00:00,0.0,0.0,0,219.0,0.2,44,25841,16487,30.1,18.0
Station_01,Inv_00,20170807,19:01:00,0.0,0.0,0,219.0,0.2,44,25841,16487,30.0,18.0
Station_01,Inv_00,20170807,19:02:00,0.0,0.0,0,219.0,0.2,44,25841,16487,30.0,17.0
Station_01,Inv_00,20170807,19:03:00,0.0,0.0,0,219.0,0.2,44,25841,16487,30.0,18.0
Station_01,Inv_00,20170807,19:04:00,0.0,0.0,0,219.0,0.2,44,25841,16487,29.9,17.0
Station_01,Inv_00,20170807,19:05:00,0.0,0.0,0,219.0,0.2,44,25841,16487,29.9,18.0
Station_01,Inv_00,20170807,19:06:00,0.0,0.0,0,219.0,0.2,44,25841,16487,29.9,18.0
Station_01,Inv_00,20170807,19:07:00,0.0,0.0,0,219.0,0.2,44,25841,16487,30.0,18.0
Station_01,Inv_00,20170807,19:08:00,0.0,0.0,0,219.0,0.2,44,25841,16487,30.0,18.0
Station_01,Inv_00,20170807,19:09:00,0.0,0.0,0,219.0,0.2,44,25841,16487,30.0,17.0
Station_01,Inv_00,20170807,19:10:00,0.0,0.0,0,219.0,0.2,44,25841,16487,30.0,21.0
Station_01,Inv_00,20170807,19:11:00,0.0,0.0,0,219.0,0.2,44,25841,16487,30.0,18.0
Station_01,Inv_00,20170807,19:12:00,0.0,0.0,0,219.0,0.2,44,25841,16487,30.0,18.0
Station_01,Inv_00,20170807,19:13:00,0.0,0.0,0,219.0,0.2,44,25841,16487,30.0,18.0
Station_01,Inv_00,20170807,19:14:00,0.0,0.0,0,219.0,0.2,44,25841,16487,30.1,18.0
Station_01,Inv_00,20170807,19:15:00,0.0,0.0,0,219.0,0.2,44,25841,16487,30.1,18.0
Station_01,Inv_00,20170807,19:16:00,0.0,0.0,0,219.0,0.2,44,25841,16487,30.1,18.0
Station_01,Inv_00,20170807,19:17:00,0.0,0.0,0,219.0,0.2,44,25841,16487,30.1,18.0
Station_01,Inv_00,20170807,19:18:00,0.0,0.0,0,219.0,0.2,44,25841,16487,30.1,18.0
Station_01,Inv_00,20170807,19:19:00,0.0,0.0,0,219.0,0.2,44,25841,16487,30.0,18.0
Station_01,Inv_00,20170807,19:20:00,0.0,0.0,0,219.0,0.2,44,25841,16487,29.9,30.0
Station_01,Inv_00,20170807,19:21:00,0.0,0.0,0,219.0,0.2,44,25841,16487,30.0,17.0
Station_01,Inv_00,20170807,19:22:00,0.0,0.0,0,219.0,0.2,44,25841,16487,30.1,29.0
Station_01,Inv_00,20170807,19:23:00,0.0,0.0,0,219.0,0.2,44,25841,16487,30.0,18.0
Station_01,Inv_00,20170807,19:24:00,0.0,0.0,0,219.0,0.2,44,25841,16487,30.0,18.0
Station_01,Inv_00,20170807,19:25:00,0.0,0.0,0,219.0,0.2,44,25841,16487,30.1,29.0
Station_01,Inv_00,20170807,19:26:00,0.0,0.0,0,219.0,0.2,44,25841,16487,30.1,18.0
Station_01,Inv_00,20170807,19:27:00,0.0,0.0,0,219.0,0.2,44,25841,16487,30.1,18.0
Station_01,Inv_00,20170807,19:28:00,0.0,0.0,0,219.0,0.2,44,25841,16487,30.0,18.0
Station_01,Inv_00,20170807,19:29:00,0.0,0.0,0,219.0,0.2,44,25841,16487,30.0,18.0
Station_01,Inv_00,20170807,19:30:00,0.0,0.0,0,219.0,0.2,44,25841,16487,30.0,18.0
Station_01,Inv_00,20170807,19:31:00,0.0,0.0,0,219.0,0.2,44,25841,16487,30.0,17.0
Station_01,Inv_00,20170807,19:32:00,0.0,0.0,0,219.0,0.2,44,25841,16487,30.0,18.0
Station_01,Inv_00,20170807,19:33:00,0.0,0.0,0,219.0,0.2,44,25841,16487,30.0,18.0
Station_01,Inv_00,20170807,19:34:00,0.0,0.0,0,219.0,0.2,44,25841,16487,30.0,18.0
Station_01,Inv_00,20170807,19:35:00,0.0,0.0,0,219.0,0.2,44,25841,16487,30.0,18.0
Station_01,Inv_00,20170807,19:36:00,0.0,0.0,0,219.0,0.2,44,25841,16487,29.9,23.0
Station_01,Inv_00,20170807,19:37:00,0.0,0.0,0,219.0,0.2,44,25841,16487,29.9,18.0
Station_01,Inv_00,20170807,19:38:00,0.0,0.0,0,219.0,0.2,44,25841,16487,29.9,18.0
Station_01,Inv_00,20170807,19:39:00,0.0,0.0,0,219.0,0.2,44,25841,16487,29.9,18.0
Station_01,Inv_00,20170807,19:40:00,0.0,0.0,0,219.0,0.2,44,25841,16487,29.9,18.0
Station_01,Inv_00,20170807,19:41:00,0.0,0.0,0,219.0,0.2,44,25841,16487,30.0,18.0
Station_01,Inv_00,20170807,19:42:00,0.0,0.0,0,219.0,0.2,44,25841,16487,30.0,18.0
Station_01,Inv_00,20170807,19:43:00,0.0,0.0,0,219.0,0.2,44,25841,16487,30.0,18.0
Station_01,Inv_00,20170807,19:44:00,0.0,0.0,0,219.0,0.2,44,25841,16487,30.0,18.0
Station_01,Inv_00,20170807,19:45:00,0.0,0.0,0,219.0,0.2,44,25841,16487,30.1,18.0
Station_01,Inv_00,20170807,19:46:00,0.0,0.0,0,219.0,0.2,44,25841,16487,30.1,18.0
Station_01,Inv_00,20170807,19:47:00,0.0,0.0,0,219.0,0.2,44,25841,16487,30.1,18.0
Station_01,Inv_00,20170807,19:48:00,0.0,0.0,0,219.0,0.2,44,25841,16487,30.2,18.0
Station_01,Inv_00,20170807,19:49:00,0.0,0.0,0,219.0,0.2,44,25841,16487,30.2,18.0
Station_01,Inv_00,20170807,19:50:00,0.0,0.0,0,219.0,0.2,44,25841,16487,30.2,18.0
Station_01,Inv_00,20170807,19:51:00,0.0,0.0,0,219.0,0.2,44,25841,16487,30.2,18.0
Station_01,Inv_00,20170807,19:52:00,0.0,0.0,0,219.0,0.2,44,25841,16487,30.1,18.0
Station_01,Inv_00,20170807,19:53:00,0.0,0.0,0,219.0,0.2,44,25841,16487,30.1,18.0
Station_01,Inv_00,20170807,19:54:00,0.0,0.0,0,219.0,0.2,44,25841,16487,30.2,18.0
Station_01,Inv_00,20170807,19:55:00,0.0,0.0,0,219.0,0.2,44,25841,16487,30.1,18.0
Station_01,Inv_00,20170807,19:56:00,0.0,0.0,0,219.0,0.2,44,25841,16487,30.1,18.0
Station_01,Inv_00,20170807,19:57:00,0.0,0.0,0,219.0,0.2,44,25841,16487,30.1,18.0
Station_01,Inv_00,20170807,19:58:00,0.0,0.0,0,219.0,0.2,44,25841,16487,30.1,18.0
Station_01,Inv_00,20170807,19:59:00,0.0,0.0,0,219.0,0.2,44,25841,16487,30.1,18.0
Station_01,Inv_00,20170807,20:00:00,0.0,0.0,0,219.0,0.2,44,25841,16487,30.1,18.0
