Station_01,Inv_00,20170722,05:00:00,0.0,0.0,0,223.0,0.2,45,25595,16330,26.7,18.0
Station_01,Inv_00,20170722,05:01:00,0.0,0.0,0,223.0,0.2,45,25595,16330,26.6,18.0
Station_01,Inv_00,20170722,05:02:00,0.0,0.0,0,223.0,0.2,45,25595,16330,26.6,18.0
Station_01,Inv_00,20170722,05:03:00,0.0,0.0,0,223.0,0.2,45,25595,16330,26.7,18.0
Station_01,Inv_00,20170722,05:04:00,0.0,0.0,0,223.0,0.2,45,25595,16330,26.6,18.0
Station_01,Inv_00,20170722,05:05:00,0.0,0.0,0,223.0,0.2,45,25595,16330,26.7,18.0
Station_01,Inv_00,20170722,05:06:00,0.0,0.0,0,223.0,0.2,45,25595,16330,26.6,18.0
Station_01,Inv_00,20170722,05:07:00,0.0,0.0,0,223.0,0.2,45,25595,16330,26.6,18.0
Station_01,Inv_00,20170722,05:08:00,0.0,0.0,0,223.0,0.2,45,25595,16330,26.6,18.0
Station_01,Inv_00,20170722,05:09:00,0.0,0.0,0,223.0,0.2,45,25595,16330,26.7,18.0
Station_01,Inv_00,20170722,05:10:00,0.0,0.0,0,223.0,0.2,45,25595,16330,26.7,19.0
Station_01,Inv_00,20170722,05:11:00,0.0,0.0,0,223.0,0.2,45,25595,16330,26.6,19.0
Station_01,Inv_00,20170722,05:12:00,0.0,0.0,0,223.0,0.2,45,25595,16330,26.7,19.0
Station_01,Inv_00,20170722,05:13:00,0.0,0.0,0,223.0,0.2,45,25595,16330,26.7,19.0
Station_01,Inv_00,20170722,05:14:00,0.0,0.0,0,223.0,0.2,45,25595,16330,26.8,19.0
Station_01,Inv_00,20170722,05:15:00,0.0,0.0,0,223.0,0.2,45,25595,16330,26.8,19.0
Station_01,Inv_00,20170722,05:16:00,0.0,0.0,0,223.0,0.2,45,25595,16330,26.8,19.0
Station_01,Inv_00,20170722,05:17:00,0.0,0.0,0,223.0,0.2,45,25595,16330,26.8,20.0
Station_01,Inv_00,20170722,05:18:00,0.0,0.0,0,223.0,0.2,45,25595,16330,26.8,20.0
Station_01,Inv_00,20170722,05:19:00,0.0,0.0,0,223.0,0.2,45,25595,16330,26.8,20.0
Station_01,Inv_00,20170722,05:20:00,0.0,0.0,0,223.0,0.2,45,25595,16330,26.9,21.0
Station_01,Inv_00,20170722,05:21:00,0.0,0.0,0,223.0,0.2,45,25595,16330,26.9,21.0
Station_01,Inv_00,20170722,05:22:00,0.0,0.0,0,223.0,0.2,45,25595,16330,26.9,21.0
Station_01,Inv_00,20170722,05:23:00,0.0,0.0,0,223.0,0.2,45,25595,16330,26.9,22.0
Station_01,Inv_00,20170722,05:24:00,0.0,0.0,0,223.0,0.2,45,25595,16330,27.0,22.0
Station_01,Inv_00,20170722,05:25:00,0.0,0.0,0,223.0,0.2,45,25595,16330,27.0,23.0
Station_01,Inv_00,20170722,05:26:00,0.0,0.0,0,223.0,0.2,45,25595,16330,27.0,23.0
Station_01,Inv_00,20170722,05:27:00,0.0,0.0,0,223.0,0.2,45,25595,16330,27.1,24.0
Station_01,Inv_00,20170722,05:28:00,0.0,0.0,0,223.0,0.2,45,25595,16330,27.1,24.0
Station_01,Inv_00,20170722,05:29:00,0.0,0.0,0,223.0,0.2,45,25595,16330,27.1,25.0
Station_01,Inv_00,20170722,05:30:00,0.0,0.0,0,223.0,0.2,45,25595,16330,27.1,25.0
Station_01,Inv_00,20170722,05:31:00,0.0,0.0,0,223.0,0.2,45,25595,16330,27.1,25.0
Station_01,Inv_00,20170722,05:32:00,0.0,0.0,0,223.0,0.2,45,25595,16330,27.2,26.0
Station_01,Inv_00,20170722,05:33:00,0.0,0.0,0,222.0,0.5,111,25595,16330,27.2,27.0
Station_01,Inv_00,20170722,05:34:00,0.0,0.0,0,222.0,0.5,111,25595,16330,27.2,27.0
Station_01,Inv_00,20170722,05:35:00,0.0,0.0,0,222.0,0.5,111,25595,16330,27.2,28.0
Station_01,Inv_00,20170722,05:36:00,0.0,0.0,0,222.0,0.5,111,25595,16330,27.2,29.0
Station_01,Inv_00,20170722,05:37:00,0.0,0.0,0,223.0,0.5,112,25595,16330,27.2,29.0
Station_01,Inv_00,20170722,05:38:00,223.0,0.2,45,218.0,0.4,87,25595,16330,27.2,503.0
Station_01,Inv_00,20170722,05:39:00,228.5,0.2,46,218.0,0.4,87,25595,16330,27.2,31.0
Station_01,Inv_00,20170722,05:40:00,230.5,0.2,46,218.0,0.4,87,25595,16330,27.2,32.0
Station_01,Inv_00,20170722,05:41:00,235.0,0.2,47,217.0,0.5,109,25595,16330,27.2,33.0
Station_01,Inv_00,20170722,05:42:00,206.0,0.1,21,217.0,0.4,87,25595,16330,27.2,503.0
Station_01,Inv_00,20170722,05:43:00,219.7,0.3,66,217.0,0.4,87,25595,16330,27.2,34.0
Station_01,Inv_00,20170722,05:44:00,163.0,0.3,49,218.0,0.4,87,25595,16330,27.2,35.0
Station_01,Inv_00,20170722,05:45:00,195.3,0.3,59,217.0,0.5,109,25595,16330,27.2,36.0
Station_01,Inv_00,20170722,05:46:00,213.0,0.3,64,217.0,0.5,109,25595,16330,27.3,39.0
Station_01,Inv_00,20170722,05:47:00,217.0,0.3,65,217.0,0.5,109,25595,16330,27.3,42.0
Station_01,Inv_00,20170722,05:48:00,227.0,0.4,91,217.0,0.5,109,25595,16330,27.3,45.0
Station_01,Inv_00,20170722,05:49:00,216.2,0.5,108,218.0,0.5,109,25595,16330,27.3,47.0
Station_01,Inv_00,20170722,05:50:00,201.0,0.5,101,218.0,0.5,109,25595,16330,27.4,48.0
Station_01,Inv_00,20170722,05:51:00,158.6,0.5,79,217.0,0.5,109,25595,16330,27.4,49.0
Station_01,Inv_00,20170722,05:52:00,219.8,0.5,110,217.0,0.5,109,25595,16330,27.4,50.0
Station_01,Inv_00,20170722,05:53:00,223.2,0.5,112,217.0,0.6,130,25595,16330,27.5,50.0
Station_01,Inv_00,20170722,05:54:00,210.8,0.5,105,217.0,0.5,109,25595,16330,27.5,51.0
Station_01,Inv_00,20170722,05:55:00,229.0,0.4,92,217.0,0.6,130,25595,16330,27.5,52.0
Station_01,Inv_00,20170722,05:56:00,225.2,0.5,113,217.0,0.6,130,25595,16330,27.6,54.0
Station_01,Inv_00,20170722,05:57:00,226.8,0.5,113,217.0,0.7,152,25595,16330,27.6,55.0
Station_01,Inv_00,20170722,05:58:00,234.0,0.5,117,217.0,0.7,152,25595,16330,27.6,56.0
Station_01,Inv_00,20170722,05:59:00,228.5,0.6,137,217.0,0.8,174,25595,16330,27.6,57.0
Station_01,Inv_00,20170722,06:00:00,218.1,0.7,153,217.0,0.8,174,25595,16330,27.7,60.0
Station_01,Inv_00,20170722,06:01:00,221.6,0.7,155,218.0,0.9,196,25595,16330,27.8,62.0
Station_01,Inv_00,20170722,06:02:00,233.4,0.7,163,217.0,0.9,195,25595,16330,27.8,64.0
Station_01,Inv_00,20170722,06:03:00,224.0,0.8,179,216.0,0.9,194,25595,16330,27.9,65.0
Station_01,Inv_00,20170722,06:04:00,223.5,0.8,179,217.0,0.9,195,25595,16330,28.0,67.0
Station_01,Inv_00,20170722,06:05:00,221.5,0.8,177,217.0,1.0,217,25595,16330,28.0,68.0
Station_01,Inv_00,20170722,06:06:00,223.0,0.8,178,217.0,1.0,217,25595,16330,28.1,70.0
Station_01,Inv_00,20170722,06:07:00,209.4,0.9,189,216.0,1.0,216,25595,16330,28.1,72.0
Station_01,Inv_00,20170722,06:08:00,234.0,0.8,187,217.0,1.0,217,25595,16330,28.2,73.0
Station_01,Inv_00,20170722,06:09:00,222.4,0.9,200,218.0,1.0,218,25595,16330,28.3,76.0
Station_01,Inv_00,20170722,06:10:00,231.5,1.0,232,218.0,1.1,240,25595,16330,28.4,80.0
Station_01,Inv_00,20170722,06:11:00,236.0,1.1,260,218.0,1.2,262,25595,16330,28.4,85.0
Station_01,Inv_00,20170722,06:12:00,240.0,1.2,288,217.0,1.3,282,25595,16330,28.5,90.0
Station_01,Inv_00,20170722,06:13:00,224.8,1.3,292,217.0,1.4,304,25595,16330,28.7,95.0
Station_01,Inv_00,20170722,06:14:00,233.0,1.3,303,217.0,1.4,304,25595,16330,28.8,101.0
Station_01,Inv_00,20170722,06:15:00,240.0,1.4,336,217.0,1.5,326,25595,16330,28.9,106.0
Station_01,Inv_00,20170722,06:16:00,232.2,1.6,372,217.0,1.6,347,25595,16330,29.0,112.0
Station_01,Inv_00,20170722,06:17:00,238.0,1.6,381,217.0,1.6,347,25595,16330,29.2,116.0
Station_01,Inv_00,20170722,06:18:00,239.5,1.6,383,217.0,1.7,369,25595,16330,29.2,118.0
Station_01,Inv_00,20170722,06:19:00,245.0,1.6,392,217.0,1.7,369,25595,16330,29.3,120.0
Station_01,Inv_00,20170722,06:20:00,241.0,1.6,386,217.0,1.7,369,25595,16330,29.5,123.0
Station_01,Inv_00,20170722,06:21:00,233.0,1.6,373,216.0,1.7,367,25595,16330,29.5,126.0
Station_01,Inv_00,20170722,06:22:00,237.5,1.7,404,216.0,1.7,367,25595,16330,29.7,122.0
Station_01,Inv_00,20170722,06:23:00,233.5,1.6,374,216.0,1.7,367,25595,16330,29.7,119.0
Station_01,Inv_00,20170722,06:24:00,239.9,1.7,408,216.0,1.7,367,25595,16330,29.7,122.0
Station_01,Inv_00,20170722,06:25:00,230.0,1.7,391,216.0,1.8,389,25595,16330,29.9,126.0
Station_01,Inv_00,20170722,06:26:00,237.5,1.8,428,217.0,2.0,434,25595,16330,30.0,138.0
Station_01,Inv_00,20170722,06:27:00,240.4,1.9,457,217.0,2.0,434,25595,16330,30.2,145.0
Station_01,Inv_00,20170722,06:28:00,245.8,1.9,467,218.0,2.0,436,25595,16330,30.3,145.0
Station_01,Inv_00,20170722,06:29:00,239.2,1.9,455,217.0,2.0,434,25595,16330,30.4,141.0
Station_01,Inv_00,20170722,06:30:00,247.7,1.8,446,217.0,1.9,412,25595,16330,30.4,136.0
Station_01,Inv_00,20170722,06:31:00,228.5,1.8,411,218.0,1.9,414,25595,16330,30.5,141.0
Station_01,Inv_00,20170722,06:32:00,238.8,1.9,454,218.0,2.0,436,25595,16330,30.4,144.0
Station_01,Inv_00,20170722,06:33:00,241.8,2.0,484,218.0,2.0,436,25595,16330,30.6,145.0
Station_01,Inv_00,20170722,06:34:00,233.4,2.1,490,218.0,2.1,458,25595,16330,30.7,147.0
Station_01,Inv_00,20170722,06:35:00,239.5,2.0,479,218.0,2.1,458,25595,16330,30.8,144.0
Station_01,Inv_00,20170722,06:36:00,240.0,2.0,480,218.0,2.0,436,25595,16330,30.8,142.0
Station_01,Inv_00,20170722,06:37:00,232.0,2.1,487,218.0,2.0,436,25595,16330,30.8,144.0
Station_01,Inv_00,20170722,06:38:00,229.0,2.2,504,218.0,2.1,458,25595,16330,30.9,149.0
Station_01,Inv_00,20170722,06:39:00,244.7,2.2,538,217.0,2.3,499,25595,16330,30.9,156.0
Station_01,Inv_00,20170722,06:40:00,233.0,2.2,513,217.0,2.4,521,25595,16330,31.1,159.0
Station_01,Inv_00,20170722,06:41:00,216.5,2.5,541,217.0,2.3,499,25595,16330,31.1,165.0
Station_01,Inv_00,20170722,06:42:00,237.0,2.4,569,218.0,2.5,545,25595,16330,31.3,171.0
Station_01,Inv_00,20170722,06:43:00,245.8,2.5,615,217.0,2.6,564,25595,16330,31.3,176.0
Station_01,Inv_00,20170722,06:44:00,238.0,2.6,619,216.0,2.6,562,25595,16330,31.5,178.0
Station_01,Inv_00,20170722,06:45:00,229.8,2.6,597,216.0,2.6,562,25595,16330,31.6,178.0
Station_01,Inv_00,20170722,06:46:00,240.0,2.6,624,216.0,2.7,583,25595,16330,31.8,179.0
Station_01,Inv_00,20170722,06:47:00,243.8,2.6,634,217.0,2.7,586,25595,16330,31.9,183.0
Station_01,Inv_00,20170722,06:48:00,239.2,2.6,622,217.0,2.6,564,25595,16330,31.9,179.0
Station_01,Inv_00,20170722,06:49:00,237.5,2.6,618,217.0,2.6,564,25595,16330,31.9,179.0
Station_01,Inv_00,20170722,06:50:00,245.4,2.5,613,218.0,2.7,589,25595,16330,32.0,179.0
Station_01,Inv_00,20170722,06:51:00,243.0,2.5,608,217.0,2.6,564,25595,16330,32.1,178.0
Station_01,Inv_00,20170722,06:52:00,240.4,2.5,601,216.0,2.5,540,25595,16330,32.3,174.0
Station_01,Inv_00,20170722,06:53:00,235.0,2.4,564,217.0,2.4,521,25595,16330,32.0,168.0
Station_01,Inv_00,20170722,06:54:00,240.5,2.2,529,216.0,2.3,497,25595,16330,32.0,161.0
Station_01,Inv_00,20170722,06:55:00,230.9,2.2,508,215.0,2.2,473,25595,16330,31.9,156.0
Station_01,Inv_00,20170722,06:56:00,243.4,2.1,511,216.0,2.2,475,25595,16330,31.6,153.0
Station_01,Inv_00,20170722,06:57:00,239.0,2.1,502,216.0,2.1,454,25595,16330,31.7,151.0
Station_01,Inv_00,20170722,06:58:00,243.5,2.1,511,216.0,2.1,454,25595,16330,31.6,151.0
Station_01,Inv_00,20170722,06:59:00,240.5,2.1,505,216.0,2.1,454,25595,16330,31.6,151.0
Station_01,Inv_00,20170722,07:00:00,242.0,2.0,484,217.0,2.2,477,25595,16330,31.6,151.0
Station_01,Inv_00,20170722,07:01:00,243.0,2.1,510,217.0,2.2,477,25595,16330,31.6,152.0
Station_01,Inv_00,20170722,07:02:00,241.5,2.0,483,215.0,2.2,473,25595,16330,31.7,151.0
Station_01,Inv_00,20170722,07:03:00,244.0,2.0,488,215.0,2.1,452,25595,16330,31.6,150.0
Station_01,Inv_00,20170722,07:04:00,242.4,2.1,509,215.0,2.2,473,25595,16330,31.6,151.0
Station_01,Inv_00,20170722,07:05:00,240.5,2.2,529,215.0,2.3,494,25595,16330,31.5,154.0
Station_01,Inv_00,20170722,07:06:00,243.5,2.2,536,216.0,2.3,497,25595,16330,31.8,159.0
Station_01,Inv_00,20170722,07:07:00,239.5,2.3,551,216.0,2.4,518,25595,16330,31.8,163.0
Station_01,Inv_00,20170722,07:08:00,233.5,2.4,560,216.0,2.4,518,25595,16330,31.9,167.0
Station_01,Inv_00,20170722,07:09:00,233.5,2.4,560,217.0,2.5,543,25595,16330,32.1,169.0
Station_01,Inv_00,20170722,07:10:00,232.5,2.4,558,218.0,2.5,545,25595,16330,32.1,170.0
Station_01,Inv_00,20170722,07:11:00,241.5,2.4,580,216.0,2.5,540,25595,16330,32.2,171.0
Station_01,Inv_00,20170722,07:12:00,244.8,2.4,588,216.0,2.5,540,25595,16330,32.4,174.0
Station_01,Inv_00,20170722,07:13:00,244.5,2.5,611,216.0,2.5,540,25595,16330,32.4,176.0
Station_01,Inv_00,20170722,07:14:00,241.9,2.5,605,216.0,2.6,562,25595,16330,32.4,177.0
Station_01,Inv_00,20170722,07:15:00,240.0,2.6,624,216.0,2.6,562,25595,16330,32.5,180.0
Station_01,Inv_00,20170722,07:16:00,228.5,2.7,617,217.0,2.7,586,25595,16330,32.6,187.0
Station_01,Inv_00,20170722,07:17:00,239.9,2.7,648,217.0,2.8,608,25595,16330,32.6,190.0
Station_01,Inv_00,20170722,07:18:00,245.0,2.6,637,216.0,2.8,605,25595,16330,32.7,189.0
Station_01,Inv_00,20170722,07:19:00,242.5,2.7,655,216.0,2.8,605,25595,16330,32.8,189.0
Station_01,Inv_00,20170722,07:20:00,239.5,2.7,647,216.0,2.8,605,25595,16330,33.0,190.0
Station_01,Inv_00,20170722,07:21:00,243.0,2.7,656,216.0,2.9,626,25595,16330,33.2,194.0
Station_01,Inv_00,20170722,07:22:00,238.3,2.8,667,217.0,2.9,629,25595,16330,33.1,197.0
Station_01,Inv_00,20170722,07:23:00,221.5,2.8,620,217.0,2.8,608,25595,16330,33.1,200.0
Station_01,Inv_00,20170722,07:24:00,247.0,2.9,716,217.0,3.1,673,25595,16330,33.1,205.0
Station_01,Inv_00,20170722,07:25:00,245.0,2.8,686,218.0,3.1,676,25595,16330,33.1,204.0
Station_01,Inv_00,20170722,07:26:00,245.4,2.9,712,217.0,3.1,673,25595,16330,33.3,203.0
Station_01,Inv_00,20170722,07:27:00,244.0,2.8,683,218.0,3.0,654,25595,16330,33.3,200.0
Station_01,Inv_00,20170722,07:28:00,243.5,2.8,682,218.0,3.0,654,25595,16330,33.2,199.0
Station_01,Inv_00,20170722,07:29:00,240.5,2.8,673,219.0,3.0,657,25595,16330,33.2,201.0
Station_01,Inv_00,20170722,07:30:00,243.5,2.9,706,218.0,3.0,654,25595,16330,33.1,203.0
Station_01,Inv_00,20170722,07:31:00,240.0,2.8,672,219.0,3.0,657,25595,16330,33.1,202.0
Station_01,Inv_00,20170722,07:32:00,243.4,2.8,682,219.0,3.0,657,25595,16330,33.2,200.0
Station_01,Inv_00,20170722,07:33:00,240.5,2.8,673,218.0,3.0,654,25595,16330,33.2,200.0
Station_01,Inv_00,20170722,07:34:00,241.5,2.9,700,218.0,3.0,654,25595,16330,33.2,202.0
Station_01,Inv_00,20170722,07:35:00,245.0,2.9,711,219.0,3.0,657,25595,16330,33.4,203.0
Station_01,Inv_00,20170722,07:36:00,242.0,3.0,726,219.0,3.1,679,25595,16330,33.5,205.0
Station_01,Inv_00,20170722,07:37:00,242.5,3.0,728,219.0,3.1,679,25595,16330,33.3,207.0
Station_01,Inv_00,20170722,07:38:00,241.3,3.0,724,219.0,3.1,679,25595,16330,33.4,208.0
Station_01,Inv_00,20170722,07:39:00,245.4,2.9,712,219.0,3.1,679,25595,16330,33.6,208.0
Station_01,Inv_00,20170722,07:40:00,243.4,3.0,730,220.0,3.1,682,25595,16330,33.9,208.0
Station_01,Inv_00,20170722,07:41:00,227.5,2.9,660,219.0,3.0,657,25595,16330,33.8,208.0
Station_01,Inv_00,20170722,07:42:00,222.5,2.9,645,219.0,3.0,657,25595,16330,33.7,209.0
Station_01,Inv_00,20170722,07:43:00,246.0,2.9,713,219.0,3.1,679,25595,16330,33.7,209.0
Station_01,Inv_00,20170722,07:44:00,242.5,2.9,703,219.0,3.1,679,25595,16330,33.8,209.0
Station_01,Inv_00,20170722,07:45:00,245.4,2.9,712,219.0,3.1,679,25595,16330,34.1,207.0
Station_01,Inv_00,20170722,07:46:00,239.0,2.8,669,219.0,3.0,657,25595,16330,34.2,203.0
Station_01,Inv_00,20170722,07:47:00,236.4,2.8,662,219.0,2.9,635,25595,16330,34.2,198.0
Station_01,Inv_00,20170722,07:48:00,239.3,2.7,646,218.0,2.8,610,25595,16330,34.0,193.0
Station_01,Inv_00,20170722,07:49:00,243.5,2.6,633,218.0,2.7,589,25595,16330,33.8,190.0
Station_01,Inv_00,20170722,07:50:00,244.5,2.4,587,219.0,2.6,569,25595,16330,33.6,186.0
Station_01,Inv_00,20170722,07:51:00,236.9,2.6,616,219.0,2.6,569,25595,16330,33.6,184.0
Station_01,Inv_00,20170722,07:52:00,241.4,2.5,604,218.0,2.6,567,25596,16330,33.7,182.0
Station_01,Inv_00,20170722,07:53:00,245.0,2.4,588,217.0,2.6,564,25596,16330,33.4,181.0
Station_01,Inv_00,20170722,07:54:00,247.0,2.4,593,217.0,2.6,564,25596,16330,33.2,181.0
Station_01,Inv_00,20170722,07:55:00,241.4,2.5,604,217.0,2.6,564,25596,16330,33.2,183.0
Station_01,Inv_00,20170722,07:56:00,241.5,2.5,604,217.0,2.6,564,25596,16330,33.1,186.0
Station_01,Inv_00,20170722,07:57:00,248.0,2.6,645,216.0,2.7,583,25596,16330,33.3,190.0
Station_01,Inv_00,20170722,07:58:00,225.5,2.8,631,216.0,2.7,583,25596,16330,33.5,197.0
Station_01,Inv_00,20170722,07:59:00,236.0,3.0,708,216.0,3.1,670,25596,16330,33.4,210.0
Station_01,Inv_00,20170722,08:00:00,246.0,3.0,738,216.0,3.2,691,25596,16330,33.4,218.0
Station_01,Inv_00,20170722,08:01:00,245.5,2.9,712,216.0,3.1,670,25596,16330,33.7,211.0
Station_01,Inv_00,20170722,08:02:00,244.3,3.0,733,216.0,3.2,691,25596,16330,33.4,216.0
Station_01,Inv_00,20170722,08:03:00,244.4,3.2,782,217.0,3.4,738,25596,16330,33.6,226.0
Station_01,Inv_00,20170722,08:04:00,232.5,3.6,837,217.0,3.6,781,25596,16330,34.0,241.0
Station_01,Inv_00,20170722,08:05:00,245.2,3.8,932,217.0,4.0,868,25596,16330,34.1,266.0
Station_01,Inv_00,20170722,08:06:00,238.0,4.2,1000,217.0,4.2,911,25596,16330,34.5,296.0
Station_01,Inv_00,20170722,08:07:00,244.5,4.3,1051,217.0,4.6,998,25596,16330,34.8,305.0
Station_01,Inv_00,20170722,08:08:00,245.5,4.9,1203,216.0,5.1,1102,25596,16330,35.2,333.0
Station_01,Inv_00,20170722,08:09:00,246.0,5.4,1328,216.0,5.6,1210,25596,16330,35.8,367.0
Station_01,Inv_00,20170722,08:10:00,241.0,6.2,1494,218.0,6.3,1373,25596,16330,36.6,403.0
Station_01,Inv_00,20170722,08:11:00,240.0,6.1,1464,217.0,6.2,1345,25596,16330,37.2,408.0
Station_01,Inv_00,20170722,08:12:00,246.4,5.2,1281,217.0,5.5,1194,25596,16330,37.3,388.0
Station_01,Inv_00,20170722,08:13:00,240.5,5.0,1202,218.0,5.2,1134,25596,16330,37.4,345.0
Station_01,Inv_00,20170722,08:14:00,246.0,4.8,1181,217.0,5.1,1107,25596,16330,37.7,339.0
Station_01,Inv_00,20170722,08:15:00,239.5,6.0,1437,219.0,6.1,1336,25596,16330,38.2,376.0
Station_01,Inv_00,20170722,08:16:00,244.0,5.3,1293,219.0,5.5,1205,25596,16330,38.8,359.0
Station_01,Inv_00,20170722,08:17:00,241.5,5.0,1208,218.0,5.1,1112,25596,16330,38.7,351.0
Station_01,Inv_00,20170722,08:18:00,242.5,4.9,1188,218.0,5.0,1090,25596,16330,38.1,335.0
Station_01,Inv_00,20170722,08:19:00,243.0,4.6,1118,218.0,4.8,1046,25596,16330,37.6,322.0
Station_01,Inv_00,20170722,08:20:00,238.4,4.7,1121,218.0,4.7,1025,25596,16330,37.7,316.0
Station_01,Inv_00,20170722,08:21:00,241.0,4.4,1060,218.0,4.6,1003,25596,16330,37.5,310.0
Station_01,Inv_00,20170722,08:22:00,230.5,4.4,1014,218.0,4.4,959,25596,16330,36.7,303.0
Station_01,Inv_00,20170722,08:23:00,229.0,4.3,985,218.0,4.1,894,25596,16330,36.7,289.0
Station_01,Inv_00,20170722,08:24:00,241.5,4.0,966,218.0,4.2,916,25596,16330,37.3,283.0
Station_01,Inv_00,20170722,08:25:00,226.0,4.2,949,218.0,4.0,872,25596,16330,37.0,279.0
Station_01,Inv_00,20170722,08:26:00,243.0,4.0,972,218.0,4.1,894,25596,16330,36.7,274.0
Station_01,Inv_00,20170722,08:27:00,242.0,4.0,968,218.0,4.1,894,25596,16330,36.9,271.0
Station_01,Inv_00,20170722,08:28:00,242.5,4.0,970,217.0,4.1,890,25596,16330,36.7,279.0
Station_01,Inv_00,20170722,08:29:00,240.5,4.0,962,218.0,4.1,894,25596,16330,37.1,272.0
Station_01,Inv_00,20170722,08:30:00,242.5,3.9,946,218.0,4.1,894,25596,16330,36.6,273.0
Station_01,Inv_00,20170722,08:31:00,242.0,4.0,968,218.0,4.1,894,25596,16330,37.0,274.0
Station_01,Inv_00,20170722,08:32:00,240.0,4.1,984,219.0,4.1,898,25596,16330,36.9,278.0
Station_01,Inv_00,20170722,08:33:00,232.0,4.0,928,218.0,4.0,872,25596,16330,37.1,275.0
Station_01,Inv_00,20170722,08:34:00,223.7,4.2,939,218.0,4.0,872,25596,16330,37.1,278.0
Station_01,Inv_00,20170722,08:35:00,242.5,4.0,970,218.0,4.2,916,25596,16330,37.0,279.0
Station_01,Inv_00,20170722,08:36:00,242.0,4.2,1016,219.0,4.2,920,25596,16330,37.1,284.0
Station_01,Inv_00,20170722,08:37:00,237.5,4.2,998,219.0,4.2,920,25596,16330,36.7,288.0
Station_01,Inv_00,20170722,08:38:00,234.0,4.3,1006,218.0,4.2,916,25596,16330,37.0,286.0
Station_01,Inv_00,20170722,08:39:00,240.5,4.2,1010,217.0,4.2,911,25596,16330,36.9,283.0
Station_01,Inv_00,20170722,08:40:00,242.4,4.2,1018,217.0,4.2,911,25596,16330,37.0,286.0
Station_01,Inv_00,20170722,08:41:00,240.5,4.3,1034,219.0,4.3,942,25596,16330,36.9,290.0
Station_01,Inv_00,20170722,08:42:00,231.0,4.3,993,219.0,4.2,920,25596,16330,37.0,293.0
Station_01,Inv_00,20170722,08:43:00,241.4,4.2,1014,218.0,4.4,959,25596,16330,37.0,295.0
Station_01,Inv_00,20170722,08:44:00,240.5,4.3,1034,218.0,4.4,959,25596,16330,37.1,291.0
Station_01,Inv_00,20170722,08:45:00,239.5,4.3,1030,219.0,4.3,942,25596,16330,36.9,291.0
Station_01,Inv_00,20170722,08:46:00,235.5,4.4,1036,219.0,4.5,986,25596,16330,37.0,298.0
Station_01,Inv_00,20170722,08:47:00,234.5,4.6,1079,218.0,4.6,1003,25596,16330,37.2,304.0
Station_01,Inv_00,20170722,08:48:00,245.9,4.5,1107,217.0,4.7,1020,25596,16330,37.4,309.0
Station_01,Inv_00,20170722,08:49:00,230.5,4.7,1083,217.0,4.7,1020,25596,16330,37.3,316.0
Station_01,Inv_00,20170722,08:50:00,240.5,4.7,1130,217.0,4.9,1063,25596,16330,37.5,321.0
Station_01,Inv_00,20170722,08:51:00,240.5,4.8,1154,217.0,5.1,1107,25596,16330,37.9,325.0
Station_01,Inv_00,20170722,08:52:00,245.5,4.9,1203,218.0,5.1,1112,25597,16331,37.5,328.0
Station_01,Inv_00,20170722,08:53:00,234.4,5.0,1172,217.0,5.1,1107,25597,16331,37.9,331.0
Station_01,Inv_00,20170722,08:54:00,238.5,5.0,1193,216.0,5.1,1102,25597,16331,38.0,332.0
Station_01,Inv_00,20170722,08:55:00,236.0,5.1,1204,219.0,5.1,1117,25597,16331,38.4,333.0
Station_01,Inv_00,20170722,08:56:00,240.5,5.0,1203,218.0,5.1,1112,25597,16331,38.7,335.0
Station_01,Inv_00,20170722,08:57:00,243.0,5.1,1239,218.0,5.2,1134,25597,16331,38.3,335.0
Station_01,Inv_00,20170722,08:58:00,243.5,4.9,1193,217.0,5.1,1107,25597,16331,38.6,331.0
Station_01,Inv_00,20170722,08:59:00,234.4,5.0,1172,217.0,5.0,1085,25597,16331,38.7,329.0
Station_01,Inv_00,20170722,09:00:00,242.9,5.0,1215,217.0,5.1,1107,25597,16331,38.7,327.0
Station_01,Inv_00,20170722,09:01:00,241.5,5.0,1208,217.0,5.0,1085,25597,16331,38.5,325.0
Station_01,Inv_00,20170722,09:02:00,245.0,4.9,1201,217.0,5.1,1107,25597,16331,38.5,324.0
Station_01,Inv_00,20170722,09:03:00,240.5,4.9,1178,217.0,5.1,1107,25597,16331,38.5,325.0
Station_01,Inv_00,20170722,09:04:00,241.0,4.9,1181,216.0,5.1,1102,25597,16331,38.7,323.0
Station_01,Inv_00,20170722,09:05:00,240.0,5.0,1200,217.0,5.0,1085,25597,16331,38.3,322.0
Station_01,Inv_00,20170722,09:06:00,243.0,4.8,1166,218.0,5.1,1112,25597,16331,38.0,322.0
Station_01,Inv_00,20170722,09:07:00,242.0,4.8,1162,218.0,5.1,1112,25597,16331,38.1,320.0
Station_01,Inv_00,20170722,09:08:00,243.0,4.8,1166,217.0,5.1,1107,25597,16331,37.9,320.0
Station_01,Inv_00,20170722,09:09:00,244.5,4.8,1174,217.0,5.1,1107,25597,16331,38.2,321.0
Station_01,Inv_00,20170722,09:10:00,241.0,4.9,1181,216.0,5.1,1102,25597,16331,37.9,325.0
Station_01,Inv_00,20170722,09:11:00,239.4,4.9,1173,217.0,5.1,1107,25597,16331,37.7,323.0
Station_01,Inv_00,20170722,09:12:00,245.0,4.9,1201,216.0,5.1,1102,25597,16331,38.4,318.0
Station_01,Inv_00,20170722,09:13:00,243.0,4.8,1166,216.0,5.1,1102,25597,16331,39.1,317.0
Station_01,Inv_00,20170722,09:14:00,241.0,4.8,1157,216.0,5.1,1102,25597,16331,38.7,316.0
Station_01,Inv_00,20170722,09:15:00,238.5,5.0,1193,217.0,5.1,1107,25597,16331,38.7,316.0
Station_01,Inv_00,20170722,09:16:00,238.5,5.0,1193,218.0,5.1,1112,25597,16331,38.6,318.0
Station_01,Inv_00,20170722,09:17:00,238.4,4.9,1168,216.0,5.1,1102,25597,16331,38.1,319.0
Station_01,Inv_00,20170722,09:18:00,240.2,4.9,1177,217.0,5.1,1107,25597,16331,38.4,322.0
Station_01,Inv_00,20170722,09:19:00,240.0,5.0,1200,216.0,5.2,1123,25597,16331,38.6,325.0
Station_01,Inv_00,20170722,09:20:00,240.5,5.0,1203,217.0,5.2,1128,25597,16331,38.9,328.0
Station_01,Inv_00,20170722,09:21:00,235.0,5.2,1222,217.0,5.2,1128,25597,16331,38.5,332.0
Station_01,Inv_00,20170722,09:22:00,239.0,5.2,1243,216.0,5.4,1166,25597,16331,38.8,335.0
Station_01,Inv_00,20170722,09:23:00,231.5,5.3,1227,217.0,5.4,1172,25597,16331,38.5,339.0
Station_01,Inv_00,20170722,09:24:00,231.5,5.4,1250,217.0,5.4,1172,25597,16331,38.9,346.0
Station_01,Inv_00,20170722,09:25:00,231.0,5.6,1294,218.0,5.6,1221,25597,16331,39.0,357.0
Station_01,Inv_00,20170722,09:26:00,236.9,5.7,1351,218.0,5.9,1286,25597,16331,39.1,369.0
Station_01,Inv_00,20170722,09:27:00,230.0,6.1,1403,218.0,6.0,1308,25597,16331,39.6,378.0
Station_01,Inv_00,20170722,09:28:00,237.0,5.9,1398,218.0,6.1,1330,25597,16331,40.2,381.0
Station_01,Inv_00,20170722,09:29:00,239.0,6.0,1434,217.0,6.1,1324,25597,16331,40.4,380.0
Station_01,Inv_00,20170722,09:30:00,240.9,5.8,1397,217.0,6.1,1324,25597,16331,40.2,381.0
Station_01,Inv_00,20170722,09:31:00,238.5,6.2,1479,218.0,6.4,1395,25597,16331,40.4,397.0
Station_01,Inv_00,20170722,09:32:00,241.5,6.7,1618,218.0,7.1,1548,25597,16331,40.7,444.0
Station_01,Inv_00,20170722,09:33:00,241.5,7.5,1811,217.0,7.7,1671,25597,16331,40.6,457.0
Station_01,Inv_00,20170722,09:34:00,237.0,6.2,1469,218.0,6.4,1395,25597,16331,41.1,407.0
Station_01,Inv_00,20170722,09:35:00,240.0,6.2,1488,217.0,6.3,1367,25597,16331,41.2,397.0
Station_01,Inv_00,20170722,09:36:00,232.5,6.3,1465,217.0,6.4,1389,25597,16331,40.8,401.0
Station_01,Inv_00,20170722,09:37:00,231.5,6.5,1505,218.0,6.5,1417,25597,16331,40.9,410.0
Station_01,Inv_00,20170722,09:38:00,232.5,7.0,1628,218.0,7.1,1548,25597,16331,40.9,435.0
Station_01,Inv_00,20170722,09:39:00,229.5,7.9,1813,218.0,7.9,1722,25598,16332,41.2,496.0
Station_01,Inv_00,20170722,09:40:00,232.0,9.5,2204,219.0,9.3,2037,25598,16332,42.4,550.0
Station_01,Inv_00,20170722,09:41:00,230.0,12.5,2875,219.0,12.4,2716,25598,16332,43.5,731.0
Station_01,Inv_00,20170722,09:42:00,232.0,9.2,2134,219.0,9.3,2037,25598,16332,43.8,604.0
Station_01,Inv_00,20170722,09:43:00,231.0,7.2,1663,218.0,7.1,1548,25598,16332,43.3,463.0
Station_01,Inv_00,20170722,09:44:00,232.0,6.8,1578,219.0,6.6,1445,25598,16332,43.2,429.0
Station_01,Inv_00,20170722,09:45:00,234.0,6.9,1615,219.0,7.0,1533,25598,16332,43.2,457.0
Station_01,Inv_00,20170722,09:46:00,228.0,7.3,1664,219.0,7.1,1555,25598,16332,42.7,459.0
Station_01,Inv_00,20170722,09:47:00,228.5,7.3,1668,217.0,7.2,1562,25598,16332,42.7,469.0
Station_01,Inv_00,20170722,09:48:00,232.0,8.1,1879,217.0,8.1,1758,25598,16332,43.3,504.0
Station_01,Inv_00,20170722,09:49:00,230.0,10.1,2323,217.0,10.0,2170,25598,16332,44.9,622.0
Station_01,Inv_00,20170722,09:50:00,231.5,10.4,2407,218.0,10.5,2289,25598,16332,45.4,691.0
Station_01,Inv_00,20170722,09:51:00,232.0,10.3,2389,218.0,10.3,2245,25598,16332,45.9,670.0
Station_01,Inv_00,20170722,09:52:00,236.5,11.7,2767,218.0,11.9,2594,25598,16332,46.6,723.0
Station_01,Inv_00,20170722,09:53:00,232.0,15.6,3619,219.0,15.5,3395,25598,16332,49.5,977.0
Station_01,Inv_00,20170722,09:54:00,225.0,14.1,3172,218.0,13.7,2987,25598,16332,49.7,910.0
Station_01,Inv_00,20170722,09:55:00,225.5,13.8,3112,219.0,13.2,2891,25598,16332,50.3,856.0
Station_01,Inv_00,20170722,09:56:00,222.0,14.9,3307,219.0,13.9,3044,25598,16332,52.4,870.0
Station_01,Inv_00,20170722,09:57:00,219.0,17.0,3723,218.0,16.0,3488,25598,16332,53.9,1093.0
Station_01,Inv_00,20170722,09:58:00,221.0,11.1,2453,217.0,10.6,2300,25598,16332,54.1,795.0
Station_01,Inv_00,20170722,09:59:00,221.5,14.1,3123,217.0,13.3,2886,25598,16332,53.9,809.0
Station_01,Inv_00,20170722,10:00:00,209.5,17.0,3561,218.0,15.3,3335,25598,16332,53.4,1114.0
Station_01,Inv_00,20170722,10:01:00,214.0,10.0,2140,217.0,9.3,2018,25598,16332,53.2,674.0
Station_01,Inv_00,20170722,10:02:00,216.0,8.3,1793,217.0,7.8,1693,25598,16332,51.2,545.0
Station_01,Inv_00,20170722,10:03:00,216.0,8.4,1814,216.0,7.9,1706,25598,16332,49.0,534.0
Station_01,Inv_00,20170722,10:04:00,232.0,8.8,2041,218.0,8.8,1918,25599,16332,49.3,574.0
Station_01,Inv_00,20170722,10:05:00,221.0,9.3,2055,219.0,8.8,1927,25599,16332,47.8,583.0
Station_01,Inv_00,20170722,10:06:00,224.0,10.2,2285,217.0,10.0,2170,25599,16332,48.2,650.0
Station_01,Inv_00,20170722,10:07:00,229.5,9.4,2157,216.0,9.4,2030,25599,16332,47.9,624.0
Station_01,Inv_00,20170722,10:08:00,229.5,8.4,1927,216.0,8.4,1814,25599,16332,47.2,554.0
Station_01,Inv_00,20170722,10:09:00,231.0,7.9,1825,216.0,8.0,1728,25599,16332,45.5,520.0
Station_01,Inv_00,20170722,10:10:00,230.5,7.8,1798,216.0,7.8,1685,25599,16332,46.9,504.0
Station_01,Inv_00,20170722,10:11:00,230.5,7.5,1729,216.0,7.6,1642,25599,16332,46.5,489.0
Station_01,Inv_00,20170722,10:12:00,233.4,7.4,1727,218.0,7.4,1613,25599,16332,46.3,481.0
Station_01,Inv_00,20170722,10:13:00,231.5,7.4,1713,218.0,7.5,1635,25599,16332,45.7,481.0
Station_01,Inv_00,20170722,10:14:00,231.5,7.6,1759,216.0,7.6,1642,25599,16332,44.5,483.0
Station_01,Inv_00,20170722,10:15:00,234.5,7.3,1712,216.0,7.5,1620,25599,16332,44.1,478.0
Station_01,Inv_00,20170722,10:16:00,223.0,7.3,1628,216.0,7.2,1555,25599,16332,44.1,467.0
Station_01,Inv_00,20170722,10:17:00,223.5,7.3,1632,216.0,7.1,1534,25599,16332,44.1,461.0
Station_01,Inv_00,20170722,10:18:00,230.5,7.2,1660,216.0,7.3,1577,25599,16332,44.2,463.0
Station_01,Inv_00,20170722,10:19:00,232.5,7.3,1697,216.0,7.4,1598,25599,16332,43.8,469.0
Station_01,Inv_00,20170722,10:20:00,227.9,7.6,1732,219.0,7.3,1599,25599,16332,44.0,473.0
Station_01,Inv_00,20170722,10:21:00,234.5,7.6,1782,218.0,7.6,1657,25599,16332,43.4,482.0
Station_01,Inv_00,20170722,10:22:00,215.5,7.8,1681,219.0,7.2,1577,25599,16332,43.1,485.0
Station_01,Inv_00,20170722,10:23:00,215.0,7.6,1634,219.0,7.2,1577,25599,16332,43.5,477.0
Station_01,Inv_00,20170722,10:24:00,215.5,7.6,1638,218.0,7.2,1570,25599,16332,44.2,475.0
Station_01,Inv_00,20170722,10:25:00,215.5,7.6,1638,218.0,7.1,1548,25599,16332,43.7,472.0
Station_01,Inv_00,20170722,10:26:00,215.5,7.5,1616,218.0,7.0,1526,25599,16332,44.1,469.0
Station_01,Inv_00,20170722,10:27:00,215.5,7.4,1595,219.0,6.8,1489,25599,16332,43.8,460.0
Station_01,Inv_00,20170722,10:28:00,215.5,7.1,1530,218.0,6.6,1439,25599,16332,44.1,446.0
Station_01,Inv_00,20170722,10:29:00,214.5,7.1,1523,219.0,6.6,1445,25599,16332,43.5,443.0
Station_01,Inv_00,20170722,10:30:00,216.5,7.2,1559,218.0,6.7,1461,25599,16332,43.1,443.0
Station_01,Inv_00,20170722,10:31:00,214.5,7.2,1544,219.0,6.7,1467,25599,16332,43.3,446.0
Station_01,Inv_00,20170722,10:32:00,215.0,7.2,1548,218.0,6.6,1439,25599,16332,43.7,446.0
Station_01,Inv_00,20170722,10:33:00,215.5,6.9,1487,219.0,6.5,1424,25599,16332,42.9,433.0
Station_01,Inv_00,20170722,10:34:00,214.5,7.3,1566,218.0,6.7,1461,25599,16332,42.5,450.0
Station_01,Inv_00,20170722,10:35:00,215.0,7.4,1591,218.0,6.9,1504,25599,16332,43.2,461.0
Station_01,Inv_00,20170722,10:36:00,214.5,7.8,1673,220.0,7.2,1584,25599,16332,42.9,478.0
Station_01,Inv_00,20170722,10:37:00,215.0,7.6,1634,220.0,7.1,1562,25599,16332,43.5,477.0
Station_01,Inv_00,20170722,10:38:00,215.0,7.2,1548,220.0,6.7,1474,25599,16332,42.9,458.0
Station_01,Inv_00,20170722,10:39:00,216.5,7.0,1516,220.0,6.6,1452,25600,16333,43.2,444.0
Station_01,Inv_00,20170722,10:40:00,215.0,7.0,1505,219.0,6.5,1424,25600,16333,43.0,439.0
Station_01,Inv_00,20170722,10:41:00,215.0,6.8,1462,219.0,6.3,1380,25600,16333,43.3,432.0
Station_01,Inv_00,20170722,10:42:00,215.5,6.8,1465,220.0,6.2,1364,25600,16333,42.8,424.0
Station_01,Inv_00,20170722,10:43:00,216.0,6.8,1469,218.0,6.3,1373,25600,16333,42.2,438.0
Station_01,Inv_00,20170722,10:44:00,215.0,6.8,1462,217.0,6.3,1367,25600,16333,43.2,444.0
Station_01,Inv_00,20170722,10:45:00,215.0,6.8,1462,218.0,6.3,1373,25600,16333,43.7,439.0
Station_01,Inv_00,20170722,10:46:00,215.0,6.7,1441,218.0,6.2,1352,25600,16333,43.3,422.0
Station_01,Inv_00,20170722,10:47:00,216.5,6.8,1472,217.0,6.4,1389,25600,16333,43.8,422.0
Station_01,Inv_00,20170722,10:48:00,215.0,7.0,1505,218.0,6.6,1439,25600,16333,43.5,436.0
Station_01,Inv_00,20170722,10:49:00,215.5,7.3,1573,218.0,6.8,1482,25600,16333,44.2,451.0
Station_01,Inv_00,20170722,10:50:00,214.5,7.6,1630,219.0,7.1,1555,25600,16333,44.2,482.0
Station_01,Inv_00,20170722,10:51:00,215.5,8.0,1724,219.0,7.4,1621,25600,16333,44.7,506.0
Station_01,Inv_00,20170722,10:52:00,214.5,8.2,1759,219.0,7.6,1664,25600,16333,44.9,507.0
Station_01,Inv_00,20170722,10:53:00,215.0,8.6,1849,219.0,8.0,1752,25600,16333,46.1,529.0
Station_01,Inv_00,20170722,10:54:00,216.5,9.3,2013,220.0,8.6,1892,25600,16333,46.8,562.0
Station_01,Inv_00,20170722,10:55:00,233.0,9.1,2120,219.0,9.2,2015,25600,16333,47.3,588.0
Station_01,Inv_00,20170722,10:56:00,230.5,9.7,2236,219.0,9.6,2102,25600,16333,47.3,605.0
Station_01,Inv_00,20170722,10:57:00,228.5,9.5,2171,219.0,9.4,2059,25600,16333,48.4,604.0
Station_01,Inv_00,20170722,10:58:00,223.9,9.4,2105,219.0,9.0,1971,25600,16333,47.8,591.0
Station_01,Inv_00,20170722,10:59:00,234.5,9.1,2134,219.0,9.2,2015,25600,16333,48.3,591.0
Station_01,Inv_00,20170722,11:00:00,222.9,9.6,2140,219.0,9.2,2015,25600,16333,48.6,598.0
Station_01,Inv_00,20170722,11:01:00,225.5,10.1,2278,219.0,9.8,2146,25600,16333,48.5,625.0
Station_01,Inv_00,20170722,11:02:00,227.0,10.5,2384,220.0,10.3,2266,25600,16333,48.6,670.0
Station_01,Inv_00,20170722,11:03:00,221.0,11.1,2453,220.0,10.6,2332,25600,16333,49.9,695.0
Station_01,Inv_00,20170722,11:04:00,225.5,12.3,2774,220.0,11.8,2596,25600,16333,50.6,745.0
Station_01,Inv_00,20170722,11:05:00,228.5,10.3,2354,220.0,10.0,2200,25600,16333,49.8,663.0
Station_01,Inv_00,20170722,11:06:00,230.5,9.8,2259,220.0,9.8,2156,25600,16333,49.7,639.0
Station_01,Inv_00,20170722,11:07:00,204.5,9.7,1983,219.0,8.5,1862,25600,16333,50.4,602.0
Station_01,Inv_00,20170722,11:08:00,210.0,9.9,2079,219.0,8.9,1949,25600,16333,52.1,602.0
Station_01,Inv_00,20170722,11:09:00,226.4,10.0,2264,219.0,9.8,2146,25600,16333,52.1,624.0
Station_01,Inv_00,20170722,11:10:00,227.0,9.7,2202,219.0,9.6,2102,25601,16333,53.9,644.0
Station_01,Inv_00,20170722,11:11:00,227.0,8.6,1952,219.0,8.4,1840,25601,16333,53.5,560.0
Station_01,Inv_00,20170722,11:12:00,227.0,8.3,1884,219.0,8.2,1796,25601,16333,53.6,539.0
Station_01,Inv_00,20170722,11:13:00,229.0,7.9,1809,217.0,7.9,1714,25601,16333,53.2,520.0
Station_01,Inv_00,20170722,11:14:00,219.0,8.0,1752,218.0,7.7,1679,25601,16333,52.2,507.0
Station_01,Inv_00,20170722,11:15:00,219.0,8.3,1818,218.0,7.9,1722,25601,16333,52.1,518.0
Station_01,Inv_00,20170722,11:16:00,218.5,9.2,2010,218.0,8.7,1897,25601,16333,52.6,558.0
Station_01,Inv_00,20170722,11:17:00,224.0,10.3,2307,218.0,10.0,2180,25601,16333,52.9,635.0
Station_01,Inv_00,20170722,11:18:00,224.5,10.8,2425,218.0,10.6,2311,25601,16333,53.9,722.0
Station_01,Inv_00,20170722,11:19:00,224.4,10.0,2245,219.0,9.7,2124,25601,16333,53.3,645.0
Station_01,Inv_00,20170722,11:20:00,227.0,9.4,2134,220.0,9.3,2046,25601,16333,53.6,614.0
Station_01,Inv_00,20170722,11:21:00,227.5,8.8,2002,219.0,8.6,1883,25601,16333,54.0,577.0
Station_01,Inv_00,20170722,11:22:00,226.5,8.8,1993,218.0,8.7,1897,25601,16333,53.2,563.0
Station_01,Inv_00,20170722,11:23:00,209.5,9.9,2074,218.0,9.0,1962,25601,16333,53.6,593.0
Station_01,Inv_00,20170722,11:24:00,225.0,10.0,2250,219.0,9.7,2124,25601,16333,54.6,622.0
Station_01,Inv_00,20170722,11:25:00,224.0,11.6,2598,219.0,11.1,2431,25601,16333,55.8,688.0
Station_01,Inv_00,20170722,11:26:00,222.0,13.1,2908,219.0,12.4,2716,25601,16333,57.6,790.0
Station_01,Inv_00,20170722,11:27:00,220.5,17.5,3859,220.0,16.3,3586,25601,16333,59.1,989.0
Station_01,Inv_00,20170722,11:28:00,218.5,11.3,2469,219.0,10.7,2343,25601,16333,59.1,749.0
Station_01,Inv_00,20170722,11:29:00,216.0,14.1,3046,220.0,12.8,2816,25601,16333,57.9,788.0
Station_01,Inv_00,20170722,11:30:00,216.0,13.9,3002,220.0,12.9,2838,25601,16333,59.6,876.0
Station_01,Inv_00,20170722,11:31:00,213.5,14.0,2989,219.0,12.9,2825,25601,16333,59.7,851.0
Station_01,Inv_00,20170722,11:32:00,214.0,13.8,2953,219.0,12.8,2803,25601,16333,60.0,872.0
Station_01,Inv_00,20170722,11:33:00,215.5,13.8,2974,219.0,12.8,2803,25601,16333,60.1,818.0
Station_01,Inv_00,20170722,11:34:00,215.4,19.6,4223,220.0,17.9,3938,25601,16333,63.7,1192.0
Station_01,Inv_00,20170722,11:35:00,210.0,15.7,3296,220.0,14.1,3102,25602,16334,65.3,960.0
Station_01,Inv_00,20170722,11:36:00,215.0,12.7,2730,219.0,11.5,2519,25602,16334,63.4,791.0
Station_01,Inv_00,20170722,11:37:00,206.4,15.6,3220,219.0,13.8,3022,25602,16334,67.3,992.0
Station_01,Inv_00,20170722,11:38:00,206.4,15.6,3220,220.0,13.5,2970,25602,16334,63.8,928.0
Station_01,Inv_00,20170722,11:39:00,205.5,18.3,3761,221.0,15.8,3492,25602,16334,65.8,1108.0
Station_01,Inv_00,20170722,11:40:00,202.0,18.6,3757,220.0,15.9,3498,25602,16334,64.5,1153.0
Station_01,Inv_00,20170722,11:41:00,191.5,21.0,4021,221.0,17.0,3757,25602,16334,67.7,1197.0
Station_01,Inv_00,20170722,11:42:00,196.5,20.2,3969,221.0,16.6,3669,25602,16334,69.4,1197.0
Station_01,Inv_00,20170722,11:43:00,196.5,20.2,3969,221.0,16.7,3691,25602,16334,67.4,1197.0
Station_01,Inv_00,20170722,11:44:00,197.5,19.0,3752,220.0,15.9,3498,25602,16334,68.2,1173.0
Station_01,Inv_00,20170722,11:45:00,201.0,18.2,3658,220.0,15.5,3410,25602,16334,69.8,1104.0
Station_01,Inv_00,20170722,11:46:00,201.4,13.9,2800,220.0,12.0,2640,25602,16334,67.3,866.0
Station_01,Inv_00,20170722,11:47:00,203.4,11.1,2258,220.0,9.7,2134,25602,16334,67.6,731.0
Station_01,Inv_00,20170722,11:48:00,208.0,10.8,2246,220.0,9.7,2134,25602,16334,64.6,681.0
Station_01,Inv_00,20170722,11:49:00,209.0,10.5,2195,219.0,9.4,2059,25602,16334,63.6,641.0
Station_01,Inv_00,20170722,11:50:00,213.0,10.4,2215,219.0,9.6,2102,25602,16334,62.0,649.0
Station_01,Inv_00,20170722,11:51:00,213.5,9.8,2092,220.0,8.9,1958,25602,16334,61.3,605.0
Station_01,Inv_00,20170722,11:52:00,213.0,8.8,1874,220.0,8.0,1760,25602,16334,60.0,548.0
Station_01,Inv_00,20170722,11:53:00,213.0,8.4,1789,221.0,7.7,1702,25602,16334,58.4,513.0
Station_01,Inv_00,20170722,11:54:00,213.5,8.2,1751,218.0,7.7,1679,25602,16334,58.1,520.0
Station_01,Inv_00,20170722,11:55:00,211.5,7.8,1650,218.0,7.2,1570,25603,16335,56.5,481.0
Station_01,Inv_00,20170722,11:56:00,212.5,7.6,1615,219.0,7.1,1555,25603,16335,55.7,470.0
Station_01,Inv_00,20170722,11:57:00,213.0,7.7,1640,219.0,7.1,1555,25603,16335,55.1,469.0
Station_01,Inv_00,20170722,11:58:00,216.4,8.0,1731,219.0,7.4,1621,25603,16335,53.6,485.0
Station_01,Inv_00,20170722,11:59:00,228.0,7.6,1733,219.0,7.5,1643,25603,16335,53.4,486.0
Station_01,Inv_00,20170722,12:00:00,227.5,7.5,1706,218.0,7.5,1635,25603,16335,54.4,478.0
Station_01,Inv_00,20170722,12:01:00,211.0,7.8,1646,218.0,7.1,1548,25603,16335,53.9,476.0
Station_01,Inv_00,20170722,12:02:00,212.5,7.8,1658,219.0,7.2,1577,25603,16335,52.7,474.0
Station_01,Inv_00,20170722,12:03:00,212.0,7.8,1654,219.0,7.2,1577,25603,16335,52.0,477.0
Station_01,Inv_00,20170722,12:04:00,212.5,7.9,1679,219.0,7.3,1599,25603,16335,50.9,484.0
Station_01,Inv_00,20170722,12:05:00,211.5,7.8,1650,218.0,7.2,1570,25603,16335,50.2,480.0
Station_01,Inv_00,20170722,12:06:00,213.0,7.6,1619,218.0,7.0,1526,25603,16335,50.3,465.0
Station_01,Inv_00,20170722,12:07:00,213.0,7.5,1598,218.0,6.9,1504,25603,16335,48.7,460.0
Station_01,Inv_00,20170722,12:08:00,212.0,7.6,1611,218.0,6.9,1504,25603,16335,49.5,457.0
Station_01,Inv_00,20170722,12:09:00,212.0,7.6,1611,218.0,6.9,1504,25603,16335,49.7,459.0
Station_01,Inv_00,20170722,12:10:00,212.0,7.6,1611,219.0,7.0,1533,25603,16335,50.8,464.0
Station_01,Inv_00,20170722,12:11:00,212.0,7.7,1632,219.0,7.1,1555,25603,16335,50.0,470.0
Station_01,Inv_00,20170722,12:12:00,213.5,7.9,1687,218.0,7.2,1570,25603,16335,49.5,479.0
Station_01,Inv_00,20170722,12:13:00,211.5,8.2,1734,219.0,7.4,1621,25603,16335,49.0,489.0
Station_01,Inv_00,20170722,12:14:00,213.5,8.5,1815,219.0,7.7,1686,25603,16335,48.7,506.0
Station_01,Inv_00,20170722,12:15:00,213.0,8.6,1832,218.0,8.0,1744,25603,16335,49.1,523.0
Station_01,Inv_00,20170722,12:16:00,212.5,8.7,1849,218.0,8.1,1766,25603,16335,49.2,530.0
Station_01,Inv_00,20170722,12:17:00,212.5,8.9,1891,218.0,8.2,1788,25603,16335,49.5,543.0
Station_01,Inv_00,20170722,12:18:00,212.5,9.2,1955,218.0,8.5,1853,25603,16335,49.3,559.0
Station_01,Inv_00,20170722,12:19:00,213.0,9.4,2002,218.0,8.7,1897,25603,16335,50.2,570.0
Station_01,Inv_00,20170722,12:20:00,213.0,9.4,2002,218.0,8.6,1875,25603,16335,51.3,569.0
Station_01,Inv_00,20170722,12:21:00,213.5,9.4,2007,219.0,8.6,1883,25603,16335,51.7,572.0
Station_01,Inv_00,20170722,12:22:00,213.0,9.4,2002,218.0,8.6,1875,25603,16335,52.0,575.0
Station_01,Inv_00,20170722,12:23:00,212.5,9.4,1997,218.0,8.6,1875,25603,16335,51.9,569.0
Station_01,Inv_00,20170722,12:24:00,213.5,9.2,1964,218.0,8.5,1853,25603,16335,52.1,566.0
Station_01,Inv_00,20170722,12:25:00,211.5,9.2,1946,219.0,8.5,1862,25603,16335,53.0,563.0
Station_01,Inv_00,20170722,12:26:00,213.0,9.7,2066,219.0,8.9,1949,25603,16335,52.8,582.0
Station_01,Inv_00,20170722,12:27:00,213.0,9.3,1981,219.0,8.6,1883,25603,16335,53.2,571.0
Station_01,Inv_00,20170722,12:28:00,213.5,9.8,2092,219.0,9.0,1971,25603,16335,53.0,587.0
Station_01,Inv_00,20170722,12:29:00,211.5,10.4,2200,219.0,9.5,2081,25604,16335,54.6,679.0
Station_01,Inv_00,20170722,12:30:00,211.5,9.4,1988,219.0,8.7,1905,25604,16335,54.4,580.0
Station_01,Inv_00,20170722,12:31:00,212.5,9.3,1976,219.0,8.6,1883,25604,16335,53.3,569.0
Station_01,Inv_00,20170722,12:32:00,212.0,9.4,1993,219.0,8.5,1862,25604,16335,54.2,569.0
Station_01,Inv_00,20170722,12:33:00,211.5,9.2,1946,218.0,8.5,1853,25604,16335,54.6,565.0
Station_01,Inv_00,20170722,12:34:00,211.5,9.8,2073,219.0,8.9,1949,25604,16335,54.6,584.0
Station_01,Inv_00,20170722,12:35:00,211.5,11.3,2390,219.0,10.2,2234,25604,16335,54.5,663.0
Station_01,Inv_00,20170722,12:36:00,223.0,11.0,2453,219.0,10.5,2300,25604,16335,54.1,680.0
Station_01,Inv_00,20170722,12:37:00,210.5,11.4,2399,218.0,10.3,2245,25604,16335,55.6,671.0
Station_01,Inv_00,20170722,12:38:00,213.0,14.1,3004,219.0,12.7,2781,25604,16335,57.3,802.0
Station_01,Inv_00,20170722,12:39:00,208.0,18.4,3827,219.0,16.4,3592,25604,16335,59.3,1142.0
Station_01,Inv_00,20170722,12:40:00,205.0,13.9,2849,219.0,12.3,2694,25604,16335,59.6,914.0
Station_01,Inv_00,20170722,12:41:00,205.0,11.1,2275,219.0,9.8,2146,25604,16335,58.5,693.0
Station_01,Inv_00,20170722,12:42:00,207.0,9.5,1966,219.0,8.5,1862,25604,16335,58.6,588.0
Station_01,Inv_00,20170722,12:43:00,206.0,8.2,1689,218.0,7.3,1591,25604,16335,57.9,502.0
Station_01,Inv_00,20170722,12:44:00,205.5,7.6,1562,219.0,6.7,1467,25604,16335,57.3,459.0
Station_01,Inv_00,20170722,12:45:00,206.5,7.4,1528,219.0,6.5,1424,25604,16335,55.4,441.0
Station_01,Inv_00,20170722,12:46:00,205.5,7.2,1480,219.0,6.4,1402,25604,16335,54.4,433.0
Station_01,Inv_00,20170722,12:47:00,222.0,7.0,1554,219.0,6.7,1467,25604,16335,52.7,431.0
Station_01,Inv_00,20170722,12:48:00,226.0,7.0,1582,218.0,6.7,1461,25604,16335,53.0,428.0
Station_01,Inv_00,20170722,12:49:00,221.5,7.0,1550,218.0,6.7,1461,25604,16335,52.8,423.0
Station_01,Inv_00,20170722,12:50:00,225.0,6.7,1508,218.0,6.5,1417,25604,16335,51.0,416.0
Station_01,Inv_00,20170722,12:51:00,212.0,6.6,1399,218.0,6.0,1308,25604,16335,51.0,400.0
Station_01,Inv_00,20170722,12:52:00,198.0,6.3,1247,218.0,5.4,1177,25604,16335,51.3,384.0
Station_01,Inv_00,20170722,12:53:00,228.5,6.0,1371,218.0,5.8,1264,25604,16335,51.0,369.0
Station_01,Inv_00,20170722,12:54:00,226.4,5.8,1313,218.0,5.6,1221,25604,16335,49.5,359.0
Station_01,Inv_00,20170722,12:55:00,232.0,5.4,1253,218.0,5.5,1199,25604,16335,49.5,347.0
Station_01,Inv_00,20170722,12:56:00,229.0,5.4,1237,218.0,5.4,1177,25604,16335,49.3,354.0
Station_01,Inv_00,20170722,12:57:00,231.5,5.3,1227,217.0,5.3,1150,25604,16335,48.9,335.0
Station_01,Inv_00,20170722,12:58:00,229.9,5.4,1242,218.0,5.3,1155,25604,16335,47.9,334.0
Station_01,Inv_00,20170722,12:59:00,229.0,5.5,1260,217.0,5.4,1172,25604,16335,48.2,332.0
Station_01,Inv_00,20170722,13:00:00,229.5,5.4,1239,217.0,5.4,1172,25604,16335,47.6,335.0
Station_01,Inv_00,20170722,13:01:00,233.5,5.5,1284,216.0,5.5,1188,25604,16335,47.3,336.0
Station_01,Inv_00,20170722,13:02:00,228.0,5.5,1254,216.0,5.5,1188,25605,16336,47.3,339.0
Station_01,Inv_00,20170722,13:03:00,233.9,5.4,1263,217.0,5.5,1194,25605,16336,47.6,341.0
Station_01,Inv_00,20170722,13:04:00,225.5,5.6,1263,217.0,5.5,1194,25605,16336,47.8,342.0
Station_01,Inv_00,20170722,13:05:00,229.9,5.6,1288,216.0,5.6,1210,25605,16336,47.4,342.0
Station_01,Inv_00,20170722,13:06:00,233.5,5.4,1261,218.0,5.4,1177,25605,16336,48.1,340.0
Station_01,Inv_00,20170722,13:07:00,233.0,5.3,1235,218.0,5.3,1155,25605,16336,48.4,334.0
Station_01,Inv_00,20170722,13:08:00,225.0,5.4,1215,219.0,5.2,1139,25605,16336,48.3,332.0
Station_01,Inv_00,20170722,13:09:00,230.5,5.3,1222,219.0,5.3,1161,25605,16336,48.2,331.0
Station_01,Inv_00,20170722,13:10:00,231.5,5.3,1227,219.0,5.3,1161,25605,16336,47.0,334.0
Station_01,Inv_00,20170722,13:11:00,229.9,5.4,1242,219.0,5.4,1183,25605,16336,47.0,337.0
Station_01,Inv_00,20170722,13:12:00,230.4,5.6,1290,219.0,5.5,1205,25605,16336,46.6,345.0
Station_01,Inv_00,20170722,13:13:00,233.5,5.8,1354,219.0,5.6,1226,25605,16336,46.2,354.0
Station_01,Inv_00,20170722,13:14:00,234.9,5.8,1363,219.0,5.9,1292,25605,16336,45.8,364.0
Station_01,Inv_00,20170722,13:15:00,233.5,6.1,1424,219.0,6.0,1314,25605,16336,45.2,374.0
Station_01,Inv_00,20170722,13:16:00,222.5,6.2,1380,219.0,6.0,1314,25605,16336,45.3,382.0
Station_01,Inv_00,20170722,13:17:00,236.5,6.3,1490,220.0,6.3,1386,25605,16336,45.1,392.0
Station_01,Inv_00,20170722,13:18:00,229.0,6.6,1511,219.0,6.5,1424,25605,16336,45.5,405.0
Station_01,Inv_00,20170722,13:19:00,232.0,7.1,1647,219.0,7.0,1533,25605,16336,45.8,428.0
Station_01,Inv_00,20170722,13:20:00,216.5,7.6,1645,219.0,7.2,1577,25605,16336,46.2,458.0
Station_01,Inv_00,20170722,13:21:00,227.0,8.2,1861,219.0,8.0,1752,25605,16336,46.4,496.0
Station_01,Inv_00,20170722,13:22:00,231.9,8.4,1948,219.0,8.3,1818,25605,16336,47.5,516.0
Station_01,Inv_00,20170722,13:23:00,218.5,8.6,1879,219.0,8.1,1774,25605,16336,47.9,515.0
Station_01,Inv_00,20170722,13:24:00,216.5,9.3,2013,219.0,8.7,1905,25605,16336,49.3,550.0
Station_01,Inv_00,20170722,13:25:00,216.0,9.1,1966,219.0,8.5,1862,25605,16336,49.3,544.0
Station_01,Inv_00,20170722,13:26:00,216.5,9.1,1970,219.0,8.5,1862,25605,16336,49.5,543.0
Station_01,Inv_00,20170722,13:27:00,216.0,8.8,1901,219.0,8.2,1796,25605,16336,49.6,537.0
Station_01,Inv_00,20170722,13:28:00,218.0,8.8,1918,219.0,8.2,1796,25605,16336,48.8,532.0
Station_01,Inv_00,20170722,13:29:00,228.5,8.4,1919,220.0,8.2,1804,25605,16336,50.2,533.0
Station_01,Inv_00,20170722,13:30:00,230.5,8.1,1867,219.0,8.1,1774,25605,16336,50.2,505.0
Station_01,Inv_00,20170722,13:31:00,229.5,6.9,1584,219.0,6.9,1511,25605,16336,49.8,444.0
Station_01,Inv_00,20170722,13:32:00,230.0,6.6,1518,219.0,6.5,1424,25605,16336,48.9,412.0
Station_01,Inv_00,20170722,13:33:00,230.5,6.3,1452,219.0,6.2,1358,25605,16336,47.4,391.0
Station_01,Inv_00,20170722,13:34:00,227.9,6.0,1368,218.0,5.9,1286,25605,16336,47.3,373.0
Station_01,Inv_00,20170722,13:35:00,230.4,5.8,1336,219.0,5.7,1248,25605,16336,46.8,362.0
Station_01,Inv_00,20170722,13:36:00,231.0,5.8,1340,219.0,5.6,1226,25605,16336,46.6,357.0
Station_01,Inv_00,20170722,13:37:00,230.9,5.6,1293,219.0,5.6,1226,25605,16336,45.6,354.0
Station_01,Inv_00,20170722,13:38:00,224.0,5.7,1277,219.0,5.5,1205,25605,16336,44.7,351.0
Station_01,Inv_00,20170722,13:39:00,230.0,5.6,1288,218.0,5.5,1199,25605,16336,44.9,348.0
Station_01,Inv_00,20170722,13:40:00,236.0,5.4,1274,219.0,5.5,1205,25605,16336,45.0,347.0
Station_01,Inv_00,20170722,13:41:00,235.0,5.4,1269,219.0,5.5,1205,25605,16336,44.9,346.0
Station_01,Inv_00,20170722,13:42:00,233.5,5.6,1308,219.0,5.5,1205,25606,16337,45.1,346.0
Station_01,Inv_00,20170722,13:43:00,231.5,5.6,1296,219.0,5.5,1205,25606,16337,45.9,345.0
Station_01,Inv_00,20170722,13:44:00,231.5,5.5,1273,219.0,5.5,1205,25606,16337,45.9,345.0
Station_01,Inv_00,20170722,13:45:00,229.0,5.5,1260,219.0,5.4,1183,25606,16337,44.2,347.0
Station_01,Inv_00,20170722,13:46:00,234.5,5.4,1266,218.0,5.5,1199,25606,16337,44.1,349.0
Station_01,Inv_00,20170722,13:47:00,235.0,5.4,1269,219.0,5.5,1205,25606,16337,44.6,354.0
Station_01,Inv_00,20170722,13:48:00,234.4,5.5,1289,219.0,5.4,1183,25606,16337,44.2,346.0
Station_01,Inv_00,20170722,13:49:00,226.5,5.5,1246,219.0,5.4,1183,25606,16337,43.6,347.0
Station_01,Inv_00,20170722,13:50:00,227.0,5.6,1271,219.0,5.5,1205,25606,16337,43.5,351.0
Station_01,Inv_00,20170722,13:51:00,234.0,5.6,1310,219.0,5.6,1226,25606,16337,43.2,355.0
Station_01,Inv_00,20170722,13:52:00,233.0,5.8,1351,219.0,5.6,1226,25606,16337,43.3,361.0
Station_01,Inv_00,20170722,13:53:00,238.0,5.6,1333,219.0,5.7,1248,25606,16337,43.1,365.0
Station_01,Inv_00,20170722,13:54:00,232.4,5.8,1348,219.0,5.8,1270,25606,16337,42.9,367.0
Station_01,Inv_00,20170722,13:55:00,233.0,5.7,1328,218.0,5.8,1264,25606,16337,44.2,367.0
Station_01,Inv_00,20170722,13:56:00,235.4,5.6,1319,219.0,5.6,1226,25606,16337,43.5,364.0
Station_01,Inv_00,20170722,13:57:00,235.4,5.6,1319,219.0,5.6,1226,25606,16337,43.4,356.0
Station_01,Inv_00,20170722,13:58:00,230.9,5.6,1293,219.0,5.5,1205,25606,16337,43.8,355.0
Station_01,Inv_00,20170722,13:59:00,235.4,5.8,1366,219.0,5.7,1248,25606,16337,44.4,364.0
Station_01,Inv_00,20170722,14:00:00,236.5,5.9,1395,219.0,6.1,1336,25606,16337,43.3,383.0
Station_01,Inv_00,20170722,14:01:00,237.4,6.2,1472,218.0,6.3,1373,25606,16337,44.6,399.0
Station_01,Inv_00,20170722,14:02:00,233.5,6.4,1494,219.0,6.5,1424,25606,16337,43.5,411.0
Station_01,Inv_00,20170722,14:03:00,232.0,6.7,1554,219.0,6.6,1445,25606,16337,44.0,417.0
Station_01,Inv_00,20170722,14:04:00,235.0,6.6,1551,219.0,6.7,1467,25606,16337,44.1,424.0
Station_01,Inv_00,20170722,14:05:00,238.0,6.8,1618,219.0,6.8,1489,25606,16337,43.6,431.0
Station_01,Inv_00,20170722,14:06:00,240.4,6.6,1587,219.0,6.8,1489,25606,16337,43.9,429.0
Station_01,Inv_00,20170722,14:07:00,221.5,6.5,1440,218.0,6.2,1352,25606,16337,44.0,412.0
Station_01,Inv_00,20170722,14:08:00,236.0,6.6,1557,219.0,6.6,1445,25606,16337,43.9,413.0
Station_01,Inv_00,20170722,14:09:00,239.0,6.7,1601,219.0,6.9,1511,25606,16337,43.6,433.0
Station_01,Inv_00,20170722,14:10:00,230.5,7.4,1706,219.0,7.4,1621,25606,16337,44.1,463.0
Station_01,Inv_00,20170722,14:11:00,233.5,8.1,1891,220.0,8.1,1782,25606,16337,45.5,492.0
Station_01,Inv_00,20170722,14:12:00,233.5,7.6,1775,220.0,7.5,1650,25606,16337,46.6,478.0
Station_01,Inv_00,20170722,14:13:00,232.5,7.2,1674,220.0,7.2,1584,25606,16337,46.7,466.0
Station_01,Inv_00,20170722,14:14:00,232.5,7.0,1628,220.0,6.9,1518,25606,16337,45.8,441.0
Station_01,Inv_00,20170722,14:15:00,233.0,6.6,1538,220.0,6.6,1452,25606,16337,46.1,419.0
Station_01,Inv_00,20170722,14:16:00,232.0,6.4,1485,220.0,6.3,1386,25606,16337,46.8,405.0
Station_01,Inv_00,20170722,14:17:00,211.0,6.6,1393,220.0,5.9,1298,25606,16337,45.4,403.0
Station_01,Inv_00,20170722,14:18:00,213.0,6.6,1406,220.0,6.1,1342,25606,16337,44.9,409.0
Station_01,Inv_00,20170722,14:19:00,211.0,6.8,1435,220.0,6.2,1364,25606,16337,45.0,420.0
Station_01,Inv_00,20170722,14:20:00,211.0,6.8,1435,220.0,6.2,1364,25606,16337,46.3,423.0
Station_01,Inv_00,20170722,14:21:00,211.5,6.8,1438,220.0,6.2,1364,25606,16337,46.7,423.0
Station_01,Inv_00,20170722,14:22:00,211.5,6.8,1438,220.0,6.1,1342,25606,16337,46.9,415.0
Station_01,Inv_00,20170722,14:23:00,211.5,6.6,1396,220.0,5.9,1298,25606,16337,46.5,407.0
Station_01,Inv_00,20170722,14:24:00,211.0,6.4,1350,220.0,5.7,1254,25607,16337,46.6,397.0
Station_01,Inv_00,20170722,14:25:00,211.0,6.2,1308,220.0,5.6,1232,25607,16337,44.8,392.0
Station_01,Inv_00,20170722,14:26:00,211.0,6.2,1308,220.0,5.6,1232,25607,16337,45.2,387.0
Station_01,Inv_00,20170722,14:27:00,210.5,6.2,1305,219.0,5.6,1226,25607,16337,44.1,390.0
Station_01,Inv_00,20170722,14:28:00,211.0,6.2,1308,219.0,5.6,1226,25607,16337,44.3,382.0
Station_01,Inv_00,20170722,14:29:00,210.5,6.0,1263,220.0,5.5,1210,25607,16337,43.8,378.0
Station_01,Inv_00,20170722,14:30:00,224.0,5.8,1299,220.0,5.6,1232,25607,16337,44.0,372.0
Station_01,Inv_00,20170722,14:31:00,230.9,5.8,1339,220.0,5.6,1232,25607,16337,44.5,363.0
Station_01,Inv_00,20170722,14:32:00,232.0,5.5,1276,219.0,5.5,1205,25607,16337,44.4,356.0
Station_01,Inv_00,20170722,14:33:00,235.0,5.3,1245,219.0,5.4,1183,25607,16337,44.5,347.0
Station_01,Inv_00,20170722,14:34:00,232.0,5.4,1253,220.0,5.2,1144,25607,16337,45.4,341.0
Station_01,Inv_00,20170722,14:35:00,236.8,5.2,1232,219.0,5.1,1117,25607,16337,45.4,336.0
Station_01,Inv_00,20170722,14:36:00,233.5,5.1,1191,219.0,5.1,1117,25607,16337,45.2,334.0
Station_01,Inv_00,20170722,14:37:00,226.5,5.2,1178,219.0,5.0,1095,25607,16337,44.6,332.0
Station_01,Inv_00,20170722,14:38:00,226.0,5.3,1198,219.0,5.0,1095,25607,16337,45.0,330.0
Station_01,Inv_00,20170722,14:39:00,223.4,5.2,1162,219.0,5.0,1095,25607,16337,45.1,327.0
Station_01,Inv_00,20170722,14:40:00,226.0,5.1,1153,219.0,5.0,1095,25607,16337,44.5,326.0
Station_01,Inv_00,20170722,14:41:00,223.5,5.1,1140,219.0,5.0,1095,25607,16337,44.9,327.0
Station_01,Inv_00,20170722,14:42:00,223.5,5.1,1140,219.0,4.9,1073,25607,16337,44.9,327.0
Station_01,Inv_00,20170722,14:43:00,226.0,5.1,1153,220.0,4.9,1078,25607,16337,44.4,328.0
Station_01,Inv_00,20170722,14:44:00,226.5,5.1,1155,219.0,5.0,1095,25607,16337,44.0,329.0
Station_01,Inv_00,20170722,14:45:00,227.5,5.1,1160,219.0,5.0,1095,25607,16337,43.4,331.0
Station_01,Inv_00,20170722,14:46:00,226.5,5.3,1200,219.0,5.0,1095,25607,16337,44.2,331.0
Station_01,Inv_00,20170722,14:47:00,233.0,5.2,1212,219.0,5.1,1117,25607,16337,43.5,333.0
Station_01,Inv_00,20170722,14:48:00,230.4,5.2,1198,219.0,5.1,1117,25607,16337,43.6,334.0
Station_01,Inv_00,20170722,14:49:00,232.0,5.2,1206,219.0,5.1,1117,25607,16337,43.6,336.0
Station_01,Inv_00,20170722,14:50:00,228.5,5.4,1234,219.0,5.1,1117,25607,16337,44.0,336.0
Station_01,Inv_00,20170722,14:51:00,241.0,5.0,1205,219.0,5.2,1139,25607,16337,44.1,339.0
Station_01,Inv_00,20170722,14:52:00,234.4,5.4,1266,219.0,5.3,1161,25607,16337,44.6,342.0
Station_01,Inv_00,20170722,14:53:00,235.9,5.4,1274,219.0,5.4,1183,25607,16337,44.8,345.0
Station_01,Inv_00,20170722,14:54:00,236.5,5.4,1277,219.0,5.5,1205,25607,16337,44.7,351.0
Station_01,Inv_00,20170722,14:55:00,232.9,5.6,1304,219.0,5.6,1226,25607,16337,45.4,357.0
Station_01,Inv_00,20170722,14:56:00,217.5,5.8,1262,220.0,5.4,1188,25607,16337,45.7,364.0
Station_01,Inv_00,20170722,14:57:00,234.5,5.9,1384,220.0,5.8,1276,25607,16337,46.1,371.0
Station_01,Inv_00,20170722,14:58:00,230.4,5.8,1336,219.0,5.7,1248,25607,16337,46.3,372.0
Station_01,Inv_00,20170722,14:59:00,234.0,5.6,1310,220.0,5.6,1232,25607,16337,46.0,362.0
Station_01,Inv_00,20170722,15:00:00,233.5,5.7,1331,220.0,5.6,1232,25607,16337,46.3,358.0
Station_01,Inv_00,20170722,15:01:00,229.5,5.6,1285,220.0,5.5,1210,25607,16337,46.9,357.0
Station_01,Inv_00,20170722,15:02:00,233.5,5.6,1308,219.0,5.6,1226,25607,16337,47.0,355.0
Station_01,Inv_00,20170722,15:03:00,233.0,5.5,1281,219.0,5.5,1205,25607,16337,47.1,356.0
Station_01,Inv_00,20170722,15:04:00,230.9,5.6,1293,219.0,5.5,1205,25607,16337,46.9,355.0
Station_01,Inv_00,20170722,15:05:00,230.5,5.6,1291,220.0,5.5,1210,25607,16337,46.7,352.0
Station_01,Inv_00,20170722,15:06:00,226.5,5.6,1268,220.0,5.4,1188,25607,16337,46.9,351.0
Station_01,Inv_00,20170722,15:07:00,228.9,5.4,1236,220.0,5.2,1144,25607,16337,46.1,341.0
Station_01,Inv_00,20170722,15:08:00,234.0,5.2,1217,220.0,5.2,1144,25607,16337,46.0,336.0
Station_01,Inv_00,20170722,15:09:00,231.0,5.2,1201,220.0,5.1,1122,25607,16337,45.1,334.0
Station_01,Inv_00,20170722,15:10:00,229.0,5.4,1237,220.0,5.1,1122,25607,16337,45.4,335.0
Station_01,Inv_00,20170722,15:11:00,232.0,5.2,1206,220.0,5.1,1122,25607,16337,45.2,334.0
Station_01,Inv_00,20170722,15:12:00,233.5,4.8,1121,218.0,4.9,1068,25608,16338,44.7,318.0
Station_01,Inv_00,20170722,15:13:00,231.5,4.6,1065,218.0,4.6,1003,25608,16338,44.9,303.0
Station_01,Inv_00,20170722,15:14:00,234.0,4.6,1076,218.0,4.6,1003,25608,16338,45.0,293.0
Station_01,Inv_00,20170722,15:15:00,228.9,4.4,1007,218.0,4.4,959,25608,16338,44.6,289.0
Station_01,Inv_00,20170722,15:16:00,230.5,4.3,991,218.0,4.3,937,25608,16338,44.4,287.0
Station_01,Inv_00,20170722,15:17:00,228.5,4.5,1028,217.0,4.3,933,25608,16338,44.2,286.0
Station_01,Inv_00,20170722,15:18:00,231.4,4.3,995,217.0,4.3,933,25608,16338,43.8,286.0
Station_01,Inv_00,20170722,15:19:00,231.0,4.5,1039,217.0,4.4,955,25608,16338,43.2,291.0
Station_01,Inv_00,20170722,15:20:00,235.0,4.5,1057,217.0,4.4,955,25608,16338,43.4,290.0
Station_01,Inv_00,20170722,15:21:00,235.8,4.4,1038,218.0,4.5,981,25608,16338,43.4,292.0
Station_01,Inv_00,20170722,15:22:00,229.4,4.5,1032,218.0,4.5,981,25608,16338,43.1,293.0
Station_01,Inv_00,20170722,15:23:00,231.4,4.5,1041,217.0,4.6,998,25608,16338,43.6,295.0
Station_01,Inv_00,20170722,15:24:00,230.0,4.6,1058,216.0,4.6,994,25608,16338,43.1,299.0
Station_01,Inv_00,20170722,15:25:00,243.4,4.5,1096,216.0,4.7,1015,25608,16338,43.4,303.0
Station_01,Inv_00,20170722,15:26:00,233.5,4.7,1097,216.0,4.8,1037,25608,16338,43.1,308.0
Station_01,Inv_00,20170722,15:27:00,237.4,4.8,1139,216.0,5.0,1080,25608,16338,43.6,317.0
Station_01,Inv_00,20170722,15:28:00,238.0,5.0,1190,218.0,5.1,1112,25608,16338,44.4,341.0
Station_01,Inv_00,20170722,15:29:00,234.5,5.1,1196,219.0,5.1,1117,25608,16338,44.1,330.0
Station_01,Inv_00,20170722,15:30:00,232.0,5.5,1276,220.0,5.3,1166,25608,16338,44.5,335.0
Station_01,Inv_00,20170722,15:31:00,234.0,5.1,1193,219.0,5.1,1117,25608,16338,44.1,333.0
Station_01,Inv_00,20170722,15:32:00,236.4,4.8,1135,219.0,4.8,1051,25608,16338,44.3,312.0
Station_01,Inv_00,20170722,15:33:00,236.5,4.6,1088,219.0,4.5,986,25608,16338,44.3,298.0
Station_01,Inv_00,20170722,15:34:00,232.5,4.3,1000,219.0,4.2,920,25608,16338,43.8,283.0
Station_01,Inv_00,20170722,15:35:00,231.2,4.2,971,218.0,4.1,894,25608,16338,43.4,275.0
Station_01,Inv_00,20170722,15:36:00,227.5,4.1,933,218.0,4.0,872,25608,16338,43.3,268.0
Station_01,Inv_00,20170722,15:37:00,229.2,4.0,917,218.0,4.0,872,25608,16338,43.3,267.0
Station_01,Inv_00,20170722,15:38:00,230.0,4.0,920,218.0,3.9,850,25608,16338,42.8,263.0
Station_01,Inv_00,20170722,15:39:00,231.0,4.0,924,218.0,4.0,872,25608,16338,42.3,261.0
Station_01,Inv_00,20170722,15:40:00,229.5,4.0,918,219.0,4.0,876,25608,16338,42.0,260.0
Station_01,Inv_00,20170722,15:41:00,233.5,4.1,957,218.0,4.0,872,25608,16338,42.7,259.0
Station_01,Inv_00,20170722,15:42:00,237.0,4.0,948,218.0,4.0,872,25608,16338,42.0,259.0
Station_01,Inv_00,20170722,15:43:00,229.4,4.0,918,218.0,4.0,872,25608,16338,41.7,258.0
Station_01,Inv_00,20170722,15:44:00,233.0,3.9,909,220.0,4.0,880,25608,16338,42.4,256.0
Station_01,Inv_00,20170722,15:45:00,233.5,4.0,934,220.0,3.9,858,25608,16338,42.2,255.0
Station_01,Inv_00,20170722,15:46:00,232.5,3.9,907,218.0,3.9,850,25608,16338,42.3,254.0
Station_01,Inv_00,20170722,15:47:00,235.5,3.9,918,219.0,3.9,854,25608,16338,42.2,253.0
Station_01,Inv_00,20170722,15:48:00,235.0,3.8,893,219.0,3.9,854,25608,16338,42.1,253.0
Station_01,Inv_00,20170722,15:49:00,231.5,3.8,880,218.0,3.8,828,25608,16338,41.9,251.0
Station_01,Inv_00,20170722,15:50:00,235.0,3.8,893,219.0,3.9,854,25608,16338,41.6,253.0
Station_01,Inv_00,20170722,15:51:00,229.8,3.8,873,218.0,3.7,807,25608,16338,41.2,242.0
Station_01,Inv_00,20170722,15:52:00,233.5,3.7,864,219.0,3.7,810,25608,16338,41.3,237.0
Station_01,Inv_00,20170722,15:53:00,235.0,3.5,823,219.0,3.6,788,25608,16338,41.4,233.0
Station_01,Inv_00,20170722,15:54:00,235.4,3.4,800,220.0,3.6,792,25608,16338,41.5,228.0
Station_01,Inv_00,20170722,15:55:00,235.4,3.4,800,220.0,3.5,770,25608,16338,41.3,225.0
Station_01,Inv_00,20170722,15:56:00,228.5,3.3,754,219.0,3.5,767,25608,16338,40.9,221.0
Station_01,Inv_00,20170722,15:57:00,234.5,3.3,774,218.0,3.4,741,25608,16338,40.6,218.0
Station_01,Inv_00,20170722,15:58:00,231.5,3.2,741,218.0,3.3,719,25608,16338,40.9,214.0
Station_01,Inv_00,20170722,15:59:00,232.4,3.3,767,218.0,3.3,719,25608,16338,40.8,212.0
Station_01,Inv_00,20170722,16:00:00,236.5,3.2,757,218.0,3.3,719,25608,16338,40.8,210.0
Station_01,Inv_00,20170722,16:01:00,238.2,3.2,762,218.0,3.3,719,25608,16338,40.5,210.0
Station_01,Inv_00,20170722,16:02:00,235.0,3.2,752,218.0,3.3,719,25608,16338,39.8,210.0
Station_01,Inv_00,20170722,16:03:00,233.5,3.1,724,218.0,3.2,698,25608,16338,39.8,209.0
Station_01,Inv_00,20170722,16:04:00,234.5,3.2,750,218.0,3.2,698,25608,16338,39.6,209.0
Station_01,Inv_00,20170722,16:05:00,234.5,3.2,750,219.0,3.2,701,25608,16338,39.7,208.0
Station_01,Inv_00,20170722,16:06:00,236.0,3.2,755,218.0,3.2,698,25608,16338,39.6,208.0
Station_01,Inv_00,20170722,16:07:00,237.5,3.0,713,219.0,3.2,701,25608,16338,38.9,209.0
Station_01,Inv_00,20170722,16:08:00,236.0,3.0,708,218.0,3.2,698,25608,16338,39.5,206.0
Station_01,Inv_00,20170722,16:09:00,237.0,3.1,735,218.0,3.1,676,25608,16338,39.3,208.0
Station_01,Inv_00,20170722,16:10:00,223.0,3.0,669,219.0,3.1,679,25608,16338,39.2,203.0
Station_01,Inv_00,20170722,16:11:00,236.0,2.9,684,219.0,3.1,679,25608,16338,39.3,200.0
Station_01,Inv_00,20170722,16:12:00,237.5,3.0,712,219.0,3.1,679,25608,16338,39.0,198.0
Station_01,Inv_00,20170722,16:13:00,230.5,3.0,692,218.0,3.0,654,25608,16338,38.9,197.0
Station_01,Inv_00,20170722,16:14:00,229.4,3.0,688,219.0,3.0,657,25608,16338,39.4,194.0
Station_01,Inv_00,20170722,16:15:00,221.0,3.0,663,219.0,2.9,635,25608,16338,39.1,194.0
Station_01,Inv_00,20170722,16:16:00,236.0,2.9,684,219.0,2.9,635,25608,16338,39.0,193.0
Station_01,Inv_00,20170722,16:17:00,237.5,2.9,689,219.0,3.0,657,25609,16339,39.1,191.0
Station_01,Inv_00,20170722,16:18:00,232.0,2.8,650,218.0,2.9,632,25609,16339,38.9,191.0
Station_01,Inv_00,20170722,16:19:00,239.0,2.8,669,219.0,2.9,635,25609,16339,38.9,190.0
Station_01,Inv_00,20170722,16:20:00,235.0,2.8,658,218.0,2.9,632,25609,16339,39.0,187.0
Station_01,Inv_00,20170722,16:21:00,241.0,2.6,627,218.0,2.9,632,25609,16339,39.1,187.0
Station_01,Inv_00,20170722,16:22:00,237.5,2.8,665,219.0,2.8,613,25609,16339,39.1,185.0
Station_01,Inv_00,20170722,16:23:00,237.5,2.8,665,220.0,2.8,616,25609,16339,39.0,185.0
Station_01,Inv_00,20170722,16:24:00,234.5,2.8,657,220.0,2.9,638,25609,16339,38.8,185.0
Station_01,Inv_00,20170722,16:25:00,231.5,2.8,648,219.0,2.8,613,25609,16339,39.0,184.0
Station_01,Inv_00,20170722,16:26:00,234.9,2.8,658,220.0,2.8,616,25609,16339,39.3,183.0
Station_01,Inv_00,20170722,16:27:00,237.0,2.7,640,221.0,2.8,619,25609,16339,39.3,181.0
Station_01,Inv_00,20170722,16:28:00,236.0,2.6,614,218.0,2.7,589,25609,16339,39.2,180.0
Station_01,Inv_00,20170722,16:29:00,235.9,2.7,637,218.0,2.7,589,25609,16339,39.2,179.0
Station_01,Inv_00,20170722,16:30:00,234.4,2.7,633,218.0,2.7,589,25609,16339,38.8,178.0
Station_01,Inv_00,20170722,16:31:00,232.4,2.7,628,218.0,2.7,589,25609,16339,39.0,176.0
Station_01,Inv_00,20170722,16:32:00,236.2,2.6,614,218.0,2.6,567,25609,16339,38.8,174.0
Station_01,Inv_00,20170722,16:33:00,232.8,2.6,605,217.0,2.6,564,25609,16339,38.8,173.0
Station_01,Inv_00,20170722,16:34:00,240.5,2.5,601,217.0,2.6,564,25609,16339,38.4,171.0
Station_01,Inv_00,20170722,16:35:00,235.2,2.4,565,218.0,2.5,545,25609,16339,38.3,168.0
Station_01,Inv_00,20170722,16:36:00,236.5,2.5,591,218.0,2.5,545,25609,16339,38.3,166.0
Station_01,Inv_00,20170722,16:37:00,233.0,2.5,583,217.0,2.5,543,25609,16339,38.1,164.0
Station_01,Inv_00,20170722,16:38:00,235.4,2.4,565,218.0,2.5,545,25609,16339,37.9,162.0
Station_01,Inv_00,20170722,16:39:00,233.5,2.4,560,218.0,2.4,523,25609,16339,38.0,160.0
Station_01,Inv_00,20170722,16:40:00,232.5,2.4,558,217.0,2.4,521,25609,16339,37.8,157.0
Station_01,Inv_00,20170722,16:41:00,229.0,2.2,504,217.0,2.3,499,25609,16339,37.9,153.0
Station_01,Inv_00,20170722,16:42:00,234.5,2.2,516,218.0,2.2,480,25609,16339,37.6,150.0
Station_01,Inv_00,20170722,16:43:00,229.7,2.2,505,217.0,2.2,477,25609,16339,37.2,146.0
Station_01,Inv_00,20170722,16:44:00,227.3,2.0,455,217.0,2.1,456,25609,16339,37.3,142.0
Station_01,Inv_00,20170722,16:45:00,234.5,2.0,469,217.0,2.1,456,25609,16339,37.1,140.0
Station_01,Inv_00,20170722,16:46:00,232.5,2.0,465,217.0,2.0,434,25609,16339,37.1,138.0
Station_01,Inv_00,20170722,16:47:00,231.0,2.0,462,218.0,2.0,436,25609,16339,37.1,136.0
Station_01,Inv_00,20170722,16:48:00,220.5,2.0,441,218.0,2.0,436,25609,16339,37.2,134.0
Station_01,Inv_00,20170722,16:49:00,234.5,2.0,469,218.0,2.0,436,25609,16339,36.9,134.0
Station_01,Inv_00,20170722,16:50:00,232.5,1.8,419,218.0,2.0,436,25609,16339,36.7,131.0
Station_01,Inv_00,20170722,16:51:00,234.0,1.8,421,218.0,1.9,414,25609,16339,36.6,128.0
Station_01,Inv_00,20170722,16:52:00,232.5,1.7,395,217.0,1.9,412,25609,16339,36.5,126.0
Station_01,Inv_00,20170722,16:53:00,231.0,1.8,416,218.0,1.8,392,25609,16339,36.4,123.0
Station_01,Inv_00,20170722,16:54:00,216.0,1.8,389,218.0,1.7,371,25609,16339,36.4,119.0
Station_01,Inv_00,20170722,16:55:00,233.5,1.6,374,218.0,1.6,349,25609,16339,36.1,114.0
Station_01,Inv_00,20170722,16:56:00,236.0,1.5,354,218.0,1.6,349,25609,16339,36.0,111.0
Station_01,Inv_00,20170722,16:57:00,236.6,1.4,331,217.0,1.5,326,25609,16339,36.0,107.0
Station_01,Inv_00,20170722,16:58:00,225.0,1.5,338,216.0,1.5,324,25609,16339,35.9,104.0
Station_01,Inv_00,20170722,16:59:00,233.9,1.4,327,217.0,1.5,326,25609,16339,35.9,102.0
Station_01,Inv_00,20170722,17:00:00,234.0,1.3,304,217.0,1.5,326,25609,16339,35.4,101.0
Station_01,Inv_00,20170722,17:01:00,225.0,1.3,293,216.0,1.4,302,25609,16339,35.3,99.0
Station_01,Inv_00,20170722,17:02:00,226.5,1.3,294,217.0,1.4,304,25609,16339,35.3,97.0
Station_01,Inv_00,20170722,17:03:00,231.0,1.2,277,217.0,1.3,282,25609,16339,35.2,93.0
Station_01,Inv_00,20170722,17:04:00,231.5,1.2,278,217.0,1.3,282,25609,16339,35.1,90.0
Station_01,Inv_00,20170722,17:05:00,228.2,1.2,274,218.0,1.2,262,25609,16339,35.0,87.0
Station_01,Inv_00,20170722,17:06:00,225.5,1.1,248,218.0,1.2,262,25609,16339,35.1,84.0
Station_01,Inv_00,20170722,17:07:00,213.4,1.1,235,218.0,1.1,240,25609,16339,35.1,83.0
Station_01,Inv_00,20170722,17:08:00,229.4,1.1,252,218.0,1.2,262,25609,16339,35.0,81.0
Station_01,Inv_00,20170722,17:09:00,220.7,1.1,243,219.0,1.1,241,25609,16339,34.9,81.0
Station_01,Inv_00,20170722,17:10:00,229.5,1.1,252,219.0,1.1,241,25609,16339,34.8,80.0
Station_01,Inv_00,20170722,17:11:00,224.0,1.0,224,218.0,1.1,240,25609,16339,34.6,78.0
Station_01,Inv_00,20170722,17:12:00,230.4,0.9,207,218.0,1.0,218,25609,16339,34.6,75.0
Station_01,Inv_00,20170722,17:13:00,223.6,0.9,201,217.0,1.0,217,25609,16339,34.6,72.0
Station_01,Inv_00,20170722,17:14:00,199.9,0.9,180,217.0,1.0,217,25609,16339,34.5,70.0
Station_01,Inv_00,20170722,17:15:00,191.0,0.8,153,217.0,0.9,195,25609,16339,34.3,68.0
Station_01,Inv_00,20170722,17:16:00,223.8,0.8,179,217.0,1.0,217,25609,16339,34.3,66.0
Station_01,Inv_00,20170722,17:17:00,218.0,0.8,174,217.0,1.0,217,25609,16339,34.3,65.0
Station_01,Inv_00,20170722,17:18:00,222.8,0.8,178,217.0,0.9,195,25609,16339,34.2,64.0
Station_01,Inv_00,20170722,17:19:00,167.4,0.8,134,218.0,0.7,153,25609,16339,34.2,63.0
Station_01,Inv_00,20170722,17:20:00,225.0,0.7,158,218.0,0.9,196,25609,16339,34.1,61.0
Station_01,Inv_00,20170722,17:21:00,226.0,0.6,136,217.0,0.8,174,25609,16339,34.1,59.0
Station_01,Inv_00,20170722,17:22:00,215.0,0.6,129,217.0,0.7,152,25609,16339,34.0,56.0
Station_01,Inv_00,20170722,17:23:00,220.5,0.6,132,218.0,0.7,153,25609,16339,33.8,54.0
Station_01,Inv_00,20170722,17:24:00,211.0,0.6,127,217.0,0.7,152,25609,16339,33.9,53.0
Station_01,Inv_00,20170722,17:25:00,223.0,0.6,134,217.0,0.7,152,25609,16339,33.8,53.0
Station_01,Inv_00,20170722,17:26:00,201.0,0.6,121,217.0,0.7,152,25609,16339,33.7,53.0
Station_01,Inv_00,20170722,17:27:00,211.5,0.6,127,217.0,0.7,152,25609,16339,33.7,54.0
Station_01,Inv_00,20170722,17:28:00,209.5,0.6,126,217.0,0.7,152,25609,16339,33.7,54.0
Station_01,Inv_00,20170722,17:29:00,228.0,0.6,137,218.0,0.7,153,25609,16339,33.6,54.0
Station_01,Inv_00,20170722,17:30:00,220.0,0.6,132,218.0,0.7,153,25609,16339,33.5,54.0
Station_01,Inv_00,20170722,17:31:00,228.0,0.6,137,217.0,0.7,152,25609,16339,33.5,55.0
Station_01,Inv_00,20170722,17:32:00,215.0,0.6,129,217.0,0.7,152,25609,16339,33.5,55.0
Station_01,Inv_00,20170722,17:33:00,221.0,0.6,133,217.0,0.7,152,25609,16339,33.5,55.0
Station_01,Inv_00,20170722,17:34:00,218.0,0.6,131,217.0,0.8,174,25609,16339,33.3,56.0
Station_01,Inv_00,20170722,17:35:00,221.0,0.6,133,218.0,0.7,153,25609,16339,33.4,56.0
Station_01,Inv_00,20170722,17:36:00,223.5,0.6,134,217.0,0.7,152,25609,16339,33.4,55.0
Station_01,Inv_00,20170722,17:37:00,215.7,0.6,129,217.0,0.7,152,25609,16339,33.3,54.0
Station_01,Inv_00,20170722,17:38:00,220.5,0.6,132,217.0,0.7,152,25609,16339,33.3,53.0
Station_01,Inv_00,20170722,17:39:00,198.5,0.6,119,217.0,0.6,130,25609,16339,33.3,52.0
Station_01,Inv_00,20170722,17:40:00,217.0,0.6,130,217.0,0.7,152,25609,16339,33.3,52.0
Station_01,Inv_00,20170722,17:41:00,216.4,0.5,108,217.0,0.6,130,25609,16339,33.3,51.0
Station_01,Inv_00,20170722,17:42:00,223.5,0.6,134,216.0,0.6,130,25609,16339,33.2,50.0
Station_01,Inv_00,20170722,17:43:00,222.4,0.5,111,216.0,0.6,130,25609,16339,33.1,49.0
Station_01,Inv_00,20170722,17:44:00,212.4,0.5,106,216.0,0.6,130,25609,16339,33.1,48.0
Station_01,Inv_00,20170722,17:45:00,214.0,0.4,86,217.0,0.5,109,25609,16339,33.1,47.0
Station_01,Inv_00,20170722,17:46:00,184.5,0.4,74,217.0,0.5,109,25609,16339,33.0,46.0
Station_01,Inv_00,20170722,17:47:00,208.5,0.4,83,217.0,0.5,109,25609,16339,32.9,45.0
Station_01,Inv_00,20170722,17:48:00,207.0,0.4,83,216.0,0.5,108,25609,16339,32.9,44.0
Station_01,Inv_00,20170722,17:49:00,191.0,0.4,76,218.0,0.5,109,25609,16339,32.9,43.0
Station_01,Inv_00,20170722,17:50:00,196.0,0.4,78,218.0,0.5,109,25609,16339,32.8,43.0
Station_01,Inv_00,20170722,17:51:00,216.5,0.4,87,218.0,0.5,109,25609,16339,32.8,43.0
Station_01,Inv_00,20170722,17:52:00,198.0,0.4,79,217.0,0.5,109,25609,16339,32.7,43.0
Station_01,Inv_00,20170722,17:53:00,181.3,0.4,73,218.0,0.5,109,25609,16339,32.7,42.0
Station_01,Inv_00,20170722,17:54:00,212.0,0.4,85,218.0,0.5,109,25609,16339,32.6,44.0
Station_01,Inv_00,20170722,17:55:00,213.0,0.4,85,216.0,0.5,108,25609,16339,32.6,43.0
Station_01,Inv_00,20170722,17:56:00,201.0,0.4,80,218.0,0.5,109,25609,16339,32.5,41.0
Station_01,Inv_00,20170722,17:57:00,206.0,0.4,82,217.0,0.5,109,25609,16339,32.4,40.0
Station_01,Inv_00,20170722,17:58:00,218.3,0.3,66,218.0,0.5,109,25609,16339,32.4,39.0
Station_01,Inv_00,20170722,17:59:00,176.0,0.4,70,218.0,0.5,109,25609,16339,32.3,38.0
Station_01,Inv_00,20170722,18:00:00,207.0,0.3,62,219.0,0.5,110,25609,16339,32.3,37.0
Station_01,Inv_00,20170722,18:01:00,196.0,0.2,39,218.0,0.5,109,25609,16339,32.2,36.0
Station_01,Inv_00,20170722,18:02:00,172.5,0.2,35,218.0,0.4,87,25609,16339,32.1,35.0
Station_01,Inv_00,20170722,18:03:00,181.0,0.3,54,216.0,0.5,108,25609,16339,32.1,42.0
Station_01,Inv_00,20170722,18:04:00,201.7,0.3,61,217.0,0.4,87,25609,16339,32.0,35.0
Station_01,Inv_00,20170722,18:05:00,198.0,0.3,59,217.0,0.4,87,25609,16339,32.0,38.0
Station_01,Inv_00,20170722,18:06:00,182.7,0.3,55,217.0,0.5,109,25609,16339,32.0,36.0
Station_01,Inv_00,20170722,18:07:00,182.5,0.2,37,217.0,0.4,87,25609,16339,31.9,34.0
Station_01,Inv_00,20170722,18:08:00,224.5,0.2,45,217.0,0.4,87,25609,16339,31.9,33.0
Station_01,Inv_00,20170722,18:09:00,195.0,0.3,59,217.0,0.4,87,25609,16339,31.9,33.0
Station_01,Inv_00,20170722,18:10:00,199.0,0.1,20,217.0,0.4,87,25609,16339,31.9,33.0
Station_01,Inv_00,20170722,18:11:00,203.0,0.1,20,217.0,0.4,87,25609,16339,31.8,30.0
Station_01,Inv_00,20170722,18:12:00,219.5,0.2,44,218.0,0.4,87,25609,16339,31.8,29.0
Station_01,Inv_00,20170722,18:13:00,212.5,0.2,43,218.0,0.4,87,25609,16339,31.8,29.0
Station_01,Inv_00,20170722,18:14:00,179.5,0.2,36,217.0,0.4,87,25609,16339,31.8,28.0
Station_01,Inv_00,20170722,18:15:00,184.0,0.1,18,217.0,0.4,87,25609,16339,31.7,27.0
Station_01,Inv_00,20170722,18:16:00,0.0,0.0,0,217.0,0.4,87,25609,16339,31.7,26.0
Station_01,Inv_00,20170722,18:17:00,195.0,0.2,39,216.0,0.4,86,25609,16339,31.7,25.0
Station_01,Inv_00,20170722,18:18:00,0.0,0.0,0,217.0,0.4,87,25609,16339,31.7,25.0
Station_01,Inv_00,20170722,18:19:00,0.0,0.0,0,216.0,0.4,86,25609,16339,31.6,24.0
Station_01,Inv_00,20170722,18:20:00,0.0,0.0,0,222.0,0.5,111,25609,16339,31.6,23.0
Station_01,Inv_00,20170722,18:21:00,0.0,0.0,0,0.0,0.0,0,25609,16339,31.6,23.0
Station_01,Inv_00,20170722,18:22:00,0.0,0.0,0,0.0,0.0,0,25609,16339,31.6,22.0
Station_01,Inv_00,20170722,18:23:00,0.0,0.0,0,0.0,0.0,0,25609,16339,31.5,22.0
Station_01,Inv_00,20170722,18:24:00,0.0,0.0,0,222.0,0.1,22,25609,16339,31.6,584.0
Station_01,Inv_00,20170722,18:25:00,0.0,0.0,0,222.0,0.1,22,25609,16339,31.5,21.0
Station_01,Inv_00,20170722,18:26:00,0.0,0.0,0,222.0,0.1,22,25609,16339,31.5,22.0
Station_01,Inv_00,20170722,18:27:00,0.0,0.0,0,222.0,0.1,22,25609,16339,31.5,21.0
Station_01,Inv_00,20170722,18:28:00,0.0,0.0,0,222.0,0.1,22,25609,16339,31.4,22.0
Station_01,Inv_00,20170722,18:29:00,0.0,0.0,0,222.0,0.1,22,25609,16339,31.4,21.0
Station_01,Inv_00,20170722,18:30:00,0.0,0.0,0,222.0,0.1,22,25609,16339,31.4,21.0
Station_01,Inv_00,20170722,18:31:00,0.0,0.0,0,222.0,0.1,22,25609,16339,31.4,21.0
Station_01,Inv_00,20170722,18:32:00,0.0,0.0,0,222.0,0.1,22,25609,16339,31.3,20.0
Station_01,Inv_00,20170722,18:33:00,0.0,0.0,0,222.0,0.1,22,25609,16339,31.3,579.0
Station_01,Inv_00,20170722,18:34:00,0.0,0.0,0,222.0,0.1,22,25609,16339,31.3,20.0
Station_01,Inv_00,20170722,18:35:00,0.0,0.0,0,222.0,0.1,22,25609,16339,31.3,19.0
Station_01,Inv_00,20170722,18:36:00,0.0,0.0,0,222.0,0.1,22,25609,16339,31.3,19.0
Station_01,Inv_00,20170722,18:37:00,0.0,0.0,0,222.0,0.1,22,25609,16339,31.3,19.0
Station_01,Inv_00,20170722,18:38:00,0.0,0.0,0,222.0,0.1,22,25609,16339,31.2,19.0
Station_01,Inv_00,20170722,18:39:00,0.0,0.0,0,222.0,0.1,22,25609,16339,31.2,19.0
Station_01,Inv_00,20170722,18:40:00,0.0,0.0,0,222.0,0.1,22,25609,16339,31.1,19.0
Station_01,Inv_00,20170722,18:41:00,0.0,0.0,0,222.0,0.1,22,25609,16339,31.1,19.0
Station_01,Inv_00,20170722,18:42:00,0.0,0.0,0,222.0,0.1,22,25609,16339,31.0,18.0
Station_01,Inv_00,20170722,18:43:00,0.0,0.0,0,222.0,0.1,22,25609,16339,31.0,18.0
Station_01,Inv_00,20170722,18:44:00,0.0,0.0,0,222.0,0.1,22,25609,16339,31.0,18.0
Station_01,Inv_00,20170722,18:45:00,0.0,0.0,0,222.0,0.1,22,25609,16339,31.0,18.0
Station_01,Inv_00,20170722,18:46:00,0.0,0.0,0,222.0,0.1,22,25609,16339,31.0,18.0
Station_01,Inv_00,20170722,18:47:00,0.0,0.0,0,222.0,0.1,22,25609,16339,30.9,19.0
Station_01,Inv_00,20170722,18:48:00,0.0,0.0,0,222.0,0.1,22,25609,16339,30.9,18.0
Station_01,Inv_00,20170722,18:49:00,0.0,0.0,0,222.0,0.1,22,25609,16339,30.8,18.0
Station_01,Inv_00,20170722,18:50:00,0.0,0.0,0,222.0,0.1,22,25609,16339,30.9,18.0
Station_01,Inv_00,20170722,18:51:00,0.0,0.0,0,222.0,0.1,22,25609,16339,30.8,18.0
Station_01,Inv_00,20170722,18:52:00,0.0,0.0,0,222.0,0.1,22,25609,16339,30.7,18.0
Station_01,Inv_00,20170722,18:53:00,0.0,0.0,0,222.0,0.1,22,25609,16339,30.7,18.0
Station_01,Inv_00,20170722,18:54:00,0.0,0.0,0,222.0,0.1,22,25609,16339,30.8,18.0
Station_01,Inv_00,20170722,18:55:00,0.0,0.0,0,222.0,0.1,22,25609,16339,30.7,18.0
Station_01,Inv_00,20170722,18:56:00,0.0,0.0,0,222.0,0.1,22,25609,16339,30.6,17.0
Station_01,Inv_00,20170722,18:57:00,0.0,0.0,0,222.0,0.1,22,25609,16339,30.6,17.0
Station_01,Inv_00,20170722,18:58:00,0.0,0.0,0,222.0,0.1,22,25609,16339,30.6,17.0
Station_01,Inv_00,20170722,18:59:00,0.0,0.0,0,222.0,0.1,22,25609,16339,30.5,17.0
Station_01,Inv_00,20170722,19:00:00,0.0,0.0,0,222.0,0.1,22,25609,16339,30.5,17.0
Station_01,Inv_00,20170722,19:01:00,0.0,0.0,0,222.0,0.1,22,25609,16339,30.4,17.0
Station_01,Inv_00,20170722,19:02:00,0.0,0.0,0,222.0,0.1,22,25609,16339,30.4,17.0
Station_01,Inv_00,20170722,19:03:00,0.0,0.0,0,222.0,0.1,22,25609,16339,30.4,17.0
Station_01,Inv_00,20170722,19:04:00,0.0,0.0,0,222.0,0.1,22,25609,16339,30.3,17.0
Station_01,Inv_00,20170722,19:05:00,0.0,0.0,0,222.0,0.1,22,25609,16339,30.3,17.0
Station_01,Inv_00,20170722,19:06:00,0.0,0.0,0,222.0,0.1,22,25609,16339,30.3,17.0
Station_01,Inv_00,20170722,19:07:00,0.0,0.0,0,222.0,0.1,22,25609,16339,30.2,17.0
Station_01,Inv_00,20170722,19:08:00,0.0,0.0,0,222.0,0.1,22,25609,16339,30.2,17.0
Station_01,Inv_00,20170722,19:09:00,0.0,0.0,0,222.0,0.1,22,25609,16339,30.2,17.0
Station_01,Inv_00,20170722,19:10:00,0.0,0.0,0,222.0,0.1,22,25609,16339,30.1,17.0
Station_01,Inv_00,20170722,19:11:00,0.0,0.0,0,222.0,0.1,22,25609,16339,30.1,17.0
Station_01,Inv_00,20170722,19:12:00,0.0,0.0,0,222.0,0.1,22,25609,16339,30.2,18.0
Station_01,Inv_00,20170722,19:13:00,0.0,0.0,0,222.0,0.1,22,25609,16339,30.1,17.0
Station_01,Inv_00,20170722,19:14:00,0.0,0.0,0,222.0,0.1,22,25609,16339,30.1,17.0
Station_01,Inv_00,20170722,19:15:00,0.0,0.0,0,222.0,0.1,22,25609,16339,30.1,17.0
Station_01,Inv_00,20170722,19:16:00,0.0,0.0,0,222.0,0.1,22,25609,16339,30.1,18.0
Station_01,Inv_00,20170722,19:17:00,0.0,0.0,0,222.0,0.1,22,25609,16339,30.1,18.0
Station_01,Inv_00,20170722,19:18:00,0.0,0.0,0,222.0,0.1,22,25609,16339,30.0,18.0
Station_01,Inv_00,20170722,19:19:00,0.0,0.0,0,222.0,0.1,22,25609,16339,30.0,18.0
Station_01,Inv_00,20170722,19:20:00,0.0,0.0,0,222.0,0.1,22,25609,16339,29.9,18.0
Station_01,Inv_00,20170722,19:21:00,0.0,0.0,0,222.0,0.1,22,25609,16339,30.0,17.0
Station_01,Inv_00,20170722,19:22:00,0.0,0.0,0,222.0,0.1,22,25609,16339,30.0,18.0
Station_01,Inv_00,20170722,19:23:00,0.0,0.0,0,222.0,0.1,22,25609,16339,30.0,18.0
Station_01,Inv_00,20170722,19:24:00,0.0,0.0,0,222.0,0.1,22,25609,16339,30.0,18.0
Station_01,Inv_00,20170722,19:25:00,0.0,0.0,0,222.0,0.1,22,25609,16339,29.9,18.0
Station_01,Inv_00,20170722,19:26:00,0.0,0.0,0,222.0,0.1,22,25609,16339,30.0,18.0
Station_01,Inv_00,20170722,19:27:00,0.0,0.0,0,222.0,0.1,22,25609,16339,29.9,18.0
Station_01,Inv_00,20170722,19:28:00,0.0,0.0,0,222.0,0.1,22,25609,16339,30.0,18.0
Station_01,Inv_00,20170722,19:29:00,0.0,0.0,0,222.0,0.1,22,25609,16339,29.9,18.0
Station_01,Inv_00,20170722,19:30:00,0.0,0.0,0,222.0,0.1,22,25609,16339,29.9,18.0
Station_01,Inv_00,20170722,19:31:00,0.0,0.0,0,222.0,0.1,22,25609,16339,29.9,18.0
Station_01,Inv_00,20170722,19:32:00,0.0,0.0,0,222.0,0.1,22,25609,16339,29.9,18.0
Station_01,Inv_00,20170722,19:33:00,0.0,0.0,0,222.0,0.1,22,25609,16339,29.9,18.0
Station_01,Inv_00,20170722,19:34:00,0.0,0.0,0,222.0,0.1,22,25609,16339,29.9,18.0
Station_01,Inv_00,20170722,19:35:00,0.0,0.0,0,222.0,0.1,22,25609,16339,29.9,19.0
Station_01,Inv_00,20170722,19:36:00,0.0,0.0,0,222.0,0.1,22,25609,16339,29.8,18.0
Station_01,Inv_00,20170722,19:37:00,0.0,0.0,0,222.0,0.1,22,25609,16339,29.8,18.0
Station_01,Inv_00,20170722,19:38:00,0.0,0.0,0,222.0,0.1,22,25609,16339,29.9,18.0
Station_01,Inv_00,20170722,19:39:00,0.0,0.0,0,222.0,0.1,22,25609,16339,29.8,18.0
Station_01,Inv_00,20170722,19:40:00,0.0,0.0,0,222.0,0.1,22,25609,16339,29.7,18.0
Station_01,Inv_00,20170722,19:41:00,0.0,0.0,0,222.0,0.1,22,25609,16339,29.7,18.0
Station_01,Inv_00,20170722,19:42:00,0.0,0.0,0,222.0,0.1,22,25609,16339,29.7,18.0
Station_01,Inv_00,20170722,19:43:00,0.0,0.0,0,222.0,0.1,22,25609,16339,29.7,18.0
Station_01,Inv_00,20170722,19:44:00,0.0,0.0,0,222.0,0.1,22,25609,16339,29.6,18.0
Station_01,Inv_00,20170722,19:45:00,0.0,0.0,0,222.0,0.1,22,25609,16339,29.6,18.0
Station_01,Inv_00,20170722,19:46:00,0.0,0.0,0,222.0,0.1,22,25609,16339,29.6,18.0
Station_01,Inv_00,20170722,19:47:00,0.0,0.0,0,222.0,0.1,22,25609,16339,29.6,18.0
Station_01,Inv_00,20170722,19:48:00,0.0,0.0,0,222.0,0.1,22,25609,16339,29.5,18.0
Station_01,Inv_00,20170722,19:49:00,0.0,0.0,0,222.0,0.1,22,25609,16339,29.6,18.0
Station_01,Inv_00,20170722,19:50:00,0.0,0.0,0,222.0,0.1,22,25609,16339,29.6,18.0
Station_01,Inv_00,20170722,19:51:00,0.0,0.0,0,222.0,0.1,22,25609,16339,29.5,18.0
Station_01,Inv_00,20170722,19:52:00,0.0,0.0,0,222.0,0.1,22,25609,16339,29.6,18.0
Station_01,Inv_00,20170722,19:53:00,0.0,0.0,0,222.0,0.1,22,25609,16339,29.5,18.0
Station_01,Inv_00,20170722,19:54:00,0.0,0.0,0,222.0,0.1,22,25609,16339,29.5,18.0
Station_01,Inv_00,20170722,19:55:00,0.0,0.0,0,222.0,0.1,22,25609,16339,29.5,18.0
Station_01,Inv_00,20170722,19:56:00,0.0,0.0,0,222.0,0.1,22,25609,16339,29.5,18.0
Station_01,Inv_00,20170722,19:57:00,0.0,0.0,0,222.0,0.1,22,25609,16339,29.5,18.0
Station_01,Inv_00,20170722,19:58:00,0.0,0.0,0,222.0,0.1,22,25609,16339,29.5,18.0
Station_01,Inv_00,20170722,19:59:00,0.0,0.0,0,222.0,0.1,22,25609,16339,29.5,18.0
Station_01,Inv_00,20170722,20:00:00,0.0,0.0,0,222.0,0.1,22,25609,16339,29.5,18.0
