Station_01,Inv_00,20170809,05:00:00,0.0,0.0,0,221.0,0.2,44,25859,16498,26.6,17.0
Station_01,Inv_00,20170809,05:01:00,0.0,0.0,0,221.0,0.2,44,25859,16498,26.5,17.0
Station_01,Inv_00,20170809,05:02:00,0.0,0.0,0,221.0,0.2,44,25859,16498,26.7,17.0
Station_01,Inv_00,20170809,05:03:00,0.0,0.0,0,221.0,0.2,44,25859,16498,26.6,18.0
Station_01,Inv_00,20170809,05:04:00,0.0,0.0,0,221.0,0.2,44,25859,16498,26.7,18.0
Station_01,Inv_00,20170809,05:05:00,0.0,0.0,0,221.0,0.2,44,25859,16498,26.7,18.0
Station_01,Inv_00,20170809,05:06:00,0.0,0.0,0,221.0,0.2,44,25859,16498,26.8,18.0
Station_01,Inv_00,20170809,05:07:00,0.0,0.0,0,221.0,0.2,44,25859,16498,26.7,18.0
Station_01,Inv_00,20170809,05:08:00,0.0,0.0,0,221.0,0.2,44,25859,16498,26.8,18.0
Station_01,Inv_00,20170809,05:09:00,0.0,0.0,0,221.0,0.2,44,25859,16498,26.8,18.0
Station_01,Inv_00,20170809,05:10:00,0.0,0.0,0,221.0,0.2,44,25859,16498,26.9,18.0
Station_01,Inv_00,20170809,05:11:00,0.0,0.0,0,221.0,0.2,44,25859,16498,26.8,18.0
Station_01,Inv_00,20170809,05:12:00,0.0,0.0,0,221.0,0.2,44,25859,16498,26.9,18.0
Station_01,Inv_00,20170809,05:13:00,0.0,0.0,0,221.0,0.2,44,25859,16498,26.9,18.0
Station_01,Inv_00,20170809,05:14:00,0.0,0.0,0,221.0,0.2,44,25859,16498,26.8,18.0
Station_01,Inv_00,20170809,05:15:00,0.0,0.0,0,221.0,0.2,44,25859,16498,26.8,18.0
Station_01,Inv_00,20170809,05:16:00,0.0,0.0,0,221.0,0.2,44,25859,16498,26.8,19.0
Station_01,Inv_00,20170809,05:17:00,0.0,0.0,0,221.0,0.2,44,25859,16498,26.8,19.0
Station_01,Inv_00,20170809,05:18:00,0.0,0.0,0,221.0,0.2,44,25859,16498,26.8,19.0
Station_01,Inv_00,20170809,05:19:00,0.0,0.0,0,221.0,0.2,44,25859,16498,26.7,19.0
Station_01,Inv_00,20170809,05:20:00,0.0,0.0,0,221.0,0.2,44,25859,16498,26.7,19.0
Station_01,Inv_00,20170809,05:21:00,0.0,0.0,0,221.0,0.2,44,25859,16498,26.7,19.0
Station_01,Inv_00,20170809,05:22:00,0.0,0.0,0,221.0,0.2,44,25859,16498,26.8,19.0
Station_01,Inv_00,20170809,05:23:00,0.0,0.0,0,221.0,0.2,44,25859,16498,26.7,19.0
Station_01,Inv_00,20170809,05:24:00,0.0,0.0,0,221.0,0.2,44,25859,16498,26.8,19.0
Station_01,Inv_00,20170809,05:25:00,0.0,0.0,0,221.0,0.2,44,25859,16498,26.8,19.0
Station_01,Inv_00,20170809,05:26:00,0.0,0.0,0,221.0,0.2,44,25859,16498,26.8,19.0
Station_01,Inv_00,20170809,05:27:00,0.0,0.0,0,221.0,0.2,44,25859,16498,26.8,19.0
Station_01,Inv_00,20170809,05:28:00,0.0,0.0,0,221.0,0.2,44,25859,16498,26.8,20.0
Station_01,Inv_00,20170809,05:29:00,0.0,0.0,0,221.0,0.2,44,25859,16498,26.8,20.0
Station_01,Inv_00,20170809,05:30:00,0.0,0.0,0,221.0,0.2,44,25859,16498,26.8,20.0
Station_01,Inv_00,20170809,05:31:00,0.0,0.0,0,221.0,0.2,44,25859,16498,26.8,21.0
Station_01,Inv_00,20170809,05:32:00,0.0,0.0,0,221.0,0.2,44,25859,16498,26.9,21.0
Station_01,Inv_00,20170809,05:33:00,0.0,0.0,0,221.0,0.2,44,25859,16498,26.8,22.0
Station_01,Inv_00,20170809,05:34:00,0.0,0.0,0,221.0,0.2,44,25859,16498,26.9,23.0
Station_01,Inv_00,20170809,05:35:00,0.0,0.0,0,221.0,0.2,44,25859,16498,26.9,25.0
Station_01,Inv_00,20170809,05:36:00,0.0,0.0,0,221.0,0.2,44,25859,16498,27.0,25.0
Station_01,Inv_00,20170809,05:37:00,0.0,0.0,0,221.0,0.2,44,25859,16498,27.0,26.0
Station_01,Inv_00,20170809,05:38:00,0.0,0.0,0,221.0,0.5,111,25859,16498,27.0,27.0
Station_01,Inv_00,20170809,05:39:00,0.0,0.0,0,222.0,0.5,111,25859,16498,27.0,28.0
Station_01,Inv_00,20170809,05:40:00,0.0,0.0,0,222.0,0.5,111,25859,16498,27.0,499.0
Station_01,Inv_00,20170809,05:41:00,0.0,0.0,0,221.0,0.5,111,25859,16498,27.0,31.0
Station_01,Inv_00,20170809,05:42:00,0.0,0.0,0,222.0,0.5,111,25859,16498,27.0,32.0
Station_01,Inv_00,20170809,05:43:00,219.5,0.2,44,217.0,0.4,87,25859,16498,27.0,33.0
Station_01,Inv_00,20170809,05:44:00,200.3,0.3,60,218.0,0.4,87,25859,16498,27.0,34.0
Station_01,Inv_00,20170809,05:45:00,212.0,0.2,42,219.0,0.4,88,25859,16498,27.1,35.0
Station_01,Inv_00,20170809,05:46:00,217.3,0.3,65,219.0,0.4,88,25859,16498,27.1,36.0
Station_01,Inv_00,20170809,05:47:00,214.0,0.3,64,219.0,0.4,88,25859,16498,27.2,38.0
Station_01,Inv_00,20170809,05:48:00,211.0,0.3,63,218.0,0.5,109,25859,16498,27.2,39.0
Station_01,Inv_00,20170809,05:49:00,210.3,0.3,63,217.0,0.5,109,25859,16498,27.2,40.0
Station_01,Inv_00,20170809,05:50:00,221.7,0.3,67,217.0,0.5,109,25859,16498,27.3,42.0
Station_01,Inv_00,20170809,05:51:00,210.5,0.4,84,217.0,0.5,109,25859,16498,27.3,43.0
Station_01,Inv_00,20170809,05:52:00,218.0,0.4,87,217.0,0.5,109,25859,16498,27.4,45.0
Station_01,Inv_00,20170809,05:53:00,228.0,0.4,91,217.0,0.5,109,25859,16498,27.5,47.0
Station_01,Inv_00,20170809,05:54:00,222.6,0.5,111,217.0,0.5,109,25859,16498,27.6,48.0
Station_01,Inv_00,20170809,05:55:00,223.4,0.5,112,217.0,0.6,130,25859,16498,27.6,50.0
Station_01,Inv_00,20170809,05:56:00,215.0,0.5,108,217.0,0.5,109,25859,16498,27.7,51.0
Station_01,Inv_00,20170809,05:57:00,219.0,0.4,88,217.0,0.6,130,25859,16498,27.8,52.0
Station_01,Inv_00,20170809,05:58:00,225.0,0.5,113,217.0,0.6,130,25859,16498,27.9,55.0
Station_01,Inv_00,20170809,05:59:00,212.4,0.5,106,217.0,0.7,152,25859,16498,28.0,57.0
Station_01,Inv_00,20170809,06:00:00,234.4,0.7,164,218.0,0.9,196,25859,16498,28.2,72.0
Station_01,Inv_00,20170809,06:01:00,230.4,0.7,161,218.0,0.9,196,25859,16498,28.4,84.0
Station_01,Inv_00,20170809,06:02:00,238.0,0.8,190,217.0,1.0,217,25859,16498,28.6,88.0
Station_01,Inv_00,20170809,06:03:00,240.2,0.5,120,216.0,0.5,108,25859,16498,28.8,82.0
Station_01,Inv_00,20170809,06:04:00,202.0,0.8,162,217.0,0.9,195,25859,16498,28.8,71.0
Station_01,Inv_00,20170809,06:05:00,231.9,0.7,162,217.0,1.0,217,25859,16498,28.9,72.0
Station_01,Inv_00,20170809,06:06:00,168.9,0.9,152,217.0,0.8,174,25859,16498,29.0,76.0
Station_01,Inv_00,20170809,06:07:00,217.7,0.9,196,218.0,1.0,218,25859,16498,29.1,82.0
Station_01,Inv_00,20170809,06:08:00,197.9,1.1,218,218.0,1.0,218,25859,16498,29.3,92.0
Station_01,Inv_00,20170809,06:09:00,234.0,1.1,257,217.0,1.2,260,25859,16498,29.5,96.0
Station_01,Inv_00,20170809,06:10:00,238.0,1.0,238,217.0,1.1,239,25859,16498,29.6,87.0
Station_01,Inv_00,20170809,06:11:00,239.2,1.1,263,216.0,1.2,259,25859,16498,29.7,92.0
Station_01,Inv_00,20170809,06:12:00,232.6,1.1,256,216.0,1.2,259,25859,16498,29.8,103.0
Station_01,Inv_00,20170809,06:13:00,241.5,1.0,242,217.0,1.2,260,25859,16498,29.9,94.0
Station_01,Inv_00,20170809,06:14:00,239.0,1.0,239,217.0,1.1,239,25859,16498,30.0,90.0
Station_01,Inv_00,20170809,06:15:00,233.0,1.0,233,217.0,1.1,239,25859,16498,30.0,88.0
Station_01,Inv_00,20170809,06:16:00,178.0,1.0,178,217.0,1.0,217,25859,16498,30.1,87.0
Station_01,Inv_00,20170809,06:17:00,203.0,1.0,203,217.0,1.0,217,25859,16498,30.1,87.0
Station_01,Inv_00,20170809,06:18:00,226.0,1.2,271,218.0,1.2,262,25859,16498,30.1,94.0
Station_01,Inv_00,20170809,06:19:00,157.5,1.5,236,217.0,1.1,239,25859,16498,30.4,123.0
Station_01,Inv_00,20170809,06:20:00,203.3,1.4,285,217.0,1.4,304,25859,16498,30.4,122.0
Station_01,Inv_00,20170809,06:21:00,237.8,1.3,309,217.0,1.4,304,25859,16498,30.5,114.0
Station_01,Inv_00,20170809,06:22:00,238.0,1.2,286,217.0,1.3,282,25859,16498,30.5,101.0
Station_01,Inv_00,20170809,06:23:00,241.0,1.3,313,217.0,1.4,304,25859,16498,30.5,108.0
Station_01,Inv_00,20170809,06:24:00,233.8,1.7,398,217.0,1.8,391,25859,16498,30.8,141.0
Station_01,Inv_00,20170809,06:25:00,241.4,1.7,410,217.0,1.8,391,25859,16498,31.1,155.0
Station_01,Inv_00,20170809,06:26:00,245.0,1.4,343,217.0,1.5,326,25859,16498,31.1,128.0
Station_01,Inv_00,20170809,06:27:00,246.0,1.5,369,217.0,1.5,326,25859,16498,31.1,127.0
Station_01,Inv_00,20170809,06:28:00,245.4,2.1,515,217.0,2.2,477,25859,16498,31.4,162.0
Station_01,Inv_00,20170809,06:29:00,208.0,2.3,478,216.0,2.0,432,25859,16498,31.8,186.0
Station_01,Inv_00,20170809,06:30:00,247.9,2.3,570,218.0,2.4,523,25859,16498,32.3,189.0
Station_01,Inv_00,20170809,06:31:00,241.8,2.3,556,218.0,2.4,523,25859,16498,32.4,189.0
Station_01,Inv_00,20170809,06:32:00,242.0,2.2,532,218.0,2.4,523,25859,16498,32.9,189.0
Station_01,Inv_00,20170809,06:33:00,189.9,2.2,418,217.0,2.0,434,25859,16498,33.2,186.0
Station_01,Inv_00,20170809,06:34:00,237.5,1.5,356,218.0,1.6,349,25859,16498,32.7,131.0
Station_01,Inv_00,20170809,06:35:00,235.0,1.6,376,217.0,1.6,347,25859,16498,32.8,123.0
Station_01,Inv_00,20170809,06:36:00,239.9,2.1,504,218.0,2.1,458,25859,16498,33.0,148.0
Station_01,Inv_00,20170809,06:37:00,235.0,2.0,470,217.0,2.0,434,25859,16498,33.2,165.0
Station_01,Inv_00,20170809,06:38:00,238.0,2.0,476,216.0,2.1,454,25859,16498,33.1,169.0
Station_01,Inv_00,20170809,06:39:00,233.5,2.0,467,216.0,2.0,432,25859,16498,33.1,155.0
Station_01,Inv_00,20170809,06:40:00,236.5,2.2,520,216.0,2.3,497,25859,16498,33.1,191.0
Station_01,Inv_00,20170809,06:41:00,236.0,2.3,543,216.0,2.4,518,25859,16498,33.2,186.0
Station_01,Inv_00,20170809,06:42:00,243.7,1.9,463,216.0,2.0,432,25859,16498,33.3,176.0
Station_01,Inv_00,20170809,06:43:00,237.0,1.8,427,216.0,2.0,432,25859,16498,33.3,155.0
Station_01,Inv_00,20170809,06:44:00,239.0,2.5,597,216.0,2.6,562,25859,16498,33.5,199.0
Station_01,Inv_00,20170809,06:45:00,236.0,2.2,519,216.0,2.2,475,25859,16498,33.5,166.0
Station_01,Inv_00,20170809,06:46:00,243.0,1.8,437,216.0,1.9,410,25859,16498,33.4,157.0
Station_01,Inv_00,20170809,06:47:00,243.5,1.4,341,216.0,1.5,324,25859,16498,33.1,122.0
Station_01,Inv_00,20170809,06:48:00,238.0,1.4,333,217.0,1.5,326,25859,16498,32.7,114.0
Station_01,Inv_00,20170809,06:49:00,237.2,1.3,308,216.0,1.5,324,25859,16498,32.6,118.0
Station_01,Inv_00,20170809,06:50:00,198.0,1.3,257,216.0,1.2,259,25859,16498,32.4,109.0
Station_01,Inv_00,20170809,06:51:00,184.0,1.4,258,216.0,1.2,259,25859,16498,32.0,114.0
Station_01,Inv_00,20170809,06:52:00,238.8,1.5,358,216.0,1.5,324,25859,16498,32.0,124.0
Station_01,Inv_00,20170809,06:53:00,243.4,2.9,706,216.0,3.0,648,25859,16498,32.3,194.0
Station_01,Inv_00,20170809,06:54:00,249.5,2.2,549,216.0,2.4,518,25859,16498,33.0,217.0
Station_01,Inv_00,20170809,06:55:00,243.4,1.9,462,216.0,2.0,432,25859,16498,33.0,191.0
Station_01,Inv_00,20170809,06:56:00,233.5,1.2,280,216.0,1.4,302,25859,16498,32.5,116.0
Station_01,Inv_00,20170809,06:57:00,235.8,1.3,307,216.0,1.4,302,25859,16498,32.5,113.0
Station_01,Inv_00,20170809,06:58:01,240.5,1.4,337,215.0,1.5,323,25859,16498,32.2,115.0
Station_01,Inv_00,20170809,06:59:00,230.5,1.7,392,216.0,1.7,367,25859,16498,32.2,129.0
Station_01,Inv_00,20170809,07:00:00,244.5,2.0,489,216.0,2.1,454,25859,16498,32.4,171.0
Station_01,Inv_00,20170809,07:01:00,250.9,3.5,878,216.0,3.9,842,25859,16498,33.2,275.0
Station_01,Inv_00,20170809,07:02:00,229.0,4.0,916,216.0,3.9,842,25859,16498,33.9,311.0
Station_01,Inv_00,20170809,07:03:00,240.0,1.8,432,215.0,2.0,430,25859,16498,33.5,167.0
Station_01,Inv_00,20170809,07:04:00,241.0,4.1,988,216.0,4.3,929,25859,16498,33.9,272.0
Station_01,Inv_00,20170809,07:05:00,247.0,2.6,642,215.0,2.9,624,25859,16498,34.5,237.0
Station_01,Inv_00,20170809,07:06:00,238.5,1.9,453,215.0,2.0,430,25859,16498,34.0,156.0
Station_01,Inv_00,20170809,07:07:00,243.9,2.5,610,215.0,2.6,559,25859,16498,34.2,192.0
Station_01,Inv_00,20170809,07:08:00,247.4,4.3,1064,217.0,4.6,998,25859,16498,35.2,327.0
Station_01,Inv_00,20170809,07:09:00,244.0,3.8,927,216.0,4.1,886,25859,16498,35.6,308.0
Station_01,Inv_00,20170809,07:10:00,237.0,1.5,356,215.0,1.6,344,25859,16498,34.6,136.0
Station_01,Inv_00,20170809,07:11:00,240.5,1.4,337,215.0,1.5,323,25859,16498,34.3,123.0
Station_01,Inv_00,20170809,07:12:00,239.0,1.5,359,215.0,1.6,344,25859,16498,34.0,126.0
Station_01,Inv_00,20170809,07:13:00,230.5,1.9,438,215.0,2.0,430,25859,16498,33.8,148.0
Station_01,Inv_00,20170809,07:14:00,240.0,3.1,744,215.0,3.5,753,25859,16498,34.6,269.0
Station_01,Inv_00,20170809,07:15:00,242.4,5.1,1236,216.0,5.2,1123,25859,16498,35.4,354.0
Station_01,Inv_00,20170809,07:16:00,242.4,3.7,897,215.0,3.9,839,25859,16498,36.0,300.0
Station_01,Inv_00,20170809,07:17:00,247.9,3.2,793,215.0,3.5,753,25859,16498,36.0,238.0
Station_01,Inv_00,20170809,07:18:00,243.0,4.9,1191,215.0,5.1,1097,25859,16498,36.8,337.0
Station_01,Inv_00,20170809,07:19:00,242.5,4.9,1188,216.0,5.1,1102,25859,16498,37.1,361.0
Station_01,Inv_00,20170809,07:20:00,244.0,4.8,1171,215.0,5.1,1097,25859,16498,37.9,353.0
Station_01,Inv_00,20170809,07:21:00,243.5,4.9,1193,216.0,5.2,1123,25859,16498,38.4,363.0
Station_01,Inv_00,20170809,07:22:00,244.5,4.9,1198,216.0,5.2,1123,25859,16498,38.5,365.0
Station_01,Inv_00,20170809,07:23:00,245.0,4.6,1127,216.0,4.9,1058,25859,16498,38.6,328.0
Station_01,Inv_00,20170809,07:24:00,239.5,5.3,1269,216.0,5.4,1166,25859,16498,39.7,372.0
Station_01,Inv_00,20170809,07:25:00,242.0,5.3,1283,217.0,5.5,1194,25859,16498,39.9,377.0
Station_01,Inv_00,20170809,07:26:00,242.5,5.2,1261,218.0,5.5,1199,25859,16498,40.5,380.0
Station_01,Inv_00,20170809,07:27:00,226.5,5.4,1223,217.0,5.3,1150,25859,16498,40.5,384.0
Station_01,Inv_00,20170809,07:28:00,227.0,5.5,1248,217.0,5.4,1172,25859,16498,40.9,387.0
Station_01,Inv_00,20170809,07:29:00,237.0,4.8,1138,217.0,4.7,1020,25859,16498,40.8,298.0
Station_01,Inv_00,20170809,07:30:00,239.0,5.7,1362,218.0,5.9,1286,25859,16498,41.5,403.0
Station_01,Inv_00,20170809,07:31:00,242.5,5.7,1382,218.0,5.8,1264,25859,16498,41.4,404.0
Station_01,Inv_00,20170809,07:32:00,239.4,5.6,1341,217.0,5.8,1259,25859,16498,41.8,403.0
Station_01,Inv_00,20170809,07:33:00,242.0,5.6,1355,218.0,5.9,1286,25859,16498,41.6,405.0
Station_01,Inv_00,20170809,07:34:00,240.0,5.9,1416,218.0,6.0,1308,25859,16498,41.5,410.0
Station_01,Inv_00,20170809,07:35:00,240.5,5.9,1419,218.0,6.1,1330,25859,16498,41.1,415.0
Station_01,Inv_00,20170809,07:36:00,240.9,5.9,1422,217.0,6.1,1324,25859,16498,40.8,417.0
Station_01,Inv_00,20170809,07:37:00,240.9,6.0,1446,217.0,6.2,1345,25859,16498,41.9,418.0
Station_01,Inv_00,20170809,07:38:01,236.0,6.1,1440,217.0,6.2,1345,25860,16499,42.4,423.0
Station_01,Inv_00,20170809,07:39:00,226.0,5.0,1130,217.0,5.0,1085,25860,16499,41.9,392.0
Station_01,Inv_00,20170809,07:40:00,235.0,6.4,1504,217.0,6.6,1432,25860,16499,42.3,436.0
Station_01,Inv_00,20170809,07:41:00,235.0,6.5,1527,217.0,6.5,1411,25860,16499,43.2,442.0
Station_01,Inv_00,20170809,07:42:00,239.9,6.4,1536,217.0,6.6,1432,25860,16499,42.9,442.0
Station_01,Inv_00,20170809,07:43:00,237.5,6.4,1520,218.0,6.6,1439,25860,16499,43.1,447.0
Station_01,Inv_00,20170809,07:44:00,224.0,6.6,1478,218.0,6.3,1373,25860,16499,42.9,450.0
Station_01,Inv_00,20170809,07:45:00,224.0,6.8,1523,217.0,6.5,1411,25860,16499,43.7,452.0
Station_01,Inv_00,20170809,07:46:00,225.0,6.9,1553,218.0,6.6,1439,25860,16499,44.1,458.0
Station_01,Inv_00,20170809,07:47:00,225.5,6.9,1556,219.0,6.6,1445,25860,16499,44.2,457.0
Station_01,Inv_00,20170809,07:48:00,235.5,6.8,1601,219.0,6.8,1489,25860,16499,44.4,461.0
Station_01,Inv_00,20170809,07:49:00,239.0,6.6,1577,219.0,6.8,1489,25860,16499,43.7,464.0
Station_01,Inv_00,20170809,07:50:00,238.0,6.7,1595,218.0,6.9,1504,25860,16499,43.8,466.0
Station_01,Inv_00,20170809,07:51:00,235.0,6.9,1622,218.0,7.0,1526,25860,16499,44.1,475.0
Station_01,Inv_00,20170809,07:52:00,237.5,6.9,1639,219.0,7.1,1555,25860,16499,44.7,480.0
Station_01,Inv_00,20170809,07:53:00,237.0,7.0,1659,219.0,7.1,1555,25860,16499,43.6,484.0
Station_01,Inv_00,20170809,07:54:00,223.5,7.2,1609,219.0,7.0,1533,25860,16499,43.4,488.0
Station_01,Inv_00,20170809,07:55:00,224.5,7.3,1639,218.0,7.1,1548,25860,16499,44.8,487.0
Station_01,Inv_00,20170809,07:56:00,223.5,7.5,1676,218.0,7.2,1570,25860,16499,44.2,497.0
Station_01,Inv_00,20170809,07:57:00,223.5,7.5,1676,218.0,7.3,1591,25860,16499,44.2,501.0
Station_01,Inv_00,20170809,07:58:00,223.0,7.7,1717,217.0,7.3,1584,25860,16499,43.9,503.0
Station_01,Inv_00,20170809,07:59:00,224.0,7.7,1725,217.0,7.5,1628,25860,16499,44.4,509.0
Station_01,Inv_00,20170809,08:00:00,223.0,7.7,1717,218.0,7.4,1613,25860,16499,43.7,512.0
Station_01,Inv_00,20170809,08:01:00,223.5,7.7,1721,218.0,7.5,1635,25860,16499,44.7,513.0
Station_01,Inv_00,20170809,08:02:00,223.5,7.7,1721,216.0,7.5,1620,25860,16499,45.5,510.0
Station_01,Inv_00,20170809,08:03:00,223.5,7.7,1721,217.0,7.6,1649,25860,16499,44.6,517.0
Station_01,Inv_00,20170809,08:04:00,223.5,7.9,1766,218.0,7.6,1657,25860,16499,45.3,515.0
Station_01,Inv_00,20170809,08:05:00,232.5,7.7,1790,217.0,7.8,1693,25860,16499,45.3,521.0
Station_01,Inv_00,20170809,08:06:00,236.0,7.6,1793,217.0,7.8,1693,25860,16499,44.8,525.0
Station_01,Inv_00,20170809,08:07:00,237.9,7.6,1808,217.0,7.9,1714,25860,16499,45.2,530.0
Station_01,Inv_00,20170809,08:08:00,234.0,7.8,1825,216.0,8.0,1728,25860,16499,45.5,531.0
Station_01,Inv_00,20170809,08:09:00,229.9,8.0,1840,217.0,8.0,1736,25860,16499,46.4,535.0
Station_01,Inv_00,20170809,08:10:00,232.9,8.0,1863,217.0,8.1,1758,25860,16499,47.6,538.0
Station_01,Inv_00,20170809,08:11:00,232.5,8.2,1906,216.0,8.2,1771,25860,16499,46.8,545.0
Station_01,Inv_00,20170809,08:12:00,234.0,8.1,1895,216.0,8.3,1793,25860,16499,45.5,553.0
Station_01,Inv_00,20170809,08:13:00,234.0,8.1,1895,218.0,8.2,1788,25860,16499,46.1,548.0
Station_01,Inv_00,20170809,08:14:00,232.0,8.3,1926,219.0,8.4,1840,25861,16499,46.1,559.0
Station_01,Inv_00,20170809,08:15:00,235.0,8.4,1974,219.0,8.6,1883,25861,16499,46.3,567.0
Station_01,Inv_00,20170809,08:16:00,234.0,8.5,1989,219.0,8.6,1883,25861,16499,47.0,570.0
Station_01,Inv_00,20170809,08:17:00,223.0,8.9,1984,218.0,8.6,1875,25861,16499,47.1,578.0
Station_01,Inv_00,20170809,08:18:00,221.5,9.1,2015,218.0,8.7,1897,25861,16499,47.9,589.0
Station_01,Inv_00,20170809,08:19:00,230.5,9.1,2098,218.0,9.1,1984,25861,16499,47.2,599.0
Station_01,Inv_00,20170809,08:20:00,231.5,9.3,2153,218.0,9.3,2027,25861,16499,46.8,610.0
Station_01,Inv_00,20170809,08:21:00,229.5,9.4,2157,218.0,9.3,2027,25861,16499,47.6,618.0
Station_01,Inv_00,20170809,08:22:00,219.0,9.9,2168,219.0,9.3,2037,25861,16499,47.0,629.0
Station_01,Inv_00,20170809,08:23:00,216.5,10.0,2165,219.0,9.3,2037,25861,16499,46.9,640.0
Station_01,Inv_00,20170809,08:24:00,218.5,10.1,2207,218.0,9.6,2093,25861,16499,47.0,645.0
Station_01,Inv_00,20170809,08:25:01,225.5,10.1,2278,219.0,9.8,2146,25861,16499,48.9,653.0
Station_01,Inv_00,20170809,08:26:00,223.5,10.5,2347,219.0,10.0,2190,25861,16499,49.8,662.0
Station_01,Inv_00,20170809,08:27:00,228.5,10.7,2445,219.0,10.5,2300,25861,16499,51.0,688.0
Station_01,Inv_00,20170809,08:28:00,224.5,11.1,2492,219.0,10.8,2365,25861,16499,51.9,712.0
Station_01,Inv_00,20170809,08:29:00,223.0,11.7,2609,220.0,11.2,2464,25861,16499,52.9,738.0
Station_01,Inv_00,20170809,08:30:00,222.4,12.0,2669,219.0,11.5,2519,25861,16499,54.3,764.0
Station_01,Inv_00,20170809,08:31:00,220.0,11.6,2552,220.0,10.9,2398,25861,16499,54.7,688.0
Station_01,Inv_00,20170809,08:32:00,228.0,8.6,1961,219.0,8.5,1862,25861,16499,53.2,569.0
Station_01,Inv_00,20170809,08:33:00,228.5,11.3,2582,220.0,11.2,2464,25861,16499,52.5,728.0
Station_01,Inv_00,20170809,08:34:00,220.4,11.4,2513,219.0,10.8,2365,25861,16499,53.5,728.0
Station_01,Inv_00,20170809,08:35:00,224.5,11.3,2537,219.0,10.8,2365,25861,16499,53.9,725.0
Station_01,Inv_00,20170809,08:36:00,225.5,11.3,2548,219.0,10.9,2387,25861,16499,53.5,731.0
Station_01,Inv_00,20170809,08:37:00,218.5,11.5,2513,219.0,10.7,2343,25861,16499,53.4,724.0
Station_01,Inv_00,20170809,08:38:00,218.0,11.4,2485,219.0,10.8,2365,25861,16499,54.6,589.0
Station_01,Inv_00,20170809,08:39:00,227.1,7.2,1635,218.0,6.8,1482,25861,16499,54.1,418.0
Station_01,Inv_00,20170809,08:40:00,197.5,3.6,711,217.0,3.3,716,25862,16500,52.8,398.0
Station_01,Inv_00,20170809,08:41:00,222.0,10.4,2309,218.0,10.2,2224,25862,16500,50.1,564.0
Station_01,Inv_00,20170809,08:42:00,222.0,11.7,2597,218.0,11.2,2442,25862,16500,50.6,682.0
Station_01,Inv_00,20170809,08:43:00,221.9,3.3,732,217.0,3.2,694,25862,16500,48.3,292.0
Station_01,Inv_00,20170809,08:44:00,226.4,3.2,725,218.0,3.1,676,25862,16500,46.6,213.0
Station_01,Inv_00,20170809,08:45:00,217.0,9.3,2018,219.0,8.7,1905,25862,16500,46.8,637.0
Station_01,Inv_00,20170809,08:46:00,225.9,11.6,2621,219.0,11.2,2453,25862,16500,47.2,716.0
Station_01,Inv_00,20170809,08:47:00,221.0,10.0,2210,219.0,9.9,2168,25862,16500,48.4,681.0
Station_01,Inv_00,20170809,08:48:00,220.5,11.6,2558,219.0,11.0,2409,25862,16500,49.9,728.0
Station_01,Inv_00,20170809,08:49:00,227.5,11.6,2639,219.0,11.4,2497,25862,16500,51.1,746.0
Station_01,Inv_00,20170809,08:50:00,227.4,9.8,2229,220.0,9.7,2134,25862,16500,49.3,500.0
Station_01,Inv_00,20170809,08:51:00,222.0,10.7,2375,220.0,10.3,2266,25862,16500,48.1,481.0
Station_01,Inv_00,20170809,08:52:00,222.3,3.0,667,218.0,3.0,654,25862,16500,46.2,224.0
Station_01,Inv_00,20170809,08:53:00,223.9,3.8,851,218.0,3.7,807,25862,16500,45.2,230.0
Station_01,Inv_00,20170809,08:54:00,229.5,10.7,2456,219.0,10.6,2321,25862,16500,47.2,686.0
Station_01,Inv_00,20170809,08:55:00,231.0,10.5,2425,219.0,10.4,2278,25862,16500,48.6,690.0
Station_01,Inv_00,20170809,08:56:00,230.5,10.4,2397,219.0,10.3,2256,25862,16500,47.9,669.0
Station_01,Inv_00,20170809,08:57:00,228.5,11.0,2513,219.0,10.8,2365,25862,16500,48.6,699.0
Station_01,Inv_00,20170809,08:58:00,229.0,11.1,2542,218.0,10.9,2376,25862,16500,49.4,709.0
Station_01,Inv_00,20170809,08:59:00,230.5,10.7,2466,218.0,10.7,2333,25862,16500,50.6,707.0
Station_01,Inv_00,20170809,09:00:00,227.5,11.1,2525,219.0,10.9,2387,25862,16500,50.0,722.0
Station_01,Inv_00,20170809,09:01:00,228.0,11.4,2599,217.0,11.3,2452,25862,16500,51.8,748.0
Station_01,Inv_00,20170809,09:02:00,221.5,11.9,2636,216.0,11.2,2419,25862,16500,50.9,599.0
Station_01,Inv_00,20170809,09:03:00,222.5,12.0,2670,216.0,11.6,2506,25862,16500,51.6,707.0
Station_01,Inv_00,20170809,09:04:00,224.0,11.7,2621,216.0,11.3,2441,25862,16500,52.6,710.0
Station_01,Inv_00,20170809,09:05:00,225.0,11.7,2632,216.0,11.5,2484,25862,16500,52.7,755.0
Station_01,Inv_00,20170809,09:06:00,226.5,11.6,2627,216.0,11.4,2462,25862,16500,54.0,715.0
Station_01,Inv_00,20170809,09:07:00,223.5,12.1,2704,214.0,11.8,2525,25862,16500,54.1,774.0
Station_01,Inv_00,20170809,09:08:00,217.0,12.5,2713,214.0,12.0,2568,25862,16500,55.7,785.0
Station_01,Inv_00,20170809,09:09:00,222.5,12.0,2670,216.0,11.7,2527,25863,16501,53.9,774.0
Station_01,Inv_00,20170809,09:10:00,221.0,13.1,2895,215.0,12.7,2731,25863,16501,55.7,822.0
Station_01,Inv_00,20170809,09:11:00,210.0,3.6,756,211.0,3.4,717,25863,16501,53.6,275.0
Station_01,Inv_00,20170809,09:12:00,216.5,3.8,823,211.0,3.6,760,25863,16501,51.3,248.0
Station_01,Inv_00,20170809,09:13:00,217.0,4.8,1042,212.0,4.4,933,25863,16501,50.0,273.0
Station_01,Inv_00,20170809,09:14:00,227.0,4.0,908,212.0,3.9,827,25863,16501,48.1,286.0
Station_01,Inv_00,20170809,09:15:00,217.6,8.1,1763,213.0,9.1,1938,25863,16501,49.0,609.0
Station_01,Inv_00,20170809,09:16:00,221.5,3.9,864,211.0,3.8,802,25863,16501,47.2,258.0
Station_01,Inv_00,20170809,09:17:00,226.4,4.4,996,212.0,4.3,912,25863,16501,46.1,280.0
Station_01,Inv_00,20170809,09:18:00,230.5,3.7,853,212.0,3.8,806,25863,16501,45.1,253.0
Station_01,Inv_00,20170809,09:19:00,234.9,3.6,846,211.0,3.7,781,25863,16501,44.5,257.0
Station_01,Inv_00,20170809,09:20:00,237.0,3.7,877,212.0,3.8,806,25863,16501,44.0,248.0
Station_01,Inv_00,20170809,09:21:00,233.5,4.2,981,211.0,4.1,865,25863,16501,42.3,270.0
Station_01,Inv_00,20170809,09:22:00,221.5,5.0,1108,212.0,4.9,1039,25863,16501,44.7,448.0
Station_01,Inv_00,20170809,09:23:00,234.5,5.3,1243,212.0,5.3,1124,25863,16501,44.6,346.0
Station_01,Inv_00,20170809,09:24:00,230.5,12.2,2812,212.0,11.7,2480,25863,16501,46.9,774.0
Station_01,Inv_00,20170809,09:25:00,234.0,4.2,983,212.0,4.2,890,25863,16501,45.7,289.0
Station_01,Inv_00,20170809,09:26:00,230.5,4.8,1106,213.0,4.9,1044,25863,16501,44.8,311.0
Station_01,Inv_00,20170809,09:27:00,230.5,15.0,3457,214.0,15.1,3231,25863,16501,47.5,875.0
Station_01,Inv_00,20170809,09:28:00,231.9,4.7,1090,212.0,4.9,1039,25863,16501,46.2,341.0
Station_01,Inv_00,20170809,09:29:00,234.4,5.1,1196,210.0,5.2,1092,25863,16501,45.5,335.0
Station_01,Inv_00,20170809,09:30:00,230.0,14.8,3404,210.0,14.9,3129,25863,16501,47.8,788.0
Station_01,Inv_00,20170809,09:31:00,224.0,12.7,2845,210.0,13.2,2772,25863,16501,50.9,865.0
Station_01,Inv_00,20170809,09:32:00,225.5,13.4,3022,210.0,13.7,2877,25863,16501,49.6,598.0
Station_01,Inv_00,20170809,09:33:00,214.0,12.9,2761,211.0,13.3,2806,25863,16501,53.7,913.0
Station_01,Inv_00,20170809,09:34:00,223.2,10.7,2388,212.0,12.8,2714,25863,16501,53.2,676.0
Station_01,Inv_00,20170809,09:35:00,227.9,6.6,1504,211.0,6.7,1414,25863,16501,51.6,433.0
Station_01,Inv_00,20170809,09:36:00,229.0,7.7,1763,212.0,7.9,1675,25863,16501,50.7,470.0
Station_01,Inv_00,20170809,09:37:00,226.9,6.6,1498,212.0,6.5,1378,25863,16501,51.1,491.0
Station_01,Inv_00,20170809,09:38:00,229.5,10.3,2364,213.0,10.7,2279,25863,16501,51.1,529.0
Station_01,Inv_00,20170809,09:39:00,225.5,5.0,1128,212.0,5.1,1081,25863,16501,49.3,338.0
Station_01,Inv_00,20170809,09:40:00,226.5,4.8,1087,212.0,4.8,1018,25863,16501,49.1,312.0
Station_01,Inv_00,20170809,09:41:00,227.0,4.5,1021,212.0,4.5,954,25863,16501,48.5,289.0
Station_01,Inv_00,20170809,09:42:00,226.5,3.5,793,211.0,3.6,760,25863,16501,47.1,235.0
Station_01,Inv_00,20170809,09:43:00,231.0,2.8,647,212.0,3.1,657,25863,16501,46.4,196.0
Station_01,Inv_00,20170809,09:44:00,229.5,2.6,597,211.0,2.6,549,25863,16501,45.6,174.0
Station_01,Inv_00,20170809,09:45:00,215.0,2.5,538,211.0,2.4,506,25863,16501,44.1,163.0
Station_01,Inv_00,20170809,09:46:00,231.9,2.2,510,211.0,2.3,485,25863,16501,43.5,154.0
Station_01,Inv_00,20170809,09:47:00,237.5,2.0,475,211.0,2.2,464,25863,16501,42.1,147.0
Station_01,Inv_00,20170809,09:48:00,241.5,2.0,483,211.0,2.1,443,25863,16501,41.4,141.0
Station_01,Inv_00,20170809,09:49:00,237.5,2.0,475,212.0,2.1,445,25863,16501,40.8,140.0
Station_01,Inv_00,20170809,09:50:00,240.0,2.1,504,212.0,2.3,488,25863,16501,39.7,147.0
Station_01,Inv_00,20170809,09:51:00,235.0,2.3,541,212.0,2.5,530,25863,16501,39.2,157.0
Station_01,Inv_00,20170809,09:52:00,239.5,2.5,599,211.0,2.7,570,25863,16501,39.3,168.0
Station_01,Inv_00,20170809,09:53:00,241.0,2.8,675,212.0,3.0,636,25863,16501,39.3,183.0
Station_01,Inv_00,20170809,09:54:00,233.5,3.2,747,212.0,3.4,721,25863,16501,39.5,206.0
Station_01,Inv_00,20170809,09:55:00,238.5,3.7,882,212.0,3.9,827,25863,16501,39.3,236.0
Station_01,Inv_00,20170809,09:56:00,240.4,4.2,1010,212.0,4.4,933,25864,16501,39.5,266.0
Station_01,Inv_00,20170809,09:57:00,240.9,4.6,1108,212.0,4.9,1039,25864,16501,39.5,299.0
Station_01,Inv_00,20170809,09:58:00,240.4,5.8,1394,212.0,6.1,1293,25864,16501,40.5,352.0
Station_01,Inv_00,20170809,09:59:00,238.9,6.0,1433,212.0,6.4,1357,25864,16501,41.6,413.0
Station_01,Inv_00,20170809,10:00:00,240.4,5.8,1394,212.0,6.2,1314,25864,16501,42.2,383.0
Station_01,Inv_00,20170809,10:01:00,241.4,6.4,1545,213.0,6.9,1470,25864,16501,42.8,416.0
Station_01,Inv_00,20170809,10:02:00,217.0,11.4,2474,213.0,10.4,2215,25864,16501,44.0,674.0
Station_01,Inv_00,20170809,10:03:01,225.0,6.0,1350,210.0,6.1,1281,25864,16501,44.4,405.0
Station_01,Inv_00,20170809,10:04:01,229.0,6.4,1466,210.0,6.5,1365,25864,16501,44.4,403.0
Station_01,Inv_00,20170809,10:05:00,228.0,6.4,1459,210.0,6.6,1386,25864,16501,45.1,413.0
Station_01,Inv_00,20170809,10:06:00,227.5,12.5,2844,211.0,12.6,2659,25864,16501,46.8,793.0
Station_01,Inv_00,20170809,10:07:00,220.5,8.4,1852,210.0,8.5,1785,25864,16501,47.3,552.0
Station_01,Inv_00,20170809,10:08:00,232.5,5.4,1256,210.0,5.6,1176,25864,16501,46.7,370.0
Station_01,Inv_00,20170809,10:09:00,232.0,6.4,1485,210.0,6.6,1386,25864,16501,46.1,403.0
Station_01,Inv_00,20170809,10:10:00,233.0,12.8,2982,210.0,13.5,2835,25864,16501,48.6,756.0
Station_01,Inv_00,20170809,10:11:00,234.0,7.5,1755,210.0,7.7,1617,25864,16501,49.5,508.0
Station_01,Inv_00,20170809,10:12:00,237.2,14.3,3392,210.0,15.1,3171,25864,16501,51.9,875.0
Station_01,Inv_00,20170809,10:13:00,226.9,15.8,3585,211.0,15.9,3355,25864,16501,53.5,1027.0
Station_01,Inv_00,20170809,10:14:00,219.5,15.8,3468,210.0,15.5,3255,25864,16501,55.0,998.0
Station_01,Inv_00,20170809,10:15:00,214.0,13.8,2953,210.0,13.1,2751,25864,16501,56.0,962.0
Station_01,Inv_00,20170809,10:16:00,220.5,14.0,3087,210.0,13.8,2898,25864,16501,58.7,916.0
Station_01,Inv_00,20170809,10:17:00,214.5,13.8,2960,210.0,13.2,2772,25864,16501,59.2,871.0
Station_01,Inv_00,20170809,10:18:00,218.0,13.4,2921,210.0,13.0,2730,25864,16501,60.8,855.0
Station_01,Inv_00,20170809,10:19:00,216.9,13.9,3015,210.0,13.4,2814,25864,16501,61.9,883.0
Station_01,Inv_00,20170809,10:20:00,214.0,14.0,2995,210.0,13.4,2814,25864,16501,61.5,895.0
Station_01,Inv_00,20170809,10:21:00,216.0,13.6,2937,210.0,13.1,2751,25864,16501,60.9,876.0
Station_01,Inv_00,20170809,10:22:00,216.5,13.5,2923,210.0,13.1,2751,25864,16501,61.9,869.0
Station_01,Inv_00,20170809,10:23:00,212.5,14.0,2974,210.0,13.3,2793,25865,16502,62.5,877.0
Station_01,Inv_00,20170809,10:24:00,214.4,14.4,3087,210.0,13.7,2877,25865,16502,62.5,908.0
Station_01,Inv_00,20170809,10:25:00,211.8,5.0,1059,209.0,4.6,961,25865,16502,59.9,398.0
Station_01,Inv_00,20170809,10:26:00,220.4,4.3,948,209.0,4.2,878,25865,16502,56.7,288.0
Station_01,Inv_00,20170809,10:27:00,211.0,4.4,928,210.0,4.1,861,25865,16502,54.8,286.0
Station_01,Inv_00,20170809,10:28:00,221.9,5.2,1154,210.0,5.2,1092,25865,16502,53.0,306.0
Station_01,Inv_00,20170809,10:29:00,214.5,5.7,1223,210.0,5.3,1113,25865,16502,53.1,427.0
Station_01,Inv_00,20170809,10:30:00,229.0,5.0,1145,210.0,5.1,1071,25865,16502,50.1,348.0
Station_01,Inv_00,20170809,10:31:00,226.9,5.6,1271,209.0,5.7,1191,25865,16502,48.8,357.0
Station_01,Inv_00,20170809,10:32:00,219.6,12.0,2636,210.0,9.8,2058,25865,16502,49.5,475.0
Station_01,Inv_00,20170809,10:33:00,230.0,4.7,1081,210.0,4.7,987,25865,16502,48.6,322.0
Station_01,Inv_00,20170809,10:34:00,227.5,5.3,1206,210.0,5.5,1155,25865,16502,47.4,347.0
Station_01,Inv_00,20170809,10:35:00,236.9,15.8,3744,210.0,16.7,3507,25865,16502,49.5,950.0
Station_01,Inv_00,20170809,10:36:00,229.0,5.3,1214,209.0,5.4,1129,25865,16502,48.7,360.0
Station_01,Inv_00,20170809,10:37:00,230.9,5.0,1155,209.0,5.2,1087,25865,16502,48.0,357.0
Station_01,Inv_00,20170809,10:38:00,232.5,4.7,1093,209.0,4.8,1003,25865,16502,46.8,331.0
Station_01,Inv_00,20170809,10:39:00,229.9,4.8,1104,208.0,5.0,1040,25865,16502,46.5,327.0
Station_01,Inv_00,20170809,10:40:00,226.0,17.1,3865,210.0,17.3,3633,25865,16502,50.0,1058.0
Station_01,Inv_00,20170809,10:41:00,226.5,4.8,1087,210.0,4.7,987,25865,16502,49.2,486.0
Station_01,Inv_00,20170809,10:42:00,229.5,4.7,1079,210.0,4.6,966,25865,16502,48.5,312.0
Station_01,Inv_00,20170809,10:43:00,229.0,5.7,1305,210.0,5.7,1197,25865,16502,48.1,346.0
Station_01,Inv_00,20170809,10:44:00,218.5,17.2,3758,212.0,16.5,3498,25865,16502,51.8,1078.0
Station_01,Inv_00,20170809,10:45:00,221.0,5.2,1149,210.0,5.0,1050,25865,16502,51.9,420.0
Station_01,Inv_00,20170809,10:46:00,223.5,5.2,1162,210.0,5.2,1092,25865,16502,49.3,339.0
Station_01,Inv_00,20170809,10:47:00,192.0,6.6,1267,210.0,6.2,1302,25865,16502,50.8,713.0
Station_01,Inv_00,20170809,10:48:00,228.0,6.2,1414,210.0,6.2,1302,25865,16502,48.9,419.0
Station_01,Inv_00,20170809,10:49:00,224.5,6.4,1437,210.0,6.5,1365,25865,16502,48.3,411.0
Station_01,Inv_00,20170809,10:50:00,199.8,10.0,1998,211.0,12.7,2680,25865,16502,51.6,970.0
Station_01,Inv_00,20170809,10:51:00,224.9,5.8,1304,210.0,5.8,1218,25865,16502,51.0,461.0
Station_01,Inv_00,20170809,10:52:00,229.4,4.8,1101,210.0,5.0,1050,25865,16502,49.3,346.0
Station_01,Inv_00,20170809,10:53:00,230.0,4.8,1104,210.0,4.8,1008,25865,16502,47.4,313.0
Station_01,Inv_00,20170809,10:54:00,231.5,5.3,1227,210.0,5.4,1134,25865,16502,46.1,339.0
Station_01,Inv_00,20170809,10:55:00,234.0,5.4,1264,210.0,5.6,1176,25865,16502,46.7,352.0
Station_01,Inv_00,20170809,10:56:00,228.5,5.6,1280,210.0,5.6,1176,25865,16502,45.8,357.0
Station_01,Inv_00,20170809,10:57:00,228.0,5.0,1140,210.0,5.1,1071,25865,16502,44.4,340.0
Station_01,Inv_00,20170809,10:58:00,230.5,4.8,1106,210.0,4.9,1029,25865,16502,43.9,316.0
Station_01,Inv_00,20170809,10:59:00,230.0,5.4,1242,210.0,5.5,1155,25865,16502,43.6,342.0
Station_01,Inv_00,20170809,11:00:00,204.5,7.4,1513,210.0,6.8,1428,25866,16503,43.8,438.0
Station_01,Inv_00,20170809,11:01:00,215.0,10.1,2172,210.0,8.8,1848,25866,16503,47.0,668.0
Station_01,Inv_00,20170809,11:02:00,214.5,6.8,1459,210.0,6.6,1386,25866,16503,46.7,444.0
Station_01,Inv_00,20170809,11:03:00,226.5,8.0,1812,210.0,7.8,1638,25866,16503,46.2,451.0
Station_01,Inv_00,20170809,11:04:00,224.0,7.9,1770,210.0,7.9,1659,25866,16503,48.1,600.0
Station_01,Inv_00,20170809,11:05:00,218.0,18.6,4055,212.0,17.9,3795,25866,16503,50.5,1164.0
Station_01,Inv_00,20170809,11:06:00,219.5,7.2,1580,210.0,7.0,1470,25866,16503,51.1,581.0
Station_01,Inv_00,20170809,11:07:00,225.0,6.0,1350,210.0,6.0,1260,25866,16503,48.7,410.0
Station_01,Inv_00,20170809,11:08:00,226.5,5.0,1133,210.0,5.0,1050,25866,16503,46.5,335.0
Station_01,Inv_00,20170809,11:09:00,232.8,4.4,1024,210.0,4.5,945,25866,16503,45.5,293.0
Station_01,Inv_00,20170809,11:10:00,234.5,4.2,985,210.0,4.3,903,25866,16503,44.1,276.0
Station_01,Inv_00,20170809,11:11:00,231.5,4.7,1088,210.0,4.7,987,25866,16503,42.9,290.0
Station_01,Inv_00,20170809,11:12:00,217.0,16.8,3646,211.0,16.1,3397,25866,16503,45.1,996.0
Station_01,Inv_00,20170809,11:13:00,219.0,8.4,1840,211.0,8.9,1878,25866,16503,46.2,677.0
Station_01,Inv_00,20170809,11:14:00,232.0,5.5,1276,210.0,5.6,1176,25866,16503,45.4,378.0
Station_01,Inv_00,20170809,11:15:00,233.5,5.0,1168,210.0,5.1,1071,25866,16503,44.0,330.0
Station_01,Inv_00,20170809,11:16:00,233.0,4.7,1095,210.0,4.9,1029,25866,16503,43.3,314.0
Station_01,Inv_00,20170809,11:17:00,232.5,5.2,1209,210.0,5.3,1113,25866,16503,42.6,329.0
Station_01,Inv_00,20170809,11:18:00,232.5,5.4,1256,210.0,5.6,1176,25866,16503,42.1,348.0
Station_01,Inv_00,20170809,11:19:00,236.0,5.4,1274,210.0,5.6,1176,25866,16503,41.9,348.0
Station_01,Inv_00,20170809,11:20:00,236.0,5.4,1274,210.0,5.6,1176,25866,16503,42.5,348.0
Station_01,Inv_00,20170809,11:21:00,238.0,5.1,1214,210.0,5.3,1113,25866,16503,42.3,338.0
Station_01,Inv_00,20170809,11:22:00,239.0,4.5,1076,210.0,4.8,1008,25866,16503,41.7,312.0
Station_01,Inv_00,20170809,11:23:00,238.5,4.2,1002,210.0,4.4,924,25866,16503,41.3,282.0
Station_01,Inv_00,20170809,11:24:00,229.5,4.0,918,210.0,4.0,840,25866,16503,41.3,265.0
Station_01,Inv_00,20170809,11:25:00,236.0,3.9,920,210.0,4.0,840,25866,16503,40.8,257.0
Station_01,Inv_00,20170809,11:26:00,236.9,4.0,948,210.0,4.1,861,25866,16503,40.1,266.0
Station_01,Inv_00,20170809,11:27:00,236.0,4.1,967,210.0,4.2,882,25866,16503,39.7,266.0
Station_01,Inv_00,20170809,11:28:00,240.0,4.3,1032,210.0,4.5,945,25866,16503,39.9,279.0
Station_01,Inv_00,20170809,11:29:00,243.5,4.5,1096,210.0,4.9,1029,25866,16503,40.0,302.0
Station_01,Inv_00,20170809,11:30:00,235.0,5.4,1269,210.0,5.6,1176,25866,16503,40.3,340.0
Station_01,Inv_00,20170809,11:31:00,231.5,6.6,1528,210.0,6.8,1428,25866,16503,41.0,407.0
Station_01,Inv_00,20170809,11:32:00,217.0,9.2,1996,210.0,9.4,1974,25866,16503,43.2,734.0
Station_01,Inv_00,20170809,11:33:00,230.4,7.3,1682,210.0,7.6,1596,25866,16503,43.4,504.0
Station_01,Inv_00,20170809,11:34:00,229.0,18.8,4304,212.0,18.5,3922,25866,16503,46.2,944.0
Station_01,Inv_00,20170809,11:35:00,232.9,18.0,4192,212.0,18.4,3901,25866,16503,49.1,1050.0
Station_01,Inv_00,20170809,11:36:00,218.5,18.2,3976,212.0,17.5,3710,25867,16503,53.1,1172.0
Station_01,Inv_00,20170809,11:37:00,218.5,17.4,3802,212.0,16.8,3562,25867,16503,56.0,1131.0
Station_01,Inv_00,20170809,11:38:00,210.9,17.3,3649,212.0,16.0,3392,25867,16503,57.1,1023.0
Station_01,Inv_00,20170809,11:39:00,217.0,16.1,3494,212.0,15.4,3265,25867,16503,59.3,1052.0
Station_01,Inv_00,20170809,11:40:00,215.0,15.9,3419,212.0,15.2,3222,25867,16503,58.7,1046.0
Station_01,Inv_00,20170809,11:41:00,212.5,15.9,3379,212.0,14.8,3138,25867,16503,59.1,1024.0
Station_01,Inv_00,20170809,11:42:00,205.5,16.3,3350,212.0,14.7,3116,25867,16503,58.4,1028.0
Station_01,Inv_00,20170809,11:43:00,208.0,16.0,3328,212.0,14.6,3095,25867,16503,59.2,1013.0
Station_01,Inv_00,20170809,11:44:00,207.5,15.9,3299,212.0,14.6,3095,25867,16503,58.6,1014.0
Station_01,Inv_00,20170809,11:45:00,212.5,15.5,3294,212.0,14.5,3074,25867,16503,58.1,1008.0
Station_01,Inv_00,20170809,11:46:00,213.0,15.6,3322,212.0,14.7,3116,25867,16503,58.8,1014.0
Station_01,Inv_00,20170809,11:47:00,211.0,15.8,3333,212.0,14.7,3116,25867,16503,59.4,1016.0
Station_01,Inv_00,20170809,11:48:00,210.5,15.8,3326,212.0,14.7,3116,25867,16503,58.8,1018.0
Station_01,Inv_00,20170809,11:49:00,211.0,15.7,3313,212.0,14.6,3095,25867,16503,57.7,1013.0
Station_01,Inv_00,20170809,11:50:00,211.0,15.7,3313,212.0,14.5,3074,25867,16503,60.4,1006.0
Station_01,Inv_00,20170809,11:51:00,214.5,15.5,3325,212.0,14.5,3074,25867,16503,60.4,1010.0
Station_01,Inv_00,20170809,11:52:00,210.5,15.7,3305,212.0,14.6,3095,25867,16503,58.7,1014.0
Station_01,Inv_00,20170809,11:53:00,211.0,15.9,3355,213.0,14.7,3131,25867,16503,59.5,1017.0
Station_01,Inv_00,20170809,11:54:00,212.0,16.1,3413,213.0,14.9,3174,25868,16504,59.5,1032.0
Station_01,Inv_00,20170809,11:55:00,217.0,15.5,3364,213.0,14.7,3131,25868,16504,58.3,1028.0
Station_01,Inv_00,20170809,11:56:00,214.5,15.5,3325,213.0,14.6,3110,25868,16504,61.1,1009.0
Station_01,Inv_00,20170809,11:57:00,209.5,15.5,3247,211.0,14.5,3060,25868,16504,63.1,996.0
Station_01,Inv_00,20170809,11:58:00,197.5,15.3,3022,211.0,13.4,2827,25868,16504,62.9,933.0
Station_01,Inv_00,20170809,11:59:00,202.0,16.1,3252,212.0,14.4,3053,25868,16504,60.3,1006.0
Station_01,Inv_00,20170809,12:00:00,211.0,15.7,3313,212.0,14.5,3074,25868,16504,61.2,1005.0
Station_01,Inv_00,20170809,12:01:00,214.5,15.5,3325,213.0,14.6,3110,25868,16504,61.7,1002.0
Station_01,Inv_00,20170809,12:02:00,210.5,15.8,3325,212.0,14.6,3095,25868,16504,60.7,1008.0
Station_01,Inv_00,20170809,12:03:00,209.5,15.9,3331,212.0,14.6,3095,25868,16504,60.4,1010.0
Station_01,Inv_00,20170809,12:04:00,212.5,15.7,3336,212.0,14.6,3095,25868,16504,58.7,1011.0
Station_01,Inv_00,20170809,12:05:00,211.5,15.5,3278,212.0,14.4,3053,25868,16504,61.4,988.0
Station_01,Inv_00,20170809,12:06:00,207.5,15.9,3299,212.0,14.5,3074,25868,16504,61.0,999.0
Station_01,Inv_00,20170809,12:07:00,215.0,15.4,3311,212.0,14.6,3095,25868,16504,60.4,1009.0
Station_01,Inv_00,20170809,12:08:00,214.9,3.6,774,210.0,3.3,693,25868,16504,58.7,478.0
Station_01,Inv_00,20170809,12:09:00,211.0,16.0,3376,211.0,14.9,3144,25868,16504,59.5,971.0
Station_01,Inv_00,20170809,12:10:00,216.0,15.4,3326,212.0,14.8,3138,25868,16504,59.7,1008.0
Station_01,Inv_00,20170809,12:11:00,213.0,16.0,3408,211.0,15.0,3165,25868,16504,59.7,1030.0
Station_01,Inv_00,20170809,12:12:00,210.0,16.0,3360,211.0,14.9,3144,25869,16504,58.6,1018.0
Station_01,Inv_00,20170809,12:13:01,209.5,16.3,3415,212.0,15.1,3201,25869,16504,58.1,1029.0
Station_01,Inv_00,20170809,12:14:01,206.5,16.5,3407,211.0,15.1,3186,25869,16504,58.0,1038.0
Station_01,Inv_00,20170809,12:15:00,202.0,11.6,2343,210.0,9.2,1932,25869,16504,56.1,740.0
Station_01,Inv_00,20170809,12:16:00,196.7,17.0,3345,211.0,14.3,3017,25869,16504,55.1,725.0
Station_01,Inv_00,20170809,12:17:00,214.5,16.2,3475,211.0,15.4,3249,25869,16504,55.7,1034.0
Station_01,Inv_00,20170809,12:18:00,206.0,16.9,3481,211.0,15.4,3249,25869,16504,56.2,1049.0
Station_01,Inv_00,20170809,12:19:00,205.0,16.8,3444,210.0,15.3,3213,25869,16504,56.8,1047.0
Station_01,Inv_00,20170809,12:20:00,205.0,16.8,3444,211.0,15.4,3249,25869,16504,56.9,1053.0
Station_01,Inv_00,20170809,12:21:00,210.5,16.6,3494,211.0,15.5,3271,25869,16504,58.2,1050.0
Station_01,Inv_00,20170809,12:22:00,212.5,16.7,3548,211.0,15.7,3313,25869,16504,59.2,1070.0
Station_01,Inv_00,20170809,12:23:00,211.0,17.1,3608,212.0,16.0,3392,25869,16504,58.9,1085.0
Station_01,Inv_00,20170809,12:24:00,212.5,17.0,3612,212.0,16.0,3392,25869,16504,62.0,1087.0
Station_01,Inv_00,20170809,12:25:00,208.0,16.8,3494,212.0,15.4,3265,25869,16504,63.1,1087.0
Station_01,Inv_00,20170809,12:26:00,217.0,5.2,1128,210.0,4.9,1029,25869,16504,58.1,363.0
Station_01,Inv_00,20170809,12:27:00,206.0,8.1,1669,211.0,7.4,1561,25869,16504,57.5,740.0
Station_01,Inv_00,20170809,12:28:00,212.9,17.4,3705,212.0,16.4,3477,25869,16504,58.8,1009.0
Station_01,Inv_00,20170809,12:29:00,217.2,5.3,1151,210.0,5.1,1071,25869,16504,56.9,400.0
Station_01,Inv_00,20170809,12:30:00,194.4,11.1,2158,211.0,9.4,1983,25869,16504,60.1,1028.0
Station_01,Inv_00,20170809,12:31:00,201.5,8.7,1753,211.0,8.0,1688,25869,16504,56.3,870.0
Station_01,Inv_00,20170809,12:32:00,209.0,17.4,3636,212.0,16.0,3392,25870,16505,57.9,1081.0
Station_01,Inv_00,20170809,12:33:00,215.0,16.7,3590,211.0,15.9,3355,25870,16505,60.2,1005.0
Station_01,Inv_00,20170809,12:34:00,210.0,17.4,3654,212.0,16.1,3413,25870,16505,62.2,1090.0
Station_01,Inv_00,20170809,12:35:00,202.9,17.2,3490,211.0,15.6,3292,25870,16505,61.3,934.0
Station_01,Inv_00,20170809,12:36:00,201.4,18.6,3746,211.0,16.5,3482,25870,16505,62.7,1045.0
Station_01,Inv_00,20170809,12:37:00,179.5,6.3,1131,210.0,5.8,1218,25870,16505,61.7,1049.0
Station_01,Inv_00,20170809,12:38:00,216.0,11.9,2570,211.0,11.1,2342,25870,16505,56.8,495.0
Station_01,Inv_00,20170809,12:39:00,213.5,17.4,3715,211.0,16.3,3439,25870,16505,58.3,976.0
Station_01,Inv_00,20170809,12:40:00,207.1,14.2,2941,210.0,10.3,2163,25870,16505,59.2,967.0
Station_01,Inv_00,20170809,12:41:00,206.0,17.5,3604,211.0,16.0,3376,25870,16505,58.4,1013.0
Station_01,Inv_00,20170809,12:42:00,218.1,4.7,1025,210.0,4.6,966,25870,16505,57.0,440.0
Station_01,Inv_00,20170809,12:43:00,218.0,4.4,959,210.0,4.3,903,25870,16505,53.1,300.0
Station_01,Inv_00,20170809,12:44:00,212.5,4.8,1020,210.0,4.5,945,25870,16505,51.6,305.0
Station_01,Inv_00,20170809,12:45:00,213.5,17.8,3800,212.0,16.7,3540,25870,16505,55.0,996.0
Station_01,Inv_00,20170809,12:46:00,211.5,17.2,3638,211.0,16.0,3376,25870,16505,55.7,1075.0
Station_01,Inv_00,20170809,12:47:00,218.5,16.5,3605,211.0,16.0,3376,25870,16505,56.8,1068.0
Station_01,Inv_00,20170809,12:48:00,210.5,16.8,3536,211.0,15.5,3271,25870,16505,57.9,1037.0
Station_01,Inv_00,20170809,12:49:00,214.5,16.1,3453,211.0,15.3,3228,25870,16505,57.8,1028.0
Station_01,Inv_00,20170809,12:50:00,215.0,16.2,3483,211.0,15.5,3271,25870,16505,58.1,1036.0
Station_01,Inv_00,20170809,12:51:00,211.0,16.4,3460,211.0,15.3,3228,25870,16505,60.0,1024.0
Station_01,Inv_00,20170809,12:52:00,213.0,16.0,3408,211.0,15.1,3186,25871,16506,60.0,1020.0
Station_01,Inv_00,20170809,12:53:00,205.0,16.5,3383,211.0,14.9,3144,25871,16506,60.2,1015.0
Station_01,Inv_00,20170809,12:54:00,206.0,4.3,886,210.0,4.0,840,25871,16506,60.0,629.0
Station_01,Inv_00,20170809,12:55:00,204.0,13.1,2672,210.0,11.7,2457,25871,16506,57.8,634.0
Station_01,Inv_00,20170809,12:56:00,218.9,5.8,1270,210.0,5.1,1071,25871,16506,56.0,615.0
Station_01,Inv_00,20170809,12:57:00,215.0,15.7,3375,210.0,15.0,3150,25871,16506,54.7,802.0
Station_01,Inv_00,20170809,12:58:00,214.0,16.2,3467,210.0,15.5,3255,25871,16506,56.4,1009.0
Station_01,Inv_00,20170809,12:59:00,215.0,16.5,3547,210.0,15.9,3339,25871,16506,59.3,1039.0
Station_01,Inv_00,20170809,13:00:00,221.0,4.1,906,210.0,4.0,840,25871,16506,55.7,307.0
Station_01,Inv_00,20170809,13:01:00,216.5,16.4,3551,210.0,15.7,3297,25871,16506,56.5,964.0
Station_01,Inv_00,20170809,13:02:00,212.0,16.0,3392,210.0,15.1,3171,25871,16506,55.8,1010.0
Station_01,Inv_00,20170809,13:03:00,215.5,15.2,3275,212.0,14.5,3074,25871,16506,57.1,968.0
Station_01,Inv_00,20170809,13:04:00,215.5,15.8,3405,212.0,15.1,3201,25871,16506,58.3,1004.0
Station_01,Inv_00,20170809,13:05:00,216.0,15.7,3391,212.0,15.0,3180,25871,16506,60.3,1011.0
Station_01,Inv_00,20170809,13:06:00,212.9,15.8,3364,212.0,14.8,3138,25871,16506,60.9,991.0
Station_01,Inv_00,20170809,13:07:00,174.5,4.9,855,210.0,4.5,945,25871,16506,58.5,790.0
Station_01,Inv_00,20170809,13:08:00,218.0,12.3,2681,211.0,9.5,2005,25871,16506,56.3,386.0
Station_01,Inv_00,20170809,13:09:00,220.5,4.0,882,210.0,3.9,819,25871,16506,53.1,273.0
Station_01,Inv_00,20170809,13:10:00,221.0,4.1,906,210.0,4.0,840,25871,16506,51.0,270.0
Station_01,Inv_00,20170809,13:11:00,225.5,4.6,1037,210.0,4.6,966,25871,16506,50.6,295.0
Station_01,Inv_00,20170809,13:12:00,222.5,5.0,1113,210.0,5.0,1050,25871,16506,49.2,333.0
Station_01,Inv_00,20170809,13:13:01,231.0,5.6,1294,210.0,5.6,1176,25871,16506,47.3,356.0
Station_01,Inv_00,20170809,13:14:00,222.0,13.7,3041,211.0,11.7,2469,25871,16506,51.0,904.0
Station_01,Inv_00,20170809,13:15:01,220.9,17.8,3933,212.0,17.4,3689,25871,16506,54.1,1093.0
Station_01,Inv_00,20170809,13:16:00,202.9,9.1,1847,210.0,7.5,1575,25871,16506,53.0,763.0
Station_01,Inv_00,20170809,13:17:00,219.5,4.6,1010,211.0,4.5,950,25871,16506,51.7,327.0
Station_01,Inv_00,20170809,13:18:00,228.0,3.9,889,210.0,4.0,840,25872,16506,50.3,269.0
Station_01,Inv_00,20170809,13:19:00,222.0,4.0,888,211.0,3.9,823,25872,16506,48.2,262.0
Station_01,Inv_00,20170809,13:20:00,230.5,4.6,1060,211.0,4.6,971,25872,16506,46.1,294.0
Station_01,Inv_00,20170809,13:21:00,231.5,4.9,1134,211.0,4.9,1034,25872,16506,44.7,314.0
Station_01,Inv_00,20170809,13:22:00,229.0,16.1,3686,212.0,16.2,3434,25872,16506,47.0,880.0
Station_01,Inv_00,20170809,13:23:00,202.3,8.5,1720,211.0,8.5,1794,25872,16506,50.3,1037.0
Station_01,Inv_00,20170809,13:24:01,233.9,3.4,795,210.0,3.6,756,25872,16506,47.6,259.0
Station_01,Inv_00,20170809,13:25:00,234.0,2.9,679,211.0,3.1,654,25872,16506,45.9,215.0
Station_01,Inv_00,20170809,13:26:00,232.0,3.0,696,211.0,3.1,654,25872,16506,44.9,209.0
Station_01,Inv_00,20170809,13:27:00,237.0,3.6,853,211.0,3.9,823,25872,16506,43.8,235.0
Station_01,Inv_00,20170809,13:28:00,233.5,12.3,2872,212.0,12.6,2671,25872,16506,45.0,592.0
Station_01,Inv_00,20170809,13:29:00,222.5,16.7,3716,213.0,16.5,3515,25872,16506,48.8,996.0
Station_01,Inv_00,20170809,13:30:00,224.5,16.9,3794,213.0,16.6,3536,25872,16506,50.8,1034.0
Station_01,Inv_00,20170809,13:31:00,227.2,6.1,1386,212.0,6.2,1314,25872,16506,50.0,481.0
Station_01,Inv_00,20170809,13:32:00,230.5,5.7,1314,212.0,5.8,1230,25872,16506,48.6,392.0
Station_01,Inv_00,20170809,13:33:01,202.5,6.4,1296,211.0,6.1,1287,25872,16506,51.6,842.0
Station_01,Inv_00,20170809,13:34:00,231.5,5.8,1343,211.0,5.8,1224,25872,16506,49.4,379.0
Station_01,Inv_00,20170809,13:35:00,227.7,8.3,1890,211.0,8.9,1878,25872,16506,49.2,591.0
Station_01,Inv_00,20170809,13:36:01,232.4,15.7,3649,213.0,16.0,3408,25872,16506,47.4,645.0
Station_01,Inv_00,20170809,13:37:00,237.0,10.6,2512,212.0,9.8,2078,25872,16506,48.1,598.0
Station_01,Inv_00,20170809,13:38:00,235.5,14.1,3321,212.0,11.5,2438,25872,16506,51.0,748.0
Station_01,Inv_00,20170809,13:39:00,223.0,15.8,3523,213.0,15.5,3302,25872,16506,52.3,992.0
Station_01,Inv_00,20170809,13:40:00,223.4,15.7,3508,212.0,15.5,3286,25872,16506,53.3,926.0
Station_01,Inv_00,20170809,13:41:00,216.5,16.5,3572,213.0,15.7,3344,25872,16506,53.6,1016.0
Station_01,Inv_00,20170809,13:42:00,207.0,14.3,2960,212.0,15.6,3307,25872,16506,55.2,1020.0
Station_01,Inv_00,20170809,13:43:00,227.0,5.8,1317,211.0,5.7,1203,25872,16506,52.3,382.0
Station_01,Inv_00,20170809,13:44:00,226.5,15.4,3488,212.0,15.2,3222,25872,16506,51.6,556.0
Station_01,Inv_00,20170809,13:45:00,212.5,8.6,1828,212.0,7.4,1569,25872,16506,54.7,798.0
Station_01,Inv_00,20170809,13:46:00,219.9,6.4,1408,212.0,6.2,1314,25872,16506,52.1,396.0
Station_01,Inv_00,20170809,13:47:00,207.5,10.8,2241,212.0,10.3,2184,25873,16507,52.2,692.0
Station_01,Inv_00,20170809,13:48:00,219.4,14.7,3226,213.0,14.2,3025,25873,16507,54.8,910.0
Station_01,Inv_00,20170809,13:49:00,214.0,14.9,3189,213.0,14.1,3003,25873,16507,56.7,906.0
Station_01,Inv_00,20170809,13:50:00,215.0,14.7,3160,213.0,13.9,2961,25873,16507,56.7,897.0
Station_01,Inv_00,20170809,13:51:00,219.5,14.0,3073,213.0,13.6,2897,25873,16507,56.6,888.0
Station_01,Inv_00,20170809,13:52:00,220.0,13.1,2882,212.0,12.9,2735,25873,16507,56.2,843.0
Station_01,Inv_00,20170809,13:53:00,215.3,14.4,3101,212.0,13.7,2904,25873,16507,56.4,651.0
Station_01,Inv_00,20170809,13:54:00,220.0,13.9,3058,212.0,13.6,2883,25873,16507,56.3,886.0
Station_01,Inv_00,20170809,13:55:00,217.5,13.9,3023,213.0,13.4,2854,25873,16507,58.4,874.0
Station_01,Inv_00,20170809,13:56:00,218.0,13.8,3008,212.0,13.2,2798,25873,16507,59.3,863.0
Station_01,Inv_00,20170809,13:57:00,216.5,13.6,2944,212.0,13.1,2777,25873,16507,59.3,862.0
Station_01,Inv_00,20170809,13:58:00,218.5,13.0,2840,212.0,12.6,2671,25873,16507,57.7,831.0
Station_01,Inv_00,20170809,13:59:00,218.0,12.9,2812,211.0,12.5,2638,25873,16507,57.5,813.0
Station_01,Inv_00,20170809,14:00:00,219.0,12.7,2781,212.0,12.4,2629,25873,16507,56.7,802.0
Station_01,Inv_00,20170809,14:01:00,209.5,13.9,2912,211.0,12.9,2722,25873,16507,54.8,837.0
Station_01,Inv_00,20170809,14:02:00,218.5,13.5,2950,211.0,13.1,2764,25873,16507,55.0,843.0
Station_01,Inv_00,20170809,14:03:00,214.0,13.9,2975,212.0,13.2,2798,25873,16507,55.1,852.0
Station_01,Inv_00,20170809,14:04:00,219.0,13.8,3022,212.0,13.4,2841,25873,16507,54.9,869.0
Station_01,Inv_00,20170809,14:05:00,217.5,13.7,2980,212.0,13.2,2798,25873,16507,54.3,860.0
Station_01,Inv_00,20170809,14:06:00,216.0,13.6,2937,211.0,13.0,2743,25873,16507,54.5,846.0
Station_01,Inv_00,20170809,14:07:00,208.0,13.8,2870,211.0,12.7,2680,25873,16507,55.3,832.0
Station_01,Inv_00,20170809,14:08:00,207.5,13.4,2780,211.0,12.4,2616,25874,16508,54.3,819.0
Station_01,Inv_00,20170809,14:09:00,208.0,13.4,2787,211.0,12.4,2616,25874,16508,54.2,815.0
Station_01,Inv_00,20170809,14:10:00,222.0,12.7,2819,211.0,12.6,2659,25874,16508,55.7,807.0
Station_01,Inv_00,20170809,14:11:00,210.0,13.1,2751,211.0,12.3,2595,25874,16508,53.5,801.0
Station_01,Inv_00,20170809,14:12:00,220.5,12.4,2734,211.0,12.2,2574,25874,16508,53.3,786.0
Station_01,Inv_00,20170809,14:13:00,221.0,12.5,2762,211.0,12.4,2616,25874,16508,53.5,785.0
Station_01,Inv_00,20170809,14:14:00,218.5,12.7,2775,212.0,12.3,2608,25874,16508,51.8,793.0
Station_01,Inv_00,20170809,14:15:00,223.5,12.2,2727,211.0,12.2,2574,25874,16508,52.7,777.0
Station_01,Inv_00,20170809,14:16:00,218.5,12.4,2709,211.0,12.1,2553,25874,16508,54.0,777.0
Station_01,Inv_00,20170809,14:17:00,224.0,12.3,2755,211.0,12.3,2595,25874,16508,54.2,783.0
Station_01,Inv_00,20170809,14:18:00,223.5,12.2,2726,211.0,12.2,2574,25874,16508,54.5,778.0
Station_01,Inv_00,20170809,14:19:00,222.0,12.2,2708,211.0,12.2,2574,25874,16508,52.6,777.0
Station_01,Inv_00,20170809,14:20:00,222.0,12.1,2686,212.0,12.0,2544,25874,16508,53.3,768.0
Station_01,Inv_00,20170809,14:21:00,225.0,12.2,2744,211.0,12.2,2574,25874,16508,53.8,775.0
Station_01,Inv_00,20170809,14:22:00,222.0,12.3,2731,211.0,12.2,2574,25874,16508,54.8,776.0
Station_01,Inv_00,20170809,14:23:00,220.4,12.3,2711,212.0,12.2,2586,25874,16508,53.1,779.0
Station_01,Inv_00,20170809,14:24:00,224.5,12.2,2739,212.0,12.1,2565,25874,16508,53.6,779.0
Station_01,Inv_00,20170809,14:25:00,220.0,12.3,2706,212.0,12.1,2565,25874,16508,53.4,777.0
Station_01,Inv_00,20170809,14:26:00,223.5,11.9,2660,212.0,11.8,2502,25874,16508,53.9,755.0
Station_01,Inv_00,20170809,14:27:00,224.5,11.4,2559,212.0,11.4,2417,25874,16508,54.2,732.0
Station_01,Inv_00,20170809,14:28:00,222.5,11.2,2492,212.0,11.2,2374,25874,16508,55.3,714.0
Station_01,Inv_00,20170809,14:29:00,224.5,11.2,2514,212.0,11.2,2374,25874,16508,52.8,718.0
Station_01,Inv_00,20170809,14:30:00,223.5,11.1,2481,212.0,11.1,2353,25875,16508,54.5,709.0
Station_01,Inv_00,20170809,14:31:00,223.5,10.4,2324,211.0,10.6,2237,25875,16508,53.8,711.0
Station_01,Inv_00,20170809,14:32:00,222.0,11.7,2597,212.0,11.6,2459,25875,16508,53.3,736.0
Station_01,Inv_00,20170809,14:33:00,225.5,11.3,2548,212.0,11.3,2396,25875,16508,54.2,725.0
Station_01,Inv_00,20170809,14:34:00,223.4,11.4,2547,212.0,11.3,2396,25875,16508,54.4,727.0
Station_01,Inv_00,20170809,14:35:00,214.5,12.3,2638,212.0,11.8,2502,25875,16508,55.0,745.0
Station_01,Inv_00,20170809,14:36:00,212.5,12.5,2656,213.0,11.8,2513,25875,16508,55.6,763.0
Station_01,Inv_00,20170809,14:37:00,223.5,11.3,2525,212.0,10.6,2247,25875,16508,54.4,580.0
Station_01,Inv_00,20170809,14:38:00,219.0,7.1,1555,212.0,6.8,1442,25875,16508,54.3,525.0
Station_01,Inv_00,20170809,14:39:00,220.5,12.6,2778,212.0,12.3,2608,25875,16508,54.2,763.0
Station_01,Inv_00,20170809,14:40:00,208.0,5.4,1123,211.0,5.2,1097,25875,16508,53.1,642.0
Station_01,Inv_00,20170809,14:41:00,222.5,11.8,2625,212.0,11.7,2480,25875,16508,52.8,707.0
Station_01,Inv_00,20170809,14:42:00,223.5,11.5,2570,212.0,11.4,2417,25875,16508,54.2,728.0
Station_01,Inv_00,20170809,14:43:00,207.0,11.4,2360,212.0,10.6,2247,25875,16508,53.7,706.0
Station_01,Inv_00,20170809,14:44:00,225.5,4.0,902,211.0,3.9,823,25875,16508,51.1,229.0
Station_01,Inv_00,20170809,14:45:00,223.4,11.7,2614,212.0,11.7,2480,25875,16508,52.8,735.0
Station_01,Inv_00,20170809,14:46:00,224.5,11.9,2671,212.0,11.8,2502,25875,16508,52.2,748.0
Station_01,Inv_00,20170809,14:47:00,221.0,11.5,2541,212.0,11.5,2438,25875,16508,53.3,736.0
Station_01,Inv_00,20170809,14:48:00,221.4,11.4,2524,212.0,11.2,2374,25875,16508,51.7,681.0
Station_01,Inv_00,20170809,14:49:00,223.5,10.9,2436,212.0,10.8,2290,25875,16508,50.9,692.0
Station_01,Inv_00,20170809,14:50:00,223.0,11.5,2565,212.0,11.4,2417,25875,16508,51.0,709.0
Station_01,Inv_00,20170809,14:51:00,214.1,6.4,1370,212.0,6.8,1442,25875,16508,50.3,597.0
Station_01,Inv_00,20170809,14:52:00,217.5,12.1,2632,212.0,11.7,2480,25875,16508,51.6,715.0
Station_01,Inv_00,20170809,14:53:00,227.0,11.1,2520,212.0,11.3,2396,25875,16508,52.9,711.0
Station_01,Inv_00,20170809,14:54:00,225.5,11.1,2503,211.0,11.2,2363,25875,16508,52.6,702.0
Station_01,Inv_00,20170809,14:55:00,223.4,11.2,2503,212.0,11.1,2353,25876,16509,52.7,700.0
Station_01,Inv_00,20170809,14:56:00,222.5,11.1,2470,212.0,10.9,2311,25876,16509,52.6,694.0
Station_01,Inv_00,20170809,14:57:00,221.5,11.1,2459,212.0,10.9,2311,25876,16509,54.1,694.0
Station_01,Inv_00,20170809,14:58:00,222.9,11.0,2452,212.0,10.9,2311,25876,16509,55.9,693.0
Station_01,Inv_00,20170809,14:59:00,227.0,10.6,2406,212.0,10.7,2268,25876,16509,54.4,679.0
Station_01,Inv_00,20170809,15:00:00,212.0,11.1,2353,212.0,10.4,2205,25876,16509,52.4,676.0
Station_01,Inv_00,20170809,15:01:00,212.0,11.0,2332,212.0,10.4,2205,25876,16509,53.1,672.0
Station_01,Inv_00,20170809,15:02:00,211.5,10.9,2305,211.0,10.3,2173,25876,16509,52.9,663.0
Station_01,Inv_00,20170809,15:03:00,222.5,10.7,2381,211.0,10.6,2237,25876,16509,53.4,671.0
Station_01,Inv_00,20170809,15:04:00,225.5,10.5,2368,212.0,10.6,2247,25876,16509,52.8,670.0
Station_01,Inv_00,20170809,15:05:00,226.5,10.3,2333,212.0,10.4,2205,25876,16509,52.6,662.0
Station_01,Inv_00,20170809,15:06:00,221.5,10.4,2304,212.0,10.3,2184,25876,16509,52.8,649.0
Station_01,Inv_00,20170809,15:07:00,226.0,10.1,2283,211.0,10.3,2173,25876,16509,51.6,648.0
Station_01,Inv_00,20170809,15:08:00,221.0,10.2,2254,211.0,10.2,2152,25876,16509,52.2,641.0
Station_01,Inv_00,20170809,15:09:00,213.5,10.3,2199,211.0,9.8,2068,25876,16509,52.0,655.0
Station_01,Inv_00,20170809,15:10:00,209.5,10.3,2158,211.0,9.7,2047,25876,16509,51.7,629.0
Station_01,Inv_00,20170809,15:11:00,210.0,10.3,2163,211.0,9.7,2047,25876,16509,53.2,632.0
Station_01,Inv_00,20170809,15:12:00,209.5,10.0,2095,211.0,9.4,1983,25876,16509,52.3,614.0
Station_01,Inv_00,20170809,15:13:00,209.5,9.8,2053,211.0,9.2,1941,25876,16509,51.8,603.0
Station_01,Inv_00,20170809,15:14:00,202.5,6.4,1296,211.0,7.2,1519,25876,16509,52.7,596.0
Station_01,Inv_00,20170809,15:15:00,222.8,9.5,2116,211.0,9.5,2005,25876,16509,51.3,567.0
Station_01,Inv_00,20170809,15:16:00,225.4,9.4,2119,211.0,9.6,2026,25876,16509,51.9,602.0
Station_01,Inv_00,20170809,15:17:00,226.5,9.6,2174,211.0,9.8,2068,25876,16509,50.7,609.0
Station_01,Inv_00,20170809,15:18:00,229.0,9.6,2198,211.0,9.8,2068,25876,16509,51.0,612.0
Station_01,Inv_00,20170809,15:19:00,228.0,9.4,2143,211.0,9.6,2026,25876,16509,50.3,603.0
Station_01,Inv_00,20170809,15:20:00,230.0,9.5,2185,211.0,9.7,2047,25876,16509,51.2,607.0
Station_01,Inv_00,20170809,15:21:00,226.5,9.4,2129,211.0,9.5,2005,25877,16510,49.7,602.0
Station_01,Inv_00,20170809,15:22:00,224.5,9.4,2110,212.0,9.5,2014,25877,16510,49.4,596.0
Station_01,Inv_00,20170809,15:23:00,229.0,9.1,2084,211.0,9.3,1962,25877,16510,50.2,586.0
Station_01,Inv_00,20170809,15:24:00,222.0,9.3,2065,211.0,9.3,1962,25877,16510,49.1,582.0
Station_01,Inv_00,20170809,15:25:00,231.0,8.8,2033,211.0,9.2,1941,25877,16510,50.4,571.0
Station_01,Inv_00,20170809,15:26:00,228.5,8.8,2011,212.0,9.0,1908,25877,16510,49.6,564.0
Station_01,Inv_00,20170809,15:27:00,230.5,8.8,2028,211.0,9.1,1920,25877,16510,49.7,581.0
Station_01,Inv_00,20170809,15:28:00,231.0,8.7,2010,212.0,8.9,1887,25877,16510,48.8,563.0
Station_01,Inv_00,20170809,15:29:00,228.4,8.8,2010,212.0,9.0,1908,25877,16510,48.7,565.0
Station_01,Inv_00,20170809,15:30:01,228.0,8.7,1984,212.0,8.8,1866,25877,16510,49.9,556.0
Station_01,Inv_00,20170809,15:31:00,231.0,8.5,1963,211.0,8.8,1857,25877,16510,48.2,553.0
Station_01,Inv_00,20170809,15:32:00,232.0,8.3,1926,212.0,8.6,1823,25877,16510,47.9,537.0
Station_01,Inv_00,20170809,15:33:00,230.0,8.2,1886,211.0,8.3,1751,25877,16510,47.3,528.0
Station_01,Inv_00,20170809,15:34:00,231.0,8.2,1894,211.0,8.5,1794,25877,16510,47.2,530.0
Station_01,Inv_00,20170809,15:35:00,226.5,8.3,1880,211.0,8.4,1772,25877,16510,48.4,529.0
Station_01,Inv_00,20170809,15:36:00,231.0,8.2,1894,210.0,8.4,1764,25877,16510,48.6,527.0
Station_01,Inv_00,20170809,15:37:00,230.5,8.1,1867,211.0,8.2,1730,25877,16510,48.0,517.0
Station_01,Inv_00,20170809,15:38:00,226.5,8.1,1835,211.0,8.1,1709,25877,16510,47.7,518.0
Station_01,Inv_00,20170809,15:39:00,230.5,7.7,1775,212.0,7.9,1675,25877,16510,47.7,497.0
Station_01,Inv_00,20170809,15:40:00,233.5,7.8,1821,211.0,8.0,1688,25877,16510,47.3,500.0
Station_01,Inv_00,20170809,15:41:00,233.5,7.6,1775,211.0,8.0,1688,25877,16510,46.7,498.0
Station_01,Inv_00,20170809,15:42:00,231.5,7.7,1783,212.0,7.9,1675,25877,16510,46.8,496.0
Station_01,Inv_00,20170809,15:43:00,234.0,7.6,1778,212.0,8.0,1696,25877,16510,46.7,498.0
Station_01,Inv_00,20170809,15:44:00,234.5,7.6,1782,211.0,8.0,1688,25877,16510,47.8,498.0
Station_01,Inv_00,20170809,15:45:00,227.5,7.7,1752,211.0,7.8,1646,25877,16510,46.7,495.0
Station_01,Inv_00,20170809,15:46:00,234.0,7.7,1802,211.0,7.9,1667,25877,16510,46.8,495.0
Station_01,Inv_00,20170809,15:47:00,229.9,7.6,1748,212.0,7.8,1654,25877,16510,46.2,492.0
Station_01,Inv_00,20170809,15:48:00,231.4,7.4,1712,212.0,7.7,1632,25877,16510,47.0,483.0
Station_01,Inv_00,20170809,15:49:00,233.5,7.5,1751,212.0,7.8,1654,25877,16510,46.4,488.0
Station_01,Inv_00,20170809,15:50:00,230.0,7.4,1702,212.0,7.7,1632,25877,16510,47.1,485.0
Station_01,Inv_00,20170809,15:51:00,232.5,7.4,1721,212.0,7.7,1632,25877,16510,46.1,478.0
Station_01,Inv_00,20170809,15:52:00,232.0,7.4,1717,212.0,7.7,1632,25877,16510,45.1,482.0
Station_01,Inv_00,20170809,15:53:00,232.0,7.6,1763,212.0,7.7,1632,25878,16510,46.5,482.0
Station_01,Inv_00,20170809,15:54:00,234.5,7.3,1712,212.0,7.7,1632,25878,16510,46.8,477.0
Station_01,Inv_00,20170809,15:55:00,232.0,7.1,1647,212.0,7.3,1548,25878,16510,45.7,468.0
Station_01,Inv_00,20170809,15:56:00,229.4,7.0,1606,212.0,7.2,1526,25878,16510,46.1,458.0
Station_01,Inv_00,20170809,15:57:00,232.0,7.1,1647,212.0,7.2,1526,25878,16510,44.8,455.0
Station_01,Inv_00,20170809,15:58:00,146.0,2.1,307,211.0,2.7,570,25878,16510,44.3,358.0
Station_01,Inv_00,20170809,15:59:00,0.0,0.0,0,0.0,0.0,0,25878,16510,42.5,122.0
Station_01,Inv_00,20170809,16:00:00,0.0,0.0,0,0.0,0.0,0,25878,16510,43.7,444.0
Station_01,Inv_00,20170809,16:01:00,0.0,0.0,0,0.0,0.0,0,25878,16510,43.9,447.0
Station_01,Inv_00,20170809,16:02:00,0.0,0.0,0,0.0,0.0,0,25878,16510,44.6,441.0
Station_01,Inv_00,20170809,16:03:00,0.0,0.0,0,0.0,0.0,0,25878,16510,45.0,425.0
Station_01,Inv_00,20170809,16:04:00,252.5,4.0,1010,212.0,4.6,975,25878,16510,44.8,362.0
Station_01,Inv_00,20170809,16:05:00,238.4,6.2,1478,212.0,6.5,1378,25878,16510,44.9,406.0
Station_01,Inv_00,20170809,16:06:00,237.3,6.3,1495,212.0,6.7,1420,25878,16510,45.1,426.0
Station_01,Inv_00,20170809,16:07:00,237.0,6.3,1493,212.0,6.7,1420,25878,16510,44.3,424.0
Station_01,Inv_00,20170809,16:08:00,239.9,6.0,1439,212.0,6.3,1336,25878,16510,45.2,390.0
Station_01,Inv_00,20170809,16:09:00,228.5,5.3,1211,212.0,5.5,1166,25878,16510,44.8,384.0
Station_01,Inv_00,20170809,16:10:01,239.3,2.3,551,211.0,2.0,422,25878,16510,44.7,241.0
Station_01,Inv_00,20170809,16:11:00,231.0,5.5,1270,212.0,5.8,1230,25878,16510,44.8,380.0
Station_01,Inv_00,20170809,16:12:00,236.5,5.9,1395,212.0,6.2,1314,25878,16510,43.8,392.0
Station_01,Inv_00,20170809,16:13:00,227.9,5.9,1345,211.0,5.9,1245,25878,16510,43.3,384.0
Station_01,Inv_00,20170809,16:14:01,0.0,0.0,0,215.0,0.5,108,25878,16510,43.1,237.0
Station_01,Inv_00,20170809,16:15:00,0.0,0.0,0,0.0,0.0,0,25878,16510,42.3,347.0
Station_01,Inv_00,20170809,16:16:00,0.0,0.0,0,0.0,0.0,0,25878,16510,43.4,385.0
Station_01,Inv_00,20170809,16:17:00,0.0,0.0,0,0.0,0.0,0,25878,16510,43.3,377.0
Station_01,Inv_00,20170809,16:18:00,0.0,0.0,0,0.0,0.0,0,25878,16510,43.4,379.0
Station_01,Inv_00,20170809,16:19:00,0.0,0.0,0,0.0,0.0,0,25878,16510,43.9,372.0
Station_01,Inv_00,20170809,16:20:00,236.0,5.5,1298,212.0,5.6,1187,25878,16510,43.6,366.0
Station_01,Inv_00,20170809,16:21:00,234.9,5.6,1316,212.0,5.7,1208,25878,16510,43.8,369.0
Station_01,Inv_00,20170809,16:22:00,234.5,5.7,1337,212.0,5.8,1230,25878,16510,43.1,370.0
Station_01,Inv_00,20170809,16:23:00,235.5,5.5,1295,212.0,5.8,1230,25878,16510,43.0,370.0
Station_01,Inv_00,20170809,16:24:00,230.0,5.6,1288,211.0,5.6,1182,25878,16510,42.8,364.0
Station_01,Inv_00,20170809,16:25:00,239.5,5.3,1269,212.0,5.6,1187,25878,16510,42.3,363.0
Station_01,Inv_00,20170809,16:26:00,235.0,5.2,1222,212.0,5.3,1124,25878,16510,42.6,347.0
Station_01,Inv_00,20170809,16:27:00,230.8,5.2,1200,212.0,5.3,1124,25878,16510,41.9,348.0
Station_01,Inv_00,20170809,16:28:00,231.9,5.2,1206,212.0,5.2,1102,25878,16510,42.0,342.0
Station_01,Inv_00,20170809,16:29:00,237.9,4.9,1166,212.0,5.1,1081,25878,16510,41.4,338.0
Station_01,Inv_00,20170809,16:30:00,230.0,4.9,1127,212.0,5.0,1060,25878,16510,41.4,330.0
Station_01,Inv_00,20170809,16:31:00,236.5,4.9,1159,212.0,5.0,1060,25878,16510,41.3,328.0
Station_01,Inv_00,20170809,16:32:00,230.0,4.8,1104,212.0,4.8,1018,25878,16510,41.5,318.0
Station_01,Inv_00,20170809,16:33:00,232.0,4.9,1137,212.0,4.9,1039,25878,16510,41.7,323.0
Station_01,Inv_00,20170809,16:34:00,235.4,4.7,1106,212.0,4.7,996,25878,16510,41.4,320.0
Station_01,Inv_00,20170809,16:35:00,228.0,4.7,1072,212.0,4.6,975,25878,16510,41.5,313.0
Station_01,Inv_00,20170809,16:36:01,238.0,4.5,1071,212.0,4.6,975,25878,16510,41.0,310.0
Station_01,Inv_00,20170809,16:37:00,235.4,4.5,1060,212.0,4.6,975,25878,16510,41.4,304.0
Station_01,Inv_00,20170809,16:38:00,230.9,4.5,1039,212.0,4.5,954,25878,16510,40.8,304.0
Station_01,Inv_00,20170809,16:39:01,239.9,4.2,1008,212.0,4.5,954,25878,16510,40.6,299.0
Station_01,Inv_00,20170809,16:40:00,240.0,4.2,1008,212.0,4.4,933,25878,16510,40.9,293.0
Station_01,Inv_00,20170809,16:41:00,237.4,4.2,997,212.0,4.3,912,25878,16510,40.4,288.0
Station_01,Inv_00,20170809,16:42:00,235.9,4.0,944,212.0,4.2,890,25878,16510,40.4,284.0
Station_01,Inv_00,20170809,16:43:00,232.5,4.0,930,212.0,4.1,869,25878,16510,40.1,280.0
Station_01,Inv_00,20170809,16:44:00,230.5,4.0,922,212.0,4.1,869,25878,16510,39.6,277.0
Station_01,Inv_00,20170809,16:45:00,238.5,3.9,930,212.0,4.0,848,25878,16510,39.4,273.0
Station_01,Inv_00,20170809,16:46:00,234.5,3.9,915,213.0,3.9,831,25878,16510,39.0,268.0
Station_01,Inv_00,20170809,16:47:00,228.0,3.9,889,210.0,3.9,819,25878,16510,39.3,265.0
Station_01,Inv_00,20170809,16:48:00,240.8,3.6,867,211.0,3.9,823,25878,16510,39.1,259.0
Station_01,Inv_00,20170809,16:49:00,234.5,3.6,844,210.0,3.7,777,25878,16510,38.7,252.0
Station_01,Inv_00,20170809,16:50:00,233.5,3.6,841,210.0,3.7,777,25878,16510,38.5,253.0
Station_01,Inv_00,20170809,16:51:00,228.0,3.6,821,210.0,3.6,756,25878,16510,38.3,251.0
Station_01,Inv_00,20170809,16:52:00,238.5,3.5,835,210.0,3.7,777,25878,16510,38.5,247.0
Station_01,Inv_00,20170809,16:53:00,233.5,3.5,817,210.0,3.6,756,25878,16510,38.3,244.0
Station_01,Inv_00,20170809,16:54:00,236.0,3.4,802,210.0,3.6,756,25878,16510,38.0,242.0
Station_01,Inv_00,20170809,16:55:00,229.9,3.4,782,210.0,3.5,735,25879,16511,38.0,238.0
Station_01,Inv_00,20170809,16:56:00,235.9,3.4,802,210.0,3.6,756,25879,16511,37.8,239.0
Station_01,Inv_00,20170809,16:57:00,236.5,3.3,780,211.0,3.5,739,25879,16511,37.7,235.0
Station_01,Inv_00,20170809,16:58:00,239.5,3.2,766,211.0,3.4,717,25879,16511,37.7,230.0
Station_01,Inv_00,20170809,16:59:00,239.0,3.1,741,211.0,3.4,717,25879,16511,37.2,227.0
Station_01,Inv_00,20170809,17:00:00,237.0,3.1,735,210.0,3.3,693,25879,16511,36.9,225.0
Station_01,Inv_00,20170809,17:01:00,238.5,3.0,715,210.0,3.2,672,25879,16511,37.0,221.0
Station_01,Inv_00,20170809,17:02:00,241.0,2.9,699,213.0,3.1,660,25879,16511,36.7,218.0
Station_01,Inv_00,20170809,17:03:00,231.0,2.9,670,213.0,3.0,639,25879,16511,36.4,210.0
Station_01,Inv_00,20170809,17:04:00,232.0,2.8,650,214.0,2.9,621,25879,16511,36.3,206.0
Station_01,Inv_00,20170809,17:05:00,235.4,2.7,636,214.0,2.9,621,25879,16511,35.9,203.0
Station_01,Inv_00,20170809,17:06:00,234.5,2.6,610,214.0,2.8,599,25879,16511,35.8,196.0
Station_01,Inv_00,20170809,17:07:00,234.0,2.6,608,214.0,2.7,578,25879,16511,35.7,135.0
Station_01,Inv_00,20170809,17:08:00,236.0,2.6,614,216.0,2.6,562,25879,16511,35.9,93.0
Station_01,Inv_00,20170809,17:09:00,232.8,2.6,605,216.0,2.5,540,25879,16511,35.5,90.0
Station_01,Inv_00,20170809,17:10:00,236.9,2.5,592,216.0,2.5,540,25879,16511,35.5,89.0
Station_01,Inv_00,20170809,17:11:00,224.5,2.4,539,216.0,2.4,518,25879,16511,35.5,87.0
Station_01,Inv_00,20170809,17:12:00,235.0,2.2,517,215.0,2.4,516,25879,16511,35.1,86.0
Station_01,Inv_00,20170809,17:13:00,228.0,2.1,479,215.0,2.2,473,25879,16511,35.0,83.0
Station_01,Inv_00,20170809,17:14:00,227.8,2.2,501,216.0,2.1,454,25879,16511,34.6,83.0
Station_01,Inv_00,20170809,17:15:00,227.0,2.1,477,216.0,2.0,432,25879,16511,34.3,81.0
Station_01,Inv_00,20170809,17:16:00,223.1,2.0,446,216.0,2.0,432,25879,16511,34.2,79.0
Station_01,Inv_00,20170809,17:17:00,230.8,1.7,392,216.0,1.8,389,25879,16511,34.0,77.0
Station_01,Inv_00,20170809,17:18:00,238.1,1.4,333,215.0,1.5,323,25879,16511,33.7,77.0
Station_01,Inv_00,20170809,17:19:00,238.5,1.3,310,215.0,1.5,323,25879,16511,33.5,76.0
Station_01,Inv_00,20170809,17:20:00,244.5,1.3,318,216.0,1.5,324,25879,16511,33.4,84.0
Station_01,Inv_00,20170809,17:21:00,244.5,1.3,318,215.0,1.4,301,25879,16511,33.4,74.0
Station_01,Inv_00,20170809,17:22:00,241.5,1.2,290,215.0,1.4,301,25879,16511,33.2,74.0
Station_01,Inv_00,20170809,17:23:00,234.0,1.2,281,215.0,1.4,301,25879,16511,33.3,73.0
Station_01,Inv_00,20170809,17:24:00,221.0,1.2,265,217.0,1.3,282,25879,16511,33.2,73.0
Station_01,Inv_00,20170809,17:25:00,220.7,1.2,265,217.0,1.2,260,25879,16511,33.0,73.0
Station_01,Inv_00,20170809,17:26:00,242.7,1.2,291,217.0,1.3,282,25879,16511,33.0,72.0
Station_01,Inv_00,20170809,17:27:00,241.2,1.1,265,217.0,1.3,282,25879,16511,33.0,72.0
Station_01,Inv_00,20170809,17:28:00,236.9,1.1,261,216.0,1.3,281,25879,16511,32.9,72.0
Station_01,Inv_00,20170809,17:29:00,233.3,1.1,257,216.0,1.2,259,25879,16511,32.9,71.0
Station_01,Inv_00,20170809,17:30:00,233.1,1.1,256,215.0,1.2,258,25879,16511,32.8,72.0
Station_01,Inv_00,20170809,17:31:00,229.0,1.0,229,215.0,1.1,237,25879,16511,32.9,72.0
Station_01,Inv_00,20170809,17:32:00,216.0,1.0,216,216.0,1.1,238,25879,16511,32.8,72.0
Station_01,Inv_00,20170809,17:33:00,215.0,1.0,215,215.0,1.0,215,25879,16511,32.8,72.0
Station_01,Inv_00,20170809,17:34:00,210.4,1.0,210,215.0,1.0,215,25879,16511,32.8,72.0
Station_01,Inv_00,20170809,17:35:00,205.4,0.9,185,216.0,1.0,216,25879,16511,32.7,71.0
Station_01,Inv_00,20170809,17:36:00,204.4,0.9,184,216.0,0.9,194,25879,16511,32.7,71.0
Station_01,Inv_00,20170809,17:37:00,194.1,0.8,155,216.0,0.9,194,25879,16511,32.8,71.0
Station_01,Inv_00,20170809,17:38:00,206.0,0.8,165,215.0,0.9,194,25879,16511,32.7,70.0
Station_01,Inv_00,20170809,17:39:00,216.0,0.7,151,215.0,0.9,194,25879,16511,32.6,70.0
Station_01,Inv_00,20170809,17:40:00,200.5,0.8,160,216.0,0.9,194,25879,16511,32.6,71.0
Station_01,Inv_00,20170809,17:41:00,183.0,0.7,128,216.0,0.8,173,25879,16511,32.6,70.0
Station_01,Inv_00,20170809,17:42:00,223.5,0.8,179,215.0,0.9,194,25879,16511,32.6,69.0
Station_01,Inv_00,20170809,17:43:00,215.7,0.7,151,215.0,0.9,194,25879,16511,32.6,68.0
Station_01,Inv_00,20170809,17:44:00,208.4,0.7,146,216.0,0.9,194,25879,16511,32.5,72.0
Station_01,Inv_00,20170809,17:45:00,179.4,0.7,126,216.0,0.7,151,25879,16511,32.6,67.0
Station_01,Inv_00,20170809,17:46:00,216.0,0.7,151,216.0,0.9,194,25879,16511,32.5,67.0
Station_01,Inv_00,20170809,17:47:00,221.0,0.8,177,216.0,0.9,194,25879,16511,32.5,66.0
Station_01,Inv_00,20170809,17:48:00,204.6,0.7,143,216.0,0.8,173,25879,16511,32.5,66.0
Station_01,Inv_00,20170809,17:49:00,232.0,0.6,139,217.0,0.9,195,25879,16511,32.5,65.0
Station_01,Inv_00,20170809,17:50:00,220.5,0.8,176,216.0,0.9,194,25879,16511,32.5,64.0
Station_01,Inv_00,20170809,17:51:00,225.5,0.6,135,216.0,0.9,194,25879,16511,32.5,63.0
Station_01,Inv_00,20170809,17:52:00,227.0,0.6,136,215.0,0.8,172,25879,16511,32.5,63.0
Station_01,Inv_00,20170809,17:53:00,223.0,0.6,134,216.0,0.8,173,25879,16511,32.4,62.0
Station_01,Inv_00,20170809,17:54:01,214.3,0.6,129,215.0,0.8,172,25879,16511,32.4,60.0
Station_01,Inv_00,20170809,17:55:00,215.0,0.6,129,216.0,0.7,151,25879,16511,32.4,60.0
Station_01,Inv_00,20170809,17:56:00,211.0,0.6,127,216.0,0.7,151,25879,16511,32.3,59.0
Station_01,Inv_00,20170809,17:57:00,155.6,0.5,78,215.0,0.5,108,25879,16511,32.3,57.0
Station_01,Inv_00,20170809,17:58:00,217.5,0.6,131,216.0,0.7,151,25879,16511,32.2,57.0
Station_01,Inv_00,20170809,17:59:00,202.0,0.6,121,216.0,0.6,130,25879,16511,32.2,55.0
Station_01,Inv_00,20170809,18:00:00,203.2,0.5,102,216.0,0.6,130,25879,16511,32.1,54.0
Station_01,Inv_00,20170809,18:01:00,216.0,0.5,108,216.0,0.6,130,25879,16511,32.1,53.0
Station_01,Inv_00,20170809,18:02:00,184.0,0.5,92,216.0,0.5,108,25879,16511,32.0,71.0
Station_01,Inv_00,20170809,18:03:00,221.8,0.5,111,216.0,0.6,130,25879,16511,32.0,68.0
Station_01,Inv_00,20170809,18:04:00,203.0,0.4,81,216.0,0.6,130,25879,16511,31.9,65.0
Station_01,Inv_00,20170809,18:05:00,183.4,0.5,92,216.0,0.5,108,25879,16511,31.9,66.0
Station_01,Inv_00,20170809,18:06:00,157.5,0.4,63,217.0,0.5,109,25879,16511,31.8,49.0
Station_01,Inv_00,20170809,18:07:00,183.5,0.4,73,216.0,0.5,108,25879,16511,31.8,47.0
Station_01,Inv_00,20170809,18:08:00,216.3,0.4,87,216.0,0.5,108,25879,16511,31.7,63.0
Station_01,Inv_00,20170809,18:09:00,207.3,0.3,62,217.0,0.5,109,25879,16511,31.6,45.0
Station_01,Inv_00,20170809,18:10:00,193.0,0.3,58,217.0,0.5,109,25879,16511,31.6,58.0
Station_01,Inv_00,20170809,18:11:00,215.7,0.3,65,217.0,0.5,109,25879,16511,31.6,45.0
Station_01,Inv_00,20170809,18:12:00,212.3,0.3,64,216.0,0.5,108,25879,16511,31.5,40.0
Station_01,Inv_00,20170809,18:13:00,195.0,0.3,59,217.0,0.5,109,25879,16511,31.5,38.0
Station_01,Inv_00,20170809,18:14:00,202.0,0.3,61,216.0,0.5,108,25879,16511,31.4,42.0
Station_01,Inv_00,20170809,18:15:00,204.7,0.3,61,216.0,0.5,108,25879,16511,31.3,48.0
Station_01,Inv_00,20170809,18:16:00,203.0,0.1,20,217.0,0.4,87,25879,16511,31.2,34.0
Station_01,Inv_00,20170809,18:17:00,205.0,0.1,21,216.0,0.4,86,25879,16511,31.2,34.0
Station_01,Inv_00,20170809,18:18:00,205.0,0.1,21,217.0,0.4,87,25879,16511,31.1,32.0
Station_01,Inv_00,20170809,18:19:00,215.0,0.2,43,217.0,0.4,87,25879,16511,31.0,31.0
Station_01,Inv_00,20170809,18:20:00,215.5,0.2,43,218.0,0.4,87,25879,16511,31.0,40.0
Station_01,Inv_00,20170809,18:21:01,207.0,0.2,41,217.0,0.4,87,25879,16511,31.0,29.0
Station_01,Inv_00,20170809,18:22:00,200.5,0.2,40,217.0,0.4,87,25879,16511,30.9,29.0
Station_01,Inv_00,20170809,18:23:00,0.0,0.0,0,217.0,0.4,87,25879,16511,30.8,27.0
Station_01,Inv_00,20170809,18:24:00,0.0,0.0,0,216.0,0.4,86,25879,16511,30.8,26.0
Station_01,Inv_00,20170809,18:25:00,0.0,0.0,0,216.0,0.4,86,25879,16511,30.8,25.0
Station_01,Inv_00,20170809,18:26:00,0.0,0.0,0,216.0,0.4,86,25879,16511,30.7,32.0
Station_01,Inv_00,20170809,18:27:00,0.0,0.0,0,216.0,0.4,86,25879,16511,30.6,24.0
Station_01,Inv_00,20170809,18:28:00,0.0,0.0,0,216.0,0.4,86,25879,16511,30.6,42.0
Station_01,Inv_00,20170809,18:29:00,0.0,0.0,0,220.0,0.3,66,25879,16511,30.5,23.0
Station_01,Inv_00,20170809,18:30:00,0.0,0.0,0,220.0,0.3,66,25879,16511,30.4,22.0
Station_01,Inv_00,20170809,18:31:00,0.0,0.0,0,220.0,0.3,66,25879,16511,30.4,21.0
Station_01,Inv_00,20170809,18:32:00,0.0,0.0,0,220.0,0.3,66,25879,16511,30.4,20.0
Station_01,Inv_00,20170809,18:33:00,0.0,0.0,0,220.0,0.3,66,25879,16511,30.3,20.0
Station_01,Inv_00,20170809,18:34:00,0.0,0.0,0,220.0,0.3,66,25879,16511,30.3,19.0
Station_01,Inv_00,20170809,18:35:00,0.0,0.0,0,220.0,0.3,66,25879,16511,30.2,19.0
Station_01,Inv_00,20170809,18:36:00,0.0,0.0,0,220.0,0.3,66,25879,16511,30.1,19.0
Station_01,Inv_00,20170809,18:37:00,0.0,0.0,0,220.0,0.3,66,25879,16511,30.2,18.0
Station_01,Inv_00,20170809,18:38:00,0.0,0.0,0,220.0,0.3,66,25879,16511,30.0,18.0
Station_01,Inv_00,20170809,18:39:00,0.0,0.0,0,220.0,0.3,66,25879,16511,30.1,17.0
Station_01,Inv_00,20170809,18:40:00,0.0,0.0,0,220.0,0.3,66,25879,16511,30.0,18.0
Station_01,Inv_00,20170809,18:41:00,0.0,0.0,0,220.0,0.3,66,25879,16511,30.0,17.0
Station_01,Inv_00,20170809,18:42:00,0.0,0.0,0,220.0,0.3,66,25879,16511,30.0,17.0
Station_01,Inv_00,20170809,18:43:00,0.0,0.0,0,220.0,0.3,66,25879,16511,29.8,17.0
Station_01,Inv_00,20170809,18:44:00,0.0,0.0,0,220.0,0.3,66,25879,16511,29.9,17.0
Station_01,Inv_00,20170809,18:45:00,0.0,0.0,0,220.0,0.3,66,25879,16511,29.7,17.0
Station_01,Inv_00,20170809,18:46:00,0.0,0.0,0,220.0,0.3,66,25879,16511,29.7,17.0
Station_01,Inv_00,20170809,18:47:00,0.0,0.0,0,220.0,0.3,66,25879,16511,29.6,17.0
Station_01,Inv_00,20170809,18:48:00,0.0,0.0,0,220.0,0.3,66,25879,16511,29.6,17.0
Station_01,Inv_00,20170809,18:49:00,0.0,0.0,0,220.0,0.3,66,25879,16511,29.7,17.0
Station_01,Inv_00,20170809,18:50:00,0.0,0.0,0,220.0,0.3,66,25879,16511,29.7,17.0
Station_01,Inv_00,20170809,18:51:00,0.0,0.0,0,220.0,0.3,66,25879,16511,29.6,17.0
Station_01,Inv_00,20170809,18:52:00,0.0,0.0,0,220.0,0.3,66,25879,16511,29.7,17.0
Station_01,Inv_00,20170809,18:53:00,0.0,0.0,0,220.0,0.3,66,25879,16511,29.7,18.0
Station_01,Inv_00,20170809,18:54:00,0.0,0.0,0,220.0,0.3,66,25879,16511,29.7,17.0
Station_01,Inv_00,20170809,18:55:00,0.0,0.0,0,220.0,0.3,66,25879,16511,29.7,17.0
Station_01,Inv_00,20170809,18:56:00,0.0,0.0,0,220.0,0.3,66,25879,16511,29.7,17.0
Station_01,Inv_00,20170809,18:57:00,0.0,0.0,0,220.0,0.3,66,25879,16511,29.6,17.0
Station_01,Inv_00,20170809,18:58:00,0.0,0.0,0,220.0,0.3,66,25879,16511,29.5,17.0
Station_01,Inv_00,20170809,18:59:00,0.0,0.0,0,220.0,0.3,66,25879,16511,29.5,18.0
Station_01,Inv_00,20170809,19:00:00,0.0,0.0,0,220.0,0.3,66,25879,16511,29.5,17.0
Station_01,Inv_00,20170809,19:01:00,0.0,0.0,0,220.0,0.3,66,25879,16511,29.4,17.0
Station_01,Inv_00,20170809,19:02:00,0.0,0.0,0,220.0,0.3,66,25879,16511,29.4,17.0
Station_01,Inv_00,20170809,19:03:00,0.0,0.0,0,220.0,0.3,66,25879,16511,29.4,17.0
Station_01,Inv_00,20170809,19:04:00,0.0,0.0,0,220.0,0.3,66,25879,16511,29.4,17.0
Station_01,Inv_00,20170809,19:05:00,0.0,0.0,0,220.0,0.3,66,25879,16511,29.4,17.0
Station_01,Inv_00,20170809,19:06:00,0.0,0.0,0,220.0,0.3,66,25879,16511,29.4,17.0
Station_01,Inv_00,20170809,19:07:00,0.0,0.0,0,220.0,0.3,66,25879,16511,29.3,18.0
Station_01,Inv_00,20170809,19:08:00,0.0,0.0,0,220.0,0.3,66,25879,16511,29.3,17.0
Station_01,Inv_00,20170809,19:09:00,0.0,0.0,0,220.0,0.3,66,25879,16511,29.4,17.0
Station_01,Inv_00,20170809,19:10:00,0.0,0.0,0,220.0,0.3,66,25879,16511,29.3,17.0
Station_01,Inv_00,20170809,19:11:00,0.0,0.0,0,220.0,0.3,66,25879,16511,29.3,17.0
Station_01,Inv_00,20170809,19:12:00,0.0,0.0,0,220.0,0.3,66,25879,16511,29.2,17.0
Station_01,Inv_00,20170809,19:13:00,0.0,0.0,0,220.0,0.3,66,25879,16511,29.3,17.0
Station_01,Inv_00,20170809,19:14:00,0.0,0.0,0,220.0,0.3,66,25879,16511,29.3,17.0
Station_01,Inv_00,20170809,19:15:00,0.0,0.0,0,220.0,0.3,66,25879,16511,29.3,17.0
Station_01,Inv_00,20170809,19:16:00,0.0,0.0,0,220.0,0.3,66,25879,16511,29.3,17.0
Station_01,Inv_00,20170809,19:17:00,0.0,0.0,0,220.0,0.3,66,25879,16511,29.3,17.0
Station_01,Inv_00,20170809,19:18:00,0.0,0.0,0,220.0,0.3,66,25879,16511,29.2,18.0
Station_01,Inv_00,20170809,19:19:00,0.0,0.0,0,220.0,0.3,66,25879,16511,29.1,17.0
Station_01,Inv_00,20170809,19:20:00,0.0,0.0,0,220.0,0.3,66,25879,16511,29.1,17.0
Station_01,Inv_00,20170809,19:21:00,0.0,0.0,0,220.0,0.3,66,25879,16511,29.0,17.0
Station_01,Inv_00,20170809,19:22:00,0.0,0.0,0,220.0,0.3,66,25879,16511,28.9,17.0
Station_01,Inv_00,20170809,19:23:00,0.0,0.0,0,220.0,0.3,66,25879,16511,28.9,17.0
Station_01,Inv_00,20170809,19:24:00,0.0,0.0,0,220.0,0.3,66,25879,16511,29.0,18.0
Station_01,Inv_00,20170809,19:25:00,0.0,0.0,0,220.0,0.3,66,25879,16511,28.9,17.0
Station_01,Inv_00,20170809,19:26:00,0.0,0.0,0,220.0,0.3,66,25879,16511,28.9,17.0
Station_01,Inv_00,20170809,19:27:00,0.0,0.0,0,220.0,0.3,66,25879,16511,28.9,18.0
Station_01,Inv_00,20170809,19:28:00,0.0,0.0,0,220.0,0.3,66,25879,16511,28.9,17.0
Station_01,Inv_00,20170809,19:29:00,0.0,0.0,0,220.0,0.3,66,25879,16511,29.0,17.0
Station_01,Inv_00,20170809,19:30:00,0.0,0.0,0,220.0,0.3,66,25879,16511,28.9,17.0
Station_01,Inv_00,20170809,19:31:00,0.0,0.0,0,220.0,0.3,66,25879,16511,28.9,33.0
Station_01,Inv_00,20170809,19:32:00,0.0,0.0,0,220.0,0.3,66,25879,16511,28.9,18.0
Station_01,Inv_00,20170809,19:33:00,0.0,0.0,0,220.0,0.3,66,25879,16511,28.9,26.0
Station_01,Inv_00,20170809,19:34:00,0.0,0.0,0,220.0,0.3,66,25879,16511,28.8,17.0
Station_01,Inv_00,20170809,19:35:00,0.0,0.0,0,220.0,0.3,66,25879,16511,28.8,17.0
Station_01,Inv_00,20170809,19:36:00,0.0,0.0,0,220.0,0.3,66,25879,16511,28.8,18.0
Station_01,Inv_00,20170809,19:37:00,0.0,0.0,0,220.0,0.3,66,25879,16511,28.9,18.0
Station_01,Inv_00,20170809,19:38:00,0.0,0.0,0,220.0,0.3,66,25879,16511,28.9,17.0
Station_01,Inv_00,20170809,19:39:00,0.0,0.0,0,220.0,0.3,66,25879,16511,28.9,18.0
Station_01,Inv_00,20170809,19:40:00,0.0,0.0,0,220.0,0.3,66,25879,16511,28.9,17.0
Station_01,Inv_00,20170809,19:41:00,0.0,0.0,0,220.0,0.3,66,25879,16511,28.8,17.0
Station_01,Inv_00,20170809,19:42:00,0.0,0.0,0,220.0,0.3,66,25879,16511,28.8,18.0
Station_01,Inv_00,20170809,19:43:00,0.0,0.0,0,220.0,0.3,66,25879,16511,28.8,17.0
Station_01,Inv_00,20170809,19:44:00,0.0,0.0,0,220.0,0.3,66,25879,16511,28.8,18.0
Station_01,Inv_00,20170809,19:45:00,0.0,0.0,0,220.0,0.3,66,25879,16511,28.7,18.0
Station_01,Inv_00,20170809,19:46:00,0.0,0.0,0,220.0,0.3,66,25879,16511,28.7,18.0
Station_01,Inv_00,20170809,19:47:00,0.0,0.0,0,220.0,0.3,66,25879,16511,28.7,17.0
Station_01,Inv_00,20170809,19:48:00,0.0,0.0,0,220.0,0.3,66,25879,16511,28.8,18.0
Station_01,Inv_00,20170809,19:49:00,0.0,0.0,0,220.0,0.3,66,25879,16511,28.7,18.0
Station_01,Inv_00,20170809,19:50:00,0.0,0.0,0,220.0,0.3,66,25879,16511,28.8,17.0
Station_01,Inv_00,20170809,19:51:00,0.0,0.0,0,220.0,0.3,66,25879,16511,28.8,17.0
Station_01,Inv_00,20170809,19:52:00,0.0,0.0,0,220.0,0.3,66,25879,16511,28.8,18.0
Station_01,Inv_00,20170809,19:53:00,0.0,0.0,0,220.0,0.3,66,25879,16511,28.7,18.0
Station_01,Inv_00,20170809,19:54:00,0.0,0.0,0,220.0,0.3,66,25879,16511,28.7,18.0
Station_01,Inv_00,20170809,19:55:00,0.0,0.0,0,220.0,0.3,66,25879,16511,28.7,18.0
Station_01,Inv_00,20170809,19:56:00,0.0,0.0,0,220.0,0.3,66,25879,16511,28.6,17.0
Station_01,Inv_00,20170809,19:57:00,0.0,0.0,0,220.0,0.3,66,25879,16511,28.6,18.0
Station_01,Inv_00,20170809,19:58:00,0.0,0.0,0,220.0,0.3,66,25879,16511,28.6,18.0
Station_01,Inv_00,20170809,19:59:00,0.0,0.0,0,220.0,0.3,66,25879,16511,28.5,18.0
Station_01,Inv_00,20170809,20:00:00,0.0,0.0,0,220.0,0.3,66,25879,16511,28.4,18.0
