Station_01,Inv_00,20170629,05:00:00,0.0,0.0,0,217.0,0.4,87,25190,16071,26.0,20.0
Station_01,Inv_00,20170629,05:01:00,0.0,0.0,0,217.0,0.4,87,25190,16071,26.0,20.0
Station_01,Inv_00,20170629,05:02:00,0.0,0.0,0,217.0,0.4,87,25190,16071,26.0,20.0
Station_01,Inv_00,20170629,05:03:00,0.0,0.0,0,217.0,0.4,87,25190,16071,26.0,20.0
Station_01,Inv_00,20170629,05:04:00,0.0,0.0,0,217.0,0.4,87,25190,16071,26.0,20.0
Station_01,Inv_00,20170629,05:05:00,0.0,0.0,0,217.0,0.4,87,25190,16071,26.0,20.0
Station_01,Inv_00,20170629,05:06:00,0.0,0.0,0,217.0,0.4,87,25190,16071,26.0,20.0
Station_01,Inv_00,20170629,05:07:00,0.0,0.0,0,217.0,0.4,87,25190,16071,26.0,20.0
Station_01,Inv_00,20170629,05:08:00,0.0,0.0,0,217.0,0.4,87,25190,16071,26.0,20.0
Station_01,Inv_00,20170629,05:09:00,0.0,0.0,0,217.0,0.4,87,25190,16071,25.9,20.0
Station_01,Inv_00,20170629,05:10:00,0.0,0.0,0,217.0,0.4,87,25190,16071,25.9,20.0
Station_01,Inv_00,20170629,05:11:00,0.0,0.0,0,217.0,0.4,87,25190,16071,25.9,20.0
Station_01,Inv_00,20170629,05:12:00,0.0,0.0,0,217.0,0.4,87,25190,16071,25.8,20.0
Station_01,Inv_00,20170629,05:13:00,0.0,0.0,0,217.0,0.4,87,25190,16071,25.9,20.0
Station_01,Inv_00,20170629,05:14:00,0.0,0.0,0,217.0,0.4,87,25190,16071,25.9,20.0
Station_01,Inv_00,20170629,05:15:00,0.0,0.0,0,217.0,0.4,87,25190,16071,25.9,21.0
Station_01,Inv_00,20170629,05:16:00,0.0,0.0,0,217.0,0.4,87,25190,16071,26.0,21.0
Station_01,Inv_00,20170629,05:17:00,0.0,0.0,0,217.0,0.4,87,25190,16071,26.1,21.0
Station_01,Inv_00,20170629,05:18:00,0.0,0.0,0,217.0,0.4,87,25190,16071,26.1,21.0
Station_01,Inv_00,20170629,05:19:00,0.0,0.0,0,217.0,0.4,87,25190,16071,26.1,22.0
Station_01,Inv_00,20170629,05:20:00,0.0,0.0,0,217.0,0.4,87,25190,16071,26.1,22.0
Station_01,Inv_00,20170629,05:21:00,0.0,0.0,0,217.0,0.4,87,25190,16071,26.1,483.0
Station_01,Inv_00,20170629,05:22:00,0.0,0.0,0,217.0,0.4,87,25190,16071,26.1,23.0
Station_01,Inv_00,20170629,05:23:00,0.0,0.0,0,217.0,0.4,87,25190,16071,26.2,23.0
Station_01,Inv_00,20170629,05:24:00,0.0,0.0,0,217.0,0.4,87,25190,16071,26.2,24.0
Station_01,Inv_00,20170629,05:25:00,0.0,0.0,0,217.0,0.4,87,25190,16071,26.2,25.0
Station_01,Inv_00,20170629,05:26:00,0.0,0.0,0,217.0,0.4,87,25190,16071,26.2,26.0
Station_01,Inv_00,20170629,05:27:00,0.0,0.0,0,217.0,0.4,87,25190,16071,26.3,26.0
Station_01,Inv_00,20170629,05:28:00,0.0,0.0,0,222.0,0.4,89,25190,16071,26.3,486.0
Station_01,Inv_00,20170629,05:29:00,0.0,0.0,0,221.0,0.4,88,25190,16071,26.2,28.0
Station_01,Inv_00,20170629,05:30:00,0.0,0.0,0,223.0,0.5,112,25190,16071,26.3,29.0
Station_01,Inv_00,20170629,05:31:00,0.0,0.0,0,223.0,0.5,112,25190,16071,26.3,30.0
Station_01,Inv_00,20170629,05:32:00,0.0,0.0,0,222.0,0.5,111,25190,16071,26.3,31.0
Station_01,Inv_00,20170629,05:33:00,0.0,0.0,0,217.0,0.5,109,25190,16071,26.3,31.0
Station_01,Inv_00,20170629,05:34:00,212.5,0.2,43,217.0,0.4,87,25190,16071,26.3,32.0
Station_01,Inv_00,20170629,05:35:00,213.7,0.3,64,218.0,0.4,87,25190,16071,26.3,33.0
Station_01,Inv_00,20170629,05:36:00,198.0,0.2,40,216.0,0.5,108,25190,16071,26.4,34.0
Station_01,Inv_00,20170629,05:37:00,208.0,0.3,62,216.0,0.5,108,25190,16071,26.4,35.0
Station_01,Inv_00,20170629,05:38:00,217.0,0.3,65,216.0,0.5,108,25190,16071,26.4,37.0
Station_01,Inv_00,20170629,05:39:00,178.0,0.3,53,216.0,0.5,108,25190,16071,26.4,39.0
Station_01,Inv_00,20170629,05:40:00,197.3,0.3,59,217.0,0.5,109,25190,16071,26.4,40.0
Station_01,Inv_00,20170629,05:41:00,214.7,0.3,64,217.0,0.5,109,25190,16071,26.4,41.0
Station_01,Inv_00,20170629,05:42:00,219.0,0.4,88,217.0,0.5,109,25190,16071,26.3,43.0
Station_01,Inv_00,20170629,05:43:00,218.0,0.4,87,217.0,0.5,109,25190,16071,26.4,45.0
Station_01,Inv_00,20170629,05:44:00,221.0,0.5,111,217.0,0.5,109,25190,16071,26.3,47.0
Station_01,Inv_00,20170629,05:45:00,225.0,0.5,113,217.0,0.6,130,25190,16071,26.3,49.0
Station_01,Inv_00,20170629,05:46:00,220.0,0.4,88,217.0,0.6,130,25190,16071,26.4,51.0
Station_01,Inv_00,20170629,05:47:00,215.0,0.6,129,217.0,0.6,130,25190,16071,26.3,51.0
Station_01,Inv_00,20170629,05:48:00,213.8,0.5,107,218.0,0.6,131,25190,16071,26.4,52.0
Station_01,Inv_00,20170629,05:49:00,223.0,0.5,112,218.0,0.7,153,25190,16071,26.4,54.0
Station_01,Inv_00,20170629,05:50:00,230.8,0.5,115,218.0,0.7,153,25190,16071,26.4,56.0
Station_01,Inv_00,20170629,05:51:00,224.0,0.6,134,217.0,0.8,174,25190,16071,26.5,58.0
Station_01,Inv_00,20170629,05:52:00,214.4,0.7,150,219.0,0.8,175,25190,16071,26.5,61.0
Station_01,Inv_00,20170629,05:53:00,235.0,0.7,165,218.0,0.9,196,25190,16071,26.5,64.0
Station_01,Inv_00,20170629,05:54:00,211.0,0.8,169,219.0,0.8,175,25190,16071,26.7,67.0
Station_01,Inv_00,20170629,05:55:00,233.0,0.8,186,218.0,0.9,196,25190,16071,26.7,69.0
Station_01,Inv_00,20170629,05:56:00,233.5,0.8,187,218.0,1.0,218,25190,16071,26.8,71.0
Station_01,Inv_00,20170629,05:57:00,214.7,0.9,193,218.0,1.0,218,25190,16071,26.8,73.0
Station_01,Inv_00,20170629,05:58:00,231.4,0.7,162,217.0,1.0,217,25190,16071,26.9,74.0
Station_01,Inv_00,20170629,05:59:00,241.0,0.8,193,218.0,1.0,218,25190,16071,27.0,75.0
Station_01,Inv_00,20170629,06:00:00,224.8,0.9,202,218.0,1.0,218,25190,16071,27.0,77.0
Station_01,Inv_00,20170629,06:01:00,238.4,0.9,215,217.0,1.0,217,25190,16071,27.1,78.0
Station_01,Inv_00,20170629,06:02:00,229.8,0.9,207,217.0,1.0,217,25190,16071,27.3,80.0
Station_01,Inv_00,20170629,06:03:00,241.2,0.9,217,216.0,1.1,238,25190,16071,27.4,83.0
Station_01,Inv_00,20170629,06:04:00,228.5,1.0,229,217.0,1.1,239,25190,16071,27.5,85.0
Station_01,Inv_00,20170629,06:05:00,228.0,1.0,228,217.0,1.1,239,25190,16071,27.7,88.0
Station_01,Inv_00,20170629,06:06:00,231.7,1.1,255,217.0,1.1,239,25190,16071,27.8,90.0
Station_01,Inv_00,20170629,06:07:00,233.0,1.1,256,218.0,1.2,262,25190,16071,28.0,92.0
Station_01,Inv_00,20170629,06:08:00,236.0,1.0,236,218.0,1.2,262,25190,16071,28.1,94.0
Station_01,Inv_00,20170629,06:09:00,242.5,1.1,267,217.0,1.3,282,25190,16071,28.2,96.0
Station_01,Inv_00,20170629,06:10:00,231.0,1.2,277,217.0,1.2,260,25190,16071,28.4,99.0
Station_01,Inv_00,20170629,06:11:00,241.0,1.2,289,217.0,1.3,282,25190,16071,28.5,101.0
Station_01,Inv_00,20170629,06:12:00,240.0,1.2,288,218.0,1.3,283,25190,16071,28.7,103.0
Station_01,Inv_00,20170629,06:13:00,234.8,1.3,305,217.0,1.4,304,25190,16071,28.7,105.0
Station_01,Inv_00,20170629,06:14:00,223.5,1.3,291,217.0,1.4,304,25190,16071,28.9,107.0
Station_01,Inv_00,20170629,06:15:00,238.4,1.3,310,217.0,1.4,304,25190,16071,29.0,110.0
Station_01,Inv_00,20170629,06:16:00,217.4,1.4,304,217.0,1.4,304,25190,16071,29.2,112.0
Station_01,Inv_00,20170629,06:17:00,215.6,1.4,302,218.0,1.4,305,25190,16071,29.3,114.0
Station_01,Inv_00,20170629,06:18:00,239.9,1.4,336,219.0,1.5,329,25190,16071,29.4,115.0
Station_01,Inv_00,20170629,06:19:00,241.5,1.4,338,219.0,1.5,329,25190,16071,29.5,116.0
Station_01,Inv_00,20170629,06:20:00,240.0,1.4,336,218.0,1.5,327,25190,16071,29.7,119.0
Station_01,Inv_00,20170629,06:21:00,240.0,1.4,336,217.0,1.5,326,25190,16071,29.8,121.0
Station_01,Inv_00,20170629,06:22:00,239.2,1.5,359,217.0,1.5,326,25190,16071,29.9,123.0
Station_01,Inv_00,20170629,06:23:00,244.0,1.5,366,217.0,1.6,347,25190,16071,29.9,125.0
Station_01,Inv_00,20170629,06:24:00,241.1,1.5,362,217.0,1.6,347,25190,16071,30.1,127.0
Station_01,Inv_00,20170629,06:25:00,250.9,1.5,376,218.0,1.7,371,25190,16071,30.1,131.0
Station_01,Inv_00,20170629,06:26:00,241.9,1.7,411,218.0,1.8,392,25190,16071,30.3,135.0
Station_01,Inv_00,20170629,06:27:00,242.5,1.8,437,217.0,1.8,391,25190,16071,30.5,139.0
Station_01,Inv_00,20170629,06:28:00,240.6,1.8,433,219.0,1.9,416,25190,16071,30.6,143.0
Station_01,Inv_00,20170629,06:29:00,243.0,1.8,437,219.0,1.9,416,25190,16071,30.7,146.0
Station_01,Inv_00,20170629,06:30:00,238.0,1.8,428,217.0,2.0,434,25190,16071,31.0,149.0
Station_01,Inv_00,20170629,06:31:00,243.8,1.9,463,216.0,2.0,432,25190,16071,31.2,151.0
Station_01,Inv_00,20170629,06:32:00,244.4,1.9,464,216.0,2.0,432,25190,16071,31.4,151.0
Station_01,Inv_00,20170629,06:33:00,250.0,1.9,475,215.0,2.0,430,25190,16071,31.5,154.0
Station_01,Inv_00,20170629,06:34:00,242.0,2.0,484,216.0,2.0,432,25190,16071,31.5,155.0
Station_01,Inv_00,20170629,06:35:00,240.0,2.0,480,216.0,2.0,432,25190,16071,31.6,157.0
Station_01,Inv_00,20170629,06:36:00,244.0,2.0,488,216.0,2.1,454,25190,16071,31.6,157.0
Station_01,Inv_00,20170629,06:37:00,239.5,2.0,479,216.0,2.1,454,25190,16071,31.9,157.0
Station_01,Inv_00,20170629,06:38:00,238.3,2.1,501,215.0,2.1,452,25190,16071,31.8,159.0
Station_01,Inv_00,20170629,06:39:00,248.4,2.1,522,216.0,2.2,475,25190,16071,32.1,165.0
Station_01,Inv_00,20170629,06:40:00,243.5,2.2,536,216.0,2.4,518,25190,16071,32.3,170.0
Station_01,Inv_00,20170629,06:41:00,244.4,2.3,562,216.0,2.5,540,25190,16071,32.4,177.0
Station_01,Inv_00,20170629,06:42:00,234.0,2.4,562,216.0,2.5,540,25190,16071,32.5,182.0
Station_01,Inv_00,20170629,06:43:00,236.5,2.4,568,216.0,2.5,540,25190,16071,32.9,185.0
Station_01,Inv_00,20170629,06:44:00,246.5,2.3,567,217.0,2.6,564,25190,16071,33.0,189.0
Station_01,Inv_00,20170629,06:45:00,247.0,2.5,617,217.0,2.6,564,25190,16071,33.2,192.0
Station_01,Inv_00,20170629,06:46:00,238.4,2.6,620,215.0,2.7,581,25190,16071,33.4,196.0
Station_01,Inv_00,20170629,06:47:00,244.5,2.6,636,216.0,2.7,583,25190,16071,33.4,198.0
Station_01,Inv_00,20170629,06:48:00,238.5,2.7,644,217.0,2.8,608,25190,16071,33.9,202.0
Station_01,Inv_00,20170629,06:49:00,245.5,2.6,638,216.0,2.9,626,25190,16071,34.1,205.0
Station_01,Inv_00,20170629,06:50:00,238.5,2.8,668,215.0,2.9,624,25190,16071,33.9,207.0
Station_01,Inv_00,20170629,06:51:00,245.0,2.8,686,216.0,2.9,626,25190,16071,34.1,208.0
Station_01,Inv_00,20170629,06:52:00,241.0,2.8,675,216.0,3.0,648,25190,16071,34.1,211.0
Station_01,Inv_00,20170629,06:53:00,243.5,2.7,657,217.0,3.0,651,25190,16071,34.7,212.0
Station_01,Inv_00,20170629,06:54:00,241.0,2.9,699,217.0,3.0,651,25190,16071,34.9,213.0
Station_01,Inv_00,20170629,06:55:00,246.0,2.8,689,217.0,3.1,673,25190,16071,35.0,215.0
Station_01,Inv_00,20170629,06:56:00,243.0,2.8,680,217.0,3.1,673,25190,16071,35.1,218.0
Station_01,Inv_00,20170629,06:57:00,241.5,3.1,749,218.0,3.1,676,25190,16071,35.4,224.0
Station_01,Inv_00,20170629,06:58:00,242.5,3.1,752,217.0,3.2,694,25190,16071,35.5,228.0
Station_01,Inv_00,20170629,06:59:00,243.9,2.9,707,216.0,3.2,691,25190,16071,35.3,228.0
Station_01,Inv_00,20170629,07:00:00,244.9,3.1,759,216.0,3.2,691,25190,16071,35.6,228.0
Station_01,Inv_00,20170629,07:01:00,237.5,3.1,736,215.0,3.2,688,25190,16071,35.6,229.0
Station_01,Inv_00,20170629,07:02:00,246.0,3.0,738,215.0,3.2,688,25190,16071,35.6,229.0
Station_01,Inv_00,20170629,07:03:00,240.9,3.2,771,215.0,3.3,710,25190,16071,35.0,233.0
Station_01,Inv_00,20170629,07:04:00,242.5,3.1,752,215.0,3.4,731,25190,16071,35.8,239.0
Station_01,Inv_00,20170629,07:05:00,246.0,3.3,812,215.0,3.6,774,25190,16071,35.6,245.0
Station_01,Inv_00,20170629,07:06:00,241.0,3.4,819,215.0,3.6,774,25190,16071,36.0,250.0
Station_01,Inv_00,20170629,07:07:00,243.4,3.3,803,215.0,3.6,774,25190,16071,36.3,252.0
Station_01,Inv_00,20170629,07:08:00,242.5,3.5,849,215.0,3.7,796,25190,16071,36.0,257.0
Station_01,Inv_00,20170629,07:09:00,244.9,3.4,833,216.0,3.8,821,25190,16071,36.3,262.0
Station_01,Inv_00,20170629,07:10:00,243.0,3.5,851,217.0,3.9,846,25190,16071,36.6,266.0
Station_01,Inv_00,20170629,07:11:00,242.0,3.6,871,216.0,4.0,864,25190,16071,36.9,271.0
Station_01,Inv_00,20170629,07:12:00,245.9,3.7,910,216.0,3.9,842,25190,16071,37.1,279.0
Station_01,Inv_00,20170629,07:13:00,239.5,4.0,958,215.0,4.0,860,25190,16071,37.0,285.0
Station_01,Inv_00,20170629,07:14:00,242.5,4.0,970,215.0,4.1,881,25190,16071,37.2,290.0
Station_01,Inv_00,20170629,07:15:00,242.5,4.1,994,215.0,4.1,881,25190,16071,36.7,295.0
Station_01,Inv_00,20170629,07:16:00,240.5,4.1,986,215.0,4.1,881,25190,16071,37.3,296.0
Station_01,Inv_00,20170629,07:17:00,242.0,4.2,1016,215.0,4.3,925,25190,16071,37.9,298.0
Station_01,Inv_00,20170629,07:18:00,245.0,4.2,1029,215.0,4.3,925,25190,16071,38.1,302.0
Station_01,Inv_00,20170629,07:19:00,240.0,4.3,1032,215.0,4.3,925,25190,16071,38.6,303.0
Station_01,Inv_00,20170629,07:20:00,242.5,4.3,1043,217.0,4.4,955,25190,16071,38.9,305.0
Station_01,Inv_00,20170629,07:21:00,240.5,4.3,1034,216.0,4.5,972,25190,16071,39.6,310.0
Station_01,Inv_00,20170629,07:22:00,239.0,4.3,1028,216.0,4.5,972,25190,16071,39.3,314.0
Station_01,Inv_00,20170629,07:23:00,239.5,4.5,1078,216.0,4.5,972,25190,16071,40.1,316.0
Station_01,Inv_00,20170629,07:24:00,238.5,4.5,1073,216.0,4.6,994,25190,16071,40.4,319.0
Station_01,Inv_00,20170629,07:25:00,238.5,4.4,1049,218.0,4.6,1003,25190,16071,40.3,319.0
Station_01,Inv_00,20170629,07:26:00,242.9,4.3,1045,217.0,4.6,998,25190,16071,39.7,320.0
Station_01,Inv_00,20170629,07:27:00,240.0,4.5,1080,218.0,4.5,981,25190,16071,40.2,317.0
Station_01,Inv_00,20170629,07:28:00,238.0,4.4,1047,218.0,4.4,959,25190,16071,40.2,312.0
Station_01,Inv_00,20170629,07:29:00,244.5,4.5,1100,220.0,4.6,1012,25190,16071,40.3,321.0
Station_01,Inv_00,20170629,07:30:00,242.4,4.6,1115,219.0,4.7,1029,25190,16071,40.6,331.0
Station_01,Inv_00,20170629,07:31:00,237.0,4.8,1138,218.0,4.9,1068,25190,16071,40.6,340.0
Station_01,Inv_00,20170629,07:32:00,244.5,4.9,1198,218.0,5.0,1090,25191,16072,41.3,344.0
Station_01,Inv_00,20170629,07:33:00,241.5,4.9,1183,218.0,5.1,1112,25191,16072,41.5,350.0
Station_01,Inv_00,20170629,07:34:00,237.0,5.1,1209,217.0,5.1,1107,25191,16072,41.6,357.0
Station_01,Inv_00,20170629,07:35:00,237.0,5.1,1209,217.0,5.2,1128,25191,16072,41.8,359.0
Station_01,Inv_00,20170629,07:36:00,235.0,5.2,1222,218.0,5.2,1134,25191,16072,42.0,361.0
Station_01,Inv_00,20170629,07:37:00,238.0,5.0,1190,218.0,5.1,1112,25191,16072,42.0,356.0
Station_01,Inv_00,20170629,07:38:00,240.5,5.0,1203,217.0,5.1,1107,25191,16072,42.0,339.0
Station_01,Inv_00,20170629,07:39:00,240.0,4.4,1056,217.0,4.4,955,25191,16072,42.2,328.0
Station_01,Inv_00,20170629,07:40:00,239.0,5.4,1291,218.0,5.5,1199,25191,16072,42.4,369.0
Station_01,Inv_00,20170629,07:41:00,235.0,5.6,1316,218.0,5.6,1221,25191,16072,43.2,380.0
Station_01,Inv_00,20170629,07:42:00,235.0,5.8,1363,218.0,5.7,1243,25191,16072,42.9,382.0
Station_01,Inv_00,20170629,07:43:00,233.0,5.9,1375,219.0,5.9,1292,25191,16072,43.7,403.0
Station_01,Inv_00,20170629,07:44:00,236.0,5.9,1392,218.0,5.9,1286,25191,16072,43.8,410.0
Station_01,Inv_00,20170629,07:45:00,240.0,6.0,1440,218.0,6.2,1352,25191,16072,43.4,414.0
Station_01,Inv_00,20170629,07:46:00,239.0,5.9,1410,219.0,6.1,1336,25191,16072,44.1,416.0
Station_01,Inv_00,20170629,07:47:00,234.5,6.0,1407,218.0,6.1,1330,25191,16072,44.6,414.0
Station_01,Inv_00,20170629,07:48:00,241.5,5.9,1425,219.0,6.2,1358,25191,16072,44.8,418.0
Station_01,Inv_00,20170629,07:49:00,237.5,6.0,1425,218.0,6.2,1352,25191,16072,44.7,422.0
Station_01,Inv_00,20170629,07:50:00,229.5,6.3,1446,218.0,6.2,1352,25191,16072,44.2,421.0
Station_01,Inv_00,20170629,07:51:00,230.0,6.0,1380,218.0,5.9,1286,25191,16072,44.5,405.0
Station_01,Inv_00,20170629,07:52:00,236.5,6.1,1443,219.0,6.2,1358,25191,16072,44.5,422.0
Station_01,Inv_00,20170629,07:53:00,236.0,6.3,1487,218.0,6.5,1417,25191,16072,43.9,435.0
Station_01,Inv_00,20170629,07:54:00,232.5,6.4,1488,217.0,6.5,1411,25191,16072,43.4,437.0
Station_01,Inv_00,20170629,07:55:00,236.5,6.5,1537,217.0,6.6,1432,25191,16072,44.0,443.0
Station_01,Inv_00,20170629,07:56:00,233.5,6.3,1471,217.0,6.4,1389,25191,16072,44.3,432.0
Station_01,Inv_00,20170629,07:57:00,236.4,6.4,1513,216.0,6.6,1426,25191,16072,43.9,446.0
Station_01,Inv_00,20170629,07:58:00,237.9,5.9,1404,217.0,5.9,1280,25191,16072,43.8,410.0
Station_01,Inv_00,20170629,07:59:00,245.0,6.1,1494,217.0,6.5,1411,25191,16072,43.4,427.0
Station_01,Inv_00,20170629,08:00:00,230.0,6.5,1495,217.0,6.4,1389,25191,16072,43.2,442.0
Station_01,Inv_00,20170629,08:01:00,236.0,6.2,1463,216.0,6.2,1339,25191,16072,43.5,433.0
Station_01,Inv_00,20170629,08:02:00,232.0,6.7,1554,216.0,6.8,1469,25191,16072,43.4,459.0
Station_01,Inv_00,20170629,08:03:00,229.5,7.0,1607,217.0,7.0,1519,25191,16072,42.9,478.0
Station_01,Inv_00,20170629,08:04:00,231.0,4.7,1086,216.0,4.5,972,25191,16072,43.5,325.0
Station_01,Inv_00,20170629,08:05:00,235.0,7.3,1716,217.0,7.4,1606,25191,16072,44.5,486.0
Station_01,Inv_00,20170629,08:06:00,237.5,6.9,1639,217.0,7.2,1562,25191,16072,45.4,483.0
Station_01,Inv_00,20170629,08:07:00,237.0,6.9,1635,216.0,7.1,1534,25191,16072,45.0,471.0
Station_01,Inv_00,20170629,08:08:00,231.5,7.3,1690,216.0,7.3,1577,25191,16072,45.1,485.0
Station_01,Inv_00,20170629,08:09:00,235.0,7.3,1716,215.0,7.3,1570,25191,16072,45.0,489.0
Station_01,Inv_00,20170629,08:10:00,235.0,7.3,1715,215.0,7.6,1634,25191,16072,46.1,493.0
Station_01,Inv_00,20170629,08:11:00,235.9,7.2,1699,215.0,7.5,1613,25191,16072,45.4,497.0
Station_01,Inv_00,20170629,08:12:00,233.5,7.7,1798,217.0,7.7,1671,25191,16072,46.6,493.0
Station_01,Inv_00,20170629,08:13:00,234.5,7.7,1806,218.0,7.8,1700,25191,16072,47.0,510.0
Station_01,Inv_00,20170629,08:14:00,229.9,7.8,1793,217.0,7.8,1693,25192,16072,47.1,530.0
Station_01,Inv_00,20170629,08:15:00,233.0,8.1,1887,218.0,8.1,1766,25192,16072,47.6,540.0
Station_01,Inv_00,20170629,08:16:00,235.0,7.0,1645,218.0,7.0,1526,25192,16072,46.9,472.0
Station_01,Inv_00,20170629,08:17:00,232.9,7.8,1816,219.0,7.9,1730,25192,16072,46.3,541.0
Station_01,Inv_00,20170629,08:18:00,234.5,8.3,1946,218.0,8.4,1831,25192,16072,46.8,566.0
Station_01,Inv_00,20170629,08:19:00,232.0,5.9,1369,217.0,6.0,1302,25192,16072,46.3,392.0
Station_01,Inv_00,20170629,08:20:00,232.0,4.9,1137,216.0,5.0,1080,25192,16072,45.4,328.0
Station_01,Inv_00,20170629,08:21:00,224.5,8.2,1841,217.0,8.0,1736,25192,16072,45.5,521.0
Station_01,Inv_00,20170629,08:22:00,232.4,8.0,1860,217.0,8.1,1758,25192,16072,46.5,541.0
Station_01,Inv_00,20170629,08:23:00,231.5,4.6,1065,217.0,4.5,977,25192,16072,46.0,324.0
Station_01,Inv_00,20170629,08:24:00,233.5,4.2,981,218.0,4.2,916,25192,16072,44.4,288.0
Station_01,Inv_00,20170629,08:25:00,231.0,4.4,1016,218.0,4.4,959,25192,16072,44.0,296.0
Station_01,Inv_00,20170629,08:26:00,226.0,5.2,1175,218.0,4.9,1068,25192,16072,43.5,329.0
Station_01,Inv_00,20170629,08:27:00,220.5,8.7,1918,218.0,8.3,1809,25192,16072,44.6,562.0
Station_01,Inv_00,20170629,08:28:00,232.0,8.5,1972,218.0,8.6,1875,25192,16072,45.9,569.0
Station_01,Inv_00,20170629,08:29:00,233.4,7.0,1634,218.0,7.0,1526,25192,16072,44.7,432.0
Station_01,Inv_00,20170629,08:30:00,233.5,6.6,1541,218.0,6.6,1439,25192,16072,45.4,425.0
Station_01,Inv_00,20170629,08:31:00,229.5,5.6,1285,217.0,5.7,1237,25192,16072,46.1,456.0
Station_01,Inv_00,20170629,08:32:00,233.5,5.8,1354,217.0,5.7,1237,25192,16072,45.9,368.0
Station_01,Inv_00,20170629,08:33:00,228.5,8.2,1874,217.0,8.2,1779,25192,16072,45.9,519.0
Station_01,Inv_00,20170629,08:34:00,230.9,8.0,1848,217.0,8.1,1758,25192,16072,47.1,547.0
Station_01,Inv_00,20170629,08:35:00,233.5,7.0,1634,216.0,7.2,1555,25192,16072,47.2,453.0
Station_01,Inv_00,20170629,08:36:00,226.5,9.3,2106,217.0,9.2,1996,25192,16072,48.6,607.0
Station_01,Inv_00,20170629,08:37:00,231.5,8.7,2014,217.0,8.7,1888,25192,16072,47.6,588.0
Station_01,Inv_00,20170629,08:38:00,228.0,9.0,2052,217.0,9.0,1953,25192,16072,48.0,598.0
Station_01,Inv_00,20170629,08:39:00,220.5,9.0,1985,217.0,8.7,1888,25192,16072,48.9,588.0
Station_01,Inv_00,20170629,08:40:00,221.5,8.9,1971,217.0,8.6,1866,25192,16072,49.6,584.0
Station_01,Inv_00,20170629,08:41:00,220.5,9.0,1985,217.0,8.6,1866,25192,16072,50.0,585.0
Station_01,Inv_00,20170629,08:42:00,220.5,8.7,1918,217.0,8.3,1801,25192,16072,49.2,569.0
Station_01,Inv_00,20170629,08:43:00,228.5,8.9,2034,218.0,8.7,1897,25192,16072,49.2,580.0
Station_01,Inv_00,20170629,08:44:00,228.5,9.3,2125,216.0,9.3,2009,25192,16072,50.4,606.0
Station_01,Inv_00,20170629,08:45:00,228.5,9.3,2125,218.0,9.2,2006,25192,16072,52.0,609.0
Station_01,Inv_00,20170629,08:46:00,222.5,9.8,2180,218.0,9.4,2049,25192,16072,53.0,626.0
Station_01,Inv_00,20170629,08:47:00,217.0,9.6,2083,218.0,9.1,1984,25192,16072,52.8,603.0
Station_01,Inv_00,20170629,08:48:00,228.4,7.2,1645,217.0,7.2,1562,25193,16073,53.8,498.0
Station_01,Inv_00,20170629,08:49:00,228.0,9.4,2143,218.0,9.3,2027,25193,16073,53.5,614.0
Station_01,Inv_00,20170629,08:50:00,227.4,9.3,2115,217.0,9.3,2018,25193,16073,52.9,631.0
Station_01,Inv_00,20170629,08:51:00,229.5,6.5,1492,217.0,6.4,1389,25193,16073,51.8,422.0
Station_01,Inv_00,20170629,08:52:00,229.9,6.3,1448,217.0,6.2,1345,25193,16073,51.4,395.0
Station_01,Inv_00,20170629,08:53:00,231.5,9.9,2292,218.0,9.9,2158,25193,16073,51.2,635.0
Station_01,Inv_00,20170629,08:54:00,227.0,10.5,2383,217.0,10.4,2257,25193,16073,52.6,686.0
Station_01,Inv_00,20170629,08:55:00,224.5,10.5,2357,217.0,10.2,2213,25193,16073,53.4,683.0
Station_01,Inv_00,20170629,08:56:00,215.0,11.0,2365,217.0,10.3,2235,25193,16073,52.1,692.0
Station_01,Inv_00,20170629,08:57:00,227.5,10.8,2457,216.0,10.7,2311,25193,16073,55.3,703.0
Station_01,Inv_00,20170629,08:58:00,223.5,10.6,2369,216.0,10.3,2225,25193,16073,55.7,691.0
Station_01,Inv_00,20170629,08:59:00,226.0,11.1,2509,217.0,10.8,2344,25193,16073,57.2,725.0
Station_01,Inv_00,20170629,09:00:00,223.5,8.2,1833,216.0,7.8,1685,25193,16073,56.4,596.0
Station_01,Inv_00,20170629,09:01:00,224.0,10.4,2329,217.0,10.0,2170,25193,16073,57.4,672.0
Station_01,Inv_00,20170629,09:02:00,222.9,7.0,1561,217.0,6.8,1476,25193,16073,56.8,538.0
Station_01,Inv_00,20170629,09:03:00,225.9,6.8,1536,216.0,6.7,1447,25193,16073,53.1,436.0
Station_01,Inv_00,20170629,09:04:00,228.5,8.4,1919,216.0,8.2,1771,25193,16073,53.2,494.0
Station_01,Inv_00,20170629,09:05:00,226.4,8.4,1902,216.0,8.3,1793,25193,16073,53.4,531.0
Station_01,Inv_00,20170629,09:06:00,224.0,8.3,1859,219.0,8.1,1774,25193,16073,53.1,569.0
Station_01,Inv_00,20170629,09:07:00,224.5,11.2,2514,219.0,10.8,2365,25193,16073,54.0,715.0
Station_01,Inv_00,20170629,09:08:00,220.0,11.6,2552,218.0,11.0,2398,25193,16073,55.6,737.0
Station_01,Inv_00,20170629,09:09:00,223.0,11.6,2587,219.0,11.1,2431,25193,16073,55.8,738.0
Station_01,Inv_00,20170629,09:10:00,226.5,7.5,1699,218.0,7.3,1591,25193,16073,55.6,513.0
Station_01,Inv_00,20170629,09:11:00,222.5,11.7,2603,219.0,11.2,2453,25193,16073,55.1,697.0
Station_01,Inv_00,20170629,09:12:00,220.0,12.0,2639,220.0,11.3,2486,25193,16073,57.4,763.0
Station_01,Inv_00,20170629,09:13:00,219.5,11.5,2524,220.0,10.8,2376,25193,16073,58.9,741.0
Station_01,Inv_00,20170629,09:14:00,221.4,9.0,1993,217.0,8.6,1866,25193,16073,58.9,602.0
Station_01,Inv_00,20170629,09:15:00,218.5,9.8,2141,217.0,9.2,1996,25193,16073,58.5,568.0
Station_01,Inv_00,20170629,09:16:00,214.5,11.1,2381,217.0,10.3,2235,25194,16074,59.6,702.0
Station_01,Inv_00,20170629,09:17:00,218.0,10.7,2333,218.0,10.1,2202,25194,16074,59.9,694.0
Station_01,Inv_00,20170629,09:18:00,214.5,10.3,2209,217.0,9.5,2062,25194,16074,60.4,663.0
Station_01,Inv_00,20170629,09:19:00,217.9,10.2,2223,217.0,9.7,2105,25194,16074,60.6,659.0
Station_01,Inv_00,20170629,09:20:00,214.0,11.4,2440,217.0,10.7,2322,25194,16074,60.9,724.0
Station_01,Inv_00,20170629,09:21:00,221.5,11.7,2591,217.0,11.2,2430,25194,16074,61.7,752.0
Station_01,Inv_00,20170629,09:22:00,213.5,12.1,2583,217.0,11.2,2430,25194,16074,62.0,760.0
Station_01,Inv_00,20170629,09:23:00,213.5,10.0,2135,217.0,9.2,1996,25194,16074,62.3,628.0
Station_01,Inv_00,20170629,09:24:00,210.5,8.5,1789,216.0,7.8,1685,25194,16074,60.9,500.0
Station_01,Inv_00,20170629,09:25:00,219.0,11.1,2431,216.0,10.6,2290,25194,16074,60.2,687.0
Station_01,Inv_00,20170629,09:26:00,218.4,7.6,1660,216.0,7.2,1555,25194,16074,57.9,495.0
Station_01,Inv_00,20170629,09:27:00,221.5,7.9,1750,216.0,7.5,1620,25194,16074,57.9,486.0
Station_01,Inv_00,20170629,09:28:00,221.9,11.4,2530,217.0,11.1,2409,25194,16074,59.4,743.0
Station_01,Inv_00,20170629,09:29:00,222.0,9.9,2198,216.0,9.7,2095,25194,16074,59.5,652.0
Station_01,Inv_00,20170629,09:30:00,222.5,9.5,2113,217.0,9.3,2018,25194,16074,58.5,602.0
Station_01,Inv_00,20170629,09:31:00,220.5,8.4,1852,217.0,8.0,1736,25194,16074,56.1,504.0
Station_01,Inv_00,20170629,09:32:00,215.0,6.9,1483,217.0,6.5,1411,25194,16074,56.1,443.0
Station_01,Inv_00,20170629,09:33:00,222.5,6.5,1446,216.0,6.2,1339,25194,16074,55.8,402.0
Station_01,Inv_00,20170629,09:34:00,226.5,5.5,1246,216.0,5.5,1188,25194,16074,52.8,362.0
Station_01,Inv_00,20170629,09:35:00,225.5,5.1,1150,216.0,5.1,1102,25194,16074,52.6,335.0
Station_01,Inv_00,20170629,09:36:00,230.0,5.0,1150,216.0,4.9,1058,25194,16074,51.1,320.0
Station_01,Inv_00,20170629,09:37:00,220.5,4.8,1058,216.0,4.6,994,25194,16074,50.6,310.0
Station_01,Inv_00,20170629,09:38:00,233.5,4.8,1121,216.0,4.8,1037,25194,16074,50.2,313.0
Station_01,Inv_00,20170629,09:39:00,222.0,4.9,1088,216.0,4.7,1015,25194,16074,49.4,328.0
Station_01,Inv_00,20170629,09:40:00,225.5,4.4,992,217.0,4.2,911,25194,16074,48.4,289.0
Station_01,Inv_00,20170629,09:41:00,226.5,4.2,951,216.0,4.1,886,25194,16074,47.4,277.0
Station_01,Inv_00,20170629,09:42:00,231.2,4.0,925,217.0,4.0,868,25194,16074,46.9,265.0
Station_01,Inv_00,20170629,09:43:00,233.5,3.8,887,217.0,3.9,846,25194,16074,45.8,258.0
Station_01,Inv_00,20170629,09:44:00,236.4,3.8,898,216.0,4.0,864,25194,16074,45.4,258.0
Station_01,Inv_00,20170629,09:45:00,224.5,4.0,898,216.0,3.9,842,25194,16074,44.8,259.0
Station_01,Inv_00,20170629,09:46:00,223.7,4.0,895,216.0,3.9,842,25194,16074,44.1,263.0
Station_01,Inv_00,20170629,09:47:00,227.5,4.2,956,216.0,4.1,886,25194,16074,44.5,270.0
Station_01,Inv_00,20170629,09:48:00,233.0,4.2,979,216.0,4.1,886,25194,16074,43.4,275.0
Station_01,Inv_00,20170629,09:49:00,234.0,4.2,983,216.0,4.1,886,25194,16074,44.0,272.0
Station_01,Inv_00,20170629,09:50:00,233.0,4.2,979,216.0,4.1,886,25194,16074,43.0,273.0
Station_01,Inv_00,20170629,09:51:00,239.0,4.2,1004,215.0,4.2,903,25194,16074,43.3,274.0
Station_01,Inv_00,20170629,09:52:00,235.3,4.2,988,216.0,4.3,929,25194,16074,43.4,280.0
Station_01,Inv_00,20170629,09:53:00,234.0,4.2,983,217.0,4.3,933,25194,16074,43.3,283.0
Station_01,Inv_00,20170629,09:54:00,235.0,4.2,987,216.0,4.3,929,25194,16074,43.2,285.0
Station_01,Inv_00,20170629,09:55:00,228.0,4.4,1003,216.0,4.2,907,25194,16074,42.9,285.0
Station_01,Inv_00,20170629,09:56:00,238.7,4.3,1026,216.0,4.3,929,25195,16074,43.0,288.0
Station_01,Inv_00,20170629,09:57:00,236.5,4.2,993,215.0,4.4,946,25195,16074,43.3,286.0
Station_01,Inv_00,20170629,09:58:00,233.5,4.4,1027,216.0,4.4,950,25195,16074,43.3,288.0
Station_01,Inv_00,20170629,09:59:00,239.0,4.5,1075,216.0,4.5,972,25195,16074,43.5,295.0
Station_01,Inv_00,20170629,10:00:00,239.0,4.8,1147,216.0,4.8,1037,25195,16074,44.0,313.0
Station_01,Inv_00,20170629,10:01:00,235.0,7.4,1739,217.0,7.6,1649,25195,16074,44.7,457.0
Station_01,Inv_00,20170629,10:02:00,230.8,12.5,2885,217.0,12.5,2713,25195,16074,47.4,744.0
Station_01,Inv_00,20170629,10:03:00,227.5,13.2,3003,218.0,12.9,2812,25195,16074,49.6,838.0
Station_01,Inv_00,20170629,10:04:00,228.0,13.2,3009,217.0,12.9,2799,25195,16074,51.2,846.0
Station_01,Inv_00,20170629,10:05:00,225.5,12.8,2886,218.0,12.4,2703,25195,16074,53.4,818.0
Station_01,Inv_00,20170629,10:06:00,225.0,12.5,2812,218.0,12.0,2616,25195,16074,55.4,814.0
Station_01,Inv_00,20170629,10:07:00,219.5,12.1,2656,218.0,11.5,2507,25195,16074,56.3,778.0
Station_01,Inv_00,20170629,10:08:00,218.9,11.6,2540,217.0,11.0,2387,25195,16074,58.1,767.0
Station_01,Inv_00,20170629,10:09:00,223.0,10.9,2431,217.0,10.5,2279,25195,16074,59.1,728.0
Station_01,Inv_00,20170629,10:10:00,221.0,11.7,2586,218.0,11.1,2420,25195,16074,59.9,747.0
Station_01,Inv_00,20170629,10:11:00,216.0,12.5,2700,218.0,11.6,2529,25195,16074,60.4,782.0
Station_01,Inv_00,20170629,10:12:00,216.0,12.9,2786,217.0,12.0,2604,25195,16074,62.4,809.0
Station_01,Inv_00,20170629,10:13:00,213.5,13.3,2839,217.0,12.2,2647,25195,16074,63.5,828.0
Station_01,Inv_00,20170629,10:14:00,215.5,13.3,2866,217.0,12.3,2669,25195,16074,64.1,843.0
Station_01,Inv_00,20170629,10:15:00,215.5,13.3,2866,217.0,12.4,2691,25195,16074,64.3,846.0
Station_01,Inv_00,20170629,10:16:00,213.0,13.5,2876,217.0,12.4,2691,25195,16074,66.1,854.0
Station_01,Inv_00,20170629,10:17:00,213.0,13.8,2939,217.0,12.6,2734,25195,16074,66.9,865.0
Station_01,Inv_00,20170629,10:18:00,203.5,14.6,2971,217.0,12.8,2778,25195,16074,68.5,891.0
Station_01,Inv_00,20170629,10:19:00,212.0,14.2,3010,217.0,13.0,2821,25195,16074,68.6,898.0
Station_01,Inv_00,20170629,10:20:00,210.0,14.3,3003,217.0,12.9,2799,25195,16074,69.9,890.0
Station_01,Inv_00,20170629,10:21:00,208.5,13.6,2835,217.0,12.3,2669,25196,16075,69.9,869.0
Station_01,Inv_00,20170629,10:22:00,207.0,13.6,2815,217.0,12.2,2647,25196,16075,70.9,859.0
Station_01,Inv_00,20170629,10:23:00,208.0,13.6,2828,217.0,12.3,2669,25196,16075,70.2,858.0
Station_01,Inv_00,20170629,10:24:00,203.0,13.7,2781,217.0,12.0,2604,25196,16075,69.8,851.0
Station_01,Inv_00,20170629,10:25:00,204.5,14.3,2924,217.0,12.6,2734,25196,16075,70.0,877.0
Station_01,Inv_00,20170629,10:26:00,208.0,14.1,2933,216.0,12.7,2743,25196,16075,69.3,891.0
Station_01,Inv_00,20170629,10:27:00,205.5,14.3,2939,216.0,12.8,2765,25196,16075,67.1,891.0
Station_01,Inv_00,20170629,10:28:00,206.0,14.4,2966,216.0,12.8,2765,25196,16075,67.7,900.0
Station_01,Inv_00,20170629,10:29:00,209.0,14.2,2967,217.0,12.9,2799,25196,16075,69.8,887.0
Station_01,Inv_00,20170629,10:30:00,206.5,14.2,2932,216.0,12.7,2743,25196,16075,69.6,884.0
Station_01,Inv_00,20170629,10:31:00,204.5,14.1,2883,216.0,12.4,2678,25196,16075,69.0,884.0
Station_01,Inv_00,20170629,10:32:00,204.0,14.2,2896,216.0,12.5,2700,25196,16075,70.4,877.0
Station_01,Inv_00,20170629,10:33:00,205.5,14.3,2939,216.0,12.8,2765,25196,16075,70.6,894.0
Station_01,Inv_00,20170629,10:34:00,206.0,14.6,3007,216.0,13.0,2808,25196,16075,70.1,914.0
Station_01,Inv_00,20170629,10:35:00,199.0,15.3,3045,217.0,13.1,2843,25196,16075,71.0,930.0
Station_01,Inv_00,20170629,10:36:00,206.0,14.5,2987,217.0,12.9,2799,25196,16075,71.4,922.0
Station_01,Inv_00,20170629,10:37:00,201.5,14.9,3002,217.0,12.9,2799,25196,16075,69.6,917.0
Station_01,Inv_00,20170629,10:38:00,202.0,14.6,2949,217.0,12.8,2778,25196,16075,72.0,909.0
Station_01,Inv_00,20170629,10:39:00,205.5,13.8,2835,217.0,12.3,2669,25196,16075,70.3,880.0
Station_01,Inv_00,20170629,10:40:00,204.0,13.3,2713,217.0,11.8,2561,25196,16075,71.2,840.0
Station_01,Inv_00,20170629,10:41:00,202.5,12.2,2470,217.0,10.7,2322,25197,16076,70.3,782.0
Station_01,Inv_00,20170629,10:42:00,207.0,7.6,1573,216.0,6.9,1490,25197,16076,68.6,486.0
Station_01,Inv_00,20170629,10:43:00,210.9,6.4,1350,215.0,5.9,1269,25197,16076,65.8,406.0
Station_01,Inv_00,20170629,10:44:00,213.4,6.1,1302,215.0,5.6,1204,25197,16076,63.9,379.0
Station_01,Inv_00,20170629,10:45:00,210.9,6.0,1265,215.0,5.6,1204,25197,16076,62.4,379.0
Station_01,Inv_00,20170629,10:46:00,219.5,5.7,1251,215.0,5.3,1140,25197,16076,60.6,356.0
Station_01,Inv_00,20170629,10:47:00,222.0,5.4,1199,215.0,5.2,1118,25197,16076,58.1,345.0
Station_01,Inv_00,20170629,10:48:00,221.9,5.2,1154,215.0,5.1,1097,25197,16076,57.6,333.0
Station_01,Inv_00,20170629,10:49:00,224.0,5.7,1277,215.0,5.5,1183,25197,16076,55.6,341.0
Station_01,Inv_00,20170629,10:50:00,227.0,5.2,1180,215.0,5.1,1097,25197,16076,54.6,330.0
Station_01,Inv_00,20170629,10:51:00,223.5,4.8,1073,215.0,4.7,1011,25197,16076,53.5,314.0
Station_01,Inv_00,20170629,10:52:00,216.0,5.1,1102,215.0,4.8,1032,25197,16076,52.7,329.0
Station_01,Inv_00,20170629,10:53:00,226.5,5.1,1155,215.0,4.9,1054,25197,16076,51.1,321.0
Station_01,Inv_00,20170629,10:54:00,231.0,4.8,1109,215.0,4.9,1054,25197,16076,51.2,317.0
Station_01,Inv_00,20170629,10:55:00,232.0,4.6,1067,215.0,4.6,989,25197,16076,50.9,307.0
Station_01,Inv_00,20170629,10:56:00,229.0,4.4,1007,214.0,4.5,963,25197,16076,49.7,293.0
Station_01,Inv_00,20170629,10:57:00,227.5,4.5,1024,215.0,4.5,968,25197,16076,48.6,296.0
Station_01,Inv_00,20170629,10:58:00,234.0,4.5,1053,215.0,4.5,968,25197,16076,48.5,295.0
Station_01,Inv_00,20170629,10:59:00,232.0,4.2,974,215.0,4.2,903,25197,16076,48.3,282.0
Station_01,Inv_00,20170629,11:00:00,231.0,4.4,1016,215.0,4.3,925,25197,16076,47.8,279.0
Station_01,Inv_00,20170629,11:01:00,224.5,4.4,988,215.0,4.3,925,25197,16076,47.9,291.0
Station_01,Inv_00,20170629,11:02:00,227.0,4.6,1044,215.0,4.5,968,25197,16076,47.6,307.0
Station_01,Inv_00,20170629,11:03:00,234.0,4.6,1076,215.0,4.6,989,25197,16076,47.2,300.0
Station_01,Inv_00,20170629,11:04:00,229.9,4.8,1104,215.0,4.8,1032,25197,16076,47.0,307.0
Station_01,Inv_00,20170629,11:05:00,221.0,5.6,1238,215.0,5.4,1161,25197,16076,46.9,344.0
Station_01,Inv_00,20170629,11:06:00,227.4,6.6,1501,216.0,6.6,1426,25197,16076,47.4,405.0
Station_01,Inv_00,20170629,11:07:00,229.0,8.0,1832,215.0,8.0,1720,25197,16076,48.3,466.0
Station_01,Inv_00,20170629,11:08:00,224.5,15.2,3412,216.0,14.7,3175,25197,16076,52.0,933.0
Station_01,Inv_00,20170629,11:09:00,220.0,14.9,3278,216.0,14.3,3089,25197,16076,55.1,921.0
Station_01,Inv_00,20170629,11:10:00,223.0,13.2,2943,217.0,12.7,2756,25197,16076,57.4,856.0
Station_01,Inv_00,20170629,11:11:00,217.0,13.8,2994,217.0,12.9,2799,25197,16076,57.3,862.0
Station_01,Inv_00,20170629,11:12:00,220.5,13.0,2866,216.0,12.4,2678,25197,16076,59.6,830.0
Station_01,Inv_00,20170629,11:13:00,213.0,14.3,3046,217.0,13.2,2864,25197,16076,60.3,873.0
Station_01,Inv_00,20170629,11:14:00,214.5,14.6,3131,217.0,13.6,2951,25197,16076,60.6,906.0
Station_01,Inv_00,20170629,11:15:00,214.0,14.2,3038,216.0,13.3,2873,25197,16076,60.8,887.0
Station_01,Inv_00,20170629,11:16:00,216.0,13.2,2851,216.0,12.3,2657,25197,16076,58.7,821.0
Station_01,Inv_00,20170629,11:17:00,207.0,15.1,3126,216.0,13.4,2894,25198,16076,61.0,879.0
Station_01,Inv_00,20170629,11:18:00,211.0,15.0,3165,216.0,13.7,2959,25198,16076,63.4,911.0
Station_01,Inv_00,20170629,11:19:00,202.0,15.3,3091,216.0,13.4,2894,25198,16076,63.7,923.0
Station_01,Inv_00,20170629,11:20:00,210.5,15.1,3178,217.0,13.7,2973,25198,16076,65.0,936.0
Station_01,Inv_00,20170629,11:21:00,207.5,15.2,3154,217.0,13.6,2951,25198,16076,67.5,945.0
Station_01,Inv_00,20170629,11:22:00,209.0,14.3,2989,217.0,12.9,2799,25198,16076,68.4,906.0
Station_01,Inv_00,20170629,11:23:00,208.5,13.7,2856,217.0,12.3,2669,25198,16076,68.5,860.0
Station_01,Inv_00,20170629,11:24:00,206.5,14.5,2994,217.0,12.9,2799,25198,16076,69.1,891.0
Station_01,Inv_00,20170629,11:25:00,197.0,15.6,3073,217.0,13.2,2864,25198,16076,66.6,922.0
Station_01,Inv_00,20170629,11:26:00,203.0,15.3,3106,217.0,13.4,2908,25198,16076,69.3,928.0
Station_01,Inv_00,20170629,11:27:00,192.9,15.9,3068,217.0,13.2,2864,25198,16076,71.1,928.0
Station_01,Inv_00,20170629,11:28:00,204.0,15.2,3100,217.0,13.4,2908,25198,16076,71.3,927.0
Station_01,Inv_00,20170629,11:29:00,191.5,15.8,3025,217.0,12.9,2799,25198,16076,72.8,919.0
Station_01,Inv_00,20170629,11:30:00,204.5,14.8,3027,217.0,13.0,2821,25198,16076,73.7,906.0
Station_01,Inv_00,20170629,11:31:00,202.0,14.5,2929,217.0,12.7,2756,25198,16076,73.0,898.0
Station_01,Inv_00,20170629,11:32:00,203.0,14.3,2903,217.0,12.5,2713,25198,16076,73.8,881.0
Station_01,Inv_00,20170629,11:33:00,199.5,14.7,2933,217.0,12.7,2756,25198,16076,73.4,898.0
Station_01,Inv_00,20170629,11:34:00,198.5,15.1,2997,216.0,13.0,2808,25198,16076,74.3,923.0
Station_01,Inv_00,20170629,11:35:00,201.0,10.6,2130,217.0,9.4,2040,25198,16076,72.5,614.0
Station_01,Inv_00,20170629,11:36:00,201.0,13.6,2734,217.0,11.8,2561,25198,16076,73.8,854.0
Station_01,Inv_00,20170629,11:37:00,205.0,12.8,2624,217.0,11.4,2474,25199,16077,73.3,786.0
Station_01,Inv_00,20170629,11:38:00,208.5,13.4,2794,217.0,12.0,2604,25199,16077,71.7,843.0
Station_01,Inv_00,20170629,11:39:00,206.5,12.8,2643,218.0,11.3,2463,25199,16077,70.3,804.0
Station_01,Inv_00,20170629,11:40:00,207.0,7.0,1449,217.0,6.3,1367,25199,16077,68.7,533.0
Station_01,Inv_00,20170629,11:41:00,215.4,7.6,1637,217.0,7.1,1541,25199,16077,66.4,450.0
Station_01,Inv_00,20170629,11:42:00,212.9,9.7,2065,217.0,9.0,1953,25199,16077,66.3,702.0
Station_01,Inv_00,20170629,11:43:00,190.0,6.4,1216,217.0,5.3,1150,25199,16077,64.3,405.0
Station_01,Inv_00,20170629,11:44:00,198.5,11.3,2243,217.0,9.5,2062,25199,16077,61.7,443.0
Station_01,Inv_00,20170629,11:45:00,207.2,7.4,1533,216.0,6.4,1382,25199,16077,60.9,414.0
Station_01,Inv_00,20170629,11:46:00,208.5,7.8,1626,216.0,6.9,1490,25199,16077,60.7,562.0
Station_01,Inv_00,20170629,11:47:00,220.0,7.4,1628,216.0,7.1,1534,25199,16077,58.8,446.0
Station_01,Inv_00,20170629,11:48:00,223.5,7.1,1587,216.0,6.8,1469,25199,16077,58.9,415.0
Station_01,Inv_00,20170629,11:49:00,225.5,5.4,1218,217.0,5.2,1128,25199,16077,57.5,369.0
Station_01,Inv_00,20170629,11:50:00,219.0,4.8,1051,216.0,4.5,972,25199,16077,56.0,309.0
Station_01,Inv_00,20170629,11:51:00,227.0,4.5,1022,216.0,4.3,929,25199,16077,55.4,291.0
Station_01,Inv_00,20170629,11:52:00,226.5,4.4,997,216.0,4.3,929,25199,16077,54.4,281.0
Station_01,Inv_00,20170629,11:53:00,224.5,4.5,1010,217.0,4.4,955,25199,16077,54.0,288.0
Station_01,Inv_00,20170629,11:54:00,225.5,5.1,1150,217.0,5.1,1107,25199,16077,52.6,322.0
Station_01,Inv_00,20170629,11:55:00,228.5,6.0,1371,217.0,5.8,1259,25199,16077,52.1,369.0
Station_01,Inv_00,20170629,11:56:00,226.9,9.0,2042,218.0,8.8,1918,25199,16077,53.0,505.0
Station_01,Inv_00,20170629,11:57:00,226.5,11.7,2650,218.0,11.5,2507,25199,16077,55.1,757.0
Station_01,Inv_00,20170629,11:58:00,224.5,12.0,2694,218.0,11.8,2572,25199,16077,55.3,784.0
Station_01,Inv_00,20170629,11:59:00,221.5,9.9,2193,216.0,9.5,2052,25199,16077,55.5,618.0
Station_01,Inv_00,20170629,12:00:00,214.5,7.8,1673,216.0,7.3,1577,25199,16077,56.2,575.0
Station_01,Inv_00,20170629,12:01:00,224.5,7.3,1639,217.0,7.0,1519,25199,16077,55.6,452.0
Station_01,Inv_00,20170629,12:02:00,211.0,8.7,1836,218.0,7.9,1722,25199,16077,55.7,475.0
Station_01,Inv_00,20170629,12:03:00,218.4,12.2,2665,218.0,11.3,2463,25199,16077,57.9,740.0
Station_01,Inv_00,20170629,12:04:00,208.0,14.1,2933,218.0,12.6,2747,25199,16077,60.1,855.0
Station_01,Inv_00,20170629,12:05:00,217.0,13.5,2929,219.0,12.6,2759,25199,16077,60.9,847.0
Station_01,Inv_00,20170629,12:06:00,199.5,14.7,2933,219.0,12.7,2781,25199,16077,62.5,874.0
Station_01,Inv_00,20170629,12:07:00,208.0,14.4,2995,219.0,12.7,2781,25199,16077,62.7,845.0
Station_01,Inv_00,20170629,12:08:00,214.4,14.2,3045,219.0,13.1,2869,25200,16078,64.3,893.0
Station_01,Inv_00,20170629,12:09:00,197.0,15.0,2954,218.0,12.6,2747,25200,16078,62.6,897.0
Station_01,Inv_00,20170629,12:10:00,208.5,13.5,2815,219.0,12.3,2694,25200,16078,64.3,885.0
Station_01,Inv_00,20170629,12:11:00,208.4,12.7,2647,218.0,11.3,2463,25200,16078,65.0,775.0
Station_01,Inv_00,20170629,12:12:00,211.0,12.6,2659,219.0,11.4,2497,25200,16078,65.5,805.0
Station_01,Inv_00,20170629,12:13:00,206.4,9.8,2023,219.0,8.8,1927,25200,16078,65.5,680.0
Station_01,Inv_00,20170629,12:14:00,212.0,8.1,1717,218.0,7.4,1613,25200,16078,64.3,541.0
Station_01,Inv_00,20170629,12:15:00,210.5,7.4,1558,218.0,6.8,1482,25200,16078,62.8,464.0
Station_01,Inv_00,20170629,12:16:00,217.4,6.4,1392,218.0,6.1,1330,25200,16078,58.9,414.0
Station_01,Inv_00,20170629,12:17:00,221.0,5.9,1304,217.0,5.6,1215,25200,16078,56.4,381.0
Station_01,Inv_00,20170629,12:18:00,220.5,6.0,1323,218.0,5.6,1221,25200,16078,57.2,367.0
Station_01,Inv_00,20170629,12:19:00,221.9,6.2,1376,217.0,5.8,1259,25200,16078,56.0,377.0
Station_01,Inv_00,20170629,12:20:00,224.5,6.7,1504,218.0,6.4,1395,25200,16078,55.2,408.0
Station_01,Inv_00,20170629,12:21:00,224.5,7.3,1639,218.0,7.0,1526,25200,16078,55.1,451.0
Station_01,Inv_00,20170629,12:22:00,222.5,7.4,1646,218.0,7.2,1570,25200,16078,54.2,463.0
Station_01,Inv_00,20170629,12:23:00,222.5,8.4,1869,218.0,8.0,1744,25200,16078,54.0,494.0
Station_01,Inv_00,20170629,12:24:00,224.4,12.9,2894,219.0,12.4,2716,25200,16078,55.2,737.0
Station_01,Inv_00,20170629,12:25:00,219.5,15.1,3314,219.0,14.2,3110,25200,16078,58.0,937.0
Station_01,Inv_00,20170629,12:26:00,218.0,14.1,3074,219.0,13.1,2869,25200,16078,60.1,896.0
Station_01,Inv_00,20170629,12:27:00,217.4,13.8,3001,219.0,12.9,2825,25200,16078,60.7,837.0
Station_01,Inv_00,20170629,12:28:00,215.0,12.5,2687,219.0,11.6,2540,25200,16078,61.9,848.0
Station_01,Inv_00,20170629,12:29:00,215.5,9.7,2090,218.0,9.0,1962,25200,16078,61.0,613.0
Station_01,Inv_00,20170629,12:30:00,216.0,11.8,2549,218.0,10.9,2376,25200,16078,59.4,750.0
Station_01,Inv_00,20170629,12:31:00,219.5,12.6,2766,219.0,11.9,2606,25200,16078,61.5,788.0
Station_01,Inv_00,20170629,12:32:00,204.0,16.0,3264,219.0,14.0,3066,25200,16078,62.3,934.0
Station_01,Inv_00,20170629,12:33:00,207.5,15.5,3216,219.0,13.8,3022,25200,16078,61.8,947.0
Station_01,Inv_00,20170629,12:34:00,208.4,9.0,1876,218.0,8.2,1788,25200,16078,60.4,591.0
Station_01,Inv_00,20170629,12:35:00,217.4,11.9,2587,218.0,11.1,2420,25201,16078,59.9,676.0
Station_01,Inv_00,20170629,12:36:00,217.9,9.0,1961,218.0,8.4,1831,25201,16078,59.4,575.0
Station_01,Inv_00,20170629,12:37:00,212.0,7.6,1611,217.0,7.0,1519,25201,16078,57.9,500.0
Station_01,Inv_00,20170629,12:38:00,215.3,7.2,1551,218.0,6.7,1461,25201,16078,56.6,445.0
Station_01,Inv_00,20170629,12:39:00,225.5,6.9,1556,218.0,6.7,1461,25201,16078,56.8,432.0
Station_01,Inv_00,20170629,12:40:00,220.0,7.4,1628,218.0,7.1,1548,25201,16078,56.5,455.0
Station_01,Inv_00,20170629,12:41:00,222.5,7.4,1646,218.0,7.2,1570,25201,16078,55.9,473.0
Station_01,Inv_00,20170629,12:42:00,225.0,7.9,1778,218.0,7.7,1679,25201,16078,55.2,497.0
Station_01,Inv_00,20170629,12:43:00,226.0,12.6,2847,219.0,12.2,2672,25201,16078,54.9,734.0
Station_01,Inv_00,20170629,12:44:00,217.9,14.0,3051,220.0,13.0,2860,25201,16078,57.6,871.0
Station_01,Inv_00,20170629,12:45:00,209.4,10.2,2135,218.0,9.6,2093,25201,16078,60.0,860.0
Station_01,Inv_00,20170629,12:46:00,224.0,9.4,2106,219.0,9.0,1971,25201,16078,58.9,608.0
Station_01,Inv_00,20170629,12:47:00,218.5,11.8,2578,219.0,11.0,2409,25201,16078,60.0,720.0
Station_01,Inv_00,20170629,12:48:00,217.0,12.7,2756,219.0,11.9,2606,25201,16078,59.1,772.0
Station_01,Inv_00,20170629,12:49:00,216.5,12.2,2641,218.0,11.4,2485,25201,16078,59.4,790.0
Station_01,Inv_00,20170629,12:50:00,213.5,5.9,1259,218.0,5.5,1199,25201,16078,59.2,430.0
Station_01,Inv_00,20170629,12:51:00,217.5,11.1,2414,218.0,10.3,2245,25201,16078,58.7,462.0
Station_01,Inv_00,20170629,12:52:00,221.4,6.0,1329,218.0,5.6,1221,25201,16078,58.6,449.0
Station_01,Inv_00,20170629,12:53:00,222.9,4.8,1070,217.0,4.6,998,25201,16078,56.1,318.0
Station_01,Inv_00,20170629,12:54:00,224.0,4.7,1053,217.0,4.4,955,25201,16078,54.5,299.0
Station_01,Inv_00,20170629,12:55:00,227.0,4.3,976,217.0,4.2,911,25201,16078,52.6,287.0
Station_01,Inv_00,20170629,12:56:00,223.8,4.3,962,217.0,4.1,890,25201,16078,50.9,284.0
Station_01,Inv_00,20170629,12:57:00,226.9,4.3,976,217.0,4.1,890,25201,16078,50.2,276.0
Station_01,Inv_00,20170629,12:58:00,217.0,4.5,977,217.0,4.1,890,25201,16078,48.8,284.0
Station_01,Inv_00,20170629,12:59:00,230.5,4.5,1037,216.0,4.6,994,25201,16078,48.3,293.0
Station_01,Inv_00,20170629,13:00:00,232.5,4.8,1116,216.0,4.8,1037,25201,16078,47.4,311.0
Station_01,Inv_00,20170629,13:01:00,234.0,5.0,1170,216.0,5.0,1080,25201,16078,47.5,326.0
Station_01,Inv_00,20170629,13:02:00,223.5,5.4,1207,215.0,5.1,1097,25201,16078,46.7,336.0
Station_01,Inv_00,20170629,13:03:00,231.5,5.8,1343,215.0,5.8,1247,25201,16078,46.9,361.0
Station_01,Inv_00,20170629,13:04:00,234.0,9.5,2223,215.0,9.2,1978,25201,16078,47.6,430.0
Station_01,Inv_00,20170629,13:05:00,234.0,5.8,1357,215.0,5.8,1247,25201,16078,48.4,410.0
Station_01,Inv_00,20170629,13:06:00,231.0,5.3,1224,214.0,5.4,1156,25201,16078,48.1,352.0
Station_01,Inv_00,20170629,13:07:00,230.5,5.3,1222,217.0,5.1,1107,25201,16078,47.8,339.0
Station_01,Inv_00,20170629,13:08:00,232.5,5.0,1163,217.0,5.1,1107,25201,16078,47.1,332.0
Station_01,Inv_00,20170629,13:09:00,228.0,4.9,1117,217.0,4.9,1063,25201,16078,46.7,321.0
Station_01,Inv_00,20170629,13:10:00,230.5,5.0,1153,217.0,4.9,1063,25201,16078,46.4,317.0
Station_01,Inv_00,20170629,13:11:00,223.9,5.1,1142,218.0,4.9,1068,25201,16078,46.1,328.0
Station_01,Inv_00,20170629,13:12:00,232.8,5.1,1187,219.0,5.1,1117,25202,16079,45.1,335.0
Station_01,Inv_00,20170629,13:13:00,235.9,5.4,1274,219.0,5.3,1161,25202,16079,45.7,341.0
Station_01,Inv_00,20170629,13:14:00,233.4,5.4,1260,219.0,5.4,1183,25202,16079,45.6,350.0
Station_01,Inv_00,20170629,13:15:00,235.5,5.3,1248,218.0,5.2,1134,25202,16079,46.4,337.0
Station_01,Inv_00,20170629,13:16:00,234.0,5.3,1240,218.0,5.2,1134,25202,16079,45.1,336.0
Station_01,Inv_00,20170629,13:17:00,234.8,5.2,1221,219.0,5.2,1139,25202,16079,45.3,335.0
Station_01,Inv_00,20170629,13:18:00,229.0,5.0,1145,219.0,4.9,1073,25202,16079,45.8,324.0
Station_01,Inv_00,20170629,13:19:00,235.5,4.8,1130,218.0,4.7,1025,25202,16079,44.3,313.0
Station_01,Inv_00,20170629,13:20:00,235.0,4.6,1081,218.0,4.6,1003,25202,16079,45.0,302.0
Station_01,Inv_00,20170629,13:21:00,229.4,4.9,1124,218.0,4.7,1025,25202,16079,44.8,305.0
Station_01,Inv_00,20170629,13:22:00,225.0,5.0,1125,218.0,4.8,1046,25202,16079,44.3,315.0
Station_01,Inv_00,20170629,13:23:00,232.0,5.1,1183,218.0,5.1,1112,25202,16079,44.3,327.0
Station_01,Inv_00,20170629,13:24:00,228.5,5.4,1234,219.0,5.2,1139,25202,16079,44.5,336.0
Station_01,Inv_00,20170629,13:25:00,234.5,5.5,1290,218.0,5.5,1199,25202,16079,44.7,347.0
Station_01,Inv_00,20170629,13:26:00,240.0,5.6,1344,218.0,5.6,1221,25202,16079,44.6,361.0
Station_01,Inv_00,20170629,13:27:00,236.4,5.6,1324,218.0,5.6,1221,25202,16079,45.0,362.0
Station_01,Inv_00,20170629,13:28:00,227.5,5.9,1342,218.0,5.8,1264,25202,16079,44.9,381.0
Station_01,Inv_00,20170629,13:29:00,234.0,5.9,1381,219.0,6.0,1314,25202,16079,44.8,380.0
Station_01,Inv_00,20170629,13:30:00,235.0,7.1,1668,219.0,7.2,1577,25202,16079,46.1,452.0
Station_01,Inv_00,20170629,13:31:00,236.5,10.4,2460,219.0,10.5,2300,25202,16079,45.5,574.0
Station_01,Inv_00,20170629,13:32:00,234.5,11.8,2767,219.0,11.9,2606,25202,16079,49.3,762.0
Station_01,Inv_00,20170629,13:33:00,232.5,13.6,3162,219.0,13.5,2957,25202,16079,51.0,847.0
Station_01,Inv_00,20170629,13:34:00,220.5,14.2,3131,219.0,13.4,2935,25202,16079,51.8,872.0
Station_01,Inv_00,20170629,13:35:00,222.5,14.2,3160,218.0,13.6,2965,25202,16079,54.3,888.0
Station_01,Inv_00,20170629,13:36:00,223.0,14.3,3189,219.0,13.7,3000,25202,16079,55.6,899.0
Station_01,Inv_00,20170629,13:37:00,218.0,14.2,3095,219.0,13.3,2913,25202,16079,56.2,888.0
Station_01,Inv_00,20170629,13:38:00,222.0,8.5,1887,218.0,8.2,1788,25202,16079,54.5,613.0
Station_01,Inv_00,20170629,13:39:00,218.0,8.9,1940,218.0,8.4,1831,25202,16079,54.1,541.0
Station_01,Inv_00,20170629,13:40:00,223.0,13.4,2988,219.0,12.9,2825,25202,16079,54.6,840.0
Station_01,Inv_00,20170629,13:41:00,215.0,13.0,2795,219.0,11.7,2562,25202,16079,55.3,785.0
Station_01,Inv_00,20170629,13:42:00,220.0,13.3,2926,220.0,12.5,2750,25202,16079,54.8,845.0
Station_01,Inv_00,20170629,13:43:00,217.5,8.7,1892,216.0,8.2,1771,25202,16079,56.2,640.0
Station_01,Inv_00,20170629,13:44:00,215.5,11.4,2457,217.0,10.3,2235,25203,16080,54.9,657.0
Station_01,Inv_00,20170629,13:45:00,212.5,8.4,1785,217.0,8.1,1758,25203,16080,55.4,590.0
Station_01,Inv_00,20170629,13:46:00,201.5,6.6,1330,217.0,5.8,1259,25203,16080,53.2,417.0
Station_01,Inv_00,20170629,13:47:00,224.4,6.4,1436,217.0,6.2,1345,25203,16080,51.9,404.0
Station_01,Inv_00,20170629,13:48:00,206.0,8.1,1669,217.0,7.1,1541,25203,16080,51.7,474.0
Station_01,Inv_00,20170629,13:49:00,210.4,8.3,1747,217.0,7.5,1628,25203,16080,52.8,563.0
Station_01,Inv_00,20170629,13:50:00,217.9,7.2,1569,217.0,6.8,1476,25203,16080,52.1,492.0
Station_01,Inv_00,20170629,13:51:00,226.0,6.1,1378,217.0,5.9,1280,25203,16080,49.7,401.0
Station_01,Inv_00,20170629,13:52:00,228.0,5.7,1300,217.0,5.6,1215,25203,16080,49.5,375.0
Station_01,Inv_00,20170629,13:53:00,231.5,5.7,1319,217.0,5.6,1215,25203,16080,49.7,375.0
Station_01,Inv_00,20170629,13:54:00,229.0,5.6,1282,217.0,5.5,1194,25203,16080,48.0,355.0
Station_01,Inv_00,20170629,13:55:00,229.0,5.7,1305,217.0,5.7,1237,25203,16080,48.8,362.0
Station_01,Inv_00,20170629,13:56:00,222.5,6.4,1424,217.0,6.2,1345,25203,16080,49.0,396.0
Station_01,Inv_00,20170629,13:57:00,233.5,6.5,1518,217.0,6.5,1411,25203,16080,48.0,414.0
Station_01,Inv_00,20170629,13:58:00,229.5,6.5,1492,216.0,6.4,1382,25203,16080,48.5,408.0
Station_01,Inv_00,20170629,13:59:00,232.5,6.6,1535,216.0,6.6,1426,25203,16080,48.5,420.0
Station_01,Inv_00,20170629,14:00:00,229.0,6.5,1489,216.0,6.4,1382,25203,16080,49.4,410.0
Station_01,Inv_00,20170629,14:01:00,230.5,6.3,1452,216.0,6.2,1339,25203,16080,49.5,397.0
Station_01,Inv_00,20170629,14:02:00,228.0,6.4,1459,216.0,6.2,1339,25203,16080,49.4,398.0
Station_01,Inv_00,20170629,14:03:00,227.0,6.4,1453,216.0,6.3,1361,25203,16080,49.0,403.0
Station_01,Inv_00,20170629,14:04:00,233.0,6.5,1514,216.0,6.5,1404,25203,16080,49.0,415.0
Station_01,Inv_00,20170629,14:05:00,230.5,6.7,1544,216.0,6.7,1447,25203,16080,48.8,420.0
Station_01,Inv_00,20170629,14:06:00,232.0,6.7,1554,216.0,6.7,1447,25203,16080,48.6,424.0
Station_01,Inv_00,20170629,14:07:00,235.4,6.6,1553,216.0,6.7,1447,25203,16080,48.8,421.0
Station_01,Inv_00,20170629,14:08:00,230.5,6.7,1544,216.0,6.7,1447,25203,16080,48.6,424.0
Station_01,Inv_00,20170629,14:09:00,229.5,6.7,1538,216.0,6.8,1469,25203,16080,49.0,427.0
Station_01,Inv_00,20170629,14:10:00,232.5,6.7,1558,216.0,6.8,1469,25203,16080,48.4,432.0
Station_01,Inv_00,20170629,14:11:00,227.5,6.7,1524,216.0,6.7,1447,25203,16080,48.5,426.0
Station_01,Inv_00,20170629,14:12:00,232.0,6.7,1554,216.0,6.8,1469,25203,16080,49.5,427.0
Station_01,Inv_00,20170629,14:13:00,222.5,7.5,1669,215.0,7.2,1548,25203,16080,49.1,458.0
Station_01,Inv_00,20170629,14:14:00,212.0,8.5,1802,216.0,7.9,1706,25203,16080,50.5,526.0
Station_01,Inv_00,20170629,14:15:00,226.5,8.8,1993,216.0,8.7,1879,25203,16080,50.3,545.0
Station_01,Inv_00,20170629,14:16:00,230.0,9.5,2185,216.0,9.7,2095,25203,16080,52.0,588.0
Station_01,Inv_00,20170629,14:17:00,231.0,8.2,1894,216.0,8.3,1793,25203,16080,52.2,495.0
Station_01,Inv_00,20170629,14:18:00,226.0,12.0,2712,217.0,11.8,2561,25203,16080,52.8,728.0
Station_01,Inv_00,20170629,14:19:00,226.0,12.8,2893,217.0,12.5,2713,25203,16080,54.2,797.0
Station_01,Inv_00,20170629,14:20:00,223.0,13.3,2966,217.0,12.8,2778,25203,16080,55.8,830.0
Station_01,Inv_00,20170629,14:21:00,217.5,14.2,3088,216.0,13.4,2894,25204,16080,57.7,873.0
Station_01,Inv_00,20170629,14:22:00,221.0,13.9,3072,216.0,13.4,2894,25204,16080,58.4,880.0
Station_01,Inv_00,20170629,14:23:00,216.0,14.2,3067,216.0,13.3,2873,25204,16080,58.4,877.0
Station_01,Inv_00,20170629,14:24:00,218.5,13.6,2972,216.0,12.9,2786,25204,16080,61.2,860.0
Station_01,Inv_00,20170629,14:25:00,217.0,12.3,2669,216.0,11.6,2506,25204,16080,60.1,787.0
Station_01,Inv_00,20170629,14:26:00,211.5,7.9,1671,215.0,7.4,1591,25204,16080,58.3,565.0
Station_01,Inv_00,20170629,14:27:00,218.0,7.4,1613,216.0,7.1,1534,25204,16080,57.9,456.0
Station_01,Inv_00,20170629,14:28:00,220.0,7.7,1694,216.0,7.4,1598,25204,16080,57.9,472.0
Station_01,Inv_00,20170629,14:29:00,217.0,8.2,1779,216.0,7.8,1685,25204,16080,57.3,494.0
Station_01,Inv_00,20170629,14:30:00,224.5,8.3,1863,216.0,8.1,1750,25204,16080,55.3,513.0
Station_01,Inv_00,20170629,14:31:00,226.0,8.2,1853,217.0,8.1,1758,25204,16080,55.6,516.0
Station_01,Inv_00,20170629,14:32:00,224.5,8.1,1818,217.0,7.9,1714,25204,16080,55.6,503.0
Station_01,Inv_00,20170629,14:33:00,223.0,7.8,1739,217.0,7.7,1671,25204,16080,55.4,487.0
Station_01,Inv_00,20170629,14:34:00,227.5,7.7,1752,216.0,7.6,1642,25204,16080,55.2,480.0
Station_01,Inv_00,20170629,14:35:00,224.0,7.8,1747,216.0,7.7,1663,25204,16080,53.8,495.0
Station_01,Inv_00,20170629,14:36:00,223.5,8.1,1810,216.0,7.8,1685,25204,16080,54.5,490.0
Station_01,Inv_00,20170629,14:37:00,227.9,8.0,1823,216.0,7.8,1685,25204,16080,53.7,493.0
Station_01,Inv_00,20170629,14:38:00,227.9,8.4,1915,217.0,8.3,1801,25204,16080,52.9,514.0
Station_01,Inv_00,20170629,14:39:00,227.9,12.3,2803,217.0,12.1,2626,25204,16080,53.7,670.0
Station_01,Inv_00,20170629,14:40:00,220.0,13.4,2948,217.0,12.7,2756,25204,16080,54.9,826.0
Station_01,Inv_00,20170629,14:41:00,223.0,8.5,1895,217.0,8.3,1801,25204,16080,55.6,629.0
Station_01,Inv_00,20170629,14:42:00,226.0,8.1,1831,216.0,8.0,1728,25204,16080,55.0,506.0
Station_01,Inv_00,20170629,14:43:00,225.5,7.8,1759,216.0,7.7,1663,25204,16080,55.0,483.0
Station_01,Inv_00,20170629,14:44:00,226.5,7.7,1744,216.0,7.6,1642,25204,16080,53.7,476.0
Station_01,Inv_00,20170629,14:45:00,220.5,7.9,1742,216.0,7.6,1642,25204,16080,52.5,483.0
Station_01,Inv_00,20170629,14:46:00,228.5,7.0,1599,216.0,7.1,1534,25204,16080,53.1,449.0
Station_01,Inv_00,20170629,14:47:00,227.0,5.9,1339,216.0,5.9,1274,25204,16080,50.8,382.0
Station_01,Inv_00,20170629,14:48:00,230.9,5.2,1201,216.0,5.3,1145,25204,16080,50.6,337.0
Station_01,Inv_00,20170629,14:49:00,225.3,5.0,1126,216.0,4.7,1015,25204,16080,49.1,306.0
Station_01,Inv_00,20170629,14:50:00,230.5,4.6,1060,216.0,4.6,994,25204,16080,47.8,288.0
Station_01,Inv_00,20170629,14:51:00,230.0,4.6,1058,216.0,4.5,972,25205,16081,47.8,281.0
Station_01,Inv_00,20170629,14:52:00,231.0,4.5,1040,216.0,4.6,994,25205,16081,46.7,282.0
Station_01,Inv_00,20170629,14:53:00,231.0,4.7,1086,216.0,4.6,994,25205,16081,46.9,289.0
Station_01,Inv_00,20170629,14:54:00,230.4,5.0,1152,217.0,4.9,1063,25205,16081,45.7,301.0
Station_01,Inv_00,20170629,14:55:00,232.5,5.0,1162,216.0,4.9,1058,25205,16081,46.4,303.0
Station_01,Inv_00,20170629,14:56:00,232.0,5.0,1160,217.0,4.9,1063,25205,16081,45.3,306.0
Station_01,Inv_00,20170629,14:57:00,228.5,4.8,1097,216.0,4.8,1037,25205,16081,45.4,301.0
Station_01,Inv_00,20170629,14:58:00,235.5,4.7,1107,217.0,4.7,1020,25205,16081,45.4,292.0
Station_01,Inv_00,20170629,14:59:00,233.0,4.8,1118,217.0,4.7,1020,25205,16081,44.7,291.0
Station_01,Inv_00,20170629,15:00:00,234.5,4.8,1126,217.0,4.7,1020,25205,16081,44.8,293.0
Station_01,Inv_00,20170629,15:01:00,233.0,4.8,1118,218.0,4.8,1046,25205,16081,44.2,298.0
Station_01,Inv_00,20170629,15:02:00,232.5,5.0,1163,218.0,4.9,1068,25205,16081,44.0,302.0
Station_01,Inv_00,20170629,15:03:00,230.9,5.1,1178,218.0,5.1,1112,25205,16081,43.6,313.0
Station_01,Inv_00,20170629,15:04:00,231.5,5.4,1250,217.0,5.3,1150,25205,16081,44.5,324.0
Station_01,Inv_00,20170629,15:05:00,231.0,5.3,1224,218.0,5.3,1155,25205,16081,44.6,331.0
Station_01,Inv_00,20170629,15:06:00,223.0,6.6,1472,218.0,6.2,1352,25205,16081,44.5,355.0
Station_01,Inv_00,20170629,15:07:00,227.9,4.4,1003,218.0,4.3,937,25205,16081,44.6,296.0
Station_01,Inv_00,20170629,15:08:00,230.5,3.8,876,217.0,3.8,825,25205,16081,44.1,241.0
Station_01,Inv_00,20170629,15:09:00,231.5,3.2,741,217.0,3.2,694,25205,16081,42.9,203.0
Station_01,Inv_00,20170629,15:10:00,230.5,2.8,645,217.0,2.8,608,25205,16081,42.6,175.0
Station_01,Inv_00,20170629,15:11:00,230.0,2.6,598,216.0,2.5,540,25205,16081,42.1,159.0
Station_01,Inv_00,20170629,15:12:00,232.0,2.2,510,216.0,2.3,497,25205,16081,41.9,145.0
Station_01,Inv_00,20170629,15:13:00,230.9,2.0,462,216.0,2.0,432,25205,16081,41.2,129.0
Station_01,Inv_00,20170629,15:14:00,221.9,2.0,444,216.0,2.0,432,25205,16081,40.8,124.0
Station_01,Inv_00,20170629,15:15:00,201.0,1.8,362,216.0,1.6,346,25205,16081,40.2,117.0
Station_01,Inv_00,20170629,15:16:00,227.0,1.5,341,216.0,1.5,324,25205,16081,39.9,103.0
Station_01,Inv_00,20170629,15:17:00,228.5,1.3,297,216.0,1.4,302,25205,16081,39.8,88.0
Station_01,Inv_00,20170629,15:18:00,221.5,1.1,244,216.0,1.2,259,25205,16081,39.4,78.0
Station_01,Inv_00,20170629,15:19:00,224.2,1.0,224,216.0,1.1,238,25205,16081,39.0,72.0
Station_01,Inv_00,20170629,15:20:00,222.0,0.8,178,216.0,1.0,216,25205,16081,37.9,69.0
Station_01,Inv_00,20170629,15:21:00,220.5,0.8,176,214.0,1.0,214,25205,16081,36.4,65.0
Station_01,Inv_00,20170629,15:22:00,225.0,0.8,180,214.0,1.0,214,25205,16081,36.1,63.0
Station_01,Inv_00,20170629,15:23:00,223.0,0.8,178,215.0,0.9,194,25205,16081,35.1,61.0
Station_01,Inv_00,20170629,15:24:00,228.0,0.8,182,215.0,0.9,194,25205,16081,34.6,61.0
Station_01,Inv_00,20170629,15:25:00,227.5,0.8,182,215.0,1.0,215,25205,16081,34.3,63.0
Station_01,Inv_00,20170629,15:26:00,219.5,0.8,176,215.0,1.0,215,25205,16081,34.0,66.0
Station_01,Inv_00,20170629,15:27:00,234.5,0.8,188,215.0,1.0,215,25205,16081,33.7,68.0
Station_01,Inv_00,20170629,15:28:00,227.5,0.8,182,215.0,1.0,215,25205,16081,33.5,77.0
Station_01,Inv_00,20170629,15:29:00,234.0,1.0,234,215.0,1.1,237,25205,16081,33.4,75.0
Station_01,Inv_00,20170629,15:30:00,229.4,1.2,275,216.0,1.3,281,25205,16081,33.1,86.0
Station_01,Inv_00,20170629,15:31:00,234.5,1.6,375,215.0,1.6,344,25205,16081,33.3,103.0
Station_01,Inv_00,20170629,15:32:00,242.0,1.8,436,215.0,1.9,409,25205,16081,33.5,122.0
Station_01,Inv_00,20170629,15:33:00,237.0,2.2,521,216.0,2.4,518,25205,16081,33.7,144.0
Station_01,Inv_00,20170629,15:34:00,240.1,2.5,600,216.0,2.6,562,25205,16081,34.1,161.0
Station_01,Inv_00,20170629,15:35:00,220.0,2.6,572,216.0,2.6,562,25205,16081,34.5,169.0
Station_01,Inv_00,20170629,15:36:00,196.5,2.6,511,217.0,2.3,499,25205,16081,34.7,171.0
Station_01,Inv_00,20170629,15:37:00,238.0,2.7,643,215.0,2.7,581,25205,16081,34.9,171.0
Station_01,Inv_00,20170629,15:38:00,215.5,2.6,560,215.0,2.6,559,25205,16081,35.1,170.0
Station_01,Inv_00,20170629,15:39:00,205.8,2.8,576,215.0,2.5,538,25205,16081,35.4,175.0
Station_01,Inv_00,20170629,15:40:00,234.0,2.7,632,215.0,2.8,602,25205,16081,35.3,179.0
Station_01,Inv_00,20170629,15:41:00,228.5,2.8,640,215.0,2.8,602,25205,16081,35.2,178.0
Station_01,Inv_00,20170629,15:42:00,226.5,3.8,861,215.0,3.7,796,25205,16081,35.2,133.0
Station_01,Inv_00,20170629,15:43:00,223.3,4.2,938,215.0,4.0,860,25205,16081,36.5,273.0
Station_01,Inv_00,20170629,15:44:00,229.0,2.5,572,217.0,2.5,543,25205,16081,36.1,180.0
Station_01,Inv_00,20170629,15:45:00,227.5,1.8,410,217.0,1.8,391,25205,16081,35.8,126.0
Station_01,Inv_00,20170629,15:46:00,225.4,1.6,361,216.0,1.6,346,25205,16081,35.6,108.0
Station_01,Inv_00,20170629,15:47:00,225.5,1.4,316,217.0,1.5,326,25205,16081,35.0,103.0
Station_01,Inv_00,20170629,15:48:00,235.0,1.4,329,218.0,1.5,327,25205,16081,34.8,102.0
Station_01,Inv_00,20170629,15:49:00,232.7,1.5,349,217.0,1.5,326,25205,16081,34.4,103.0
Station_01,Inv_00,20170629,15:50:00,234.0,1.6,374,218.0,1.6,349,25205,16081,33.8,107.0
Station_01,Inv_00,20170629,15:51:00,233.3,1.7,397,217.0,1.7,369,25205,16081,33.8,113.0
Station_01,Inv_00,20170629,15:52:00,234.5,1.8,422,218.0,1.8,392,25205,16081,33.9,118.0
Station_01,Inv_00,20170629,15:53:00,230.4,1.8,415,218.0,1.9,414,25205,16081,34.0,135.0
Station_01,Inv_00,20170629,15:54:00,234.0,2.0,468,218.0,2.0,436,25205,16081,33.9,132.0
Station_01,Inv_00,20170629,15:55:00,235.0,2.0,470,218.0,2.0,436,25205,16081,33.9,136.0
Station_01,Inv_00,20170629,15:56:00,240.0,1.8,432,218.0,1.9,414,25205,16081,33.7,132.0
Station_01,Inv_00,20170629,15:57:00,233.5,1.6,374,218.0,1.7,371,25205,16081,33.5,120.0
Station_01,Inv_00,20170629,15:58:00,206.0,1.5,309,218.0,1.5,327,25205,16081,33.7,107.0
Station_01,Inv_00,20170629,15:59:00,228.5,1.2,274,218.0,1.4,305,25205,16081,33.4,98.0
Station_01,Inv_00,20170629,16:00:00,227.0,1.2,272,218.0,1.4,305,25205,16081,33.2,93.0
Station_01,Inv_00,20170629,16:01:00,230.5,1.2,277,218.0,1.3,283,25205,16081,33.0,91.0
Station_01,Inv_00,20170629,16:02:00,217.5,1.2,261,218.0,1.2,262,25205,16081,33.0,89.0
Station_01,Inv_00,20170629,16:03:00,232.1,1.1,255,218.0,1.2,262,25205,16081,32.8,85.0
Station_01,Inv_00,20170629,16:04:00,224.5,1.2,269,218.0,1.3,283,25205,16081,32.7,86.0
Station_01,Inv_00,20170629,16:05:00,228.5,1.2,274,218.0,1.3,283,25205,16081,32.6,87.0
Station_01,Inv_00,20170629,16:06:00,226.0,1.2,271,218.0,1.3,283,25205,16081,32.6,88.0
Station_01,Inv_00,20170629,16:07:00,229.5,1.2,275,218.0,1.3,283,25205,16081,32.5,87.0
Station_01,Inv_00,20170629,16:08:00,226.0,1.2,271,218.0,1.3,283,25205,16081,32.3,88.0
Station_01,Inv_00,20170629,16:09:00,232.5,1.1,256,219.0,1.2,263,25205,16081,32.2,86.0
Station_01,Inv_00,20170629,16:10:00,230.5,1.2,277,219.0,1.2,263,25205,16081,32.2,86.0
Station_01,Inv_00,20170629,16:11:00,227.0,1.2,272,216.0,1.2,259,25205,16081,32.2,85.0
Station_01,Inv_00,20170629,16:12:00,231.0,1.2,277,216.0,1.2,259,25205,16081,32.1,83.0
Station_01,Inv_00,20170629,16:13:00,230.5,1.1,254,216.0,1.2,259,25205,16081,31.9,82.0
Station_01,Inv_00,20170629,16:14:00,228.5,1.0,229,216.0,1.2,259,25205,16081,31.9,79.0
Station_01,Inv_00,20170629,16:15:00,228.5,1.0,229,216.0,1.1,238,25205,16081,31.7,78.0
Station_01,Inv_00,20170629,16:16:00,232.0,1.0,232,216.0,1.1,238,25205,16081,31.7,77.0
Station_01,Inv_00,20170629,16:17:00,230.5,1.0,231,216.0,1.1,238,25205,16081,31.6,77.0
Station_01,Inv_00,20170629,16:18:00,229.0,1.0,229,216.0,1.1,238,25205,16081,31.5,76.0
Station_01,Inv_00,20170629,16:19:00,220.5,1.0,221,216.0,1.1,238,25205,16081,31.5,76.0
Station_01,Inv_00,20170629,16:20:00,231.5,1.0,232,217.0,1.1,239,25205,16081,31.4,74.0
Station_01,Inv_00,20170629,16:21:00,198.0,0.9,178,216.0,1.0,216,25205,16081,31.4,71.0
Station_01,Inv_00,20170629,16:22:00,161.9,0.9,146,216.0,0.8,173,25205,16081,31.2,70.0
Station_01,Inv_00,20170629,16:23:00,225.9,0.9,203,216.0,1.0,216,25205,16081,31.2,70.0
Station_01,Inv_00,20170629,16:24:00,204.0,0.9,184,216.0,1.0,216,25205,16081,31.2,72.0
Station_01,Inv_00,20170629,16:25:00,217.0,1.1,239,216.0,1.1,238,25205,16081,31.1,75.0
Station_01,Inv_00,20170629,16:26:00,206.5,1.1,227,216.0,1.1,238,25205,16081,31.0,77.0
Station_01,Inv_00,20170629,16:27:00,227.0,1.0,227,215.0,1.1,237,25205,16081,31.0,78.0
Station_01,Inv_00,20170629,16:28:00,219.5,1.1,241,216.0,1.2,259,25205,16081,30.8,78.0
Station_01,Inv_00,20170629,16:29:00,226.8,1.0,227,215.0,1.1,237,25205,16081,30.6,78.0
Station_01,Inv_00,20170629,16:30:00,225.2,1.0,225,216.0,1.1,238,25205,16081,30.3,77.0
Station_01,Inv_00,20170629,16:31:00,221.4,1.0,221,216.0,1.1,238,25205,16081,29.8,76.0
Station_01,Inv_00,20170629,16:32:00,228.6,0.9,206,215.0,1.0,215,25205,16081,29.4,70.0
Station_01,Inv_00,20170629,16:33:00,225.0,0.8,180,215.0,1.0,215,25205,16081,29.1,62.0
Station_01,Inv_00,20170629,16:34:00,221.1,0.7,155,215.0,0.9,194,25205,16081,28.7,56.0
Station_01,Inv_00,20170629,16:35:00,230.4,0.7,161,215.0,0.8,172,25205,16081,28.5,54.0
Station_01,Inv_00,20170629,16:36:00,214.0,0.7,150,214.0,0.8,171,25205,16081,28.4,61.0
Station_01,Inv_00,20170629,16:37:00,219.0,0.7,153,215.0,0.8,172,25205,16081,28.2,53.0
Station_01,Inv_00,20170629,16:38:00,213.0,0.6,128,215.0,0.8,172,25205,16081,28.0,53.0
Station_01,Inv_00,20170629,16:39:00,216.0,0.6,130,215.0,0.8,172,25205,16081,28.0,54.0
Station_01,Inv_00,20170629,16:40:00,212.0,0.7,148,215.0,0.8,172,25205,16081,27.9,56.0
Station_01,Inv_00,20170629,16:41:00,209.0,0.7,146,215.0,0.8,172,25205,16081,27.9,56.0
Station_01,Inv_00,20170629,16:42:00,230.0,0.6,138,215.0,0.9,194,25205,16081,27.9,59.0
Station_01,Inv_00,20170629,16:43:00,229.5,0.8,184,215.0,0.9,194,25205,16081,27.8,59.0
Station_01,Inv_00,20170629,16:44:00,218.9,0.7,153,215.0,0.9,194,25205,16081,27.8,63.0
Station_01,Inv_00,20170629,16:45:00,222.0,0.7,155,215.0,0.9,194,25205,16081,27.7,59.0
Station_01,Inv_00,20170629,16:46:00,224.4,0.7,157,215.0,0.9,194,25205,16081,27.7,74.0
Station_01,Inv_00,20170629,16:47:00,234.1,0.7,164,214.0,0.8,171,25205,16081,27.8,57.0
Station_01,Inv_00,20170629,16:48:00,221.0,0.6,133,215.0,0.8,172,25205,16081,27.7,55.0
Station_01,Inv_00,20170629,16:49:00,227.0,0.7,159,215.0,0.8,172,25205,16081,27.7,53.0
Station_01,Inv_00,20170629,16:50:00,229.0,0.6,137,215.0,0.8,172,25205,16081,27.7,52.0
Station_01,Inv_00,20170629,16:51:00,223.7,0.6,134,215.0,0.7,151,25205,16081,27.7,51.0
Station_01,Inv_00,20170629,16:52:00,224.4,0.5,112,214.0,0.7,150,25205,16081,27.7,50.0
Station_01,Inv_00,20170629,16:53:00,231.0,0.6,139,214.0,0.7,150,25205,16081,27.7,51.0
Station_01,Inv_00,20170629,16:54:00,218.0,0.6,131,215.0,0.8,172,25205,16081,27.6,54.0
Station_01,Inv_00,20170629,16:55:00,217.4,0.7,152,215.0,0.8,172,25205,16081,27.6,56.0
Station_01,Inv_00,20170629,16:56:00,232.0,0.7,162,216.0,0.9,194,25205,16081,27.5,58.0
Station_01,Inv_00,20170629,16:57:00,229.0,0.7,160,216.0,0.9,194,25205,16081,27.4,59.0
Station_01,Inv_00,20170629,16:58:00,220.0,0.8,176,216.0,0.9,194,25205,16081,27.4,58.0
Station_01,Inv_00,20170629,16:59:00,216.0,0.8,173,217.0,0.9,195,25205,16081,27.3,57.0
Station_01,Inv_00,20170629,17:00:00,228.5,0.8,183,216.0,1.0,216,25205,16081,27.3,59.0
Station_01,Inv_00,20170629,17:01:00,225.5,0.8,180,216.0,1.0,216,25205,16081,27.3,62.0
Station_01,Inv_00,20170629,17:02:00,219.0,0.9,197,216.0,1.0,216,25205,16081,27.2,65.0
Station_01,Inv_00,20170629,17:03:00,220.0,0.9,198,215.0,1.0,215,25205,16081,27.2,69.0
Station_01,Inv_00,20170629,17:04:00,218.0,1.0,218,217.0,1.1,239,25205,16081,27.3,73.0
Station_01,Inv_00,20170629,17:05:00,240.4,1.0,240,217.0,1.2,260,25205,16081,27.3,77.0
Station_01,Inv_00,20170629,17:06:00,229.0,1.1,252,216.0,1.2,259,25205,16081,27.4,78.0
Station_01,Inv_00,20170629,17:07:00,234.0,1.1,257,215.0,1.2,258,25205,16081,27.3,77.0
Station_01,Inv_00,20170629,17:08:00,241.0,1.0,241,214.0,1.2,257,25205,16081,27.4,78.0
Station_01,Inv_00,20170629,17:09:00,235.4,1.1,259,215.0,1.3,280,25205,16081,27.3,80.0
Station_01,Inv_00,20170629,17:10:00,231.5,1.1,255,215.0,1.2,258,25205,16081,27.3,79.0
Station_01,Inv_00,20170629,17:11:00,235.8,1.1,259,215.0,1.2,258,25205,16081,27.4,78.0
Station_01,Inv_00,20170629,17:12:00,222.5,1.1,245,215.0,1.2,258,25205,16081,27.3,77.0
Station_01,Inv_00,20170629,17:13:00,235.3,1.1,259,216.0,1.2,259,25205,16081,27.4,76.0
Station_01,Inv_00,20170629,17:14:00,225.5,1.2,271,215.0,1.2,258,25205,16081,27.3,76.0
Station_01,Inv_00,20170629,17:15:00,243.5,1.0,244,215.0,1.2,258,25205,16081,27.3,75.0
Station_01,Inv_00,20170629,17:16:00,235.5,1.1,259,215.0,1.2,258,25205,16081,27.3,74.0
Station_01,Inv_00,20170629,17:17:00,235.8,1.1,259,215.0,1.2,258,25205,16081,27.3,75.0
Station_01,Inv_00,20170629,17:18:00,225.5,1.0,226,215.0,1.2,258,25205,16081,27.3,74.0
Station_01,Inv_00,20170629,17:19:00,231.5,1.0,232,215.0,1.2,258,25205,16081,27.3,74.0
Station_01,Inv_00,20170629,17:20:00,232.8,1.1,256,216.0,1.1,238,25205,16081,27.3,74.0
Station_01,Inv_00,20170629,17:21:00,222.6,1.1,245,216.0,1.2,259,25205,16081,27.3,74.0
Station_01,Inv_00,20170629,17:22:00,224.5,1.1,247,216.0,1.2,259,25205,16081,27.4,74.0
Station_01,Inv_00,20170629,17:23:00,241.5,1.0,242,216.0,1.2,259,25205,16081,27.4,75.0
Station_01,Inv_00,20170629,17:24:00,231.0,1.1,254,216.0,1.2,259,25205,16081,27.4,76.0
Station_01,Inv_00,20170629,17:25:00,231.5,1.0,232,216.0,1.2,259,25205,16081,27.4,76.0
Station_01,Inv_00,20170629,17:26:00,235.0,1.0,235,216.0,1.2,259,25205,16081,27.5,76.0
Station_01,Inv_00,20170629,17:27:00,226.0,1.1,249,216.0,1.2,259,25206,16081,27.6,77.0
Station_01,Inv_00,20170629,17:28:00,224.8,1.1,247,216.0,1.2,259,25206,16081,27.7,77.0
Station_01,Inv_00,20170629,17:29:00,229.5,1.1,252,215.0,1.2,258,25206,16081,27.7,78.0
Station_01,Inv_00,20170629,17:30:00,227.0,1.2,272,215.0,1.2,258,25206,16081,27.8,78.0
Station_01,Inv_00,20170629,17:31:00,229.0,1.1,252,215.0,1.2,258,25206,16081,27.9,78.0
Station_01,Inv_00,20170629,17:32:00,226.0,1.1,249,215.0,1.2,258,25206,16081,27.9,79.0
Station_01,Inv_00,20170629,17:33:00,230.0,1.2,276,215.0,1.2,258,25206,16081,27.8,81.0
Station_01,Inv_00,20170629,17:34:00,223.5,1.1,246,214.0,1.2,257,25206,16081,27.6,82.0
Station_01,Inv_00,20170629,17:35:00,239.0,1.1,263,214.0,1.3,278,25206,16081,27.5,81.0
Station_01,Inv_00,20170629,17:36:00,233.0,1.2,280,215.0,1.3,280,25206,16081,27.5,82.0
Station_01,Inv_00,20170629,17:37:00,233.0,1.1,256,215.0,1.3,280,25206,16081,27.4,81.0
Station_01,Inv_00,20170629,17:38:00,231.0,1.2,277,215.0,1.3,280,25206,16081,27.5,82.0
Station_01,Inv_00,20170629,17:39:00,227.5,1.1,250,216.0,1.3,281,25206,16081,27.5,83.0
Station_01,Inv_00,20170629,17:40:00,218.9,1.3,285,217.0,1.3,282,25206,16081,27.5,85.0
Station_01,Inv_00,20170629,17:41:00,213.9,1.3,278,216.0,1.3,281,25206,16081,27.6,86.0
Station_01,Inv_00,20170629,17:42:00,210.8,1.3,274,217.0,1.3,282,25206,16081,27.6,87.0
Station_01,Inv_00,20170629,17:43:00,240.5,1.3,313,216.0,1.4,302,25206,16081,27.6,86.0
Station_01,Inv_00,20170629,17:44:00,237.5,1.1,261,216.0,1.3,281,25206,16081,27.6,82.0
Station_01,Inv_00,20170629,17:45:00,232.5,1.1,256,216.0,1.3,281,25206,16081,27.5,82.0
Station_01,Inv_00,20170629,17:46:00,234.5,1.2,281,216.0,1.3,281,25206,16081,27.6,82.0
Station_01,Inv_00,20170629,17:47:00,230.0,1.1,253,216.0,1.3,281,25206,16081,27.6,83.0
Station_01,Inv_00,20170629,17:48:00,236.0,1.2,283,216.0,1.3,281,25206,16081,27.6,82.0
Station_01,Inv_00,20170629,17:49:00,237.3,1.2,285,215.0,1.3,280,25206,16081,27.6,83.0
Station_01,Inv_00,20170629,17:50:00,231.3,1.2,278,217.0,1.3,282,25206,16081,27.6,83.0
Station_01,Inv_00,20170629,17:51:00,232.7,1.1,256,217.0,1.3,282,25206,16081,27.7,81.0
Station_01,Inv_00,20170629,17:52:00,235.8,1.1,259,215.0,1.2,258,25206,16081,27.6,79.0
Station_01,Inv_00,20170629,17:53:00,234.5,1.1,258,215.0,1.2,258,25206,16081,27.6,78.0
Station_01,Inv_00,20170629,17:54:00,230.0,1.1,253,215.0,1.2,258,25206,16081,27.6,77.0
Station_01,Inv_00,20170629,17:55:00,229.0,1.1,252,216.0,1.2,259,25206,16081,27.6,77.0
Station_01,Inv_00,20170629,17:56:00,234.9,1.1,258,216.0,1.2,259,25206,16081,27.6,76.0
Station_01,Inv_00,20170629,17:57:00,230.0,1.1,253,215.0,1.2,258,25206,16081,27.6,77.0
Station_01,Inv_00,20170629,17:58:00,231.5,1.1,255,215.0,1.2,258,25206,16081,27.6,82.0
Station_01,Inv_00,20170629,17:59:00,235.3,1.1,259,215.0,1.2,258,25206,16081,27.6,77.0
Station_01,Inv_00,20170629,18:00:00,223.5,1.1,246,215.0,1.1,237,25206,16081,27.6,76.0
Station_01,Inv_00,20170629,18:01:00,226.0,1.0,226,215.0,1.1,237,25206,16081,27.6,75.0
Station_01,Inv_00,20170629,18:02:00,223.0,1.1,245,215.0,1.1,237,25206,16081,27.6,73.0
Station_01,Inv_00,20170629,18:03:00,236.4,1.0,236,215.0,1.1,237,25206,16081,27.6,72.0
Station_01,Inv_00,20170629,18:04:00,235.0,1.0,235,215.0,1.1,237,25206,16081,27.6,71.0
Station_01,Inv_00,20170629,18:05:00,209.0,1.0,209,215.0,1.0,215,25206,16081,27.6,70.0
Station_01,Inv_00,20170629,18:06:00,231.0,1.0,231,215.0,1.1,237,25206,16081,27.7,70.0
Station_01,Inv_00,20170629,18:07:00,231.0,1.0,231,215.0,1.1,237,25206,16081,27.7,71.0
Station_01,Inv_00,20170629,18:08:00,235.5,1.0,236,215.0,1.1,237,25206,16081,27.7,72.0
Station_01,Inv_00,20170629,18:09:00,234.0,1.0,234,216.0,1.1,238,25206,16081,27.7,73.0
Station_01,Inv_00,20170629,18:10:00,231.5,1.0,232,215.0,1.1,237,25206,16081,27.7,73.0
Station_01,Inv_00,20170629,18:11:00,235.5,1.0,236,216.0,1.2,259,25206,16081,27.8,74.0
Station_01,Inv_00,20170629,18:12:00,226.5,1.1,249,216.0,1.1,238,25206,16081,27.8,74.0
Station_01,Inv_00,20170629,18:13:00,237.5,1.0,238,217.0,1.1,239,25206,16081,27.8,74.0
Station_01,Inv_00,20170629,18:14:00,227.0,1.0,227,217.0,1.1,239,25206,16081,27.7,73.0
Station_01,Inv_00,20170629,18:15:00,228.5,1.0,229,217.0,1.1,239,25206,16081,27.7,71.0
Station_01,Inv_00,20170629,18:16:00,225.0,0.9,203,217.0,1.1,239,25206,16081,27.7,69.0
Station_01,Inv_00,20170629,18:17:00,228.4,0.9,206,217.0,1.0,217,25206,16081,27.7,68.0
Station_01,Inv_00,20170629,18:18:00,231.0,0.8,185,217.0,1.0,217,25206,16081,27.7,66.0
Station_01,Inv_00,20170629,18:19:00,240.1,0.8,192,217.0,1.0,217,25206,16081,27.7,63.0
Station_01,Inv_00,20170629,18:20:00,234.4,0.8,188,217.0,1.0,217,25206,16081,27.6,61.0
Station_01,Inv_00,20170629,18:21:00,221.0,0.8,177,217.0,0.9,195,25206,16081,27.6,69.0
Station_01,Inv_00,20170629,18:22:00,225.5,0.8,180,217.0,0.9,195,25206,16081,27.7,59.0
Station_01,Inv_00,20170629,18:23:00,218.4,0.7,153,216.0,0.9,194,25206,16081,27.6,59.0
Station_01,Inv_00,20170629,18:24:00,223.4,0.7,156,216.0,0.9,194,25206,16081,27.7,59.0
Station_01,Inv_00,20170629,18:25:00,235.1,0.7,165,216.0,0.9,194,25206,16081,27.7,59.0
Station_01,Inv_00,20170629,18:26:00,232.0,0.8,186,215.0,0.9,194,25206,16081,27.7,60.0
Station_01,Inv_00,20170629,18:27:00,230.0,0.7,161,215.0,0.9,194,25206,16081,27.7,57.0
Station_01,Inv_00,20170629,18:28:00,225.1,0.7,158,215.0,0.8,172,25206,16081,27.7,71.0
Station_01,Inv_00,20170629,18:29:00,228.4,0.7,160,215.0,0.8,172,25206,16081,27.7,54.0
Station_01,Inv_00,20170629,18:30:00,233.0,0.6,140,215.0,0.7,151,25206,16081,27.7,52.0
Station_01,Inv_00,20170629,18:31:00,185.0,0.6,111,216.0,0.6,130,25206,16081,27.6,51.0
Station_01,Inv_00,20170629,18:32:00,196.8,0.5,98,215.0,0.5,108,25206,16081,27.6,46.0
Station_01,Inv_00,20170629,18:33:00,227.0,0.4,91,215.0,0.5,108,25206,16081,27.5,42.0
Station_01,Inv_00,20170629,18:34:00,218.5,0.4,87,215.0,0.5,108,25206,16081,27.5,51.0
Station_01,Inv_00,20170629,18:35:00,213.5,0.4,85,215.0,0.5,108,25206,16081,27.5,39.0
Station_01,Inv_00,20170629,18:36:00,190.0,0.3,57,214.0,0.5,107,25206,16081,27.4,39.0
Station_01,Inv_00,20170629,18:37:00,204.7,0.3,61,215.0,0.5,108,25206,16081,27.3,52.0
Station_01,Inv_00,20170629,18:38:00,200.0,0.3,60,217.0,0.5,109,25206,16081,27.3,49.0
Station_01,Inv_00,20170629,18:39:00,162.7,0.3,49,217.0,0.4,87,25206,16081,27.2,45.0
Station_01,Inv_00,20170629,18:40:00,197.7,0.3,59,217.0,0.5,109,25206,16081,27.2,32.0
Station_01,Inv_00,20170629,18:41:00,215.0,0.2,43,217.0,0.4,87,25206,16081,27.1,30.0
Station_01,Inv_00,20170629,18:42:00,204.5,0.2,41,216.0,0.4,86,25206,16081,27.1,27.0
Station_01,Inv_00,20170629,18:43:00,0.0,0.0,0,216.0,0.4,86,25206,16081,27.0,27.0
Station_01,Inv_00,20170629,18:44:00,0.0,0.0,0,216.0,0.4,86,25206,16081,26.9,26.0
Station_01,Inv_00,20170629,18:45:00,0.0,0.0,0,221.0,0.5,111,25206,16081,26.9,38.0
Station_01,Inv_00,20170629,18:46:00,0.0,0.0,0,0.0,0.0,0,25206,16081,26.9,23.0
Station_01,Inv_00,20170629,18:47:00,0.0,0.0,0,0.0,0.0,0,25206,16081,26.7,22.0
Station_01,Inv_00,20170629,18:48:00,0.0,0.0,0,0.0,0.0,0,25206,16081,26.7,22.0
Station_01,Inv_00,20170629,18:49:00,0.0,0.0,0,0.0,0.0,0,25206,16081,26.6,492.0
Station_01,Inv_00,20170629,18:50:00,0.0,0.0,0,0.0,0.0,0,25206,16081,26.6,20.0
Station_01,Inv_00,20170629,18:51:00,0.0,0.0,0,0.0,0.0,0,25206,16081,26.5,20.0
Station_01,Inv_00,20170629,18:52:00,0.0,0.0,0,0.0,0.0,0,25206,16081,26.5,19.0
Station_01,Inv_00,20170629,18:53:00,0.0,0.0,0,0.0,0.0,0,25206,16081,26.5,20.0
Station_01,Inv_00,20170629,18:54:00,0.0,0.0,0,0.0,0.0,0,25206,16081,26.5,20.0
Station_01,Inv_00,20170629,18:55:00,0.0,0.0,0,0.0,0.0,0,25206,16081,26.4,21.0
Station_01,Inv_00,20170629,18:56:00,0.0,0.0,0,0.0,0.0,0,25206,16081,26.5,20.0
Station_01,Inv_00,20170629,18:57:00,0.0,0.0,0,0.0,0.0,0,25206,16081,26.4,20.0
Station_01,Inv_00,20170629,18:58:00,0.0,0.0,0,0.0,0.0,0,25206,16081,26.4,20.0
Station_01,Inv_00,20170629,18:59:00,0.0,0.0,0,0.0,0.0,0,25206,16081,26.3,19.0
Station_01,Inv_00,20170629,19:00:00,0.0,0.0,0,0.0,0.0,0,25206,16081,26.3,21.0
Station_01,Inv_00,20170629,19:01:00,0.0,0.0,0,0.0,0.0,0,25206,16081,26.2,31.0
Station_01,Inv_00,20170629,19:02:00,0.0,0.0,0,0.0,0.0,0,25206,16081,26.2,19.0
Station_01,Inv_00,20170629,19:03:00,0.0,0.0,0,0.0,0.0,0,25206,16081,26.3,19.0
Station_01,Inv_00,20170629,19:04:00,0.0,0.0,0,0.0,0.0,0,25206,16081,26.2,19.0
Station_01,Inv_00,20170629,19:05:00,0.0,0.0,0,0.0,0.0,0,25206,16081,26.1,19.0
Station_01,Inv_00,20170629,19:06:00,0.0,0.0,0,0.0,0.0,0,25206,16081,26.0,19.0
Station_01,Inv_00,20170629,19:07:00,0.0,0.0,0,0.0,0.0,0,25206,16081,26.1,19.0
Station_01,Inv_00,20170629,19:08:00,0.0,0.0,0,0.0,0.0,0,25206,16081,26.0,19.0
Station_01,Inv_00,20170629,19:09:00,0.0,0.0,0,0.0,0.0,0,25206,16081,26.0,19.0
Station_01,Inv_00,20170629,19:10:00,0.0,0.0,0,0.0,0.0,0,25206,16081,25.9,19.0
Station_01,Inv_00,20170629,19:11:00,0.0,0.0,0,0.0,0.0,0,25206,16081,25.9,19.0
Station_01,Inv_00,20170629,19:12:00,0.0,0.0,0,0.0,0.0,0,25206,16081,25.8,19.0
Station_01,Inv_00,20170629,19:13:00,0.0,0.0,0,0.0,0.0,0,25206,16081,25.8,20.0
Station_01,Inv_00,20170629,19:14:00,0.0,0.0,0,0.0,0.0,0,25206,16081,25.8,20.0
Station_01,Inv_00,20170629,19:15:00,0.0,0.0,0,0.0,0.0,0,25206,16081,25.9,20.0
Station_01,Inv_00,20170629,19:16:00,0.0,0.0,0,0.0,0.0,0,25206,16081,25.9,19.0
Station_01,Inv_00,20170629,19:17:00,0.0,0.0,0,0.0,0.0,0,25206,16081,25.9,20.0
Station_01,Inv_00,20170629,19:18:00,0.0,0.0,0,0.0,0.0,0,25206,16081,25.8,20.0
Station_01,Inv_00,20170629,19:19:00,0.0,0.0,0,0.0,0.0,0,25206,16081,25.8,19.0
Station_01,Inv_00,20170629,19:20:00,0.0,0.0,0,0.0,0.0,0,25206,16081,25.8,19.0
Station_01,Inv_00,20170629,19:21:00,0.0,0.0,0,0.0,0.0,0,25206,16081,25.8,20.0
Station_01,Inv_00,20170629,19:22:00,0.0,0.0,0,0.0,0.0,0,25206,16081,25.7,20.0
Station_01,Inv_00,20170629,19:23:00,0.0,0.0,0,0.0,0.0,0,25206,16081,25.8,19.0
Station_01,Inv_00,20170629,19:24:00,0.0,0.0,0,0.0,0.0,0,25206,16081,25.8,19.0
Station_01,Inv_00,20170629,19:25:00,0.0,0.0,0,0.0,0.0,0,25206,16081,25.9,19.0
Station_01,Inv_00,20170629,19:26:00,0.0,0.0,0,0.0,0.0,0,25206,16081,26.0,19.0
Station_01,Inv_00,20170629,19:27:00,0.0,0.0,0,0.0,0.0,0,25206,16081,25.9,19.0
Station_01,Inv_00,20170629,19:28:00,0.0,0.0,0,0.0,0.0,0,25206,16081,26.0,19.0
Station_01,Inv_00,20170629,19:29:00,0.0,0.0,0,0.0,0.0,0,25206,16081,26.0,19.0
Station_01,Inv_00,20170629,19:30:00,0.0,0.0,0,0.0,0.0,0,25206,16081,26.0,20.0
Station_01,Inv_00,20170629,19:31:00,0.0,0.0,0,0.0,0.0,0,25206,16081,26.0,19.0
Station_01,Inv_00,20170629,19:32:00,0.0,0.0,0,0.0,0.0,0,25206,16081,26.0,19.0
Station_01,Inv_00,20170629,19:33:00,0.0,0.0,0,0.0,0.0,0,25206,16081,26.0,19.0
Station_01,Inv_00,20170629,19:34:00,0.0,0.0,0,0.0,0.0,0,25206,16081,26.1,19.0
Station_01,Inv_00,20170629,19:35:00,0.0,0.0,0,0.0,0.0,0,25206,16081,26.1,19.0
Station_01,Inv_00,20170629,19:36:00,0.0,0.0,0,0.0,0.0,0,25206,16081,26.1,19.0
Station_01,Inv_00,20170629,19:37:00,0.0,0.0,0,0.0,0.0,0,25206,16081,26.1,19.0
Station_01,Inv_00,20170629,19:38:00,0.0,0.0,0,0.0,0.0,0,25206,16081,26.1,19.0
Station_01,Inv_00,20170629,19:39:00,0.0,0.0,0,0.0,0.0,0,25206,16081,26.0,19.0
Station_01,Inv_00,20170629,19:40:00,0.0,0.0,0,0.0,0.0,0,25206,16081,26.0,19.0
Station_01,Inv_00,20170629,19:41:00,0.0,0.0,0,0.0,0.0,0,25206,16081,25.9,18.0
Station_01,Inv_00,20170629,19:42:00,0.0,0.0,0,0.0,0.0,0,25206,16081,25.9,18.0
Station_01,Inv_00,20170629,19:43:00,0.0,0.0,0,0.0,0.0,0,25206,16081,25.9,31.0
Station_01,Inv_00,20170629,19:44:00,0.0,0.0,0,0.0,0.0,0,25206,16081,25.9,23.0
Station_01,Inv_00,20170629,19:45:00,0.0,0.0,0,0.0,0.0,0,25206,16081,25.9,18.0
Station_01,Inv_00,20170629,19:46:00,0.0,0.0,0,0.0,0.0,0,25206,16081,25.9,18.0
Station_01,Inv_00,20170629,19:47:00,0.0,0.0,0,0.0,0.0,0,25206,16081,25.8,19.0
Station_01,Inv_00,20170629,19:48:00,0.0,0.0,0,0.0,0.0,0,25206,16081,25.9,19.0
Station_01,Inv_00,20170629,19:49:00,0.0,0.0,0,0.0,0.0,0,25206,16081,25.8,18.0
Station_01,Inv_00,20170629,19:50:00,0.0,0.0,0,0.0,0.0,0,25206,16081,25.8,19.0
Station_01,Inv_00,20170629,19:51:00,0.0,0.0,0,0.0,0.0,0,25206,16081,25.8,19.0
Station_01,Inv_00,20170629,19:52:00,0.0,0.0,0,0.0,0.0,0,25206,16081,25.8,19.0
Station_01,Inv_00,20170629,19:53:00,0.0,0.0,0,0.0,0.0,0,25206,16081,25.8,19.0
Station_01,Inv_00,20170629,19:54:00,0.0,0.0,0,0.0,0.0,0,25206,16081,25.8,19.0
Station_01,Inv_00,20170629,19:55:00,0.0,0.0,0,0.0,0.0,0,25206,16081,25.9,30.0
Station_01,Inv_00,20170629,19:56:00,0.0,0.0,0,0.0,0.0,0,25206,16081,25.8,31.0
Station_01,Inv_00,20170629,19:57:00,0.0,0.0,0,0.0,0.0,0,25206,16081,25.8,24.0
Station_01,Inv_00,20170629,19:58:00,0.0,0.0,0,0.0,0.0,0,25206,16081,25.8,19.0
Station_01,Inv_00,20170629,19:59:00,0.0,0.0,0,0.0,0.0,0,25206,16081,25.8,28.0
Station_01,Inv_00,20170629,20:00:00,0.0,0.0,0,0.0,0.0,0,25206,16081,25.8,19.0
