Station_01,Inv_00,20170726,05:00:00,0.0,0.0,0,0.0,0.0,0,25658,16370,25.2,18.0
Station_01,Inv_00,20170726,05:01:00,0.0,0.0,0,0.0,0.0,0,25658,16370,25.2,18.0
Station_01,Inv_00,20170726,05:02:00,0.0,0.0,0,0.0,0.0,0,25658,16370,25.2,18.0
Station_01,Inv_00,20170726,05:03:00,0.0,0.0,0,0.0,0.0,0,25658,16370,25.2,18.0
Station_01,Inv_00,20170726,05:04:00,0.0,0.0,0,0.0,0.0,0,25658,16370,25.2,18.0
Station_01,Inv_00,20170726,05:05:00,0.0,0.0,0,0.0,0.0,0,25658,16370,25.1,19.0
Station_01,Inv_00,20170726,05:06:00,0.0,0.0,0,0.0,0.0,0,25658,16370,25.1,19.0
Station_01,Inv_00,20170726,05:07:00,0.0,0.0,0,0.0,0.0,0,25658,16370,25.1,19.0
Station_01,Inv_00,20170726,05:08:00,0.0,0.0,0,0.0,0.0,0,25658,16370,25.0,19.0
Station_01,Inv_00,20170726,05:09:00,0.0,0.0,0,0.0,0.0,0,25658,16370,25.0,19.0
Station_01,Inv_00,20170726,05:10:00,0.0,0.0,0,0.0,0.0,0,25658,16370,25.0,19.0
Station_01,Inv_00,20170726,05:11:00,0.0,0.0,0,0.0,0.0,0,25658,16370,25.0,19.0
Station_01,Inv_00,20170726,05:12:00,0.0,0.0,0,0.0,0.0,0,25658,16370,25.0,20.0
Station_01,Inv_00,20170726,05:13:00,0.0,0.0,0,0.0,0.0,0,25658,16370,25.0,20.0
Station_01,Inv_00,20170726,05:14:00,0.0,0.0,0,0.0,0.0,0,25658,16370,25.1,20.0
Station_01,Inv_00,20170726,05:15:00,0.0,0.0,0,0.0,0.0,0,25658,16370,25.1,20.0
Station_01,Inv_00,20170726,05:16:00,0.0,0.0,0,0.0,0.0,0,25658,16370,25.1,20.0
Station_01,Inv_00,20170726,05:17:00,0.0,0.0,0,0.0,0.0,0,25658,16370,25.0,21.0
Station_01,Inv_00,20170726,05:18:00,0.0,0.0,0,0.0,0.0,0,25658,16370,25.0,21.0
Station_01,Inv_00,20170726,05:19:00,0.0,0.0,0,0.0,0.0,0,25658,16370,25.0,21.0
Station_01,Inv_00,20170726,05:20:00,0.0,0.0,0,0.0,0.0,0,25658,16370,25.0,20.0
Station_01,Inv_00,20170726,05:21:00,0.0,0.0,0,0.0,0.0,0,25658,16370,25.0,21.0
Station_01,Inv_00,20170726,05:22:00,0.0,0.0,0,0.0,0.0,0,25658,16370,25.1,22.0
Station_01,Inv_00,20170726,05:23:00,0.0,0.0,0,0.0,0.0,0,25658,16370,25.0,22.0
Station_01,Inv_00,20170726,05:24:00,0.0,0.0,0,0.0,0.0,0,25658,16370,25.1,23.0
Station_01,Inv_00,20170726,05:25:00,0.0,0.0,0,0.0,0.0,0,25658,16370,25.1,24.0
Station_01,Inv_00,20170726,05:26:00,0.0,0.0,0,0.0,0.0,0,25658,16370,25.1,25.0
Station_01,Inv_00,20170726,05:27:00,0.0,0.0,0,0.0,0.0,0,25658,16370,25.2,25.0
Station_01,Inv_00,20170726,05:28:00,0.0,0.0,0,0.0,0.0,0,25658,16370,25.2,466.0
Station_01,Inv_00,20170726,05:29:00,0.0,0.0,0,221.0,0.5,111,25658,16370,25.2,466.0
Station_01,Inv_00,20170726,05:30:00,0.0,0.0,0,223.0,0.5,112,25658,16370,25.2,27.0
Station_01,Inv_00,20170726,05:31:00,0.0,0.0,0,222.0,0.5,111,25658,16370,25.3,27.0
Station_01,Inv_00,20170726,05:32:00,0.0,0.0,0,221.0,0.5,111,25658,16370,25.3,28.0
Station_01,Inv_00,20170726,05:33:00,0.0,0.0,0,222.0,0.5,111,25658,16370,25.4,29.0
Station_01,Inv_00,20170726,05:34:00,0.0,0.0,0,222.0,0.5,111,25658,16370,25.3,30.0
Station_01,Inv_00,20170726,05:35:00,209.0,0.1,21,217.0,0.4,87,25658,16370,25.2,31.0
Station_01,Inv_00,20170726,05:36:00,213.3,0.3,64,218.0,0.4,87,25658,16370,25.2,33.0
Station_01,Inv_00,20170726,05:37:00,193.0,0.3,58,217.0,0.4,87,25658,16370,25.2,34.0
Station_01,Inv_00,20170726,05:38:00,194.0,0.3,58,218.0,0.4,87,25658,16370,25.1,36.0
Station_01,Inv_00,20170726,05:39:00,197.0,0.3,59,218.0,0.4,87,25658,16370,25.1,37.0
Station_01,Inv_00,20170726,05:40:00,228.0,0.3,68,217.0,0.5,109,25658,16370,25.1,38.0
Station_01,Inv_00,20170726,05:41:00,225.0,0.3,68,218.0,0.5,109,25658,16370,25.1,40.0
Station_01,Inv_00,20170726,05:42:00,214.7,0.3,64,218.0,0.5,109,25658,16370,25.1,42.0
Station_01,Inv_00,20170726,05:43:00,218.3,0.4,87,218.0,0.5,109,25658,16370,25.2,45.0
Station_01,Inv_00,20170726,05:44:00,216.5,0.4,87,219.0,0.5,110,25658,16370,25.4,46.0
Station_01,Inv_00,20170726,05:45:00,222.0,0.4,89,218.0,0.5,109,25658,16370,25.5,48.0
Station_01,Inv_00,20170726,05:46:00,225.8,0.5,113,219.0,0.5,110,25658,16370,25.7,50.0
Station_01,Inv_00,20170726,05:47:00,229.0,0.4,92,219.0,0.5,110,25658,16370,25.8,52.0
Station_01,Inv_00,20170726,05:48:00,232.4,0.5,116,216.0,0.6,130,25658,16370,25.8,54.0
Station_01,Inv_00,20170726,05:49:00,230.4,0.5,115,216.0,0.6,130,25658,16370,26.0,56.0
Station_01,Inv_00,20170726,05:50:00,232.0,0.5,116,216.0,0.6,130,25658,16370,26.0,57.0
Station_01,Inv_00,20170726,05:51:00,233.6,0.5,117,215.0,0.7,151,25658,16370,26.2,59.0
Station_01,Inv_00,20170726,05:52:00,229.0,0.5,115,215.0,0.7,151,25658,16370,26.3,74.0
Station_01,Inv_00,20170726,05:53:00,230.0,0.6,138,215.0,0.7,151,25658,16370,26.5,63.0
Station_01,Inv_00,20170726,05:54:00,230.3,0.6,138,215.0,0.8,172,25658,16370,26.5,65.0
Station_01,Inv_00,20170726,05:55:00,222.5,0.6,134,215.0,0.7,151,25658,16370,26.7,67.0
Station_01,Inv_00,20170726,05:56:00,235.0,0.6,141,215.0,0.8,172,25658,16370,26.8,70.0
Station_01,Inv_00,20170726,05:57:00,230.4,0.7,161,215.0,0.8,172,25658,16370,26.9,72.0
Station_01,Inv_00,20170726,05:58:00,238.0,0.6,143,214.0,0.9,193,25658,16370,27.0,74.0
Station_01,Inv_00,20170726,05:59:00,227.0,0.7,159,215.0,0.9,194,25658,16370,27.1,76.0
Station_01,Inv_00,20170726,06:00:00,245.4,0.7,172,214.0,0.9,193,25658,16370,27.3,79.0
Station_01,Inv_00,20170726,06:01:00,232.9,0.7,163,214.0,1.0,214,25658,16370,27.4,82.0
Station_01,Inv_00,20170726,06:02:00,234.0,0.8,187,214.0,1.0,214,25658,16370,27.5,84.0
Station_01,Inv_00,20170726,06:03:00,232.5,0.8,186,215.0,1.0,215,25658,16370,27.6,86.0
Station_01,Inv_00,20170726,06:04:00,237.0,0.8,190,215.0,1.0,215,25658,16370,27.7,88.0
Station_01,Inv_00,20170726,06:05:00,237.7,0.9,214,214.0,1.0,214,25658,16370,27.8,105.0
Station_01,Inv_00,20170726,06:06:00,241.4,0.9,217,214.0,1.0,214,25658,16370,27.9,93.0
Station_01,Inv_00,20170726,06:07:00,238.0,1.0,238,214.0,1.0,214,25658,16370,28.1,96.0
Station_01,Inv_00,20170726,06:08:00,242.5,1.0,243,214.0,1.1,235,25658,16370,28.2,98.0
Station_01,Inv_00,20170726,06:09:00,238.0,1.0,238,217.0,1.1,239,25658,16370,28.3,100.0
Station_01,Inv_00,20170726,06:10:00,242.4,0.9,218,217.0,1.2,260,25658,16370,28.4,102.0
Station_01,Inv_00,20170726,06:11:00,238.0,1.0,238,217.0,1.2,260,25658,16370,28.5,105.0
Station_01,Inv_00,20170726,06:12:00,241.0,1.1,265,217.0,1.2,260,25658,16370,28.6,107.0
Station_01,Inv_00,20170726,06:13:00,242.8,1.1,267,216.0,1.2,259,25658,16370,28.7,109.0
Station_01,Inv_00,20170726,06:14:00,241.5,1.2,290,218.0,1.3,283,25658,16370,28.9,113.0
Station_01,Inv_00,20170726,06:15:00,236.0,1.2,283,218.0,1.3,283,25658,16370,29.1,117.0
Station_01,Inv_00,20170726,06:16:00,246.7,1.2,296,218.0,1.4,305,25658,16370,29.2,120.0
Station_01,Inv_00,20170726,06:17:00,243.0,1.3,316,216.0,1.4,302,25658,16370,29.3,124.0
Station_01,Inv_00,20170726,06:18:00,244.0,1.3,317,216.0,1.5,324,25658,16370,29.4,128.0
Station_01,Inv_00,20170726,06:19:00,248.5,1.4,348,217.0,1.5,326,25658,16370,29.7,132.0
Station_01,Inv_00,20170726,06:20:00,247.0,1.4,346,217.0,1.5,326,25658,16370,29.8,136.0
Station_01,Inv_00,20170726,06:21:00,245.5,1.5,368,217.0,1.5,326,25658,16370,29.9,139.0
Station_01,Inv_00,20170726,06:22:00,222.0,1.6,355,217.0,1.5,326,25658,16370,30.2,143.0
Station_01,Inv_00,20170726,06:23:00,249.7,1.5,375,216.0,1.7,367,25658,16370,30.3,146.0
Station_01,Inv_00,20170726,06:24:00,229.5,1.6,367,218.0,1.6,349,25658,16370,30.6,149.0
Station_01,Inv_00,20170726,06:25:00,247.5,1.5,371,217.0,1.8,391,25658,16370,30.7,151.0
Station_01,Inv_00,20170726,06:26:00,243.4,1.7,414,216.0,1.8,389,25658,16370,30.9,154.0
Station_01,Inv_00,20170726,06:27:00,250.4,1.7,426,216.0,1.8,389,25658,16370,31.1,156.0
Station_01,Inv_00,20170726,06:28:00,248.5,1.6,398,216.0,1.9,410,25658,16370,31.4,159.0
Station_01,Inv_00,20170726,06:29:00,246.5,1.8,444,216.0,1.9,410,25658,16370,31.5,162.0
Station_01,Inv_00,20170726,06:30:00,245.5,1.8,442,217.0,2.0,434,25658,16370,31.7,164.0
Station_01,Inv_00,20170726,06:31:00,239.9,1.9,456,216.0,2.0,432,25658,16370,31.9,166.0
Station_01,Inv_00,20170726,06:32:00,244.5,1.9,465,216.0,2.0,432,25658,16370,32.1,167.0
Station_01,Inv_00,20170726,06:33:00,239.8,1.9,456,216.0,2.0,432,25658,16370,32.4,169.0
Station_01,Inv_00,20170726,06:34:00,247.0,2.0,494,217.0,2.0,434,25658,16370,32.4,171.0
Station_01,Inv_00,20170726,06:35:00,226.5,2.0,453,217.0,2.0,434,25658,16370,32.5,174.0
Station_01,Inv_00,20170726,06:36:00,245.0,2.0,490,216.0,2.1,454,25658,16370,32.7,176.0
Station_01,Inv_00,20170726,06:37:00,242.5,2.1,509,216.0,2.1,454,25658,16370,32.9,180.0
Station_01,Inv_00,20170726,06:38:00,250.9,1.9,477,216.0,2.2,475,25658,16370,33.0,180.0
Station_01,Inv_00,20170726,06:39:00,245.5,2.0,491,217.0,2.2,477,25658,16370,33.2,181.0
Station_01,Inv_00,20170726,06:40:00,241.5,2.2,531,217.0,2.3,499,25658,16370,33.4,183.0
Station_01,Inv_00,20170726,06:41:00,242.0,2.2,532,216.0,2.3,497,25658,16370,33.6,184.0
Station_01,Inv_00,20170726,06:42:00,239.0,2.2,526,218.0,2.3,501,25658,16370,33.7,186.0
Station_01,Inv_00,20170726,06:43:00,245.0,2.3,564,216.0,2.4,518,25658,16370,33.8,190.0
Station_01,Inv_00,20170726,06:44:00,241.5,2.4,580,216.0,2.5,540,25658,16370,33.7,195.0
Station_01,Inv_00,20170726,06:45:00,246.0,2.4,590,217.0,2.5,543,25658,16370,34.0,199.0
Station_01,Inv_00,20170726,06:46:00,245.5,2.5,614,217.0,2.6,564,25658,16370,34.3,204.0
Station_01,Inv_00,20170726,06:47:00,243.7,2.6,634,217.0,2.7,586,25658,16370,34.2,209.0
Station_01,Inv_00,20170726,06:48:00,250.0,2.6,650,217.0,2.8,608,25658,16370,34.4,215.0
Station_01,Inv_00,20170726,06:49:00,242.0,2.6,629,218.0,2.9,632,25658,16370,34.8,220.0
Station_01,Inv_00,20170726,06:50:00,244.0,2.8,683,217.0,3.0,651,25658,16370,34.9,225.0
Station_01,Inv_00,20170726,06:51:00,249.0,2.8,697,216.0,3.1,670,25658,16370,35.3,229.0
Station_01,Inv_00,20170726,06:52:00,247.0,2.9,716,216.0,3.1,670,25658,16370,35.5,233.0
Station_01,Inv_00,20170726,06:53:00,244.4,3.0,733,216.0,3.1,670,25658,16370,35.5,236.0
Station_01,Inv_00,20170726,06:54:00,243.0,2.9,705,216.0,3.2,691,25658,16370,35.7,240.0
Station_01,Inv_00,20170726,06:55:00,246.4,3.1,764,217.0,3.2,694,25658,16370,36.1,242.0
Station_01,Inv_00,20170726,06:56:00,241.5,3.2,773,217.0,3.3,716,25658,16370,36.4,245.0
Station_01,Inv_00,20170726,06:57:00,244.5,3.1,758,217.0,3.4,738,25658,16370,36.4,249.0
Station_01,Inv_00,20170726,06:58:00,241.5,3.2,773,217.0,3.5,760,25658,16370,37.1,253.0
Station_01,Inv_00,20170726,06:59:00,239.4,3.4,814,217.0,3.6,781,25658,16370,37.1,257.0
Station_01,Inv_00,20170726,07:00:00,233.5,3.5,817,216.0,3.5,756,25658,16370,37.5,260.0
Station_01,Inv_00,20170726,07:01:00,237.5,3.5,831,216.0,3.6,778,25658,16370,38.0,263.0
Station_01,Inv_00,20170726,07:02:00,241.5,3.4,821,216.0,3.7,799,25658,16370,37.8,266.0
Station_01,Inv_00,20170726,07:03:00,241.9,3.6,871,215.0,3.8,817,25658,16370,38.2,269.0
Station_01,Inv_00,20170726,07:04:00,242.9,3.5,850,215.0,3.8,817,25658,16370,38.5,273.0
Station_01,Inv_00,20170726,07:05:00,244.5,3.7,905,215.0,3.9,839,25658,16370,38.7,276.0
Station_01,Inv_00,20170726,07:06:00,245.0,3.6,882,216.0,3.9,842,25658,16370,39.1,279.0
Station_01,Inv_00,20170726,07:07:00,241.0,3.7,892,216.0,3.9,842,25658,16370,39.2,282.0
Station_01,Inv_00,20170726,07:08:00,234.9,3.9,916,216.0,3.9,842,25658,16370,39.5,286.0
Station_01,Inv_00,20170726,07:09:00,242.5,3.8,922,216.0,4.0,864,25658,16370,39.2,289.0
Station_01,Inv_00,20170726,07:10:00,240.0,3.9,936,215.0,4.1,881,25658,16370,39.7,293.0
Station_01,Inv_00,20170726,07:11:00,237.5,4.1,974,214.0,4.1,877,25658,16370,39.8,296.0
Station_01,Inv_00,20170726,07:12:00,244.0,4.1,1000,215.0,4.2,903,25658,16370,40.0,301.0
Station_01,Inv_00,20170726,07:13:00,242.5,4.2,1019,217.0,4.2,911,25658,16370,39.4,305.0
Station_01,Inv_00,20170726,07:14:00,239.5,4.3,1030,217.0,4.3,933,25658,16370,39.2,308.0
Station_01,Inv_00,20170726,07:15:00,242.0,4.1,992,217.0,4.3,933,25658,16370,39.6,310.0
Station_01,Inv_00,20170726,07:16:00,242.0,4.3,1040,217.0,4.3,933,25658,16370,40.3,311.0
Station_01,Inv_00,20170726,07:17:00,240.5,4.3,1034,217.0,4.4,955,25658,16370,40.4,313.0
Station_01,Inv_00,20170726,07:18:00,232.5,4.3,1000,218.0,4.3,937,25658,16370,41.1,314.0
Station_01,Inv_00,20170726,07:19:00,241.5,4.3,1038,217.0,4.5,977,25658,16370,41.5,318.0
Station_01,Inv_00,20170726,07:20:00,240.0,4.4,1056,217.0,4.6,998,25658,16370,41.8,323.0
Station_01,Inv_00,20170726,07:21:00,237.0,4.5,1067,217.0,4.6,998,25658,16370,42.2,327.0
Station_01,Inv_00,20170726,07:22:00,238.0,4.6,1095,218.0,4.7,1025,25658,16370,42.5,333.0
Station_01,Inv_00,20170726,07:23:00,236.0,4.7,1109,218.0,4.8,1046,25658,16370,42.6,337.0
Station_01,Inv_00,20170726,07:24:00,239.0,4.7,1123,218.0,4.8,1046,25658,16370,43.1,339.0
Station_01,Inv_00,20170726,07:25:00,241.0,4.7,1133,218.0,4.9,1068,25658,16370,43.4,342.0
Station_01,Inv_00,20170726,07:26:00,233.5,5.0,1168,220.0,4.9,1078,25658,16370,43.1,345.0
Station_01,Inv_00,20170726,07:27:00,238.5,4.8,1145,220.0,4.9,1078,25658,16370,43.9,347.0
Station_01,Inv_00,20170726,07:28:00,237.0,5.0,1185,217.0,5.1,1107,25658,16370,44.3,349.0
Station_01,Inv_00,20170726,07:29:00,243.0,5.0,1215,216.0,5.1,1102,25658,16370,44.3,355.0
Station_01,Inv_00,20170726,07:30:00,235.0,5.1,1199,217.0,5.1,1107,25659,16370,44.6,358.0
Station_01,Inv_00,20170726,07:31:00,235.5,5.3,1248,217.0,5.2,1128,25659,16370,45.0,362.0
Station_01,Inv_00,20170726,07:32:00,239.5,5.3,1269,217.0,5.4,1172,25659,16370,44.8,369.0
Station_01,Inv_00,20170726,07:33:00,238.0,5.3,1261,217.0,5.4,1172,25659,16370,45.1,374.0
Station_01,Inv_00,20170726,07:34:00,238.0,5.3,1261,217.0,5.5,1194,25659,16370,45.4,378.0
Station_01,Inv_00,20170726,07:35:00,234.5,5.4,1266,216.0,5.6,1210,25659,16370,44.4,381.0
Station_01,Inv_00,20170726,07:36:00,235.5,5.5,1295,217.0,5.6,1215,25659,16370,45.0,383.0
Station_01,Inv_00,20170726,07:37:00,234.0,5.5,1287,217.0,5.6,1215,25659,16370,44.8,387.0
Station_01,Inv_00,20170726,07:38:00,238.5,5.5,1312,217.0,5.7,1237,25659,16370,45.1,391.0
Station_01,Inv_00,20170726,07:39:00,237.4,5.8,1377,217.0,5.8,1259,25659,16370,45.6,396.0
Station_01,Inv_00,20170726,07:40:00,237.0,5.9,1398,217.0,6.0,1302,25659,16370,45.7,402.0
Station_01,Inv_00,20170726,07:41:00,233.5,5.9,1378,217.0,6.0,1302,25659,16370,44.6,407.0
Station_01,Inv_00,20170726,07:42:00,236.9,5.9,1398,217.0,6.1,1324,25659,16370,45.3,410.0
Station_01,Inv_00,20170726,07:43:00,228.5,6.0,1371,217.0,6.0,1302,25659,16370,45.6,411.0
Station_01,Inv_00,20170726,07:44:00,230.5,6.2,1429,217.0,6.1,1324,25659,16370,45.5,413.0
Station_01,Inv_00,20170726,07:45:00,233.0,6.1,1421,217.0,6.1,1324,25659,16370,46.1,415.0
Station_01,Inv_00,20170726,07:46:00,234.0,6.1,1427,217.0,6.2,1345,25659,16370,46.2,415.0
Station_01,Inv_00,20170726,07:47:00,224.5,6.3,1414,216.0,6.1,1318,25659,16370,46.4,418.0
Station_01,Inv_00,20170726,07:48:00,225.0,6.2,1395,217.0,6.1,1324,25659,16370,46.8,422.0
Station_01,Inv_00,20170726,07:49:00,225.5,6.3,1421,217.0,6.2,1345,25659,16370,47.0,427.0
Station_01,Inv_00,20170726,07:50:00,225.5,6.4,1443,218.0,6.2,1352,25659,16370,47.1,432.0
Station_01,Inv_00,20170726,07:51:00,225.0,6.5,1463,218.0,6.3,1373,25659,16370,47.6,435.0
Station_01,Inv_00,20170726,07:52:00,224.5,6.5,1459,217.0,6.3,1367,25659,16370,48.1,438.0
Station_01,Inv_00,20170726,07:53:00,236.0,6.5,1534,218.0,6.5,1417,25659,16370,48.0,440.0
Station_01,Inv_00,20170726,07:54:00,232.5,6.5,1511,217.0,6.6,1432,25659,16370,47.6,443.0
Station_01,Inv_00,20170726,07:55:00,227.0,6.8,1544,217.0,6.6,1432,25659,16370,48.1,445.0
Station_01,Inv_00,20170726,07:56:00,232.5,6.6,1535,216.0,6.7,1447,25659,16370,47.7,450.0
Station_01,Inv_00,20170726,07:57:00,236.0,6.7,1581,217.0,6.7,1454,25659,16370,48.4,454.0
Station_01,Inv_00,20170726,07:58:00,234.9,6.8,1597,217.0,6.8,1476,25659,16370,47.6,457.0
Station_01,Inv_00,20170726,07:59:00,214.5,7.0,1502,217.0,6.5,1411,25659,16370,47.2,460.0
Station_01,Inv_00,20170726,08:00:00,214.5,7.1,1523,216.0,6.6,1426,25659,16370,48.1,463.0
Station_01,Inv_00,20170726,08:01:00,214.5,7.0,1501,215.0,6.6,1419,25659,16370,50.2,467.0
Station_01,Inv_00,20170726,08:02:00,232.0,7.0,1624,216.0,7.0,1512,25659,16370,50.1,472.0
Station_01,Inv_00,20170726,08:03:00,232.1,6.8,1578,216.0,6.9,1490,25659,16370,49.7,477.0
Station_01,Inv_00,20170726,08:04:00,229.0,6.8,1557,218.0,6.7,1461,25659,16370,50.5,478.0
Station_01,Inv_00,20170726,08:05:00,230.0,7.1,1633,217.0,7.2,1562,25659,16370,50.6,484.0
Station_01,Inv_00,20170726,08:06:00,230.0,7.3,1679,217.0,7.3,1584,25659,16370,49.8,488.0
Station_01,Inv_00,20170726,08:07:00,231.0,7.3,1686,216.0,7.3,1577,25659,16370,50.8,489.0
Station_01,Inv_00,20170726,08:08:00,230.0,7.5,1725,216.0,7.4,1598,25659,16370,51.2,492.0
Station_01,Inv_00,20170726,08:09:00,232.5,7.3,1697,216.0,7.4,1598,25659,16370,51.0,493.0
Station_01,Inv_00,20170726,08:10:00,230.0,7.4,1702,216.0,7.4,1598,25659,16370,51.0,496.0
Station_01,Inv_00,20170726,08:11:00,228.0,7.5,1710,219.0,7.4,1621,25660,16371,51.1,502.0
Station_01,Inv_00,20170726,08:12:00,225.5,7.7,1736,219.0,7.5,1643,25660,16371,50.1,510.0
Station_01,Inv_00,20170726,08:13:00,229.5,7.7,1767,219.0,7.7,1686,25660,16371,51.5,514.0
Station_01,Inv_00,20170726,08:14:00,230.5,7.7,1775,219.0,7.7,1686,25660,16371,50.9,517.0
Station_01,Inv_00,20170726,08:15:00,227.0,7.9,1793,219.0,7.7,1686,25660,16371,51.8,519.0
Station_01,Inv_00,20170726,08:16:00,228.5,7.9,1805,220.0,7.7,1694,25660,16371,51.2,521.0
Station_01,Inv_00,20170726,08:17:00,225.0,7.9,1777,220.0,7.7,1694,25660,16371,51.0,524.0
Station_01,Inv_00,20170726,08:18:00,217.5,8.1,1762,220.0,7.6,1672,25660,16371,50.9,527.0
Station_01,Inv_00,20170726,08:19:00,217.5,8.2,1783,219.0,7.7,1686,25660,16371,50.8,531.0
Station_01,Inv_00,20170726,08:20:00,217.5,8.3,1805,219.0,7.7,1686,25660,16371,51.1,533.0
Station_01,Inv_00,20170726,08:21:00,218.0,8.4,1831,219.0,7.8,1708,25660,16371,51.4,537.0
Station_01,Inv_00,20170726,08:22:00,227.0,8.1,1839,219.0,8.0,1752,25660,16371,50.8,542.0
Station_01,Inv_00,20170726,08:23:00,231.0,8.1,1871,219.0,8.0,1752,25660,16371,50.7,541.0
Station_01,Inv_00,20170726,08:24:00,213.4,8.4,1793,219.0,7.7,1686,25660,16371,51.6,540.0
Station_01,Inv_00,20170726,08:25:00,230.9,8.0,1848,218.0,8.0,1744,25660,16371,52.1,540.0
Station_01,Inv_00,20170726,08:26:00,229.0,8.0,1832,218.0,7.9,1722,25660,16371,52.1,538.0
Station_01,Inv_00,20170726,08:27:00,229.0,8.1,1855,218.0,8.0,1744,25660,16371,52.0,539.0
Station_01,Inv_00,20170726,08:28:00,228.0,8.3,1892,218.0,8.2,1788,25660,16371,51.9,549.0
Station_01,Inv_00,20170726,08:29:00,230.5,8.3,1913,219.0,8.3,1818,25660,16371,52.2,559.0
Station_01,Inv_00,20170726,08:30:00,215.5,8.8,1896,219.0,8.2,1796,25660,16371,52.0,567.0
Station_01,Inv_00,20170726,08:31:00,215.0,9.0,1935,218.0,8.3,1809,25660,16371,51.8,572.0
Station_01,Inv_00,20170726,08:32:00,215.0,9.1,1957,218.0,8.4,1831,25660,16371,51.1,578.0
Station_01,Inv_00,20170726,08:33:00,215.5,9.1,1961,218.0,8.5,1853,25660,16371,51.5,582.0
Station_01,Inv_00,20170726,08:34:00,214.0,9.2,1969,219.0,8.5,1862,25660,16371,53.4,583.0
Station_01,Inv_00,20170726,08:35:00,215.5,9.2,1983,218.0,8.5,1853,25660,16371,53.7,583.0
Station_01,Inv_00,20170726,08:36:00,215.5,9.2,1983,219.0,8.6,1883,25660,16371,54.6,584.0
Station_01,Inv_00,20170726,08:37:00,216.0,9.2,1987,218.0,8.6,1875,25660,16371,54.6,584.0
Station_01,Inv_00,20170726,08:38:00,215.0,9.3,2000,218.0,8.7,1897,25660,16371,53.1,589.0
Station_01,Inv_00,20170726,08:39:00,215.5,9.5,2047,218.0,8.8,1918,25660,16371,54.8,595.0
Station_01,Inv_00,20170726,08:40:00,215.5,9.5,2047,218.0,8.8,1918,25660,16371,53.8,604.0
Station_01,Inv_00,20170726,08:41:00,215.5,9.5,2047,217.0,8.9,1931,25660,16371,53.8,606.0
Station_01,Inv_00,20170726,08:42:00,215.5,9.5,2047,218.0,8.9,1940,25660,16371,53.9,606.0
Station_01,Inv_00,20170726,08:43:00,207.0,9.7,2008,218.0,8.6,1875,25661,16372,55.1,605.0
Station_01,Inv_00,20170726,08:44:00,206.0,9.6,1978,218.0,8.6,1875,25661,16372,53.8,601.0
Station_01,Inv_00,20170726,08:45:00,206.0,9.7,1998,217.0,8.6,1866,25661,16372,53.8,601.0
Station_01,Inv_00,20170726,08:46:00,205.0,9.7,1989,218.0,8.6,1875,25661,16372,55.3,602.0
Station_01,Inv_00,20170726,08:47:00,206.0,9.8,2019,217.0,8.7,1888,25661,16372,54.9,608.0
Station_01,Inv_00,20170726,08:48:00,206.0,9.8,2019,218.0,8.7,1897,25661,16372,54.5,614.0
Station_01,Inv_00,20170726,08:49:00,206.0,9.9,2039,218.0,8.8,1918,25661,16372,52.1,621.0
Station_01,Inv_00,20170726,08:50:00,206.0,10.0,2060,219.0,8.8,1927,25661,16372,53.2,622.0
Station_01,Inv_00,20170726,08:51:00,205.5,10.1,2076,219.0,8.9,1949,25661,16372,53.6,629.0
Station_01,Inv_00,20170726,08:52:00,208.0,10.2,2122,218.0,9.2,2006,25661,16372,53.7,635.0
Station_01,Inv_00,20170726,08:53:00,207.0,10.3,2132,217.0,9.2,1996,25661,16372,53.8,639.0
Station_01,Inv_00,20170726,08:54:00,205.5,10.4,2137,217.0,9.3,2018,25661,16372,53.7,645.0
Station_01,Inv_00,20170726,08:55:00,206.5,10.5,2168,219.0,9.3,2037,25661,16372,53.8,649.0
Station_01,Inv_00,20170726,08:56:00,212.0,10.4,2204,218.0,9.5,2071,25661,16372,54.9,649.0
Station_01,Inv_00,20170726,08:57:00,213.5,10.4,2220,218.0,9.7,2115,25661,16372,55.5,650.0
Station_01,Inv_00,20170726,08:58:00,214.0,10.4,2226,218.0,9.7,2115,25661,16372,56.1,651.0
Station_01,Inv_00,20170726,08:59:00,214.5,10.4,2231,218.0,9.7,2115,25661,16372,55.8,656.0
Station_01,Inv_00,20170726,09:00:00,209.5,10.5,2200,218.0,9.5,2071,25661,16372,55.1,653.0
Station_01,Inv_00,20170726,09:01:00,209.0,10.5,2195,217.0,9.5,2062,25661,16372,56.9,654.0
Station_01,Inv_00,20170726,09:02:00,209.5,10.7,2242,218.0,9.6,2093,25661,16372,57.5,658.0
Station_01,Inv_00,20170726,09:03:00,209.5,10.7,2242,218.0,9.8,2136,25661,16372,56.9,663.0
Station_01,Inv_00,20170726,09:04:00,208.5,10.9,2273,218.0,9.8,2136,25661,16372,57.8,666.0
Station_01,Inv_00,20170726,09:05:00,200.0,11.0,2200,218.0,9.5,2071,25661,16372,57.2,677.0
Station_01,Inv_00,20170726,09:06:00,212.5,11.0,2337,218.0,10.0,2180,25661,16372,55.7,682.0
Station_01,Inv_00,20170726,09:07:00,221.0,10.7,2365,218.0,10.2,2224,25661,16372,56.3,688.0
Station_01,Inv_00,20170726,09:08:00,224.0,10.6,2374,218.0,10.3,2245,25661,16372,56.2,691.0
Station_01,Inv_00,20170726,09:09:00,214.5,11.1,2381,218.0,10.3,2245,25661,16372,55.2,694.0
Station_01,Inv_00,20170726,09:10:00,214.0,11.1,2375,218.0,10.3,2245,25661,16372,54.8,694.0
Station_01,Inv_00,20170726,09:11:00,214.0,11.1,2375,218.0,10.3,2245,25662,16372,54.9,698.0
Station_01,Inv_00,20170726,09:12:00,214.0,11.2,2397,218.0,10.3,2245,25662,16372,55.8,698.0
Station_01,Inv_00,20170726,09:13:00,219.5,11.0,2414,218.0,10.4,2267,25662,16372,57.3,697.0
Station_01,Inv_00,20170726,09:14:00,210.0,11.4,2394,219.0,10.3,2256,25662,16372,58.2,701.0
Station_01,Inv_00,20170726,09:15:00,202.0,11.7,2363,219.0,10.2,2234,25662,16372,58.0,705.0
Station_01,Inv_00,20170726,09:16:00,220.0,11.2,2464,218.0,10.6,2311,25662,16372,58.3,711.0
Station_01,Inv_00,20170726,09:17:00,216.9,11.0,2386,218.0,10.7,2333,25662,16372,58.1,714.0
Station_01,Inv_00,20170726,09:18:00,218.0,11.4,2485,219.0,10.7,2343,25662,16372,58.2,717.0
Station_01,Inv_00,20170726,09:19:00,209.5,11.7,2451,219.0,10.6,2321,25662,16372,57.8,723.0
Station_01,Inv_00,20170726,09:20:00,209.0,11.8,2466,219.0,10.7,2343,25662,16372,57.9,727.0
Station_01,Inv_00,20170726,09:21:00,210.0,11.8,2478,219.0,10.6,2321,25662,16372,58.0,727.0
Station_01,Inv_00,20170726,09:22:00,209.0,11.9,2487,219.0,10.7,2343,25662,16372,59.0,729.0
Station_01,Inv_00,20170726,09:23:00,217.0,11.5,2495,219.0,10.8,2365,25662,16372,59.4,733.0
Station_01,Inv_00,20170726,09:24:00,216.0,11.6,2505,218.0,10.8,2354,25662,16372,57.9,733.0
Station_01,Inv_00,20170726,09:25:00,205.4,12.0,2465,218.0,10.5,2289,25662,16372,60.0,729.0
Station_01,Inv_00,20170726,09:26:00,209.5,11.9,2493,218.0,10.7,2333,25662,16372,60.4,730.0
Station_01,Inv_00,20170726,09:27:00,209.0,12.0,2508,218.0,10.8,2354,25662,16372,61.6,734.0
Station_01,Inv_00,20170726,09:28:00,209.0,12.0,2508,218.0,10.8,2354,25662,16372,62.0,737.0
Station_01,Inv_00,20170726,09:29:00,209.0,12.0,2508,218.0,10.8,2354,25662,16372,62.5,735.0
Station_01,Inv_00,20170726,09:30:00,209.5,11.9,2493,218.0,10.8,2354,25662,16372,63.0,735.0
Station_01,Inv_00,20170726,09:31:00,210.0,11.9,2499,218.0,10.7,2333,25662,16372,62.7,732.0
Station_01,Inv_00,20170726,09:32:00,209.0,12.0,2508,218.0,10.8,2354,25662,16372,61.9,740.0
Station_01,Inv_00,20170726,09:33:00,209.0,12.1,2529,218.0,10.8,2354,25662,16372,61.0,741.0
Station_01,Inv_00,20170726,09:34:00,216.5,11.8,2555,218.0,11.0,2398,25662,16372,61.7,740.0
Station_01,Inv_00,20170726,09:35:00,213.5,12.0,2562,218.0,11.1,2420,25663,16373,62.3,748.0
Station_01,Inv_00,20170726,09:36:00,213.5,12.1,2583,218.0,11.1,2420,25663,16373,63.0,757.0
Station_01,Inv_00,20170726,09:37:00,215.5,12.0,2586,218.0,11.2,2442,25663,16373,62.5,757.0
Station_01,Inv_00,20170726,09:38:00,219.0,11.7,2562,218.0,11.2,2442,25663,16373,63.5,751.0
Station_01,Inv_00,20170726,09:39:00,216.0,12.0,2592,218.0,11.2,2442,25663,16373,63.4,756.0
Station_01,Inv_00,20170726,09:40:00,217.5,11.9,2588,218.0,11.2,2442,25663,16373,62.9,756.0
Station_01,Inv_00,20170726,09:41:00,209.0,12.4,2592,218.0,11.2,2442,25663,16373,63.9,761.0
Station_01,Inv_00,20170726,09:42:00,209.0,12.5,2613,218.0,11.3,2463,25663,16373,64.4,768.0
Station_01,Inv_00,20170726,09:43:00,212.0,12.5,2650,218.0,11.3,2463,25663,16373,64.9,770.0
Station_01,Inv_00,20170726,09:44:00,208.5,12.6,2627,218.0,11.3,2463,25663,16373,65.1,771.0
Station_01,Inv_00,20170726,09:45:00,211.0,12.5,2637,218.0,11.3,2463,25663,16373,64.7,775.0
Station_01,Inv_00,20170726,09:46:00,210.5,12.6,2652,218.0,11.4,2485,25663,16373,65.3,774.0
Station_01,Inv_00,20170726,09:47:00,211.0,12.5,2637,218.0,11.4,2485,25663,16373,64.9,779.0
Station_01,Inv_00,20170726,09:48:00,211.0,12.6,2658,218.0,11.4,2485,25663,16373,63.5,783.0
Station_01,Inv_00,20170726,09:49:00,211.0,12.6,2658,217.0,11.5,2496,25663,16373,62.4,791.0
Station_01,Inv_00,20170726,09:50:00,213.5,12.6,2690,218.0,11.6,2529,25663,16373,62.0,796.0
Station_01,Inv_00,20170726,09:51:00,208.5,12.8,2668,218.0,11.5,2507,25663,16373,61.4,793.0
Station_01,Inv_00,20170726,09:52:00,214.0,12.5,2675,218.0,11.6,2529,25663,16373,63.1,788.0
Station_01,Inv_00,20170726,09:53:00,203.0,13.1,2659,218.0,11.4,2485,25663,16373,63.3,794.0
Station_01,Inv_00,20170726,09:54:00,203.0,13.1,2659,217.0,11.5,2496,25663,16373,64.6,793.0
Station_01,Inv_00,20170726,09:55:00,203.0,13.3,2700,217.0,11.6,2517,25663,16373,64.2,797.0
Station_01,Inv_00,20170726,09:56:00,203.0,13.3,2700,217.0,11.7,2539,25663,16373,64.2,805.0
Station_01,Inv_00,20170726,09:57:00,203.0,13.3,2700,217.0,11.6,2517,25663,16373,65.2,801.0
Station_01,Inv_00,20170726,09:58:00,203.0,13.3,2700,217.0,11.7,2539,25664,16374,64.3,804.0
Station_01,Inv_00,20170726,09:59:00,203.5,13.3,2707,217.0,11.6,2517,25664,16374,64.9,808.0
Station_01,Inv_00,20170726,10:00:00,203.0,13.3,2700,217.0,11.6,2517,25664,16374,66.1,809.0
Station_01,Inv_00,20170726,10:01:00,202.5,13.3,2693,218.0,11.7,2551,25664,16374,65.8,814.0
Station_01,Inv_00,20170726,10:02:00,203.5,13.3,2707,218.0,11.7,2551,25664,16374,66.0,815.0
Station_01,Inv_00,20170726,10:03:00,203.0,13.4,2720,218.0,11.7,2551,25664,16374,66.9,826.0
Station_01,Inv_00,20170726,10:04:00,202.5,13.5,2734,218.0,11.8,2572,25664,16374,66.4,817.0
Station_01,Inv_00,20170726,10:05:00,202.5,13.5,2734,217.0,11.8,2561,25664,16374,67.0,822.0
Station_01,Inv_00,20170726,10:06:00,209.5,13.3,2786,218.0,12.0,2616,25664,16374,66.9,830.0
Station_01,Inv_00,20170726,10:07:00,196.5,13.9,2731,218.0,11.8,2572,25664,16374,67.5,837.0
Station_01,Inv_00,20170726,10:08:00,212.9,13.1,2789,218.0,12.1,2638,25664,16374,68.3,848.0
Station_01,Inv_00,20170726,10:09:00,213.0,13.1,2790,218.0,12.1,2638,25664,16374,67.4,842.0
Station_01,Inv_00,20170726,10:10:00,209.5,13.5,2828,218.0,12.2,2660,25664,16374,67.8,852.0
Station_01,Inv_00,20170726,10:11:00,192.0,14.3,2746,217.0,11.8,2561,25664,16374,68.1,849.0
Station_01,Inv_00,20170726,10:12:00,193.0,14.2,2741,217.0,11.8,2561,25664,16374,66.5,849.0
Station_01,Inv_00,20170726,10:13:00,193.5,14.3,2767,218.0,11.9,2594,25664,16374,66.9,860.0
Station_01,Inv_00,20170726,10:14:00,207.5,13.7,2843,218.0,12.3,2681,25664,16374,68.0,856.0
Station_01,Inv_00,20170726,10:15:00,206.0,13.8,2843,217.0,12.3,2669,25664,16374,68.6,860.0
Station_01,Inv_00,20170726,10:16:00,185.5,14.7,2727,217.0,11.7,2539,25664,16374,69.3,869.0
Station_01,Inv_00,20170726,10:17:00,185.5,14.6,2708,217.0,11.7,2539,25664,16374,69.1,866.0
Station_01,Inv_00,20170726,10:18:00,190.5,14.4,2743,217.0,11.8,2561,25664,16374,69.2,863.0
Station_01,Inv_00,20170726,10:19:00,207.5,13.3,2760,218.0,11.9,2594,25664,16374,70.7,841.0
Station_01,Inv_00,20170726,10:20:00,193.5,13.7,2651,217.0,11.4,2474,25665,16374,71.0,819.0
Station_01,Inv_00,20170726,10:21:00,197.5,14.3,2824,217.0,12.2,2647,25665,16374,69.6,850.0
Station_01,Inv_00,20170726,10:22:00,203.5,14.2,2889,217.0,12.4,2691,25665,16374,71.2,867.0
Station_01,Inv_00,20170726,10:23:00,197.0,14.5,2857,217.0,12.4,2691,25665,16374,71.0,874.0
Station_01,Inv_00,20170726,10:24:00,205.0,13.8,2829,217.0,12.3,2669,25665,16374,70.7,854.0
Station_01,Inv_00,20170726,10:25:00,196.5,14.4,2830,217.0,12.2,2647,25665,16374,71.0,862.0
Station_01,Inv_00,20170726,10:26:00,194.0,14.8,2871,218.0,12.4,2703,25665,16374,66.9,872.0
Station_01,Inv_00,20170726,10:27:00,193.5,14.6,2825,217.0,12.2,2647,25665,16374,69.7,854.0
Station_01,Inv_00,20170726,10:28:00,194.0,14.7,2852,218.0,12.3,2681,25665,16374,70.2,861.0
Station_01,Inv_00,20170726,10:29:00,194.0,14.6,2832,218.0,12.2,2660,25665,16374,69.2,871.0
Station_01,Inv_00,20170726,10:30:00,194.5,14.6,2839,217.0,12.2,2647,25665,16374,70.2,865.0
Station_01,Inv_00,20170726,10:31:00,194.0,14.4,2793,217.0,12.1,2626,25665,16374,69.6,854.0
Station_01,Inv_00,20170726,10:32:00,194.0,14.8,2871,216.0,12.4,2678,25665,16374,69.2,858.0
Station_01,Inv_00,20170726,10:33:00,202.0,14.6,2949,217.0,12.8,2778,25665,16374,67.7,866.0
Station_01,Inv_00,20170726,10:34:00,198.0,15.1,2990,217.0,12.9,2799,25665,16374,68.0,869.0
Station_01,Inv_00,20170726,10:35:00,208.5,13.9,2898,217.0,12.6,2734,25665,16374,69.2,836.0
Station_01,Inv_00,20170726,10:36:00,208.0,10.3,2142,216.0,9.3,2009,25665,16374,69.4,754.0
Station_01,Inv_00,20170726,10:37:00,208.5,4.9,1022,215.0,4.4,946,25665,16374,65.8,338.0
Station_01,Inv_00,20170726,10:38:00,216.4,5.6,1212,216.0,5.1,1102,25665,16374,63.8,331.0
Station_01,Inv_00,20170726,10:39:00,218.0,9.3,2028,216.0,8.7,1879,25665,16374,63.8,429.0
Station_01,Inv_00,20170726,10:40:00,216.0,14.8,3196,217.0,13.8,2995,25665,16374,66.2,905.0
Station_01,Inv_00,20170726,10:41:00,202.0,15.8,3191,217.0,13.8,2995,25665,16374,67.2,936.0
Station_01,Inv_00,20170726,10:42:00,209.5,15.3,3205,217.0,13.9,3016,25666,16375,68.4,935.0
Station_01,Inv_00,20170726,10:43:00,188.0,16.4,3083,217.0,13.3,2886,25666,16375,69.4,944.0
Station_01,Inv_00,20170726,10:44:00,200.0,16.0,3200,217.0,13.8,2995,25666,16375,70.9,943.0
Station_01,Inv_00,20170726,10:45:00,207.5,15.4,3195,217.0,13.8,2995,25666,16375,71.0,942.0
Station_01,Inv_00,20170726,10:46:00,204.0,15.6,3182,217.0,13.9,3016,25666,16375,71.5,959.0
Station_01,Inv_00,20170726,10:47:00,205.9,15.3,3151,217.0,13.7,2973,25666,16375,71.3,954.0
Station_01,Inv_00,20170726,10:48:00,188.0,16.4,3083,216.0,13.4,2894,25666,16375,71.9,962.0
Station_01,Inv_00,20170726,10:49:00,193.0,16.1,3107,216.0,13.4,2894,25666,16375,72.6,937.0
Station_01,Inv_00,20170726,10:50:00,204.5,15.0,3067,216.0,13.3,2873,25666,16375,72.5,908.0
Station_01,Inv_00,20170726,10:51:00,202.5,14.8,2997,216.0,13.0,2808,25666,16375,71.8,877.0
Station_01,Inv_00,20170726,10:52:00,203.0,14.4,2923,216.0,12.7,2743,25666,16375,72.3,859.0
Station_01,Inv_00,20170726,10:53:00,204.5,14.4,2945,216.0,12.8,2765,25666,16375,72.3,868.0
Station_01,Inv_00,20170726,10:54:00,193.0,15.2,2933,216.0,12.8,2765,25666,16375,72.3,880.0
Station_01,Inv_00,20170726,10:55:00,197.5,15.1,2982,216.0,13.0,2808,25666,16375,70.0,899.0
Station_01,Inv_00,20170726,10:56:00,207.5,14.4,2988,216.0,12.9,2786,25666,16375,68.0,883.0
Station_01,Inv_00,20170726,10:57:00,204.0,14.6,2978,216.0,12.9,2786,25666,16375,68.2,857.0
Station_01,Inv_00,20170726,10:58:00,189.0,15.0,2834,216.0,12.4,2678,25666,16375,70.2,851.0
Station_01,Inv_00,20170726,10:59:00,200.0,15.2,3040,216.0,13.2,2851,25666,16375,68.4,892.0
Station_01,Inv_00,20170726,11:00:00,199.5,15.5,3092,216.0,13.4,2894,25666,16375,71.0,907.0
Station_01,Inv_00,20170726,11:01:00,199.5,15.9,3172,216.0,13.7,2959,25666,16375,71.0,924.0
Station_01,Inv_00,20170726,11:02:00,199.5,15.8,3152,216.0,13.7,2959,25667,16376,70.3,921.0
Station_01,Inv_00,20170726,11:03:00,199.0,15.9,3164,216.0,13.7,2959,25667,16376,72.1,925.0
Station_01,Inv_00,20170726,11:04:00,203.0,15.6,3167,216.0,13.8,2981,25667,16376,72.1,933.0
Station_01,Inv_00,20170726,11:05:00,200.5,15.8,3167,216.0,13.7,2959,25667,16376,72.8,938.0
Station_01,Inv_00,20170726,11:06:00,207.0,15.2,3146,216.0,13.6,2938,25667,16376,73.6,919.0
Station_01,Inv_00,20170726,11:07:00,202.9,15.4,3125,216.0,13.5,2916,25667,16376,74.1,923.0
Station_01,Inv_00,20170726,11:08:00,202.5,15.5,3139,215.0,13.6,2924,25667,16376,73.6,915.0
Station_01,Inv_00,20170726,11:09:00,196.0,15.9,3116,215.0,13.6,2924,25667,16376,73.0,909.0
Station_01,Inv_00,20170726,11:10:00,196.0,16.0,3136,216.0,13.6,2938,25667,16376,73.3,916.0
Station_01,Inv_00,20170726,11:11:00,194.9,16.2,3157,216.0,13.7,2959,25667,16376,73.9,925.0
Station_01,Inv_00,20170726,11:12:00,202.0,15.8,3191,216.0,13.9,3002,25667,16376,74.1,915.0
Station_01,Inv_00,20170726,11:13:00,201.5,15.8,3183,216.0,13.9,3002,25667,16376,74.0,917.0
Station_01,Inv_00,20170726,11:14:00,190.5,16.4,3124,216.0,13.5,2916,25667,16376,74.6,900.0
Station_01,Inv_00,20170726,11:15:00,199.0,15.9,3164,216.0,13.7,2959,25667,16376,74.9,903.0
Station_01,Inv_00,20170726,11:16:00,200.0,15.7,3140,216.0,13.6,2938,25667,16376,74.9,912.0
Station_01,Inv_00,20170726,11:17:00,195.5,15.9,3108,216.0,13.4,2894,25667,16376,74.9,910.0
Station_01,Inv_00,20170726,11:18:00,188.0,15.6,2933,216.0,12.7,2743,25667,16376,74.4,896.0
Station_01,Inv_00,20170726,11:19:00,205.0,14.5,2972,216.0,12.9,2786,25667,16376,74.0,884.0
Station_01,Inv_00,20170726,11:20:00,200.5,14.9,2987,217.0,12.9,2799,25667,16376,74.0,865.0
Station_01,Inv_00,20170726,11:21:00,198.5,12.4,2461,217.0,10.6,2300,25668,16376,73.4,728.0
Station_01,Inv_00,20170726,11:22:00,201.5,5.6,1128,217.0,5.0,1085,25668,16376,67.3,373.0
Station_01,Inv_00,20170726,11:23:00,212.0,6.0,1272,216.0,5.5,1188,25668,16376,65.0,370.0
Station_01,Inv_00,20170726,11:24:00,212.5,7.7,1636,216.0,7.2,1555,25668,16376,63.4,608.0
Station_01,Inv_00,20170726,11:25:00,197.6,9.8,1936,217.0,8.3,1801,25668,16376,62.8,654.0
Station_01,Inv_00,20170726,11:26:00,211.0,14.3,3017,217.0,13.0,2821,25668,16376,64.7,867.0
Station_01,Inv_00,20170726,11:27:00,209.5,14.7,3080,217.0,13.4,2908,25668,16376,64.0,877.0
Station_01,Inv_00,20170726,11:28:00,210.5,14.6,3073,217.0,13.3,2886,25668,16376,66.3,867.0
Station_01,Inv_00,20170726,11:29:00,205.5,15.4,3164,217.0,13.7,2973,25668,16376,68.1,885.0
Station_01,Inv_00,20170726,11:30:00,187.5,16.7,3131,217.0,13.4,2908,25668,16376,68.0,915.0
Station_01,Inv_00,20170726,11:31:00,206.5,16.0,3304,217.0,14.2,3081,25668,16376,68.5,927.0
Station_01,Inv_00,20170726,11:32:00,207.0,15.8,3270,216.0,14.2,3067,25668,16376,68.8,940.0
Station_01,Inv_00,20170726,11:33:00,207.9,15.5,3223,216.0,14.0,3024,25668,16376,69.3,929.0
Station_01,Inv_00,20170726,11:34:00,195.0,16.2,3159,216.0,13.7,2959,25668,16376,69.7,923.0
Station_01,Inv_00,20170726,11:35:00,195.5,16.3,3187,217.0,13.7,2973,25668,16376,70.5,919.0
Station_01,Inv_00,20170726,11:36:00,195.5,16.1,3148,217.0,13.5,2930,25668,16376,71.0,924.0
Station_01,Inv_00,20170726,11:37:00,195.0,16.0,3120,217.0,13.4,2908,25668,16376,72.3,929.0
Station_01,Inv_00,20170726,11:38:00,195.0,15.9,3101,217.0,13.4,2908,25668,16376,72.2,928.0
Station_01,Inv_00,20170726,11:39:00,195.0,15.9,3101,217.0,13.4,2908,25668,16376,72.1,923.0
Station_01,Inv_00,20170726,11:40:00,195.5,15.7,3069,217.0,13.2,2864,25668,16376,72.9,909.0
Station_01,Inv_00,20170726,11:41:00,199.5,15.3,3052,217.0,13.1,2843,25668,16376,73.3,905.0
Station_01,Inv_00,20170726,11:42:00,205.0,14.8,3034,217.0,13.2,2864,25668,16376,72.5,898.0
Station_01,Inv_00,20170726,11:43:00,201.5,15.1,3043,217.0,13.2,2864,25669,16377,69.4,911.0
Station_01,Inv_00,20170726,11:44:00,208.0,14.9,3099,218.0,13.4,2921,25669,16377,70.9,927.0
Station_01,Inv_00,20170726,11:45:00,199.0,15.5,3084,217.0,13.4,2908,25669,16377,71.2,933.0
Station_01,Inv_00,20170726,11:46:00,202.0,15.5,3131,217.0,13.5,2930,25669,16377,71.5,939.0
Station_01,Inv_00,20170726,11:47:00,195.5,16.0,3128,217.0,13.4,2908,25669,16377,71.0,932.0
Station_01,Inv_00,20170726,11:48:00,195.5,16.3,3187,218.0,13.7,2987,25669,16377,72.1,944.0
Station_01,Inv_00,20170726,11:49:00,194.5,16.6,3228,218.0,13.9,3030,25669,16377,73.0,950.0
Station_01,Inv_00,20170726,11:50:00,194.5,16.6,3228,218.0,13.9,3030,25669,16377,74.0,962.0
Station_01,Inv_00,20170726,11:51:00,191.0,16.0,3056,218.0,13.5,2943,25669,16377,73.7,974.0
Station_01,Inv_00,20170726,11:52:00,198.5,7.9,1568,217.0,6.7,1454,25669,16377,71.1,500.0
Station_01,Inv_00,20170726,11:53:00,195.9,10.0,1959,218.0,8.6,1875,25669,16377,70.4,701.0
Station_01,Inv_00,20170726,11:54:00,201.0,14.6,2934,219.0,12.7,2781,25669,16377,70.9,751.0
Station_01,Inv_00,20170726,11:55:00,203.0,11.8,2395,219.0,10.5,2300,25669,16377,70.8,751.0
Station_01,Inv_00,20170726,11:56:00,206.0,15.6,3213,219.0,13.8,3022,25669,16377,71.4,935.0
Station_01,Inv_00,20170726,11:57:00,205.0,15.5,3177,219.0,13.6,2978,25669,16377,72.3,938.0
Station_01,Inv_00,20170726,11:58:00,189.0,16.2,3061,220.0,12.9,2838,25669,16377,73.4,927.0
Station_01,Inv_00,20170726,11:59:00,202.0,14.8,2989,220.0,12.8,2816,25669,16377,73.4,894.0
Station_01,Inv_00,20170726,12:00:00,204.5,14.4,2945,220.0,12.5,2750,25669,16377,72.3,874.0
Station_01,Inv_00,20170726,12:01:00,200.5,15.1,3028,220.0,12.9,2838,25669,16377,73.3,904.0
Station_01,Inv_00,20170726,12:02:00,187.5,16.0,2999,218.0,12.9,2812,25669,16377,70.8,912.0
Station_01,Inv_00,20170726,12:03:00,197.0,15.8,3113,219.0,13.4,2935,25670,16377,73.4,923.0
Station_01,Inv_00,20170726,12:04:00,190.5,16.1,3067,219.0,13.1,2869,25670,16377,73.8,929.0
Station_01,Inv_00,20170726,12:05:00,190.0,16.1,3059,218.0,13.1,2856,25670,16377,73.8,942.0
Station_01,Inv_00,20170726,12:06:00,191.0,15.9,3037,218.0,13.0,2834,25670,16377,73.8,925.0
Station_01,Inv_00,20170726,12:07:00,197.4,15.3,3021,218.0,13.0,2834,25670,16377,74.0,915.0
Station_01,Inv_00,20170726,12:08:00,202.5,15.0,3037,218.0,13.0,2834,25670,16377,73.2,907.0
Station_01,Inv_00,20170726,12:09:00,197.9,15.5,3068,218.0,13.1,2856,25670,16377,72.6,905.0
Station_01,Inv_00,20170726,12:10:00,189.5,16.3,3089,218.0,13.2,2878,25670,16377,68.2,906.0
Station_01,Inv_00,20170726,12:11:00,205.5,15.3,3144,218.0,13.5,2943,25670,16377,67.7,895.0
Station_01,Inv_00,20170726,12:12:00,196.5,15.9,3124,218.0,13.4,2921,25670,16377,70.1,883.0
Station_01,Inv_00,20170726,12:13:00,189.0,16.1,3043,218.0,13.0,2834,25670,16377,66.9,894.0
Station_01,Inv_00,20170726,12:14:00,188.5,16.2,3053,218.0,13.1,2856,25670,16377,69.0,894.0
Station_01,Inv_00,20170726,12:15:00,189.0,16.3,3081,219.0,13.2,2891,25670,16377,68.7,901.0
Station_01,Inv_00,20170726,12:16:00,205.0,15.5,3177,218.0,13.6,2965,25670,16377,66.7,916.0
Station_01,Inv_00,20170726,12:17:00,205.0,15.5,3177,218.0,13.6,2965,25670,16377,68.3,910.0
Station_01,Inv_00,20170726,12:18:00,204.5,15.5,3170,219.0,13.6,2978,25670,16377,68.9,917.0
Station_01,Inv_00,20170726,12:19:00,195.5,16.1,3148,219.0,13.4,2935,25670,16377,70.2,922.0
Station_01,Inv_00,20170726,12:20:00,195.0,15.9,3101,218.0,13.4,2921,25670,16377,71.2,920.0
Station_01,Inv_00,20170726,12:21:00,194.0,15.8,3065,219.0,13.1,2869,25670,16377,70.0,920.0
Station_01,Inv_00,20170726,12:22:00,194.0,16.0,3104,219.0,13.3,2913,25671,16378,71.4,919.0
Station_01,Inv_00,20170726,12:23:00,195.5,15.7,3069,219.0,13.2,2891,25671,16378,72.2,915.0
Station_01,Inv_00,20170726,12:24:00,195.0,15.7,3062,219.0,13.1,2869,25671,16378,69.5,922.0
Station_01,Inv_00,20170726,12:25:00,203.0,14.6,2963,219.0,12.7,2781,25671,16378,69.9,872.0
Station_01,Inv_00,20170726,12:26:00,187.5,11.9,2231,218.0,10.1,2202,25671,16378,69.7,831.0
Station_01,Inv_00,20170726,12:27:00,190.0,7.2,1368,218.0,6.0,1308,25671,16378,68.2,497.0
Station_01,Inv_00,20170726,12:28:00,212.0,6.4,1357,218.0,5.9,1286,25671,16378,65.0,407.0
Station_01,Inv_00,20170726,12:29:00,213.4,6.5,1387,218.0,5.9,1286,25671,16378,62.9,398.0
Station_01,Inv_00,20170726,12:30:00,214.4,6.6,1415,218.0,6.2,1352,25671,16378,59.9,412.0
Station_01,Inv_00,20170726,12:31:00,220.0,6.6,1452,218.0,6.2,1352,25671,16378,59.1,408.0
Station_01,Inv_00,20170726,12:32:00,218.9,6.6,1445,218.0,6.2,1352,25671,16378,58.9,400.0
Station_01,Inv_00,20170726,12:33:00,221.5,6.6,1462,218.0,6.3,1373,25671,16378,56.1,409.0
Station_01,Inv_00,20170726,12:34:00,224.0,6.5,1456,218.0,6.2,1352,25671,16378,56.5,408.0
Station_01,Inv_00,20170726,12:35:00,225.0,6.1,1373,218.0,5.8,1264,25671,16378,53.7,380.0
Station_01,Inv_00,20170726,12:36:00,218.0,6.0,1308,218.0,5.6,1221,25671,16378,52.1,362.0
Station_01,Inv_00,20170726,12:37:00,226.5,5.9,1336,218.0,5.6,1221,25671,16378,51.7,360.0
Station_01,Inv_00,20170726,12:38:00,219.5,5.9,1295,218.0,5.6,1221,25671,16378,49.9,361.0
Station_01,Inv_00,20170726,12:39:00,217.9,5.8,1264,218.0,5.4,1177,25671,16378,48.9,355.0
Station_01,Inv_00,20170726,12:40:00,232.4,5.7,1325,217.0,5.6,1215,25671,16378,48.1,359.0
Station_01,Inv_00,20170726,12:41:00,230.5,5.6,1291,217.0,5.6,1215,25671,16378,47.7,353.0
Station_01,Inv_00,20170726,12:42:00,225.5,5.6,1263,218.0,5.5,1199,25671,16378,46.1,353.0
Station_01,Inv_00,20170726,12:43:00,223.5,5.8,1296,217.0,5.5,1194,25671,16378,46.6,352.0
Station_01,Inv_00,20170726,12:44:00,234.0,5.8,1357,217.0,5.7,1237,25671,16378,46.1,360.0
Station_01,Inv_00,20170726,12:45:00,231.5,6.0,1389,217.0,6.0,1302,25671,16378,46.0,372.0
Station_01,Inv_00,20170726,12:46:00,232.0,5.9,1369,217.0,6.0,1302,25671,16378,46.4,381.0
Station_01,Inv_00,20170726,12:47:00,228.0,6.4,1459,218.0,6.2,1352,25671,16378,45.9,390.0
Station_01,Inv_00,20170726,12:48:00,235.0,6.6,1551,218.0,6.7,1461,25671,16378,46.3,413.0
Station_01,Inv_00,20170726,12:49:00,233.0,8.1,1887,218.0,8.2,1788,25671,16378,46.6,457.0
Station_01,Inv_00,20170726,12:50:00,226.5,15.4,3488,218.0,15.0,3270,25671,16378,49.7,951.0
Station_01,Inv_00,20170726,12:51:00,225.5,14.7,3315,218.0,14.2,3096,25671,16378,52.7,910.0
Station_01,Inv_00,20170726,12:52:00,227.0,11.6,2633,218.0,11.3,2463,25671,16378,53.4,722.0
Station_01,Inv_00,20170726,12:53:00,230.4,8.5,1959,218.0,8.6,1875,25671,16378,53.8,579.0
Station_01,Inv_00,20170726,12:54:00,220.5,10.7,2359,218.0,10.2,2224,25671,16378,54.0,628.0
Station_01,Inv_00,20170726,12:55:00,225.0,11.6,2610,218.0,11.3,2463,25672,16379,54.9,701.0
Station_01,Inv_00,20170726,12:56:00,221.5,12.1,2680,218.0,11.7,2551,25672,16379,54.3,771.0
Station_01,Inv_00,20170726,12:57:00,219.5,10.5,2305,218.0,10.1,2202,25672,16379,53.8,670.0
Station_01,Inv_00,20170726,12:58:00,224.0,9.7,2173,217.0,9.5,2062,25672,16379,55.3,680.0
Station_01,Inv_00,20170726,12:59:00,220.4,8.8,1940,217.0,8.5,1845,25672,16379,56.0,590.0
Station_01,Inv_00,20170726,13:00:00,221.0,13.6,3005,217.0,13.1,2843,25672,16379,56.5,773.0
Station_01,Inv_00,20170726,13:01:00,224.0,10.3,2307,216.0,10.0,2160,25672,16379,56.4,694.0
Station_01,Inv_00,20170726,13:02:00,229.0,7.5,1717,215.0,7.4,1591,25672,16379,55.0,508.0
Station_01,Inv_00,20170726,13:03:00,218.5,6.7,1464,217.0,6.3,1367,25672,16379,53.1,419.0
Station_01,Inv_00,20170726,13:04:00,206.0,6.1,1257,217.0,5.5,1194,25672,16379,51.8,376.0
Station_01,Inv_00,20170726,13:05:00,205.5,6.4,1315,216.0,5.6,1210,25672,16379,50.9,372.0
Station_01,Inv_00,20170726,13:06:00,219.8,6.0,1319,217.0,5.7,1237,25672,16379,50.2,372.0
Station_01,Inv_00,20170726,13:07:00,226.0,6.0,1356,216.0,5.8,1253,25672,16379,49.2,364.0
Station_01,Inv_00,20170726,13:08:00,230.4,5.8,1336,217.0,5.7,1237,25672,16379,49.2,358.0
Station_01,Inv_00,20170726,13:09:00,229.9,5.2,1195,216.0,5.3,1145,25672,16379,48.7,334.0
Station_01,Inv_00,20170726,13:10:00,232.5,5.1,1186,217.0,5.0,1085,25672,16379,48.0,315.0
Station_01,Inv_00,20170726,13:11:00,228.5,5.0,1143,216.0,4.8,1037,25672,16379,47.0,304.0
Station_01,Inv_00,20170726,13:12:00,231.5,4.7,1088,216.0,4.6,994,25672,16379,46.2,289.0
Station_01,Inv_00,20170726,13:13:00,219.5,4.4,966,216.0,4.2,907,25672,16379,45.5,275.0
Station_01,Inv_00,20170726,13:14:00,221.0,4.3,950,216.0,4.1,886,25672,16379,44.9,262.0
Station_01,Inv_00,20170726,13:15:00,211.5,4.2,888,216.0,3.8,821,25672,16379,44.8,249.0
Station_01,Inv_00,20170726,13:16:00,233.5,3.8,887,215.0,3.9,839,25672,16379,44.0,240.0
Station_01,Inv_00,20170726,13:17:00,233.5,3.7,864,216.0,3.8,821,25672,16379,43.1,233.0
Station_01,Inv_00,20170726,13:18:00,235.5,3.5,824,216.0,3.6,778,25672,16379,43.0,222.0
Station_01,Inv_00,20170726,13:19:00,237.5,3.4,807,215.0,3.6,774,25672,16379,43.1,215.0
Station_01,Inv_00,20170726,13:20:00,234.5,3.2,750,216.0,3.4,734,25672,16379,42.7,206.0
Station_01,Inv_00,20170726,13:21:00,235.5,3.1,730,216.0,3.2,691,25672,16379,42.4,199.0
Station_01,Inv_00,20170726,13:22:00,231.5,3.0,695,217.0,3.1,673,25672,16379,41.3,193.0
Station_01,Inv_00,20170726,13:23:00,233.0,3.0,699,216.0,3.1,670,25672,16379,41.0,187.0
Station_01,Inv_00,20170726,13:24:00,230.4,2.8,645,216.0,3.0,648,25672,16379,40.7,182.0
Station_01,Inv_00,20170726,13:25:00,222.6,2.9,646,216.0,2.8,605,25672,16379,40.2,180.0
Station_01,Inv_00,20170726,13:26:00,226.5,2.8,634,217.0,2.9,629,25672,16379,39.9,179.0
Station_01,Inv_00,20170726,13:27:00,231.0,2.8,647,216.0,2.9,626,25672,16379,39.7,176.0
Station_01,Inv_00,20170726,13:28:00,238.5,2.7,644,216.0,2.8,605,25672,16379,39.5,171.0
Station_01,Inv_00,20170726,13:29:00,234.8,2.6,610,216.0,2.7,583,25672,16379,38.6,168.0
Station_01,Inv_00,20170726,13:30:00,223.9,2.6,582,216.0,2.6,562,25672,16379,38.4,163.0
Station_01,Inv_00,20170726,13:31:00,235.5,2.5,589,216.0,2.6,562,25672,16379,38.0,160.0
Station_01,Inv_00,20170726,13:32:00,208.0,2.5,520,216.0,2.4,518,25672,16379,37.9,156.0
Station_01,Inv_00,20170726,13:33:00,228.0,2.4,547,215.0,2.5,538,25672,16379,37.9,152.0
Station_01,Inv_00,20170726,13:34:00,214.0,2.4,514,215.0,2.3,494,25672,16379,37.2,152.0
Station_01,Inv_00,20170726,13:35:00,221.5,2.4,532,215.0,2.4,516,25672,16379,37.2,149.0
Station_01,Inv_00,20170726,13:36:00,236.6,2.3,544,216.0,2.4,518,25672,16379,37.0,149.0
Station_01,Inv_00,20170726,13:37:00,236.5,2.3,544,216.0,2.4,518,25672,16379,37.0,152.0
Station_01,Inv_00,20170726,13:38:00,238.6,2.3,549,216.0,2.5,540,25672,16379,36.8,147.0
Station_01,Inv_00,20170726,13:39:00,216.5,2.4,520,215.0,2.3,494,25672,16379,36.7,149.0
Station_01,Inv_00,20170726,13:40:00,228.5,2.4,548,216.0,2.5,540,25672,16379,36.4,152.0
Station_01,Inv_00,20170726,13:41:00,237.0,2.4,569,216.0,2.5,540,25672,16379,36.6,153.0
Station_01,Inv_00,20170726,13:42:00,237.4,2.4,570,216.0,2.5,540,25672,16379,36.3,154.0
Station_01,Inv_00,20170726,13:43:00,237.0,2.4,569,216.0,2.5,540,25672,16379,36.1,166.0
Station_01,Inv_00,20170726,13:44:00,236.9,2.5,592,216.0,2.6,562,25672,16379,36.0,159.0
Station_01,Inv_00,20170726,13:45:00,242.5,2.6,631,216.0,2.7,583,25672,16379,35.9,164.0
Station_01,Inv_00,20170726,13:46:00,227.5,2.8,637,216.0,2.8,605,25672,16379,35.2,172.0
Station_01,Inv_00,20170726,13:47:00,241.5,2.8,676,216.0,3.0,648,25672,16379,35.0,178.0
Station_01,Inv_00,20170726,13:48:00,243.0,3.0,729,216.0,3.1,670,25672,16379,34.9,184.0
Station_01,Inv_00,20170726,13:49:00,227.5,3.0,683,216.0,3.1,670,25672,16379,34.7,187.0
Station_01,Inv_00,20170726,13:50:00,237.7,2.8,666,216.0,3.1,670,25672,16379,34.2,180.0
Station_01,Inv_00,20170726,13:51:00,238.2,2.6,619,216.0,2.7,583,25672,16379,33.6,162.0
Station_01,Inv_00,20170726,13:52:00,245.5,2.2,540,216.0,2.5,540,25672,16379,33.1,145.0
Station_01,Inv_00,20170726,13:53:00,241.0,2.0,482,216.0,2.1,454,25672,16379,32.5,145.0
Station_01,Inv_00,20170726,13:54:00,244.9,1.7,416,216.0,1.9,410,25672,16379,32.1,118.0
Station_01,Inv_00,20170726,13:55:00,237.5,1.5,356,216.0,1.6,346,25672,16379,31.7,102.0
Station_01,Inv_00,20170726,13:56:00,231.6,1.4,324,216.0,1.5,324,25672,16379,31.3,91.0
Station_01,Inv_00,20170726,13:57:00,229.0,1.2,275,216.0,1.3,281,25672,16379,31.1,84.0
Station_01,Inv_00,20170726,13:58:00,228.5,1.0,229,216.0,1.2,259,25672,16379,30.7,78.0
Station_01,Inv_00,20170726,13:59:00,235.5,1.0,236,216.0,1.1,238,25672,16379,30.4,70.0
Station_01,Inv_00,20170726,14:00:00,236.0,0.8,189,216.0,1.0,216,25672,16379,30.0,67.0
Station_01,Inv_00,20170726,14:01:00,234.1,0.7,164,216.0,1.0,216,25672,16379,29.7,62.0
Station_01,Inv_00,20170726,14:02:00,229.5,0.8,184,216.0,0.9,194,25672,16379,29.5,58.0
Station_01,Inv_00,20170726,14:03:00,226.0,0.6,136,215.0,0.8,172,25673,16379,29.3,54.0
Station_01,Inv_00,20170726,14:04:00,223.0,0.6,134,216.0,0.8,173,25673,16379,29.1,51.0
Station_01,Inv_00,20170726,14:05:00,228.0,0.6,137,216.0,0.8,173,25673,16379,28.9,50.0
Station_01,Inv_00,20170726,14:06:00,224.0,0.6,134,216.0,0.7,151,25673,16379,28.7,50.0
Station_01,Inv_00,20170726,14:07:00,226.0,0.6,136,216.0,0.7,151,25673,16379,28.4,50.0
Station_01,Inv_00,20170726,14:08:00,226.0,0.6,136,215.0,0.7,151,25673,16379,28.2,50.0
Station_01,Inv_00,20170726,14:09:00,206.0,0.5,103,215.0,0.7,151,25673,16379,28.1,51.0
Station_01,Inv_00,20170726,14:10:00,216.6,0.5,108,216.0,0.6,130,25673,16379,27.8,50.0
Station_01,Inv_00,20170726,14:11:00,217.0,0.4,87,216.0,0.6,130,25673,16379,27.6,49.0
Station_01,Inv_00,20170726,14:12:00,216.5,0.4,87,216.0,0.5,108,25673,16379,27.3,46.0
Station_01,Inv_00,20170726,14:13:00,211.5,0.4,85,216.0,0.5,108,25673,16379,27.2,43.0
Station_01,Inv_00,20170726,14:14:00,213.0,0.4,85,216.0,0.5,108,25673,16379,27.2,41.0
Station_01,Inv_00,20170726,14:15:00,219.0,0.4,88,216.0,0.5,108,25673,16379,27.0,41.0
Station_01,Inv_00,20170726,14:16:00,223.5,0.4,89,216.0,0.5,108,25673,16379,26.9,42.0
Station_01,Inv_00,20170726,14:17:00,228.0,0.4,91,216.0,0.5,108,25673,16379,26.8,41.0
Station_01,Inv_00,20170726,14:18:00,218.5,0.4,87,216.0,0.5,108,25673,16379,26.8,43.0
Station_01,Inv_00,20170726,14:19:00,209.5,0.4,84,216.0,0.5,108,25673,16379,26.8,43.0
Station_01,Inv_00,20170726,14:20:00,224.3,0.3,67,216.0,0.5,108,25673,16379,26.8,42.0
Station_01,Inv_00,20170726,14:21:00,218.5,0.4,87,216.0,0.5,108,25673,16379,26.8,39.0
Station_01,Inv_00,20170726,14:22:00,190.5,0.4,76,216.0,0.5,108,25673,16379,26.8,38.0
Station_01,Inv_00,20170726,14:23:00,207.0,0.3,62,217.0,0.5,109,25673,16379,26.8,37.0
Station_01,Inv_00,20170726,14:24:00,214.3,0.3,64,216.0,0.5,108,25673,16379,26.9,37.0
Station_01,Inv_00,20170726,14:25:00,174.0,0.3,52,216.0,0.4,86,25673,16379,26.9,36.0
Station_01,Inv_00,20170726,14:26:00,204.0,0.2,41,217.0,0.5,109,25673,16379,26.9,38.0
Station_01,Inv_00,20170726,14:27:00,218.0,0.4,87,217.0,0.5,109,25673,16379,26.9,39.0
Station_01,Inv_00,20170726,14:28:00,210.3,0.3,63,217.0,0.5,109,25673,16379,26.9,42.0
Station_01,Inv_00,20170726,14:29:00,215.0,0.4,86,216.0,0.5,108,25673,16379,27.0,39.0
Station_01,Inv_00,20170726,14:30:00,227.5,0.4,91,216.0,0.5,108,25673,16379,26.9,39.0
Station_01,Inv_00,20170726,14:31:00,207.7,0.3,62,216.0,0.5,108,25673,16379,27.0,41.0
Station_01,Inv_00,20170726,14:32:00,220.7,0.3,66,216.0,0.5,108,25673,16379,27.0,40.0
Station_01,Inv_00,20170726,14:33:00,212.7,0.3,64,216.0,0.5,108,25673,16379,27.0,38.0
Station_01,Inv_00,20170726,14:34:00,221.0,0.2,44,217.0,0.4,87,25673,16379,27.0,40.0
Station_01,Inv_00,20170726,14:35:00,221.5,0.2,44,216.0,0.5,108,25673,16379,26.9,37.0
Station_01,Inv_00,20170726,14:36:00,213.0,0.2,43,216.0,0.5,108,25673,16379,26.9,38.0
Station_01,Inv_00,20170726,14:37:00,195.0,0.3,59,216.0,0.5,108,25673,16379,27.0,40.0
Station_01,Inv_00,20170726,14:38:00,187.0,0.3,56,215.0,0.5,108,25673,16379,27.0,41.0
Station_01,Inv_00,20170726,14:39:00,211.0,0.5,106,216.0,0.5,108,25673,16379,26.9,43.0
Station_01,Inv_00,20170726,14:40:00,211.0,0.4,84,216.0,0.5,108,25673,16379,26.9,45.0
Station_01,Inv_00,20170726,14:41:00,151.0,0.4,60,216.0,0.5,108,25673,16379,26.9,46.0
Station_01,Inv_00,20170726,14:42:00,189.0,0.4,76,217.0,0.5,109,25673,16379,27.0,46.0
Station_01,Inv_00,20170726,14:43:00,209.5,0.4,84,216.0,0.5,108,25673,16379,27.0,45.0
Station_01,Inv_00,20170726,14:44:00,212.5,0.4,85,216.0,0.5,108,25673,16379,26.8,40.0
Station_01,Inv_00,20170726,14:45:00,206.0,0.3,62,216.0,0.5,108,25673,16379,26.8,40.0
Station_01,Inv_00,20170726,14:46:00,217.0,0.4,87,216.0,0.5,108,25673,16379,26.8,43.0
Station_01,Inv_00,20170726,14:47:00,221.5,0.4,89,216.0,0.5,108,25673,16379,26.8,43.0
Station_01,Inv_00,20170726,14:48:00,220.0,0.4,88,217.0,0.5,109,25673,16379,26.9,45.0
Station_01,Inv_00,20170726,14:49:00,218.5,0.4,87,216.0,0.5,108,25673,16379,26.8,46.0
Station_01,Inv_00,20170726,14:50:00,232.0,0.4,93,217.0,0.5,109,25673,16379,26.9,47.0
Station_01,Inv_00,20170726,14:51:00,218.0,0.5,109,217.0,0.5,109,25673,16379,26.9,48.0
Station_01,Inv_00,20170726,14:52:00,215.4,0.5,108,218.0,0.5,109,25673,16379,27.0,49.0
Station_01,Inv_00,20170726,14:53:00,224.5,0.4,90,217.0,0.5,109,25673,16379,27.0,48.0
Station_01,Inv_00,20170726,14:54:00,223.0,0.4,89,217.0,0.6,130,25673,16379,27.0,49.0
Station_01,Inv_00,20170726,14:55:00,221.0,0.4,88,217.0,0.6,130,25673,16379,26.9,49.0
Station_01,Inv_00,20170726,14:56:00,220.0,0.4,88,218.0,0.6,131,25673,16379,26.9,50.0
Station_01,Inv_00,20170726,14:57:00,221.5,0.4,89,218.0,0.6,131,25673,16379,27.0,50.0
Station_01,Inv_00,20170726,14:58:00,225.4,0.5,113,217.0,0.6,130,25673,16379,26.9,51.0
Station_01,Inv_00,20170726,14:59:00,207.4,0.5,104,217.0,0.6,130,25673,16379,26.9,51.0
Station_01,Inv_00,20170726,15:00:00,224.6,0.5,112,217.0,0.6,130,25673,16379,27.0,52.0
Station_01,Inv_00,20170726,15:01:00,221.0,0.5,111,217.0,0.6,130,25673,16379,26.9,53.0
Station_01,Inv_00,20170726,15:02:00,212.0,0.5,106,217.0,0.7,152,25673,16379,26.9,54.0
Station_01,Inv_00,20170726,15:03:00,222.0,0.6,133,217.0,0.7,152,25673,16379,26.9,54.0
Station_01,Inv_00,20170726,15:04:00,228.0,0.6,137,217.0,0.7,152,25673,16379,26.8,54.0
Station_01,Inv_00,20170726,15:05:00,232.0,0.6,139,217.0,0.7,152,25673,16379,26.8,56.0
Station_01,Inv_00,20170726,15:06:00,228.0,0.6,137,218.0,0.8,174,25673,16379,26.8,57.0
Station_01,Inv_00,20170726,15:07:00,224.5,0.6,135,218.0,0.8,174,25673,16379,26.9,59.0
Station_01,Inv_00,20170726,15:08:00,232.0,0.6,139,217.0,0.8,174,25673,16379,26.9,60.0
Station_01,Inv_00,20170726,15:09:00,234.1,0.7,164,217.0,0.9,195,25673,16379,26.8,65.0
Station_01,Inv_00,20170726,15:10:00,231.3,0.7,162,217.0,0.9,195,25673,16379,26.9,63.0
Station_01,Inv_00,20170726,15:11:00,229.7,0.7,161,217.0,0.9,195,25673,16379,26.8,64.0
Station_01,Inv_00,20170726,15:12:00,230.9,0.8,185,217.0,0.9,195,25673,16379,26.9,65.0
Station_01,Inv_00,20170726,15:13:00,236.0,0.7,165,217.0,1.0,217,25673,16379,26.8,70.0
Station_01,Inv_00,20170726,15:14:00,234.8,0.8,188,218.0,1.0,218,25673,16379,26.8,67.0
Station_01,Inv_00,20170726,15:15:00,235.4,0.8,188,218.0,1.0,218,25673,16379,26.8,68.0
Station_01,Inv_00,20170726,15:16:00,235.4,0.9,212,218.0,1.0,218,25673,16379,26.8,70.0
Station_01,Inv_00,20170726,15:17:00,237.0,0.9,213,217.0,1.0,217,25673,16379,26.8,74.0
Station_01,Inv_00,20170726,15:18:00,237.0,1.0,237,217.0,1.1,239,25673,16379,26.9,77.0
Station_01,Inv_00,20170726,15:19:00,236.0,1.0,236,217.0,1.2,260,25673,16379,26.9,82.0
Station_01,Inv_00,20170726,15:20:00,237.5,1.1,261,217.0,1.2,260,25673,16379,27.0,86.0
Station_01,Inv_00,20170726,15:21:00,240.0,1.2,288,217.0,1.3,282,25673,16379,27.0,88.0
Station_01,Inv_00,20170726,15:22:00,237.5,1.2,285,218.0,1.4,305,25673,16379,27.1,91.0
Station_01,Inv_00,20170726,15:23:00,236.0,1.2,283,217.0,1.4,304,25673,16379,27.1,92.0
Station_01,Inv_00,20170726,15:24:00,234.0,1.2,281,217.0,1.4,304,25673,16379,27.1,92.0
Station_01,Inv_00,20170726,15:25:00,233.5,1.2,280,217.0,1.3,282,25673,16379,27.1,90.0
Station_01,Inv_00,20170726,15:26:00,225.5,1.2,271,218.0,1.2,262,25673,16379,27.0,88.0
Station_01,Inv_00,20170726,15:27:00,240.0,1.1,264,218.0,1.2,262,25673,16379,27.0,85.0
Station_01,Inv_00,20170726,15:28:00,233.5,1.2,280,218.0,1.2,262,25673,16379,26.9,86.0
Station_01,Inv_00,20170726,15:29:00,221.1,1.2,265,218.0,1.2,262,25673,16379,26.9,89.0
Station_01,Inv_00,20170726,15:30:00,228.8,1.2,275,218.0,1.3,283,25673,16379,26.8,92.0
Station_01,Inv_00,20170726,15:31:00,240.2,1.3,312,218.0,1.4,305,25673,16379,26.9,95.0
Station_01,Inv_00,20170726,15:32:00,237.4,1.3,309,218.0,1.4,305,25673,16379,27.0,97.0
Station_01,Inv_00,20170726,15:33:00,237.2,1.3,308,218.0,1.4,305,25673,16379,27.0,98.0
Station_01,Inv_00,20170726,15:34:00,230.5,1.3,300,218.0,1.4,305,25673,16379,27.1,97.0
Station_01,Inv_00,20170726,15:35:00,233.0,1.2,280,218.0,1.4,305,25673,16379,27.1,94.0
Station_01,Inv_00,20170726,15:36:00,233.0,1.2,280,217.0,1.3,282,25673,16379,27.1,90.0
Station_01,Inv_00,20170726,15:37:00,225.0,1.1,248,218.0,1.2,262,25673,16379,27.1,86.0
Station_01,Inv_00,20170726,15:38:00,230.0,1.0,230,217.0,1.1,239,25673,16379,27.0,82.0
Station_01,Inv_00,20170726,15:39:00,232.4,0.9,209,217.0,1.0,217,25673,16379,27.0,76.0
Station_01,Inv_00,20170726,15:40:00,230.5,0.8,184,217.0,1.0,217,25673,16379,26.9,69.0
Station_01,Inv_00,20170726,15:41:00,232.0,0.7,162,218.0,0.9,196,25673,16379,26.9,66.0
Station_01,Inv_00,20170726,15:42:00,227.4,0.7,159,217.0,0.8,174,25673,16379,27.0,64.0
Station_01,Inv_00,20170726,15:43:00,223.0,0.6,134,217.0,0.8,174,25673,16379,27.1,79.0
Station_01,Inv_00,20170726,15:44:00,219.5,0.6,132,217.0,0.8,174,25673,16379,27.2,58.0
Station_01,Inv_00,20170726,15:45:00,233.0,0.6,140,217.0,0.7,152,25673,16379,27.3,57.0
Station_01,Inv_00,20170726,15:46:00,231.0,0.5,116,217.0,0.6,130,25673,16379,27.3,53.0
Station_01,Inv_00,20170726,15:47:00,232.5,0.4,93,217.0,0.5,109,25673,16379,27.4,51.0
Station_01,Inv_00,20170726,15:48:00,221.8,0.5,111,217.0,0.6,130,25673,16379,27.4,52.0
Station_01,Inv_00,20170726,15:49:00,217.8,0.4,87,217.0,0.5,109,25673,16379,27.4,51.0
Station_01,Inv_00,20170726,15:50:00,223.0,0.3,67,217.0,0.5,109,25673,16379,27.4,53.0
Station_01,Inv_00,20170726,15:51:00,211.0,0.4,84,217.0,0.5,109,25673,16379,27.4,44.0
Station_01,Inv_00,20170726,15:52:00,214.0,0.4,86,218.0,0.5,109,25673,16379,27.4,44.0
Station_01,Inv_00,20170726,15:53:00,207.0,0.4,83,217.0,0.5,109,25673,16379,27.3,43.0
Station_01,Inv_00,20170726,15:54:00,214.0,0.4,86,218.0,0.5,109,25673,16379,27.3,45.0
Station_01,Inv_00,20170726,15:55:00,218.0,0.4,87,217.0,0.5,109,25673,16379,27.3,45.0
Station_01,Inv_00,20170726,15:56:00,225.0,0.4,90,217.0,0.5,109,25673,16379,27.3,46.0
Station_01,Inv_00,20170726,15:57:00,215.5,0.4,86,217.0,0.5,109,25673,16379,27.2,48.0
Station_01,Inv_00,20170726,15:58:00,206.8,0.5,103,217.0,0.5,109,25673,16379,27.2,49.0
Station_01,Inv_00,20170726,15:59:00,235.0,0.5,118,217.0,0.6,130,25673,16379,27.1,61.0
Station_01,Inv_00,20170726,16:00:00,230.4,0.5,115,217.0,0.7,152,25673,16379,27.2,54.0
Station_01,Inv_00,20170726,16:01:00,224.5,0.6,135,217.0,0.7,152,25673,16379,27.1,57.0
Station_01,Inv_00,20170726,16:02:00,226.5,0.6,136,217.0,0.7,152,25673,16379,27.1,57.0
Station_01,Inv_00,20170726,16:03:00,218.4,0.7,153,217.0,0.8,174,25673,16379,27.1,60.0
Station_01,Inv_00,20170726,16:04:00,225.4,0.7,158,217.0,0.8,174,25673,16379,27.2,59.0
Station_01,Inv_00,20170726,16:05:00,222.0,0.7,155,218.0,0.8,174,25673,16379,27.2,59.0
Station_01,Inv_00,20170726,16:06:00,218.7,0.6,131,218.0,0.7,153,25673,16379,27.1,57.0
Station_01,Inv_00,20170726,16:07:00,233.5,0.6,140,218.0,0.7,153,25673,16379,27.1,57.0
Station_01,Inv_00,20170726,16:08:00,225.7,0.6,135,218.0,0.7,153,25673,16379,27.2,56.0
Station_01,Inv_00,20170726,16:09:00,223.5,0.6,134,218.0,0.7,153,25673,16379,27.2,57.0
Station_01,Inv_00,20170726,16:10:00,229.0,0.6,137,217.0,0.7,152,25673,16379,27.2,58.0
Station_01,Inv_00,20170726,16:11:00,231.0,0.6,139,218.0,0.7,153,25673,16379,27.3,58.0
Station_01,Inv_00,20170726,16:12:00,229.7,0.6,138,217.0,0.8,174,25673,16379,27.3,59.0
Station_01,Inv_00,20170726,16:13:00,211.0,0.7,148,217.0,0.8,174,25673,16379,27.3,61.0
Station_01,Inv_00,20170726,16:14:00,232.4,0.7,163,218.0,0.8,174,25673,16379,27.2,62.0
Station_01,Inv_00,20170726,16:15:00,223.3,0.7,156,217.0,0.9,195,25673,16379,27.2,63.0
Station_01,Inv_00,20170726,16:16:00,226.7,0.7,159,217.0,0.9,195,25673,16379,27.2,65.0
Station_01,Inv_00,20170726,16:17:00,222.0,0.7,155,217.0,0.9,195,25673,16379,27.1,65.0
Station_01,Inv_00,20170726,16:18:00,234.0,0.7,164,218.0,0.9,196,25673,16379,27.1,65.0
Station_01,Inv_00,20170726,16:19:00,218.4,0.7,153,218.0,0.8,174,25673,16379,27.1,64.0
Station_01,Inv_00,20170726,16:20:00,215.1,0.7,151,218.0,0.8,174,25673,16379,27.1,64.0
Station_01,Inv_00,20170726,16:21:00,222.0,0.6,133,218.0,0.8,174,25673,16379,27.1,63.0
Station_01,Inv_00,20170726,16:22:00,232.0,0.6,139,218.0,0.8,174,25673,16379,27.1,62.0
Station_01,Inv_00,20170726,16:23:00,229.1,0.7,160,218.0,0.9,196,25673,16379,27.1,63.0
Station_01,Inv_00,20170726,16:24:00,232.4,0.7,163,218.0,0.9,196,25673,16379,27.2,64.0
Station_01,Inv_00,20170726,16:25:00,234.0,0.7,164,218.0,0.9,196,25673,16379,27.3,65.0
Station_01,Inv_00,20170726,16:26:00,224.0,0.7,157,218.0,0.9,196,25673,16379,27.3,67.0
Station_01,Inv_00,20170726,16:27:00,224.1,0.7,157,218.0,0.9,196,25673,16379,27.4,66.0
Station_01,Inv_00,20170726,16:28:00,233.6,0.7,164,218.0,0.8,174,25673,16379,27.4,63.0
Station_01,Inv_00,20170726,16:29:00,228.0,0.6,137,218.0,0.8,174,25673,16379,27.4,59.0
Station_01,Inv_00,20170726,16:30:00,224.3,0.6,135,218.0,0.8,174,25673,16379,27.4,60.0
Station_01,Inv_00,20170726,16:31:00,226.4,0.7,159,218.0,0.9,196,25673,16379,27.5,65.0
Station_01,Inv_00,20170726,16:32:00,234.5,0.8,188,219.0,1.0,219,25673,16379,27.6,73.0
Station_01,Inv_00,20170726,16:33:00,227.0,1.0,227,218.0,1.1,240,25673,16379,27.7,78.0
Station_01,Inv_00,20170726,16:34:00,241.0,0.9,217,219.0,1.1,241,25673,16379,27.8,80.0
Station_01,Inv_00,20170726,16:35:00,233.0,1.0,233,219.0,1.1,241,25673,16379,27.9,80.0
Station_01,Inv_00,20170726,16:36:00,235.6,0.9,212,219.0,1.0,219,25673,16379,27.9,79.0
Station_01,Inv_00,20170726,16:37:00,236.5,0.8,189,219.0,1.0,219,25673,16379,28.0,75.0
Station_01,Inv_00,20170726,16:38:00,226.5,0.8,181,219.0,1.0,219,25673,16379,28.1,71.0
Station_01,Inv_00,20170726,16:39:00,221.0,0.7,155,219.0,0.9,197,25673,16379,28.1,66.0
Station_01,Inv_00,20170726,16:40:00,217.3,0.7,152,217.0,0.8,174,25673,16379,28.2,62.0
Station_01,Inv_00,20170726,16:41:00,214.0,0.6,128,216.0,0.7,151,25673,16379,28.2,63.0
Station_01,Inv_00,20170726,16:42:00,234.0,0.6,140,216.0,0.7,151,25673,16379,28.2,59.0
Station_01,Inv_00,20170726,16:43:00,227.0,0.6,136,216.0,0.8,173,25673,16379,28.1,60.0
Station_01,Inv_00,20170726,16:44:00,224.0,0.6,134,216.0,0.8,173,25673,16379,28.0,63.0
Station_01,Inv_00,20170726,16:45:00,230.0,0.6,138,216.0,0.8,173,25673,16379,28.0,62.0
Station_01,Inv_00,20170726,16:46:00,231.0,0.6,139,217.0,0.7,152,25673,16379,27.9,57.0
Station_01,Inv_00,20170726,16:47:00,231.4,0.5,116,216.0,0.5,108,25673,16379,27.7,52.0
Station_01,Inv_00,20170726,16:48:00,217.0,0.4,87,216.0,0.5,108,25673,16379,27.5,46.0
Station_01,Inv_00,20170726,16:49:00,211.0,0.4,84,216.0,0.5,108,25673,16379,27.3,44.0
Station_01,Inv_00,20170726,16:50:00,195.0,0.3,59,217.0,0.5,109,25673,16379,27.1,43.0
Station_01,Inv_00,20170726,16:51:00,218.5,0.4,87,217.0,0.5,109,25673,16379,27.0,43.0
Station_01,Inv_00,20170726,16:52:00,232.0,0.4,93,217.0,0.5,109,25673,16379,26.9,44.0
Station_01,Inv_00,20170726,16:53:00,222.0,0.4,89,217.0,0.5,109,25673,16379,26.9,46.0
Station_01,Inv_00,20170726,16:54:00,218.6,0.5,109,217.0,0.6,130,25673,16379,27.0,49.0
Station_01,Inv_00,20170726,16:55:00,219.8,0.5,110,217.0,0.6,130,25673,16379,27.1,52.0
Station_01,Inv_00,20170726,16:56:00,221.5,0.6,133,218.0,0.7,153,25673,16379,27.1,54.0
Station_01,Inv_00,20170726,16:57:00,208.5,0.6,125,217.0,0.6,130,25673,16379,27.2,55.0
Station_01,Inv_00,20170726,16:58:00,224.8,0.5,112,219.0,0.7,153,25673,16379,27.3,55.0
Station_01,Inv_00,20170726,16:59:00,234.0,0.6,140,219.0,0.7,153,25673,16379,27.4,56.0
Station_01,Inv_00,20170726,17:00:00,223.3,0.6,134,219.0,0.7,153,25673,16379,27.4,59.0
Station_01,Inv_00,20170726,17:01:00,223.7,0.7,157,218.0,0.8,174,25673,16379,27.6,61.0
Station_01,Inv_00,20170726,17:02:00,229.0,0.6,137,218.0,0.8,174,25673,16379,27.7,64.0
Station_01,Inv_00,20170726,17:03:00,214.0,0.7,150,218.0,0.8,174,25673,16379,27.8,65.0
Station_01,Inv_00,20170726,17:04:00,216.0,0.7,151,218.0,0.8,174,25673,16379,27.9,64.0
Station_01,Inv_00,20170726,17:05:00,212.0,0.7,148,218.0,0.7,153,25673,16379,27.9,62.0
Station_01,Inv_00,20170726,17:06:00,224.0,0.6,134,218.0,0.7,153,25673,16379,28.0,77.0
Station_01,Inv_00,20170726,17:07:00,213.0,0.5,107,219.0,0.6,131,25673,16379,28.0,75.0
Station_01,Inv_00,20170726,17:08:00,221.0,0.5,111,219.0,0.6,131,25673,16379,28.1,72.0
Station_01,Inv_00,20170726,17:09:00,209.2,0.5,105,219.0,0.5,110,25673,16379,28.2,59.0
Station_01,Inv_00,20170726,17:10:00,224.3,0.4,90,219.0,0.5,110,25673,16379,28.2,49.0
Station_01,Inv_00,20170726,17:11:00,221.5,0.4,89,219.0,0.5,110,25673,16379,28.2,47.0
Station_01,Inv_00,20170726,17:12:00,215.0,0.4,86,218.0,0.5,109,25673,16379,28.3,44.0
Station_01,Inv_00,20170726,17:13:00,222.0,0.3,67,218.0,0.5,109,25673,16379,28.3,43.0
Station_01,Inv_00,20170726,17:14:00,229.0,0.3,69,218.0,0.4,87,25673,16379,28.3,42.0
Station_01,Inv_00,20170726,17:15:00,206.0,0.3,62,217.0,0.5,109,25673,16379,28.3,44.0
Station_01,Inv_00,20170726,17:16:00,196.0,0.3,59,218.0,0.4,87,25673,16379,28.2,40.0
Station_01,Inv_00,20170726,17:17:00,197.0,0.2,39,217.0,0.4,87,25673,16379,28.2,40.0
Station_01,Inv_00,20170726,17:18:00,160.7,0.3,48,217.0,0.4,87,25673,16379,28.2,40.0
Station_01,Inv_00,20170726,17:19:00,163.0,0.2,33,218.0,0.4,87,25673,16379,28.1,39.0
Station_01,Inv_00,20170726,17:20:00,218.0,0.2,44,217.0,0.4,87,25673,16379,28.1,39.0
Station_01,Inv_00,20170726,17:21:00,220.3,0.3,66,217.0,0.4,87,25673,16379,28.1,39.0
Station_01,Inv_00,20170726,17:22:00,221.0,0.2,44,219.0,0.4,88,25673,16379,28.1,38.0
Station_01,Inv_00,20170726,17:23:00,211.7,0.3,64,218.0,0.4,87,25673,16379,28.1,38.0
Station_01,Inv_00,20170726,17:24:00,211.5,0.2,42,217.0,0.5,109,25673,16379,28.0,38.0
Station_01,Inv_00,20170726,17:25:00,216.5,0.2,43,218.0,0.5,109,25673,16379,27.9,38.0
Station_01,Inv_00,20170726,17:26:00,214.0,0.2,43,217.0,0.4,87,25673,16379,27.7,39.0
Station_01,Inv_00,20170726,17:27:00,204.0,0.2,41,218.0,0.4,87,25673,16379,27.5,38.0
Station_01,Inv_00,20170726,17:28:00,223.0,0.3,67,217.0,0.4,87,25673,16379,27.2,37.0
Station_01,Inv_00,20170726,17:29:00,200.0,0.3,60,217.0,0.4,87,25673,16379,27.1,37.0
Station_01,Inv_00,20170726,17:30:00,194.0,0.3,58,217.0,0.5,109,25673,16379,27.0,37.0
Station_01,Inv_00,20170726,17:31:00,162.3,0.3,49,218.0,0.4,87,25673,16379,26.9,38.0
Station_01,Inv_00,20170726,17:32:00,188.3,0.3,57,218.0,0.5,109,25673,16379,26.9,38.0
Station_01,Inv_00,20170726,17:33:00,169.0,0.3,51,218.0,0.5,109,25673,16379,26.9,39.0
Station_01,Inv_00,20170726,17:34:00,165.0,0.3,50,218.0,0.5,109,25673,16379,26.8,40.0
Station_01,Inv_00,20170726,17:35:00,210.3,0.3,63,218.0,0.5,109,25673,16379,26.9,41.0
Station_01,Inv_00,20170726,17:36:00,209.5,0.4,84,218.0,0.5,109,25673,16379,26.9,41.0
Station_01,Inv_00,20170726,17:37:00,209.3,0.4,84,218.0,0.5,109,25673,16379,26.9,42.0
Station_01,Inv_00,20170726,17:38:00,200.5,0.4,80,219.0,0.5,110,25673,16379,26.8,42.0
Station_01,Inv_00,20170726,17:39:00,199.0,0.4,80,219.0,0.5,110,25673,16379,26.9,42.0
Station_01,Inv_00,20170726,17:40:00,214.3,0.3,64,217.0,0.5,109,25673,16379,26.9,41.0
Station_01,Inv_00,20170726,17:41:00,185.0,0.4,74,218.0,0.5,109,25673,16379,26.8,41.0
Station_01,Inv_00,20170726,17:42:00,203.3,0.3,61,218.0,0.5,109,25673,16379,26.9,40.0
Station_01,Inv_00,20170726,17:43:00,218.7,0.3,66,217.0,0.5,109,25673,16379,26.8,40.0
Station_01,Inv_00,20170726,17:44:00,218.0,0.3,65,218.0,0.5,109,25673,16379,26.8,40.0
Station_01,Inv_00,20170726,17:45:00,212.7,0.3,64,218.0,0.5,109,25673,16379,26.9,39.0
Station_01,Inv_00,20170726,17:46:00,201.0,0.3,60,217.0,0.5,109,25673,16379,26.8,38.0
Station_01,Inv_00,20170726,17:47:00,152.3,0.3,46,218.0,0.4,87,25673,16379,26.9,37.0
Station_01,Inv_00,20170726,17:48:00,205.7,0.3,62,217.0,0.5,109,25673,16379,27.0,36.0
Station_01,Inv_00,20170726,17:49:00,172.0,0.3,52,219.0,0.4,88,25673,16379,26.9,35.0
Station_01,Inv_00,20170726,17:50:00,214.0,0.2,43,219.0,0.4,88,25673,16379,26.9,35.0
Station_01,Inv_00,20170726,17:51:00,208.0,0.2,42,218.0,0.4,87,25673,16379,26.9,35.0
Station_01,Inv_00,20170726,17:52:00,175.0,0.2,35,218.0,0.4,87,25673,16379,26.9,34.0
Station_01,Inv_00,20170726,17:53:00,191.0,0.2,38,217.0,0.4,87,25673,16379,26.9,34.0
Station_01,Inv_00,20170726,17:54:00,189.0,0.2,38,217.0,0.4,87,25673,16379,27.0,35.0
Station_01,Inv_00,20170726,17:55:00,213.5,0.2,43,217.0,0.4,87,25673,16379,27.0,34.0
Station_01,Inv_00,20170726,17:56:00,214.0,0.1,21,217.0,0.4,87,25673,16379,27.1,35.0
Station_01,Inv_00,20170726,17:57:00,206.0,0.1,21,217.0,0.4,87,25673,16379,27.3,35.0
Station_01,Inv_00,20170726,17:58:00,198.0,0.1,20,217.0,0.4,87,25673,16379,27.3,32.0
Station_01,Inv_00,20170726,17:59:00,156.0,0.1,16,217.0,0.4,87,25673,16379,27.4,32.0
Station_01,Inv_00,20170726,18:00:00,183.5,0.2,37,218.0,0.4,87,25673,16379,27.4,30.0
Station_01,Inv_00,20170726,18:01:00,202.5,0.2,41,217.0,0.4,87,25673,16379,27.4,30.0
Station_01,Inv_00,20170726,18:02:00,206.0,0.2,41,217.0,0.4,87,25673,16379,27.4,29.0
Station_01,Inv_00,20170726,18:03:00,204.5,0.2,41,218.0,0.4,87,25673,16379,27.4,29.0
Station_01,Inv_00,20170726,18:04:00,213.5,0.2,43,218.0,0.4,87,25673,16379,27.4,30.0
Station_01,Inv_00,20170726,18:05:00,249.0,0.2,50,217.0,0.7,152,25673,16379,27.4,507.0
Station_01,Inv_00,20170726,18:06:00,0.0,0.0,0,0.0,0.0,0,25673,16379,27.5,508.0
Station_01,Inv_00,20170726,18:07:00,217.5,0.2,44,217.0,0.5,109,25673,16379,27.5,32.0
Station_01,Inv_00,20170726,18:08:00,217.0,0.2,43,217.0,0.5,109,25673,16379,27.5,33.0
Station_01,Inv_00,20170726,18:09:00,253.0,0.2,51,0.0,0.0,0,25673,16379,27.6,33.0
Station_01,Inv_00,20170726,18:10:00,0.0,0.0,0,222.0,0.3,67,25673,16379,27.5,34.0
Station_01,Inv_00,20170726,18:11:00,220.0,0.2,44,218.0,0.4,87,25673,16379,27.6,510.0
Station_01,Inv_00,20170726,18:12:00,253.5,0.2,51,0.0,0.0,0,25673,16379,27.5,34.0
Station_01,Inv_00,20170726,18:13:00,252.5,0.2,51,0.0,0.0,0,25673,16379,27.6,34.0
Station_01,Inv_00,20170726,18:14:00,254.0,0.2,51,0.0,0.0,0,25673,16379,27.6,34.0
Station_01,Inv_00,20170726,18:15:00,218.0,0.2,44,218.0,0.5,109,25673,16379,27.6,34.0
Station_01,Inv_00,20170726,18:16:00,0.0,0.0,0,217.0,0.5,109,25673,16379,27.6,33.0
Station_01,Inv_00,20170726,18:17:00,248.0,0.2,50,0.0,0.0,0,25673,16379,27.6,34.0
Station_01,Inv_00,20170726,18:18:00,248.5,0.2,50,0.0,0.0,0,25673,16379,27.7,34.0
Station_01,Inv_00,20170726,18:19:00,0.0,0.0,0,217.0,0.6,130,25673,16379,27.7,32.0
Station_01,Inv_00,20170726,18:20:00,0.0,0.0,0,219.0,0.6,131,25673,16379,27.8,32.0
Station_01,Inv_00,20170726,18:21:00,242.5,0.2,49,0.0,0.0,0,25673,16379,27.8,32.0
Station_01,Inv_00,20170726,18:22:00,0.0,0.0,0,0.0,0.0,0,25673,16379,27.8,32.0
Station_01,Inv_00,20170726,18:23:00,0.0,0.0,0,219.0,0.5,110,25673,16379,27.9,516.0
Station_01,Inv_00,20170726,18:24:00,240.0,0.2,48,0.0,0.0,0,25673,16379,27.9,31.0
Station_01,Inv_00,20170726,18:25:00,0.0,0.0,0,0.0,0.0,0,25673,16379,27.9,31.0
Station_01,Inv_00,20170726,18:26:00,0.0,0.0,0,219.0,0.4,88,25673,16379,27.9,31.0
Station_01,Inv_00,20170726,18:27:00,195.0,0.2,39,219.0,0.5,110,25673,16379,27.9,32.0
Station_01,Inv_00,20170726,18:28:00,231.0,0.2,46,0.0,0.0,0,25673,16379,27.9,30.0
Station_01,Inv_00,20170726,18:29:00,0.0,0.0,0,219.0,0.4,88,25673,16379,27.9,30.0
Station_01,Inv_00,20170726,18:30:00,0.0,0.0,0,218.0,0.4,87,25673,16379,27.9,29.0
Station_01,Inv_00,20170726,18:31:00,0.0,0.0,0,217.0,0.4,87,25673,16379,27.9,29.0
Station_01,Inv_00,20170726,18:32:00,0.0,0.0,0,222.0,0.3,67,25673,16379,27.8,27.0
Station_01,Inv_00,20170726,18:33:00,0.0,0.0,0,0.0,0.0,0,25673,16379,27.8,28.0
Station_01,Inv_00,20170726,18:34:00,0.0,0.0,0,0.0,0.0,0,25673,16379,27.8,28.0
Station_01,Inv_00,20170726,18:35:00,0.0,0.0,0,0.0,0.0,0,25673,16379,27.8,28.0
Station_01,Inv_00,20170726,18:36:00,0.0,0.0,0,0.0,0.0,0,25673,16379,27.8,27.0
Station_01,Inv_00,20170726,18:37:00,0.0,0.0,0,221.0,0.4,88,25673,16379,27.7,27.0
Station_01,Inv_00,20170726,18:38:00,0.0,0.0,0,0.0,0.0,0,25673,16379,27.7,26.0
Station_01,Inv_00,20170726,18:39:00,0.0,0.0,0,0.0,0.0,0,25673,16379,27.6,26.0
Station_01,Inv_00,20170726,18:40:00,0.0,0.0,0,0.0,0.0,0,25673,16379,27.5,26.0
Station_01,Inv_00,20170726,18:41:00,0.0,0.0,0,0.0,0.0,0,25673,16379,27.5,25.0
Station_01,Inv_00,20170726,18:42:00,0.0,0.0,0,0.0,0.0,0,25673,16379,27.4,25.0
Station_01,Inv_00,20170726,18:43:00,0.0,0.0,0,0.0,0.0,0,25673,16379,27.4,24.0
Station_01,Inv_00,20170726,18:44:00,0.0,0.0,0,0.0,0.0,0,25673,16379,27.3,24.0
Station_01,Inv_00,20170726,18:45:00,0.0,0.0,0,0.0,0.0,0,25673,16379,27.2,23.0
Station_01,Inv_00,20170726,18:46:00,0.0,0.0,0,0.0,0.0,0,25673,16379,27.0,23.0
Station_01,Inv_00,20170726,18:47:00,0.0,0.0,0,0.0,0.0,0,25673,16379,26.9,22.0
Station_01,Inv_00,20170726,18:48:00,0.0,0.0,0,0.0,0.0,0,25673,16379,26.7,20.0
Station_01,Inv_00,20170726,18:49:00,0.0,0.0,0,0.0,0.0,0,25673,16379,26.6,19.0
Station_01,Inv_00,20170726,18:50:00,0.0,0.0,0,0.0,0.0,0,25673,16379,26.5,18.0
Station_01,Inv_00,20170726,18:51:00,0.0,0.0,0,0.0,0.0,0,25673,16379,26.4,17.0
Station_01,Inv_00,20170726,18:52:00,0.0,0.0,0,0.0,0.0,0,25673,16379,26.4,17.0
Station_01,Inv_00,20170726,18:53:00,0.0,0.0,0,0.0,0.0,0,25673,16379,26.3,18.0
Station_01,Inv_00,20170726,18:54:00,0.0,0.0,0,0.0,0.0,0,25673,16379,26.2,18.0
Station_01,Inv_00,20170726,18:55:00,0.0,0.0,0,0.0,0.0,0,25673,16379,26.2,18.0
Station_01,Inv_00,20170726,18:56:00,0.0,0.0,0,0.0,0.0,0,25673,16379,26.1,18.0
Station_01,Inv_00,20170726,18:57:00,0.0,0.0,0,0.0,0.0,0,25673,16379,26.2,18.0
Station_01,Inv_00,20170726,18:58:00,0.0,0.0,0,0.0,0.0,0,25673,16379,26.1,18.0
Station_01,Inv_00,20170726,18:59:00,0.0,0.0,0,0.0,0.0,0,25673,16379,26.1,18.0
Station_01,Inv_00,20170726,19:00:00,0.0,0.0,0,0.0,0.0,0,25673,16379,26.1,19.0
Station_01,Inv_00,20170726,19:01:00,0.0,0.0,0,0.0,0.0,0,25673,16379,26.1,18.0
Station_01,Inv_00,20170726,19:02:00,0.0,0.0,0,0.0,0.0,0,25673,16379,26.1,19.0
Station_01,Inv_00,20170726,19:03:00,0.0,0.0,0,0.0,0.0,0,25673,16379,26.0,19.0
Station_01,Inv_00,20170726,19:04:00,0.0,0.0,0,0.0,0.0,0,25673,16379,26.0,19.0
Station_01,Inv_00,20170726,19:05:00,0.0,0.0,0,0.0,0.0,0,25673,16379,26.0,19.0
Station_01,Inv_00,20170726,19:06:00,0.0,0.0,0,0.0,0.0,0,25673,16379,26.0,19.0
Station_01,Inv_00,20170726,19:07:00,0.0,0.0,0,0.0,0.0,0,25673,16379,26.0,19.0
Station_01,Inv_00,20170726,19:08:00,0.0,0.0,0,0.0,0.0,0,25673,16379,26.0,18.0
Station_01,Inv_00,20170726,19:09:00,0.0,0.0,0,0.0,0.0,0,25673,16379,26.0,18.0
Station_01,Inv_00,20170726,19:10:00,0.0,0.0,0,0.0,0.0,0,25673,16379,26.0,18.0
Station_01,Inv_00,20170726,19:11:00,0.0,0.0,0,0.0,0.0,0,25673,16379,26.1,18.0
Station_01,Inv_00,20170726,19:12:00,0.0,0.0,0,0.0,0.0,0,25673,16379,26.0,18.0
Station_01,Inv_00,20170726,19:13:00,0.0,0.0,0,0.0,0.0,0,25673,16379,26.0,18.0
Station_01,Inv_00,20170726,19:14:00,0.0,0.0,0,0.0,0.0,0,25673,16379,25.9,18.0
Station_01,Inv_00,20170726,19:15:00,0.0,0.0,0,0.0,0.0,0,25673,16379,26.0,19.0
Station_01,Inv_00,20170726,19:16:00,0.0,0.0,0,0.0,0.0,0,25673,16379,26.0,19.0
Station_01,Inv_00,20170726,19:17:00,0.0,0.0,0,0.0,0.0,0,25673,16379,26.1,19.0
Station_01,Inv_00,20170726,19:18:00,0.0,0.0,0,0.0,0.0,0,25673,16379,26.2,19.0
Station_01,Inv_00,20170726,19:19:00,0.0,0.0,0,0.0,0.0,0,25673,16379,26.2,20.0
Station_01,Inv_00,20170726,19:20:00,0.0,0.0,0,0.0,0.0,0,25673,16379,26.3,20.0
Station_01,Inv_00,20170726,19:21:00,0.0,0.0,0,0.0,0.0,0,25673,16379,26.4,20.0
Station_01,Inv_00,20170726,19:22:00,0.0,0.0,0,0.0,0.0,0,25673,16379,26.4,20.0
Station_01,Inv_00,20170726,19:23:00,0.0,0.0,0,0.0,0.0,0,25673,16379,26.4,20.0
Station_01,Inv_00,20170726,19:24:00,0.0,0.0,0,0.0,0.0,0,25673,16379,26.4,19.0
Station_01,Inv_00,20170726,19:25:00,0.0,0.0,0,0.0,0.0,0,25673,16379,26.4,19.0
Station_01,Inv_00,20170726,19:26:00,0.0,0.0,0,0.0,0.0,0,25673,16379,26.4,19.0
Station_01,Inv_00,20170726,19:27:00,0.0,0.0,0,0.0,0.0,0,25673,16379,26.4,19.0
Station_01,Inv_00,20170726,19:28:00,0.0,0.0,0,0.0,0.0,0,25673,16379,26.4,19.0
Station_01,Inv_00,20170726,19:29:00,0.0,0.0,0,0.0,0.0,0,25673,16379,26.5,20.0
Station_01,Inv_00,20170726,19:30:00,0.0,0.0,0,0.0,0.0,0,25673,16379,26.5,20.0
Station_01,Inv_00,20170726,19:31:00,0.0,0.0,0,0.0,0.0,0,25673,16379,26.5,19.0
Station_01,Inv_00,20170726,19:32:00,0.0,0.0,0,0.0,0.0,0,25673,16379,26.5,19.0
Station_01,Inv_00,20170726,19:33:00,0.0,0.0,0,0.0,0.0,0,25673,16379,26.6,20.0
Station_01,Inv_00,20170726,19:34:00,0.0,0.0,0,0.0,0.0,0,25673,16379,26.6,20.0
Station_01,Inv_00,20170726,19:35:00,0.0,0.0,0,0.0,0.0,0,25673,16379,26.7,20.0
Station_01,Inv_00,20170726,19:36:00,0.0,0.0,0,0.0,0.0,0,25673,16379,26.8,20.0
Station_01,Inv_00,20170726,19:37:00,0.0,0.0,0,0.0,0.0,0,25673,16379,26.8,20.0
Station_01,Inv_00,20170726,19:38:00,0.0,0.0,0,0.0,0.0,0,25673,16379,26.9,20.0
Station_01,Inv_00,20170726,19:39:00,0.0,0.0,0,0.0,0.0,0,25673,16379,26.8,20.0
Station_01,Inv_00,20170726,19:40:00,0.0,0.0,0,0.0,0.0,0,25673,16379,26.9,20.0
Station_01,Inv_00,20170726,19:41:00,0.0,0.0,0,0.0,0.0,0,25673,16379,26.9,20.0
Station_01,Inv_00,20170726,19:42:00,0.0,0.0,0,0.0,0.0,0,25673,16379,26.9,20.0
Station_01,Inv_00,20170726,19:43:00,0.0,0.0,0,0.0,0.0,0,25673,16379,26.9,23.0
Station_01,Inv_00,20170726,19:44:00,0.0,0.0,0,0.0,0.0,0,25673,16379,26.9,21.0
Station_01,Inv_00,20170726,19:45:00,0.0,0.0,0,0.0,0.0,0,25673,16379,26.9,21.0
Station_01,Inv_00,20170726,19:46:00,0.0,0.0,0,0.0,0.0,0,25673,16379,26.9,21.0
Station_01,Inv_00,20170726,19:47:00,0.0,0.0,0,0.0,0.0,0,25673,16379,26.9,21.0
Station_01,Inv_00,20170726,19:48:00,0.0,0.0,0,0.0,0.0,0,25673,16379,26.9,20.0
Station_01,Inv_00,20170726,19:49:00,0.0,0.0,0,0.0,0.0,0,25673,16379,26.9,20.0
Station_01,Inv_00,20170726,19:50:00,0.0,0.0,0,0.0,0.0,0,25673,16379,26.9,20.0
Station_01,Inv_00,20170726,19:51:00,0.0,0.0,0,0.0,0.0,0,25673,16379,26.9,20.0
Station_01,Inv_00,20170726,19:52:00,0.0,0.0,0,0.0,0.0,0,25673,16379,26.9,20.0
Station_01,Inv_00,20170726,19:53:00,0.0,0.0,0,0.0,0.0,0,25673,16379,26.9,20.0
Station_01,Inv_00,20170726,19:54:00,0.0,0.0,0,0.0,0.0,0,25673,16379,26.9,20.0
Station_01,Inv_00,20170726,19:55:00,0.0,0.0,0,0.0,0.0,0,25673,16379,27.0,20.0
Station_01,Inv_00,20170726,19:56:00,0.0,0.0,0,0.0,0.0,0,25673,16379,27.0,21.0
Station_01,Inv_00,20170726,19:57:00,0.0,0.0,0,0.0,0.0,0,25673,16379,26.9,21.0
Station_01,Inv_00,20170726,19:58:00,0.0,0.0,0,0.0,0.0,0,25673,16379,26.9,20.0
Station_01,Inv_00,20170726,19:59:00,0.0,0.0,0,0.0,0.0,0,25673,16379,26.9,20.0
Station_01,Inv_00,20170726,20:00:00,0.0,0.0,0,0.0,0.0,0,25673,16379,26.9,20.0
