Station_01,Inv_00,20170709,05:00:00,0.0,0.0,0,0.0,0.0,0,25360,16180,25.5,18.0
Station_01,Inv_00,20170709,05:01:00,0.0,0.0,0,0.0,0.0,0,25360,16180,25.5,18.0
Station_01,Inv_00,20170709,05:02:00,0.0,0.0,0,0.0,0.0,0,25360,16180,25.4,18.0
Station_01,Inv_00,20170709,05:03:00,0.0,0.0,0,0.0,0.0,0,25360,16180,25.4,17.0
Station_01,Inv_00,20170709,05:04:00,0.0,0.0,0,0.0,0.0,0,25360,16180,25.2,18.0
Station_01,Inv_00,20170709,05:05:00,0.0,0.0,0,0.0,0.0,0,25360,16180,25.3,18.0
Station_01,Inv_00,20170709,05:06:00,0.0,0.0,0,0.0,0.0,0,25360,16180,25.3,18.0
Station_01,Inv_00,20170709,05:07:00,0.0,0.0,0,0.0,0.0,0,25360,16180,25.3,18.0
Station_01,Inv_00,20170709,05:08:00,0.0,0.0,0,0.0,0.0,0,25360,16180,25.3,18.0
Station_01,Inv_00,20170709,05:09:00,0.0,0.0,0,0.0,0.0,0,25360,16180,25.3,18.0
Station_01,Inv_00,20170709,05:10:00,0.0,0.0,0,0.0,0.0,0,25360,16180,25.4,18.0
Station_01,Inv_00,20170709,05:11:00,0.0,0.0,0,0.0,0.0,0,25360,16180,25.4,19.0
Station_01,Inv_00,20170709,05:12:00,0.0,0.0,0,0.0,0.0,0,25360,16180,25.4,19.0
Station_01,Inv_00,20170709,05:13:00,0.0,0.0,0,0.0,0.0,0,25360,16180,25.4,19.0
Station_01,Inv_00,20170709,05:14:00,0.0,0.0,0,0.0,0.0,0,25360,16180,25.4,19.0
Station_01,Inv_00,20170709,05:15:00,0.0,0.0,0,0.0,0.0,0,25360,16180,25.5,19.0
Station_01,Inv_00,20170709,05:16:00,0.0,0.0,0,0.0,0.0,0,25360,16180,25.6,473.0
Station_01,Inv_00,20170709,05:17:00,0.0,0.0,0,0.0,0.0,0,25360,16180,25.6,20.0
Station_01,Inv_00,20170709,05:18:00,0.0,0.0,0,0.0,0.0,0,25360,16180,25.7,20.0
Station_01,Inv_00,20170709,05:19:00,0.0,0.0,0,0.0,0.0,0,25360,16180,25.7,20.0
Station_01,Inv_00,20170709,05:20:00,0.0,0.0,0,0.0,0.0,0,25360,16180,25.7,21.0
Station_01,Inv_00,20170709,05:21:00,0.0,0.0,0,0.0,0.0,0,25360,16180,25.7,21.0
Station_01,Inv_00,20170709,05:22:00,0.0,0.0,0,0.0,0.0,0,25360,16180,25.8,22.0
Station_01,Inv_00,20170709,05:23:00,0.0,0.0,0,0.0,0.0,0,25360,16180,25.8,23.0
Station_01,Inv_00,20170709,05:24:00,0.0,0.0,0,0.0,0.0,0,25360,16180,25.8,23.0
Station_01,Inv_00,20170709,05:25:00,0.0,0.0,0,0.0,0.0,0,25360,16180,25.9,24.0
Station_01,Inv_00,20170709,05:26:00,0.0,0.0,0,0.0,0.0,0,25360,16180,25.8,25.0
Station_01,Inv_00,20170709,05:27:00,0.0,0.0,0,0.0,0.0,0,25360,16180,25.8,26.0
Station_01,Inv_00,20170709,05:28:00,0.0,0.0,0,0.0,0.0,0,25360,16180,26.0,27.0
Station_01,Inv_00,20170709,05:29:00,0.0,0.0,0,221.0,0.5,111,25360,16180,25.9,28.0
Station_01,Inv_00,20170709,05:30:00,0.0,0.0,0,221.0,0.5,111,25360,16180,26.0,29.0
Station_01,Inv_00,20170709,05:31:00,0.0,0.0,0,222.0,0.5,111,25360,16180,26.0,30.0
Station_01,Inv_00,20170709,05:32:00,0.0,0.0,0,221.0,0.5,111,25360,16180,26.2,31.0
Station_01,Inv_00,20170709,05:33:00,0.0,0.0,0,220.0,0.5,110,25360,16180,26.2,32.0
Station_01,Inv_00,20170709,05:34:00,242.0,0.2,48,215.0,0.5,108,25360,16180,26.1,33.0
Station_01,Inv_00,20170709,05:35:00,209.3,0.3,63,216.0,0.4,86,25360,16180,26.2,34.0
Station_01,Inv_00,20170709,05:36:00,194.0,0.3,58,216.0,0.5,108,25360,16180,26.3,35.0
Station_01,Inv_00,20170709,05:37:00,169.0,0.3,51,216.0,0.4,86,25360,16180,26.2,36.0
Station_01,Inv_00,20170709,05:38:00,185.3,0.3,56,215.0,0.4,86,25360,16180,26.3,37.0
Station_01,Inv_00,20170709,05:39:00,195.3,0.3,59,215.0,0.5,108,25360,16180,26.3,38.0
Station_01,Inv_00,20170709,05:40:00,215.0,0.3,65,215.0,0.5,108,25360,16180,26.4,39.0
Station_01,Inv_00,20170709,05:41:00,210.7,0.3,63,216.0,0.5,108,25360,16180,26.5,40.0
Station_01,Inv_00,20170709,05:42:00,222.7,0.3,67,217.0,0.5,109,25360,16180,26.6,42.0
Station_01,Inv_00,20170709,05:43:00,216.3,0.3,65,215.0,0.5,108,25360,16180,26.5,43.0
Station_01,Inv_00,20170709,05:44:00,218.3,0.3,66,216.0,0.5,108,25360,16180,26.5,44.0
Station_01,Inv_00,20170709,05:45:00,225.0,0.4,90,216.0,0.5,108,25360,16180,26.5,45.0
Station_01,Inv_00,20170709,05:46:00,225.5,0.4,90,215.0,0.5,108,25360,16180,26.5,46.0
Station_01,Inv_00,20170709,05:47:00,175.0,0.4,70,215.0,0.5,108,25360,16180,26.7,48.0
Station_01,Inv_00,20170709,05:48:00,220.0,0.4,88,216.0,0.5,108,25360,16180,26.7,49.0
Station_01,Inv_00,20170709,05:49:00,212.2,0.5,106,216.0,0.5,108,25360,16180,26.7,51.0
Station_01,Inv_00,20170709,05:50:00,230.0,0.5,115,216.0,0.6,130,25360,16180,26.9,52.0
Station_01,Inv_00,20170709,05:51:00,192.0,0.5,96,217.0,0.5,109,25360,16180,26.9,54.0
Station_01,Inv_00,20170709,05:52:00,206.2,0.5,103,217.0,0.5,109,25360,16180,27.0,55.0
Station_01,Inv_00,20170709,05:53:00,230.8,0.5,115,216.0,0.6,130,25360,16180,27.1,57.0
Station_01,Inv_00,20170709,05:54:01,228.0,0.6,137,216.0,0.7,151,25360,16180,27.1,59.0
Station_01,Inv_00,20170709,05:55:00,226.5,0.6,136,216.0,0.8,173,25360,16180,27.2,61.0
Station_01,Inv_00,20170709,05:56:00,223.9,0.7,157,216.0,0.8,173,25360,16180,27.3,63.0
Station_01,Inv_00,20170709,05:57:00,218.1,0.7,153,216.0,0.8,173,25360,16180,27.4,64.0
Station_01,Inv_00,20170709,05:58:01,231.9,0.7,162,216.0,0.9,194,25360,16180,27.4,66.0
Station_01,Inv_00,20170709,05:59:00,234.9,0.7,164,216.0,0.8,173,25360,16180,27.5,68.0
Station_01,Inv_00,20170709,06:00:00,232.4,0.7,163,216.0,0.9,194,25360,16180,27.5,70.0
Station_01,Inv_00,20170709,06:01:00,196.0,0.8,157,217.0,0.8,174,25360,16180,27.6,72.0
Station_01,Inv_00,20170709,06:02:00,203.4,0.8,163,217.0,0.9,195,25360,16180,27.7,75.0
Station_01,Inv_00,20170709,06:03:00,237.5,0.8,190,217.0,1.0,217,25360,16180,27.9,77.0
Station_01,Inv_00,20170709,06:04:00,234.5,0.8,188,216.0,1.0,216,25360,16180,28.0,79.0
Station_01,Inv_00,20170709,06:05:00,230.8,0.9,208,216.0,1.0,216,25360,16180,28.1,81.0
Station_01,Inv_00,20170709,06:06:00,235.0,0.9,212,216.0,1.0,216,25360,16180,28.2,83.0
Station_01,Inv_00,20170709,06:07:00,234.0,1.0,234,215.0,1.1,237,25360,16180,28.3,85.0
Station_01,Inv_00,20170709,06:08:00,224.0,1.0,224,216.0,1.1,238,25360,16180,28.5,87.0
Station_01,Inv_00,20170709,06:09:00,198.4,0.9,179,216.0,1.0,216,25360,16180,28.6,90.0
Station_01,Inv_00,20170709,06:10:00,241.0,1.0,241,216.0,1.2,259,25360,16180,28.8,91.0
Station_01,Inv_00,20170709,06:11:00,241.0,1.0,241,216.0,1.2,259,25360,16180,28.9,94.0
Station_01,Inv_00,20170709,06:12:00,237.7,1.1,262,216.0,1.2,259,25360,16180,29.0,96.0
Station_01,Inv_00,20170709,06:13:00,240.5,1.0,241,216.0,1.3,281,25360,16180,29.2,99.0
Station_01,Inv_00,20170709,06:14:00,240.0,1.2,288,216.0,1.3,281,25360,16180,29.3,101.0
Station_01,Inv_00,20170709,06:15:00,238.0,1.2,286,216.0,1.3,281,25360,16180,29.4,103.0
Station_01,Inv_00,20170709,06:16:00,211.8,1.3,275,216.0,1.2,259,25360,16180,29.6,105.0
Station_01,Inv_00,20170709,06:17:00,243.0,1.2,292,216.0,1.4,302,25360,16180,29.7,108.0
Station_01,Inv_00,20170709,06:18:00,209.0,1.2,251,216.0,1.3,281,25360,16180,29.9,111.0
Station_01,Inv_00,20170709,06:19:00,238.0,1.4,333,216.0,1.4,302,25360,16180,30.0,113.0
Station_01,Inv_00,20170709,06:20:00,241.5,1.4,338,216.0,1.5,324,25360,16180,30.1,116.0
Station_01,Inv_00,20170709,06:21:00,237.0,1.4,332,217.0,1.5,326,25360,16180,30.3,119.0
Station_01,Inv_00,20170709,06:22:00,235.0,1.4,329,217.0,1.5,326,25360,16180,30.4,121.0
Station_01,Inv_00,20170709,06:23:00,241.9,1.5,363,217.0,1.5,326,25360,16180,30.5,124.0
Station_01,Inv_00,20170709,06:24:00,237.0,1.6,379,217.0,1.6,347,25360,16180,30.6,126.0
Station_01,Inv_00,20170709,06:25:00,241.9,1.5,363,216.0,1.6,346,25360,16180,30.7,129.0
Station_01,Inv_00,20170709,06:26:00,229.5,1.6,367,217.0,1.6,347,25360,16180,30.9,131.0
Station_01,Inv_00,20170709,06:27:00,238.3,1.6,381,217.0,1.6,347,25360,16180,31.0,133.0
Station_01,Inv_00,20170709,06:28:00,236.5,1.7,402,218.0,1.7,371,25360,16180,31.1,136.0
Station_01,Inv_00,20170709,06:29:00,244.5,1.7,416,218.0,1.8,392,25360,16180,31.4,138.0
Station_01,Inv_00,20170709,06:30:00,242.4,1.7,412,218.0,1.8,392,25360,16180,31.5,141.0
Station_01,Inv_00,20170709,06:31:00,245.7,1.7,418,217.0,1.8,391,25360,16180,31.7,143.0
Station_01,Inv_00,20170709,06:32:00,216.0,1.9,410,217.0,1.8,391,25360,16180,31.9,146.0
Station_01,Inv_00,20170709,06:33:00,241.5,1.8,435,217.0,2.0,434,25360,16180,31.9,149.0
Station_01,Inv_00,20170709,06:34:00,238.4,1.9,453,216.0,2.0,432,25360,16180,32.1,153.0
Station_01,Inv_00,20170709,06:35:00,214.5,2.0,429,216.0,1.9,410,25360,16180,32.3,157.0
Station_01,Inv_00,20170709,06:36:00,243.5,2.0,487,216.0,2.1,454,25360,16180,32.4,160.0
Station_01,Inv_00,20170709,06:37:00,189.0,2.0,378,216.0,1.8,389,25360,16180,32.7,163.0
Station_01,Inv_00,20170709,06:38:00,167.5,2.2,369,216.0,1.6,346,25360,16180,32.9,166.0
Station_01,Inv_00,20170709,06:39:00,222.5,2.2,490,216.0,2.1,454,25360,16180,32.9,169.0
Station_01,Inv_00,20170709,06:40:00,236.0,2.1,496,216.0,2.3,497,25360,16180,33.0,172.0
Station_01,Inv_00,20170709,06:41:00,238.0,2.3,547,216.0,2.3,497,25360,16180,33.4,175.0
Station_01,Inv_00,20170709,06:42:00,242.4,2.3,558,217.0,2.4,521,25360,16180,33.4,178.0
Station_01,Inv_00,20170709,06:43:00,236.0,2.4,566,216.0,2.4,518,25360,16180,33.6,180.0
Station_01,Inv_00,20170709,06:44:00,240.0,2.4,576,218.0,2.5,545,25360,16180,33.7,181.0
Station_01,Inv_00,20170709,06:45:00,244.5,2.4,587,218.0,2.5,545,25360,16180,34.1,182.0
Station_01,Inv_00,20170709,06:46:00,239.0,2.4,574,217.0,2.5,543,25360,16180,34.0,185.0
Station_01,Inv_00,20170709,06:47:00,245.4,2.4,589,217.0,2.5,543,25360,16180,34.1,187.0
Station_01,Inv_00,20170709,06:48:00,243.5,2.4,584,216.0,2.6,562,25360,16180,34.4,190.0
Station_01,Inv_00,20170709,06:49:00,242.5,2.6,631,216.0,2.6,562,25360,16180,34.4,193.0
Station_01,Inv_00,20170709,06:50:01,246.5,2.5,616,217.0,2.7,586,25360,16180,34.4,197.0
Station_01,Inv_00,20170709,06:51:00,244.5,2.6,636,217.0,2.8,608,25360,16180,34.9,199.0
Station_01,Inv_00,20170709,06:52:00,242.0,2.7,653,217.0,2.8,608,25360,16180,35.2,202.0
Station_01,Inv_00,20170709,06:53:00,239.0,2.8,669,217.0,2.9,629,25360,16180,34.8,204.0
Station_01,Inv_00,20170709,06:54:01,238.9,2.8,669,218.0,2.9,632,25360,16180,35.4,206.0
Station_01,Inv_00,20170709,06:55:00,239.0,2.8,669,218.0,3.0,654,25360,16180,35.1,207.0
Station_01,Inv_00,20170709,06:56:00,241.0,2.8,675,216.0,3.0,648,25360,16180,35.4,209.0
Station_01,Inv_00,20170709,06:57:00,243.9,2.8,683,217.0,3.0,651,25360,16180,35.6,210.0
Station_01,Inv_00,20170709,06:58:01,240.9,2.9,699,217.0,3.0,651,25360,16180,35.7,212.0
Station_01,Inv_00,20170709,06:59:00,245.5,2.7,663,217.0,3.1,673,25360,16180,35.9,212.0
Station_01,Inv_00,20170709,07:00:00,239.0,2.9,693,217.0,3.0,651,25360,16180,36.1,210.0
Station_01,Inv_00,20170709,07:01:00,239.0,2.8,669,216.0,2.9,626,25360,16180,35.8,208.0
Station_01,Inv_00,20170709,07:02:00,240.9,2.8,674,216.0,3.0,648,25360,16180,36.0,205.0
Station_01,Inv_00,20170709,07:03:00,244.9,2.7,661,218.0,2.9,632,25360,16180,36.0,204.0
Station_01,Inv_00,20170709,07:04:00,239.9,2.8,672,218.0,2.9,632,25360,16180,36.0,203.0
Station_01,Inv_00,20170709,07:05:00,238.9,2.7,645,216.0,2.9,626,25360,16180,36.2,201.0
Station_01,Inv_00,20170709,07:06:00,243.0,2.6,632,217.0,3.0,651,25360,16180,36.0,204.0
Station_01,Inv_00,20170709,07:07:00,241.0,2.8,675,217.0,2.9,629,25360,16180,36.2,205.0
Station_01,Inv_00,20170709,07:08:00,241.0,2.9,699,217.0,3.0,651,25360,16180,35.9,209.0
Station_01,Inv_00,20170709,07:09:00,240.5,2.9,697,217.0,3.1,673,25360,16180,36.2,212.0
Station_01,Inv_00,20170709,07:10:00,239.0,3.0,717,217.0,3.1,673,25360,16180,36.0,216.0
Station_01,Inv_00,20170709,07:11:00,239.0,3.1,741,217.0,3.1,673,25360,16180,36.3,220.0
Station_01,Inv_00,20170709,07:12:00,241.5,3.1,749,217.0,3.3,716,25360,16180,36.2,225.0
Station_01,Inv_00,20170709,07:13:00,231.4,3.3,764,216.0,3.3,713,25360,16180,36.5,230.0
Station_01,Inv_00,20170709,07:14:00,243.0,3.3,802,217.0,3.4,738,25360,16180,36.8,233.0
Station_01,Inv_00,20170709,07:15:01,238.5,3.2,763,217.0,3.5,760,25360,16180,36.9,237.0
Station_01,Inv_00,20170709,07:16:00,241.9,3.4,823,217.0,3.6,781,25360,16180,37.0,239.0
Station_01,Inv_00,20170709,07:17:00,242.0,3.5,847,216.0,3.6,778,25360,16180,37.1,247.0
Station_01,Inv_00,20170709,07:18:00,241.5,3.5,845,218.0,3.6,785,25360,16180,37.2,249.0
Station_01,Inv_00,20170709,07:19:00,233.0,3.4,792,217.0,3.6,781,25360,16180,37.3,248.0
Station_01,Inv_00,20170709,07:20:00,242.0,3.5,847,218.0,3.6,785,25360,16180,37.5,248.0
Station_01,Inv_00,20170709,07:21:00,241.5,3.4,821,217.0,3.7,803,25360,16180,37.7,252.0
Station_01,Inv_00,20170709,07:22:00,231.5,3.6,833,217.0,3.6,781,25360,16180,37.6,253.0
Station_01,Inv_00,20170709,07:23:00,236.4,3.7,875,218.0,3.7,807,25360,16180,37.4,257.0
Station_01,Inv_00,20170709,07:24:00,231.4,3.9,902,217.0,3.9,846,25360,16180,37.4,264.0
Station_01,Inv_00,20170709,07:25:00,242.5,3.9,946,218.0,4.0,872,25360,16180,37.9,272.0
Station_01,Inv_00,20170709,07:26:00,238.9,4.0,956,218.0,4.0,872,25360,16180,37.6,275.0
Station_01,Inv_00,20170709,07:27:00,237.5,4.1,974,218.0,4.2,916,25360,16180,37.8,289.0
Station_01,Inv_00,20170709,07:28:00,242.0,4.1,992,218.0,4.2,916,25360,16180,38.4,294.0
Station_01,Inv_00,20170709,07:29:00,237.0,4.5,1066,218.0,4.4,959,25360,16180,38.9,303.0
Station_01,Inv_00,20170709,07:30:00,242.0,4.5,1089,218.0,4.6,1003,25360,16180,38.6,316.0
Station_01,Inv_00,20170709,07:31:01,246.0,4.6,1132,218.0,4.9,1068,25360,16180,38.9,329.0
Station_01,Inv_00,20170709,07:32:00,236.5,5.0,1183,217.0,5.0,1085,25360,16180,39.5,335.0
Station_01,Inv_00,20170709,07:33:00,243.9,4.9,1195,217.0,5.2,1128,25360,16180,39.5,351.0
Station_01,Inv_00,20170709,07:34:00,241.5,4.9,1183,216.0,5.0,1080,25360,16180,40.0,339.0
Station_01,Inv_00,20170709,07:35:00,240.0,5.0,1200,216.0,5.2,1123,25360,16180,39.8,347.0
Station_01,Inv_00,20170709,07:36:00,245.0,5.1,1249,217.0,5.5,1194,25360,16180,40.9,364.0
Station_01,Inv_00,20170709,07:37:00,239.5,5.4,1293,216.0,5.5,1188,25360,16180,41.4,366.0
Station_01,Inv_00,20170709,07:38:00,239.9,5.4,1295,216.0,5.6,1210,25361,16180,41.6,373.0
Station_01,Inv_00,20170709,07:39:00,240.4,5.6,1346,216.0,5.7,1231,25361,16180,41.8,379.0
Station_01,Inv_00,20170709,07:40:00,238.5,5.6,1336,218.0,5.8,1264,25361,16180,41.8,387.0
Station_01,Inv_00,20170709,07:41:00,241.5,5.7,1376,218.0,5.8,1264,25361,16180,42.2,389.0
Station_01,Inv_00,20170709,07:42:00,242.5,5.5,1334,217.0,5.8,1259,25361,16180,42.6,388.0
Station_01,Inv_00,20170709,07:43:00,236.0,5.5,1298,217.0,5.6,1215,25361,16180,42.4,378.0
Station_01,Inv_00,20170709,07:44:00,235.5,5.6,1319,217.0,5.8,1259,25361,16180,43.4,385.0
Station_01,Inv_00,20170709,07:45:00,239.9,5.6,1343,217.0,5.9,1280,25361,16180,43.5,392.0
Station_01,Inv_00,20170709,07:46:00,229.5,6.0,1377,217.0,5.9,1280,25361,16180,43.5,396.0
Station_01,Inv_00,20170709,07:47:00,233.5,5.9,1378,217.0,6.0,1302,25361,16180,43.1,399.0
Station_01,Inv_00,20170709,07:48:00,232.0,6.1,1415,217.0,6.1,1324,25361,16180,43.8,408.0
Station_01,Inv_00,20170709,07:49:00,233.5,6.2,1447,217.0,6.3,1367,25361,16180,43.7,418.0
Station_01,Inv_00,20170709,07:50:00,230.5,6.3,1452,218.0,6.2,1352,25361,16180,44.1,420.0
Station_01,Inv_00,20170709,07:51:00,238.9,6.0,1433,218.0,6.2,1352,25361,16180,44.6,414.0
Station_01,Inv_00,20170709,07:52:00,239.0,6.2,1482,217.0,6.3,1367,25361,16180,45.3,416.0
Station_01,Inv_00,20170709,07:53:00,229.0,6.5,1488,218.0,6.3,1373,25361,16180,44.7,424.0
Station_01,Inv_00,20170709,07:54:00,228.5,6.4,1462,217.0,6.4,1389,25361,16180,45.7,427.0
Station_01,Inv_00,20170709,07:55:01,226.5,6.5,1472,217.0,6.3,1367,25361,16180,45.4,428.0
Station_01,Inv_00,20170709,07:56:00,227.5,6.3,1433,217.0,6.3,1367,25361,16180,45.4,423.0
Station_01,Inv_00,20170709,07:57:00,228.0,6.3,1436,217.0,6.3,1367,25361,16180,45.8,422.0
Station_01,Inv_00,20170709,07:58:00,227.5,6.5,1479,217.0,6.4,1389,25361,16180,45.7,426.0
Station_01,Inv_00,20170709,07:59:00,227.0,6.5,1475,217.0,6.4,1389,25361,16180,46.5,431.0
Station_01,Inv_00,20170709,08:00:00,227.5,6.7,1524,218.0,6.5,1417,25361,16180,45.5,438.0
Station_01,Inv_00,20170709,08:01:00,227.0,6.9,1566,218.0,6.7,1461,25361,16180,46.2,452.0
Station_01,Inv_00,20170709,08:02:00,227.0,6.9,1566,217.0,6.8,1476,25361,16180,46.8,453.0
Station_01,Inv_00,20170709,08:03:00,233.5,6.9,1611,217.0,7.1,1541,25361,16180,47.4,461.0
Station_01,Inv_00,20170709,08:04:00,231.5,7.1,1644,217.0,7.2,1562,25361,16180,47.8,469.0
Station_01,Inv_00,20170709,08:05:00,224.5,7.2,1616,217.0,7.0,1519,25361,16180,48.5,470.0
Station_01,Inv_00,20170709,08:06:00,224.9,7.0,1575,218.0,6.9,1504,25361,16180,48.9,463.0
Station_01,Inv_00,20170709,08:07:00,225.5,7.1,1601,217.0,7.0,1519,25361,16180,48.2,465.0
Station_01,Inv_00,20170709,08:08:01,223.5,7.5,1676,217.0,7.4,1606,25361,16180,47.6,488.0
Station_01,Inv_00,20170709,08:09:00,224.5,7.7,1729,217.0,7.4,1606,25361,16180,48.1,495.0
Station_01,Inv_00,20170709,08:10:00,224.5,7.5,1684,217.0,7.3,1584,25361,16180,48.4,491.0
Station_01,Inv_00,20170709,08:11:00,230.0,7.4,1702,220.0,7.3,1606,25361,16180,48.1,486.0
Station_01,Inv_00,20170709,08:12:00,222.5,7.7,1713,220.0,7.2,1584,25361,16180,48.3,488.0
Station_01,Inv_00,20170709,08:13:00,224.5,7.7,1729,219.0,7.3,1599,25361,16180,47.9,495.0
Station_01,Inv_00,20170709,08:14:00,210.0,7.8,1638,219.0,7.1,1555,25361,16180,48.8,495.0
Station_01,Inv_00,20170709,08:15:00,209.5,8.1,1697,220.0,7.3,1606,25361,16180,48.7,529.0
Station_01,Inv_00,20170709,08:16:00,222.0,8.1,1798,219.0,7.7,1686,25361,16180,49.0,523.0
Station_01,Inv_00,20170709,08:17:00,233.0,7.7,1794,219.0,7.7,1686,25362,16181,49.6,512.0
Station_01,Inv_00,20170709,08:18:00,229.5,7.9,1813,220.0,7.7,1694,25362,16181,49.5,518.0
Station_01,Inv_00,20170709,08:19:00,233.0,8.1,1887,220.0,8.1,1782,25362,16181,50.1,535.0
Station_01,Inv_00,20170709,08:20:00,230.0,8.2,1886,220.0,8.1,1782,25362,16181,50.7,540.0
Station_01,Inv_00,20170709,08:21:00,221.0,8.5,1878,220.0,8.0,1760,25362,16181,51.1,536.0
Station_01,Inv_00,20170709,08:22:00,222.0,8.4,1865,220.0,8.0,1760,25362,16181,50.3,543.0
Station_01,Inv_00,20170709,08:23:00,221.5,8.4,1861,220.0,7.9,1738,25362,16181,50.7,540.0
Station_01,Inv_00,20170709,08:24:00,221.5,8.3,1839,220.0,7.9,1738,25362,16181,50.4,540.0
Station_01,Inv_00,20170709,08:25:00,221.5,8.3,1838,220.0,7.9,1738,25362,16181,49.2,541.0
Station_01,Inv_00,20170709,08:26:00,197.0,8.4,1655,219.0,7.1,1555,25362,16181,50.3,533.0
Station_01,Inv_00,20170709,08:27:00,192.5,8.5,1636,219.0,7.1,1555,25362,16181,49.4,540.0
Station_01,Inv_00,20170709,08:28:00,190.0,8.5,1615,219.0,6.9,1511,25362,16181,49.9,538.0
Station_01,Inv_00,20170709,08:29:00,189.5,8.5,1611,218.0,7.0,1526,25362,16181,50.0,538.0
Station_01,Inv_00,20170709,08:30:00,189.5,8.7,1649,217.0,7.1,1541,25362,16181,49.9,544.0
Station_01,Inv_00,20170709,08:31:00,190.0,8.6,1634,218.0,7.0,1526,25362,16181,50.5,540.0
Station_01,Inv_00,20170709,08:32:01,190.0,8.8,1672,217.0,7.2,1562,25362,16181,49.7,552.0
Station_01,Inv_00,20170709,08:33:00,190.0,8.9,1691,218.0,7.2,1570,25362,16181,49.3,558.0
Station_01,Inv_00,20170709,08:34:00,191.0,8.9,1700,218.0,7.2,1570,25362,16181,48.9,554.0
Station_01,Inv_00,20170709,08:35:00,203.4,9.0,1831,218.0,7.8,1700,25362,16181,50.3,562.0
Station_01,Inv_00,20170709,08:36:00,229.0,8.5,1946,218.0,8.4,1831,25362,16181,49.9,562.0
Station_01,Inv_00,20170709,08:37:00,227.5,8.7,1979,218.0,8.7,1897,25362,16181,50.5,571.0
Station_01,Inv_00,20170709,08:38:00,225.5,9.0,2029,219.0,8.7,1905,25362,16181,50.9,581.0
Station_01,Inv_00,20170709,08:39:00,231.0,8.7,2010,219.0,8.6,1883,25362,16181,50.1,577.0
Station_01,Inv_00,20170709,08:40:00,218.5,9.1,1988,219.0,8.6,1883,25362,16181,50.0,580.0
Station_01,Inv_00,20170709,08:41:00,218.5,9.1,1988,219.0,8.7,1905,25362,16181,51.0,583.0
Station_01,Inv_00,20170709,08:42:00,219.0,9.2,2015,218.0,8.7,1897,25362,16181,51.6,586.0
Station_01,Inv_00,20170709,08:43:00,227.4,9.0,2047,218.0,8.9,1940,25362,16181,52.6,588.0
Station_01,Inv_00,20170709,08:44:00,212.5,9.4,1997,219.0,8.6,1883,25362,16181,52.6,591.0
Station_01,Inv_00,20170709,08:45:00,211.5,9.3,1967,219.0,8.4,1840,25362,16181,52.3,585.0
Station_01,Inv_00,20170709,08:46:00,211.5,9.5,2009,218.0,8.6,1875,25362,16181,52.7,593.0
Station_01,Inv_00,20170709,08:47:00,211.0,9.4,1983,218.0,8.6,1875,25362,16181,52.6,598.0
Station_01,Inv_00,20170709,08:48:00,211.5,9.5,2009,218.0,8.7,1897,25362,16181,51.4,596.0
Station_01,Inv_00,20170709,08:49:00,211.5,9.4,1988,218.0,8.7,1897,25362,16181,52.0,596.0
Station_01,Inv_00,20170709,08:50:00,205.5,9.7,1993,219.0,8.5,1862,25363,16182,51.2,599.0
Station_01,Inv_00,20170709,08:51:00,206.5,9.6,1982,219.0,8.6,1883,25363,16182,49.9,609.0
Station_01,Inv_00,20170709,08:52:00,205.5,9.7,1993,218.0,8.6,1875,25363,16182,51.5,603.0
Station_01,Inv_00,20170709,08:53:00,207.5,9.9,2054,218.0,8.8,1918,25363,16182,50.6,616.0
Station_01,Inv_00,20170709,08:54:00,206.0,9.7,1998,218.0,8.7,1897,25363,16182,50.7,607.0
Station_01,Inv_00,20170709,08:55:00,214.0,9.9,2118,218.0,9.2,2006,25363,16182,50.2,627.0
Station_01,Inv_00,20170709,08:56:00,211.0,9.9,2089,218.0,9.0,1962,25363,16182,50.6,621.0
Station_01,Inv_00,20170709,08:57:00,211.0,9.7,2047,218.0,8.8,1918,25363,16182,49.9,606.0
Station_01,Inv_00,20170709,08:58:00,211.0,9.9,2089,218.0,9.2,2006,25363,16182,51.2,629.0
Station_01,Inv_00,20170709,08:59:00,212.0,9.8,2078,220.0,8.8,1936,25363,16182,50.5,618.0
Station_01,Inv_00,20170709,09:00:01,212.0,10.0,2120,220.0,9.1,2002,25363,16182,50.1,625.0
Station_01,Inv_00,20170709,09:01:00,211.0,10.4,2194,218.0,9.4,2049,25363,16182,50.4,646.0
Station_01,Inv_00,20170709,09:02:00,229.4,10.0,2295,218.0,9.9,2158,25363,16182,51.1,653.0
Station_01,Inv_00,20170709,09:03:00,225.5,10.3,2323,218.0,10.1,2202,25363,16182,51.8,668.0
Station_01,Inv_00,20170709,09:04:00,227.5,10.3,2343,218.0,10.1,2202,25363,16182,52.2,675.0
Station_01,Inv_00,20170709,09:05:00,224.0,10.3,2307,220.0,9.9,2178,25363,16182,51.4,659.0
Station_01,Inv_00,20170709,09:06:00,224.5,10.5,2357,220.0,10.0,2200,25363,16182,51.3,670.0
Station_01,Inv_00,20170709,09:07:00,224.5,10.5,2357,221.0,10.1,2232,25363,16182,51.8,671.0
Station_01,Inv_00,20170709,09:08:00,222.0,10.7,2375,220.0,10.1,2222,25363,16182,52.8,677.0
Station_01,Inv_00,20170709,09:09:00,223.5,10.7,2391,220.0,10.3,2266,25363,16182,52.4,691.0
Station_01,Inv_00,20170709,09:10:00,225.5,10.7,2413,220.0,10.3,2266,25363,16182,51.9,699.0
Station_01,Inv_00,20170709,09:11:00,226.0,10.6,2396,220.0,10.3,2266,25363,16182,52.3,689.0
Station_01,Inv_00,20170709,09:12:00,221.5,11.1,2459,220.0,10.5,2310,25363,16182,54.4,699.0
Station_01,Inv_00,20170709,09:13:00,226.5,10.7,2424,220.0,10.3,2266,25363,16182,53.7,696.0
Station_01,Inv_00,20170709,09:14:00,222.0,10.9,2420,220.0,10.3,2266,25363,16182,54.0,701.0
Station_01,Inv_00,20170709,09:15:00,220.0,10.9,2398,221.0,10.3,2276,25363,16182,55.2,698.0
Station_01,Inv_00,20170709,09:16:00,209.0,11.2,2341,222.0,10.0,2220,25363,16182,55.1,694.0
Station_01,Inv_00,20170709,09:17:00,210.0,11.3,2373,220.0,10.1,2222,25364,16182,53.1,705.0
Station_01,Inv_00,20170709,09:18:00,208.0,11.5,2392,222.0,10.2,2264,25364,16182,54.1,712.0
Station_01,Inv_00,20170709,09:19:00,209.5,11.9,2493,222.0,10.7,2375,25364,16182,53.7,736.0
Station_01,Inv_00,20170709,09:20:00,223.5,11.5,2570,222.0,10.9,2420,25364,16182,54.1,737.0
Station_01,Inv_00,20170709,09:21:00,224.5,11.3,2537,221.0,10.8,2387,25364,16182,55.2,724.0
Station_01,Inv_00,20170709,09:22:00,223.0,11.3,2520,222.0,10.7,2375,25364,16182,55.7,721.0
Station_01,Inv_00,20170709,09:23:00,216.0,11.7,2527,222.0,10.7,2375,25364,16182,55.2,726.0
Station_01,Inv_00,20170709,09:24:00,223.5,11.2,2503,221.0,10.7,2365,25364,16182,56.3,731.0
Station_01,Inv_00,20170709,09:25:00,206.5,11.7,2416,222.0,10.3,2287,25364,16182,55.8,723.0
Station_01,Inv_00,20170709,09:26:00,202.5,12.1,2450,220.0,10.5,2310,25364,16182,57.4,738.0
Station_01,Inv_00,20170709,09:27:00,203.0,12.5,2538,220.0,10.8,2376,25364,16182,57.8,757.0
Station_01,Inv_00,20170709,09:28:00,203.5,12.4,2523,220.0,10.8,2376,25364,16182,57.9,756.0
Station_01,Inv_00,20170709,09:29:00,208.0,12.1,2517,220.0,10.8,2376,25364,16182,59.8,744.0
Station_01,Inv_00,20170709,09:30:00,221.5,11.7,2592,220.0,11.0,2420,25364,16182,59.7,756.0
Station_01,Inv_00,20170709,09:31:00,217.5,11.9,2588,220.0,11.1,2442,25364,16182,60.5,757.0
Station_01,Inv_00,20170709,09:32:00,216.5,10.8,2338,219.0,10.1,2212,25364,16182,60.7,698.0
Station_01,Inv_00,20170709,09:33:00,219.0,11.1,2431,219.0,10.4,2278,25364,16182,60.2,701.0
Station_01,Inv_00,20170709,09:34:00,216.5,11.6,2511,218.0,10.8,2354,25364,16182,61.1,729.0
Station_01,Inv_00,20170709,09:35:00,215.5,11.8,2543,219.0,10.9,2387,25364,16182,61.8,736.0
Station_01,Inv_00,20170709,09:36:00,213.5,12.3,2626,219.0,11.3,2475,25364,16182,61.3,762.0
Station_01,Inv_00,20170709,09:37:00,213.5,12.1,2583,219.0,11.1,2431,25364,16182,61.9,746.0
Station_01,Inv_00,20170709,09:38:01,216.5,12.1,2620,219.0,11.3,2475,25364,16182,62.0,757.0
Station_01,Inv_00,20170709,09:39:00,214.0,12.4,2653,219.0,11.3,2475,25364,16182,60.7,783.0
Station_01,Inv_00,20170709,09:40:00,219.5,12.5,2744,219.0,11.8,2584,25365,16183,62.2,790.0
Station_01,Inv_00,20170709,09:41:00,218.0,12.3,2681,218.0,11.5,2507,25365,16183,62.8,772.0
Station_01,Inv_00,20170709,09:42:00,219.0,11.9,2606,219.0,11.3,2475,25365,16183,62.0,775.0
Station_01,Inv_00,20170709,09:43:00,217.0,12.3,2669,219.0,11.4,2497,25365,16183,62.2,780.0
Station_01,Inv_00,20170709,09:44:00,204.0,12.9,2632,219.0,11.3,2475,25365,16183,59.6,791.0
Station_01,Inv_00,20170709,09:45:00,197.0,12.3,2423,219.0,10.3,2256,25365,16183,61.5,761.0
Station_01,Inv_00,20170709,09:46:00,196.0,11.8,2313,218.0,9.8,2136,25365,16183,60.1,713.0
Station_01,Inv_00,20170709,09:47:00,191.0,11.8,2254,219.0,9.7,2124,25365,16183,59.6,730.0
Station_01,Inv_00,20170709,09:48:00,191.0,11.7,2235,218.0,9.6,2093,25365,16183,60.1,699.0
Station_01,Inv_00,20170709,09:49:00,190.5,11.9,2267,218.0,9.7,2115,25365,16183,60.7,713.0
Station_01,Inv_00,20170709,09:50:00,184.5,12.8,2362,219.0,10.1,2212,25365,16183,59.4,750.0
Station_01,Inv_00,20170709,09:51:00,209.0,12.5,2613,219.0,11.2,2453,25365,16183,61.3,765.0
Station_01,Inv_00,20170709,09:52:00,206.5,12.7,2622,219.0,11.2,2453,25365,16183,59.2,776.0
Station_01,Inv_00,20170709,09:53:00,214.0,11.7,2504,218.0,10.8,2354,25365,16183,60.6,743.0
Station_01,Inv_00,20170709,09:54:00,219.5,12.3,2700,219.0,11.6,2540,25365,16183,61.2,771.0
Station_01,Inv_00,20170709,09:55:00,214.0,12.2,2610,219.0,11.2,2453,25365,16183,62.0,762.0
Station_01,Inv_00,20170709,09:56:00,214.9,9.5,2042,218.0,9.0,1962,25365,16183,61.9,697.0
Station_01,Inv_00,20170709,09:57:00,216.4,11.2,2424,219.0,10.5,2300,25365,16183,61.3,645.0
Station_01,Inv_00,20170709,09:58:00,209.1,7.9,1652,218.0,8.2,1788,25365,16183,58.8,652.0
Station_01,Inv_00,20170709,09:59:00,222.0,4.0,888,218.0,3.9,850,25365,16183,58.1,280.0
Station_01,Inv_00,20170709,10:00:00,220.0,4.6,1012,218.0,4.2,916,25365,16183,56.2,293.0
Station_01,Inv_00,20170709,10:01:00,223.9,4.9,1097,218.0,4.6,1003,25365,16183,54.8,324.0
Station_01,Inv_00,20170709,10:02:00,218.7,6.7,1465,218.0,6.1,1330,25365,16183,52.8,421.0
Station_01,Inv_00,20170709,10:03:00,219.1,10.9,2388,218.0,10.3,2245,25365,16183,53.0,564.0
Station_01,Inv_00,20170709,10:04:00,220.0,14.4,3168,219.0,13.5,2957,25365,16183,53.8,884.0
Station_01,Inv_00,20170709,10:05:00,221.5,14.4,3189,219.0,13.7,3000,25365,16183,54.7,910.0
Station_01,Inv_00,20170709,10:06:00,219.5,14.6,3204,219.0,13.7,3000,25365,16183,57.5,927.0
Station_01,Inv_00,20170709,10:07:00,218.0,14.1,3074,218.0,13.2,2878,25366,16184,56.6,887.0
Station_01,Inv_00,20170709,10:08:00,215.5,14.6,3146,219.0,13.5,2957,25366,16184,59.5,902.0
Station_01,Inv_00,20170709,10:09:00,214.0,14.6,3124,218.0,13.4,2921,25366,16184,60.3,916.0
Station_01,Inv_00,20170709,10:10:00,214.0,14.2,3039,218.0,13.1,2856,25366,16184,59.8,906.0
Station_01,Inv_00,20170709,10:11:00,217.5,14.0,3045,218.0,13.1,2856,25366,16184,60.2,895.0
Station_01,Inv_00,20170709,10:12:00,213.0,14.1,3003,218.0,12.9,2812,25366,16184,62.9,886.0
Station_01,Inv_00,20170709,10:13:00,209.0,14.9,3114,218.0,13.4,2921,25366,16184,63.0,916.0
Station_01,Inv_00,20170709,10:14:00,208.0,15.2,3162,219.0,13.5,2957,25366,16184,63.6,935.0
Station_01,Inv_00,20170709,10:15:00,210.5,15.3,3221,219.0,13.9,3044,25366,16184,63.6,964.0
Station_01,Inv_00,20170709,10:16:00,209.5,14.8,3101,219.0,13.4,2935,25366,16184,66.2,946.0
Station_01,Inv_00,20170709,10:17:00,211.4,14.3,3023,218.0,13.0,2834,25366,16184,66.0,916.0
Station_01,Inv_00,20170709,10:18:00,210.5,14.8,3115,217.0,13.4,2908,25366,16184,65.2,930.0
Station_01,Inv_00,20170709,10:19:00,212.5,14.1,2996,217.0,12.9,2799,25366,16184,64.9,913.0
Station_01,Inv_00,20170709,10:20:00,211.0,13.5,2848,217.0,12.4,2691,25366,16184,63.6,865.0
Station_01,Inv_00,20170709,10:21:00,209.0,13.1,2738,220.0,12.0,2640,25366,16184,63.3,873.0
Station_01,Inv_00,20170709,10:22:00,214.4,4.0,858,218.0,3.9,850,25366,16184,60.8,283.0
Station_01,Inv_00,20170709,10:23:00,216.1,4.5,973,218.0,4.1,894,25366,16184,58.8,347.0
Station_01,Inv_00,20170709,10:24:00,222.0,4.4,977,218.0,4.2,916,25366,16184,55.3,302.0
Station_01,Inv_00,20170709,10:25:00,219.5,5.4,1185,219.0,4.9,1073,25366,16184,55.3,330.0
Station_01,Inv_00,20170709,10:26:00,217.5,15.4,3350,221.0,14.3,3160,25366,16184,55.6,876.0
Station_01,Inv_00,20170709,10:27:00,218.0,5.5,1199,219.0,5.1,1117,25366,16184,54.8,462.0
Station_01,Inv_00,20170709,10:28:00,223.0,8.8,1962,219.0,8.2,1796,25366,16184,53.6,454.0
Station_01,Inv_00,20170709,10:29:00,202.5,6.2,1256,218.0,7.4,1613,25366,16184,55.2,716.0
Station_01,Inv_00,20170709,10:30:00,225.5,4.8,1082,219.0,4.6,1007,25366,16184,52.6,331.0
Station_01,Inv_00,20170709,10:31:00,224.0,5.0,1120,220.0,4.8,1056,25367,16184,52.2,336.0
Station_01,Inv_00,20170709,10:32:00,226.0,5.6,1266,219.0,5.3,1161,25367,16184,51.6,360.0
Station_01,Inv_00,20170709,10:33:00,224.5,6.6,1482,219.0,6.4,1402,25367,16184,50.8,452.0
Station_01,Inv_00,20170709,10:34:00,231.0,10.5,2426,220.0,10.1,2222,25367,16184,49.6,548.0
Station_01,Inv_00,20170709,10:35:00,222.5,14.0,3115,220.0,13.4,2948,25367,16184,53.8,880.0
Station_01,Inv_00,20170709,10:36:00,222.5,13.4,2982,219.0,13.0,2847,25367,16184,56.3,890.0
Station_01,Inv_00,20170709,10:37:00,223.5,14.0,3129,220.0,13.3,2926,25367,16184,57.4,883.0
Station_01,Inv_00,20170709,10:38:00,222.7,6.9,1537,219.0,7.3,1599,25367,16184,57.7,549.0
Station_01,Inv_00,20170709,10:39:00,220.0,6.3,1386,219.0,5.9,1292,25367,16184,56.8,398.0
Station_01,Inv_00,20170709,10:40:00,219.5,11.0,2414,219.0,10.2,2234,25367,16184,57.9,620.0
Station_01,Inv_00,20170709,10:41:00,215.5,6.4,1379,219.0,6.0,1314,25367,16184,58.4,538.0
Station_01,Inv_00,20170709,10:42:00,228.0,5.0,1140,218.0,4.9,1068,25367,16184,55.6,345.0
Station_01,Inv_00,20170709,10:43:00,212.0,9.1,1929,220.0,8.1,1782,25367,16184,54.0,492.0
Station_01,Inv_00,20170709,10:44:00,209.5,10.5,2199,220.0,9.3,2046,25367,16184,55.9,660.0
Station_01,Inv_00,20170709,10:45:00,222.4,11.6,2580,219.0,11.1,2431,25367,16184,56.9,740.0
Station_01,Inv_00,20170709,10:46:00,221.0,11.0,2431,220.0,10.4,2288,25367,16184,56.0,704.0
Station_01,Inv_00,20170709,10:47:00,212.0,12.1,2565,220.0,10.9,2398,25367,16184,55.7,732.0
Station_01,Inv_00,20170709,10:48:00,221.5,12.3,2724,220.0,11.6,2552,25367,16184,57.8,775.0
Station_01,Inv_00,20170709,10:49:00,218.0,12.9,2812,219.0,12.1,2650,25367,16184,59.0,807.0
Station_01,Inv_00,20170709,10:50:00,215.5,12.5,2694,220.0,11.5,2530,25367,16184,60.0,784.0
Station_01,Inv_00,20170709,10:51:00,218.0,11.1,2420,218.0,10.6,2311,25367,16184,60.8,721.0
Station_01,Inv_00,20170709,10:52:00,220.5,11.3,2492,218.0,10.7,2333,25367,16184,60.7,717.0
Station_01,Inv_00,20170709,10:53:00,220.0,11.4,2508,218.0,10.8,2354,25367,16184,58.9,725.0
Station_01,Inv_00,20170709,10:54:00,216.5,12.0,2598,219.0,11.3,2475,25367,16184,59.3,746.0
Station_01,Inv_00,20170709,10:55:00,222.0,11.4,2531,218.0,10.9,2376,25367,16184,58.8,730.0
Station_01,Inv_00,20170709,10:56:00,221.0,11.2,2475,219.0,10.7,2343,25367,16184,59.0,722.0
Station_01,Inv_00,20170709,10:57:00,219.0,12.5,2738,218.0,11.8,2572,25367,16184,57.8,771.0
Station_01,Inv_00,20170709,10:58:00,219.9,12.8,2815,219.0,12.1,2650,25368,16185,58.1,814.0
Station_01,Inv_00,20170709,10:59:00,212.5,13.8,2933,218.0,12.6,2747,25368,16185,56.1,846.0
Station_01,Inv_00,20170709,11:00:00,218.0,13.5,2943,218.0,12.7,2769,25368,16185,57.9,838.0
Station_01,Inv_00,20170709,11:01:00,216.5,13.7,2966,218.0,12.8,2790,25368,16185,58.2,874.0
Station_01,Inv_00,20170709,11:02:00,218.5,11.3,2469,218.0,10.8,2354,25368,16185,58.8,731.0
Station_01,Inv_00,20170709,11:03:00,221.0,11.3,2497,218.0,10.8,2354,25368,16185,57.9,718.0
Station_01,Inv_00,20170709,11:04:00,213.5,12.8,2733,219.0,11.7,2562,25368,16185,57.3,768.0
Station_01,Inv_00,20170709,11:05:00,214.0,14.0,2996,219.0,12.8,2803,25368,16185,57.3,863.0
Station_01,Inv_00,20170709,11:06:00,217.5,14.1,3067,219.0,13.1,2869,25368,16185,58.2,881.0
Station_01,Inv_00,20170709,11:07:00,213.0,14.0,2981,220.0,12.8,2816,25368,16185,56.9,871.0
Station_01,Inv_00,20170709,11:08:00,215.5,13.1,2823,219.0,12.1,2650,25368,16185,58.5,830.0
Station_01,Inv_00,20170709,11:09:00,208.5,13.5,2815,218.0,12.1,2638,25368,16185,58.1,817.0
Station_01,Inv_00,20170709,11:10:00,217.5,12.1,2632,218.0,11.4,2485,25368,16185,59.2,784.0
Station_01,Inv_00,20170709,11:11:00,217.0,11.8,2560,218.0,11.1,2420,25368,16185,59.6,748.0
Station_01,Inv_00,20170709,11:12:00,214.0,11.3,2418,218.0,10.5,2289,25368,16185,60.1,723.0
Station_01,Inv_00,20170709,11:13:00,217.3,10.5,2282,219.0,9.5,2081,25368,16185,59.6,620.0
Station_01,Inv_00,20170709,11:14:00,223.0,6.8,1516,218.0,6.4,1395,25368,16185,59.2,450.0
Station_01,Inv_00,20170709,11:15:00,215.0,7.1,1526,218.0,6.7,1461,25368,16185,58.0,476.0
Station_01,Inv_00,20170709,11:16:00,219.4,7.8,1712,219.0,7.2,1577,25368,16185,58.0,546.0
Station_01,Inv_00,20170709,11:17:00,227.3,8.0,1818,219.0,7.9,1730,25368,16185,56.9,529.0
Station_01,Inv_00,20170709,11:18:00,227.4,8.8,2001,219.0,8.6,1883,25368,16185,55.5,619.0
Station_01,Inv_00,20170709,11:19:00,221.9,9.5,2108,219.0,9.1,1993,25368,16185,54.6,640.0
Station_01,Inv_00,20170709,11:20:00,213.0,8.6,1832,219.0,7.6,1664,25368,16185,53.6,508.0
Station_01,Inv_00,20170709,11:21:00,216.9,13.1,2842,219.0,12.2,2672,25368,16185,55.2,769.0
Station_01,Inv_00,20170709,11:22:00,222.0,12.4,2752,219.0,11.8,2584,25369,16185,56.8,797.0
Station_01,Inv_00,20170709,11:23:00,219.0,12.6,2759,218.0,11.9,2594,25369,16185,58.4,805.0
Station_01,Inv_00,20170709,11:24:00,218.9,12.8,2802,218.0,12.1,2638,25369,16185,58.5,820.0
Station_01,Inv_00,20170709,11:25:00,218.5,11.6,2534,219.0,10.9,2387,25369,16185,58.9,752.0
Station_01,Inv_00,20170709,11:26:00,218.0,10.6,2311,218.0,10.0,2180,25369,16185,59.6,693.0
Station_01,Inv_00,20170709,11:27:00,218.0,11.9,2594,219.0,11.2,2453,25369,16185,58.4,753.0
Station_01,Inv_00,20170709,11:28:00,218.0,12.5,2725,218.0,11.8,2572,25369,16185,57.3,781.0
Station_01,Inv_00,20170709,11:29:00,213.0,12.7,2705,218.0,11.6,2529,25369,16185,57.2,789.0
Station_01,Inv_00,20170709,11:30:00,219.5,12.5,2744,218.0,11.8,2572,25369,16185,57.5,794.0
Station_01,Inv_00,20170709,11:31:00,208.5,13.1,2731,218.0,11.8,2572,25369,16185,57.1,800.0
Station_01,Inv_00,20170709,11:32:00,216.5,12.6,2728,218.0,11.8,2572,25369,16185,57.5,789.0
Station_01,Inv_00,20170709,11:33:00,217.5,12.7,2762,218.0,12.0,2616,25369,16185,57.9,802.0
Station_01,Inv_00,20170709,11:34:00,207.5,13.5,2801,218.0,12.1,2638,25369,16185,58.4,823.0
Station_01,Inv_00,20170709,11:35:00,217.0,12.8,2777,218.0,11.9,2594,25369,16185,59.2,818.0
Station_01,Inv_00,20170709,11:36:00,215.5,12.8,2758,218.0,11.9,2594,25369,16185,60.2,819.0
Station_01,Inv_00,20170709,11:37:00,207.0,7.9,1635,218.0,7.2,1570,25369,16185,61.1,664.0
Station_01,Inv_00,20170709,11:38:00,220.5,7.4,1632,218.0,6.9,1504,25369,16185,60.5,470.0
Station_01,Inv_00,20170709,11:39:00,220.4,9.4,2072,219.0,8.9,1949,25369,16185,61.0,596.0
Station_01,Inv_00,20170709,11:40:00,220.0,7.3,1606,218.0,7.0,1526,25369,16185,59.3,481.0
Station_01,Inv_00,20170709,11:41:00,225.5,7.6,1714,218.0,7.4,1613,25369,16185,58.5,493.0
Station_01,Inv_00,20170709,11:42:00,226.0,7.7,1740,218.0,7.6,1657,25369,16185,56.7,503.0
Station_01,Inv_00,20170709,11:43:00,226.5,8.0,1812,218.0,7.7,1679,25369,16185,54.9,504.0
Station_01,Inv_00,20170709,11:44:00,221.5,14.0,3101,219.0,13.3,2913,25369,16185,56.6,860.0
Station_01,Inv_00,20170709,11:45:00,215.0,13.7,2945,219.0,12.7,2781,25369,16185,57.1,928.0
Station_01,Inv_00,20170709,11:46:00,216.0,14.3,3089,219.0,13.3,2913,25370,16186,58.5,923.0
Station_01,Inv_00,20170709,11:47:00,218.0,14.4,3139,218.0,13.5,2943,25370,16186,60.5,916.0
Station_01,Inv_00,20170709,11:48:00,216.5,8.2,1775,218.0,7.7,1679,25370,16186,60.4,713.0
Station_01,Inv_00,20170709,11:49:00,219.5,13.5,2963,219.0,12.7,2781,25370,16186,59.6,629.0
Station_01,Inv_00,20170709,11:50:00,205.0,9.7,1988,217.0,8.7,1888,25370,16186,61.0,613.0
Station_01,Inv_00,20170709,11:51:00,215.5,13.7,2952,217.0,12.7,2756,25370,16186,61.7,832.0
Station_01,Inv_00,20170709,11:52:00,217.5,13.5,2936,219.0,12.6,2759,25370,16186,62.4,858.0
Station_01,Inv_00,20170709,11:53:00,211.5,14.3,3024,219.0,12.9,2825,25370,16186,62.3,888.0
Station_01,Inv_00,20170709,11:54:00,214.0,12.3,2632,218.0,11.3,2463,25370,16186,64.0,821.0
Station_01,Inv_00,20170709,11:55:00,217.4,8.0,1740,217.0,7.5,1628,25370,16186,61.7,525.0
Station_01,Inv_00,20170709,11:56:00,216.5,7.8,1689,217.0,7.7,1671,25370,16186,61.9,645.0
Station_01,Inv_00,20170709,11:57:00,219.5,7.4,1624,217.0,7.0,1519,25370,16186,61.0,476.0
Station_01,Inv_00,20170709,11:58:00,216.0,14.0,3024,218.0,13.0,2834,25370,16186,61.7,840.0
Station_01,Inv_00,20170709,11:59:00,211.5,6.6,1396,216.0,6.1,1318,25370,16186,59.1,479.0
Station_01,Inv_00,20170709,12:00:00,217.0,6.7,1454,217.0,6.4,1389,25370,16186,56.8,457.0
Station_01,Inv_00,20170709,12:01:00,219.5,12.9,2832,219.0,11.9,2606,25370,16186,55.5,621.0
Station_01,Inv_00,20170709,12:02:00,222.4,8.4,1868,218.0,7.8,1700,25370,16186,56.4,562.0
Station_01,Inv_00,20170709,12:03:00,219.4,14.3,3138,218.0,13.6,2965,25370,16186,57.0,912.0
Station_01,Inv_00,20170709,12:04:00,216.0,14.4,3110,218.0,13.4,2921,25370,16186,57.6,901.0
Station_01,Inv_00,20170709,12:05:00,219.5,9.8,2151,217.0,8.4,1823,25370,16186,54.8,443.0
Station_01,Inv_00,20170709,12:06:00,215.4,14.5,3124,218.0,13.4,2921,25370,16186,57.4,845.0
Station_01,Inv_00,20170709,12:07:00,210.5,10.3,2168,218.0,9.7,2115,25370,16186,59.0,841.0
Station_01,Inv_00,20170709,12:08:00,213.0,14.9,3174,218.0,13.6,2965,25370,16186,61.4,911.0
Station_01,Inv_00,20170709,12:09:00,216.0,14.6,3154,218.0,13.6,2965,25370,16186,63.0,933.0
Station_01,Inv_00,20170709,12:10:01,213.5,14.7,3138,219.0,13.4,2935,25371,16187,65.0,925.0
Station_01,Inv_00,20170709,12:11:00,209.5,14.3,2996,219.0,12.9,2825,25371,16187,66.7,905.0
Station_01,Inv_00,20170709,12:12:00,209.0,14.0,2926,219.0,12.5,2738,25371,16187,66.5,864.0
Station_01,Inv_00,20170709,12:13:00,206.5,14.6,3015,219.0,12.8,2803,25371,16187,68.1,893.0
Station_01,Inv_00,20170709,12:14:00,206.5,14.8,3056,218.0,13.0,2834,25371,16187,64.9,829.0
Station_01,Inv_00,20170709,12:15:00,213.0,14.3,3046,220.0,12.9,2838,25371,16187,66.7,911.0
Station_01,Inv_00,20170709,12:16:00,208.5,14.8,3086,218.0,13.3,2899,25371,16187,67.0,914.0
Station_01,Inv_00,20170709,12:17:00,210.0,14.5,3045,218.0,13.0,2834,25371,16187,68.2,912.0
Station_01,Inv_00,20170709,12:18:00,208.0,14.6,3037,218.0,13.0,2834,25371,16187,69.1,905.0
Station_01,Inv_00,20170709,12:19:00,208.0,14.2,2953,219.0,12.7,2781,25371,16187,69.7,895.0
Station_01,Inv_00,20170709,12:20:00,204.5,14.8,3027,218.0,13.0,2834,25371,16187,69.6,912.0
Station_01,Inv_00,20170709,12:21:00,209.5,14.1,2954,219.0,12.7,2781,25371,16187,69.6,896.0
Station_01,Inv_00,20170709,12:22:00,208.5,14.2,2961,219.0,12.6,2759,25371,16187,69.5,887.0
Station_01,Inv_00,20170709,12:23:00,209.4,14.3,2995,219.0,12.9,2825,25371,16187,65.7,903.0
Station_01,Inv_00,20170709,12:24:00,208.0,14.0,2912,219.0,12.4,2716,25371,16187,67.8,892.0
Station_01,Inv_00,20170709,12:25:00,207.0,11.7,2422,219.0,10.7,2343,25371,16187,66.3,834.0
Station_01,Inv_00,20170709,12:26:00,215.5,7.0,1509,218.0,6.4,1395,25371,16187,62.4,463.0
Station_01,Inv_00,20170709,12:27:00,210.5,8.2,1726,218.0,7.4,1613,25371,16187,60.3,487.0
Station_01,Inv_00,20170709,12:28:00,214.5,14.7,3153,218.0,13.4,2921,25371,16187,58.8,843.0
Station_01,Inv_00,20170709,12:29:00,203.0,14.9,3025,218.0,12.9,2812,25371,16187,58.7,873.0
Station_01,Inv_00,20170709,12:30:00,209.0,14.3,2989,218.0,12.9,2812,25371,16187,61.1,869.0
Station_01,Inv_00,20170709,12:31:00,199.0,7.4,1473,217.0,6.4,1389,25372,16187,62.4,689.0
Station_01,Inv_00,20170709,12:32:00,214.5,6.4,1373,217.0,5.9,1280,25372,16187,60.0,410.0
Station_01,Inv_00,20170709,12:33:00,218.0,6.8,1482,217.0,6.3,1367,25372,16187,58.3,422.0
Station_01,Inv_00,20170709,12:34:00,213.4,15.5,3307,218.0,14.2,3096,25372,16187,58.8,941.0
Station_01,Inv_00,20170709,12:35:00,202.0,12.0,2424,218.0,10.8,2354,25372,16187,60.5,917.0
Station_01,Inv_00,20170709,12:36:00,206.5,13.2,2726,218.0,12.2,2660,25372,16187,60.4,824.0
Station_01,Inv_00,20170709,12:37:00,216.9,7.6,1648,219.0,7.0,1533,25372,16187,58.3,514.0
Station_01,Inv_00,20170709,12:38:00,217.5,11.0,2392,219.0,9.9,2168,25372,16187,57.9,660.0
Station_01,Inv_00,20170709,12:39:00,211.0,12.0,2532,219.0,11.0,2409,25372,16187,59.4,817.0
Station_01,Inv_00,20170709,12:40:00,217.5,7.7,1675,218.0,7.3,1591,25372,16187,59.3,541.0
Station_01,Inv_00,20170709,12:41:00,217.5,13.4,2914,219.0,12.4,2716,25372,16187,59.9,797.0
Station_01,Inv_00,20170709,12:42:00,212.5,13.8,2932,219.0,12.5,2738,25372,16187,60.6,859.0
Station_01,Inv_00,20170709,12:43:00,212.0,14.5,3074,219.0,13.1,2869,25372,16187,62.4,900.0
Station_01,Inv_00,20170709,12:44:00,205.0,15.2,3116,219.0,13.3,2913,25372,16187,62.8,919.0
Station_01,Inv_00,20170709,12:45:00,210.0,14.6,3066,218.0,13.3,2899,25372,16187,65.5,920.0
Station_01,Inv_00,20170709,12:46:00,212.0,14.2,3010,219.0,12.9,2825,25372,16187,63.9,840.0
Station_01,Inv_00,20170709,12:47:00,209.0,13.5,2821,218.0,12.2,2660,25372,16187,65.2,849.0
Station_01,Inv_00,20170709,12:48:00,210.5,9.6,2021,219.0,8.7,1905,25372,16187,64.0,614.0
Station_01,Inv_00,20170709,12:49:00,205.4,10.0,2055,219.0,8.7,1905,25372,16187,61.6,620.0
Station_01,Inv_00,20170709,12:50:00,202.0,13.5,2727,220.0,11.7,2574,25372,16187,61.1,814.0
Station_01,Inv_00,20170709,12:51:00,209.0,13.0,2717,220.0,11.7,2574,25372,16187,60.7,804.0
Station_01,Inv_00,20170709,12:52:00,217.0,9.2,1996,218.0,8.7,1897,25372,16187,58.3,581.0
Station_01,Inv_00,20170709,12:53:00,219.5,7.5,1646,217.0,7.1,1541,25372,16187,57.0,517.0
Station_01,Inv_00,20170709,12:54:00,224.0,6.2,1389,218.0,6.1,1330,25372,16187,53.5,416.0
Station_01,Inv_00,20170709,12:55:00,223.5,6.2,1386,218.0,6.1,1330,25372,16187,52.9,407.0
Station_01,Inv_00,20170709,12:56:00,219.5,6.8,1493,216.0,6.5,1404,25372,16187,51.5,460.0
Station_01,Inv_00,20170709,12:57:00,226.9,8.2,1861,217.0,8.2,1779,25373,16188,52.1,498.0
Station_01,Inv_00,20170709,12:58:00,224.0,6.6,1478,217.0,6.3,1367,25373,16188,51.9,426.0
Station_01,Inv_00,20170709,12:59:00,226.5,6.7,1518,218.0,6.4,1395,25373,16188,51.5,430.0
Station_01,Inv_00,20170709,13:00:00,228.5,9.7,2217,219.0,9.6,2102,25373,16188,52.7,587.0
Station_01,Inv_00,20170709,13:01:00,224.0,7.5,1680,217.0,7.1,1541,25373,16188,52.0,449.0
Station_01,Inv_00,20170709,13:02:00,217.5,7.0,1523,217.0,6.5,1411,25373,16188,52.6,478.0
Station_01,Inv_00,20170709,13:03:00,222.5,10.4,2314,217.0,9.8,2127,25373,16188,54.1,615.0
Station_01,Inv_00,20170709,13:04:00,225.0,10.9,2452,218.0,10.5,2289,25373,16188,55.1,584.0
Station_01,Inv_00,20170709,13:05:00,221.5,13.7,3035,218.0,13.1,2856,25373,16188,56.8,836.0
Station_01,Inv_00,20170709,13:06:00,215.0,14.4,3096,217.0,13.4,2908,25373,16188,59.9,876.0
Station_01,Inv_00,20170709,13:07:00,217.5,14.2,3088,220.0,13.2,2904,25373,16188,60.6,884.0
Station_01,Inv_00,20170709,13:08:00,214.0,14.2,3039,220.0,12.9,2838,25373,16188,61.0,883.0
Station_01,Inv_00,20170709,13:09:00,212.0,14.0,2968,220.0,12.7,2794,25373,16188,62.7,868.0
Station_01,Inv_00,20170709,13:10:00,211.5,13.8,2919,220.0,12.4,2728,25373,16188,62.0,825.0
Station_01,Inv_00,20170709,13:11:00,209.5,14.1,2954,220.0,12.6,2772,25373,16188,60.7,864.0
Station_01,Inv_00,20170709,13:12:00,208.0,14.4,2995,220.0,12.8,2816,25373,16188,63.4,871.0
Station_01,Inv_00,20170709,13:13:00,205.0,14.2,2911,220.0,12.4,2728,25373,16188,64.1,861.0
Station_01,Inv_00,20170709,13:14:00,212.0,13.7,2904,220.0,12.4,2728,25373,16188,61.6,856.0
Station_01,Inv_00,20170709,13:15:00,215.5,12.8,2758,220.0,11.8,2596,25373,16188,61.9,810.0
Station_01,Inv_00,20170709,13:16:00,215.4,12.5,2693,219.0,11.6,2540,25373,16188,59.1,790.0
Station_01,Inv_00,20170709,13:17:00,214.5,12.3,2638,220.0,11.3,2486,25373,16188,59.5,778.0
Station_01,Inv_00,20170709,13:18:00,216.9,11.2,2430,221.0,10.4,2298,25373,16188,58.8,716.0
Station_01,Inv_00,20170709,13:19:00,215.5,10.6,2284,220.0,9.8,2156,25373,16188,58.9,659.0
Station_01,Inv_00,20170709,13:20:00,215.5,7.4,1595,219.0,7.1,1555,25373,16188,58.2,472.0
Station_01,Inv_00,20170709,13:21:00,218.0,5.2,1134,219.0,4.9,1073,25373,16188,55.5,349.0
Station_01,Inv_00,20170709,13:22:00,221.0,4.7,1039,220.0,4.5,990,25374,16189,52.9,315.0
Station_01,Inv_00,20170709,13:23:00,225.9,4.6,1039,220.0,4.4,968,25374,16189,50.1,305.0
Station_01,Inv_00,20170709,13:24:00,213.0,4.6,980,220.0,4.2,924,25374,16189,48.7,299.0
Station_01,Inv_00,20170709,13:25:00,227.0,4.4,999,220.0,4.2,924,25374,16189,48.8,291.0
Station_01,Inv_00,20170709,13:26:00,228.5,4.4,1005,220.0,4.2,924,25374,16189,48.2,288.0
Station_01,Inv_00,20170709,13:27:00,227.5,4.4,1001,220.0,4.2,924,25374,16189,48.2,290.0
Station_01,Inv_00,20170709,13:28:00,225.0,4.6,1035,219.0,4.3,942,25374,16189,47.5,293.0
Station_01,Inv_00,20170709,13:29:00,225.9,5.0,1130,219.0,4.8,1051,25374,16189,47.5,312.0
Station_01,Inv_00,20170709,13:30:00,227.5,5.2,1183,219.0,5.0,1095,25374,16189,47.5,327.0
Station_01,Inv_00,20170709,13:31:00,228.4,5.4,1234,219.0,5.1,1117,25374,16189,47.3,345.0
Station_01,Inv_00,20170709,13:32:00,230.0,8.0,1840,220.0,7.6,1672,25374,16189,46.3,413.0
Station_01,Inv_00,20170709,13:33:00,231.5,9.3,2153,220.0,9.3,2046,25374,16189,49.3,585.0
Station_01,Inv_00,20170709,13:34:00,226.5,9.5,2152,220.0,9.3,2046,25374,16189,50.5,597.0
Station_01,Inv_00,20170709,13:35:00,228.0,4.6,1049,219.0,4.5,986,25374,16189,49.9,337.0
Station_01,Inv_00,20170709,13:36:00,226.5,4.2,951,219.0,4.1,898,25374,16189,48.5,276.0
Station_01,Inv_00,20170709,13:37:00,228.5,4.0,914,220.0,3.8,836,25374,16189,48.4,257.0
Station_01,Inv_00,20170709,13:38:00,231.0,3.8,878,220.0,3.8,836,25374,16189,46.8,250.0
Station_01,Inv_00,20170709,13:39:00,232.5,3.6,837,219.0,3.6,788,25374,16189,46.2,237.0
Station_01,Inv_00,20170709,13:40:00,226.0,3.5,791,219.0,3.5,767,25374,16189,45.1,230.0
Station_01,Inv_00,20170709,13:41:00,232.0,3.3,766,219.0,3.4,745,25374,16189,44.3,222.0
Station_01,Inv_00,20170709,13:42:00,227.0,3.4,772,218.0,3.4,741,25374,16189,44.3,217.0
Station_01,Inv_00,20170709,13:43:00,236.0,3.2,755,218.0,3.4,741,25374,16189,43.4,217.0
Station_01,Inv_00,20170709,13:44:00,228.9,3.4,778,219.0,3.4,745,25374,16189,42.7,220.0
Station_01,Inv_00,20170709,13:45:00,212.5,3.6,765,219.0,3.4,745,25374,16189,42.8,234.0
Station_01,Inv_00,20170709,13:46:00,234.0,3.7,866,219.0,3.8,832,25374,16189,42.2,243.0
Station_01,Inv_00,20170709,13:47:00,233.0,3.6,839,219.0,3.7,810,25374,16189,42.3,240.0
Station_01,Inv_00,20170709,13:48:00,232.0,3.6,835,219.0,3.6,788,25374,16189,42.2,231.0
Station_01,Inv_00,20170709,13:49:00,232.0,3.4,789,220.0,3.5,770,25374,16189,42.1,223.0
Station_01,Inv_00,20170709,13:50:00,232.5,3.4,791,220.0,3.4,748,25374,16189,42.0,220.0
Station_01,Inv_00,20170709,13:51:00,233.3,3.4,793,218.0,3.4,741,25374,16189,41.4,219.0
Station_01,Inv_00,20170709,13:52:00,237.5,3.4,808,218.0,3.5,763,25374,16189,41.1,221.0
Station_01,Inv_00,20170709,13:53:00,237.5,3.4,808,219.0,3.6,788,25374,16189,40.9,227.0
Station_01,Inv_00,20170709,13:54:00,231.0,3.6,832,219.0,3.6,788,25374,16189,40.8,233.0
Station_01,Inv_00,20170709,13:55:00,233.5,3.8,887,219.0,3.8,832,25374,16189,40.8,241.0
Station_01,Inv_00,20170709,13:56:00,237.5,3.8,903,219.0,4.0,876,25374,16189,40.9,246.0
Station_01,Inv_00,20170709,13:57:00,235.0,4.4,1034,219.0,4.5,986,25374,16189,40.5,275.0
Station_01,Inv_00,20170709,13:58:00,204.5,4.2,859,219.0,4.1,898,25374,16189,42.2,341.0
Station_01,Inv_00,20170709,13:59:00,218.0,4.2,916,220.0,4.1,902,25374,16189,41.5,302.0
Station_01,Inv_00,20170709,14:00:00,234.8,3.6,845,220.0,3.8,836,25374,16189,41.3,244.0
Station_01,Inv_00,20170709,14:01:00,235.8,3.6,849,219.0,3.6,788,25374,16189,41.6,236.0
Station_01,Inv_00,20170709,14:02:00,231.9,3.6,835,218.0,3.7,807,25374,16189,41.5,234.0
Station_01,Inv_00,20170709,14:03:00,230.9,3.6,831,218.0,3.6,785,25374,16189,41.3,228.0
Station_01,Inv_00,20170709,14:04:00,231.5,3.7,856,219.0,3.7,810,25374,16189,40.8,234.0
Station_01,Inv_00,20170709,14:05:00,239.0,4.1,980,218.0,4.0,872,25374,16189,41.2,256.0
Station_01,Inv_00,20170709,14:06:00,240.0,4.3,1032,219.0,4.5,986,25374,16189,41.3,282.0
Station_01,Inv_00,20170709,14:07:00,240.5,4.5,1082,219.0,4.6,1007,25374,16189,41.9,294.0
Station_01,Inv_00,20170709,14:08:00,241.0,6.7,1615,219.0,6.6,1445,25374,16189,41.6,331.0
Station_01,Inv_00,20170709,14:09:00,237.5,8.8,2090,219.0,9.1,1993,25374,16189,44.6,551.0
Station_01,Inv_00,20170709,14:10:00,235.5,7.1,1672,218.0,7.2,1570,25374,16189,44.9,469.0
Station_01,Inv_00,20170709,14:11:00,233.9,5.9,1380,219.0,5.8,1270,25374,16189,44.5,383.0
Station_01,Inv_00,20170709,14:12:00,234.5,5.9,1384,218.0,6.0,1308,25374,16189,45.4,400.0
Station_01,Inv_00,20170709,14:13:00,231.0,5.4,1247,218.0,5.3,1155,25374,16189,45.0,335.0
Station_01,Inv_00,20170709,14:14:00,231.0,5.4,1247,220.0,5.2,1144,25374,16189,44.8,339.0
Station_01,Inv_00,20170709,14:15:00,230.5,5.2,1199,220.0,5.1,1122,25374,16189,44.4,327.0
Station_01,Inv_00,20170709,14:16:00,232.0,4.8,1114,218.0,4.8,1046,25374,16189,44.9,313.0
Station_01,Inv_00,20170709,14:17:00,235.5,4.5,1060,218.0,4.5,981,25374,16189,44.5,299.0
Station_01,Inv_00,20170709,14:18:00,236.4,4.1,969,218.0,4.1,894,25374,16189,44.5,278.0
Station_01,Inv_00,20170709,14:19:00,232.4,3.8,883,218.0,3.9,850,25375,16189,43.7,253.0
Station_01,Inv_00,20170709,14:20:00,221.0,3.9,862,220.0,3.7,814,25375,16189,43.6,243.0
Station_01,Inv_00,20170709,14:21:00,168.5,3.8,640,220.0,2.9,638,25375,16189,43.3,239.0
Station_01,Inv_00,20170709,14:22:00,195.0,4.0,780,220.0,3.3,726,25375,16189,43.1,244.0
Station_01,Inv_00,20170709,14:23:00,233.0,4.2,979,220.0,4.1,902,25375,16189,42.5,258.0
Station_01,Inv_00,20170709,14:24:00,238.0,4.2,1000,220.0,4.1,902,25375,16189,42.5,268.0
Station_01,Inv_00,20170709,14:25:00,232.4,4.3,1000,221.0,4.1,906,25375,16189,42.4,267.0
Station_01,Inv_00,20170709,14:26:00,224.5,4.3,965,220.0,4.1,902,25375,16189,42.4,274.0
Station_01,Inv_00,20170709,14:27:00,238.3,4.4,1049,218.0,4.4,959,25375,16189,42.5,279.0
Station_01,Inv_00,20170709,14:28:00,232.4,5.6,1302,218.0,5.9,1286,25375,16189,43.3,338.0
Station_01,Inv_00,20170709,14:29:00,235.0,4.3,1010,218.0,4.2,916,25375,16189,43.6,279.0
Station_01,Inv_00,20170709,14:30:00,239.0,3.7,884,217.0,3.8,825,25375,16189,43.2,245.0
Station_01,Inv_00,20170709,14:31:00,235.0,3.3,776,217.0,3.4,738,25375,16189,42.5,219.0
Station_01,Inv_00,20170709,14:32:00,235.9,3.0,708,216.0,3.1,670,25375,16189,42.5,200.0
Station_01,Inv_00,20170709,14:33:00,237.0,2.8,664,216.0,2.9,626,25375,16189,40.9,188.0
Station_01,Inv_00,20170709,14:34:00,238.5,2.6,620,219.0,2.6,569,25375,16189,40.6,174.0
Station_01,Inv_00,20170709,14:35:00,237.0,2.6,616,219.0,2.6,569,25375,16189,40.4,168.0
Station_01,Inv_00,20170709,14:36:00,236.9,2.5,592,219.0,2.6,569,25375,16189,40.0,168.0
Station_01,Inv_00,20170709,14:37:00,240.5,2.4,577,219.0,2.5,548,25375,16189,39.3,162.0
Station_01,Inv_00,20170709,14:38:00,236.0,2.3,543,220.0,2.4,528,25375,16189,38.9,158.0
Station_01,Inv_00,20170709,14:39:00,232.5,2.3,535,219.0,2.4,526,25375,16189,39.1,156.0
Station_01,Inv_00,20170709,14:40:00,240.5,2.4,577,219.0,2.5,548,25375,16189,38.7,159.0
Station_01,Inv_00,20170709,14:41:00,236.0,2.5,590,219.0,2.5,548,25375,16189,38.3,167.0
Station_01,Inv_00,20170709,14:42:00,239.0,2.6,621,219.0,2.7,591,25375,16189,38.2,174.0
Station_01,Inv_00,20170709,14:43:00,230.0,2.9,667,219.0,2.9,635,25375,16189,38.5,186.0
Station_01,Inv_00,20170709,14:44:00,236.0,3.2,755,219.0,3.2,701,25375,16189,38.7,203.0
Station_01,Inv_00,20170709,14:45:00,236.9,3.4,806,219.0,3.5,767,25375,16189,39.0,217.0
Station_01,Inv_00,20170709,14:46:00,237.5,3.6,855,219.0,3.8,832,25375,16189,39.2,231.0
Station_01,Inv_00,20170709,14:47:00,239.5,3.8,910,220.0,3.9,858,25375,16189,39.3,244.0
Station_01,Inv_00,20170709,14:48:00,226.5,3.9,883,219.0,3.9,854,25375,16189,39.7,251.0
Station_01,Inv_00,20170709,14:49:00,234.5,4.0,938,219.0,4.0,876,25375,16189,39.5,253.0
Station_01,Inv_00,20170709,14:50:00,238.7,3.8,907,221.0,3.9,862,25375,16189,39.6,253.0
Station_01,Inv_00,20170709,14:51:00,240.0,3.6,864,220.0,3.7,814,25375,16189,39.7,238.0
Station_01,Inv_00,20170709,14:52:00,236.5,3.2,757,220.0,3.4,748,25375,16189,39.6,218.0
Station_01,Inv_00,20170709,14:53:00,237.9,3.2,761,220.0,3.2,704,25375,16189,39.7,205.0
Station_01,Inv_00,20170709,14:54:00,237.5,3.0,713,220.0,3.1,682,25375,16189,39.6,198.0
Station_01,Inv_00,20170709,14:55:00,237.0,2.9,687,217.0,3.0,651,25375,16189,39.8,191.0
Station_01,Inv_00,20170709,14:56:00,228.0,3.0,684,218.0,3.0,654,25375,16189,39.3,189.0
Station_01,Inv_00,20170709,14:57:00,236.5,2.9,686,218.0,3.0,654,25375,16189,39.4,188.0
Station_01,Inv_00,20170709,14:58:00,225.0,3.1,698,217.0,3.0,651,25375,16189,39.2,193.0
Station_01,Inv_00,20170709,14:59:00,237.4,3.3,784,219.0,3.3,723,25375,16189,39.5,206.0
Station_01,Inv_00,20170709,15:00:00,224.5,3.8,853,217.0,3.7,803,25375,16189,39.5,230.0
Station_01,Inv_00,20170709,15:01:00,238.0,4.0,952,217.0,4.0,868,25375,16189,39.6,255.0
Station_01,Inv_00,20170709,15:02:00,233.5,4.3,1004,217.0,4.3,933,25375,16189,40.1,276.0
Station_01,Inv_00,20170709,15:03:00,240.4,4.8,1154,217.0,5.0,1085,25375,16189,40.3,310.0
Station_01,Inv_00,20170709,15:04:00,238.5,5.9,1407,218.0,6.1,1330,25375,16189,41.6,372.0
Station_01,Inv_00,20170709,15:05:00,235.5,5.9,1389,217.0,5.9,1280,25375,16189,41.9,357.0
Station_01,Inv_00,20170709,15:06:00,239.5,5.1,1221,217.0,5.2,1128,25375,16189,42.1,349.0
Station_01,Inv_00,20170709,15:07:00,241.5,4.9,1183,217.0,5.1,1107,25375,16189,42.5,326.0
Station_01,Inv_00,20170709,15:08:00,237.5,5.3,1259,218.0,5.5,1199,25375,16189,42.3,347.0
Station_01,Inv_00,20170709,15:09:00,234.4,4.4,1032,217.0,4.3,933,25375,16189,42.8,286.0
Station_01,Inv_00,20170709,15:10:00,233.5,4.2,981,217.0,4.1,890,25375,16189,42.2,286.0
Station_01,Inv_00,20170709,15:11:00,235.3,4.0,941,217.0,4.0,868,25375,16189,42.7,260.0
Station_01,Inv_00,20170709,15:12:00,239.5,4.0,958,216.0,4.1,886,25375,16189,42.2,260.0
Station_01,Inv_00,20170709,15:13:00,237.5,4.1,974,217.0,4.2,911,25375,16189,42.1,276.0
Station_01,Inv_00,20170709,15:14:00,235.4,4.4,1036,218.0,4.3,937,25375,16189,42.0,282.0
Station_01,Inv_00,20170709,15:15:00,242.5,4.2,1018,218.0,4.2,916,25375,16189,41.7,276.0
Station_01,Inv_00,20170709,15:16:00,210.5,4.5,947,217.0,4.1,890,25375,16189,42.0,285.0
Station_01,Inv_00,20170709,15:17:00,219.5,6.0,1317,217.0,5.6,1215,25375,16189,41.8,339.0
Station_01,Inv_00,20170709,15:18:00,223.0,6.7,1494,217.0,6.5,1411,25375,16189,42.1,381.0
Station_01,Inv_00,20170709,15:19:00,229.5,6.9,1583,217.0,6.9,1497,25375,16189,42.9,434.0
Station_01,Inv_00,20170709,15:20:00,236.5,5.5,1301,218.0,5.6,1221,25375,16189,43.0,359.0
Station_01,Inv_00,20170709,15:21:00,240.5,5.0,1203,217.0,5.2,1128,25375,16189,43.1,348.0
Station_01,Inv_00,20170709,15:22:00,231.5,5.3,1227,219.0,5.3,1161,25375,16189,43.6,349.0
Station_01,Inv_00,20170709,15:23:00,234.5,6.1,1430,219.0,6.2,1358,25375,16189,43.4,401.0
Station_01,Inv_00,20170709,15:24:00,239.3,5.8,1388,219.0,5.9,1292,25376,16190,43.2,390.0
Station_01,Inv_00,20170709,15:25:00,237.0,4.3,1019,218.0,4.5,981,25376,16190,43.4,307.0
Station_01,Inv_00,20170709,15:26:00,234.5,4.2,985,218.0,4.2,916,25376,16190,43.3,282.0
Station_01,Inv_00,20170709,15:27:00,238.5,4.3,1026,218.0,4.3,937,25376,16190,43.0,279.0
Station_01,Inv_00,20170709,15:28:00,229.0,4.6,1053,219.0,4.6,1007,25376,16190,43.0,292.0
Station_01,Inv_00,20170709,15:29:00,221.5,6.9,1528,219.0,6.6,1445,25376,16190,43.3,391.0
Station_01,Inv_00,20170709,15:30:00,236.9,6.2,1469,218.0,6.4,1395,25376,16190,43.4,403.0
Station_01,Inv_00,20170709,15:31:00,237.4,7.6,1804,218.0,7.7,1679,25376,16190,44.2,471.0
Station_01,Inv_00,20170709,15:32:00,235.4,7.2,1695,218.0,7.3,1591,25376,16190,44.7,458.0
Station_01,Inv_00,20170709,15:33:00,235.0,6.3,1480,217.0,6.4,1389,25376,16190,45.2,422.0
Station_01,Inv_00,20170709,15:34:00,235.0,4.6,1081,217.0,4.6,998,25376,16190,44.7,304.0
Station_01,Inv_00,20170709,15:35:00,234.5,4.2,985,217.0,4.1,890,25376,16190,43.6,275.0
Station_01,Inv_00,20170709,15:36:00,235.0,4.0,940,217.0,3.9,846,25376,16190,42.9,259.0
Station_01,Inv_00,20170709,15:37:00,235.5,3.9,918,216.0,3.9,842,25376,16190,42.7,254.0
Station_01,Inv_00,20170709,15:38:00,224.5,3.8,853,219.0,3.8,832,25376,16190,42.4,250.0
Station_01,Inv_00,20170709,15:39:00,235.0,3.8,893,220.0,4.0,880,25376,16190,41.6,253.0
Station_01,Inv_00,20170709,15:40:00,240.0,3.9,936,220.0,4.0,880,25376,16190,40.7,265.0
Station_01,Inv_00,20170709,15:41:00,243.4,5.1,1242,219.0,5.3,1161,25376,16190,40.0,328.0
Station_01,Inv_00,20170709,15:42:01,243.5,4.8,1169,219.0,4.9,1073,25376,16190,39.2,311.0
Station_01,Inv_00,20170709,15:43:00,236.5,4.3,1017,219.0,4.4,964,25376,16190,39.2,281.0
Station_01,Inv_00,20170709,15:44:00,233.0,4.7,1095,218.0,4.5,981,25376,16190,39.1,283.0
Station_01,Inv_00,20170709,15:45:00,228.5,5.0,1143,219.0,4.8,1051,25376,16190,39.3,313.0
Station_01,Inv_00,20170709,15:46:00,233.0,6.3,1468,219.0,6.3,1380,25376,16190,39.8,376.0
Station_01,Inv_00,20170709,15:47:00,242.0,6.9,1670,220.0,7.2,1584,25376,16190,41.0,441.0
Station_01,Inv_00,20170709,15:48:00,241.0,5.2,1253,218.0,5.3,1155,25376,16190,41.5,400.0
Station_01,Inv_00,20170709,15:49:00,238.9,4.8,1147,219.0,4.9,1073,25376,16190,41.9,320.0
Station_01,Inv_00,20170709,15:50:00,228.0,6.1,1391,221.0,5.9,1304,25376,16190,42.1,386.0
Station_01,Inv_00,20170709,15:51:01,224.7,4.0,899,220.0,4.0,880,25376,16190,41.2,277.0
Station_01,Inv_00,20170709,15:52:00,237.0,3.9,924,221.0,4.0,884,25376,16190,41.7,259.0
Station_01,Inv_00,20170709,15:53:00,238.9,3.8,908,217.0,3.9,846,25376,16190,41.5,252.0
Station_01,Inv_00,20170709,15:54:00,237.9,3.7,880,217.0,3.8,825,25376,16190,41.0,247.0
Station_01,Inv_00,20170709,15:55:00,240.9,3.7,892,216.0,3.9,842,25376,16190,40.6,248.0
Station_01,Inv_00,20170709,15:56:01,237.5,3.8,903,216.0,4.0,864,25376,16190,40.8,257.0
Station_01,Inv_00,20170709,15:57:00,240.0,5.5,1320,217.0,5.7,1237,25376,16190,40.9,328.0
Station_01,Inv_00,20170709,15:58:00,242.9,6.6,1603,217.0,6.8,1476,25376,16190,41.4,418.0
Station_01,Inv_00,20170709,15:59:01,241.5,4.8,1159,218.0,5.0,1090,25376,16190,41.9,345.0
Station_01,Inv_00,20170709,16:00:00,240.5,4.7,1130,218.0,4.7,1025,25376,16190,41.6,307.0
Station_01,Inv_00,20170709,16:01:00,223.0,5.2,1160,217.0,5.0,1085,25376,16190,41.8,310.0
Station_01,Inv_00,20170709,16:02:00,233.5,5.6,1308,218.0,5.7,1243,25376,16190,42.4,371.0
Station_01,Inv_00,20170709,16:03:00,229.0,5.5,1260,217.0,5.4,1172,25376,16190,42.1,349.0
Station_01,Inv_00,20170709,16:04:00,236.9,5.1,1208,217.0,5.3,1150,25376,16190,42.8,344.0
Station_01,Inv_00,20170709,16:05:00,234.3,3.8,890,216.0,4.0,864,25376,16190,42.1,259.0
Station_01,Inv_00,20170709,16:06:00,238.5,3.8,906,216.0,3.9,842,25376,16190,41.6,254.0
Station_01,Inv_00,20170709,16:07:00,234.5,3.7,868,216.0,3.9,842,25376,16190,41.3,252.0
Station_01,Inv_00,20170709,16:08:00,233.0,3.9,909,218.0,3.9,850,25376,16190,40.4,257.0
Station_01,Inv_00,20170709,16:09:00,241.0,4.2,1012,218.0,4.1,894,25376,16190,40.9,269.0
Station_01,Inv_00,20170709,16:10:00,233.0,4.6,1072,218.0,4.6,1003,25376,16190,40.7,319.0
Station_01,Inv_00,20170709,16:11:00,221.0,4.9,1083,219.0,4.7,1029,25376,16190,40.5,323.0
Station_01,Inv_00,20170709,16:12:00,236.5,4.3,1017,219.0,4.2,920,25376,16190,40.8,279.0
Station_01,Inv_00,20170709,16:13:00,238.0,3.3,785,219.0,3.4,745,25376,16190,40.2,231.0
Station_01,Inv_00,20170709,16:14:00,238.5,2.6,620,219.0,2.8,613,25376,16190,39.7,191.0
Station_01,Inv_00,20170709,16:15:00,239.4,2.6,622,219.0,2.7,591,25376,16190,38.9,181.0
Station_01,Inv_00,20170709,16:16:00,228.5,2.6,594,218.0,2.6,567,25376,16190,38.2,180.0
Station_01,Inv_00,20170709,16:17:00,228.9,2.6,595,219.0,2.5,548,25376,16190,38.1,174.0
Station_01,Inv_00,20170709,16:18:00,224.5,2.4,539,220.0,2.3,506,25376,16190,37.5,165.0
Station_01,Inv_00,20170709,16:19:00,234.8,2.2,517,216.0,2.2,475,25377,16191,36.8,153.0
Station_01,Inv_00,20170709,16:20:00,237.0,2.0,474,216.0,2.1,454,25377,16191,36.3,144.0
Station_01,Inv_00,20170709,16:21:00,233.9,1.9,444,218.0,2.0,436,25377,16191,35.9,148.0
Station_01,Inv_00,20170709,16:22:00,237.9,1.9,452,218.0,2.0,436,25377,16191,35.4,147.0
Station_01,Inv_00,20170709,16:23:00,235.9,2.0,472,217.0,2.1,456,25377,16191,35.4,147.0
Station_01,Inv_00,20170709,16:24:00,238.0,2.2,524,218.0,2.2,480,25377,16191,35.3,156.0
Station_01,Inv_00,20170709,16:25:00,228.5,2.4,548,217.0,2.4,521,25377,16191,35.4,159.0
Station_01,Inv_00,20170709,16:26:00,241.0,2.4,578,218.0,2.6,567,25377,16191,35.4,170.0
Station_01,Inv_00,20170709,16:27:00,240.0,2.6,624,218.0,2.8,610,25377,16191,35.4,179.0
Station_01,Inv_00,20170709,16:28:00,239.9,2.8,672,217.0,2.9,629,25377,16191,35.5,183.0
Station_01,Inv_00,20170709,16:29:00,236.3,2.8,662,217.0,3.0,651,25377,16191,35.7,191.0
Station_01,Inv_00,20170709,16:30:00,241.5,2.9,700,216.0,3.1,670,25377,16191,35.7,193.0
Station_01,Inv_00,20170709,16:31:00,238.0,3.0,714,217.0,3.1,673,25377,16191,35.9,198.0
Station_01,Inv_00,20170709,16:32:00,241.5,3.0,724,216.0,3.2,691,25377,16191,35.8,200.0
Station_01,Inv_00,20170709,16:33:00,237.0,3.2,758,216.0,3.3,713,25377,16191,36.0,213.0
Station_01,Inv_00,20170709,16:34:00,213.4,3.3,704,216.0,3.1,670,25377,16191,36.1,205.0
Station_01,Inv_00,20170709,16:35:00,242.4,3.1,752,216.0,3.3,713,25377,16191,36.2,203.0
Station_01,Inv_00,20170709,16:36:00,238.5,3.2,763,217.0,3.3,716,25377,16191,36.4,205.0
Station_01,Inv_00,20170709,16:37:00,242.0,3.2,774,217.0,3.4,738,25377,16191,36.2,209.0
Station_01,Inv_00,20170709,16:38:00,235.4,3.4,800,217.0,3.4,738,25377,16191,36.4,211.0
Station_01,Inv_00,20170709,16:39:00,240.5,3.2,770,218.0,3.3,719,25377,16191,36.5,205.0
Station_01,Inv_00,20170709,16:40:00,233.1,3.0,699,217.0,3.1,673,25377,16191,36.8,193.0
Station_01,Inv_00,20170709,16:41:00,239.1,2.4,574,217.0,2.6,564,25377,16191,36.6,170.0
Station_01,Inv_00,20170709,16:42:00,236.5,2.2,520,216.0,2.3,497,25377,16191,36.9,152.0
Station_01,Inv_00,20170709,16:43:00,237.9,2.0,476,216.0,2.1,454,25377,16191,36.8,141.0
Station_01,Inv_00,20170709,16:44:00,232.4,1.8,418,215.0,1.9,409,25377,16191,36.6,126.0
Station_01,Inv_00,20170709,16:45:00,234.0,1.4,328,217.0,1.5,326,25377,16191,36.0,108.0
Station_01,Inv_00,20170709,16:46:00,231.9,1.3,302,217.0,1.5,326,25377,16191,35.9,97.0
Station_01,Inv_00,20170709,16:47:01,229.6,1.4,321,216.0,1.5,324,25377,16191,36.0,98.0
Station_01,Inv_00,20170709,16:48:00,224.5,1.6,359,216.0,1.6,346,25377,16191,35.8,107.0
Station_01,Inv_00,20170709,16:49:00,182.8,1.8,329,216.0,1.5,324,25377,16191,35.8,121.0
Station_01,Inv_00,20170709,16:50:00,232.4,2.1,488,217.0,2.1,456,25377,16191,35.7,133.0
Station_01,Inv_00,20170709,16:51:00,223.0,2.4,535,218.0,2.3,501,25377,16191,35.7,148.0
Station_01,Inv_00,20170709,16:52:00,239.5,2.6,623,217.0,2.7,586,25377,16191,35.6,166.0
Station_01,Inv_00,20170709,16:53:00,219.0,3.1,679,216.0,2.9,626,25377,16191,35.7,185.0
Station_01,Inv_00,20170709,16:54:00,228.5,3.4,777,216.0,3.4,734,25377,16191,36.0,204.0
Station_01,Inv_00,20170709,16:55:00,240.9,3.6,867,218.0,3.9,850,25377,16191,36.0,227.0
Station_01,Inv_00,20170709,16:56:01,242.5,3.9,946,217.0,4.1,890,25377,16191,36.5,246.0
Station_01,Inv_00,20170709,16:57:00,242.0,4.2,1016,217.0,4.3,933,25377,16191,36.5,256.0
Station_01,Inv_00,20170709,16:58:00,240.8,4.2,1011,216.0,4.2,907,25377,16191,37.0,256.0
Station_01,Inv_00,20170709,16:59:00,239.0,4.1,980,217.0,4.1,890,25377,16191,37.1,252.0
Station_01,Inv_00,20170709,17:00:00,241.5,3.9,942,218.0,3.9,850,25377,16191,37.3,240.0
Station_01,Inv_00,20170709,17:01:00,239.0,3.6,860,217.0,3.7,803,25377,16191,37.5,225.0
Station_01,Inv_00,20170709,17:02:00,238.4,3.3,787,216.0,3.4,734,25377,16191,37.4,217.0
Station_01,Inv_00,20170709,17:03:00,236.9,3.2,758,216.0,3.2,691,25377,16191,37.4,196.0
Station_01,Inv_00,20170709,17:04:00,229.0,3.3,756,216.0,3.3,713,25377,16191,37.4,198.0
Station_01,Inv_00,20170709,17:05:00,237.0,3.3,782,217.0,3.4,738,25377,16191,37.6,201.0
Station_01,Inv_00,20170709,17:06:00,237.5,3.3,784,217.0,3.5,760,25377,16191,37.2,206.0
Station_01,Inv_00,20170709,17:07:00,236.0,3.5,826,217.0,3.6,781,25377,16191,36.8,213.0
Station_01,Inv_00,20170709,17:08:00,241.4,3.3,797,217.0,3.5,760,25377,16191,37.3,207.0
Station_01,Inv_00,20170709,17:09:00,236.9,3.2,758,217.0,3.3,716,25377,16191,37.5,203.0
Station_01,Inv_00,20170709,17:10:00,238.5,2.6,620,217.0,2.8,608,25377,16191,37.4,174.0
Station_01,Inv_00,20170709,17:11:00,234.0,2.2,515,217.0,2.3,499,25377,16191,36.8,150.0
Station_01,Inv_00,20170709,17:12:00,230.0,1.8,414,217.0,1.9,412,25377,16191,36.5,124.0
Station_01,Inv_00,20170709,17:13:00,232.5,1.5,349,217.0,1.5,326,25377,16191,36.1,105.0
Station_01,Inv_00,20170709,17:14:00,233.0,1.2,280,218.0,1.3,283,25377,16191,35.5,86.0
Station_01,Inv_00,20170709,17:15:00,229.8,0.8,184,217.0,1.0,217,25377,16191,35.3,70.0
Station_01,Inv_00,20170709,17:16:00,221.5,0.6,133,218.0,0.8,174,25377,16191,34.9,56.0
Station_01,Inv_00,20170709,17:17:00,211.0,0.4,84,219.0,0.5,110,25377,16191,34.5,43.0
Station_01,Inv_00,20170709,17:18:00,210.3,0.3,63,219.0,0.5,110,25377,16191,34.1,34.0
Station_01,Inv_00,20170709,17:19:00,213.5,0.2,43,217.0,0.4,87,25377,16191,33.5,42.0
Station_01,Inv_00,20170709,17:20:00,0.0,0.0,0,217.0,0.4,87,25377,16191,32.7,27.0
Station_01,Inv_00,20170709,17:21:00,0.0,0.0,0,219.0,0.4,88,25377,16191,31.7,25.0
Station_01,Inv_00,20170709,17:22:00,0.0,0.0,0,219.0,0.4,88,25377,16191,30.4,24.0
Station_01,Inv_00,20170709,17:23:00,0.0,0.0,0,223.0,0.4,89,25377,16191,29.4,21.0
Station_01,Inv_00,20170709,17:24:00,0.0,0.0,0,223.0,0.4,89,25377,16191,27.9,17.0
Station_01,Inv_00,20170709,17:25:00,0.0,0.0,0,223.0,0.4,89,25377,16191,27.1,16.0
Station_01,Inv_00,20170709,17:26:00,0.0,0.0,0,223.0,0.4,89,25377,16191,26.7,16.0
Station_01,Inv_00,20170709,17:27:00,0.0,0.0,0,223.0,0.4,89,25377,16191,26.4,20.0
Station_01,Inv_00,20170709,17:28:00,0.0,0.0,0,223.0,0.4,89,25377,16191,26.1,22.0
Station_01,Inv_00,20170709,17:29:00,0.0,0.0,0,223.0,0.4,89,25377,16191,25.9,21.0
Station_01,Inv_00,20170709,17:30:00,0.0,0.0,0,223.0,0.4,89,25377,16191,25.8,22.0
Station_01,Inv_00,20170709,17:31:00,0.0,0.0,0,223.0,0.4,89,25377,16191,25.7,476.0
Station_01,Inv_00,20170709,17:32:00,0.0,0.0,0,223.0,0.4,89,25377,16191,25.7,24.0
Station_01,Inv_00,20170709,17:33:00,0.0,0.0,0,223.0,0.4,89,25377,16191,25.6,25.0
Station_01,Inv_00,20170709,17:34:00,0.0,0.0,0,222.0,0.5,111,25377,16191,25.5,25.0
Station_01,Inv_00,20170709,17:35:00,0.0,0.0,0,222.0,0.5,111,25377,16191,25.4,26.0
Station_01,Inv_00,20170709,17:36:00,246.0,0.2,49,221.0,0.5,111,25377,16191,25.2,28.0
Station_01,Inv_00,20170709,17:37:00,247.0,0.2,49,221.0,0.5,111,25377,16191,25.0,26.0
Station_01,Inv_00,20170709,17:38:00,248.5,0.2,50,223.0,0.5,112,25377,16191,24.9,28.0
Station_01,Inv_00,20170709,17:39:00,207.0,0.2,41,218.0,0.4,87,25377,16191,24.8,27.0
Station_01,Inv_00,20170709,17:40:00,212.0,0.2,42,218.0,0.5,109,25377,16191,24.7,28.0
Station_01,Inv_00,20170709,17:41:00,218.5,0.2,44,217.0,0.5,109,25377,16191,24.6,28.0
Station_01,Inv_00,20170709,17:42:00,218.0,0.2,44,217.0,0.4,87,25377,16191,24.6,29.0
Station_01,Inv_00,20170709,17:43:00,224.0,0.2,45,218.0,0.4,87,25377,16191,24.6,30.0
Station_01,Inv_00,20170709,17:44:00,208.0,0.1,21,217.0,0.4,87,25377,16191,24.6,46.0
Station_01,Inv_00,20170709,17:45:00,218.5,0.2,44,216.0,0.4,86,25377,16191,24.7,456.0
Station_01,Inv_00,20170709,17:46:00,211.0,0.1,21,217.0,0.4,87,25377,16191,24.6,31.0
Station_01,Inv_00,20170709,17:47:00,210.7,0.3,63,217.0,0.5,109,25377,16191,24.7,34.0
Station_01,Inv_00,20170709,17:48:00,219.0,0.3,66,217.0,0.5,109,25377,16191,24.7,35.0
Station_01,Inv_00,20170709,17:49:00,237.0,0.1,24,218.0,0.5,109,25377,16191,24.7,39.0
Station_01,Inv_00,20170709,17:50:00,217.4,0.5,109,219.0,0.6,131,25377,16191,24.8,44.0
Station_01,Inv_00,20170709,17:51:00,204.7,0.7,143,218.0,0.7,153,25377,16191,24.8,51.0
Station_01,Inv_00,20170709,17:52:00,217.0,0.8,174,217.0,0.9,195,25377,16191,24.8,59.0
Station_01,Inv_00,20170709,17:53:00,236.1,0.9,213,217.0,1.0,217,25377,16191,25.0,65.0
Station_01,Inv_00,20170709,17:54:00,216.3,0.9,195,217.0,1.0,217,25377,16191,24.9,72.0
Station_01,Inv_00,20170709,17:55:00,227.9,0.9,205,217.0,1.0,217,25377,16191,25.0,68.0
Station_01,Inv_00,20170709,17:56:00,242.0,0.8,194,217.0,1.0,217,25377,16191,25.0,65.0
Station_01,Inv_00,20170709,17:57:00,225.0,0.7,158,216.0,0.9,194,25377,16191,24.9,61.0
Station_01,Inv_00,20170709,17:58:00,215.4,0.7,151,216.0,0.8,173,25377,16191,24.9,58.0
Station_01,Inv_00,20170709,17:59:00,224.0,0.7,157,216.0,0.8,173,25377,16191,25.0,57.0
Station_01,Inv_00,20170709,18:00:00,225.4,0.7,158,217.0,0.8,174,25377,16191,24.9,57.0
Station_01,Inv_00,20170709,18:01:00,220.1,0.7,154,216.0,0.8,173,25377,16191,24.9,54.0
Station_01,Inv_00,20170709,18:02:00,225.0,0.6,135,216.0,0.8,173,25377,16191,25.0,52.0
Station_01,Inv_00,20170709,18:03:00,223.0,0.6,134,216.0,0.7,151,25377,16191,25.0,51.0
Station_01,Inv_00,20170709,18:04:00,211.3,0.6,127,216.0,0.7,151,25377,16191,25.0,50.0
Station_01,Inv_00,20170709,18:05:00,225.0,0.6,135,216.0,0.7,151,25377,16191,25.0,50.0
Station_01,Inv_00,20170709,18:06:00,231.4,0.5,116,216.0,0.7,151,25377,16191,25.0,50.0
Station_01,Inv_00,20170709,18:07:00,230.6,0.5,115,216.0,0.7,151,25377,16191,25.1,57.0
Station_01,Inv_00,20170709,18:08:00,205.0,0.6,123,218.0,0.6,131,25377,16191,25.2,59.0
Station_01,Inv_00,20170709,18:09:00,183.0,0.6,110,218.0,0.5,109,25377,16191,25.2,49.0
Station_01,Inv_00,20170709,18:10:00,206.6,0.5,103,219.0,0.6,131,25377,16191,25.3,47.0
Station_01,Inv_00,20170709,18:11:00,197.8,0.5,99,219.0,0.5,110,25377,16191,25.3,46.0
Station_01,Inv_00,20170709,18:12:00,167.2,0.5,84,219.0,0.5,110,25377,16191,25.2,62.0
Station_01,Inv_00,20170709,18:13:00,193.4,0.5,97,219.0,0.5,110,25377,16191,25.2,44.0
Station_01,Inv_00,20170709,18:14:00,176.8,0.5,88,219.0,0.5,110,25377,16191,25.1,44.0
Station_01,Inv_00,20170709,18:15:00,211.0,0.4,84,217.0,0.5,109,25377,16191,25.0,46.0
Station_01,Inv_00,20170709,18:16:00,205.5,0.4,82,216.0,0.5,108,25377,16191,24.9,44.0
Station_01,Inv_00,20170709,18:17:00,215.0,0.4,86,216.0,0.5,108,25377,16191,24.7,44.0
Station_01,Inv_00,20170709,18:18:00,203.0,0.3,61,217.0,0.5,109,25377,16191,24.7,42.0
Station_01,Inv_00,20170709,18:19:00,221.3,0.4,89,216.0,0.5,108,25377,16191,24.6,40.0
Station_01,Inv_00,20170709,18:20:00,225.0,0.4,90,218.0,0.5,109,25377,16191,24.6,57.0
Station_01,Inv_00,20170709,18:21:00,212.0,0.4,85,218.0,0.5,109,25377,16191,24.6,39.0
Station_01,Inv_00,20170709,18:22:00,222.0,0.2,44,218.0,0.5,109,25377,16191,24.6,38.0
Station_01,Inv_00,20170709,18:23:00,211.0,0.3,63,218.0,0.5,109,25377,16191,24.6,36.0
Station_01,Inv_00,20170709,18:24:00,148.0,0.3,44,218.0,0.4,87,25377,16191,24.6,35.0
Station_01,Inv_00,20170709,18:25:00,158.0,0.2,32,218.0,0.4,87,25377,16191,24.6,33.0
Station_01,Inv_00,20170709,18:26:00,153.0,0.2,31,217.0,0.4,87,25377,16191,24.6,32.0
Station_01,Inv_00,20170709,18:27:00,158.0,0.1,16,217.0,0.4,87,25377,16191,24.6,31.0
Station_01,Inv_00,20170709,18:28:00,166.0,0.1,17,218.0,0.4,87,25377,16191,24.7,30.0
Station_01,Inv_00,20170709,18:29:00,168.5,0.2,34,218.0,0.4,87,25377,16191,24.7,29.0
Station_01,Inv_00,20170709,18:30:00,167.0,0.2,33,217.0,0.4,87,25377,16191,24.7,31.0
Station_01,Inv_00,20170709,18:31:00,193.5,0.2,39,217.0,0.4,87,25377,16191,24.8,29.0
Station_01,Inv_00,20170709,18:32:00,168.0,0.2,34,217.0,0.4,87,25377,16191,24.9,29.0
Station_01,Inv_00,20170709,18:33:00,0.0,0.0,0,0.0,0.0,0,25377,16191,24.9,29.0
Station_01,Inv_00,20170709,18:34:00,0.0,0.0,0,0.0,0.0,0,25377,16191,24.9,29.0
Station_01,Inv_00,20170709,18:35:00,0.0,0.0,0,0.0,0.0,0,25377,16191,25.0,29.0
Station_01,Inv_00,20170709,18:36:00,0.0,0.0,0,0.0,0.0,0,25377,16191,25.1,37.0
Station_01,Inv_00,20170709,18:37:00,0.0,0.0,0,0.0,0.0,0,25377,16191,25.2,30.0
Station_01,Inv_00,20170709,18:38:00,208.5,0.2,42,216.0,0.5,108,25377,16191,25.2,31.0
Station_01,Inv_00,20170709,18:39:00,0.0,0.0,0,215.0,0.5,108,25377,16191,25.2,29.0
Station_01,Inv_00,20170709,18:40:00,0.0,0.0,0,215.0,0.4,86,25377,16191,25.2,28.0
Station_01,Inv_00,20170709,18:41:00,0.0,0.0,0,215.0,0.4,86,25377,16191,25.1,28.0
Station_01,Inv_00,20170709,18:42:00,0.0,0.0,0,0.0,0.0,0,25377,16191,25.2,27.0
Station_01,Inv_00,20170709,18:43:00,0.0,0.0,0,0.0,0.0,0,25377,16191,25.2,27.0
Station_01,Inv_00,20170709,18:44:00,0.0,0.0,0,221.0,0.2,44,25377,16191,25.3,26.0
Station_01,Inv_00,20170709,18:45:00,0.0,0.0,0,221.0,0.2,44,25377,16191,25.3,25.0
Station_01,Inv_00,20170709,18:46:00,0.0,0.0,0,221.0,0.2,44,25377,16191,25.3,27.0
Station_01,Inv_00,20170709,18:47:00,0.0,0.0,0,221.0,0.2,44,25377,16191,25.3,24.0
Station_01,Inv_00,20170709,18:48:00,0.0,0.0,0,221.0,0.2,44,25377,16191,25.3,25.0
Station_01,Inv_00,20170709,18:49:00,0.0,0.0,0,221.0,0.2,44,25377,16191,25.4,24.0
Station_01,Inv_00,20170709,18:50:00,0.0,0.0,0,221.0,0.2,44,25377,16191,25.3,23.0
Station_01,Inv_00,20170709,18:51:00,0.0,0.0,0,221.0,0.2,44,25377,16191,25.3,23.0
Station_01,Inv_00,20170709,18:52:00,0.0,0.0,0,221.0,0.2,44,25377,16191,25.3,23.0
Station_01,Inv_00,20170709,18:53:00,0.0,0.0,0,221.0,0.2,44,25377,16191,25.4,23.0
Station_01,Inv_00,20170709,18:54:00,0.0,0.0,0,221.0,0.2,44,25377,16191,25.5,23.0
Station_01,Inv_00,20170709,18:55:00,0.0,0.0,0,221.0,0.2,44,25377,16191,25.5,23.0
Station_01,Inv_00,20170709,18:56:00,0.0,0.0,0,221.0,0.2,44,25377,16191,25.6,22.0
Station_01,Inv_00,20170709,18:57:00,0.0,0.0,0,221.0,0.2,44,25377,16191,25.8,22.0
Station_01,Inv_00,20170709,18:58:00,0.0,0.0,0,221.0,0.2,44,25377,16191,25.8,24.0
Station_01,Inv_00,20170709,18:59:00,0.0,0.0,0,221.0,0.2,44,25377,16191,25.9,22.0
Station_01,Inv_00,20170709,19:00:00,0.0,0.0,0,221.0,0.2,44,25377,16191,26.0,22.0
Station_01,Inv_00,20170709,19:01:00,0.0,0.0,0,221.0,0.2,44,25377,16191,26.1,22.0
Station_01,Inv_00,20170709,19:02:00,0.0,0.0,0,221.0,0.2,44,25377,16191,26.1,22.0
Station_01,Inv_00,20170709,19:03:00,0.0,0.0,0,221.0,0.2,44,25377,16191,26.2,22.0
Station_01,Inv_00,20170709,19:04:00,0.0,0.0,0,221.0,0.2,44,25377,16191,26.3,22.0
Station_01,Inv_00,20170709,19:05:00,0.0,0.0,0,221.0,0.2,44,25377,16191,26.3,22.0
Station_01,Inv_00,20170709,19:06:00,0.0,0.0,0,221.0,0.2,44,25377,16191,26.4,22.0
Station_01,Inv_00,20170709,19:07:00,0.0,0.0,0,221.0,0.2,44,25377,16191,26.3,22.0
Station_01,Inv_00,20170709,19:08:00,0.0,0.0,0,221.0,0.2,44,25377,16191,26.4,21.0
Station_01,Inv_00,20170709,19:09:00,0.0,0.0,0,221.0,0.2,44,25377,16191,26.3,22.0
Station_01,Inv_00,20170709,19:10:00,0.0,0.0,0,221.0,0.2,44,25377,16191,26.3,22.0
Station_01,Inv_00,20170709,19:11:00,0.0,0.0,0,221.0,0.2,44,25377,16191,26.2,21.0
Station_01,Inv_00,20170709,19:12:00,0.0,0.0,0,221.0,0.2,44,25377,16191,26.1,21.0
Station_01,Inv_00,20170709,19:13:00,0.0,0.0,0,221.0,0.2,44,25377,16191,26.1,22.0
Station_01,Inv_00,20170709,19:14:00,0.0,0.0,0,221.0,0.2,44,25377,16191,26.1,22.0
Station_01,Inv_00,20170709,19:15:00,0.0,0.0,0,221.0,0.2,44,25377,16191,26.1,20.0
Station_01,Inv_00,20170709,19:16:00,0.0,0.0,0,221.0,0.2,44,25377,16191,26.0,21.0
Station_01,Inv_00,20170709,19:17:00,0.0,0.0,0,221.0,0.2,44,25377,16191,26.0,21.0
Station_01,Inv_00,20170709,19:18:00,0.0,0.0,0,221.0,0.2,44,25377,16191,26.0,20.0
Station_01,Inv_00,20170709,19:19:00,0.0,0.0,0,221.0,0.2,44,25377,16191,26.0,20.0
Station_01,Inv_00,20170709,19:20:00,0.0,0.0,0,221.0,0.2,44,25377,16191,26.0,20.0
Station_01,Inv_00,20170709,19:21:00,0.0,0.0,0,221.0,0.2,44,25377,16191,26.0,21.0
Station_01,Inv_00,20170709,19:22:00,0.0,0.0,0,221.0,0.2,44,25377,16191,26.0,21.0
Station_01,Inv_00,20170709,19:23:00,0.0,0.0,0,221.0,0.2,44,25377,16191,26.1,21.0
Station_01,Inv_00,20170709,19:24:00,0.0,0.0,0,221.0,0.2,44,25377,16191,26.1,20.0
Station_01,Inv_00,20170709,19:25:00,0.0,0.0,0,221.0,0.2,44,25377,16191,26.2,21.0
Station_01,Inv_00,20170709,19:26:00,0.0,0.0,0,221.0,0.2,44,25377,16191,26.3,21.0
Station_01,Inv_00,20170709,19:27:00,0.0,0.0,0,221.0,0.2,44,25377,16191,26.3,21.0
Station_01,Inv_00,20170709,19:28:00,0.0,0.0,0,221.0,0.2,44,25377,16191,26.4,21.0
Station_01,Inv_00,20170709,19:29:00,0.0,0.0,0,221.0,0.2,44,25377,16191,26.4,21.0
Station_01,Inv_00,20170709,19:30:00,0.0,0.0,0,221.0,0.2,44,25377,16191,26.5,21.0
Station_01,Inv_00,20170709,19:31:00,0.0,0.0,0,221.0,0.2,44,25377,16191,26.4,21.0
Station_01,Inv_00,20170709,19:32:00,0.0,0.0,0,221.0,0.2,44,25377,16191,26.5,21.0
Station_01,Inv_00,20170709,19:33:00,0.0,0.0,0,221.0,0.2,44,25377,16191,26.5,20.0
Station_01,Inv_00,20170709,19:34:00,0.0,0.0,0,221.0,0.2,44,25377,16191,26.5,20.0
Station_01,Inv_00,20170709,19:35:00,0.0,0.0,0,221.0,0.2,44,25377,16191,26.5,20.0
Station_01,Inv_00,20170709,19:36:00,0.0,0.0,0,221.0,0.2,44,25377,16191,26.4,20.0
Station_01,Inv_00,20170709,19:37:00,0.0,0.0,0,221.0,0.2,44,25377,16191,26.4,20.0
Station_01,Inv_00,20170709,19:38:00,0.0,0.0,0,221.0,0.2,44,25377,16191,26.4,20.0
Station_01,Inv_00,20170709,19:39:00,0.0,0.0,0,221.0,0.2,44,25377,16191,26.5,20.0
Station_01,Inv_00,20170709,19:40:00,0.0,0.0,0,221.0,0.2,44,25377,16191,26.4,20.0
Station_01,Inv_00,20170709,19:41:00,0.0,0.0,0,221.0,0.2,44,25377,16191,26.5,20.0
Station_01,Inv_00,20170709,19:42:00,0.0,0.0,0,221.0,0.2,44,25377,16191,26.6,20.0
Station_01,Inv_00,20170709,19:43:00,0.0,0.0,0,221.0,0.2,44,25377,16191,26.6,20.0
Station_01,Inv_00,20170709,19:44:00,0.0,0.0,0,221.0,0.2,44,25377,16191,26.7,21.0
Station_01,Inv_00,20170709,19:45:00,0.0,0.0,0,221.0,0.2,44,25377,16191,26.7,21.0
Station_01,Inv_00,20170709,19:46:00,0.0,0.0,0,221.0,0.2,44,25377,16191,26.8,21.0
Station_01,Inv_00,20170709,19:47:00,0.0,0.0,0,221.0,0.2,44,25377,16191,26.9,21.0
Station_01,Inv_00,20170709,19:48:00,0.0,0.0,0,221.0,0.2,44,25377,16191,27.0,21.0
Station_01,Inv_00,20170709,19:49:00,0.0,0.0,0,221.0,0.2,44,25377,16191,27.0,21.0
Station_01,Inv_00,20170709,19:50:00,0.0,0.0,0,221.0,0.2,44,25377,16191,27.1,21.0
Station_01,Inv_00,20170709,19:51:00,0.0,0.0,0,221.0,0.2,44,25377,16191,27.2,22.0
Station_01,Inv_00,20170709,19:52:00,0.0,0.0,0,221.0,0.2,44,25377,16191,27.2,21.0
Station_01,Inv_00,20170709,19:53:00,0.0,0.0,0,221.0,0.2,44,25377,16191,27.2,22.0
Station_01,Inv_00,20170709,19:54:00,0.0,0.0,0,221.0,0.2,44,25377,16191,27.3,24.0
Station_01,Inv_00,20170709,19:55:00,0.0,0.0,0,221.0,0.2,44,25377,16191,27.3,22.0
Station_01,Inv_00,20170709,19:56:00,0.0,0.0,0,221.0,0.2,44,25377,16191,27.2,21.0
Station_01,Inv_00,20170709,19:57:00,0.0,0.0,0,221.0,0.2,44,25377,16191,27.3,20.0
Station_01,Inv_00,20170709,19:58:00,0.0,0.0,0,221.0,0.2,44,25377,16191,27.3,21.0
Station_01,Inv_00,20170709,19:59:00,0.0,0.0,0,221.0,0.2,44,25377,16191,27.2,21.0
Station_01,Inv_00,20170709,20:00:00,0.0,0.0,0,221.0,0.2,44,25377,16191,27.2,23.0
