Station_01,Inv_00,20170805,05:00:00,0.0,0.0,0,221.0,0.2,44,25781,16448,25.1,18.0
Station_01,Inv_00,20170805,05:01:00,0.0,0.0,0,221.0,0.2,44,25781,16448,25.1,18.0
Station_01,Inv_00,20170805,05:02:00,0.0,0.0,0,221.0,0.2,44,25781,16448,25.1,18.0
Station_01,Inv_00,20170805,05:03:00,0.0,0.0,0,221.0,0.2,44,25781,16448,25.1,18.0
Station_01,Inv_00,20170805,05:04:00,0.0,0.0,0,221.0,0.2,44,25781,16448,25.0,18.0
Station_01,Inv_00,20170805,05:05:00,0.0,0.0,0,221.0,0.2,44,25781,16448,25.1,18.0
Station_01,Inv_00,20170805,05:06:00,0.0,0.0,0,221.0,0.2,44,25781,16448,25.0,18.0
Station_01,Inv_00,20170805,05:07:00,0.0,0.0,0,221.0,0.2,44,25781,16448,25.1,18.0
Station_01,Inv_00,20170805,05:08:00,0.0,0.0,0,221.0,0.2,44,25781,16448,25.1,18.0
Station_01,Inv_00,20170805,05:09:00,0.0,0.0,0,221.0,0.2,44,25781,16448,25.0,18.0
Station_01,Inv_00,20170805,05:10:00,0.0,0.0,0,221.0,0.2,44,25781,16448,25.0,18.0
Station_01,Inv_00,20170805,05:11:00,0.0,0.0,0,221.0,0.2,44,25781,16448,25.0,18.0
Station_01,Inv_00,20170805,05:12:00,0.0,0.0,0,221.0,0.2,44,25781,16448,25.1,18.0
Station_01,Inv_00,20170805,05:13:00,0.0,0.0,0,221.0,0.2,44,25781,16448,25.0,18.0
Station_01,Inv_00,20170805,05:14:00,0.0,0.0,0,221.0,0.2,44,25781,16448,25.0,18.0
Station_01,Inv_00,20170805,05:15:00,0.0,0.0,0,221.0,0.2,44,25781,16448,25.1,18.0
Station_01,Inv_00,20170805,05:16:00,0.0,0.0,0,221.0,0.2,44,25781,16448,25.1,18.0
Station_01,Inv_00,20170805,05:17:00,0.0,0.0,0,221.0,0.2,44,25781,16448,25.1,19.0
Station_01,Inv_00,20170805,05:18:00,0.0,0.0,0,221.0,0.2,44,25781,16448,25.1,19.0
Station_01,Inv_00,20170805,05:19:00,0.0,0.0,0,221.0,0.2,44,25781,16448,25.1,19.0
Station_01,Inv_00,20170805,05:20:00,0.0,0.0,0,221.0,0.2,44,25781,16448,25.0,19.0
Station_01,Inv_00,20170805,05:21:00,0.0,0.0,0,221.0,0.2,44,25781,16448,25.1,19.0
Station_01,Inv_00,20170805,05:22:00,0.0,0.0,0,221.0,0.2,44,25781,16448,25.1,19.0
Station_01,Inv_00,20170805,05:23:00,0.0,0.0,0,221.0,0.2,44,25781,16448,25.1,19.0
Station_01,Inv_00,20170805,05:24:00,0.0,0.0,0,221.0,0.2,44,25781,16448,25.1,20.0
Station_01,Inv_00,20170805,05:25:00,0.0,0.0,0,221.0,0.2,44,25781,16448,25.1,20.0
Station_01,Inv_00,20170805,05:26:00,0.0,0.0,0,221.0,0.2,44,25781,16448,25.1,20.0
Station_01,Inv_00,20170805,05:27:00,0.0,0.0,0,221.0,0.2,44,25781,16448,25.1,20.0
Station_01,Inv_00,20170805,05:28:00,0.0,0.0,0,221.0,0.2,44,25781,16448,25.1,20.0
Station_01,Inv_00,20170805,05:29:00,0.0,0.0,0,221.0,0.2,44,25781,16448,25.1,21.0
Station_01,Inv_00,20170805,05:30:00,0.0,0.0,0,221.0,0.2,44,25781,16448,25.1,21.0
Station_01,Inv_00,20170805,05:31:00,0.0,0.0,0,221.0,0.2,44,25781,16448,25.1,22.0
Station_01,Inv_00,20170805,05:32:00,0.0,0.0,0,221.0,0.2,44,25781,16448,25.2,22.0
Station_01,Inv_00,20170805,05:33:00,0.0,0.0,0,221.0,0.2,44,25781,16448,25.1,23.0
Station_01,Inv_00,20170805,05:34:00,0.0,0.0,0,221.0,0.2,44,25781,16448,25.1,24.0
Station_01,Inv_00,20170805,05:35:00,0.0,0.0,0,221.0,0.2,44,25781,16448,25.2,466.0
Station_01,Inv_00,20170805,05:36:00,0.0,0.0,0,221.0,0.2,44,25781,16448,25.1,25.0
Station_01,Inv_00,20170805,05:37:00,0.0,0.0,0,221.0,0.2,44,25781,16448,25.2,26.0
Station_01,Inv_00,20170805,05:38:00,0.0,0.0,0,222.0,0.5,111,25781,16448,25.2,27.0
Station_01,Inv_00,20170805,05:39:00,0.0,0.0,0,222.0,0.5,111,25781,16448,25.3,28.0
Station_01,Inv_00,20170805,05:40:00,0.0,0.0,0,222.0,0.5,111,25781,16448,25.3,29.0
Station_01,Inv_00,20170805,05:41:00,0.0,0.0,0,222.0,0.5,111,25781,16448,25.3,30.0
Station_01,Inv_00,20170805,05:42:00,0.0,0.0,0,223.0,0.5,112,25781,16448,25.4,31.0
Station_01,Inv_00,20170805,05:43:00,220.0,0.2,44,218.0,0.5,109,25781,16448,25.4,31.0
Station_01,Inv_00,20170805,05:44:00,220.5,0.2,44,218.0,0.4,87,25781,16448,25.4,32.0
Station_01,Inv_00,20170805,05:45:00,201.0,0.3,60,218.0,0.5,109,25781,16448,25.4,33.0
Station_01,Inv_00,20170805,05:46:00,204.7,0.3,61,218.0,0.4,87,25781,16448,25.5,35.0
Station_01,Inv_00,20170805,05:47:00,208.0,0.3,62,218.0,0.5,109,25781,16448,25.5,36.0
Station_01,Inv_00,20170805,05:48:00,219.7,0.3,66,218.0,0.5,109,25781,16448,25.6,38.0
Station_01,Inv_00,20170805,05:49:00,221.0,0.3,66,218.0,0.4,87,25781,16448,25.6,40.0
Station_01,Inv_00,20170805,05:50:00,226.0,0.3,68,219.0,0.5,110,25781,16448,25.7,42.0
Station_01,Inv_00,20170805,05:51:00,221.3,0.3,66,218.0,0.5,109,25781,16448,25.8,44.0
Station_01,Inv_00,20170805,05:52:00,196.3,0.4,79,218.0,0.5,109,25781,16448,25.9,46.0
Station_01,Inv_00,20170805,05:53:00,227.5,0.4,91,219.0,0.5,110,25781,16448,25.9,49.0
Station_01,Inv_00,20170805,05:54:00,226.0,0.5,113,218.0,0.5,109,25781,16448,26.0,51.0
Station_01,Inv_00,20170805,05:55:00,212.0,0.5,106,219.0,0.5,110,25781,16448,26.1,53.0
Station_01,Inv_00,20170805,05:56:00,221.4,0.5,111,216.0,0.5,108,25781,16448,26.2,55.0
Station_01,Inv_00,20170805,05:57:00,226.0,0.5,113,216.0,0.6,130,25781,16448,26.3,57.0
Station_01,Inv_00,20170805,05:58:00,215.0,0.5,108,216.0,0.6,130,25781,16448,26.4,59.0
Station_01,Inv_00,20170805,05:59:00,233.0,0.5,117,217.0,0.6,130,25781,16448,26.5,61.0
Station_01,Inv_00,20170805,06:00:00,230.6,0.5,115,216.0,0.7,151,25781,16448,26.6,63.0
Station_01,Inv_00,20170805,06:01:00,228.0,0.6,137,215.0,0.7,151,25781,16448,26.7,65.0
Station_01,Inv_00,20170805,06:02:00,229.0,0.6,137,215.0,0.8,172,25781,16448,26.8,68.0
Station_01,Inv_00,20170805,06:03:00,237.0,0.6,142,215.0,0.8,172,25781,16448,26.9,70.0
Station_01,Inv_00,20170805,06:04:00,235.5,0.6,141,215.0,0.8,172,25781,16448,27.0,72.0
Station_01,Inv_00,20170805,06:05:00,233.3,0.7,163,215.0,0.8,172,25781,16448,27.2,74.0
Station_01,Inv_00,20170805,06:06:00,238.3,0.7,167,214.0,0.9,193,25781,16448,27.3,77.0
Station_01,Inv_00,20170805,06:07:00,235.1,0.7,165,215.0,0.9,194,25781,16448,27.4,79.0
Station_01,Inv_00,20170805,06:08:00,232.7,0.7,163,215.0,0.9,194,25781,16448,27.5,81.0
Station_01,Inv_00,20170805,06:09:00,235.5,0.8,188,215.0,1.0,215,25781,16448,27.6,84.0
Station_01,Inv_00,20170805,06:10:00,197.0,0.8,158,216.0,0.9,194,25781,16448,27.8,86.0
Station_01,Inv_00,20170805,06:11:00,167.9,0.9,151,216.0,0.8,173,25781,16448,27.9,89.0
Station_01,Inv_00,20170805,06:12:00,230.0,0.9,207,216.0,1.0,216,25781,16448,28.0,92.0
Station_01,Inv_00,20170805,06:13:00,235.8,0.9,212,216.0,1.0,216,25781,16448,28.1,95.0
Station_01,Inv_00,20170805,06:14:00,239.5,1.0,240,215.0,1.1,237,25781,16448,28.3,97.0
Station_01,Inv_00,20170805,06:15:00,243.0,1.0,243,215.0,1.1,237,25781,16448,28.4,99.0
Station_01,Inv_00,20170805,06:16:00,231.0,1.0,231,215.0,1.1,237,25781,16448,28.5,116.0
Station_01,Inv_00,20170805,06:17:00,231.5,1.1,255,214.0,1.2,257,25781,16448,28.7,106.0
Station_01,Inv_00,20170805,06:18:00,245.5,1.1,270,215.0,1.2,258,25781,16448,28.8,109.0
Station_01,Inv_00,20170805,06:19:00,237.5,1.1,261,215.0,1.3,280,25781,16448,29.0,113.0
Station_01,Inv_00,20170805,06:20:00,235.5,1.2,283,215.0,1.3,280,25781,16448,29.1,115.0
Station_01,Inv_00,20170805,06:21:00,243.0,1.1,267,215.0,1.4,301,25781,16448,29.3,118.0
Station_01,Inv_00,20170805,06:22:00,234.6,1.3,305,214.0,1.4,300,25781,16448,29.5,121.0
Station_01,Inv_00,20170805,06:23:00,245.5,1.2,295,216.0,1.3,281,25781,16448,29.5,117.0
Station_01,Inv_00,20170805,06:24:00,242.8,1.1,267,216.0,1.3,281,25781,16448,29.6,115.0
Station_01,Inv_00,20170805,06:25:00,224.0,1.4,314,216.0,1.5,324,25781,16448,29.8,128.0
Station_01,Inv_00,20170805,06:26:00,227.4,1.4,318,214.0,1.4,300,25781,16448,30.0,131.0
Station_01,Inv_00,20170805,06:27:00,236.0,1.5,354,215.0,1.5,323,25781,16448,30.1,135.0
Station_01,Inv_00,20170805,06:28:00,245.8,1.5,369,214.0,1.6,342,25781,16448,30.3,140.0
Station_01,Inv_00,20170805,06:29:00,242.0,1.6,387,217.0,1.7,369,25781,16448,30.5,144.0
Station_01,Inv_00,20170805,06:30:00,241.0,1.6,386,217.0,1.7,369,25781,16448,30.6,147.0
Station_01,Inv_00,20170805,06:31:00,245.9,1.7,418,217.0,1.7,369,25781,16448,30.6,150.0
Station_01,Inv_00,20170805,06:32:00,249.8,1.7,425,217.0,1.8,391,25781,16448,30.9,154.0
Station_01,Inv_00,20170805,06:33:00,247.4,1.7,421,217.0,1.9,412,25781,16448,31.1,157.0
Station_01,Inv_00,20170805,06:34:00,246.5,1.8,444,218.0,1.9,414,25781,16448,31.3,161.0
Station_01,Inv_00,20170805,06:35:00,244.5,1.9,465,218.0,2.0,436,25781,16448,31.5,164.0
Station_01,Inv_00,20170805,06:36:00,227.0,1.9,431,217.0,1.9,412,25781,16448,31.6,167.0
Station_01,Inv_00,20170805,06:37:00,246.5,1.9,468,217.0,2.0,434,25781,16448,31.7,170.0
Station_01,Inv_00,20170805,06:38:00,228.5,2.0,457,217.0,2.0,434,25781,16448,32.0,172.0
Station_01,Inv_00,20170805,06:39:00,245.0,2.0,490,217.0,2.1,456,25781,16448,32.2,175.0
Station_01,Inv_00,20170805,06:40:00,251.5,2.0,503,217.0,2.2,477,25781,16448,32.3,179.0
Station_01,Inv_00,20170805,06:41:00,242.0,2.2,532,217.0,2.2,477,25781,16448,32.5,183.0
Station_01,Inv_00,20170805,06:42:00,217.0,2.2,477,217.0,2.1,456,25781,16448,32.7,189.0
Station_01,Inv_00,20170805,06:43:00,222.5,2.4,534,216.0,2.3,497,25781,16448,33.1,195.0
Station_01,Inv_00,20170805,06:44:00,249.0,2.4,598,216.0,2.5,540,25781,16448,33.3,199.0
Station_01,Inv_00,20170805,06:45:00,237.5,2.4,570,216.0,2.5,540,25781,16448,33.6,203.0
Station_01,Inv_00,20170805,06:46:00,241.0,2.4,578,217.0,2.6,564,25781,16448,33.9,207.0
Station_01,Inv_00,20170805,06:47:00,205.0,2.5,513,217.0,2.4,521,25781,16448,34.0,210.0
Station_01,Inv_00,20170805,06:48:00,223.0,2.6,580,217.0,2.5,543,25781,16448,34.2,211.0
Station_01,Inv_00,20170805,06:49:00,240.5,2.7,649,216.0,2.8,605,25781,16448,34.3,214.0
Station_01,Inv_00,20170805,06:50:00,218.5,2.8,612,217.0,2.6,564,25781,16448,34.5,219.0
Station_01,Inv_00,20170805,06:51:00,242.7,2.8,680,217.0,2.9,629,25781,16448,34.8,223.0
Station_01,Inv_00,20170805,06:52:00,235.4,2.9,683,218.0,3.0,654,25781,16448,35.0,228.0
Station_01,Inv_00,20170805,06:53:00,245.0,3.0,735,218.0,3.1,676,25781,16448,35.3,234.0
Station_01,Inv_00,20170805,06:54:00,244.4,3.0,733,217.0,3.1,673,25781,16448,35.5,236.0
Station_01,Inv_00,20170805,06:55:00,247.5,3.0,743,218.0,3.2,698,25781,16448,35.5,239.0
Station_01,Inv_00,20170805,06:56:00,246.0,3.1,763,218.0,3.2,698,25781,16448,35.8,241.0
Station_01,Inv_00,20170805,06:57:00,244.5,3.2,782,218.0,3.3,719,25781,16448,36.1,245.0
Station_01,Inv_00,20170805,06:58:00,232.0,3.3,766,218.0,3.3,719,25781,16448,36.3,249.0
Station_01,Inv_00,20170805,06:59:00,232.0,3.3,766,218.0,3.4,741,25781,16448,36.4,254.0
Station_01,Inv_00,20170805,07:00:00,232.5,3.3,767,218.0,3.5,763,25781,16448,36.5,260.0
Station_01,Inv_00,20170805,07:01:00,232.9,3.5,815,218.0,3.6,785,25781,16448,36.8,265.0
Station_01,Inv_00,20170805,07:02:00,232.0,3.5,812,217.0,3.6,781,25781,16448,37.0,271.0
Station_01,Inv_00,20170805,07:03:00,218.0,3.6,785,216.0,3.6,778,25781,16448,37.2,275.0
Station_01,Inv_00,20170805,07:04:00,227.0,3.6,817,217.0,3.6,781,25781,16448,37.3,277.0
Station_01,Inv_00,20170805,07:05:00,242.4,3.7,897,216.0,3.9,842,25781,16448,37.5,279.0
Station_01,Inv_00,20170805,07:06:00,243.0,3.7,899,216.0,3.8,821,25781,16448,37.9,276.0
Station_01,Inv_00,20170805,07:07:00,240.0,3.7,888,216.0,4.0,864,25781,16448,38.1,282.0
Station_01,Inv_00,20170805,07:08:00,244.4,3.9,953,217.0,4.0,868,25781,16448,38.2,291.0
Station_01,Inv_00,20170805,07:09:00,242.0,2.5,605,216.0,2.6,562,25781,16448,38.0,212.0
Station_01,Inv_00,20170805,07:10:00,237.5,2.1,499,216.0,2.1,454,25781,16448,37.3,162.0
Station_01,Inv_00,20170805,07:11:00,232.5,2.0,465,216.0,2.0,432,25781,16448,36.7,156.0
Station_01,Inv_00,20170805,07:12:00,239.0,2.0,478,216.0,2.1,454,25781,16448,36.4,154.0
Station_01,Inv_00,20170805,07:13:00,238.9,2.2,526,217.0,2.2,477,25781,16448,36.0,161.0
Station_01,Inv_00,20170805,07:14:00,238.5,2.6,620,217.0,2.6,564,25781,16448,36.2,182.0
Station_01,Inv_00,20170805,07:15:00,244.5,3.5,856,216.0,3.6,778,25781,16448,36.2,217.0
Station_01,Inv_00,20170805,07:16:00,245.5,3.7,908,217.0,3.9,846,25781,16448,36.8,264.0
Station_01,Inv_00,20170805,07:17:00,241.0,4.6,1109,217.0,4.8,1042,25781,16448,37.4,312.0
Station_01,Inv_00,20170805,07:18:00,237.0,4.4,1043,216.0,4.5,972,25781,16448,38.1,322.0
Station_01,Inv_00,20170805,07:19:00,233.9,2.9,678,216.0,3.0,648,25781,16448,37.7,224.0
Station_01,Inv_00,20170805,07:20:00,242.0,2.6,629,216.0,2.7,583,25781,16448,37.5,194.0
Station_01,Inv_00,20170805,07:21:00,224.2,2.6,583,216.0,2.6,562,25781,16448,37.4,194.0
Station_01,Inv_00,20170805,07:22:00,238.5,2.8,668,216.0,2.9,626,25781,16448,37.5,203.0
Station_01,Inv_00,20170805,07:23:00,240.5,3.2,770,216.0,3.3,713,25781,16448,37.5,220.0
Station_01,Inv_00,20170805,07:24:00,235.9,3.5,826,216.0,3.6,778,25781,16448,37.6,247.0
Station_01,Inv_00,20170805,07:25:00,242.9,5.7,1385,216.0,6.0,1296,25781,16448,38.5,384.0
Station_01,Inv_00,20170805,07:26:00,236.0,5.7,1345,218.0,5.8,1264,25781,16448,39.3,403.0
Station_01,Inv_00,20170805,07:27:00,237.5,5.9,1401,218.0,5.9,1286,25781,16448,40.3,412.0
Station_01,Inv_00,20170805,07:28:00,241.0,5.9,1422,217.0,6.1,1324,25781,16448,40.9,419.0
Station_01,Inv_00,20170805,07:29:00,234.4,6.1,1430,217.0,6.2,1345,25781,16448,42.0,428.0
Station_01,Inv_00,20170805,07:30:00,235.3,5.8,1365,217.0,5.9,1280,25781,16448,42.3,417.0
Station_01,Inv_00,20170805,07:31:00,236.4,6.2,1465,217.0,6.2,1345,25781,16448,42.7,431.0
Station_01,Inv_00,20170805,07:32:00,234.5,5.1,1196,217.0,5.2,1128,25781,16448,42.7,395.0
Station_01,Inv_00,20170805,07:33:00,232.0,3.9,905,217.0,3.9,846,25781,16448,42.2,295.0
Station_01,Inv_00,20170805,07:34:00,237.0,4.4,1043,218.0,4.2,916,25781,16448,41.5,288.0
Station_01,Inv_00,20170805,07:35:00,236.9,5.3,1256,218.0,5.3,1155,25781,16448,41.7,355.0
Station_01,Inv_00,20170805,07:36:00,241.0,6.0,1446,217.0,6.2,1345,25781,16448,41.9,420.0
Station_01,Inv_00,20170805,07:37:00,240.5,6.2,1491,218.0,6.3,1373,25782,16449,42.4,432.0
Station_01,Inv_00,20170805,07:38:00,236.0,6.3,1487,217.0,6.5,1411,25782,16449,42.8,437.0
Station_01,Inv_00,20170805,07:39:00,231.5,6.7,1551,218.0,6.7,1461,25782,16449,43.5,456.0
Station_01,Inv_00,20170805,07:40:00,237.5,6.9,1639,218.0,7.0,1526,25782,16449,43.9,472.0
Station_01,Inv_00,20170805,07:41:00,236.5,7.1,1679,218.0,7.2,1570,25782,16449,44.3,483.0
Station_01,Inv_00,20170805,07:42:00,224.0,7.1,1590,218.0,6.9,1504,25782,16449,44.9,486.0
Station_01,Inv_00,20170805,07:43:00,223.5,6.9,1542,218.0,6.7,1461,25782,16449,45.4,476.0
Station_01,Inv_00,20170805,07:44:00,223.5,5.0,1118,217.0,4.9,1063,25782,16449,44.9,380.0
Station_01,Inv_00,20170805,07:45:00,225.4,6.3,1420,218.0,6.2,1352,25782,16449,44.8,394.0
Station_01,Inv_00,20170805,07:46:00,231.5,7.4,1713,218.0,7.4,1613,25782,16449,45.8,492.0
Station_01,Inv_00,20170805,07:47:00,236.5,7.4,1750,217.0,7.6,1649,25782,16449,45.6,513.0
Station_01,Inv_00,20170805,07:48:00,232.5,7.3,1697,219.0,7.4,1621,25782,16449,46.7,504.0
Station_01,Inv_00,20170805,07:49:00,231.0,7.0,1617,218.0,7.0,1526,25782,16449,47.1,480.0
Station_01,Inv_00,20170805,07:50:00,232.0,6.6,1531,218.0,6.6,1439,25782,16449,47.5,456.0
Station_01,Inv_00,20170805,07:51:00,240.5,4.1,986,218.0,4.0,872,25782,16449,46.4,318.0
Station_01,Inv_00,20170805,07:52:00,235.0,6.5,1527,219.0,6.6,1445,25782,16449,47.1,446.0
Station_01,Inv_00,20170805,07:53:00,234.0,6.5,1521,218.0,6.6,1439,25782,16449,46.4,450.0
Station_01,Inv_00,20170805,07:54:00,232.5,6.7,1558,219.0,6.7,1467,25782,16449,46.8,456.0
Station_01,Inv_00,20170805,07:55:00,235.0,6.8,1598,218.0,7.0,1526,25782,16449,46.7,471.0
Station_01,Inv_00,20170805,07:56:00,235.0,7.0,1645,219.0,7.0,1533,25782,16449,47.4,474.0
Station_01,Inv_00,20170805,07:57:00,230.0,7.2,1656,219.0,7.1,1555,25782,16449,47.8,477.0
Station_01,Inv_00,20170805,07:58:00,233.5,6.9,1611,219.0,7.0,1533,25782,16449,47.2,477.0
Station_01,Inv_00,20170805,07:59:00,232.5,7.0,1627,219.0,7.0,1533,25782,16449,47.2,476.0
Station_01,Inv_00,20170805,08:00:00,234.0,6.9,1615,218.0,7.0,1526,25782,16449,47.2,475.0
Station_01,Inv_00,20170805,08:01:00,232.0,6.9,1601,218.0,6.9,1504,25782,16449,46.9,470.0
Station_01,Inv_00,20170805,08:02:00,230.5,7.2,1660,218.0,7.2,1570,25782,16449,47.6,485.0
Station_01,Inv_00,20170805,08:03:00,234.0,7.1,1661,217.0,7.2,1562,25782,16449,47.5,491.0
Station_01,Inv_00,20170805,08:04:00,235.5,7.1,1672,218.0,7.2,1570,25782,16449,48.4,489.0
Station_01,Inv_00,20170805,08:05:00,234.0,7.3,1708,218.0,7.4,1613,25782,16449,48.0,493.0
Station_01,Inv_00,20170805,08:06:00,230.5,7.4,1706,218.0,7.4,1613,25782,16449,48.1,503.0
Station_01,Inv_00,20170805,08:07:00,229.9,7.6,1748,218.0,7.5,1635,25782,16449,49.0,509.0
Station_01,Inv_00,20170805,08:08:00,231.0,7.7,1779,218.0,7.7,1679,25782,16449,48.6,515.0
Station_01,Inv_00,20170805,08:09:00,232.5,7.8,1813,217.0,7.7,1671,25782,16449,49.5,519.0
Station_01,Inv_00,20170805,08:10:00,231.0,7.8,1802,217.0,7.8,1693,25782,16449,49.4,527.0
Station_01,Inv_00,20170805,08:11:00,232.0,7.8,1809,217.0,7.8,1693,25782,16449,49.5,529.0
Station_01,Inv_00,20170805,08:12:00,229.0,8.3,1901,217.0,8.2,1779,25782,16449,49.6,551.0
Station_01,Inv_00,20170805,08:13:00,229.0,8.5,1946,218.0,8.3,1809,25782,16449,49.9,560.0
Station_01,Inv_00,20170805,08:14:00,227.5,8.7,1979,218.0,8.6,1875,25783,16450,49.5,578.0
Station_01,Inv_00,20170805,08:15:00,227.0,8.7,1975,217.0,8.6,1866,25783,16450,50.1,578.0
Station_01,Inv_00,20170805,08:16:00,230.0,8.5,1955,217.0,8.5,1845,25783,16450,49.6,576.0
Station_01,Inv_00,20170805,08:17:00,226.0,8.5,1921,218.0,8.4,1831,25783,16450,49.8,569.0
Station_01,Inv_00,20170805,08:18:00,230.5,8.3,1913,218.0,8.2,1788,25783,16450,50.4,558.0
Station_01,Inv_00,20170805,08:19:00,230.0,8.2,1886,217.0,8.2,1779,25783,16450,50.9,550.0
Station_01,Inv_00,20170805,08:20:00,229.5,8.2,1882,217.0,8.2,1779,25783,16450,49.9,543.0
Station_01,Inv_00,20170805,08:21:00,224.5,8.6,1930,217.0,8.3,1801,25783,16450,50.8,560.0
Station_01,Inv_00,20170805,08:22:00,228.5,8.5,1942,218.0,8.5,1853,25783,16450,50.9,567.0
Station_01,Inv_00,20170805,08:23:00,227.5,8.6,1956,218.0,8.5,1853,25783,16450,50.9,571.0
Station_01,Inv_00,20170805,08:24:00,227.0,8.7,1975,217.0,8.6,1866,25783,16450,51.0,573.0
Station_01,Inv_00,20170805,08:25:00,231.0,8.6,1987,218.0,8.6,1875,25783,16450,50.5,576.0
Station_01,Inv_00,20170805,08:26:00,226.0,8.9,2011,217.0,8.7,1888,25783,16450,51.8,578.0
Station_01,Inv_00,20170805,08:27:00,223.5,9.1,2034,218.0,8.8,1918,25783,16450,52.5,589.0
Station_01,Inv_00,20170805,08:28:00,221.5,9.5,2104,218.0,9.1,1984,25783,16450,51.9,610.0
Station_01,Inv_00,20170805,08:29:00,220.5,9.7,2139,218.0,9.3,2027,25783,16450,53.1,619.0
Station_01,Inv_00,20170805,08:30:00,227.0,9.5,2156,218.0,9.3,2027,25783,16450,53.4,625.0
Station_01,Inv_00,20170805,08:31:00,227.0,9.3,2111,217.0,9.2,1996,25783,16450,54.0,624.0
Station_01,Inv_00,20170805,08:32:00,223.5,9.7,2168,217.0,9.2,1996,25783,16450,54.5,578.0
Station_01,Inv_00,20170805,08:33:00,223.5,9.3,2079,219.0,8.9,1949,25783,16450,53.9,603.0
Station_01,Inv_00,20170805,08:34:00,222.9,10.1,2251,220.0,9.7,2134,25783,16450,53.1,584.0
Station_01,Inv_00,20170805,08:35:00,224.9,10.2,2294,220.0,9.8,2156,25783,16450,54.6,649.0
Station_01,Inv_00,20170805,08:36:00,223.9,10.2,2284,220.0,9.8,2156,25783,16450,54.8,653.0
Station_01,Inv_00,20170805,08:37:00,224.0,10.1,2262,219.0,9.7,2124,25783,16450,55.2,652.0
Station_01,Inv_00,20170805,08:38:00,226.0,10.0,2260,220.0,9.7,2134,25783,16450,55.7,652.0
Station_01,Inv_00,20170805,08:39:00,222.5,10.3,2292,220.0,9.8,2156,25783,16450,55.1,662.0
Station_01,Inv_00,20170805,08:40:00,223.0,10.4,2319,220.0,9.9,2178,25783,16450,56.2,669.0
Station_01,Inv_00,20170805,08:41:00,220.5,10.9,2403,220.0,10.2,2244,25783,16450,56.9,684.0
Station_01,Inv_00,20170805,08:42:00,218.5,11.1,2425,220.0,10.3,2266,25783,16450,57.1,702.0
Station_01,Inv_00,20170805,08:43:00,212.5,11.9,2529,220.0,10.7,2354,25784,16450,56.6,735.0
Station_01,Inv_00,20170805,08:44:00,222.0,11.8,2619,221.0,11.2,2475,25784,16450,57.2,757.0
Station_01,Inv_00,20170805,08:45:00,217.4,11.1,2413,220.0,10.5,2310,25784,16450,57.4,732.0
Station_01,Inv_00,20170805,08:46:00,221.5,11.2,2481,220.0,10.7,2354,25784,16450,57.6,726.0
Station_01,Inv_00,20170805,08:47:00,219.0,9.7,2124,220.0,9.0,1980,25784,16450,57.9,612.0
Station_01,Inv_00,20170805,08:48:00,222.5,7.5,1669,220.0,7.1,1562,25784,16450,56.9,570.0
Station_01,Inv_00,20170805,08:49:00,217.5,12.2,2654,220.0,11.3,2486,25784,16450,58.7,757.0
Station_01,Inv_00,20170805,08:50:00,221.4,12.3,2723,220.0,11.7,2574,25784,16450,57.7,787.0
Station_01,Inv_00,20170805,08:51:00,215.0,12.1,2601,220.0,11.2,2464,25784,16450,59.2,781.0
Station_01,Inv_00,20170805,08:52:00,216.5,8.6,1862,220.0,8.5,1870,25784,16450,59.1,613.0
Station_01,Inv_00,20170805,08:53:00,215.5,5.8,1250,219.0,5.2,1139,25784,16450,57.0,377.0
Station_01,Inv_00,20170805,08:54:00,223.5,6.0,1341,220.0,5.8,1276,25784,16450,54.1,385.0
Station_01,Inv_00,20170805,08:55:00,229.0,12.1,2771,221.0,11.8,2608,25784,16450,54.2,694.0
Station_01,Inv_00,20170805,08:56:00,225.0,12.3,2767,220.0,11.7,2574,25784,16450,55.7,756.0
Station_01,Inv_00,20170805,08:57:00,217.5,12.5,2719,220.0,11.6,2552,25784,16450,56.8,782.0
Station_01,Inv_00,20170805,08:58:00,221.5,12.2,2702,220.0,11.6,2552,25784,16450,57.0,790.0
Station_01,Inv_00,20170805,08:59:00,215.5,12.4,2672,220.0,11.3,2486,25784,16450,56.9,744.0
Station_01,Inv_00,20170805,09:00:00,223.0,11.9,2654,220.0,11.4,2508,25784,16450,57.0,770.0
Station_01,Inv_00,20170805,09:01:00,222.5,11.8,2625,220.0,11.3,2486,25784,16450,57.1,762.0
Station_01,Inv_00,20170805,09:02:00,217.0,12.2,2647,220.0,11.3,2486,25784,16450,57.8,770.0
Station_01,Inv_00,20170805,09:03:00,210.0,12.7,2667,219.0,11.5,2519,25784,16450,58.4,762.0
Station_01,Inv_00,20170805,09:04:00,217.5,12.6,2740,220.0,11.6,2552,25784,16450,58.3,788.0
Station_01,Inv_00,20170805,09:05:00,214.5,12.9,2767,219.0,11.9,2606,25784,16450,59.3,804.0
Station_01,Inv_00,20170805,09:06:00,213.5,13.1,2797,219.0,12.0,2628,25784,16450,59.3,827.0
Station_01,Inv_00,20170805,09:07:00,215.5,13.4,2887,220.0,12.3,2706,25784,16450,60.9,830.0
Station_01,Inv_00,20170805,09:08:00,214.5,13.5,2896,220.0,12.4,2728,25785,16451,61.0,855.0
Station_01,Inv_00,20170805,09:09:00,212.5,10.1,2146,219.0,9.3,2037,25785,16451,59.8,678.0
Station_01,Inv_00,20170805,09:10:00,217.0,6.6,1432,219.0,6.2,1358,25785,16451,59.1,425.0
Station_01,Inv_00,20170805,09:11:00,218.0,8.2,1787,218.0,7.7,1679,25785,16451,55.3,578.0
Station_01,Inv_00,20170805,09:12:00,211.9,7.2,1526,218.0,6.7,1461,25785,16451,56.1,481.0
Station_01,Inv_00,20170805,09:13:00,213.0,14.4,3067,219.0,13.1,2869,25785,16451,54.7,675.0
Station_01,Inv_00,20170805,09:14:00,225.5,6.0,1353,217.0,5.7,1237,25785,16451,53.5,390.0
Station_01,Inv_00,20170805,09:15:00,219.5,6.5,1427,218.0,6.0,1308,25785,16451,52.6,395.0
Station_01,Inv_00,20170805,09:16:00,229.0,5.8,1328,218.0,5.8,1264,25785,16451,51.7,395.0
Station_01,Inv_00,20170805,09:17:00,223.0,13.3,2966,219.0,12.9,2825,25785,16451,52.2,647.0
Station_01,Inv_00,20170805,09:18:00,223.0,12.7,2832,219.0,12.2,2672,25785,16451,53.1,715.0
Station_01,Inv_00,20170805,09:19:00,218.5,5.5,1202,217.0,5.2,1128,25785,16451,52.5,372.0
Station_01,Inv_00,20170805,09:20:00,212.0,9.4,1993,218.0,8.3,1809,25785,16451,53.2,597.0
Station_01,Inv_00,20170805,09:21:00,217.9,5.7,1242,217.0,5.4,1172,25785,16451,53.2,423.0
Station_01,Inv_00,20170805,09:22:00,216.5,11.1,2403,219.0,10.2,2234,25785,16451,54.6,676.0
Station_01,Inv_00,20170805,09:23:00,220.9,4.8,1060,219.0,4.6,1007,25785,16451,53.9,432.0
Station_01,Inv_00,20170805,09:24:00,226.5,4.4,997,218.0,4.1,894,25785,16451,52.1,285.0
Station_01,Inv_00,20170805,09:25:00,227.0,4.4,999,218.0,4.3,937,25785,16451,51.8,285.0
Station_01,Inv_00,20170805,09:26:00,228.5,4.7,1074,220.0,4.4,968,25785,16451,50.5,293.0
Station_01,Inv_00,20170805,09:27:00,220.5,4.7,1036,219.0,4.3,942,25785,16451,48.4,295.0
Station_01,Inv_00,20170805,09:28:00,230.4,4.2,968,219.0,4.1,898,25785,16451,47.8,281.0
Station_01,Inv_00,20170805,09:29:00,230.0,4.2,966,219.0,4.1,898,25785,16451,46.7,263.0
Station_01,Inv_00,20170805,09:30:00,223.0,11.9,2653,220.0,11.0,2420,25785,16451,47.1,447.0
Station_01,Inv_00,20170805,09:31:00,225.0,3.6,810,219.0,3.6,788,25785,16451,45.1,255.0
Station_01,Inv_00,20170805,09:32:00,228.5,3.3,754,219.0,3.3,723,25785,16451,44.1,221.0
Station_01,Inv_00,20170805,09:33:00,236.3,3.0,709,219.0,3.1,679,25785,16451,44.0,206.0
Station_01,Inv_00,20170805,09:34:00,236.0,3.0,708,219.0,3.1,679,25785,16451,43.3,203.0
Station_01,Inv_00,20170805,09:35:00,228.5,3.2,731,219.0,3.2,701,25785,16451,42.8,209.0
Station_01,Inv_00,20170805,09:36:00,239.0,3.1,741,219.0,3.3,723,25785,16451,42.0,215.0
Station_01,Inv_00,20170805,09:37:00,229.0,4.0,916,219.0,3.7,810,25785,16451,41.8,343.0
Station_01,Inv_00,20170805,09:38:00,236.5,3.0,709,219.0,3.1,679,25785,16451,40.6,206.0
Station_01,Inv_00,20170805,09:39:00,237.9,2.8,666,219.0,2.8,613,25785,16451,40.4,194.0
Station_01,Inv_00,20170805,09:40:00,238.8,2.4,573,219.0,2.5,548,25785,16451,39.9,176.0
Station_01,Inv_00,20170805,09:41:00,229.9,2.2,506,218.0,2.3,501,25785,16451,39.7,165.0
Station_01,Inv_00,20170805,09:42:00,234.0,2.2,515,219.0,2.2,482,25785,16451,39.3,157.0
Station_01,Inv_00,20170805,09:43:00,235.0,2.2,517,219.0,2.3,504,25785,16451,38.8,157.0
Station_01,Inv_00,20170805,09:44:00,238.5,2.4,572,220.0,2.4,528,25785,16451,38.5,165.0
Station_01,Inv_00,20170805,09:45:00,240.5,2.4,577,220.0,2.5,550,25785,16451,38.1,175.0
Station_01,Inv_00,20170805,09:46:00,242.0,2.5,605,219.0,2.6,569,25785,16451,37.8,180.0
Station_01,Inv_00,20170805,09:47:00,241.5,2.6,628,219.0,2.7,591,25785,16451,37.8,188.0
Station_01,Inv_00,20170805,09:48:00,200.5,2.8,561,219.0,2.5,548,25785,16451,37.5,197.0
Station_01,Inv_00,20170805,09:49:00,152.0,3.0,456,219.0,2.0,438,25785,16451,37.8,208.0
Station_01,Inv_00,20170805,09:50:00,208.0,3.0,624,219.0,2.7,591,25785,16451,37.9,212.0
Station_01,Inv_00,20170805,09:51:00,231.0,3.0,693,219.0,3.1,679,25785,16451,38.1,212.0
Station_01,Inv_00,20170805,09:52:00,241.5,3.0,725,219.0,3.2,701,25785,16451,38.2,218.0
Station_01,Inv_00,20170805,09:53:00,239.0,3.2,765,219.0,3.3,723,25785,16451,38.4,221.0
Station_01,Inv_00,20170805,09:54:00,243.0,3.2,778,219.0,3.4,745,25785,16451,38.5,228.0
Station_01,Inv_00,20170805,09:55:00,234.5,3.9,915,220.0,3.9,858,25785,16451,38.4,254.0
Station_01,Inv_00,20170805,09:56:00,233.0,5.7,1328,220.0,5.5,1210,25785,16451,39.3,339.0
Station_01,Inv_00,20170805,09:57:00,226.0,7.4,1672,220.0,7.4,1628,25785,16451,41.7,632.0
Station_01,Inv_00,20170805,09:58:00,233.5,11.6,2709,220.0,11.1,2442,25786,16451,43.3,658.0
Station_01,Inv_00,20170805,09:59:00,230.5,13.5,3112,222.0,13.2,2930,25786,16451,46.9,871.0
Station_01,Inv_00,20170805,10:00:00,229.5,13.2,3029,222.0,12.9,2864,25786,16451,49.5,850.0
Station_01,Inv_00,20170805,10:01:00,226.0,10.7,2418,220.0,10.3,2266,25786,16451,51.2,746.0
Station_01,Inv_00,20170805,10:02:00,223.5,13.8,3084,221.0,13.2,2917,25786,16451,54.1,886.0
Station_01,Inv_00,20170805,10:03:00,224.0,12.4,2778,220.0,11.6,2552,25786,16451,55.0,681.0
Station_01,Inv_00,20170805,10:04:00,224.5,11.8,2649,221.0,11.2,2475,25786,16451,56.5,748.0
Station_01,Inv_00,20170805,10:05:00,223.5,10.5,2347,220.0,9.9,2178,25786,16451,56.7,655.0
Station_01,Inv_00,20170805,10:06:00,226.5,11.3,2559,220.0,10.7,2354,25786,16451,57.7,672.0
Station_01,Inv_00,20170805,10:07:00,215.0,14.4,3096,221.0,13.2,2917,25786,16451,59.7,906.0
Station_01,Inv_00,20170805,10:08:00,213.5,14.4,3074,220.0,13.1,2882,25786,16451,60.7,908.0
Station_01,Inv_00,20170805,10:09:00,214.0,13.9,2975,222.0,12.7,2819,25786,16451,61.6,889.0
Station_01,Inv_00,20170805,10:10:00,211.0,14.2,2996,221.0,12.8,2829,25786,16451,61.8,894.0
Station_01,Inv_00,20170805,10:11:00,214.0,14.3,3060,221.0,12.9,2851,25786,16451,63.3,913.0
Station_01,Inv_00,20170805,10:12:00,211.5,14.5,3067,221.0,13.0,2873,25786,16451,61.9,923.0
Station_01,Inv_00,20170805,10:13:00,213.5,14.4,3074,221.0,13.0,2873,25786,16451,62.0,933.0
Station_01,Inv_00,20170805,10:14:00,211.5,14.6,3088,221.0,13.1,2895,25786,16451,61.9,941.0
Station_01,Inv_00,20170805,10:15:00,211.5,14.5,3067,221.0,13.0,2873,25786,16451,64.6,938.0
Station_01,Inv_00,20170805,10:16:00,210.5,14.6,3073,220.0,13.0,2860,25786,16451,65.5,932.0
Station_01,Inv_00,20170805,10:17:00,210.0,14.6,3066,219.0,13.2,2891,25786,16451,64.8,935.0
Station_01,Inv_00,20170805,10:18:00,208.0,14.9,3099,220.0,13.2,2904,25786,16451,66.1,939.0
Station_01,Inv_00,20170805,10:19:00,204.5,14.9,3047,220.0,13.0,2860,25787,16452,66.4,938.0
Station_01,Inv_00,20170805,10:20:00,207.0,14.8,3063,220.0,13.1,2882,25787,16452,67.7,936.0
Station_01,Inv_00,20170805,10:21:00,208.5,14.7,3065,220.0,13.1,2882,25787,16452,66.5,940.0
Station_01,Inv_00,20170805,10:22:00,205.0,15.0,3075,219.0,13.1,2869,25787,16452,68.2,952.0
Station_01,Inv_00,20170805,10:23:00,203.5,15.3,3114,220.0,13.2,2904,25787,16452,68.8,958.0
Station_01,Inv_00,20170805,10:24:00,204.0,12.3,2510,220.0,12.0,2640,25787,16452,68.7,967.0
Station_01,Inv_00,20170805,10:25:00,209.0,5.0,1045,218.0,4.5,981,25787,16452,65.8,342.0
Station_01,Inv_00,20170805,10:26:00,204.5,5.4,1104,220.0,4.6,1012,25787,16452,62.2,402.0
Station_01,Inv_00,20170805,10:27:00,215.5,4.0,862,220.0,3.7,814,25787,16452,59.6,272.0
Station_01,Inv_00,20170805,10:28:00,217.5,4.0,870,219.0,3.7,810,25787,16452,56.9,259.0
Station_01,Inv_00,20170805,10:29:00,214.5,15.3,3282,220.0,13.9,3058,25787,16452,59.6,913.0
Station_01,Inv_00,20170805,10:30:00,214.5,15.5,3325,220.0,14.2,3124,25787,16452,60.5,986.0
Station_01,Inv_00,20170805,10:31:00,211.5,15.7,3321,220.0,14.1,3102,25787,16452,61.7,993.0
Station_01,Inv_00,20170805,10:32:00,207.0,5.4,1118,219.0,4.8,1051,25787,16452,60.0,380.0
Station_01,Inv_00,20170805,10:33:00,210.5,16.5,3473,220.0,14.8,3256,25787,16452,63.3,1020.0
Station_01,Inv_00,20170805,10:34:00,206.0,6.3,1298,219.0,5.6,1226,25787,16452,62.1,488.0
Station_01,Inv_00,20170805,10:35:00,216.4,5.1,1103,218.0,4.6,1003,25787,16452,60.3,362.0
Station_01,Inv_00,20170805,10:36:00,224.0,4.7,1053,219.0,4.4,964,25787,16452,57.4,314.0
Station_01,Inv_00,20170805,10:37:00,218.0,5.6,1221,218.0,5.2,1134,25787,16452,54.0,341.0
Station_01,Inv_00,20170805,10:38:00,220.0,4.8,1056,219.0,4.6,1007,25787,16452,54.0,335.0
Station_01,Inv_00,20170805,10:39:00,224.0,4.6,1030,219.0,4.3,942,25787,16452,53.0,304.0
Station_01,Inv_00,20170805,10:40:00,224.4,13.7,3075,220.0,12.5,2750,25787,16452,52.9,567.0
Station_01,Inv_00,20170805,10:41:00,218.0,15.4,3357,220.0,14.3,3146,25787,16452,56.5,971.0
Station_01,Inv_00,20170805,10:42:00,215.5,15.7,3383,219.0,14.3,3132,25787,16452,58.5,981.0
Station_01,Inv_00,20170805,10:43:00,214.0,15.5,3317,219.0,14.2,3110,25787,16452,61.2,979.0
Station_01,Inv_00,20170805,10:44:00,206.0,16.1,3317,219.0,14.1,3088,25787,16452,60.5,997.0
Station_01,Inv_00,20170805,10:45:00,213.0,15.7,3344,219.0,14.3,3132,25788,16453,62.9,1004.0
Station_01,Inv_00,20170805,10:46:00,207.5,9.8,2033,218.0,9.1,1984,25788,16453,62.3,713.0
Station_01,Inv_00,20170805,10:47:00,207.4,6.3,1307,218.0,5.5,1199,25788,16453,62.7,493.0
Station_01,Inv_00,20170805,10:48:00,209.5,7.3,1529,219.0,6.7,1467,25788,16453,59.2,413.0
Station_01,Inv_00,20170805,10:49:00,208.0,17.9,3723,220.0,15.7,3454,25788,16453,62.2,1064.0
Station_01,Inv_00,20170805,10:50:00,211.5,17.2,3638,220.0,15.5,3410,25788,16453,61.5,1078.0
Station_01,Inv_00,20170805,10:51:00,210.5,6.4,1347,218.0,5.6,1221,25788,16453,61.6,460.0
Station_01,Inv_00,20170805,10:52:00,215.0,5.2,1118,218.0,4.8,1046,25788,16453,60.6,374.0
Station_01,Inv_00,20170805,10:53:00,216.5,5.7,1234,218.0,5.2,1134,25788,16453,57.3,356.0
Station_01,Inv_00,20170805,10:54:00,215.0,16.1,3462,219.0,14.8,3241,25788,16453,59.7,982.0
Station_01,Inv_00,20170805,10:55:00,216.0,15.4,3326,219.0,14.2,3110,25788,16453,60.3,1002.0
Station_01,Inv_00,20170805,10:56:00,211.5,15.3,3236,219.0,13.9,3044,25788,16453,61.8,982.0
Station_01,Inv_00,20170805,10:57:00,215.5,15.1,3254,219.0,13.9,3044,25788,16453,63.6,981.0
Station_01,Inv_00,20170805,10:58:00,209.5,15.2,3184,219.0,13.7,3000,25788,16453,64.4,963.0
Station_01,Inv_00,20170805,10:59:00,206.5,16.6,3427,219.0,14.5,3176,25788,16453,66.8,1023.0
Station_01,Inv_00,20170805,11:00:00,206.0,16.5,3398,220.0,14.6,3212,25788,16453,67.7,1051.0
Station_01,Inv_00,20170805,11:01:00,214.5,5.6,1201,218.0,5.1,1112,25788,16453,64.8,377.0
Station_01,Inv_00,20170805,11:02:00,215.4,6.5,1400,218.0,5.9,1286,25788,16453,60.5,380.0
Station_01,Inv_00,20170805,11:03:00,212.9,5.3,1129,217.0,4.7,1020,25788,16453,60.6,518.0
Station_01,Inv_00,20170805,11:04:00,219.5,5.0,1098,218.0,4.6,1003,25788,16453,58.4,320.0
Station_01,Inv_00,20170805,11:05:00,220.5,15.3,3373,220.0,14.4,3168,25788,16453,59.6,912.0
Station_01,Inv_00,20170805,11:06:00,222.5,5.1,1135,218.0,4.8,1046,25788,16453,56.9,400.0
Station_01,Inv_00,20170805,11:07:00,218.0,4.8,1046,218.0,4.6,1003,25788,16453,54.9,318.0
Station_01,Inv_00,20170805,11:08:00,220.4,6.3,1388,219.0,5.8,1270,25788,16453,53.9,346.0
Station_01,Inv_00,20170805,11:09:00,222.9,9.0,2006,219.0,8.8,1927,25788,16453,55.8,703.0
Station_01,Inv_00,20170805,11:10:00,212.0,17.0,3604,220.0,15.3,3366,25789,16453,58.1,1032.0
Station_01,Inv_00,20170805,11:11:00,207.0,10.7,2215,218.0,10.2,2224,25789,16453,60.7,952.0
Station_01,Inv_00,20170805,11:12:00,219.0,8.9,1949,219.0,8.2,1796,25789,16453,58.3,494.0
Station_01,Inv_00,20170805,11:13:00,216.0,11.8,2549,220.0,11.4,2508,25789,16453,59.3,901.0
Station_01,Inv_00,20170805,11:14:00,218.0,5.1,1112,219.0,4.6,1007,25789,16453,56.8,336.0
Station_01,Inv_00,20170805,11:15:00,218.5,5.0,1093,219.0,4.6,1007,25789,16453,55.4,315.0
Station_01,Inv_00,20170805,11:16:00,224.9,5.2,1169,219.0,5.1,1117,25789,16453,52.7,343.0
Station_01,Inv_00,20170805,11:17:00,218.5,15.5,3387,220.0,14.4,3168,25789,16453,56.0,954.0
Station_01,Inv_00,20170805,11:18:00,225.5,4.8,1082,219.0,4.5,986,25789,16453,54.6,383.0
Station_01,Inv_00,20170805,11:19:00,224.5,4.7,1055,218.0,4.4,959,25789,16453,52.5,306.0
Station_01,Inv_00,20170805,11:20:00,228.5,5.0,1142,218.0,4.9,1068,25789,16453,51.1,323.0
Station_01,Inv_00,20170805,11:21:00,228.5,6.4,1462,218.0,6.2,1352,25789,16453,50.5,373.0
Station_01,Inv_00,20170805,11:22:00,225.5,16.0,3608,219.0,15.4,3373,25789,16453,53.8,884.0
Station_01,Inv_00,20170805,11:23:00,227.4,7.5,1706,219.0,7.5,1643,25789,16453,52.9,474.0
Station_01,Inv_00,20170805,11:24:00,229.0,4.8,1099,217.0,4.6,998,25789,16453,51.0,330.0
Station_01,Inv_00,20170805,11:25:00,220.5,4.8,1058,218.0,4.6,1003,25789,16453,49.6,315.0
Station_01,Inv_00,20170805,11:26:00,229.5,5.0,1147,218.0,4.9,1068,25789,16453,48.5,324.0
Station_01,Inv_00,20170805,11:27:00,228.0,5.4,1231,218.0,5.1,1112,25789,16453,48.0,340.0
Station_01,Inv_00,20170805,11:28:00,230.0,5.7,1311,219.0,5.6,1226,25789,16453,46.3,372.0
Station_01,Inv_00,20170805,11:29:00,227.0,6.8,1544,219.0,6.6,1445,25789,16453,46.4,417.0
Station_01,Inv_00,20170805,11:30:00,230.0,11.0,2530,220.0,10.9,2398,25789,16453,46.4,601.0
Station_01,Inv_00,20170805,11:31:00,229.5,16.1,3695,220.0,15.6,3432,25789,16453,49.8,988.0
Station_01,Inv_00,20170805,11:32:00,221.5,13.1,2902,219.0,12.4,2716,25789,16453,50.7,866.0
Station_01,Inv_00,20170805,11:33:00,222.0,16.0,3552,219.0,15.2,3329,25789,16453,53.8,1039.0
Station_01,Inv_00,20170805,11:34:00,216.5,8.3,1797,218.0,7.8,1700,25789,16453,54.9,771.0
Station_01,Inv_00,20170805,11:35:00,223.5,7.6,1699,218.0,7.4,1613,25789,16453,53.4,520.0
Station_01,Inv_00,20170805,11:36:00,227.5,11.8,2685,219.0,10.8,2365,25789,16453,52.1,558.0
Station_01,Inv_00,20170805,11:37:00,222.5,7.9,1758,218.0,7.6,1657,25789,16453,53.0,553.0
Station_01,Inv_00,20170805,11:38:00,228.5,7.8,1782,218.0,7.7,1679,25789,16453,51.7,509.0
Station_01,Inv_00,20170805,11:39:00,232.5,12.0,2790,219.0,11.6,2540,25789,16453,52.8,591.0
Station_01,Inv_00,20170805,11:40:00,219.5,16.3,3578,220.0,15.6,3432,25790,16454,55.7,1115.0
Station_01,Inv_00,20170805,11:41:00,219.0,16.5,3613,220.0,15.4,3388,25790,16454,57.4,981.0
Station_01,Inv_00,20170805,11:42:00,219.9,16.4,3607,220.0,15.2,3344,25790,16454,57.4,716.0
Station_01,Inv_00,20170805,11:43:00,213.5,8.4,1793,219.0,7.7,1686,25790,16454,59.0,704.0
Station_01,Inv_00,20170805,11:44:00,211.4,17.1,3616,220.0,15.5,3410,25790,16454,59.0,1071.0
Station_01,Inv_00,20170805,11:45:00,212.9,17.4,3705,219.0,15.7,3438,25790,16454,57.9,985.0
Station_01,Inv_00,20170805,11:46:00,214.5,16.7,3581,219.0,15.3,3351,25790,16454,60.8,1064.0
Station_01,Inv_00,20170805,11:47:00,212.5,11.9,2529,219.0,10.7,2343,25790,16454,60.7,814.0
Station_01,Inv_00,20170805,11:48:00,210.5,17.4,3662,219.0,15.6,3416,25790,16454,63.3,1097.0
Station_01,Inv_00,20170805,11:49:00,212.0,14.4,3052,219.0,13.0,2847,25790,16454,62.7,892.0
Station_01,Inv_00,20170805,11:50:00,213.5,10.1,2156,218.0,9.2,2006,25790,16454,60.5,664.0
Station_01,Inv_00,20170805,11:51:00,209.5,13.8,2891,220.0,12.3,2706,25790,16454,60.2,781.0
Station_01,Inv_00,20170805,11:52:00,213.0,10.3,2194,219.0,9.8,2146,25790,16454,60.7,696.0
Station_01,Inv_00,20170805,11:53:00,215.0,10.1,2171,219.0,9.3,2037,25790,16454,59.6,597.0
Station_01,Inv_00,20170805,11:54:00,213.0,16.8,3578,220.0,15.3,3366,25790,16454,62.1,1018.0
Station_01,Inv_00,20170805,11:55:00,214.0,15.8,3381,220.0,14.4,3168,25790,16454,61.2,995.0
Station_01,Inv_00,20170805,11:56:00,211.5,13.7,2898,220.0,12.5,2750,25790,16454,60.9,890.0
Station_01,Inv_00,20170805,11:57:00,212.0,12.7,2692,219.0,11.7,2562,25790,16454,59.8,765.0
Station_01,Inv_00,20170805,11:58:00,214.5,12.6,2702,220.0,11.5,2530,25790,16454,57.8,812.0
Station_01,Inv_00,20170805,11:59:00,207.4,9.2,1909,219.0,8.3,1818,25790,16454,60.3,767.0
Station_01,Inv_00,20170805,12:00:00,211.0,10.3,2173,219.0,9.4,2059,25790,16454,58.2,647.0
Station_01,Inv_00,20170805,12:01:00,214.9,8.8,1891,219.0,8.2,1796,25791,16455,57.4,607.0
Station_01,Inv_00,20170805,12:02:00,220.0,7.8,1716,220.0,7.3,1606,25791,16455,56.6,500.0
Station_01,Inv_00,20170805,12:03:00,221.0,8.8,1945,219.0,8.6,1883,25791,16455,55.2,538.0
Station_01,Inv_00,20170805,12:04:00,225.5,7.0,1579,219.0,6.7,1467,25791,16455,54.5,456.0
Station_01,Inv_00,20170805,12:05:00,225.5,6.7,1511,219.0,6.4,1402,25791,16455,53.3,429.0
Station_01,Inv_00,20170805,12:06:00,229.0,6.2,1420,219.0,6.1,1336,25791,16455,51.8,405.0
Station_01,Inv_00,20170805,12:07:00,228.0,6.0,1368,219.0,6.0,1314,25791,16455,51.6,391.0
Station_01,Inv_00,20170805,12:08:00,232.5,6.0,1395,219.0,5.9,1292,25791,16455,50.9,386.0
Station_01,Inv_00,20170805,12:09:00,231.0,6.0,1386,219.0,5.9,1292,25791,16455,50.4,383.0
Station_01,Inv_00,20170805,12:10:00,232.5,6.0,1395,219.0,5.8,1270,25791,16455,49.6,383.0
Station_01,Inv_00,20170805,12:11:00,224.5,6.2,1392,219.0,5.9,1292,25791,16455,48.9,387.0
Station_01,Inv_00,20170805,12:12:00,227.0,6.3,1430,220.0,6.0,1320,25791,16455,48.2,392.0
Station_01,Inv_00,20170805,12:13:00,231.9,6.2,1438,220.0,6.1,1342,25791,16455,47.1,396.0
Station_01,Inv_00,20170805,12:14:00,235.0,6.2,1457,219.0,6.2,1358,25791,16455,47.0,399.0
Station_01,Inv_00,20170805,12:15:00,224.5,6.5,1459,220.0,6.2,1364,25791,16455,47.0,405.0
Station_01,Inv_00,20170805,12:16:00,225.5,6.6,1488,220.0,6.2,1364,25791,16455,46.3,415.0
Station_01,Inv_00,20170805,12:17:00,223.5,6.7,1497,219.0,6.3,1380,25791,16455,46.6,419.0
Station_01,Inv_00,20170805,12:18:00,224.0,6.9,1546,220.0,6.5,1430,25791,16455,46.3,436.0
Station_01,Inv_00,20170805,12:19:00,223.5,7.0,1564,220.0,6.8,1496,25791,16455,46.7,444.0
Station_01,Inv_00,20170805,12:20:00,229.5,7.1,1629,220.0,6.9,1518,25791,16455,45.9,455.0
Station_01,Inv_00,20170805,12:21:00,231.9,6.8,1577,220.0,6.7,1474,25791,16455,45.6,441.0
Station_01,Inv_00,20170805,12:22:00,233.5,6.6,1541,219.0,6.7,1467,25791,16455,45.9,433.0
Station_01,Inv_00,20170805,12:23:00,232.5,7.2,1674,219.0,7.2,1577,25791,16455,46.2,457.0
Station_01,Inv_00,20170805,12:24:00,231.5,8.0,1852,219.0,7.8,1708,25791,16455,46.6,497.0
Station_01,Inv_00,20170805,12:25:00,230.0,10.8,2484,219.0,10.6,2321,25791,16455,48.4,610.0
Station_01,Inv_00,20170805,12:26:00,229.0,11.4,2610,220.0,11.1,2442,25791,16455,48.8,679.0
Station_01,Inv_00,20170805,12:27:00,224.5,17.3,3884,220.0,16.5,3630,25791,16455,51.0,1073.0
Station_01,Inv_00,20170805,12:28:00,220.0,17.7,3893,220.0,16.5,3630,25791,16455,55.1,1126.0
Station_01,Inv_00,20170805,12:29:00,214.5,17.5,3754,220.0,16.0,3520,25791,16455,56.3,1110.0
Station_01,Inv_00,20170805,12:30:00,215.0,16.8,3612,221.0,15.3,3381,25791,16455,60.1,1060.0
Station_01,Inv_00,20170805,12:31:00,213.5,12.1,2583,220.0,11.2,2464,25791,16455,61.8,894.0
Station_01,Inv_00,20170805,12:32:00,213.0,10.7,2279,220.0,9.7,2134,25792,16455,60.2,712.0
Station_01,Inv_00,20170805,12:33:00,217.4,13.4,2914,220.0,12.6,2772,25792,16455,60.6,965.0
Station_01,Inv_00,20170805,12:34:00,210.0,17.8,3738,221.0,15.8,3492,25792,16455,62.4,1099.0
Station_01,Inv_00,20170805,12:35:00,201.5,18.4,3707,221.0,15.6,3448,25792,16455,64.0,1126.0
Station_01,Inv_00,20170805,12:36:00,207.5,17.9,3714,221.0,15.7,3470,25792,16455,64.3,1130.0
Station_01,Inv_00,20170805,12:37:00,199.5,15.9,3172,220.0,13.6,2992,25792,16455,67.8,1081.0
Station_01,Inv_00,20170805,12:38:00,196.0,10.7,2097,219.0,9.7,2124,25792,16455,66.6,896.0
Station_01,Inv_00,20170805,12:39:00,213.9,7.0,1498,219.0,6.4,1402,25792,16455,63.6,453.0
Station_01,Inv_00,20170805,12:40:00,216.0,6.9,1490,219.0,6.3,1380,25792,16455,59.9,432.0
Station_01,Inv_00,20170805,12:41:00,222.9,7.0,1561,219.0,6.6,1445,25792,16455,55.7,443.0
Station_01,Inv_00,20170805,12:42:00,215.9,12.4,2677,220.0,13.3,2926,25792,16455,55.3,639.0
Station_01,Inv_00,20170805,12:43:00,208.5,16.7,3482,220.0,14.8,3256,25792,16455,56.5,1008.0
Station_01,Inv_00,20170805,12:44:00,202.5,11.2,2268,219.0,10.1,2212,25792,16455,56.7,814.0
Station_01,Inv_00,20170805,12:45:00,209.9,10.8,2267,220.0,9.7,2134,25792,16455,56.4,618.0
Station_01,Inv_00,20170805,12:46:00,219.5,13.6,2985,220.0,12.5,2750,25792,16455,56.6,813.0
Station_01,Inv_00,20170805,12:47:00,218.0,13.4,2921,221.0,12.5,2763,25792,16455,57.5,900.0
Station_01,Inv_00,20170805,12:48:00,221.0,14.9,3292,221.0,14.0,3094,25792,16455,58.6,864.0
Station_01,Inv_00,20170805,12:49:00,206.0,14.9,3069,220.0,13.4,2948,25792,16455,59.9,968.0
Station_01,Inv_00,20170805,12:50:00,209.0,8.6,1797,219.0,7.7,1686,25792,16455,57.4,611.0
Station_01,Inv_00,20170805,12:51:00,215.5,15.4,3319,220.0,14.2,3124,25792,16455,58.8,941.0
Station_01,Inv_00,20170805,12:52:00,211.0,15.7,3313,220.0,14.2,3124,25792,16455,59.3,983.0
Station_01,Inv_00,20170805,12:53:00,211.5,16.0,3384,220.0,14.4,3168,25792,16455,59.3,995.0
Station_01,Inv_00,20170805,12:54:00,215.0,15.4,3311,220.0,14.2,3124,25793,16456,60.3,984.0
Station_01,Inv_00,20170805,12:55:00,214.0,14.1,3017,219.0,12.9,2825,25793,16456,60.6,921.0
Station_01,Inv_00,20170805,12:56:00,217.0,13.0,2821,220.0,12.0,2640,25793,16456,58.4,839.0
Station_01,Inv_00,20170805,12:57:00,209.9,15.1,3170,221.0,13.4,2961,25793,16456,59.0,927.0
Station_01,Inv_00,20170805,12:58:00,213.0,15.3,3259,221.0,13.9,3072,25793,16456,59.5,954.0
Station_01,Inv_00,20170805,12:59:00,211.5,15.5,3278,220.0,13.9,3058,25793,16456,59.9,965.0
Station_01,Inv_00,20170805,13:00:00,213.5,15.3,3267,219.0,13.9,3044,25793,16456,59.6,958.0
Station_01,Inv_00,20170805,13:01:00,214.5,14.9,3196,219.0,13.7,3000,25793,16456,60.5,949.0
Station_01,Inv_00,20170805,13:02:00,210.5,15.0,3157,219.0,13.6,2978,25793,16456,62.7,937.0
Station_01,Inv_00,20170805,13:03:00,209.0,15.3,3198,219.0,13.7,3000,25793,16456,61.4,949.0
Station_01,Inv_00,20170805,13:04:00,198.5,15.7,3116,219.0,13.4,2935,25793,16456,61.6,950.0
Station_01,Inv_00,20170805,13:05:00,200.0,15.6,3120,219.0,13.3,2913,25793,16456,62.0,942.0
Station_01,Inv_00,20170805,13:06:00,198.5,15.5,3077,219.0,13.2,2891,25793,16456,62.8,930.0
Station_01,Inv_00,20170805,13:07:00,198.0,15.0,2970,218.0,12.8,2790,25793,16456,63.1,911.0
Station_01,Inv_00,20170805,13:08:00,197.5,13.1,2587,218.0,11.3,2463,25793,16456,62.4,786.0
Station_01,Inv_00,20170805,13:09:00,213.5,14.6,3117,219.0,13.4,2935,25793,16456,62.5,911.0
Station_01,Inv_00,20170805,13:10:00,202.5,15.3,3098,219.0,13.3,2913,25793,16456,63.0,929.0
Station_01,Inv_00,20170805,13:11:00,202.5,14.5,2936,218.0,12.6,2747,25793,16456,61.2,898.0
Station_01,Inv_00,20170805,13:12:00,202.5,15.7,3179,218.0,13.6,2965,25793,16456,63.3,939.0
Station_01,Inv_00,20170805,13:13:00,197.5,16.1,3180,218.0,13.7,2987,25794,16457,63.2,962.0
Station_01,Inv_00,20170805,13:14:00,210.0,15.7,3297,219.0,14.1,3088,25794,16457,61.9,974.0
Station_01,Inv_00,20170805,13:15:00,210.5,15.8,3325,218.0,14.3,3117,25794,16457,64.0,980.0
Station_01,Inv_00,20170805,13:16:00,208.5,16.1,3357,218.0,14.4,3139,25794,16457,64.2,987.0
Station_01,Inv_00,20170805,13:17:00,209.0,15.9,3323,218.0,14.3,3117,25794,16457,66.3,982.0
Station_01,Inv_00,20170805,13:18:00,200.9,16.5,3316,218.0,14.2,3096,25794,16457,64.6,987.0
Station_01,Inv_00,20170805,13:19:00,204.5,15.8,3231,218.0,13.8,3008,25794,16457,63.8,921.0
Station_01,Inv_00,20170805,13:20:00,205.5,16.5,3390,219.0,14.4,3154,25794,16457,62.8,878.0
Station_01,Inv_00,20170805,13:21:00,197.0,15.8,3112,219.0,13.4,2935,25794,16457,63.1,939.0
Station_01,Inv_00,20170805,13:22:00,201.0,11.6,2332,219.0,10.2,2234,25794,16457,63.6,831.0
Station_01,Inv_00,20170805,13:23:00,202.5,9.3,1884,218.0,8.7,1897,25794,16457,61.0,649.0
Station_01,Inv_00,20170805,13:24:00,214.4,6.3,1351,218.0,5.7,1243,25794,16457,60.4,402.0
Station_01,Inv_00,20170805,13:25:00,216.5,5.6,1212,218.0,5.1,1112,25794,16457,57.0,349.0
Station_01,Inv_00,20170805,13:26:00,223.0,5.0,1115,218.0,4.8,1046,25794,16457,55.2,320.0
Station_01,Inv_00,20170805,13:27:00,226.5,4.7,1065,217.0,4.5,977,25794,16457,53.0,300.0
Station_01,Inv_00,20170805,13:28:00,226.0,4.5,1017,217.0,4.3,933,25794,16457,52.0,282.0
Station_01,Inv_00,20170805,13:29:00,228.5,4.6,1051,216.0,4.6,994,25794,16457,50.1,291.0
Station_01,Inv_00,20170805,13:30:00,232.5,13.3,3092,218.0,11.5,2507,25794,16457,50.8,672.0
Station_01,Inv_00,20170805,13:31:00,220.0,11.6,2552,218.0,11.3,2463,25794,16457,52.9,767.0
Station_01,Inv_00,20170805,13:32:00,212.5,9.1,1934,218.0,8.4,1831,25794,16457,54.0,764.0
Station_01,Inv_00,20170805,13:33:00,206.0,7.3,1504,217.0,6.8,1476,25794,16457,54.9,743.0
Station_01,Inv_00,20170805,13:34:00,223.3,5.8,1295,217.0,5.6,1215,25794,16457,52.4,370.0
Station_01,Inv_00,20170805,13:35:00,219.0,6.2,1358,217.0,5.8,1259,25794,16457,51.4,372.0
Station_01,Inv_00,20170805,13:36:00,212.9,9.9,2108,218.0,9.5,2071,25794,16457,50.9,506.0
Station_01,Inv_00,20170805,13:37:00,215.9,9.9,2138,219.0,11.4,2497,25794,16457,53.2,829.0
Station_01,Inv_00,20170805,13:38:00,218.5,14.7,3212,219.0,13.9,3044,25794,16457,54.5,896.0
Station_01,Inv_00,20170805,13:39:00,217.5,6.0,1305,217.0,5.6,1215,25795,16457,52.7,395.0
Station_01,Inv_00,20170805,13:40:00,228.0,5.6,1277,217.0,5.6,1215,25795,16457,50.2,364.0
Station_01,Inv_00,20170805,13:41:00,205.0,6.0,1230,217.0,5.2,1128,25795,16457,49.5,365.0
Station_01,Inv_00,20170805,13:42:00,234.0,5.6,1310,218.0,5.6,1221,25795,16457,48.5,361.0
Station_01,Inv_00,20170805,13:43:00,231.5,5.3,1227,217.0,5.3,1150,25795,16457,47.9,341.0
Station_01,Inv_00,20170805,13:44:00,232.5,5.5,1279,217.0,5.4,1172,25795,16457,47.6,346.0
Station_01,Inv_00,20170805,13:45:00,230.0,5.4,1242,217.0,5.4,1172,25795,16457,47.0,344.0
Station_01,Inv_00,20170805,13:46:00,229.0,5.8,1328,217.0,5.6,1215,25795,16457,46.6,356.0
Station_01,Inv_00,20170805,13:47:00,232.0,6.0,1392,218.0,5.9,1286,25795,16457,47.3,365.0
Station_01,Inv_00,20170805,13:48:00,226.0,6.6,1491,218.0,6.4,1395,25795,16457,46.9,394.0
Station_01,Inv_00,20170805,13:49:00,226.0,11.8,2667,219.0,11.7,2562,25795,16457,47.2,605.0
Station_01,Inv_00,20170805,13:50:00,226.0,12.9,2915,219.0,12.6,2759,25795,16457,49.6,776.0
Station_01,Inv_00,20170805,13:51:00,233.0,6.3,1468,217.0,6.3,1367,25795,16457,49.5,424.0
Station_01,Inv_00,20170805,13:52:00,214.0,6.0,1284,217.0,5.6,1215,25795,16457,48.8,382.0
Station_01,Inv_00,20170805,13:53:00,232.8,5.5,1281,217.0,5.4,1172,25795,16457,47.1,352.0
Station_01,Inv_00,20170805,13:54:00,233.5,5.0,1168,217.0,5.0,1085,25795,16457,46.2,325.0
Station_01,Inv_00,20170805,13:55:00,233.9,4.6,1076,217.0,4.6,998,25795,16457,45.5,299.0
Station_01,Inv_00,20170805,13:56:00,230.5,4.4,1014,217.0,4.4,955,25795,16457,44.4,289.0
Station_01,Inv_00,20170805,13:57:00,233.0,4.4,1025,217.0,4.3,933,25795,16457,44.4,279.0
Station_01,Inv_00,20170805,13:58:00,233.5,4.4,1027,218.0,4.3,937,25795,16457,43.7,278.0
Station_01,Inv_00,20170805,13:59:00,230.0,4.4,1012,218.0,4.4,959,25795,16457,43.5,283.0
Station_01,Inv_00,20170805,14:00:00,232.4,4.6,1069,218.0,4.5,981,25795,16457,42.8,287.0
Station_01,Inv_00,20170805,14:01:00,236.0,4.8,1133,218.0,4.7,1025,25795,16457,43.5,310.0
Station_01,Inv_00,20170805,14:02:00,236.4,4.7,1111,218.0,4.8,1046,25795,16457,44.0,307.0
Station_01,Inv_00,20170805,14:03:00,206.6,4.9,1013,218.0,4.2,916,25795,16457,43.5,305.0
Station_01,Inv_00,20170805,14:04:00,234.0,4.5,1053,218.0,4.6,1003,25795,16457,42.7,295.0
Station_01,Inv_00,20170805,14:05:00,236.3,4.4,1040,218.0,4.3,937,25795,16457,43.1,282.0
Station_01,Inv_00,20170805,14:06:00,227.0,4.2,953,218.0,4.1,894,25795,16457,42.6,268.0
Station_01,Inv_00,20170805,14:07:00,228.6,4.1,937,217.0,4.0,868,25795,16457,42.0,260.0
Station_01,Inv_00,20170805,14:08:00,234.4,4.0,938,217.0,3.9,846,25795,16457,41.1,256.0
Station_01,Inv_00,20170805,14:09:00,241.0,3.6,868,217.0,3.9,846,25795,16457,41.0,245.0
Station_01,Inv_00,20170805,14:10:00,235.4,3.6,848,217.0,3.8,825,25795,16457,41.1,237.0
Station_01,Inv_00,20170805,14:11:00,231.5,3.6,833,217.0,3.6,781,25795,16457,40.7,233.0
Station_01,Inv_00,20170805,14:12:00,234.5,4.2,985,218.0,4.1,894,25795,16457,40.7,266.0
Station_01,Inv_00,20170805,14:13:00,235.5,4.4,1036,217.0,4.3,933,25795,16457,41.0,273.0
Station_01,Inv_00,20170805,14:14:00,235.5,4.4,1036,217.0,4.3,933,25795,16457,40.9,279.0
Station_01,Inv_00,20170805,14:15:00,240.8,4.4,1060,217.0,4.5,977,25795,16457,40.8,285.0
Station_01,Inv_00,20170805,14:16:00,228.5,4.2,960,217.0,4.1,890,25795,16457,40.7,270.0
Station_01,Inv_00,20170805,14:17:00,237.5,3.8,903,217.0,3.9,846,25795,16457,40.6,248.0
Station_01,Inv_00,20170805,14:18:00,239.4,3.6,862,218.0,3.7,807,25795,16457,40.1,234.0
Station_01,Inv_00,20170805,14:19:00,230.0,3.4,782,217.0,3.4,738,25795,16457,39.9,216.0
Station_01,Inv_00,20170805,14:20:00,236.0,3.8,897,217.0,3.9,846,25795,16457,39.6,241.0
Station_01,Inv_00,20170805,14:21:00,233.5,3.7,864,218.0,3.7,807,25795,16457,40.0,240.0
Station_01,Inv_00,20170805,14:22:00,236.0,3.6,850,217.0,3.6,781,25795,16457,40.0,230.0
Station_01,Inv_00,20170805,14:23:00,238.5,3.8,906,217.0,3.9,846,25795,16457,39.7,250.0
Station_01,Inv_00,20170805,14:24:00,237.0,4.2,995,218.0,4.1,894,25795,16457,39.8,268.0
Station_01,Inv_00,20170805,14:25:00,239.3,4.3,1029,218.0,4.4,959,25795,16457,40.0,281.0
Station_01,Inv_00,20170805,14:26:00,226.0,4.8,1085,218.0,4.6,1003,25795,16457,40.3,294.0
Station_01,Inv_00,20170805,14:27:00,235.5,5.0,1178,218.0,4.9,1068,25795,16457,41.0,309.0
Station_01,Inv_00,20170805,14:28:00,236.0,5.4,1274,219.0,5.4,1183,25795,16457,41.3,335.0
Station_01,Inv_00,20170805,14:29:00,234.0,6.3,1474,219.0,6.2,1358,25795,16457,42.0,381.0
Station_01,Inv_00,20170805,14:30:00,231.5,9.6,2222,220.0,9.5,2090,25796,16458,43.6,603.0
Station_01,Inv_00,20170805,14:31:00,230.0,12.6,2898,219.0,12.4,2716,25796,16458,44.9,755.0
Station_01,Inv_00,20170805,14:32:00,228.5,13.8,3153,219.0,13.4,2935,25796,16458,48.0,842.0
Station_01,Inv_00,20170805,14:33:00,224.0,14.3,3203,219.0,13.7,3000,25796,16458,50.4,880.0
Station_01,Inv_00,20170805,14:34:00,221.9,14.0,3107,218.0,13.3,2899,25796,16458,52.0,870.0
Station_01,Inv_00,20170805,14:35:00,223.4,13.0,2904,219.0,12.5,2738,25796,16458,52.8,813.0
Station_01,Inv_00,20170805,14:36:00,228.1,12.9,2943,218.0,12.7,2769,25796,16458,53.6,837.0
Station_01,Inv_00,20170805,14:37:00,227.7,12.8,2914,218.0,12.6,2747,25796,16458,55.6,824.0
Station_01,Inv_00,20170805,14:38:00,221.0,12.1,2674,218.0,11.6,2529,25796,16458,53.9,774.0
Station_01,Inv_00,20170805,14:39:00,218.5,7.7,1682,218.0,7.6,1657,25796,16458,54.0,606.0
Station_01,Inv_00,20170805,14:40:00,227.0,9.7,2202,218.0,9.4,2049,25796,16458,52.6,467.0
Station_01,Inv_00,20170805,14:41:00,223.5,12.7,2838,219.0,12.2,2672,25796,16458,52.8,790.0
Station_01,Inv_00,20170805,14:42:00,219.0,12.8,2803,220.0,12.1,2662,25796,16458,52.9,793.0
Station_01,Inv_00,20170805,14:43:00,223.5,12.8,2860,220.0,12.2,2684,25796,16458,54.6,793.0
Station_01,Inv_00,20170805,14:44:00,224.0,12.5,2800,220.0,12.0,2640,25796,16458,54.4,787.0
Station_01,Inv_00,20170805,14:45:00,221.0,12.3,2718,219.0,11.8,2584,25796,16458,55.3,767.0
Station_01,Inv_00,20170805,14:46:00,215.5,12.3,2651,219.0,11.4,2497,25796,16458,54.5,757.0
Station_01,Inv_00,20170805,14:47:00,213.5,12.3,2626,219.0,11.3,2475,25796,16458,55.4,750.0
Station_01,Inv_00,20170805,14:48:00,214.0,12.1,2589,219.0,11.1,2431,25796,16458,55.6,735.0
Station_01,Inv_00,20170805,14:49:00,223.0,11.7,2609,218.0,11.2,2442,25796,16458,54.4,739.0
Station_01,Inv_00,20170805,14:50:00,220.0,12.1,2662,219.0,11.4,2497,25796,16458,57.1,748.0
Station_01,Inv_00,20170805,14:51:00,216.0,12.2,2635,219.0,11.3,2475,25796,16458,56.7,752.0
Station_01,Inv_00,20170805,14:52:00,221.0,11.8,2608,219.0,11.3,2475,25797,16458,57.1,744.0
Station_01,Inv_00,20170805,14:53:00,213.0,12.0,2555,218.0,11.1,2420,25797,16458,55.4,734.0
Station_01,Inv_00,20170805,14:54:00,223.0,11.7,2609,218.0,11.3,2463,25797,16458,56.6,736.0
Station_01,Inv_00,20170805,14:55:00,221.0,11.7,2586,219.0,11.2,2453,25797,16458,56.6,733.0
Station_01,Inv_00,20170805,14:56:00,216.0,12.4,2678,219.0,11.5,2519,25797,16458,56.1,751.0
Station_01,Inv_00,20170805,14:57:00,219.9,11.7,2573,219.0,11.1,2431,25797,16458,56.6,766.0
Station_01,Inv_00,20170805,14:58:00,218.4,12.2,2664,220.0,11.3,2486,25797,16458,56.8,763.0
Station_01,Inv_00,20170805,14:59:00,217.9,11.8,2572,219.0,11.2,2453,25797,16458,56.0,747.0
Station_01,Inv_00,20170805,15:00:00,212.5,12.3,2614,219.0,11.2,2453,25797,16458,55.2,740.0
Station_01,Inv_00,20170805,15:01:00,225.0,11.6,2610,219.0,11.3,2475,25797,16458,55.9,745.0
Station_01,Inv_00,20170805,15:02:00,221.0,11.6,2563,219.0,11.0,2409,25797,16458,55.7,729.0
Station_01,Inv_00,20170805,15:03:00,214.0,6.2,1327,218.0,5.8,1264,25797,16458,53.6,623.0
Station_01,Inv_00,20170805,15:04:00,224.0,5.2,1165,218.0,4.9,1068,25797,16458,52.0,348.0
Station_01,Inv_00,20170805,15:05:00,224.0,5.1,1142,218.0,4.9,1068,25797,16458,49.9,319.0
Station_01,Inv_00,20170805,15:06:00,223.4,11.9,2658,219.0,11.5,2519,25797,16458,50.3,678.0
Station_01,Inv_00,20170805,15:07:00,228.4,8.8,2010,220.0,8.6,1892,25797,16458,49.7,627.0
Station_01,Inv_00,20170805,15:08:00,226.5,12.4,2808,220.0,12.1,2662,25797,16458,50.4,770.0
Station_01,Inv_00,20170805,15:09:00,227.0,12.4,2814,219.0,12.1,2650,25797,16458,51.2,774.0
Station_01,Inv_00,20170805,15:10:00,228.0,12.0,2736,219.0,11.8,2584,25797,16458,52.6,766.0
Station_01,Inv_00,20170805,15:11:00,225.5,11.9,2683,219.0,11.7,2562,25797,16458,53.6,754.0
Station_01,Inv_00,20170805,15:12:00,224.5,12.0,2694,219.0,11.6,2540,25797,16458,54.6,747.0
Station_01,Inv_00,20170805,15:13:00,221.0,11.9,2630,220.0,11.3,2486,25797,16458,55.9,737.0
Station_01,Inv_00,20170805,15:14:00,221.5,11.9,2636,219.0,11.3,2475,25797,16458,55.0,737.0
Station_01,Inv_00,20170805,15:15:00,210.0,6.7,1407,218.0,6.1,1330,25797,16458,55.2,602.0
Station_01,Inv_00,20170805,15:16:00,222.5,9.7,2158,218.0,9.3,2027,25797,16458,52.7,575.0
Station_01,Inv_00,20170805,15:17:00,223.5,12.1,2704,219.0,11.6,2540,25798,16459,54.2,747.0
Station_01,Inv_00,20170805,15:18:00,223.0,12.0,2676,219.0,11.6,2540,25798,16459,55.0,750.0
Station_01,Inv_00,20170805,15:19:00,219.0,12.0,2628,219.0,11.3,2475,25798,16459,54.4,666.0
Station_01,Inv_00,20170805,15:20:00,222.0,11.8,2619,219.0,11.3,2475,25798,16459,54.9,708.0
Station_01,Inv_00,20170805,15:21:00,222.0,11.8,2620,219.0,11.3,2475,25798,16459,54.6,727.0
Station_01,Inv_00,20170805,15:22:00,224.0,11.6,2598,219.0,11.2,2453,25798,16459,55.3,722.0
Station_01,Inv_00,20170805,15:23:00,225.0,11.3,2543,219.0,11.0,2409,25798,16459,56.7,712.0
Station_01,Inv_00,20170805,15:24:00,224.5,11.2,2514,220.0,10.8,2376,25798,16459,54.6,706.0
Station_01,Inv_00,20170805,15:25:00,211.0,6.8,1435,219.0,6.3,1380,25798,16459,56.3,655.0
Station_01,Inv_00,20170805,15:26:00,219.5,9.6,2107,220.0,9.3,2046,25798,16459,55.1,662.0
Station_01,Inv_00,20170805,15:27:00,224.5,11.0,2469,220.0,10.5,2310,25798,16459,53.4,581.0
Station_01,Inv_00,20170805,15:28:00,224.5,6.2,1392,218.0,6.0,1308,25798,16459,52.0,525.0
Station_01,Inv_00,20170805,15:29:00,226.5,11.2,2537,220.0,10.9,2398,25798,16459,52.1,630.0
Station_01,Inv_00,20170805,15:30:00,228.5,11.3,2582,220.0,11.2,2464,25798,16459,52.2,718.0
Station_01,Inv_00,20170805,15:31:00,221.9,11.4,2530,220.0,10.9,2398,25798,16459,53.4,708.0
Station_01,Inv_00,20170805,15:32:00,224.5,11.1,2492,220.0,10.8,2376,25798,16459,53.0,698.0
Station_01,Inv_00,20170805,15:33:00,223.0,10.8,2408,220.0,10.3,2266,25798,16459,53.4,672.0
Station_01,Inv_00,20170805,15:34:00,220.0,10.7,2354,220.0,10.1,2222,25798,16459,52.9,661.0
Station_01,Inv_00,20170805,15:35:00,228.0,10.3,2348,220.0,10.2,2244,25798,16459,54.2,657.0
Station_01,Inv_00,20170805,15:36:00,214.0,10.8,2311,219.0,10.0,2190,25798,16459,54.0,657.0
Station_01,Inv_00,20170805,15:37:00,206.5,10.9,2251,219.0,9.8,2146,25798,16459,52.8,656.0
Station_01,Inv_00,20170805,15:38:00,225.5,10.5,2368,219.0,10.2,2234,25798,16459,52.6,660.0
Station_01,Inv_00,20170805,15:39:00,224.9,10.4,2339,219.0,10.1,2212,25798,16459,54.0,653.0
Station_01,Inv_00,20170805,15:40:00,227.5,10.1,2298,219.0,9.9,2168,25798,16459,53.0,648.0
Station_01,Inv_00,20170805,15:41:00,228.0,9.7,2211,219.0,9.6,2102,25798,16459,52.3,621.0
Station_01,Inv_00,20170805,15:42:00,225.0,9.8,2205,218.0,9.5,2071,25798,16459,51.8,613.0
Station_01,Inv_00,20170805,15:43:00,228.0,9.5,2166,218.0,9.2,2006,25799,16460,51.7,604.0
Station_01,Inv_00,20170805,15:44:00,225.0,9.7,2182,218.0,9.5,2071,25799,16460,51.5,614.0
Station_01,Inv_00,20170805,15:45:00,226.5,7.9,1789,218.0,7.6,1657,25799,16460,51.1,536.0
Station_01,Inv_00,20170805,15:46:00,229.0,8.7,1992,218.0,8.5,1853,25799,16460,50.0,485.0
Station_01,Inv_00,20170805,15:47:00,227.5,9.3,2116,218.0,9.1,1984,25799,16460,51.3,586.0
Station_01,Inv_00,20170805,15:48:00,228.9,8.8,2015,219.0,8.6,1883,25799,16460,51.9,561.0
Station_01,Inv_00,20170805,15:49:00,223.5,8.8,1967,219.0,8.4,1840,25799,16460,50.4,559.0
Station_01,Inv_00,20170805,15:50:00,215.5,6.0,1293,219.0,5.6,1226,25799,16460,50.2,472.0
Station_01,Inv_00,20170805,15:51:00,227.4,8.2,1864,219.0,8.1,1774,25799,16460,50.8,512.0
Station_01,Inv_00,20170805,15:52:00,224.5,8.5,1908,219.0,8.2,1796,25799,16460,49.8,527.0
Station_01,Inv_00,20170805,15:53:00,223.5,8.9,1989,218.0,8.6,1875,25799,16460,50.0,555.0
Station_01,Inv_00,20170805,15:54:00,220.0,5.5,1210,218.0,5.0,1090,25799,16460,49.4,427.0
Station_01,Inv_00,20170805,15:55:00,227.9,8.8,2006,218.0,8.7,1897,25799,16460,50.1,545.0
Station_01,Inv_00,20170805,15:56:00,228.0,9.0,2052,218.0,9.0,1962,25799,16460,49.9,553.0
Station_01,Inv_00,20170805,15:57:00,229.5,8.6,1974,218.0,8.4,1831,25799,16460,50.2,557.0
Station_01,Inv_00,20170805,15:58:00,226.5,5.8,1314,218.0,5.6,1221,25799,16460,48.4,394.0
Station_01,Inv_00,20170805,15:59:00,217.0,9.0,1953,218.0,8.6,1875,25799,16460,48.8,548.0
Station_01,Inv_00,20170805,16:00:00,231.0,8.5,1964,219.0,8.3,1818,25799,16460,48.8,515.0
Station_01,Inv_00,20170805,16:01:00,225.5,8.9,2007,218.0,8.7,1897,25799,16460,49.6,546.0
Station_01,Inv_00,20170805,16:02:00,228.0,9.1,2075,218.0,8.9,1940,25799,16460,50.6,569.0
Station_01,Inv_00,20170805,16:03:00,229.5,8.9,2043,218.0,8.9,1940,25799,16460,50.8,568.0
Station_01,Inv_00,20170805,16:04:00,230.0,8.8,2024,218.0,8.8,1918,25799,16460,51.0,565.0
Station_01,Inv_00,20170805,16:05:00,228.5,8.4,1919,218.0,8.4,1831,25799,16460,50.1,543.0
Station_01,Inv_00,20170805,16:06:00,231.5,7.8,1805,218.0,7.9,1722,25799,16460,51.0,513.0
Station_01,Inv_00,20170805,16:07:00,227.5,7.6,1729,217.0,7.6,1649,25799,16460,50.4,482.0
Station_01,Inv_00,20170805,16:08:00,225.9,7.4,1672,218.0,7.3,1591,25799,16460,50.5,477.0
Station_01,Inv_00,20170805,16:09:00,228.0,8.3,1892,219.0,8.2,1796,25799,16460,50.6,524.0
Station_01,Inv_00,20170805,16:10:00,228.0,8.4,1915,218.0,8.2,1788,25799,16460,49.5,527.0
Station_01,Inv_00,20170805,16:11:00,226.5,8.2,1857,218.0,8.1,1766,25799,16460,48.9,523.0
Station_01,Inv_00,20170805,16:12:00,229.0,7.9,1809,218.0,7.9,1722,25799,16460,49.7,507.0
Station_01,Inv_00,20170805,16:13:00,220.5,8.1,1786,218.0,7.7,1679,25799,16460,49.8,496.0
Station_01,Inv_00,20170805,16:14:00,232.0,7.5,1740,218.0,7.6,1657,25800,16460,48.7,486.0
Station_01,Inv_00,20170805,16:15:00,227.5,7.8,1774,218.0,7.6,1657,25800,16460,49.9,483.0
Station_01,Inv_00,20170805,16:16:00,230.5,7.7,1775,218.0,7.6,1657,25800,16460,49.6,483.0
Station_01,Inv_00,20170805,16:17:00,228.9,7.6,1740,218.0,7.6,1657,25800,16460,48.9,487.0
Station_01,Inv_00,20170805,16:18:00,226.4,7.1,1607,218.0,7.0,1526,25800,16460,50.3,459.0
Station_01,Inv_00,20170805,16:19:00,230.5,6.7,1544,218.0,6.6,1439,25800,16460,50.2,433.0
Station_01,Inv_00,20170805,16:20:00,232.0,6.8,1578,218.0,6.7,1461,25800,16460,49.8,418.0
Station_01,Inv_00,20170805,16:21:00,228.9,7.4,1694,218.0,7.2,1570,25800,16460,50.8,455.0
Station_01,Inv_00,20170805,16:22:00,226.9,7.0,1589,218.0,6.7,1461,25800,16460,50.2,441.0
Station_01,Inv_00,20170805,16:23:00,229.3,5.8,1330,218.0,5.6,1221,25800,16460,49.8,368.0
Station_01,Inv_00,20170805,16:24:00,229.4,5.9,1353,218.0,5.7,1243,25800,16460,48.7,376.0
Station_01,Inv_00,20170805,16:25:00,229.0,4.6,1053,218.0,4.5,981,25800,16460,49.1,316.0
Station_01,Inv_00,20170805,16:26:00,228.9,3.4,778,218.0,3.5,763,25800,16460,47.9,229.0
Station_01,Inv_00,20170805,16:27:00,227.1,3.3,749,219.0,3.3,723,25800,16460,46.3,215.0
Station_01,Inv_00,20170805,16:28:00,226.0,3.3,746,218.0,3.2,698,25800,16460,45.8,208.0
Station_01,Inv_00,20170805,16:29:00,228.5,3.1,708,218.0,3.1,676,25800,16460,44.1,206.0
Station_01,Inv_00,20170805,16:30:00,233.0,3.0,699,219.0,3.1,679,25800,16460,43.4,201.0
Station_01,Inv_00,20170805,16:31:00,232.5,3.3,767,219.0,3.4,745,25800,16460,42.1,214.0
Station_01,Inv_00,20170805,16:32:00,224.0,3.3,739,219.0,3.2,701,25800,16460,42.0,206.0
Station_01,Inv_00,20170805,16:33:00,235.0,3.2,752,219.0,3.3,723,25800,16460,41.9,213.0
Station_01,Inv_00,20170805,16:34:00,233.0,3.2,746,219.0,3.3,723,25800,16460,41.6,210.0
Station_01,Inv_00,20170805,16:35:00,236.0,4.9,1156,219.0,5.0,1095,25800,16460,42.0,310.0
Station_01,Inv_00,20170805,16:36:00,233.5,5.2,1214,220.0,5.2,1144,25800,16460,42.4,341.0
Station_01,Inv_00,20170805,16:37:00,237.0,3.4,806,219.0,3.5,767,25800,16460,42.1,236.0
Station_01,Inv_00,20170805,16:38:00,235.9,3.9,920,219.0,3.9,854,25800,16460,41.5,257.0
Station_01,Inv_00,20170805,16:39:00,230.0,5.2,1196,219.0,5.0,1095,25800,16460,41.9,328.0
Station_01,Inv_00,20170805,16:40:00,232.9,4.8,1118,219.0,4.8,1051,25800,16460,42.1,325.0
Station_01,Inv_00,20170805,16:41:00,236.0,4.9,1156,219.0,4.8,1051,25800,16460,42.6,319.0
Station_01,Inv_00,20170805,16:42:00,236.0,4.7,1109,219.0,4.7,1029,25800,16460,42.7,315.0
Station_01,Inv_00,20170805,16:43:00,236.0,4.2,991,218.0,4.3,937,25800,16460,43.3,291.0
Station_01,Inv_00,20170805,16:44:00,234.5,4.4,1032,219.0,4.5,986,25800,16460,43.7,295.0
Station_01,Inv_00,20170805,16:45:00,227.0,4.9,1112,220.0,4.6,1012,25800,16460,43.0,307.0
Station_01,Inv_00,20170805,16:46:00,222.0,5.0,1110,219.0,4.8,1051,25800,16460,43.9,320.0
Station_01,Inv_00,20170805,16:47:00,234.5,5.1,1196,220.0,5.1,1122,25800,16460,43.4,333.0
Station_01,Inv_00,20170805,16:48:00,225.0,5.3,1193,219.0,5.1,1117,25800,16460,43.5,332.0
Station_01,Inv_00,20170805,16:49:00,224.0,5.3,1187,219.0,5.1,1117,25800,16460,44.1,334.0
Station_01,Inv_00,20170805,16:50:00,232.0,5.3,1230,219.0,5.1,1117,25800,16460,44.2,336.0
Station_01,Inv_00,20170805,16:51:00,229.0,4.5,1030,219.0,4.3,942,25800,16460,44.4,283.0
Station_01,Inv_00,20170805,16:52:00,231.4,4.9,1134,219.0,4.7,1029,25800,16460,43.3,322.0
Station_01,Inv_00,20170805,16:53:00,233.9,5.0,1170,219.0,5.0,1095,25800,16460,43.6,327.0
Station_01,Inv_00,20170805,16:54:00,231.0,4.8,1109,219.0,4.6,1007,25800,16460,43.1,313.0
Station_01,Inv_00,20170805,16:55:00,233.5,3.5,817,219.0,3.6,788,25800,16460,42.6,231.0
Station_01,Inv_00,20170805,16:56:00,235.0,4.3,1011,217.0,4.3,933,25800,16460,42.4,283.0
Station_01,Inv_00,20170805,16:57:00,229.5,2.8,643,217.0,2.9,629,25800,16460,42.2,200.0
Station_01,Inv_00,20170805,16:58:00,231.9,2.5,580,217.0,2.5,543,25800,16460,41.7,167.0
Station_01,Inv_00,20170805,16:59:00,228.0,2.3,524,217.0,2.3,499,25800,16460,41.1,153.0
Station_01,Inv_00,20170805,17:00:00,232.5,2.1,488,217.0,2.3,499,25800,16460,40.2,147.0
Station_01,Inv_00,20170805,17:01:00,231.0,2.1,485,217.0,2.2,477,25800,16460,39.6,143.0
Station_01,Inv_00,20170805,17:02:00,231.0,2.2,508,217.0,2.2,477,25800,16460,39.7,142.0
Station_01,Inv_00,20170805,17:03:00,231.0,2.1,485,217.0,2.2,477,25800,16460,39.1,143.0
Station_01,Inv_00,20170805,17:04:00,233.5,2.2,514,217.0,2.2,477,25800,16460,38.7,143.0
Station_01,Inv_00,20170805,17:05:00,230.0,2.2,506,217.0,2.3,499,25800,16460,38.8,145.0
Station_01,Inv_00,20170805,17:06:00,230.4,3.0,691,217.0,3.1,673,25800,16460,38.6,188.0
Station_01,Inv_00,20170805,17:07:00,230.0,2.4,552,217.0,2.5,543,25800,16460,38.6,159.0
Station_01,Inv_00,20170805,17:08:00,233.4,2.5,584,218.0,2.5,545,25800,16460,38.5,161.0
Station_01,Inv_00,20170805,17:09:00,223.3,2.7,603,217.0,2.6,564,25800,16460,38.6,172.0
Station_01,Inv_00,20170805,17:10:00,236.5,2.6,615,217.0,2.7,586,25800,16460,38.4,168.0
Station_01,Inv_00,20170805,17:11:00,233.5,2.8,654,217.0,2.9,629,25800,16460,38.5,176.0
Station_01,Inv_00,20170805,17:12:00,237.5,3.0,713,217.0,3.1,673,25800,16460,38.3,185.0
Station_01,Inv_00,20170805,17:13:00,249.2,3.3,822,217.0,3.6,781,25800,16460,38.2,190.0
Station_01,Inv_00,20170805,17:14:00,243.9,2.9,707,217.0,3.1,673,25800,16460,38.4,187.0
Station_01,Inv_00,20170805,17:15:00,218.0,3.5,763,216.0,3.4,734,25801,16461,38.5,183.0
Station_01,Inv_00,20170805,17:16:00,240.6,3.3,794,217.0,3.5,760,25801,16461,38.3,184.0
Station_01,Inv_00,20170805,17:17:00,241.6,3.2,773,216.0,3.4,734,25801,16461,38.6,185.0
Station_01,Inv_00,20170805,17:18:00,242.0,3.2,775,217.0,3.4,738,25801,16461,38.4,188.0
Station_01,Inv_00,20170805,17:19:00,243.6,3.2,780,216.0,3.5,756,25801,16461,38.5,190.0
Station_01,Inv_00,20170805,17:20:00,240.1,3.4,816,217.0,3.5,760,25801,16461,38.4,193.0
Station_01,Inv_00,20170805,17:21:00,243.6,3.2,780,218.0,3.5,763,25801,16461,38.1,192.0
Station_01,Inv_00,20170805,17:22:00,238.9,3.2,764,217.0,3.4,738,25801,16461,38.6,187.0
Station_01,Inv_00,20170805,17:23:00,240.0,3.0,720,216.0,3.1,670,25801,16461,38.2,179.0
Station_01,Inv_00,20170805,17:24:00,241.2,2.8,675,215.0,3.0,645,25801,16461,38.6,168.0
Station_01,Inv_00,20170805,17:25:00,239.5,2.6,623,216.0,2.7,583,25801,16461,38.5,157.0
Station_01,Inv_00,20170805,17:26:00,240.7,2.4,578,216.0,2.5,540,25801,16461,38.5,148.0
Station_01,Inv_00,20170805,17:27:00,234.0,2.4,562,216.0,2.5,540,25801,16461,38.3,144.0
Station_01,Inv_00,20170805,17:28:00,234.5,2.4,563,216.0,2.4,518,25801,16461,38.5,142.0
Station_01,Inv_00,20170805,17:29:00,236.5,2.2,520,216.0,2.4,518,25801,16461,38.1,140.0
Station_01,Inv_00,20170805,17:30:00,235.0,2.2,517,216.0,2.3,497,25801,16461,38.2,137.0
Station_01,Inv_00,20170805,17:31:00,231.8,2.2,510,216.0,2.2,475,25801,16461,37.8,137.0
Station_01,Inv_00,20170805,17:32:00,234.9,2.1,493,216.0,2.2,475,25801,16461,37.7,138.0
Station_01,Inv_00,20170805,17:33:00,241.8,2.1,508,217.0,2.2,477,25801,16461,37.7,138.0
Station_01,Inv_00,20170805,17:34:00,235.8,2.1,495,216.0,2.1,454,25801,16461,37.4,133.0
Station_01,Inv_00,20170805,17:35:00,238.5,1.9,453,216.0,2.0,432,25801,16461,37.3,126.0
Station_01,Inv_00,20170805,17:36:00,241.4,1.7,410,216.0,1.8,389,25801,16461,37.3,120.0
Station_01,Inv_00,20170805,17:37:00,235.4,1.7,400,216.0,1.7,367,25801,16461,37.1,115.0
Station_01,Inv_00,20170805,17:38:00,236.4,1.5,355,215.0,1.6,344,25801,16461,36.4,111.0
Station_01,Inv_00,20170805,17:39:00,181.5,1.6,290,215.0,1.4,301,25801,16461,36.5,108.0
Station_01,Inv_00,20170805,17:40:00,176.5,1.5,265,216.0,1.3,281,25801,16461,36.4,107.0
Station_01,Inv_00,20170805,17:41:00,233.6,1.5,350,217.0,1.5,326,25801,16461,36.2,105.0
Station_01,Inv_00,20170805,17:42:00,231.0,1.4,323,216.0,1.5,324,25801,16461,35.9,104.0
Station_01,Inv_00,20170805,17:43:00,227.5,1.5,341,217.0,1.5,326,25801,16461,35.9,103.0
Station_01,Inv_00,20170805,17:44:00,227.0,1.5,341,216.0,1.5,324,25801,16461,35.7,103.0
Station_01,Inv_00,20170805,17:45:00,225.0,1.4,315,216.0,1.5,324,25801,16461,35.5,102.0
Station_01,Inv_00,20170805,17:46:00,225.9,1.4,316,216.0,1.5,324,25801,16461,35.3,100.0
Station_01,Inv_00,20170805,17:47:00,227.5,1.3,296,215.0,1.4,301,25801,16461,35.3,96.0
Station_01,Inv_00,20170805,17:48:00,232.5,1.2,279,216.0,1.3,281,25801,16461,34.9,92.0
Station_01,Inv_00,20170805,17:49:00,234.7,1.1,258,216.0,1.3,281,25801,16461,34.7,88.0
Station_01,Inv_00,20170805,17:50:00,226.7,1.1,249,216.0,1.2,259,25801,16461,34.5,84.0
Station_01,Inv_00,20170805,17:51:00,225.0,1.0,225,216.0,1.1,238,25801,16461,34.2,80.0
Station_01,Inv_00,20170805,17:52:00,229.5,1.0,230,216.0,1.1,238,25801,16461,34.1,78.0
Station_01,Inv_00,20170805,17:53:00,225.0,0.9,203,216.0,1.1,238,25801,16461,34.0,76.0
Station_01,Inv_00,20170805,17:54:00,219.4,0.9,198,216.0,1.1,238,25801,16461,33.9,75.0
Station_01,Inv_00,20170805,17:55:00,227.1,0.9,204,216.0,1.0,216,25801,16461,33.8,75.0
Station_01,Inv_00,20170805,17:56:00,226.7,0.9,204,216.0,1.0,216,25801,16461,33.6,75.0
Station_01,Inv_00,20170805,17:57:00,219.5,1.0,220,216.0,1.0,216,25801,16461,33.5,75.0
Station_01,Inv_00,20170805,17:58:00,219.5,1.0,220,216.0,1.0,216,25801,16461,33.3,74.0
Station_01,Inv_00,20170805,17:59:00,224.4,0.9,202,217.0,1.0,217,25801,16461,33.2,74.0
Station_01,Inv_00,20170805,18:00:00,226.7,0.9,204,216.0,1.0,216,25801,16461,33.1,71.0
Station_01,Inv_00,20170805,18:01:00,224.0,0.8,179,216.0,1.0,216,25801,16461,33.0,69.0
Station_01,Inv_00,20170805,18:02:00,222.0,0.8,178,216.0,1.0,216,25801,16461,33.0,67.0
Station_01,Inv_00,20170805,18:03:00,227.0,0.7,159,216.0,0.9,194,25801,16461,32.9,65.0
Station_01,Inv_00,20170805,18:04:00,203.0,0.7,142,216.0,0.8,173,25801,16461,32.8,63.0
Station_01,Inv_00,20170805,18:05:00,229.5,0.6,138,216.0,0.8,173,25801,16461,32.7,61.0
Station_01,Inv_00,20170805,18:06:00,191.0,0.6,115,215.0,0.7,151,25801,16461,32.7,59.0
Station_01,Inv_00,20170805,18:07:00,216.0,0.6,130,217.0,0.8,174,25801,16461,32.5,57.0
Station_01,Inv_00,20170805,18:08:00,220.0,0.6,132,217.0,0.7,152,25801,16461,32.4,56.0
Station_01,Inv_00,20170805,18:09:00,218.0,0.6,131,217.0,0.7,152,25801,16461,32.3,55.0
Station_01,Inv_00,20170805,18:10:00,221.5,0.6,133,217.0,0.7,152,25801,16461,32.2,54.0
Station_01,Inv_00,20170805,18:11:00,211.0,0.5,106,217.0,0.7,152,25801,16461,32.1,54.0
Station_01,Inv_00,20170805,18:12:00,224.0,0.6,134,216.0,0.7,151,25801,16461,32.0,52.0
Station_01,Inv_00,20170805,18:13:00,219.8,0.5,110,217.0,0.6,130,25801,16461,31.9,50.0
Station_01,Inv_00,20170805,18:14:00,223.0,0.4,89,216.0,0.6,130,25801,16461,31.9,49.0
Station_01,Inv_00,20170805,18:15:00,221.0,0.4,88,216.0,0.6,130,25801,16461,31.8,47.0
Station_01,Inv_00,20170805,18:16:00,218.8,0.4,88,215.0,0.5,108,25801,16461,31.7,46.0
Station_01,Inv_00,20170805,18:17:00,210.0,0.4,84,215.0,0.5,108,25801,16461,31.6,44.0
Station_01,Inv_00,20170805,18:18:00,213.0,0.4,85,218.0,0.5,109,25801,16461,31.6,44.0
Station_01,Inv_00,20170805,18:19:00,217.5,0.4,87,218.0,0.5,109,25801,16461,31.5,44.0
Station_01,Inv_00,20170805,18:20:00,191.5,0.4,77,218.0,0.5,109,25801,16461,31.4,42.0
Station_01,Inv_00,20170805,18:21:00,213.0,0.4,85,218.0,0.5,109,25801,16461,31.3,42.0
Station_01,Inv_00,20170805,18:22:00,199.3,0.3,60,218.0,0.5,109,25801,16461,31.3,42.0
Station_01,Inv_00,20170805,18:23:00,212.0,0.3,64,218.0,0.5,109,25801,16461,31.3,41.0
Station_01,Inv_00,20170805,18:24:00,201.7,0.3,61,219.0,0.5,110,25801,16461,31.2,40.0
Station_01,Inv_00,20170805,18:25:00,213.3,0.3,64,219.0,0.5,110,25801,16461,31.1,38.0
Station_01,Inv_00,20170805,18:26:00,203.3,0.3,61,219.0,0.5,110,25801,16461,31.0,36.0
Station_01,Inv_00,20170805,18:27:00,188.3,0.3,57,219.0,0.4,88,25801,16461,30.9,34.0
Station_01,Inv_00,20170805,18:28:00,187.0,0.3,56,218.0,0.4,87,25801,16461,30.9,33.0
Station_01,Inv_00,20170805,18:29:00,205.0,0.2,41,218.0,0.4,87,25801,16461,30.8,31.0
Station_01,Inv_00,20170805,18:30:00,182.5,0.2,37,218.0,0.4,87,25801,16461,30.7,30.0
Station_01,Inv_00,20170805,18:31:00,207.5,0.2,42,218.0,0.4,87,25801,16461,30.6,28.0
Station_01,Inv_00,20170805,18:32:00,214.0,0.2,43,218.0,0.4,87,25801,16461,30.5,28.0
Station_01,Inv_00,20170805,18:33:00,194.5,0.2,39,218.0,0.4,87,25801,16461,30.5,27.0
Station_01,Inv_00,20170805,18:34:00,0.0,0.0,0,217.0,0.4,87,25801,16461,30.4,563.0
Station_01,Inv_00,20170805,18:35:00,0.0,0.0,0,218.0,0.4,87,25801,16461,30.3,25.0
Station_01,Inv_00,20170805,18:36:00,0.0,0.0,0,219.0,0.4,88,25801,16461,30.3,34.0
Station_01,Inv_00,20170805,18:37:00,0.0,0.0,0,218.0,0.3,65,25801,16461,30.3,23.0
Station_01,Inv_00,20170805,18:38:00,0.0,0.0,0,218.0,0.4,87,25801,16461,30.2,22.0
Station_01,Inv_00,20170805,18:39:00,0.0,0.0,0,223.0,0.5,112,25801,16461,30.2,559.0
Station_01,Inv_00,20170805,18:40:00,0.0,0.0,0,223.0,0.5,112,25801,16461,30.1,22.0
Station_01,Inv_00,20170805,18:41:00,0.0,0.0,0,223.0,0.5,112,25801,16461,30.1,558.0
Station_01,Inv_00,20170805,18:42:00,0.0,0.0,0,223.0,0.5,112,25801,16461,30.1,22.0
Station_01,Inv_00,20170805,18:43:00,0.0,0.0,0,223.0,0.5,112,25801,16461,30.1,37.0
Station_01,Inv_00,20170805,18:44:00,0.0,0.0,0,223.0,0.5,112,25801,16461,30.0,556.0
Station_01,Inv_00,20170805,18:45:00,0.0,0.0,0,223.0,0.5,112,25801,16461,30.0,20.0
Station_01,Inv_00,20170805,18:46:00,0.0,0.0,0,223.0,0.5,112,25801,16461,29.9,20.0
Station_01,Inv_00,20170805,18:47:00,0.0,0.0,0,223.0,0.5,112,25801,16461,29.9,20.0
Station_01,Inv_00,20170805,18:48:00,0.0,0.0,0,223.0,0.5,112,25801,16461,29.8,19.0
Station_01,Inv_00,20170805,18:49:00,0.0,0.0,0,223.0,0.5,112,25801,16461,29.8,19.0
Station_01,Inv_00,20170805,18:50:00,0.0,0.0,0,223.0,0.5,112,25801,16461,29.8,19.0
Station_01,Inv_00,20170805,18:51:00,0.0,0.0,0,223.0,0.5,112,25801,16461,29.7,18.0
Station_01,Inv_00,20170805,18:52:00,0.0,0.0,0,223.0,0.5,112,25801,16461,29.7,18.0
Station_01,Inv_00,20170805,18:53:00,0.0,0.0,0,223.0,0.5,112,25801,16461,29.7,18.0
Station_01,Inv_00,20170805,18:54:00,0.0,0.0,0,223.0,0.5,112,25801,16461,29.7,18.0
Station_01,Inv_00,20170805,18:55:00,0.0,0.0,0,223.0,0.5,112,25801,16461,29.7,18.0
Station_01,Inv_00,20170805,18:56:00,0.0,0.0,0,223.0,0.5,112,25801,16461,29.7,18.0
Station_01,Inv_00,20170805,18:57:00,0.0,0.0,0,223.0,0.5,112,25801,16461,29.7,18.0
Station_01,Inv_00,20170805,18:58:00,0.0,0.0,0,223.0,0.5,112,25801,16461,29.7,18.0
Station_01,Inv_00,20170805,18:59:00,0.0,0.0,0,223.0,0.5,112,25801,16461,29.8,17.0
Station_01,Inv_00,20170805,19:00:00,0.0,0.0,0,223.0,0.5,112,25801,16461,29.7,17.0
Station_01,Inv_00,20170805,19:01:00,0.0,0.0,0,223.0,0.5,112,25801,16461,29.7,18.0
Station_01,Inv_00,20170805,19:02:00,0.0,0.0,0,223.0,0.5,112,25801,16461,29.6,17.0
Station_01,Inv_00,20170805,19:03:00,0.0,0.0,0,223.0,0.5,112,25801,16461,29.6,17.0
Station_01,Inv_00,20170805,19:04:00,0.0,0.0,0,223.0,0.5,112,25801,16461,29.5,17.0
Station_01,Inv_00,20170805,19:05:00,0.0,0.0,0,223.0,0.5,112,25801,16461,29.5,17.0
Station_01,Inv_00,20170805,19:06:00,0.0,0.0,0,223.0,0.5,112,25801,16461,29.5,17.0
Station_01,Inv_00,20170805,19:07:00,0.0,0.0,0,223.0,0.5,112,25801,16461,29.4,17.0
Station_01,Inv_00,20170805,19:08:00,0.0,0.0,0,223.0,0.5,112,25801,16461,29.4,17.0
Station_01,Inv_00,20170805,19:09:00,0.0,0.0,0,223.0,0.5,112,25801,16461,29.4,34.0
Station_01,Inv_00,20170805,19:10:00,0.0,0.0,0,223.0,0.5,112,25801,16461,29.3,33.0
Station_01,Inv_00,20170805,19:11:00,0.0,0.0,0,223.0,0.5,112,25801,16461,29.3,17.0
Station_01,Inv_00,20170805,19:12:00,0.0,0.0,0,223.0,0.5,112,25801,16461,29.3,17.0
Station_01,Inv_00,20170805,19:13:00,0.0,0.0,0,223.0,0.5,112,25801,16461,29.2,17.0
Station_01,Inv_00,20170805,19:14:00,0.0,0.0,0,223.0,0.5,112,25801,16461,29.1,17.0
Station_01,Inv_00,20170805,19:15:00,0.0,0.0,0,223.0,0.5,112,25801,16461,29.1,17.0
Station_01,Inv_00,20170805,19:16:00,0.0,0.0,0,223.0,0.5,112,25801,16461,29.2,17.0
Station_01,Inv_00,20170805,19:17:00,0.0,0.0,0,223.0,0.5,112,25801,16461,29.2,17.0
Station_01,Inv_00,20170805,19:18:00,0.0,0.0,0,223.0,0.5,112,25801,16461,29.1,17.0
Station_01,Inv_00,20170805,19:19:00,0.0,0.0,0,223.0,0.5,112,25801,16461,29.2,17.0
Station_01,Inv_00,20170805,19:20:00,0.0,0.0,0,223.0,0.5,112,25801,16461,29.1,17.0
Station_01,Inv_00,20170805,19:21:00,0.0,0.0,0,223.0,0.5,112,25801,16461,29.1,17.0
Station_01,Inv_00,20170805,19:22:00,0.0,0.0,0,223.0,0.5,112,25801,16461,29.1,17.0
Station_01,Inv_00,20170805,19:23:00,0.0,0.0,0,223.0,0.5,112,25801,16461,29.0,17.0
Station_01,Inv_00,20170805,19:24:00,0.0,0.0,0,223.0,0.5,112,25801,16461,29.1,17.0
Station_01,Inv_00,20170805,19:25:00,0.0,0.0,0,223.0,0.5,112,25801,16461,29.0,17.0
Station_01,Inv_00,20170805,19:26:00,0.0,0.0,0,223.0,0.5,112,25801,16461,29.1,17.0
Station_01,Inv_00,20170805,19:27:00,0.0,0.0,0,223.0,0.5,112,25801,16461,29.1,17.0
Station_01,Inv_00,20170805,19:28:00,0.0,0.0,0,223.0,0.5,112,25801,16461,29.1,17.0
Station_01,Inv_00,20170805,19:29:00,0.0,0.0,0,223.0,0.5,112,25801,16461,29.1,17.0
Station_01,Inv_00,20170805,19:30:00,0.0,0.0,0,223.0,0.5,112,25801,16461,29.1,18.0
Station_01,Inv_00,20170805,19:31:00,0.0,0.0,0,223.0,0.5,112,25801,16461,29.0,17.0
Station_01,Inv_00,20170805,19:32:00,0.0,0.0,0,223.0,0.5,112,25801,16461,29.0,17.0
Station_01,Inv_00,20170805,19:33:00,0.0,0.0,0,223.0,0.5,112,25801,16461,29.0,17.0
Station_01,Inv_00,20170805,19:34:00,0.0,0.0,0,223.0,0.5,112,25801,16461,29.0,17.0
Station_01,Inv_00,20170805,19:35:00,0.0,0.0,0,223.0,0.5,112,25801,16461,29.0,17.0
Station_01,Inv_00,20170805,19:36:00,0.0,0.0,0,223.0,0.5,112,25801,16461,28.9,18.0
Station_01,Inv_00,20170805,19:37:00,0.0,0.0,0,223.0,0.5,112,25801,16461,29.0,17.0
Station_01,Inv_00,20170805,19:38:00,0.0,0.0,0,223.0,0.5,112,25801,16461,28.9,23.0
Station_01,Inv_00,20170805,19:39:00,0.0,0.0,0,223.0,0.5,112,25801,16461,28.9,17.0
Station_01,Inv_00,20170805,19:40:00,0.0,0.0,0,223.0,0.5,112,25801,16461,28.9,17.0
Station_01,Inv_00,20170805,19:41:00,0.0,0.0,0,223.0,0.5,112,25801,16461,28.9,17.0
Station_01,Inv_00,20170805,19:42:00,0.0,0.0,0,223.0,0.5,112,25801,16461,28.9,17.0
Station_01,Inv_00,20170805,19:43:00,0.0,0.0,0,223.0,0.5,112,25801,16461,28.8,17.0
Station_01,Inv_00,20170805,19:44:00,0.0,0.0,0,223.0,0.5,112,25801,16461,28.8,17.0
Station_01,Inv_00,20170805,19:45:00,0.0,0.0,0,223.0,0.5,112,25801,16461,28.8,17.0
Station_01,Inv_00,20170805,19:46:00,0.0,0.0,0,223.0,0.5,112,25801,16461,28.7,17.0
Station_01,Inv_00,20170805,19:47:00,0.0,0.0,0,223.0,0.5,112,25801,16461,28.7,17.0
Station_01,Inv_00,20170805,19:48:00,0.0,0.0,0,223.0,0.5,112,25801,16461,28.6,17.0
Station_01,Inv_00,20170805,19:49:00,0.0,0.0,0,223.0,0.5,112,25801,16461,28.7,17.0
Station_01,Inv_00,20170805,19:50:00,0.0,0.0,0,223.0,0.5,112,25801,16461,28.6,17.0
Station_01,Inv_00,20170805,19:51:00,0.0,0.0,0,223.0,0.5,112,25801,16461,28.7,17.0
Station_01,Inv_00,20170805,19:52:00,0.0,0.0,0,223.0,0.5,112,25801,16461,28.6,17.0
Station_01,Inv_00,20170805,19:53:00,0.0,0.0,0,223.0,0.5,112,25801,16461,28.7,17.0
Station_01,Inv_00,20170805,19:54:00,0.0,0.0,0,223.0,0.5,112,25801,16461,28.6,17.0
Station_01,Inv_00,20170805,19:55:00,0.0,0.0,0,223.0,0.5,112,25801,16461,28.6,17.0
Station_01,Inv_00,20170805,19:56:00,0.0,0.0,0,223.0,0.5,112,25801,16461,28.6,17.0
Station_01,Inv_00,20170805,19:57:00,0.0,0.0,0,223.0,0.5,112,25801,16461,28.7,18.0
Station_01,Inv_00,20170805,19:58:00,0.0,0.0,0,223.0,0.5,112,25801,16461,28.7,17.0
Station_01,Inv_00,20170805,19:59:00,0.0,0.0,0,223.0,0.5,112,25801,16461,28.7,18.0
Station_01,Inv_00,20170805,20:00:00,0.0,0.0,0,223.0,0.5,112,25801,16461,28.7,17.0
