Station_01,Inv_00,20170717,05:00:00,0.0,0.0,0,224.0,0.3,67,25506,16273,24.6,18.0
Station_01,Inv_00,20170717,05:01:00,0.0,0.0,0,224.0,0.3,67,25506,16273,24.6,18.0
Station_01,Inv_00,20170717,05:02:00,0.0,0.0,0,224.0,0.3,67,25506,16273,24.6,18.0
Station_01,Inv_00,20170717,05:03:00,0.0,0.0,0,224.0,0.3,67,25506,16273,24.6,18.0
Station_01,Inv_00,20170717,05:04:00,0.0,0.0,0,224.0,0.3,67,25506,16273,24.7,18.0
Station_01,Inv_00,20170717,05:05:00,0.0,0.0,0,224.0,0.3,67,25506,16273,24.6,18.0
Station_01,Inv_00,20170717,05:06:00,0.0,0.0,0,224.0,0.3,67,25506,16273,24.6,18.0
Station_01,Inv_00,20170717,05:07:00,0.0,0.0,0,224.0,0.3,67,25506,16273,24.6,18.0
Station_01,Inv_00,20170717,05:08:00,0.0,0.0,0,224.0,0.3,67,25506,16273,24.6,18.0
Station_01,Inv_00,20170717,05:09:00,0.0,0.0,0,224.0,0.3,67,25506,16273,24.5,18.0
Station_01,Inv_00,20170717,05:10:00,0.0,0.0,0,224.0,0.3,67,25506,16273,24.6,18.0
Station_01,Inv_00,20170717,05:11:00,0.0,0.0,0,224.0,0.3,67,25506,16273,24.5,18.0
Station_01,Inv_00,20170717,05:12:00,0.0,0.0,0,224.0,0.3,67,25506,16273,24.5,18.0
Station_01,Inv_00,20170717,05:13:00,0.0,0.0,0,224.0,0.3,67,25506,16273,24.5,18.0
Station_01,Inv_00,20170717,05:14:00,0.0,0.0,0,224.0,0.3,67,25506,16273,24.5,18.0
Station_01,Inv_00,20170717,05:15:00,0.0,0.0,0,224.0,0.3,67,25506,16273,24.6,18.0
Station_01,Inv_00,20170717,05:16:00,0.0,0.0,0,224.0,0.3,67,25506,16273,24.5,18.0
Station_01,Inv_00,20170717,05:17:00,0.0,0.0,0,224.0,0.3,67,25506,16273,24.6,19.0
Station_01,Inv_00,20170717,05:18:00,0.0,0.0,0,224.0,0.3,67,25506,16273,24.5,19.0
Station_01,Inv_00,20170717,05:19:00,0.0,0.0,0,224.0,0.3,67,25506,16273,24.5,19.0
Station_01,Inv_00,20170717,05:20:00,0.0,0.0,0,224.0,0.3,67,25506,16273,24.6,19.0
Station_01,Inv_00,20170717,05:21:00,0.0,0.0,0,224.0,0.3,67,25506,16273,24.7,19.0
Station_01,Inv_00,20170717,05:22:00,0.0,0.0,0,224.0,0.3,67,25506,16273,24.7,19.0
Station_01,Inv_00,20170717,05:23:00,0.0,0.0,0,224.0,0.3,67,25506,16273,24.8,20.0
Station_01,Inv_00,20170717,05:24:00,0.0,0.0,0,224.0,0.3,67,25506,16273,24.8,20.0
Station_01,Inv_00,20170717,05:25:00,0.0,0.0,0,224.0,0.3,67,25506,16273,25.0,21.0
Station_01,Inv_00,20170717,05:26:00,0.0,0.0,0,224.0,0.3,67,25506,16273,25.0,21.0
Station_01,Inv_00,20170717,05:27:00,0.0,0.0,0,224.0,0.3,67,25506,16273,25.1,22.0
Station_01,Inv_00,20170717,05:28:00,0.0,0.0,0,224.0,0.3,67,25506,16273,25.1,22.0
Station_01,Inv_00,20170717,05:29:00,0.0,0.0,0,224.0,0.3,67,25506,16273,25.2,23.0
Station_01,Inv_00,20170717,05:30:00,0.0,0.0,0,224.0,0.3,67,25506,16273,25.2,23.0
Station_01,Inv_00,20170717,05:31:00,0.0,0.0,0,224.0,0.3,67,25506,16273,25.3,24.0
Station_01,Inv_00,20170717,05:32:00,0.0,0.0,0,224.0,0.3,67,25506,16273,25.3,24.0
Station_01,Inv_00,20170717,05:33:00,0.0,0.0,0,224.0,0.3,67,25506,16273,25.4,25.0
Station_01,Inv_00,20170717,05:34:00,0.0,0.0,0,224.0,0.3,67,25506,16273,25.4,25.0
Station_01,Inv_00,20170717,05:35:00,0.0,0.0,0,224.0,0.3,67,25506,16273,25.5,26.0
Station_01,Inv_00,20170717,05:36:00,0.0,0.0,0,224.0,0.3,67,25506,16273,25.6,26.0
Station_01,Inv_00,20170717,05:37:00,0.0,0.0,0,224.0,0.3,67,25506,16273,25.6,27.0
Station_01,Inv_00,20170717,05:38:00,0.0,0.0,0,221.0,0.5,111,25506,16273,25.7,27.0
Station_01,Inv_00,20170717,05:39:00,0.0,0.0,0,221.0,0.5,111,25506,16273,25.8,28.0
Station_01,Inv_00,20170717,05:40:00,0.0,0.0,0,221.0,0.5,111,25506,16273,25.8,28.0
Station_01,Inv_00,20170717,05:41:00,0.0,0.0,0,221.0,0.5,111,25506,16273,25.9,29.0
Station_01,Inv_00,20170717,05:42:00,0.0,0.0,0,221.0,0.5,111,25506,16273,26.0,29.0
Station_01,Inv_00,20170717,05:43:00,0.0,0.0,0,221.0,0.5,111,25506,16273,26.0,30.0
Station_01,Inv_00,20170717,05:44:00,216.0,0.2,43,217.0,0.4,87,25506,16273,26.0,30.0
Station_01,Inv_00,20170717,05:45:00,231.0,0.2,46,217.0,0.4,87,25506,16273,26.1,31.0
Station_01,Inv_00,20170717,05:46:00,228.5,0.2,46,217.0,0.4,87,25506,16273,26.1,31.0
Station_01,Inv_00,20170717,05:47:00,228.5,0.2,46,217.0,0.4,87,25506,16273,26.3,485.0
Station_01,Inv_00,20170717,05:48:00,231.0,0.2,46,217.0,0.4,87,25506,16273,26.3,33.0
Station_01,Inv_00,20170717,05:49:00,214.0,0.2,43,217.0,0.4,87,25506,16273,26.4,34.0
Station_01,Inv_00,20170717,05:50:00,171.3,0.3,51,217.0,0.4,87,25506,16273,26.5,34.0
Station_01,Inv_00,20170717,05:51:00,181.0,0.2,36,217.0,0.4,87,25506,16273,26.5,35.0
Station_01,Inv_00,20170717,05:52:00,150.0,0.1,15,216.0,0.4,86,25506,16273,26.6,36.0
Station_01,Inv_00,20170717,05:53:00,149.7,0.3,45,216.0,0.4,86,25506,16273,26.6,37.0
Station_01,Inv_00,20170717,05:54:00,148.0,0.3,44,216.0,0.4,86,25506,16273,26.7,38.0
Station_01,Inv_00,20170717,05:55:00,153.3,0.3,46,216.0,0.5,108,25506,16273,26.7,39.0
Station_01,Inv_00,20170717,05:56:00,175.7,0.3,53,216.0,0.5,108,25506,16273,26.7,39.0
Station_01,Inv_00,20170717,05:57:00,169.0,0.3,51,216.0,0.5,108,25506,16273,26.7,40.0
Station_01,Inv_00,20170717,05:58:00,185.0,0.4,74,216.0,0.5,108,25506,16273,26.9,41.0
Station_01,Inv_00,20170717,05:59:00,210.3,0.3,63,216.0,0.5,108,25506,16273,26.9,41.0
Station_01,Inv_00,20170717,06:00:00,202.3,0.3,61,215.0,0.5,108,25506,16273,27.0,42.0
Station_01,Inv_00,20170717,06:01:00,203.0,0.4,81,216.0,0.5,108,25506,16273,27.0,43.0
Station_01,Inv_00,20170717,06:02:00,179.0,0.4,72,216.0,0.5,108,25506,16273,27.0,44.0
Station_01,Inv_00,20170717,06:03:00,212.8,0.5,106,216.0,0.5,108,25506,16273,27.1,45.0
Station_01,Inv_00,20170717,06:04:00,222.4,0.5,111,215.0,0.5,108,25506,16273,27.1,46.0
Station_01,Inv_00,20170717,06:05:00,221.6,0.5,111,215.0,0.6,129,25506,16273,27.2,47.0
Station_01,Inv_00,20170717,06:06:00,203.0,0.4,81,215.0,0.6,129,25506,16273,27.3,49.0
Station_01,Inv_00,20170717,06:07:00,150.0,0.5,75,215.0,0.5,108,25506,16273,27.3,50.0
Station_01,Inv_00,20170717,06:08:00,169.4,0.5,85,216.0,0.5,108,25506,16273,27.4,51.0
Station_01,Inv_00,20170717,06:09:00,227.5,0.6,137,215.0,0.7,151,25506,16273,27.4,53.0
Station_01,Inv_00,20170717,06:10:00,181.0,0.6,109,216.0,0.6,130,25506,16273,27.5,54.0
Station_01,Inv_00,20170717,06:11:00,226.5,0.6,136,216.0,0.7,151,25506,16273,27.6,55.0
Station_01,Inv_00,20170717,06:12:00,201.0,0.7,141,216.0,0.7,151,25506,16273,27.7,57.0
Station_01,Inv_00,20170717,06:13:00,146.0,0.7,102,215.0,0.5,108,25506,16273,27.8,58.0
Station_01,Inv_00,20170717,06:14:00,217.4,0.7,152,215.0,0.8,172,25506,16273,27.9,59.0
Station_01,Inv_00,20170717,06:15:00,221.1,0.7,155,217.0,0.8,174,25506,16273,27.9,60.0
Station_01,Inv_00,20170717,06:16:00,213.4,0.7,149,215.0,0.8,172,25506,16273,28.0,61.0
Station_01,Inv_00,20170717,06:17:00,225.9,0.7,158,215.0,0.9,194,25506,16273,28.1,63.0
Station_01,Inv_00,20170717,06:18:00,210.3,0.7,147,215.0,0.9,194,25506,16273,28.2,64.0
Station_01,Inv_00,20170717,06:19:00,230.5,0.8,184,215.0,1.0,215,25506,16273,28.2,65.0
Station_01,Inv_00,20170717,06:20:00,216.0,0.8,173,215.0,0.9,194,25506,16273,28.3,66.0
Station_01,Inv_00,20170717,06:21:00,213.9,0.9,193,215.0,1.0,215,25506,16273,28.4,67.0
Station_01,Inv_00,20170717,06:22:00,225.0,0.9,203,215.0,1.0,215,25506,16273,28.4,68.0
Station_01,Inv_00,20170717,06:23:00,222.4,0.9,200,219.0,1.0,219,25506,16273,28.5,69.0
Station_01,Inv_00,20170717,06:24:00,209.0,0.9,188,218.0,1.0,218,25506,16273,28.5,71.0
Station_01,Inv_00,20170717,06:25:00,201.0,0.9,181,217.0,1.0,217,25506,16273,28.4,72.0
Station_01,Inv_00,20170717,06:26:00,221.0,1.0,221,217.0,1.0,217,25506,16273,28.4,73.0
Station_01,Inv_00,20170717,06:27:00,219.8,1.0,220,218.0,1.1,240,25506,16273,28.3,74.0
Station_01,Inv_00,20170717,06:28:00,226.8,1.0,227,218.0,1.1,240,25506,16273,28.2,76.0
Station_01,Inv_00,20170717,06:29:00,231.4,1.0,231,217.0,1.1,239,25506,16273,28.2,77.0
Station_01,Inv_00,20170717,06:30:00,223.0,1.1,245,217.0,1.1,239,25506,16273,28.2,79.0
Station_01,Inv_00,20170717,06:31:00,213.0,1.1,234,217.0,1.1,239,25506,16273,28.2,80.0
Station_01,Inv_00,20170717,06:32:00,230.7,1.1,254,217.0,1.2,260,25506,16273,28.2,82.0
Station_01,Inv_00,20170717,06:33:00,219.0,1.1,241,217.0,1.2,260,25506,16273,28.3,83.0
Station_01,Inv_00,20170717,06:34:00,208.0,1.1,229,216.0,1.1,238,25506,16273,28.3,84.0
Station_01,Inv_00,20170717,06:35:00,226.7,1.1,249,217.0,1.2,260,25506,16273,28.3,85.0
Station_01,Inv_00,20170717,06:36:00,234.5,1.1,258,217.0,1.3,282,25506,16273,28.4,86.0
Station_01,Inv_00,20170717,06:37:00,225.3,1.2,270,217.0,1.3,282,25506,16273,28.4,87.0
Station_01,Inv_00,20170717,06:38:00,230.8,1.2,277,217.0,1.3,282,25506,16273,28.5,88.0
Station_01,Inv_00,20170717,06:39:00,229.5,1.2,275,217.0,1.3,282,25506,16273,28.6,88.0
Station_01,Inv_00,20170717,06:40:00,238.0,1.2,286,217.0,1.3,282,25506,16273,28.7,89.0
Station_01,Inv_00,20170717,06:41:00,230.0,1.2,276,217.0,1.3,282,25506,16273,28.8,90.0
Station_01,Inv_00,20170717,06:42:00,231.0,1.2,277,217.0,1.3,282,25506,16273,28.9,90.0
Station_01,Inv_00,20170717,06:43:00,235.0,1.2,282,216.0,1.3,281,25506,16273,28.9,91.0
Station_01,Inv_00,20170717,06:44:00,236.5,1.2,284,216.0,1.3,281,25506,16273,29.1,91.0
Station_01,Inv_00,20170717,06:45:00,231.0,1.2,277,217.0,1.3,282,25506,16273,29.1,91.0
Station_01,Inv_00,20170717,06:46:00,235.4,1.3,306,218.0,1.3,283,25506,16273,29.3,92.0
Station_01,Inv_00,20170717,06:47:00,235.8,1.3,307,217.0,1.4,304,25506,16273,29.4,93.0
Station_01,Inv_00,20170717,06:48:00,224.2,1.3,291,218.0,1.3,283,25506,16273,29.4,93.0
Station_01,Inv_00,20170717,06:49:00,238.5,1.3,310,217.0,1.4,304,25506,16273,29.6,94.0
Station_01,Inv_00,20170717,06:50:00,227.0,1.3,295,216.0,1.3,281,25506,16273,29.7,94.0
Station_01,Inv_00,20170717,06:51:00,232.2,1.3,302,217.0,1.4,304,25506,16273,29.7,95.0
Station_01,Inv_00,20170717,06:52:00,224.9,1.3,292,218.0,1.4,305,25506,16273,29.8,96.0
Station_01,Inv_00,20170717,06:53:00,231.5,1.4,324,218.0,1.4,305,25506,16273,29.8,98.0
Station_01,Inv_00,20170717,06:54:00,232.9,1.4,326,218.0,1.4,305,25506,16273,29.8,99.0
Station_01,Inv_00,20170717,06:55:00,234.3,1.4,328,218.0,1.5,327,25506,16273,30.0,101.0
Station_01,Inv_00,20170717,06:56:00,240.3,1.4,336,219.0,1.5,329,25506,16273,30.1,102.0
Station_01,Inv_00,20170717,06:57:00,232.3,1.5,349,218.0,1.5,327,25506,16273,30.2,104.0
Station_01,Inv_00,20170717,06:58:00,225.4,1.5,338,217.0,1.5,326,25506,16273,30.3,107.0
Station_01,Inv_00,20170717,06:59:00,224.0,1.6,358,217.0,1.5,326,25506,16273,30.4,109.0
Station_01,Inv_00,20170717,07:00:00,197.5,1.6,316,217.0,1.5,326,25506,16273,30.5,111.0
Station_01,Inv_00,20170717,07:01:00,236.5,1.6,378,217.0,1.6,347,25506,16273,30.6,114.0
Station_01,Inv_00,20170717,07:02:00,233.5,1.7,397,217.0,1.7,369,25506,16273,30.8,117.0
Station_01,Inv_00,20170717,07:03:00,230.9,1.7,393,217.0,1.7,369,25506,16273,31.0,119.0
Station_01,Inv_00,20170717,07:04:00,239.5,1.8,431,216.0,1.8,389,25506,16273,30.9,122.0
Station_01,Inv_00,20170717,07:05:00,239.8,1.8,432,216.0,1.9,410,25506,16273,31.2,125.0
Station_01,Inv_00,20170717,07:06:00,227.1,1.9,432,217.0,1.9,412,25506,16273,31.5,128.0
Station_01,Inv_00,20170717,07:07:00,237.4,1.9,451,217.0,2.0,434,25506,16273,31.5,130.0
Station_01,Inv_00,20170717,07:08:00,235.5,1.8,424,217.0,2.0,434,25506,16273,31.7,133.0
Station_01,Inv_00,20170717,07:09:00,239.0,2.0,478,217.0,2.0,434,25506,16273,31.8,135.0
Station_01,Inv_00,20170717,07:10:00,235.0,2.0,470,216.0,2.0,432,25506,16273,31.9,136.0
Station_01,Inv_00,20170717,07:11:00,235.0,2.0,470,216.0,2.0,432,25506,16273,32.0,138.0
Station_01,Inv_00,20170717,07:12:00,208.0,2.1,437,216.0,1.9,410,25506,16273,32.3,139.0
Station_01,Inv_00,20170717,07:13:00,213.4,2.1,448,216.0,2.0,432,25506,16273,32.4,141.0
Station_01,Inv_00,20170717,07:14:00,241.5,2.1,507,216.0,2.2,475,25506,16273,32.3,142.0
Station_01,Inv_00,20170717,07:15:00,231.4,2.1,486,216.0,2.1,454,25506,16273,32.5,144.0
Station_01,Inv_00,20170717,07:16:00,239.0,2.2,526,217.0,2.2,477,25506,16273,32.8,145.0
Station_01,Inv_00,20170717,07:17:00,227.0,2.1,477,217.0,2.2,477,25506,16273,32.9,147.0
Station_01,Inv_00,20170717,07:18:00,222.0,2.2,488,217.0,2.1,456,25506,16273,33.1,149.0
Station_01,Inv_00,20170717,07:19:00,215.4,2.3,496,216.0,2.1,454,25506,16273,33.2,152.0
Station_01,Inv_00,20170717,07:20:00,233.5,2.3,537,216.0,2.4,518,25506,16273,33.4,155.0
Station_01,Inv_00,20170717,07:21:00,225.5,2.3,519,216.0,2.4,518,25506,16273,33.5,159.0
Station_01,Inv_00,20170717,07:22:00,230.0,2.4,552,217.0,2.5,543,25506,16273,33.7,162.0
Station_01,Inv_00,20170717,07:23:00,223.9,2.5,560,217.0,2.5,543,25506,16273,33.7,166.0
Station_01,Inv_00,20170717,07:24:00,239.8,2.6,624,217.0,2.6,564,25506,16273,33.7,170.0
Station_01,Inv_00,20170717,07:25:00,240.0,2.6,624,217.0,2.7,586,25506,16273,33.9,174.0
Station_01,Inv_00,20170717,07:26:00,233.0,2.7,629,217.0,2.7,586,25506,16273,33.9,177.0
Station_01,Inv_00,20170717,07:27:00,233.0,2.7,629,218.0,2.8,610,25506,16273,34.1,179.0
Station_01,Inv_00,20170717,07:28:00,236.0,2.8,661,218.0,2.8,610,25506,16273,34.4,182.0
Station_01,Inv_00,20170717,07:29:00,234.4,2.7,633,217.0,2.9,629,25506,16273,34.5,184.0
Station_01,Inv_00,20170717,07:30:00,230.4,2.9,668,217.0,2.9,629,25506,16273,34.8,186.0
Station_01,Inv_00,20170717,07:31:00,243.4,2.8,682,216.0,3.0,648,25506,16273,34.8,187.0
Station_01,Inv_00,20170717,07:32:00,236.0,2.9,684,216.0,3.0,648,25506,16273,35.1,189.0
Station_01,Inv_00,20170717,07:33:00,233.5,3.0,701,216.0,3.0,648,25506,16273,35.2,190.0
Station_01,Inv_00,20170717,07:34:00,241.0,2.8,675,216.0,3.1,670,25506,16273,35.5,191.0
Station_01,Inv_00,20170717,07:35:00,237.5,3.0,713,216.0,3.1,670,25506,16273,35.6,193.0
Station_01,Inv_00,20170717,07:36:00,240.5,2.9,697,216.0,3.1,670,25506,16273,35.8,194.0
Station_01,Inv_00,20170717,07:37:00,230.5,3.0,692,216.0,3.1,670,25506,16273,36.0,195.0
Station_01,Inv_00,20170717,07:38:00,231.0,3.1,716,219.0,3.1,679,25506,16273,36.1,197.0
Station_01,Inv_00,20170717,07:39:00,238.0,3.0,714,218.0,3.1,676,25506,16273,36.3,197.0
Station_01,Inv_00,20170717,07:40:00,234.0,3.1,725,219.0,3.1,679,25506,16273,36.4,198.0
Station_01,Inv_00,20170717,07:41:00,233.4,3.1,724,218.0,3.1,676,25506,16273,36.6,199.0
Station_01,Inv_00,20170717,07:42:00,235.0,3.0,705,218.0,3.2,698,25506,16273,36.7,200.0
Station_01,Inv_00,20170717,07:43:00,229.5,3.1,711,219.0,3.1,679,25506,16273,36.7,202.0
Station_01,Inv_00,20170717,07:44:00,231.0,3.2,739,218.0,3.2,698,25506,16273,36.8,203.0
Station_01,Inv_00,20170717,07:45:00,233.0,3.2,746,219.0,3.2,701,25506,16273,36.8,205.0
Station_01,Inv_00,20170717,07:46:00,231.0,3.3,762,219.0,3.2,701,25506,16273,37.1,207.0
Station_01,Inv_00,20170717,07:47:00,222.5,3.4,757,218.0,3.2,698,25506,16273,36.8,211.0
Station_01,Inv_00,20170717,07:48:00,220.5,3.4,750,218.0,3.3,719,25506,16273,37.0,214.0
Station_01,Inv_00,20170717,07:49:00,236.0,3.4,802,219.0,3.5,767,25506,16273,37.2,216.0
Station_01,Inv_00,20170717,07:50:00,224.5,3.4,763,218.0,3.5,763,25506,16273,37.4,220.0
Station_01,Inv_00,20170717,07:51:00,229.0,3.5,802,218.0,3.6,785,25506,16273,37.4,224.0
Station_01,Inv_00,20170717,07:52:00,239.0,3.4,813,220.0,3.6,792,25506,16273,37.5,228.0
Station_01,Inv_00,20170717,07:53:00,237.0,3.6,853,220.0,3.6,792,25506,16273,37.5,230.0
Station_01,Inv_00,20170717,07:54:00,235.1,3.7,870,219.0,3.7,810,25506,16273,37.3,233.0
Station_01,Inv_00,20170717,07:55:00,234.8,3.7,869,220.0,3.7,814,25506,16273,37.6,234.0
Station_01,Inv_00,20170717,07:56:00,237.8,3.8,904,219.0,3.9,854,25506,16273,37.5,237.0
Station_01,Inv_00,20170717,07:57:00,234.5,3.7,868,220.0,3.9,858,25506,16273,38.0,239.0
Station_01,Inv_00,20170717,07:58:00,241.5,3.8,918,219.0,3.9,854,25506,16273,37.9,242.0
Station_01,Inv_00,20170717,07:59:00,234.0,3.8,889,218.0,4.0,872,25506,16273,37.6,245.0
Station_01,Inv_00,20170717,08:00:00,234.0,4.0,936,219.0,3.9,854,25506,16273,38.0,247.0
Station_01,Inv_00,20170717,08:01:00,234.0,4.0,936,218.0,4.0,872,25506,16273,38.3,249.0
Station_01,Inv_00,20170717,08:02:00,232.4,4.1,953,218.0,4.0,872,25506,16273,38.3,251.0
Station_01,Inv_00,20170717,08:03:00,231.9,4.1,951,218.0,4.0,872,25506,16273,38.3,252.0
Station_01,Inv_00,20170717,08:04:00,236.0,4.1,968,218.0,4.0,872,25506,16273,38.1,252.0
Station_01,Inv_00,20170717,08:05:00,239.5,3.9,934,218.0,4.0,872,25506,16273,38.7,251.0
Station_01,Inv_00,20170717,08:06:00,235.0,4.1,963,218.0,4.0,872,25506,16273,38.7,250.0
Station_01,Inv_00,20170717,08:07:00,235.0,3.9,916,218.0,4.0,872,25506,16273,38.5,248.0
Station_01,Inv_00,20170717,08:08:00,235.8,4.0,943,218.0,3.9,850,25506,16273,38.4,245.0
Station_01,Inv_00,20170717,08:09:00,227.9,4.0,912,219.0,3.9,854,25507,16273,38.4,241.0
Station_01,Inv_00,20170717,08:10:00,240.5,3.8,914,219.0,3.9,854,25507,16273,38.9,237.0
Station_01,Inv_00,20170717,08:11:00,236.0,3.8,897,218.0,3.9,850,25507,16273,38.6,234.0
Station_01,Inv_00,20170717,08:12:00,234.5,3.6,844,218.0,3.8,828,25507,16273,39.0,230.0
Station_01,Inv_00,20170717,08:13:00,229.5,3.7,849,219.0,3.6,788,25507,16273,39.0,226.0
Station_01,Inv_00,20170717,08:14:00,233.0,3.6,839,219.0,3.6,788,25507,16273,38.8,224.0
Station_01,Inv_00,20170717,08:15:00,231.5,3.4,787,219.0,3.6,788,25507,16273,38.9,220.0
Station_01,Inv_00,20170717,08:16:00,234.5,3.5,821,218.0,3.6,785,25507,16273,39.0,217.0
Station_01,Inv_00,20170717,08:17:00,237.2,3.4,807,219.0,3.6,788,25507,16273,39.1,216.0
Station_01,Inv_00,20170717,08:18:00,235.0,3.4,799,219.0,3.5,767,25507,16273,39.0,213.0
Station_01,Inv_00,20170717,08:19:00,237.4,3.4,807,219.0,3.5,767,25507,16273,38.8,213.0
Station_01,Inv_00,20170717,08:20:00,236.4,3.4,804,220.0,3.5,770,25507,16273,39.0,212.0
Station_01,Inv_00,20170717,08:21:00,238.5,3.4,811,220.0,3.5,770,25507,16273,39.1,212.0
Station_01,Inv_00,20170717,08:22:00,226.5,3.5,793,219.0,3.4,745,25507,16273,38.9,212.0
Station_01,Inv_00,20170717,08:23:00,226.0,3.4,768,219.0,3.4,745,25507,16273,39.0,213.0
Station_01,Inv_00,20170717,08:24:00,235.0,3.5,822,219.0,3.5,767,25507,16273,38.8,213.0
Station_01,Inv_00,20170717,08:25:00,237.8,3.4,809,219.0,3.6,788,25507,16273,38.6,214.0
Station_01,Inv_00,20170717,08:26:00,236.5,3.5,828,219.0,3.6,788,25507,16273,38.5,213.0
Station_01,Inv_00,20170717,08:27:00,238.9,3.4,812,219.0,3.5,767,25507,16273,38.4,213.0
Station_01,Inv_00,20170717,08:28:00,236.0,3.4,802,219.0,3.6,788,25507,16273,38.1,213.0
Station_01,Inv_00,20170717,08:29:00,237.9,3.4,809,220.0,3.6,792,25507,16273,38.4,213.0
Station_01,Inv_00,20170717,08:30:00,236.9,3.4,806,220.0,3.6,792,25507,16273,38.6,211.0
Station_01,Inv_00,20170717,08:31:00,232.0,3.4,789,219.0,3.4,745,25507,16273,38.6,210.0
Station_01,Inv_00,20170717,08:32:00,237.8,3.4,808,219.0,3.5,767,25507,16273,38.8,209.0
Station_01,Inv_00,20170717,08:33:00,238.9,3.4,812,218.0,3.5,763,25507,16273,38.8,207.0
Station_01,Inv_00,20170717,08:34:00,238.5,3.3,787,219.0,3.5,767,25507,16273,39.0,206.0
Station_01,Inv_00,20170717,08:35:00,236.0,3.2,755,219.0,3.4,745,25507,16273,39.1,205.0
Station_01,Inv_00,20170717,08:36:00,238.3,3.3,787,219.0,3.4,745,25507,16273,39.1,204.0
Station_01,Inv_00,20170717,08:37:00,235.5,3.2,754,218.0,3.4,741,25507,16273,39.1,204.0
Station_01,Inv_00,20170717,08:38:00,236.5,3.2,757,218.0,3.4,741,25507,16273,39.0,204.0
Station_01,Inv_00,20170717,08:39:00,235.5,3.2,754,218.0,3.4,741,25507,16273,38.7,204.0
Station_01,Inv_00,20170717,08:40:00,235.9,3.3,779,219.0,3.4,745,25507,16273,39.1,204.0
Station_01,Inv_00,20170717,08:41:00,233.0,3.4,792,218.0,3.4,741,25507,16273,39.0,204.0
Station_01,Inv_00,20170717,08:42:00,232.5,3.4,790,218.0,3.5,763,25507,16273,39.2,205.0
Station_01,Inv_00,20170717,08:43:00,234.9,3.4,799,218.0,3.5,763,25507,16273,39.1,206.0
Station_01,Inv_00,20170717,08:44:00,241.5,3.3,797,219.0,3.5,767,25507,16273,38.9,207.0
Station_01,Inv_00,20170717,08:45:00,231.0,3.3,762,218.0,3.4,741,25507,16273,38.9,207.0
Station_01,Inv_00,20170717,08:46:00,232.5,3.4,791,219.0,3.5,767,25507,16273,39.0,207.0
Station_01,Inv_00,20170717,08:47:00,235.9,3.4,802,218.0,3.5,763,25507,16273,39.0,208.0
Station_01,Inv_00,20170717,08:48:00,244.0,3.3,805,218.0,3.5,763,25507,16273,39.1,208.0
Station_01,Inv_00,20170717,08:49:00,240.2,3.4,817,217.0,3.6,781,25507,16273,38.9,209.0
Station_01,Inv_00,20170717,08:50:00,240.5,3.4,818,218.0,3.6,785,25507,16273,38.7,210.0
Station_01,Inv_00,20170717,08:51:00,239.9,3.4,816,219.0,3.6,788,25507,16273,38.9,210.0
Station_01,Inv_00,20170717,08:52:00,230.5,3.5,807,219.0,3.5,767,25507,16273,38.7,210.0
Station_01,Inv_00,20170717,08:53:00,237.9,3.4,809,219.0,3.5,767,25507,16273,38.9,210.0
Station_01,Inv_00,20170717,08:54:00,235.5,3.4,801,219.0,3.5,767,25507,16273,38.9,208.0
Station_01,Inv_00,20170717,08:55:00,238.4,3.4,811,219.0,3.5,767,25507,16273,39.0,208.0
Station_01,Inv_00,20170717,08:56:00,233.9,3.4,795,219.0,3.4,745,25507,16273,38.9,206.0
Station_01,Inv_00,20170717,08:57:00,232.8,3.4,791,218.0,3.3,719,25507,16273,38.9,203.0
Station_01,Inv_00,20170717,08:58:00,239.9,3.3,792,218.0,3.4,741,25507,16273,39.1,202.0
Station_01,Inv_00,20170717,08:59:00,234.9,3.3,775,217.0,3.4,738,25507,16273,38.9,201.0
Station_01,Inv_00,20170717,09:00:00,237.4,3.3,783,218.0,3.4,741,25507,16273,39.0,201.0
Station_01,Inv_00,20170717,09:01:00,232.5,3.3,767,217.0,3.3,716,25507,16273,39.1,201.0
Station_01,Inv_00,20170717,09:02:00,234.9,3.3,775,218.0,3.3,719,25507,16273,39.0,201.0
Station_01,Inv_00,20170717,09:03:00,233.5,3.3,770,218.0,3.4,741,25507,16273,38.5,201.0
Station_01,Inv_00,20170717,09:04:00,238.4,3.3,787,218.0,3.4,741,25507,16273,38.4,200.0
Station_01,Inv_00,20170717,09:05:00,233.5,3.3,771,218.0,3.4,741,25507,16273,38.5,200.0
Station_01,Inv_00,20170717,09:06:00,235.0,3.3,775,218.0,3.4,741,25507,16273,38.6,199.0
Station_01,Inv_00,20170717,09:07:00,234.0,3.3,772,219.0,3.3,723,25507,16273,38.6,199.0
Station_01,Inv_00,20170717,09:08:00,233.0,3.3,769,218.0,3.3,719,25507,16273,38.2,198.0
Station_01,Inv_00,20170717,09:09:00,242.5,3.1,752,218.0,3.3,719,25507,16273,38.4,196.0
Station_01,Inv_00,20170717,09:10:00,225.0,3.3,743,218.0,3.2,698,25507,16273,38.4,195.0
Station_01,Inv_00,20170717,09:11:00,231.5,3.2,741,218.0,3.2,698,25507,16273,38.3,194.0
Station_01,Inv_00,20170717,09:12:00,229.0,3.2,733,218.0,3.1,676,25507,16273,38.5,193.0
Station_01,Inv_00,20170717,09:13:00,228.5,3.2,731,217.0,3.2,694,25507,16273,38.6,192.0
Station_01,Inv_00,20170717,09:14:00,228.0,3.2,730,218.0,3.1,676,25507,16273,38.6,191.0
Station_01,Inv_00,20170717,09:15:00,235.5,3.1,730,217.0,3.2,694,25507,16273,38.7,190.0
Station_01,Inv_00,20170717,09:16:00,232.0,3.1,719,218.0,3.2,698,25507,16273,38.7,190.0
Station_01,Inv_00,20170717,09:17:00,232.5,3.2,744,217.0,3.2,694,25507,16273,38.7,189.0
Station_01,Inv_00,20170717,09:18:00,234.5,3.1,727,218.0,3.1,676,25507,16273,38.8,188.0
Station_01,Inv_00,20170717,09:19:00,231.5,3.1,718,218.0,3.1,676,25507,16273,38.8,188.0
Station_01,Inv_00,20170717,09:20:00,226.5,3.1,702,218.0,3.1,676,25507,16273,38.7,189.0
Station_01,Inv_00,20170717,09:21:00,232.5,3.1,721,217.0,3.1,673,25507,16273,38.3,189.0
Station_01,Inv_00,20170717,09:22:00,232.5,3.2,744,217.0,3.1,673,25507,16273,37.6,189.0
Station_01,Inv_00,20170717,09:23:00,232.5,3.1,721,217.0,3.1,673,25507,16273,37.8,190.0
Station_01,Inv_00,20170717,09:24:00,236.9,3.1,734,217.0,3.2,694,25507,16273,37.6,190.0
Station_01,Inv_00,20170717,09:25:00,239.5,3.1,742,218.0,3.2,698,25507,16273,37.7,189.0
Station_01,Inv_00,20170717,09:26:00,238.0,3.1,738,219.0,3.2,701,25508,16274,37.3,190.0
Station_01,Inv_00,20170717,09:27:00,231.0,3.1,716,218.0,3.1,676,25508,16274,37.5,189.0
Station_01,Inv_00,20170717,09:28:00,238.0,3.1,738,218.0,3.2,698,25508,16274,37.5,189.0
Station_01,Inv_00,20170717,09:29:00,238.9,3.1,741,218.0,3.1,676,25508,16274,37.4,189.0
Station_01,Inv_00,20170717,09:30:00,235.0,3.0,705,218.0,3.1,676,25508,16274,37.5,190.0
Station_01,Inv_00,20170717,09:31:00,236.0,3.2,755,218.0,3.2,698,25508,16274,37.5,191.0
Station_01,Inv_00,20170717,09:32:00,229.3,3.2,734,218.0,3.2,698,25508,16274,37.6,193.0
Station_01,Inv_00,20170717,09:33:00,230.0,3.1,713,218.0,3.2,698,25508,16274,37.3,195.0
Station_01,Inv_00,20170717,09:34:00,237.0,3.2,758,217.0,3.3,716,25508,16274,37.6,196.0
Station_01,Inv_00,20170717,09:35:00,224.5,3.3,741,218.0,3.2,698,25508,16274,37.1,197.0
Station_01,Inv_00,20170717,09:36:00,231.1,3.1,716,218.0,3.2,698,25508,16274,37.3,199.0
Station_01,Inv_00,20170717,09:37:00,235.0,3.2,752,218.0,3.4,741,25508,16274,37.5,201.0
Station_01,Inv_00,20170717,09:38:00,234.3,3.4,797,218.0,3.4,741,25508,16274,37.6,203.0
Station_01,Inv_00,20170717,09:39:00,242.4,3.3,800,218.0,3.5,763,25508,16274,37.3,202.0
Station_01,Inv_00,20170717,09:40:00,240.5,3.3,794,219.0,3.5,767,25508,16274,37.5,202.0
Station_01,Inv_00,20170717,09:41:00,234.4,3.4,797,219.0,3.5,767,25508,16274,37.6,203.0
Station_01,Inv_00,20170717,09:42:00,239.5,3.2,766,218.0,3.5,763,25508,16274,37.8,203.0
Station_01,Inv_00,20170717,09:43:00,241.0,3.3,795,218.0,3.5,763,25508,16274,38.0,203.0
Station_01,Inv_00,20170717,09:44:00,237.5,3.3,784,217.0,3.5,760,25508,16274,38.1,202.0
Station_01,Inv_00,20170717,09:45:00,243.0,3.2,778,218.0,3.5,763,25508,16274,37.9,201.0
Station_01,Inv_00,20170717,09:46:00,239.8,3.3,792,218.0,3.5,763,25508,16274,37.9,202.0
Station_01,Inv_00,20170717,09:47:00,234.0,3.3,772,219.0,3.4,745,25508,16274,38.0,201.0
Station_01,Inv_00,20170717,09:48:00,233.4,3.3,770,219.0,3.4,745,25508,16274,37.9,201.0
Station_01,Inv_00,20170717,09:49:00,233.5,3.3,770,219.0,3.4,745,25508,16274,38.2,200.0
Station_01,Inv_00,20170717,09:50:00,235.5,3.3,777,219.0,3.4,745,25508,16274,38.2,201.0
Station_01,Inv_00,20170717,09:51:00,233.0,3.3,769,218.0,3.4,741,25508,16274,38.2,201.0
Station_01,Inv_00,20170717,09:52:00,234.5,3.3,774,218.0,3.4,741,25508,16274,38.1,200.0
Station_01,Inv_00,20170717,09:53:00,238.9,3.3,788,218.0,3.4,741,25508,16274,37.9,200.0
Station_01,Inv_00,20170717,09:54:00,231.5,3.4,787,219.0,3.4,745,25508,16274,38.1,202.0
Station_01,Inv_00,20170717,09:55:00,241.0,3.3,795,218.0,3.5,763,25508,16274,38.0,203.0
Station_01,Inv_00,20170717,09:56:00,229.5,3.4,780,218.0,3.4,741,25508,16274,38.1,203.0
Station_01,Inv_00,20170717,09:57:00,238.5,3.2,763,218.0,3.5,763,25508,16274,38.1,204.0
Station_01,Inv_00,20170717,09:58:00,240.9,3.3,795,219.0,3.5,767,25508,16274,38.4,204.0
Station_01,Inv_00,20170717,09:59:00,237.0,3.4,806,218.0,3.5,763,25508,16274,38.5,206.0
Station_01,Inv_00,20170717,10:00:00,235.0,3.3,775,219.0,3.5,767,25508,16274,38.5,207.0
Station_01,Inv_00,20170717,10:01:00,235.3,3.4,800,218.0,3.6,785,25508,16274,38.7,209.0
Station_01,Inv_00,20170717,10:02:00,231.0,3.5,808,219.0,3.5,767,25508,16274,38.7,211.0
Station_01,Inv_00,20170717,10:03:00,241.0,3.4,819,219.0,3.6,788,25508,16274,38.8,213.0
Station_01,Inv_00,20170717,10:04:00,237.0,3.6,853,219.0,3.7,810,25508,16274,39.1,216.0
Station_01,Inv_00,20170717,10:05:00,238.5,3.6,859,219.0,3.8,832,25508,16274,38.9,219.0
Station_01,Inv_00,20170717,10:06:00,236.0,3.7,873,219.0,3.8,832,25508,16274,39.2,222.0
Station_01,Inv_00,20170717,10:07:00,234.5,3.8,891,219.0,3.8,832,25508,16274,39.3,225.0
Station_01,Inv_00,20170717,10:08:00,235.0,3.8,893,219.0,3.9,854,25508,16274,39.2,228.0
Station_01,Inv_00,20170717,10:09:00,240.0,3.8,912,219.0,3.9,854,25508,16274,39.5,231.0
Station_01,Inv_00,20170717,10:10:00,236.5,3.9,922,219.0,4.0,876,25508,16274,39.5,233.0
Station_01,Inv_00,20170717,10:11:00,237.5,4.0,950,216.0,4.0,864,25508,16274,39.7,237.0
Station_01,Inv_00,20170717,10:12:00,239.5,4.0,958,216.0,4.1,886,25508,16274,39.7,240.0
Station_01,Inv_00,20170717,10:13:00,241.5,4.0,966,217.0,4.0,868,25508,16274,39.9,244.0
Station_01,Inv_00,20170717,10:14:00,238.0,4.1,976,216.0,4.1,886,25508,16274,40.0,247.0
Station_01,Inv_00,20170717,10:15:00,233.0,4.1,955,217.0,4.1,890,25508,16274,39.9,251.0
Station_01,Inv_00,20170717,10:16:00,232.5,4.3,1000,217.0,4.2,911,25508,16274,40.3,255.0
Station_01,Inv_00,20170717,10:17:00,239.5,4.2,1006,216.0,4.4,950,25508,16274,40.6,259.0
Station_01,Inv_00,20170717,10:18:00,237.0,4.4,1043,217.0,4.4,955,25508,16274,40.7,262.0
Station_01,Inv_00,20170717,10:19:00,233.5,4.4,1027,217.0,4.5,977,25508,16274,40.9,267.0
Station_01,Inv_00,20170717,10:20:00,239.5,4.5,1078,217.0,4.6,998,25508,16274,41.0,270.0
Station_01,Inv_00,20170717,10:21:00,233.5,4.5,1051,217.0,4.6,998,25508,16274,40.9,275.0
Station_01,Inv_00,20170717,10:22:00,231.0,4.6,1063,217.0,4.6,998,25508,16274,40.9,279.0
Station_01,Inv_00,20170717,10:23:00,237.0,4.6,1090,217.0,4.7,1020,25508,16274,41.3,283.0
Station_01,Inv_00,20170717,10:24:00,240.4,4.6,1106,217.0,4.8,1042,25508,16274,41.6,285.0
Station_01,Inv_00,20170717,10:25:00,233.0,4.8,1118,217.0,4.8,1042,25508,16274,41.7,289.0
Station_01,Inv_00,20170717,10:26:00,234.0,4.8,1123,216.0,4.9,1058,25508,16274,42.0,294.0
Station_01,Inv_00,20170717,10:27:00,227.5,5.1,1160,217.0,4.9,1063,25508,16274,41.7,298.0
Station_01,Inv_00,20170717,10:28:00,233.5,5.1,1191,217.0,5.1,1107,25508,16274,42.3,302.0
Station_01,Inv_00,20170717,10:29:00,233.0,5.1,1188,217.0,5.1,1107,25508,16274,42.2,307.0
Station_01,Inv_00,20170717,10:30:00,236.5,5.1,1206,217.0,5.2,1128,25508,16274,42.2,313.0
Station_01,Inv_00,20170717,10:31:00,236.5,5.2,1230,217.0,5.4,1172,25508,16274,41.4,318.0
Station_01,Inv_00,20170717,10:32:00,235.4,5.3,1248,216.0,5.4,1166,25508,16274,42.4,323.0
Station_01,Inv_00,20170717,10:33:00,236.3,5.4,1276,217.0,5.6,1215,25509,16275,42.8,329.0
Station_01,Inv_00,20170717,10:34:00,235.0,5.5,1292,217.0,5.6,1215,25509,16275,42.8,334.0
Station_01,Inv_00,20170717,10:35:00,237.0,5.5,1303,216.0,5.7,1231,25509,16275,43.5,340.0
Station_01,Inv_00,20170717,10:36:00,234.0,5.7,1334,216.0,5.7,1231,25509,16275,43.6,344.0
Station_01,Inv_00,20170717,10:37:00,238.9,5.6,1338,216.0,5.8,1253,25509,16275,44.1,350.0
Station_01,Inv_00,20170717,10:38:00,230.0,6.0,1380,217.0,5.9,1280,25509,16275,43.5,354.0
Station_01,Inv_00,20170717,10:39:00,238.5,5.9,1407,216.0,6.0,1296,25509,16275,44.4,358.0
Station_01,Inv_00,20170717,10:40:00,229.0,6.1,1397,217.0,6.0,1302,25509,16275,44.6,362.0
Station_01,Inv_00,20170717,10:41:00,234.0,6.1,1427,216.0,6.1,1318,25509,16275,44.9,364.0
Station_01,Inv_00,20170717,10:42:00,230.5,6.0,1383,216.0,6.1,1318,25509,16275,44.9,365.0
Station_01,Inv_00,20170717,10:43:00,231.5,6.0,1389,217.0,6.1,1324,25509,16275,45.5,368.0
Station_01,Inv_00,20170717,10:44:00,233.4,6.0,1401,217.0,6.2,1345,25509,16275,45.7,368.0
Station_01,Inv_00,20170717,10:45:00,225.0,6.3,1417,217.0,6.0,1302,25509,16275,46.1,371.0
Station_01,Inv_00,20170717,10:46:00,229.5,6.3,1446,217.0,6.2,1345,25509,16275,46.2,374.0
Station_01,Inv_00,20170717,10:47:00,235.0,6.2,1457,217.0,6.2,1345,25509,16275,46.1,377.0
Station_01,Inv_00,20170717,10:48:00,239.5,6.1,1461,217.0,6.3,1367,25509,16275,46.5,380.0
Station_01,Inv_00,20170717,10:49:00,230.0,6.3,1449,217.0,6.3,1367,25509,16275,46.1,383.0
Station_01,Inv_00,20170717,10:50:00,231.5,6.3,1458,216.0,6.3,1361,25509,16275,45.7,384.0
Station_01,Inv_00,20170717,10:51:00,233.5,6.3,1471,216.0,6.4,1382,25509,16275,46.3,402.0
Station_01,Inv_00,20170717,10:52:00,232.9,6.3,1468,216.0,6.5,1404,25509,16275,46.8,402.0
Station_01,Inv_00,20170717,10:53:00,229.0,6.4,1466,216.0,6.5,1404,25509,16275,46.3,406.0
Station_01,Inv_00,20170717,10:54:00,231.0,6.5,1501,216.0,6.5,1404,25509,16275,46.9,406.0
Station_01,Inv_00,20170717,10:55:00,236.0,6.3,1487,216.0,6.5,1404,25509,16275,46.6,404.0
Station_01,Inv_00,20170717,10:56:00,234.0,6.3,1474,216.0,6.5,1404,25509,16275,47.2,407.0
Station_01,Inv_00,20170717,10:57:00,229.5,6.5,1492,216.0,6.5,1404,25509,16275,45.5,408.0
Station_01,Inv_00,20170717,10:58:00,236.0,6.3,1487,216.0,6.6,1426,25509,16275,46.1,409.0
Station_01,Inv_00,20170717,10:59:00,235.5,6.5,1531,219.0,6.5,1424,25509,16275,46.6,394.0
Station_01,Inv_00,20170717,11:00:00,228.0,6.7,1528,218.0,6.5,1417,25509,16275,46.5,398.0
Station_01,Inv_00,20170717,11:01:00,233.9,6.4,1497,219.0,6.6,1445,25509,16275,47.2,400.0
Station_01,Inv_00,20170717,11:02:00,236.0,6.5,1534,219.0,6.6,1445,25509,16275,46.9,403.0
Station_01,Inv_00,20170717,11:03:00,235.4,6.6,1554,218.0,6.6,1439,25509,16275,46.3,405.0
Station_01,Inv_00,20170717,11:04:00,233.0,6.6,1538,219.0,6.7,1467,25509,16275,46.5,408.0
Station_01,Inv_00,20170717,11:05:00,232.5,6.8,1581,218.0,6.7,1461,25509,16275,46.4,412.0
Station_01,Inv_00,20170717,11:06:00,233.0,6.7,1561,218.0,6.7,1461,25509,16275,46.5,414.0
Station_01,Inv_00,20170717,11:07:00,232.5,6.7,1558,218.0,6.7,1461,25509,16275,46.2,417.0
Station_01,Inv_00,20170717,11:08:00,231.0,6.9,1594,218.0,6.8,1482,25509,16275,46.7,418.0
Station_01,Inv_00,20170717,11:09:00,227.0,6.9,1566,218.0,6.8,1482,25509,16275,47.1,422.0
Station_01,Inv_00,20170717,11:10:00,236.0,6.8,1605,218.0,7.0,1526,25509,16275,47.3,427.0
Station_01,Inv_00,20170717,11:11:00,232.5,7.1,1651,219.0,7.0,1533,25509,16275,46.8,433.0
Station_01,Inv_00,20170717,11:12:00,229.0,7.3,1672,218.0,7.2,1570,25509,16275,46.6,443.0
Station_01,Inv_00,20170717,11:13:00,233.5,7.2,1681,219.0,7.3,1599,25509,16275,46.7,448.0
Station_01,Inv_00,20170717,11:14:00,232.0,7.3,1694,218.0,7.3,1591,25510,16275,46.6,449.0
Station_01,Inv_00,20170717,11:15:00,235.5,7.3,1719,218.0,7.4,1613,25510,16275,47.2,450.0
Station_01,Inv_00,20170717,11:16:00,231.5,7.3,1690,218.0,7.3,1591,25510,16275,46.8,451.0
Station_01,Inv_00,20170717,11:17:00,232.0,7.3,1694,218.0,7.4,1613,25510,16275,46.7,454.0
Station_01,Inv_00,20170717,11:18:00,233.0,7.3,1701,218.0,7.3,1591,25510,16275,47.0,454.0
Station_01,Inv_00,20170717,11:19:00,231.5,7.3,1690,218.0,7.3,1591,25510,16275,47.1,452.0
Station_01,Inv_00,20170717,11:20:00,234.0,7.2,1685,218.0,7.3,1591,25510,16275,47.3,451.0
Station_01,Inv_00,20170717,11:21:00,226.0,7.4,1672,218.0,7.2,1570,25510,16275,47.8,450.0
Station_01,Inv_00,20170717,11:22:00,229.0,7.5,1717,218.0,7.3,1591,25510,16275,47.4,452.0
Station_01,Inv_00,20170717,11:23:00,233.4,7.2,1681,218.0,7.3,1591,25510,16275,48.5,451.0
Station_01,Inv_00,20170717,11:24:00,231.5,7.3,1690,217.0,7.3,1584,25510,16275,48.5,448.0
Station_01,Inv_00,20170717,11:25:00,233.0,7.2,1678,218.0,7.2,1570,25510,16275,49.3,445.0
Station_01,Inv_00,20170717,11:26:00,231.9,7.2,1670,218.0,7.2,1570,25510,16275,49.7,442.0
Station_01,Inv_00,20170717,11:27:00,232.5,7.1,1651,218.0,7.2,1570,25510,16275,48.9,440.0
Station_01,Inv_00,20170717,11:28:00,233.5,7.1,1658,218.0,7.1,1548,25510,16275,49.4,436.0
Station_01,Inv_00,20170717,11:29:00,231.5,7.1,1644,218.0,7.1,1548,25510,16275,49.4,434.0
Station_01,Inv_00,20170717,11:30:00,233.5,6.9,1611,218.0,7.0,1526,25510,16275,48.9,432.0
Station_01,Inv_00,20170717,11:31:00,225.5,7.1,1601,218.0,6.9,1504,25510,16275,49.2,430.0
Station_01,Inv_00,20170717,11:32:00,229.0,7.1,1626,218.0,6.9,1504,25510,16275,49.0,427.0
Station_01,Inv_00,20170717,11:33:00,230.0,6.9,1587,217.0,6.9,1497,25510,16275,48.6,424.0
Station_01,Inv_00,20170717,11:34:00,235.0,6.9,1622,218.0,6.9,1504,25510,16275,48.9,422.0
Station_01,Inv_00,20170717,11:35:00,221.5,7.1,1572,217.0,6.7,1454,25510,16275,48.2,422.0
Station_01,Inv_00,20170717,11:36:00,232.0,6.9,1601,218.0,6.8,1482,25510,16275,47.6,420.0
Station_01,Inv_00,20170717,11:37:00,229.0,6.8,1557,217.0,6.8,1476,25510,16275,47.6,418.0
Station_01,Inv_00,20170717,11:38:00,233.5,6.7,1564,217.0,6.8,1476,25510,16275,46.8,416.0
Station_01,Inv_00,20170717,11:39:00,228.5,6.9,1577,217.0,6.7,1454,25510,16275,47.3,413.0
Station_01,Inv_00,20170717,11:40:00,233.4,6.6,1540,218.0,6.7,1461,25510,16275,46.9,412.0
Station_01,Inv_00,20170717,11:41:00,235.5,6.7,1578,218.0,6.7,1461,25510,16275,46.1,410.0
Station_01,Inv_00,20170717,11:42:00,233.0,6.6,1538,218.0,6.7,1461,25510,16275,47.2,412.0
Station_01,Inv_00,20170717,11:43:00,222.5,6.7,1491,217.0,6.6,1432,25510,16275,47.3,405.0
Station_01,Inv_00,20170717,11:44:00,233.0,6.7,1561,218.0,6.7,1461,25510,16275,46.9,404.0
Station_01,Inv_00,20170717,11:45:00,233.0,6.5,1514,218.0,6.6,1439,25510,16275,47.3,403.0
Station_01,Inv_00,20170717,11:46:00,228.5,6.6,1508,218.0,6.6,1439,25510,16275,46.7,401.0
Station_01,Inv_00,20170717,11:47:00,235.0,6.5,1527,217.0,6.6,1432,25510,16275,46.2,399.0
Station_01,Inv_00,20170717,11:48:00,237.5,6.3,1496,218.0,6.6,1439,25510,16275,45.2,398.0
Station_01,Inv_00,20170717,11:49:00,237.0,6.3,1493,218.0,6.5,1417,25510,16275,45.4,395.0
Station_01,Inv_00,20170717,11:50:00,232.0,6.4,1485,218.0,6.5,1417,25510,16275,44.7,395.0
Station_01,Inv_00,20170717,11:51:00,229.5,6.6,1515,218.0,6.4,1395,25511,16276,45.1,392.0
Station_01,Inv_00,20170717,11:52:00,234.5,6.3,1477,218.0,6.5,1417,25511,16276,44.8,390.0
Station_01,Inv_00,20170717,11:53:00,231.5,6.5,1505,218.0,6.4,1395,25511,16276,44.1,388.0
Station_01,Inv_00,20170717,11:54:00,232.5,6.3,1465,218.0,6.3,1373,25511,16276,44.4,385.0
Station_01,Inv_00,20170717,11:55:00,237.0,6.1,1446,219.0,6.3,1380,25511,16276,44.4,382.0
Station_01,Inv_00,20170717,11:56:00,230.0,6.3,1449,219.0,6.2,1358,25511,16276,44.8,377.0
Station_01,Inv_00,20170717,11:57:00,240.4,5.8,1395,218.0,6.1,1330,25511,16276,43.5,377.0
Station_01,Inv_00,20170717,11:58:00,229.4,6.1,1400,219.0,6.1,1336,25511,16276,45.3,373.0
Station_01,Inv_00,20170717,11:59:00,233.4,5.9,1377,219.0,5.9,1292,25511,16276,45.4,369.0
Station_01,Inv_00,20170717,12:00:00,231.4,5.9,1366,217.0,6.0,1302,25511,16276,45.8,366.0
Station_01,Inv_00,20170717,12:01:00,233.3,5.8,1353,217.0,5.9,1280,25511,16276,45.3,362.0
Station_01,Inv_00,20170717,12:02:00,234.9,5.7,1339,217.0,5.8,1259,25511,16276,44.7,358.0
Station_01,Inv_00,20170717,12:03:00,232.9,5.7,1328,216.0,5.8,1253,25511,16276,44.7,354.0
Station_01,Inv_00,20170717,12:04:00,234.0,5.6,1310,216.0,5.6,1210,25511,16276,44.3,350.0
Station_01,Inv_00,20170717,12:05:00,230.4,5.7,1313,216.0,5.6,1210,25511,16276,43.3,347.0
Station_01,Inv_00,20170717,12:06:00,228.6,5.6,1280,216.0,5.6,1210,25511,16276,43.6,342.0
Station_01,Inv_00,20170717,12:07:00,236.5,5.2,1230,216.0,5.4,1166,25511,16276,43.1,337.0
Station_01,Inv_00,20170717,12:08:00,233.4,5.5,1284,217.0,5.5,1194,25511,16276,43.2,335.0
Station_01,Inv_00,20170717,12:09:00,228.3,5.4,1233,217.0,5.4,1172,25511,16276,43.0,331.0
Station_01,Inv_00,20170717,12:10:00,232.0,5.2,1206,217.0,5.1,1107,25511,16276,43.0,328.0
Station_01,Inv_00,20170717,12:11:00,232.4,5.3,1232,217.0,5.2,1128,25511,16276,42.6,324.0
Station_01,Inv_00,20170717,12:12:00,226.5,5.2,1178,218.0,5.0,1090,25511,16276,42.5,322.0
Station_01,Inv_00,20170717,12:13:00,231.0,5.0,1155,217.0,5.1,1107,25511,16276,42.0,301.0
Station_01,Inv_00,20170717,12:14:00,234.9,5.1,1198,217.0,5.1,1107,25511,16276,43.1,320.0
Station_01,Inv_00,20170717,12:15:00,233.9,5.1,1193,217.0,5.1,1107,25511,16276,42.4,315.0
Station_01,Inv_00,20170717,12:16:00,240.0,5.0,1200,217.0,5.2,1128,25511,16276,42.6,315.0
Station_01,Inv_00,20170717,12:17:00,239.5,5.0,1198,217.0,5.2,1128,25511,16276,42.6,315.0
Station_01,Inv_00,20170717,12:18:00,231.5,5.3,1227,217.0,5.1,1107,25511,16276,42.2,315.0
Station_01,Inv_00,20170717,12:19:00,235.5,5.2,1225,217.0,5.2,1128,25511,16276,42.6,314.0
Station_01,Inv_00,20170717,12:20:00,237.0,5.2,1232,217.0,5.2,1128,25511,16276,42.6,313.0
Station_01,Inv_00,20170717,12:21:00,234.0,5.1,1193,217.0,5.1,1107,25511,16276,42.3,314.0
Station_01,Inv_00,20170717,12:22:00,231.0,5.3,1224,217.0,5.2,1128,25511,16276,42.1,313.0
Station_01,Inv_00,20170717,12:23:00,232.0,5.3,1230,217.0,5.2,1128,25511,16276,42.1,313.0
Station_01,Inv_00,20170717,12:24:00,232.5,5.3,1232,217.0,5.2,1128,25511,16276,41.3,314.0
Station_01,Inv_00,20170717,12:25:00,232.0,5.2,1206,217.0,5.2,1128,25511,16276,42.3,313.0
Station_01,Inv_00,20170717,12:26:00,232.0,5.3,1229,217.0,5.2,1128,25511,16276,42.1,314.0
Station_01,Inv_00,20170717,12:27:00,237.5,5.1,1211,217.0,5.2,1128,25511,16276,41.5,316.0
Station_01,Inv_00,20170717,12:28:00,236.0,5.1,1204,217.0,5.2,1128,25511,16276,41.6,315.0
Station_01,Inv_00,20170717,12:29:00,233.5,5.3,1238,217.0,5.2,1128,25511,16276,41.1,315.0
Station_01,Inv_00,20170717,12:30:00,231.5,5.2,1204,217.0,5.2,1128,25511,16276,41.1,316.0
Station_01,Inv_00,20170717,12:31:00,233.5,5.3,1238,216.0,5.2,1123,25511,16276,40.8,318.0
Station_01,Inv_00,20170717,12:32:00,233.5,5.3,1238,217.0,5.2,1128,25511,16276,41.2,316.0
Station_01,Inv_00,20170717,12:33:00,231.5,5.2,1204,217.0,5.2,1128,25511,16276,41.1,316.0
Station_01,Inv_00,20170717,12:34:00,233.0,5.2,1212,217.0,5.3,1150,25511,16276,41.4,316.0
Station_01,Inv_00,20170717,12:35:00,233.9,5.2,1216,216.0,5.3,1145,25511,16276,41.7,318.0
Station_01,Inv_00,20170717,12:36:00,234.4,5.3,1243,216.0,5.3,1145,25511,16276,42.0,319.0
Station_01,Inv_00,20170717,12:37:00,233.0,5.3,1235,217.0,5.3,1150,25511,16276,41.2,322.0
Station_01,Inv_00,20170717,12:38:00,236.5,5.4,1277,217.0,5.4,1172,25512,16277,41.7,331.0
Station_01,Inv_00,20170717,12:39:00,241.5,5.3,1280,217.0,5.5,1194,25512,16277,41.7,326.0
Station_01,Inv_00,20170717,12:40:00,239.0,5.4,1291,216.0,5.5,1188,25512,16277,41.4,329.0
Station_01,Inv_00,20170717,12:41:00,240.0,5.3,1272,217.0,5.6,1215,25512,16277,42.1,331.0
Station_01,Inv_00,20170717,12:42:00,237.5,5.5,1306,217.0,5.6,1215,25512,16277,41.6,334.0
Station_01,Inv_00,20170717,12:43:00,239.5,5.4,1293,217.0,5.6,1215,25512,16277,42.0,337.0
Station_01,Inv_00,20170717,12:44:00,233.5,5.5,1284,218.0,5.6,1221,25512,16277,41.5,339.0
Station_01,Inv_00,20170717,12:45:00,240.9,5.4,1301,217.0,5.7,1237,25512,16277,41.3,341.0
Station_01,Inv_00,20170717,12:46:00,239.5,5.6,1341,217.0,5.7,1237,25512,16277,41.3,342.0
Station_01,Inv_00,20170717,12:47:00,233.4,5.6,1307,217.0,5.7,1237,25512,16277,41.3,344.0
Station_01,Inv_00,20170717,12:48:00,237.0,5.7,1351,217.0,5.8,1259,25512,16277,41.4,345.0
Station_01,Inv_00,20170717,12:49:00,236.0,5.8,1369,217.0,5.8,1259,25512,16277,41.1,348.0
Station_01,Inv_00,20170717,12:50:00,239.5,5.7,1365,217.0,5.8,1259,25512,16277,40.6,350.0
Station_01,Inv_00,20170717,12:51:00,236.4,5.8,1371,218.0,5.8,1264,25512,16277,41.0,351.0
Station_01,Inv_00,20170717,12:52:00,229.5,5.8,1331,217.0,5.8,1259,25512,16277,41.6,353.0
Station_01,Inv_00,20170717,12:53:00,237.5,5.7,1354,218.0,5.9,1286,25512,16277,42.0,354.0
Station_01,Inv_00,20170717,12:54:00,235.5,5.9,1389,218.0,6.0,1308,25512,16277,41.6,357.0
Station_01,Inv_00,20170717,12:55:00,230.5,5.9,1360,217.0,6.0,1302,25512,16277,41.9,358.0
Station_01,Inv_00,20170717,12:56:00,236.5,6.0,1419,217.0,6.0,1302,25512,16277,42.2,361.0
Station_01,Inv_00,20170717,12:57:00,230.5,6.0,1383,217.0,6.0,1302,25512,16277,41.7,366.0
Station_01,Inv_00,20170717,12:58:00,235.0,6.1,1433,216.0,6.1,1318,25512,16277,42.2,364.0
Station_01,Inv_00,20170717,12:59:00,232.0,6.0,1392,216.0,6.2,1339,25512,16277,42.2,368.0
Station_01,Inv_00,20170717,13:00:00,237.5,6.1,1449,216.0,6.2,1339,25512,16277,42.7,369.0
Station_01,Inv_00,20170717,13:01:00,235.4,6.0,1412,215.0,6.2,1333,25512,16277,42.8,373.0
Station_01,Inv_00,20170717,13:02:00,223.0,6.1,1360,215.0,6.0,1290,25512,16277,42.7,372.0
Station_01,Inv_00,20170717,13:03:00,181.5,6.2,1125,217.0,4.9,1063,25512,16277,42.7,372.0
Station_01,Inv_00,20170717,13:04:00,204.0,6.3,1285,217.0,5.5,1194,25512,16277,43.1,372.0
Station_01,Inv_00,20170717,13:05:00,235.0,6.1,1434,217.0,6.2,1345,25512,16277,43.2,372.0
Station_01,Inv_00,20170717,13:06:00,235.0,6.2,1457,218.0,6.2,1352,25512,16277,43.5,372.0
Station_01,Inv_00,20170717,13:07:00,235.5,6.2,1460,217.0,6.2,1345,25512,16277,43.5,373.0
Station_01,Inv_00,20170717,13:08:00,233.9,6.2,1450,218.0,6.2,1352,25512,16277,43.5,373.0
Station_01,Inv_00,20170717,13:09:00,227.5,6.3,1433,218.0,6.1,1330,25512,16277,43.1,376.0
Station_01,Inv_00,20170717,13:10:00,231.5,6.1,1412,217.0,6.2,1345,25512,16277,42.9,374.0
Station_01,Inv_00,20170717,13:11:00,237.5,6.1,1449,217.0,6.2,1345,25512,16277,43.1,373.0
Station_01,Inv_00,20170717,13:12:00,240.5,5.9,1419,217.0,6.2,1345,25512,16277,42.6,373.0
Station_01,Inv_00,20170717,13:13:00,236.5,6.0,1419,218.0,6.2,1352,25512,16277,42.5,372.0
Station_01,Inv_00,20170717,13:14:00,234.9,6.1,1433,217.0,6.2,1345,25512,16277,42.5,372.0
Station_01,Inv_00,20170717,13:15:00,235.0,6.1,1434,217.0,6.2,1345,25512,16277,42.7,371.0
Station_01,Inv_00,20170717,13:16:00,236.0,6.0,1416,218.0,6.2,1352,25512,16277,42.5,370.0
Station_01,Inv_00,20170717,13:17:00,229.0,6.2,1420,218.0,6.1,1330,25512,16277,42.3,370.0
Station_01,Inv_00,20170717,13:18:00,238.4,5.9,1407,218.0,6.1,1330,25512,16277,42.4,369.0
Station_01,Inv_00,20170717,13:19:00,236.4,6.0,1419,218.0,6.1,1330,25512,16277,42.9,369.0
Station_01,Inv_00,20170717,13:20:00,237.5,5.9,1401,217.0,6.2,1345,25512,16277,42.9,368.0
Station_01,Inv_00,20170717,13:21:00,237.5,5.9,1401,218.0,6.1,1330,25513,16277,42.9,368.0
Station_01,Inv_00,20170717,13:22:00,232.0,6.1,1415,218.0,6.1,1330,25513,16277,43.4,367.0
Station_01,Inv_00,20170717,13:23:00,235.0,5.9,1386,218.0,6.1,1330,25513,16277,43.1,367.0
Station_01,Inv_00,20170717,13:24:00,232.5,6.1,1418,218.0,6.1,1330,25513,16277,42.7,367.0
Station_01,Inv_00,20170717,13:25:00,231.0,6.0,1386,218.0,6.0,1308,25513,16277,43.0,366.0
Station_01,Inv_00,20170717,13:26:00,238.5,5.9,1407,218.0,6.1,1330,25513,16277,43.1,366.0
Station_01,Inv_00,20170717,13:27:00,235.0,6.1,1434,217.0,6.1,1324,25513,16277,42.7,367.0
Station_01,Inv_00,20170717,13:28:00,234.5,5.9,1384,218.0,6.1,1330,25513,16277,42.7,367.0
Station_01,Inv_00,20170717,13:29:00,237.8,6.0,1427,217.0,6.1,1324,25513,16277,43.0,366.0
Station_01,Inv_00,20170717,13:30:00,237.0,6.0,1422,217.0,6.1,1324,25513,16277,43.1,366.0
Station_01,Inv_00,20170717,13:31:00,235.0,5.9,1386,218.0,6.1,1330,25513,16277,43.7,366.0
Station_01,Inv_00,20170717,13:32:00,237.0,5.9,1398,218.0,6.1,1330,25513,16277,43.6,365.0
Station_01,Inv_00,20170717,13:33:00,238.0,6.0,1428,217.0,6.1,1324,25513,16277,44.0,365.0
Station_01,Inv_00,20170717,13:34:00,237.5,6.0,1425,217.0,6.1,1324,25513,16277,43.0,366.0
Station_01,Inv_00,20170717,13:35:00,234.0,6.1,1427,217.0,6.1,1324,25513,16277,43.4,382.0
Station_01,Inv_00,20170717,13:36:00,231.5,6.0,1389,218.0,6.1,1330,25513,16277,43.2,370.0
Station_01,Inv_00,20170717,13:37:00,237.5,6.1,1449,218.0,6.2,1352,25513,16277,43.2,371.0
Station_01,Inv_00,20170717,13:38:00,231.5,6.1,1412,218.0,6.2,1352,25513,16277,43.7,373.0
Station_01,Inv_00,20170717,13:39:00,234.0,6.2,1451,217.0,6.2,1345,25513,16277,43.7,374.0
Station_01,Inv_00,20170717,13:40:00,232.5,6.1,1418,218.0,6.2,1352,25513,16277,44.3,376.0
Station_01,Inv_00,20170717,13:41:00,233.5,6.1,1424,217.0,6.2,1345,25513,16277,43.9,377.0
Station_01,Inv_00,20170717,13:42:00,231.5,6.3,1458,218.0,6.2,1352,25513,16277,44.5,378.0
Station_01,Inv_00,20170717,13:43:00,237.0,6.1,1446,217.0,6.3,1367,25513,16277,44.4,380.0
Station_01,Inv_00,20170717,13:44:00,236.0,6.3,1487,218.0,6.3,1373,25513,16277,44.7,383.0
Station_01,Inv_00,20170717,13:45:00,232.5,6.4,1488,218.0,6.3,1373,25513,16277,44.4,385.0
Station_01,Inv_00,20170717,13:46:00,228.0,6.5,1482,218.0,6.3,1373,25513,16277,44.1,389.0
Station_01,Inv_00,20170717,13:47:00,235.5,6.4,1507,218.0,6.4,1395,25513,16277,44.3,390.0
Station_01,Inv_00,20170717,13:48:00,238.5,6.1,1455,218.0,6.3,1373,25513,16277,44.9,392.0
Station_01,Inv_00,20170717,13:49:00,233.5,6.2,1448,218.0,6.2,1352,25513,16277,44.8,394.0
Station_01,Inv_00,20170717,13:50:00,230.0,6.4,1472,218.0,6.4,1395,25513,16277,44.7,396.0
Station_01,Inv_00,20170717,13:51:00,233.0,6.5,1514,217.0,6.5,1411,25513,16277,44.7,398.0
Station_01,Inv_00,20170717,13:52:00,235.0,6.5,1527,218.0,6.6,1439,25513,16277,45.0,399.0
Station_01,Inv_00,20170717,13:53:00,234.9,6.4,1503,217.0,6.6,1432,25513,16277,45.4,400.0
Station_01,Inv_00,20170717,13:54:00,229.5,6.6,1515,217.0,6.6,1432,25513,16277,45.8,402.0
Station_01,Inv_00,20170717,13:55:00,231.5,6.5,1505,217.0,6.6,1432,25513,16277,46.5,404.0
Station_01,Inv_00,20170717,13:56:00,231.5,6.7,1551,218.0,6.7,1461,25513,16277,45.9,408.0
Station_01,Inv_00,20170717,13:57:00,234.5,6.7,1571,217.0,6.7,1454,25513,16277,46.3,410.0
Station_01,Inv_00,20170717,13:58:00,232.9,6.8,1584,217.0,6.7,1454,25513,16277,47.1,414.0
Station_01,Inv_00,20170717,13:59:00,232.0,6.9,1601,217.0,6.8,1476,25513,16277,46.6,420.0
Station_01,Inv_00,20170717,14:00:00,233.5,6.9,1611,217.0,6.9,1497,25513,16277,46.4,424.0
Station_01,Inv_00,20170717,14:01:00,231.5,6.9,1597,217.0,7.0,1519,25513,16277,47.6,430.0
Station_01,Inv_00,20170717,14:02:00,234.9,7.0,1644,217.0,7.1,1541,25514,16278,47.8,431.0
Station_01,Inv_00,20170717,14:03:00,227.5,7.1,1615,217.0,7.1,1541,25514,16278,47.5,436.0
Station_01,Inv_00,20170717,14:04:00,233.0,7.1,1654,218.0,7.2,1570,25514,16278,47.7,440.0
Station_01,Inv_00,20170717,14:05:00,232.5,7.1,1650,218.0,7.2,1570,25514,16278,48.0,444.0
Station_01,Inv_00,20170717,14:06:00,232.5,7.4,1720,217.0,7.4,1606,25514,16278,48.3,451.0
Station_01,Inv_00,20170717,14:07:00,231.0,7.4,1709,217.0,7.5,1628,25514,16278,48.5,459.0
Station_01,Inv_00,20170717,14:08:00,233.0,7.5,1748,217.0,7.5,1628,25514,16278,47.7,462.0
Station_01,Inv_00,20170717,14:09:00,234.0,7.4,1732,217.0,7.6,1649,25514,16278,48.3,463.0
Station_01,Inv_00,20170717,14:10:00,232.5,7.5,1744,217.0,7.6,1649,25514,16278,49.0,468.0
Station_01,Inv_00,20170717,14:11:00,226.5,7.7,1744,218.0,7.6,1657,25514,16278,48.7,472.0
Station_01,Inv_00,20170717,14:12:00,225.5,7.7,1736,217.0,7.5,1628,25514,16278,48.4,469.0
Station_01,Inv_00,20170717,14:13:00,228.0,7.5,1710,217.0,7.5,1628,25514,16278,48.8,464.0
Station_01,Inv_00,20170717,14:14:00,229.5,7.5,1721,218.0,7.4,1613,25514,16278,48.0,459.0
Station_01,Inv_00,20170717,14:15:00,229.5,7.3,1675,217.0,7.3,1584,25514,16278,48.1,454.0
Station_01,Inv_00,20170717,14:16:00,230.0,7.2,1656,217.0,7.2,1562,25514,16278,49.1,447.0
Station_01,Inv_00,20170717,14:17:00,223.5,7.3,1632,218.0,7.1,1548,25514,16278,48.8,447.0
Station_01,Inv_00,20170717,14:18:00,227.5,7.1,1615,218.0,7.1,1548,25514,16278,48.2,444.0
Station_01,Inv_00,20170717,14:19:00,227.0,7.1,1612,217.0,6.9,1497,25514,16278,47.9,433.0
Station_01,Inv_00,20170717,14:20:00,232.5,6.7,1558,217.0,6.7,1454,25514,16278,48.3,426.0
Station_01,Inv_00,20170717,14:21:00,228.0,6.8,1550,217.0,6.7,1454,25514,16278,48.0,417.0
Station_01,Inv_00,20170717,14:22:00,231.5,6.5,1505,218.0,6.6,1439,25514,16278,47.6,412.0
Station_01,Inv_00,20170717,14:23:00,228.5,6.7,1531,217.0,6.6,1432,25514,16278,47.1,413.0
Station_01,Inv_00,20170717,14:24:00,232.4,6.6,1534,218.0,6.6,1439,25514,16278,47.3,411.0
Station_01,Inv_00,20170717,14:25:00,230.0,6.7,1541,218.0,6.7,1461,25514,16278,47.4,416.0
Station_01,Inv_00,20170717,14:26:00,228.5,6.7,1531,218.0,6.7,1461,25514,16278,47.4,418.0
Station_01,Inv_00,20170717,14:27:00,233.9,6.8,1591,218.0,6.7,1461,25514,16278,47.0,422.0
Station_01,Inv_00,20170717,14:28:00,225.9,6.8,1536,218.0,6.7,1461,25514,16278,47.4,421.0
Station_01,Inv_00,20170717,14:29:00,229.5,6.7,1538,218.0,6.7,1461,25514,16278,47.8,417.0
Station_01,Inv_00,20170717,14:30:00,234.0,6.7,1568,218.0,6.7,1461,25514,16278,48.3,416.0
Station_01,Inv_00,20170717,14:31:00,225.0,6.7,1507,217.0,6.5,1411,25514,16278,48.0,413.0
Station_01,Inv_00,20170717,14:32:00,230.5,6.6,1521,217.0,6.5,1411,25514,16278,48.5,405.0
Station_01,Inv_00,20170717,14:33:00,230.5,6.5,1498,217.0,6.4,1389,25514,16278,48.4,400.0
Station_01,Inv_00,20170717,14:34:00,228.5,6.5,1485,217.0,6.3,1367,25514,16278,48.2,397.0
Station_01,Inv_00,20170717,14:35:00,230.0,6.4,1472,217.0,6.3,1367,25514,16278,48.1,394.0
Station_01,Inv_00,20170717,14:36:00,232.0,6.2,1438,217.0,6.2,1345,25514,16278,48.1,390.0
Station_01,Inv_00,20170717,14:37:00,231.5,6.3,1458,218.0,6.2,1352,25514,16278,47.8,388.0
Station_01,Inv_00,20170717,14:38:00,230.0,6.1,1403,217.0,6.2,1345,25514,16278,47.2,383.0
Station_01,Inv_00,20170717,14:39:00,225.0,6.3,1417,217.0,6.1,1324,25514,16278,47.0,382.0
Station_01,Inv_00,20170717,14:40:00,235.0,6.1,1433,217.0,6.1,1324,25515,16279,46.2,382.0
Station_01,Inv_00,20170717,14:41:00,231.0,6.2,1432,217.0,6.2,1345,25515,16279,45.1,382.0
Station_01,Inv_00,20170717,14:42:00,222.4,6.4,1424,217.0,6.1,1324,25515,16279,45.0,384.0
Station_01,Inv_00,20170717,14:43:00,234.5,6.2,1454,217.0,6.2,1345,25515,16279,45.2,385.0
Station_01,Inv_00,20170717,14:44:00,211.5,6.3,1332,217.0,5.8,1259,25515,16279,45.6,388.0
Station_01,Inv_00,20170717,14:45:00,231.5,6.1,1412,218.0,6.2,1352,25515,16279,45.4,383.0
Station_01,Inv_00,20170717,14:46:00,228.0,6.2,1414,217.0,6.2,1345,25515,16279,45.6,384.0
Station_01,Inv_00,20170717,14:47:00,234.0,6.2,1451,217.0,6.2,1345,25515,16279,45.8,384.0
Station_01,Inv_00,20170717,14:48:00,234.5,6.2,1454,217.0,6.2,1345,25515,16279,46.1,386.0
Station_01,Inv_00,20170717,14:49:00,203.5,6.3,1282,217.0,5.6,1215,25515,16279,45.8,386.0
Station_01,Inv_00,20170717,14:50:00,160.0,6.4,1024,217.0,4.5,977,25515,16279,45.7,390.0
Station_01,Inv_00,20170717,14:51:00,190.9,6.3,1203,217.0,5.2,1128,25515,16279,46.0,384.0
Station_01,Inv_00,20170717,14:52:00,229.5,6.0,1377,217.0,6.0,1302,25515,16279,46.1,377.0
Station_01,Inv_00,20170717,14:53:00,234.4,6.0,1407,217.0,5.9,1280,25515,16279,45.8,372.0
Station_01,Inv_00,20170717,14:54:00,220.5,6.0,1323,217.0,5.7,1237,25515,16279,45.9,370.0
Station_01,Inv_00,20170717,14:55:00,218.0,6.0,1308,218.0,5.6,1221,25515,16279,45.7,363.0
Station_01,Inv_00,20170717,14:56:00,228.0,5.7,1300,218.0,5.6,1221,25515,16279,45.7,359.0
Station_01,Inv_00,20170717,14:57:00,231.0,5.8,1340,218.0,5.6,1221,25515,16279,45.7,358.0
Station_01,Inv_00,20170717,14:58:00,231.9,5.6,1299,218.0,5.6,1221,25515,16279,45.0,358.0
Station_01,Inv_00,20170717,14:59:00,234.9,5.6,1316,218.0,5.7,1243,25515,16279,45.4,359.0
Station_01,Inv_00,20170717,15:00:00,227.0,5.7,1294,217.0,5.6,1215,25515,16279,45.2,360.0
Station_01,Inv_00,20170717,15:01:00,235.5,5.7,1342,218.0,5.6,1221,25515,16279,44.9,358.0
Station_01,Inv_00,20170717,15:02:00,235.5,5.5,1295,218.0,5.6,1221,25515,16279,45.4,354.0
Station_01,Inv_00,20170717,15:03:00,225.5,5.7,1285,218.0,5.5,1199,25515,16279,44.9,349.0
Station_01,Inv_00,20170717,15:04:00,233.0,5.4,1258,218.0,5.5,1199,25515,16279,45.1,343.0
Station_01,Inv_00,20170717,15:05:00,237.0,5.3,1256,218.0,5.3,1155,25515,16279,45.7,338.0
Station_01,Inv_00,20170717,15:06:00,225.5,5.4,1218,218.0,5.1,1112,25515,16279,45.8,334.0
Station_01,Inv_00,20170717,15:07:00,232.0,5.1,1183,218.0,5.1,1112,25515,16279,44.8,330.0
Station_01,Inv_00,20170717,15:08:00,234.0,5.2,1217,218.0,5.1,1112,25515,16279,45.5,326.0
Station_01,Inv_00,20170717,15:09:00,229.0,5.2,1191,218.0,5.1,1112,25515,16279,45.4,322.0
Station_01,Inv_00,20170717,15:10:00,230.0,5.1,1173,217.0,5.0,1085,25515,16279,44.9,319.0
Station_01,Inv_00,20170717,15:11:00,237.4,4.9,1163,218.0,4.9,1068,25515,16279,44.9,314.0
Station_01,Inv_00,20170717,15:12:00,236.5,4.7,1112,218.0,4.8,1046,25515,16279,44.8,314.0
Station_01,Inv_00,20170717,15:13:00,233.0,4.9,1142,218.0,4.8,1046,25515,16279,44.8,308.0
Station_01,Inv_00,20170717,15:14:00,226.0,4.8,1085,218.0,4.7,1025,25515,16279,44.7,306.0
Station_01,Inv_00,20170717,15:15:00,232.0,4.7,1090,218.0,4.7,1025,25515,16279,44.6,306.0
Station_01,Inv_00,20170717,15:16:00,233.5,4.8,1121,218.0,4.7,1025,25515,16279,44.2,303.0
Station_01,Inv_00,20170717,15:17:00,230.0,4.8,1104,217.0,4.6,998,25515,16279,44.1,300.0
Station_01,Inv_00,20170717,15:18:00,235.0,4.7,1104,217.0,4.6,998,25515,16279,44.5,297.0
Station_01,Inv_00,20170717,15:19:00,224.5,4.8,1078,218.0,4.6,1003,25515,16279,44.3,300.0
Station_01,Inv_00,20170717,15:20:00,227.5,4.6,1047,218.0,4.6,1003,25515,16279,44.3,297.0
Station_01,Inv_00,20170717,15:21:00,233.0,4.7,1095,217.0,4.6,998,25515,16279,44.4,297.0
Station_01,Inv_00,20170717,15:22:00,234.0,4.7,1100,218.0,4.6,1003,25515,16279,44.7,297.0
Station_01,Inv_00,20170717,15:23:00,232.5,4.8,1116,218.0,4.6,1003,25515,16279,44.8,300.0
Station_01,Inv_00,20170717,15:24:00,229.5,4.8,1102,218.0,4.6,1003,25515,16279,45.0,300.0
Station_01,Inv_00,20170717,15:25:00,222.0,4.9,1088,218.0,4.6,1003,25515,16279,45.2,305.0
Station_01,Inv_00,20170717,15:26:00,236.5,4.8,1135,218.0,4.7,1025,25515,16279,45.2,302.0
Station_01,Inv_00,20170717,15:27:00,231.0,4.9,1132,218.0,4.7,1025,25515,16279,45.0,304.0
Station_01,Inv_00,20170717,15:28:00,230.0,4.8,1104,217.0,4.8,1042,25515,16279,45.0,310.0
Station_01,Inv_00,20170717,15:29:00,229.5,4.9,1125,218.0,4.9,1068,25516,16279,44.4,310.0
Station_01,Inv_00,20170717,15:30:00,235.0,4.8,1128,218.0,4.9,1068,25516,16279,44.7,312.0
Station_01,Inv_00,20170717,15:31:00,226.0,5.0,1130,218.0,4.9,1068,25516,16279,44.5,315.0
Station_01,Inv_00,20170717,15:32:00,231.5,5.0,1158,218.0,5.0,1090,25516,16279,44.7,321.0
Station_01,Inv_00,20170717,15:33:00,232.9,5.3,1235,217.0,5.2,1128,25516,16279,44.8,329.0
Station_01,Inv_00,20170717,15:34:00,229.0,5.2,1191,217.0,5.2,1128,25516,16279,45.2,332.0
Station_01,Inv_00,20170717,15:35:00,232.9,5.2,1211,217.0,5.2,1128,25516,16279,45.2,335.0
Station_01,Inv_00,20170717,15:36:00,231.0,5.3,1224,217.0,5.3,1150,25516,16279,45.0,339.0
Station_01,Inv_00,20170717,15:37:00,229.5,5.4,1239,218.0,5.3,1155,25516,16279,45.4,340.0
Station_01,Inv_00,20170717,15:38:00,236.0,5.3,1251,218.0,5.5,1199,25516,16279,45.3,346.0
Station_01,Inv_00,20170717,15:39:00,234.0,5.4,1264,217.0,5.5,1194,25516,16279,45.2,350.0
Station_01,Inv_00,20170717,15:40:00,234.0,5.7,1334,217.0,5.6,1215,25516,16279,45.2,358.0
Station_01,Inv_00,20170717,15:41:00,234.0,5.5,1287,217.0,5.6,1215,25516,16279,45.4,355.0
Station_01,Inv_00,20170717,15:42:00,231.5,5.5,1273,218.0,5.4,1177,25516,16279,45.5,345.0
Station_01,Inv_00,20170717,15:43:00,227.5,5.5,1251,218.0,5.4,1177,25516,16279,45.6,347.0
Station_01,Inv_00,20170717,15:44:00,234.0,5.5,1287,217.0,5.5,1194,25516,16279,45.7,348.0
Station_01,Inv_00,20170717,15:45:00,232.0,5.4,1253,218.0,5.4,1177,25516,16279,45.6,344.0
Station_01,Inv_00,20170717,15:46:00,234.5,5.5,1290,217.0,5.5,1194,25516,16279,46.1,346.0
Station_01,Inv_00,20170717,15:47:00,229.0,5.2,1191,217.0,5.2,1128,25516,16279,46.2,336.0
Station_01,Inv_00,20170717,15:48:00,214.0,5.2,1113,217.0,4.8,1042,25516,16279,46.0,328.0
Station_01,Inv_00,20170717,15:49:00,214.0,5.2,1113,218.0,4.6,1003,25516,16279,45.3,320.0
Station_01,Inv_00,20170717,15:50:00,227.5,4.9,1115,217.0,4.8,1042,25516,16279,45.3,317.0
Station_01,Inv_00,20170717,15:51:00,233.0,4.7,1095,218.0,4.7,1025,25516,16279,44.8,309.0
Station_01,Inv_00,20170717,15:52:00,233.8,4.8,1122,217.0,4.8,1042,25516,16279,43.9,312.0
Station_01,Inv_00,20170717,15:53:00,235.5,4.9,1154,218.0,4.8,1046,25516,16279,44.6,313.0
Station_01,Inv_00,20170717,15:54:00,230.5,4.9,1129,217.0,4.9,1063,25516,16279,44.1,316.0
Station_01,Inv_00,20170717,15:55:00,230.0,4.8,1104,217.0,4.7,1020,25516,16279,44.5,314.0
Station_01,Inv_00,20170717,15:56:00,231.4,4.5,1042,217.0,4.5,977,25516,16279,43.9,306.0
Station_01,Inv_00,20170717,15:57:00,233.9,4.4,1029,217.0,4.5,977,25516,16279,44.4,291.0
Station_01,Inv_00,20170717,15:58:00,225.0,4.4,990,217.0,4.3,933,25516,16279,44.0,289.0
Station_01,Inv_00,20170717,15:59:00,228.9,4.2,961,218.0,4.1,894,25516,16279,43.7,274.0
Station_01,Inv_00,20170717,16:00:00,231.5,4.2,972,217.0,4.1,890,25516,16279,43.6,268.0
Station_01,Inv_00,20170717,16:01:00,230.5,4.1,945,217.0,4.0,868,25516,16279,43.5,262.0
Station_01,Inv_00,20170717,16:02:00,232.0,4.0,928,217.0,4.0,868,25516,16279,42.9,259.0
Station_01,Inv_00,20170717,16:03:00,234.0,3.9,913,217.0,4.0,868,25516,16279,42.4,260.0
Station_01,Inv_00,20170717,16:04:00,234.0,4.0,936,217.0,3.9,846,25516,16279,42.2,257.0
Station_01,Inv_00,20170717,16:05:00,236.4,3.7,875,217.0,3.9,846,25516,16279,42.0,251.0
Station_01,Inv_00,20170717,16:06:00,235.4,3.7,871,217.0,3.9,846,25516,16279,41.8,250.0
Station_01,Inv_00,20170717,16:07:00,229.0,3.9,893,217.0,3.9,846,25516,16279,42.0,247.0
Station_01,Inv_00,20170717,16:08:00,227.0,3.9,885,217.0,3.9,846,25516,16279,42.2,248.0
Station_01,Inv_00,20170717,16:09:00,236.5,3.8,899,217.0,3.9,846,25516,16279,41.5,247.0
Station_01,Inv_00,20170717,16:10:00,231.0,3.8,878,217.0,3.8,825,25516,16279,41.6,241.0
Station_01,Inv_00,20170717,16:11:00,228.5,3.7,845,217.0,3.7,803,25516,16279,41.1,235.0
Station_01,Inv_00,20170717,16:12:00,234.5,3.7,868,217.0,3.7,803,25516,16279,40.9,234.0
Station_01,Inv_00,20170717,16:13:00,234.0,3.4,796,218.0,3.6,785,25516,16279,40.8,230.0
Station_01,Inv_00,20170717,16:14:00,237.5,3.4,808,218.0,3.6,785,25516,16279,40.7,224.0
Station_01,Inv_00,20170717,16:15:00,232.5,3.4,791,218.0,3.5,763,25516,16279,40.7,221.0
Station_01,Inv_00,20170717,16:16:00,225.0,3.3,743,217.0,3.4,738,25516,16279,40.7,219.0
Station_01,Inv_00,20170717,16:17:00,233.0,3.3,769,217.0,3.4,738,25516,16279,40.5,224.0
Station_01,Inv_00,20170717,16:18:00,228.0,3.2,730,217.0,3.3,716,25516,16279,39.7,208.0
Station_01,Inv_00,20170717,16:19:00,232.0,3.1,719,217.0,3.1,673,25516,16279,39.8,202.0
Station_01,Inv_00,20170717,16:20:00,232.0,3.0,696,218.0,3.1,676,25516,16279,39.5,206.0
Station_01,Inv_00,20170717,16:21:00,231.0,3.0,693,218.0,3.1,676,25516,16279,39.4,195.0
Station_01,Inv_00,20170717,16:22:00,234.0,3.0,702,218.0,3.1,676,25516,16279,39.4,195.0
Station_01,Inv_00,20170717,16:23:00,230.5,3.1,715,218.0,3.1,676,25516,16279,39.1,195.0
Station_01,Inv_00,20170717,16:24:00,237.2,3.0,712,218.0,3.1,676,25516,16279,39.3,196.0
Station_01,Inv_00,20170717,16:25:00,228.5,3.0,686,217.0,3.1,673,25516,16279,39.3,196.0
Station_01,Inv_00,20170717,16:26:00,231.4,2.9,671,218.0,3.0,654,25516,16279,38.8,196.0
Station_01,Inv_00,20170717,16:27:00,234.0,3.0,702,218.0,3.1,676,25516,16279,39.3,193.0
Station_01,Inv_00,20170717,16:28:00,231.5,2.9,671,218.0,3.0,654,25516,16279,39.4,190.0
Station_01,Inv_00,20170717,16:29:00,232.5,2.9,674,218.0,2.9,632,25517,16280,39.1,187.0
Station_01,Inv_00,20170717,16:30:00,225.5,2.9,654,218.0,2.9,632,25517,16280,39.1,184.0
Station_01,Inv_00,20170717,16:31:00,235.0,2.8,658,218.0,2.8,610,25517,16280,39.2,181.0
Station_01,Inv_00,20170717,16:32:00,229.0,2.8,641,218.0,2.8,610,25517,16280,38.8,178.0
Station_01,Inv_00,20170717,16:33:00,228.5,2.7,617,218.0,2.7,589,25517,16280,38.8,175.0
Station_01,Inv_00,20170717,16:34:00,227.0,2.6,590,218.0,2.6,567,25517,16280,38.8,172.0
Station_01,Inv_00,20170717,16:35:00,236.0,2.5,590,218.0,2.6,567,25517,16280,38.8,168.0
Station_01,Inv_00,20170717,16:36:00,221.5,2.6,576,218.0,2.5,545,25517,16280,38.9,164.0
Station_01,Inv_00,20170717,16:37:00,226.5,2.4,544,218.0,2.5,545,25517,16280,38.8,165.0
Station_01,Inv_00,20170717,16:38:00,229.5,2.6,597,218.0,2.5,545,25517,16280,38.8,166.0
Station_01,Inv_00,20170717,16:39:00,223.5,2.6,581,218.0,2.5,545,25517,16280,38.8,168.0
Station_01,Inv_00,20170717,16:40:00,231.5,2.6,602,218.0,2.5,545,25517,16280,38.9,168.0
Station_01,Inv_00,20170717,16:41:00,236.3,2.5,591,218.0,2.6,567,25517,16280,38.8,167.0
Station_01,Inv_00,20170717,16:42:00,237.5,2.4,570,217.0,2.5,543,25517,16280,39.0,163.0
Station_01,Inv_00,20170717,16:43:00,235.0,2.4,564,218.0,2.5,545,25517,16280,38.7,160.0
Station_01,Inv_00,20170717,16:44:00,235.5,2.4,565,218.0,2.4,523,25517,16280,38.4,156.0
Station_01,Inv_00,20170717,16:45:00,229.5,2.2,505,218.0,2.3,501,25517,16280,38.4,153.0
Station_01,Inv_00,20170717,16:46:00,230.4,2.3,530,218.0,2.2,480,25517,16280,38.1,148.0
Station_01,Inv_00,20170717,16:47:00,231.5,2.2,509,218.0,2.2,480,25517,16280,37.5,145.0
Station_01,Inv_00,20170717,16:48:00,229.5,2.2,505,218.0,2.1,458,25517,16280,37.3,142.0
Station_01,Inv_00,20170717,16:49:00,227.0,2.1,477,218.0,2.1,458,25517,16280,37.1,139.0
Station_01,Inv_00,20170717,16:50:00,229.4,2.1,482,218.0,2.0,436,25517,16280,36.8,137.0
Station_01,Inv_00,20170717,16:51:00,218.0,2.0,436,219.0,1.9,416,25517,16280,36.7,136.0
Station_01,Inv_00,20170717,16:52:00,236.5,2.0,473,218.0,2.0,436,25517,16280,36.5,133.0
Station_01,Inv_00,20170717,16:53:00,223.4,2.0,447,218.0,2.0,436,25517,16280,36.5,131.0
Station_01,Inv_00,20170717,16:54:00,237.0,1.9,450,219.0,2.0,438,25517,16280,36.4,129.0
Station_01,Inv_00,20170717,16:55:00,227.0,1.9,431,219.0,1.9,416,25517,16280,36.2,126.0
Station_01,Inv_00,20170717,16:56:00,228.5,1.8,411,219.0,1.9,416,25517,16280,36.0,131.0
Station_01,Inv_00,20170717,16:57:00,224.0,1.8,403,218.0,1.7,371,25517,16280,36.1,120.0
Station_01,Inv_00,20170717,16:58:00,231.5,1.6,370,220.0,1.7,374,25517,16280,36.1,117.0
Station_01,Inv_00,20170717,16:59:00,215.0,1.7,366,217.0,1.6,347,25517,16280,35.9,114.0
Station_01,Inv_00,20170717,17:00:00,233.5,1.6,374,216.0,1.6,346,25517,16280,35.8,112.0
Station_01,Inv_00,20170717,17:01:00,237.1,1.6,379,215.0,1.6,344,25517,16280,35.6,110.0
Station_01,Inv_00,20170717,17:02:00,230.0,1.5,345,216.0,1.6,346,25517,16280,35.3,107.0
Station_01,Inv_00,20170717,17:03:00,229.3,1.5,344,216.0,1.5,324,25517,16280,35.2,105.0
Station_01,Inv_00,20170717,17:04:00,234.0,1.4,328,217.0,1.5,326,25517,16280,35.2,121.0
Station_01,Inv_00,20170717,17:05:00,219.5,1.5,329,217.0,1.5,326,25517,16280,35.0,101.0
Station_01,Inv_00,20170717,17:06:00,149.0,1.4,209,217.0,1.0,217,25517,16280,34.8,100.0
Station_01,Inv_00,20170717,17:07:00,149.4,1.4,209,217.0,1.0,217,25517,16280,34.6,98.0
Station_01,Inv_00,20170717,17:08:00,147.5,1.4,207,217.0,1.0,217,25517,16280,34.5,96.0
Station_01,Inv_00,20170717,17:09:00,212.7,1.3,277,216.0,1.3,281,25517,16280,34.3,93.0
Station_01,Inv_00,20170717,17:10:00,230.4,1.3,300,216.0,1.4,302,25517,16280,34.3,91.0
Station_01,Inv_00,20170717,17:11:00,201.2,1.2,241,216.0,1.2,259,25517,16280,34.2,88.0
Station_01,Inv_00,20170717,17:12:00,198.4,1.2,238,216.0,1.2,259,25517,16280,33.8,88.0
Station_01,Inv_00,20170717,17:13:00,206.5,1.2,248,216.0,1.2,259,25517,16280,33.7,85.0
Station_01,Inv_00,20170717,17:14:00,224.0,1.1,246,216.0,1.2,259,25517,16280,33.8,83.0
Station_01,Inv_00,20170717,17:15:00,223.5,1.1,246,216.0,1.2,259,25517,16280,33.7,80.0
Station_01,Inv_00,20170717,17:16:00,228.5,1.0,229,216.0,1.1,238,25517,16280,33.6,78.0
Station_01,Inv_00,20170717,17:17:00,220.5,1.0,221,216.0,1.1,238,25517,16280,33.5,75.0
Station_01,Inv_00,20170717,17:18:00,226.4,0.9,204,216.0,1.0,216,25517,16280,33.5,72.0
Station_01,Inv_00,20170717,17:19:00,223.4,0.9,201,216.0,1.0,216,25517,16280,33.3,70.0
Station_01,Inv_00,20170717,17:20:00,225.0,0.8,180,217.0,1.0,217,25517,16280,33.2,68.0
Station_01,Inv_00,20170717,17:21:00,219.4,0.9,198,217.0,1.0,217,25517,16280,33.0,67.0
Station_01,Inv_00,20170717,17:22:00,150.5,0.8,120,217.0,0.7,152,25517,16280,32.9,66.0
Station_01,Inv_00,20170717,17:23:00,149.4,0.8,120,216.0,0.7,151,25517,16280,32.8,66.0
Station_01,Inv_00,20170717,17:24:00,207.0,0.8,166,216.0,1.0,216,25517,16280,32.7,67.0
Station_01,Inv_00,20170717,17:25:00,229.0,0.8,183,217.0,1.0,217,25517,16280,32.6,65.0
Station_01,Inv_00,20170717,17:26:00,189.8,0.8,152,217.0,0.9,195,25517,16280,32.6,64.0
Station_01,Inv_00,20170717,17:27:00,185.0,0.8,148,217.0,0.8,174,25517,16280,32.5,64.0
Station_01,Inv_00,20170717,17:28:00,222.5,0.8,178,216.0,0.9,194,25517,16280,32.4,62.0
Station_01,Inv_00,20170717,17:29:00,212.0,0.7,148,217.0,0.9,195,25517,16280,32.3,61.0
Station_01,Inv_00,20170717,17:30:00,222.0,0.7,155,217.0,0.9,195,25517,16280,32.3,60.0
Station_01,Inv_00,20170717,17:31:00,212.4,0.7,149,218.0,0.8,174,25517,16280,32.3,58.0
Station_01,Inv_00,20170717,17:32:00,220.0,0.6,132,218.0,0.8,174,25517,16280,32.2,58.0
Station_01,Inv_00,20170717,17:33:00,213.3,0.6,128,217.0,0.8,174,25517,16280,32.0,56.0
Station_01,Inv_00,20170717,17:34:00,213.5,0.6,128,217.0,0.8,174,25517,16280,31.9,55.0
Station_01,Inv_00,20170717,17:35:00,208.0,0.6,125,217.0,0.7,152,25517,16280,31.9,54.0
Station_01,Inv_00,20170717,17:36:00,226.5,0.6,136,217.0,0.7,152,25517,16280,31.8,53.0
Station_01,Inv_00,20170717,17:37:00,206.0,0.6,124,217.0,0.7,152,25517,16280,31.7,51.0
Station_01,Inv_00,20170717,17:38:00,221.6,0.5,111,217.0,0.6,130,25517,16280,31.6,50.0
Station_01,Inv_00,20170717,17:39:00,201.4,0.5,101,216.0,0.6,130,25517,16280,31.5,49.0
Station_01,Inv_00,20170717,17:40:00,201.0,0.5,101,217.0,0.6,130,25517,16280,31.6,48.0
Station_01,Inv_00,20170717,17:41:00,191.0,0.5,96,216.0,0.5,108,25517,16280,31.5,48.0
Station_01,Inv_00,20170717,17:42:00,185.8,0.5,93,217.0,0.5,109,25517,16280,31.5,47.0
Station_01,Inv_00,20170717,17:43:00,173.8,0.5,87,217.0,0.5,109,25517,16280,31.4,47.0
Station_01,Inv_00,20170717,17:44:00,230.0,0.4,92,217.0,0.6,130,25517,16280,31.4,46.0
Station_01,Inv_00,20170717,17:45:00,205.5,0.4,82,217.0,0.5,109,25517,16280,31.3,46.0
Station_01,Inv_00,20170717,17:46:00,189.0,0.5,95,217.0,0.5,109,25517,16280,31.3,45.0
Station_01,Inv_00,20170717,17:47:00,210.4,0.5,105,217.0,0.5,109,25517,16280,31.2,45.0
Station_01,Inv_00,20170717,17:48:00,197.8,0.4,79,217.0,0.5,109,25517,16280,31.2,44.0
Station_01,Inv_00,20170717,17:49:00,201.4,0.5,101,218.0,0.5,109,25517,16280,31.1,45.0
Station_01,Inv_00,20170717,17:50:00,200.0,0.4,80,218.0,0.5,109,25517,16280,31.1,44.0
Station_01,Inv_00,20170717,17:51:00,211.5,0.4,85,217.0,0.5,109,25517,16280,31.1,44.0
Station_01,Inv_00,20170717,17:52:00,197.0,0.4,79,218.0,0.5,109,25517,16280,31.1,43.0
Station_01,Inv_00,20170717,17:53:00,175.0,0.4,70,216.0,0.5,108,25517,16280,31.1,43.0
Station_01,Inv_00,20170717,17:54:00,217.8,0.4,87,216.0,0.5,108,25517,16280,31.1,42.0
Station_01,Inv_00,20170717,17:55:00,148.0,0.3,44,216.0,0.5,108,25517,16280,31.0,41.0
Station_01,Inv_00,20170717,17:56:00,155.7,0.3,47,216.0,0.5,108,25517,16280,30.9,40.0
Station_01,Inv_00,20170717,17:57:00,168.0,0.4,67,217.0,0.5,109,25517,16280,31.0,39.0
Station_01,Inv_00,20170717,17:58:00,185.0,0.3,56,216.0,0.5,108,25517,16280,30.9,39.0
Station_01,Inv_00,20170717,17:59:00,201.0,0.3,60,217.0,0.5,109,25517,16280,30.9,38.0
Station_01,Inv_00,20170717,18:00:00,207.0,0.3,62,217.0,0.5,109,25517,16280,30.9,38.0
Station_01,Inv_00,20170717,18:01:00,196.7,0.3,59,217.0,0.5,109,25517,16280,30.8,38.0
Station_01,Inv_00,20170717,18:02:00,173.0,0.3,52,217.0,0.4,87,25517,16280,30.8,38.0
Station_01,Inv_00,20170717,18:03:00,148.0,0.3,44,217.0,0.4,87,25517,16280,30.8,38.0
Station_01,Inv_00,20170717,18:04:00,147.0,0.3,44,217.0,0.5,109,25517,16280,30.7,38.0
Station_01,Inv_00,20170717,18:05:00,155.7,0.3,47,218.0,0.4,87,25517,16280,30.7,38.0
Station_01,Inv_00,20170717,18:06:00,147.3,0.3,44,218.0,0.4,87,25517,16280,30.6,37.0
Station_01,Inv_00,20170717,18:07:00,148.0,0.3,44,218.0,0.4,87,25517,16280,30.7,37.0
Station_01,Inv_00,20170717,18:08:00,151.0,0.3,45,218.0,0.4,87,25517,16280,30.6,37.0
Station_01,Inv_00,20170717,18:09:00,148.0,0.2,30,218.0,0.4,87,25517,16280,30.6,36.0
Station_01,Inv_00,20170717,18:10:00,0.0,0.0,0,0.0,0.0,0,25517,16280,30.5,35.0
Station_01,Inv_00,20170717,18:11:00,0.0,0.0,0,0.0,0.0,0,25517,16280,30.5,35.0
Station_01,Inv_00,20170717,18:12:00,0.0,0.0,0,0.0,0.0,0,25517,16280,30.5,34.0
Station_01,Inv_00,20170717,18:13:00,0.0,0.0,0,0.0,0.0,0,25517,16280,30.4,34.0
Station_01,Inv_00,20170717,18:14:00,0.0,0.0,0,0.0,0.0,0,25517,16280,30.5,34.0
Station_01,Inv_00,20170717,18:15:00,213.0,0.3,64,218.0,0.4,87,25517,16280,30.4,34.0
Station_01,Inv_00,20170717,18:16:00,189.0,0.2,38,217.0,0.4,87,25517,16280,30.4,33.0
Station_01,Inv_00,20170717,18:17:00,204.3,0.3,61,218.0,0.4,87,25517,16280,30.3,32.0
Station_01,Inv_00,20170717,18:18:00,202.0,0.1,20,217.0,0.4,87,25517,16280,30.3,32.0
Station_01,Inv_00,20170717,18:19:00,193.0,0.2,39,218.0,0.4,87,25517,16280,30.3,31.0
Station_01,Inv_00,20170717,18:20:00,183.0,0.2,37,218.0,0.4,87,25517,16280,30.2,30.0
Station_01,Inv_00,20170717,18:21:00,183.0,0.2,37,217.0,0.4,87,25517,16280,30.2,30.0
Station_01,Inv_00,20170717,18:22:00,182.5,0.2,37,217.0,0.4,87,25517,16280,30.1,29.0
Station_01,Inv_00,20170717,18:23:00,203.5,0.2,41,216.0,0.4,86,25517,16280,30.1,29.0
Station_01,Inv_00,20170717,18:24:00,208.5,0.2,42,216.0,0.4,86,25517,16280,30.0,28.0
Station_01,Inv_00,20170717,18:25:00,140.0,0.2,28,216.0,0.4,86,25517,16280,30.0,28.0
Station_01,Inv_00,20170717,18:26:00,173.0,0.2,35,216.0,0.4,86,25517,16280,30.0,27.0
Station_01,Inv_00,20170717,18:27:00,197.0,0.2,39,216.0,0.4,86,25517,16280,29.9,26.0
Station_01,Inv_00,20170717,18:28:00,202.0,0.2,40,216.0,0.4,86,25517,16280,29.9,553.0
Station_01,Inv_00,20170717,18:29:00,0.0,0.0,0,216.0,0.4,86,25517,16280,29.9,25.0
Station_01,Inv_00,20170717,18:30:00,209.0,0.2,42,216.0,0.4,86,25517,16280,29.8,25.0
Station_01,Inv_00,20170717,18:31:00,0.0,0.0,0,216.0,0.4,86,25517,16280,29.8,25.0
Station_01,Inv_00,20170717,18:32:00,0.0,0.0,0,216.0,0.4,86,25517,16280,29.7,24.0
Station_01,Inv_00,20170717,18:33:00,0.0,0.0,0,217.0,0.4,87,25517,16280,29.7,23.0
Station_01,Inv_00,20170717,18:34:00,0.0,0.0,0,217.0,0.4,87,25517,16280,29.7,23.0
Station_01,Inv_00,20170717,18:35:00,0.0,0.0,0,217.0,0.4,87,25517,16280,29.6,22.0
Station_01,Inv_00,20170717,18:36:00,0.0,0.0,0,217.0,0.4,87,25517,16280,29.6,22.0
Station_01,Inv_00,20170717,18:37:00,0.0,0.0,0,217.0,0.4,87,25517,16280,29.5,21.0
Station_01,Inv_00,20170717,18:38:00,0.0,0.0,0,217.0,0.4,87,25517,16280,29.5,21.0
Station_01,Inv_00,20170717,18:39:00,0.0,0.0,0,217.0,0.4,87,25517,16280,29.4,21.0
Station_01,Inv_00,20170717,18:40:00,0.0,0.0,0,217.0,0.4,87,25517,16280,29.4,20.0
Station_01,Inv_00,20170717,18:41:00,0.0,0.0,0,217.0,0.4,87,25517,16280,29.3,20.0
Station_01,Inv_00,20170717,18:42:00,0.0,0.0,0,217.0,0.4,87,25517,16280,29.2,19.0
Station_01,Inv_00,20170717,18:43:00,0.0,0.0,0,217.0,0.4,87,25517,16280,29.2,19.0
Station_01,Inv_00,20170717,18:44:00,0.0,0.0,0,217.0,0.4,87,25517,16280,29.0,18.0
Station_01,Inv_00,20170717,18:45:00,0.0,0.0,0,217.0,0.4,87,25517,16280,29.0,18.0
Station_01,Inv_00,20170717,18:46:00,0.0,0.0,0,217.0,0.4,87,25517,16280,29.0,17.0
Station_01,Inv_00,20170717,18:47:00,0.0,0.0,0,217.0,0.4,87,25517,16280,28.9,17.0
Station_01,Inv_00,20170717,18:48:00,0.0,0.0,0,217.0,0.4,87,25517,16280,28.9,17.0
Station_01,Inv_00,20170717,18:49:00,0.0,0.0,0,217.0,0.4,87,25517,16280,28.9,17.0
Station_01,Inv_00,20170717,18:50:00,0.0,0.0,0,217.0,0.4,87,25517,16280,28.8,17.0
Station_01,Inv_00,20170717,18:51:00,0.0,0.0,0,217.0,0.4,87,25517,16280,28.7,17.0
Station_01,Inv_00,20170717,18:52:00,0.0,0.0,0,217.0,0.4,87,25517,16280,28.8,17.0
Station_01,Inv_00,20170717,18:53:00,0.0,0.0,0,217.0,0.4,87,25517,16280,28.8,18.0
Station_01,Inv_00,20170717,18:54:00,0.0,0.0,0,217.0,0.4,87,25517,16280,28.8,18.0
Station_01,Inv_00,20170717,18:55:00,0.0,0.0,0,217.0,0.4,87,25517,16280,28.8,18.0
Station_01,Inv_00,20170717,18:56:00,0.0,0.0,0,217.0,0.4,87,25517,16280,28.8,18.0
Station_01,Inv_00,20170717,18:57:00,0.0,0.0,0,217.0,0.4,87,25517,16280,28.8,18.0
Station_01,Inv_00,20170717,18:58:00,0.0,0.0,0,217.0,0.4,87,25517,16280,28.7,18.0
Station_01,Inv_00,20170717,18:59:00,0.0,0.0,0,217.0,0.4,87,25517,16280,28.8,18.0
Station_01,Inv_00,20170717,19:00:00,0.0,0.0,0,217.0,0.4,87,25517,16280,28.8,18.0
Station_01,Inv_00,20170717,19:01:00,0.0,0.0,0,217.0,0.4,87,25517,16280,28.7,18.0
Station_01,Inv_00,20170717,19:02:00,0.0,0.0,0,217.0,0.4,87,25517,16280,28.8,18.0
Station_01,Inv_00,20170717,19:03:00,0.0,0.0,0,217.0,0.4,87,25517,16280,28.8,18.0
Station_01,Inv_00,20170717,19:04:00,0.0,0.0,0,217.0,0.4,87,25517,16280,28.7,18.0
Station_01,Inv_00,20170717,19:05:00,0.0,0.0,0,217.0,0.4,87,25517,16280,28.8,18.0
Station_01,Inv_00,20170717,19:06:00,0.0,0.0,0,217.0,0.4,87,25517,16280,28.7,18.0
Station_01,Inv_00,20170717,19:07:00,0.0,0.0,0,217.0,0.4,87,25517,16280,28.8,18.0
Station_01,Inv_00,20170717,19:08:00,0.0,0.0,0,217.0,0.4,87,25517,16280,28.8,18.0
Station_01,Inv_00,20170717,19:09:00,0.0,0.0,0,217.0,0.4,87,25517,16280,28.8,18.0
Station_01,Inv_00,20170717,19:10:00,0.0,0.0,0,217.0,0.4,87,25517,16280,28.8,18.0
Station_01,Inv_00,20170717,19:11:00,0.0,0.0,0,217.0,0.4,87,25517,16280,28.7,18.0
Station_01,Inv_00,20170717,19:12:00,0.0,0.0,0,217.0,0.4,87,25517,16280,28.8,18.0
Station_01,Inv_00,20170717,19:13:00,0.0,0.0,0,217.0,0.4,87,25517,16280,28.8,18.0
Station_01,Inv_00,20170717,19:14:00,0.0,0.0,0,217.0,0.4,87,25517,16280,28.8,18.0
Station_01,Inv_00,20170717,19:15:00,0.0,0.0,0,217.0,0.4,87,25517,16280,28.8,18.0
Station_01,Inv_00,20170717,19:16:00,0.0,0.0,0,217.0,0.4,87,25517,16280,28.7,18.0
Station_01,Inv_00,20170717,19:17:00,0.0,0.0,0,217.0,0.4,87,25517,16280,28.7,18.0
Station_01,Inv_00,20170717,19:18:00,0.0,0.0,0,217.0,0.4,87,25517,16280,28.7,18.0
Station_01,Inv_00,20170717,19:19:00,0.0,0.0,0,217.0,0.4,87,25517,16280,28.7,18.0
Station_01,Inv_00,20170717,19:20:00,0.0,0.0,0,217.0,0.4,87,25517,16280,28.7,18.0
Station_01,Inv_00,20170717,19:21:00,0.0,0.0,0,217.0,0.4,87,25517,16280,28.7,18.0
Station_01,Inv_00,20170717,19:22:00,0.0,0.0,0,217.0,0.4,87,25517,16280,28.6,18.0
Station_01,Inv_00,20170717,19:23:00,0.0,0.0,0,217.0,0.4,87,25517,16280,28.7,18.0
Station_01,Inv_00,20170717,19:24:00,0.0,0.0,0,217.0,0.4,87,25517,16280,28.5,18.0
Station_01,Inv_00,20170717,19:25:00,0.0,0.0,0,217.0,0.4,87,25517,16280,28.5,18.0
Station_01,Inv_00,20170717,19:26:00,0.0,0.0,0,217.0,0.4,87,25517,16280,28.5,18.0
Station_01,Inv_00,20170717,19:27:00,0.0,0.0,0,217.0,0.4,87,25517,16280,28.4,17.0
Station_01,Inv_00,20170717,19:28:00,0.0,0.0,0,217.0,0.4,87,25517,16280,28.4,18.0
Station_01,Inv_00,20170717,19:29:00,0.0,0.0,0,217.0,0.4,87,25517,16280,28.4,17.0
Station_01,Inv_00,20170717,19:30:00,0.0,0.0,0,217.0,0.4,87,25517,16280,28.3,18.0
Station_01,Inv_00,20170717,19:31:00,0.0,0.0,0,217.0,0.4,87,25517,16280,28.3,18.0
Station_01,Inv_00,20170717,19:32:00,0.0,0.0,0,217.0,0.4,87,25517,16280,28.4,17.0
Station_01,Inv_00,20170717,19:33:00,0.0,0.0,0,217.0,0.4,87,25517,16280,28.3,18.0
Station_01,Inv_00,20170717,19:34:00,0.0,0.0,0,217.0,0.4,87,25517,16280,28.3,18.0
Station_01,Inv_00,20170717,19:35:00,0.0,0.0,0,217.0,0.4,87,25517,16280,28.3,18.0
Station_01,Inv_00,20170717,19:36:00,0.0,0.0,0,217.0,0.4,87,25517,16280,28.3,18.0
Station_01,Inv_00,20170717,19:37:00,0.0,0.0,0,217.0,0.4,87,25517,16280,28.3,17.0
Station_01,Inv_00,20170717,19:38:00,0.0,0.0,0,217.0,0.4,87,25517,16280,28.3,18.0
Station_01,Inv_00,20170717,19:39:00,0.0,0.0,0,217.0,0.4,87,25517,16280,28.2,18.0
Station_01,Inv_00,20170717,19:40:00,0.0,0.0,0,217.0,0.4,87,25517,16280,28.3,18.0
Station_01,Inv_00,20170717,19:41:00,0.0,0.0,0,217.0,0.4,87,25517,16280,28.3,18.0
Station_01,Inv_00,20170717,19:42:00,0.0,0.0,0,217.0,0.4,87,25517,16280,28.3,18.0
Station_01,Inv_00,20170717,19:43:00,0.0,0.0,0,217.0,0.4,87,25517,16280,28.3,18.0
Station_01,Inv_00,20170717,19:44:00,0.0,0.0,0,217.0,0.4,87,25517,16280,28.3,18.0
Station_01,Inv_00,20170717,19:45:00,0.0,0.0,0,217.0,0.4,87,25517,16280,28.3,18.0
Station_01,Inv_00,20170717,19:46:00,0.0,0.0,0,217.0,0.4,87,25517,16280,28.2,18.0
Station_01,Inv_00,20170717,19:47:00,0.0,0.0,0,217.0,0.4,87,25517,16280,28.2,18.0
Station_01,Inv_00,20170717,19:48:00,0.0,0.0,0,217.0,0.4,87,25517,16280,28.2,18.0
Station_01,Inv_00,20170717,19:49:00,0.0,0.0,0,217.0,0.4,87,25517,16280,28.2,18.0
Station_01,Inv_00,20170717,19:50:00,0.0,0.0,0,217.0,0.4,87,25517,16280,28.0,18.0
Station_01,Inv_00,20170717,19:51:00,0.0,0.0,0,217.0,0.4,87,25517,16280,28.0,18.0
Station_01,Inv_00,20170717,19:52:00,0.0,0.0,0,217.0,0.4,87,25517,16280,28.0,18.0
Station_01,Inv_00,20170717,19:53:00,0.0,0.0,0,217.0,0.4,87,25517,16280,28.0,18.0
Station_01,Inv_00,20170717,19:54:00,0.0,0.0,0,217.0,0.4,87,25517,16280,28.0,18.0
Station_01,Inv_00,20170717,19:55:00,0.0,0.0,0,217.0,0.4,87,25517,16280,28.1,18.0
Station_01,Inv_00,20170717,19:56:00,0.0,0.0,0,217.0,0.4,87,25517,16280,28.1,18.0
Station_01,Inv_00,20170717,19:57:00,0.0,0.0,0,217.0,0.4,87,25517,16280,28.0,18.0
Station_01,Inv_00,20170717,19:58:00,0.0,0.0,0,217.0,0.4,87,25517,16280,28.1,18.0
Station_01,Inv_00,20170717,19:59:00,0.0,0.0,0,217.0,0.4,87,25517,16280,28.0,18.0
Station_01,Inv_00,20170717,20:00:00,0.0,0.0,0,217.0,0.4,87,25517,16280,28.2,18.0
