Station_01,Inv_00,20170713,05:00:00,0.0,0.0,0,0.0,0.0,0,25430,16224,24.5,17.0
Station_01,Inv_00,20170713,05:01:00,0.0,0.0,0,0.0,0.0,0,25430,16224,24.4,18.0
Station_01,Inv_00,20170713,05:02:00,0.0,0.0,0,0.0,0.0,0,25430,16224,24.5,18.0
Station_01,Inv_00,20170713,05:03:00,0.0,0.0,0,0.0,0.0,0,25430,16224,24.5,18.0
Station_01,Inv_00,20170713,05:04:00,0.0,0.0,0,0.0,0.0,0,25430,16224,24.4,19.0
Station_01,Inv_00,20170713,05:05:00,0.0,0.0,0,0.0,0.0,0,25430,16224,24.4,19.0
Station_01,Inv_00,20170713,05:06:00,0.0,0.0,0,0.0,0.0,0,25430,16224,24.4,19.0
Station_01,Inv_00,20170713,05:07:00,0.0,0.0,0,0.0,0.0,0,25430,16224,24.4,19.0
Station_01,Inv_00,20170713,05:08:00,0.0,0.0,0,0.0,0.0,0,25430,16224,24.5,19.0
Station_01,Inv_00,20170713,05:09:00,0.0,0.0,0,0.0,0.0,0,25430,16224,24.5,20.0
Station_01,Inv_00,20170713,05:10:00,0.0,0.0,0,0.0,0.0,0,25430,16224,24.7,20.0
Station_01,Inv_00,20170713,05:11:00,0.0,0.0,0,0.0,0.0,0,25430,16224,24.7,20.0
Station_01,Inv_00,20170713,05:12:00,0.0,0.0,0,0.0,0.0,0,25430,16224,24.8,20.0
Station_01,Inv_00,20170713,05:13:00,0.0,0.0,0,0.0,0.0,0,25430,16224,24.7,20.0
Station_01,Inv_00,20170713,05:14:00,0.0,0.0,0,0.0,0.0,0,25430,16224,24.7,20.0
Station_01,Inv_00,20170713,05:15:00,0.0,0.0,0,0.0,0.0,0,25430,16224,24.7,20.0
Station_01,Inv_00,20170713,05:16:00,0.0,0.0,0,0.0,0.0,0,25430,16224,24.8,20.0
Station_01,Inv_00,20170713,05:17:00,0.0,0.0,0,0.0,0.0,0,25430,16224,24.8,21.0
Station_01,Inv_00,20170713,05:18:00,0.0,0.0,0,0.0,0.0,0,25430,16224,24.8,21.0
Station_01,Inv_00,20170713,05:19:00,0.0,0.0,0,0.0,0.0,0,25430,16224,24.9,21.0
Station_01,Inv_00,20170713,05:20:00,0.0,0.0,0,0.0,0.0,0,25430,16224,24.8,22.0
Station_01,Inv_00,20170713,05:21:00,0.0,0.0,0,0.0,0.0,0,25430,16224,24.8,22.0
Station_01,Inv_00,20170713,05:22:00,0.0,0.0,0,0.0,0.0,0,25430,16224,24.9,22.0
Station_01,Inv_00,20170713,05:23:00,0.0,0.0,0,0.0,0.0,0,25430,16224,24.9,23.0
Station_01,Inv_00,20170713,05:24:00,0.0,0.0,0,0.0,0.0,0,25430,16224,25.0,23.0
Station_01,Inv_00,20170713,05:25:00,0.0,0.0,0,0.0,0.0,0,25430,16224,25.0,23.0
Station_01,Inv_00,20170713,05:26:00,0.0,0.0,0,0.0,0.0,0,25430,16224,25.1,24.0
Station_01,Inv_00,20170713,05:27:00,0.0,0.0,0,0.0,0.0,0,25430,16224,25.0,25.0
Station_01,Inv_00,20170713,05:28:00,0.0,0.0,0,0.0,0.0,0,25430,16224,25.1,25.0
Station_01,Inv_00,20170713,05:29:00,0.0,0.0,0,0.0,0.0,0,25430,16224,25.1,26.0
Station_01,Inv_00,20170713,05:30:00,0.0,0.0,0,0.0,0.0,0,25430,16224,25.3,26.0
Station_01,Inv_00,20170713,05:31:00,0.0,0.0,0,0.0,0.0,0,25430,16224,25.3,27.0
Station_01,Inv_00,20170713,05:32:00,0.0,0.0,0,0.0,0.0,0,25430,16224,25.4,28.0
Station_01,Inv_00,20170713,05:33:00,0.0,0.0,0,221.0,0.5,111,25430,16224,25.4,28.0
Station_01,Inv_00,20170713,05:34:00,0.0,0.0,0,221.0,0.5,111,25430,16224,25.5,29.0
Station_01,Inv_00,20170713,05:35:00,0.0,0.0,0,221.0,0.5,111,25430,16224,25.6,30.0
Station_01,Inv_00,20170713,05:36:00,0.0,0.0,0,220.0,0.5,110,25430,16224,25.6,31.0
Station_01,Inv_00,20170713,05:37:00,0.0,0.0,0,221.0,0.5,111,25430,16224,25.6,31.0
Station_01,Inv_00,20170713,05:38:00,0.0,0.0,0,217.0,0.5,109,25430,16224,25.7,32.0
Station_01,Inv_00,20170713,05:39:00,225.5,0.2,45,218.0,0.4,87,25430,16224,25.7,34.0
Station_01,Inv_00,20170713,05:40:00,233.0,0.2,47,218.0,0.4,87,25430,16224,25.7,35.0
Station_01,Inv_00,20170713,05:41:00,232.5,0.2,47,217.0,0.4,87,25430,16224,25.8,35.0
Station_01,Inv_00,20170713,05:42:00,219.0,0.1,22,217.0,0.4,87,25430,16224,25.8,37.0
Station_01,Inv_00,20170713,05:43:00,207.5,0.2,42,217.0,0.4,87,25430,16224,25.9,38.0
Station_01,Inv_00,20170713,05:44:00,201.3,0.3,60,217.0,0.4,87,25430,16224,26.0,39.0
Station_01,Inv_00,20170713,05:45:00,203.7,0.3,61,217.0,0.5,109,25430,16224,26.1,41.0
Station_01,Inv_00,20170713,05:46:00,219.0,0.3,66,217.0,0.4,87,25430,16224,26.2,42.0
Station_01,Inv_00,20170713,05:47:00,213.0,0.3,64,217.0,0.5,109,25430,16224,26.3,43.0
Station_01,Inv_00,20170713,05:48:00,215.7,0.3,65,217.0,0.5,109,25430,16224,26.4,44.0
Station_01,Inv_00,20170713,05:49:00,205.3,0.3,62,216.0,0.5,108,25430,16224,26.4,45.0
Station_01,Inv_00,20170713,05:50:00,197.0,0.4,79,217.0,0.5,109,25430,16224,26.4,47.0
Station_01,Inv_00,20170713,05:51:00,209.0,0.3,63,217.0,0.5,109,25430,16224,26.5,47.0
Station_01,Inv_00,20170713,05:52:00,194.3,0.3,58,217.0,0.5,109,25430,16224,26.6,44.0
Station_01,Inv_00,20170713,05:53:00,217.7,0.3,65,217.0,0.5,109,25430,16224,26.6,44.0
Station_01,Inv_00,20170713,05:54:00,177.0,0.3,53,217.0,0.4,87,25430,16224,26.6,45.0
Station_01,Inv_00,20170713,05:55:00,158.0,0.3,47,217.0,0.4,87,25430,16224,26.6,46.0
Station_01,Inv_00,20170713,05:56:00,199.5,0.4,80,217.0,0.5,109,25430,16224,26.7,47.0
Station_01,Inv_00,20170713,05:57:00,207.0,0.4,83,217.0,0.5,109,25430,16224,26.7,51.0
Station_01,Inv_00,20170713,05:58:00,189.6,0.5,95,218.0,0.5,109,25430,16224,26.9,56.0
Station_01,Inv_00,20170713,05:59:00,220.4,0.5,110,218.0,0.5,109,25430,16224,27.0,59.0
Station_01,Inv_00,20170713,06:00:00,235.0,0.4,94,217.0,0.6,130,25430,16224,27.1,60.0
Station_01,Inv_00,20170713,06:01:00,230.6,0.5,115,217.0,0.6,130,25430,16224,27.2,62.0
Station_01,Inv_00,20170713,06:02:00,221.6,0.5,111,217.0,0.7,152,25430,16224,27.2,64.0
Station_01,Inv_00,20170713,06:03:00,217.5,0.6,131,217.0,0.6,130,25430,16224,27.4,66.0
Station_01,Inv_00,20170713,06:04:00,226.6,0.5,113,218.0,0.7,153,25430,16224,27.4,68.0
Station_01,Inv_00,20170713,06:05:00,236.5,0.6,142,217.0,0.7,152,25430,16224,27.5,70.0
Station_01,Inv_00,20170713,06:06:00,238.0,0.6,143,218.0,0.8,174,25430,16224,27.7,73.0
Station_01,Inv_00,20170713,06:07:00,187.0,0.7,131,217.0,0.7,152,25430,16224,27.8,76.0
Station_01,Inv_00,20170713,06:08:00,231.9,0.7,162,217.0,0.9,195,25430,16224,27.9,79.0
Station_01,Inv_00,20170713,06:09:00,210.7,0.7,148,217.0,0.9,195,25430,16224,28.0,81.0
Station_01,Inv_00,20170713,06:10:00,151.0,0.7,106,217.0,0.6,130,25430,16224,28.1,84.0
Station_01,Inv_00,20170713,06:11:00,226.0,0.8,181,218.0,0.9,196,25430,16224,28.2,86.0
Station_01,Inv_00,20170713,06:12:00,240.0,0.8,192,217.0,1.0,217,25430,16224,28.3,88.0
Station_01,Inv_00,20170713,06:13:00,190.0,0.9,171,217.0,0.9,195,25430,16224,28.5,92.0
Station_01,Inv_00,20170713,06:14:00,214.0,1.0,214,217.0,1.0,217,25430,16224,28.7,100.0
Station_01,Inv_00,20170713,06:15:00,237.0,1.0,237,217.0,1.1,239,25430,16224,28.9,106.0
Station_01,Inv_00,20170713,06:16:00,242.2,1.1,266,217.0,1.2,260,25430,16224,29.0,109.0
Station_01,Inv_00,20170713,06:17:00,245.0,1.2,294,217.0,1.3,282,25430,16224,29.3,117.0
Station_01,Inv_00,20170713,06:18:00,204.0,1.2,245,217.0,1.2,260,25430,16224,29.5,126.0
Station_01,Inv_00,20170713,06:19:00,152.0,1.4,213,217.0,1.0,217,25430,16224,29.8,133.0
Station_01,Inv_00,20170713,06:20:00,202.4,1.4,283,217.0,1.3,282,25430,16224,30.0,137.0
Station_01,Inv_00,20170713,06:21:00,234.5,1.4,328,217.0,1.5,326,25430,16224,30.3,142.0
Station_01,Inv_00,20170713,06:22:00,250.8,1.5,376,217.0,1.6,347,25430,16224,30.4,147.0
Station_01,Inv_00,20170713,06:23:00,240.3,1.6,385,216.0,1.7,367,25430,16224,30.7,152.0
Station_01,Inv_00,20170713,06:24:00,214.9,1.7,365,217.0,1.6,347,25430,16224,31.0,156.0
Station_01,Inv_00,20170713,06:25:00,246.9,1.7,420,217.0,1.8,391,25430,16224,31.3,161.0
Station_01,Inv_00,20170713,06:26:00,246.0,1.8,443,217.0,2.0,434,25430,16224,31.5,167.0
Station_01,Inv_00,20170713,06:27:00,244.3,1.9,464,217.0,2.0,434,25430,16224,31.9,173.0
Station_01,Inv_00,20170713,06:28:00,250.0,2.0,500,217.0,2.1,456,25430,16224,32.3,179.0
Station_01,Inv_00,20170713,06:29:00,246.4,2.1,517,216.0,2.2,475,25430,16224,32.7,185.0
Station_01,Inv_00,20170713,06:30:00,241.0,2.1,506,216.0,2.3,497,25430,16224,33.0,191.0
Station_01,Inv_00,20170713,06:31:00,237.9,2.4,571,216.0,2.4,518,25430,16224,33.4,198.0
Station_01,Inv_00,20170713,06:32:00,232.0,2.4,557,216.0,2.5,540,25430,16224,33.8,206.0
Station_01,Inv_00,20170713,06:33:00,238.9,2.5,597,216.0,2.7,583,25430,16224,34.1,213.0
Station_01,Inv_00,20170713,06:34:00,249.9,2.6,650,216.0,2.8,605,25430,16224,34.6,216.0
Station_01,Inv_00,20170713,06:35:00,205.5,2.7,555,216.0,2.4,518,25430,16224,34.9,215.0
Station_01,Inv_00,20170713,06:36:00,243.5,2.6,633,217.0,2.7,586,25430,16224,35.2,214.0
Station_01,Inv_00,20170713,06:37:00,220.3,2.5,551,216.0,2.5,540,25430,16224,35.5,214.0
Station_01,Inv_00,20170713,06:38:00,245.0,2.6,637,216.0,2.8,605,25430,16224,35.7,215.0
Station_01,Inv_00,20170713,06:39:00,245.9,2.7,664,216.0,2.8,605,25430,16224,35.9,217.0
Station_01,Inv_00,20170713,06:40:00,225.1,2.8,630,216.0,2.7,583,25430,16224,36.0,222.0
Station_01,Inv_00,20170713,06:41:00,241.5,2.8,676,216.0,2.9,626,25430,16224,36.4,224.0
Station_01,Inv_00,20170713,06:42:00,246.0,2.8,689,217.0,3.0,651,25430,16224,36.6,228.0
Station_01,Inv_00,20170713,06:43:00,196.9,3.0,591,216.0,2.5,540,25430,16224,36.9,233.0
Station_01,Inv_00,20170713,06:44:00,150.3,3.0,451,216.0,2.0,432,25430,16224,37.0,238.0
Station_01,Inv_00,20170713,06:45:00,208.9,3.0,627,216.0,2.8,605,25430,16224,37.2,241.0
Station_01,Inv_00,20170713,06:46:00,237.0,3.0,711,215.0,3.2,688,25430,16224,37.3,245.0
Station_01,Inv_00,20170713,06:47:00,239.3,3.2,766,216.0,3.3,713,25430,16224,37.2,249.0
Station_01,Inv_00,20170713,06:48:00,212.4,3.3,701,217.0,3.1,673,25430,16224,37.6,252.0
Station_01,Inv_00,20170713,06:49:00,243.0,3.2,778,217.0,3.4,738,25430,16224,37.3,250.0
Station_01,Inv_00,20170713,06:50:00,240.5,3.2,770,215.0,3.3,710,25430,16224,37.1,248.0
Station_01,Inv_00,20170713,06:51:00,232.0,3.2,742,216.0,3.1,670,25430,16224,37.1,244.0
Station_01,Inv_00,20170713,06:52:00,247.0,3.1,766,215.0,3.3,710,25430,16224,37.4,242.0
Station_01,Inv_00,20170713,06:53:00,239.0,3.2,765,215.0,3.3,710,25430,16224,37.4,247.0
Station_01,Inv_00,20170713,06:54:00,233.9,3.3,772,216.0,3.3,713,25430,16224,37.3,251.0
Station_01,Inv_00,20170713,06:55:00,215.4,3.4,732,215.0,3.1,667,25430,16224,37.5,254.0
Station_01,Inv_00,20170713,06:56:00,223.0,3.4,758,216.0,3.3,713,25430,16224,37.4,257.0
Station_01,Inv_00,20170713,06:57:00,238.9,3.5,836,216.0,3.6,778,25430,16224,37.7,264.0
Station_01,Inv_00,20170713,06:58:00,235.5,3.6,848,216.0,3.6,778,25430,16224,38.1,268.0
Station_01,Inv_00,20170713,06:59:00,224.9,3.7,832,216.0,3.5,756,25430,16224,38.4,270.0
Station_01,Inv_00,20170713,07:00:00,244.4,3.7,904,215.0,3.9,839,25430,16224,38.6,276.0
Station_01,Inv_00,20170713,07:01:00,245.0,3.6,882,216.0,3.9,842,25430,16224,38.5,281.0
Station_01,Inv_00,20170713,07:02:00,241.5,3.7,894,216.0,4.0,864,25430,16224,39.1,284.0
Station_01,Inv_00,20170713,07:03:00,241.0,3.7,892,215.0,4.0,860,25430,16224,39.3,287.0
Station_01,Inv_00,20170713,07:04:00,237.5,3.7,879,215.0,3.8,817,25430,16224,38.9,281.0
Station_01,Inv_00,20170713,07:05:00,238.4,3.9,930,216.0,4.0,864,25430,16224,39.3,284.0
Station_01,Inv_00,20170713,07:06:00,241.5,4.0,966,216.0,4.1,886,25430,16224,39.8,291.0
Station_01,Inv_00,20170713,07:07:00,239.0,4.2,1004,216.0,4.2,907,25430,16224,39.9,302.0
Station_01,Inv_00,20170713,07:08:00,229.4,4.3,987,216.0,4.3,929,25430,16224,40.4,316.0
Station_01,Inv_00,20170713,07:09:00,234.8,4.4,1033,216.0,4.6,994,25430,16224,40.9,324.0
Station_01,Inv_00,20170713,07:10:00,235.0,4.7,1104,216.0,4.6,994,25430,16224,41.1,332.0
Station_01,Inv_00,20170713,07:11:00,210.5,4.7,989,216.0,4.1,886,25430,16224,41.0,330.0
Station_01,Inv_00,20170713,07:12:00,237.0,4.5,1066,216.0,4.6,994,25430,16224,40.1,326.0
Station_01,Inv_00,20170713,07:13:00,220.5,4.5,992,216.0,4.1,886,25430,16224,40.6,318.0
Station_01,Inv_00,20170713,07:14:00,223.0,4.0,892,216.0,3.9,842,25430,16224,41.0,300.0
Station_01,Inv_00,20170713,07:15:00,237.9,3.9,928,216.0,3.9,842,25430,16224,41.0,281.0
Station_01,Inv_00,20170713,07:16:00,237.5,4.3,1021,217.0,4.3,933,25430,16224,41.5,303.0
Station_01,Inv_00,20170713,07:17:00,226.8,4.6,1043,217.0,4.5,977,25430,16224,42.0,326.0
Station_01,Inv_00,20170713,07:18:00,235.0,5.0,1175,217.0,4.9,1063,25430,16224,42.3,343.0
Station_01,Inv_00,20170713,07:19:00,232.5,5.1,1186,216.0,5.1,1102,25430,16224,42.7,358.0
Station_01,Inv_00,20170713,07:20:00,239.0,5.1,1219,217.0,5.3,1150,25430,16224,43.1,366.0
Station_01,Inv_00,20170713,07:21:00,240.5,5.2,1251,217.0,5.5,1194,25430,16224,43.6,375.0
Station_01,Inv_00,20170713,07:22:00,236.5,5.4,1277,217.0,5.6,1215,25430,16224,44.0,381.0
Station_01,Inv_00,20170713,07:23:00,224.9,5.7,1282,218.0,5.4,1177,25430,16224,44.4,386.0
Station_01,Inv_00,20170713,07:24:00,241.4,5.4,1304,217.0,5.5,1194,25430,16224,44.8,381.0
Station_01,Inv_00,20170713,07:25:00,239.9,5.3,1272,216.0,5.4,1166,25430,16224,44.5,375.0
Station_01,Inv_00,20170713,07:26:00,237.0,5.3,1256,216.0,5.4,1166,25430,16224,45.1,371.0
Station_01,Inv_00,20170713,07:27:00,238.0,5.5,1309,217.0,5.6,1215,25430,16224,45.2,381.0
Station_01,Inv_00,20170713,07:28:00,214.5,5.7,1222,217.0,5.2,1128,25430,16224,45.3,388.0
Station_01,Inv_00,20170713,07:29:00,240.0,5.5,1320,217.0,5.6,1215,25431,16225,45.5,388.0
Station_01,Inv_00,20170713,07:30:00,237.0,5.5,1303,217.0,5.6,1215,25431,16225,45.3,391.0
Station_01,Inv_00,20170713,07:31:00,237.0,5.6,1327,217.0,5.7,1237,25431,16225,45.9,393.0
Station_01,Inv_00,20170713,07:32:00,236.5,5.8,1372,217.0,5.8,1259,25431,16225,45.8,398.0
Station_01,Inv_00,20170713,07:33:00,238.9,5.6,1338,217.0,5.9,1280,25431,16225,46.5,398.0
Station_01,Inv_00,20170713,07:34:00,231.9,5.9,1369,216.0,5.8,1253,25431,16225,46.2,398.0
Station_01,Inv_00,20170713,07:35:00,235.0,5.9,1386,215.0,6.0,1290,25431,16225,45.6,403.0
Station_01,Inv_00,20170713,07:36:00,229.4,5.8,1330,219.0,5.7,1248,25431,16225,45.8,403.0
Station_01,Inv_00,20170713,07:37:00,231.5,5.9,1366,219.0,5.8,1270,25431,16225,46.5,404.0
Station_01,Inv_00,20170713,07:38:00,229.0,5.9,1351,218.0,5.9,1286,25431,16225,46.2,405.0
Station_01,Inv_00,20170713,07:39:00,222.0,6.1,1354,218.0,5.8,1264,25431,16225,46.6,410.0
Station_01,Inv_00,20170713,07:40:00,230.5,6.1,1406,218.0,6.1,1330,25431,16225,46.8,419.0
Station_01,Inv_00,20170713,07:41:00,216.0,6.4,1382,219.0,5.9,1292,25431,16225,47.0,426.0
Station_01,Inv_00,20170713,07:42:00,237.0,6.3,1493,219.0,6.3,1380,25431,16225,47.6,430.0
Station_01,Inv_00,20170713,07:43:00,199.5,6.5,1297,219.0,5.6,1226,25431,16225,47.4,435.0
Station_01,Inv_00,20170713,07:44:00,201.4,6.6,1329,220.0,5.6,1232,25431,16225,47.0,436.0
Station_01,Inv_00,20170713,07:45:00,234.0,6.5,1521,220.0,6.4,1408,25431,16225,47.2,439.0
Station_01,Inv_00,20170713,07:46:00,230.5,6.4,1475,220.0,6.4,1408,25431,16225,47.8,440.0
Station_01,Inv_00,20170713,07:47:00,226.5,6.5,1472,217.0,6.4,1389,25431,16225,47.7,442.0
Station_01,Inv_00,20170713,07:48:00,231.5,6.6,1528,217.0,6.6,1432,25431,16225,48.2,446.0
Station_01,Inv_00,20170713,07:49:00,231.0,6.7,1548,216.0,6.8,1469,25431,16225,48.5,454.0
Station_01,Inv_00,20170713,07:50:00,233.5,6.7,1564,217.0,6.8,1476,25431,16225,48.9,461.0
Station_01,Inv_00,20170713,07:51:00,234.5,6.7,1571,217.0,6.8,1476,25431,16225,48.8,463.0
Station_01,Inv_00,20170713,07:52:00,233.0,6.9,1608,217.0,7.0,1519,25431,16225,49.2,471.0
Station_01,Inv_00,20170713,07:53:00,233.5,6.9,1611,217.0,7.1,1541,25431,16225,50.0,476.0
Station_01,Inv_00,20170713,07:54:00,232.0,7.1,1647,217.0,7.1,1541,25431,16225,50.1,479.0
Station_01,Inv_00,20170713,07:55:00,225.5,7.3,1646,217.0,7.1,1541,25431,16225,50.2,483.0
Station_01,Inv_00,20170713,07:56:00,230.0,7.2,1656,217.0,7.2,1562,25431,16225,50.1,488.0
Station_01,Inv_00,20170713,07:57:00,229.0,7.3,1672,218.0,7.2,1570,25431,16225,49.9,490.0
Station_01,Inv_00,20170713,07:58:00,228.0,7.3,1664,217.0,7.2,1562,25431,16225,49.5,492.0
Station_01,Inv_00,20170713,07:59:00,224.5,7.4,1661,216.0,7.2,1555,25431,16225,50.0,490.0
Station_01,Inv_00,20170713,08:00:00,229.5,7.5,1721,216.0,7.4,1598,25431,16225,49.9,494.0
Station_01,Inv_00,20170713,08:01:00,232.5,7.5,1744,216.0,7.5,1620,25431,16225,49.5,500.0
Station_01,Inv_00,20170713,08:02:00,226.5,7.7,1744,217.0,7.5,1628,25431,16225,49.0,504.0
Station_01,Inv_00,20170713,08:03:00,229.5,7.7,1767,217.0,7.6,1649,25431,16225,49.6,508.0
Station_01,Inv_00,20170713,08:04:00,228.5,7.7,1759,216.0,7.7,1663,25431,16225,50.2,509.0
Station_01,Inv_00,20170713,08:05:00,235.0,7.5,1762,217.0,7.7,1671,25431,16225,50.7,512.0
Station_01,Inv_00,20170713,08:06:00,228.0,7.9,1801,217.0,7.7,1671,25431,16225,51.2,516.0
Station_01,Inv_00,20170713,08:07:00,232.0,7.7,1786,216.0,7.8,1685,25431,16225,51.6,516.0
Station_01,Inv_00,20170713,08:08:00,228.0,7.9,1801,216.0,7.9,1706,25432,16226,52.1,521.0
Station_01,Inv_00,20170713,08:09:00,228.0,7.9,1801,218.0,7.8,1700,25432,16226,52.7,524.0
Station_01,Inv_00,20170713,08:10:00,227.9,8.0,1823,219.0,7.8,1708,25432,16226,53.2,529.0
Station_01,Inv_00,20170713,08:11:00,230.0,8.1,1863,219.0,7.9,1730,25432,16226,53.4,535.0
Station_01,Inv_00,20170713,08:12:00,226.5,8.1,1835,218.0,8.0,1744,25432,16226,53.7,535.0
Station_01,Inv_00,20170713,08:13:00,229.5,8.1,1859,219.0,8.0,1752,25432,16226,54.0,540.0
Station_01,Inv_00,20170713,08:14:00,229.0,8.1,1855,219.0,8.1,1774,25432,16226,53.4,544.0
Station_01,Inv_00,20170713,08:15:00,224.0,8.3,1859,219.0,8.1,1774,25432,16226,54.0,549.0
Station_01,Inv_00,20170713,08:16:00,228.0,8.3,1892,219.0,8.2,1796,25432,16226,53.9,549.0
Station_01,Inv_00,20170713,08:17:00,230.0,8.3,1909,218.0,8.2,1788,25432,16226,52.9,555.0
Station_01,Inv_00,20170713,08:18:00,225.0,8.5,1912,218.0,8.3,1809,25432,16226,54.6,556.0
Station_01,Inv_00,20170713,08:19:00,222.5,8.6,1914,218.0,8.3,1809,25432,16226,54.3,560.0
Station_01,Inv_00,20170713,08:20:00,216.0,8.8,1901,218.0,8.2,1788,25432,16226,52.7,565.0
Station_01,Inv_00,20170713,08:21:00,221.9,8.7,1931,219.0,8.3,1818,25432,16226,54.3,568.0
Station_01,Inv_00,20170713,08:22:00,222.5,8.9,1980,219.0,8.5,1862,25432,16226,52.9,572.0
Station_01,Inv_00,20170713,08:23:00,225.0,8.8,1980,218.0,8.6,1875,25432,16226,52.7,573.0
Station_01,Inv_00,20170713,08:24:00,225.5,8.9,2007,218.0,8.7,1897,25432,16226,54.2,575.0
Station_01,Inv_00,20170713,08:25:00,222.0,9.0,1998,219.0,8.7,1905,25432,16226,54.6,580.0
Station_01,Inv_00,20170713,08:26:00,228.0,8.9,2029,219.0,8.7,1905,25432,16226,54.8,581.0
Station_01,Inv_00,20170713,08:27:00,224.9,9.0,2024,218.0,8.7,1897,25432,16226,55.8,583.0
Station_01,Inv_00,20170713,08:28:00,226.0,9.0,2034,218.0,8.8,1918,25432,16226,55.7,584.0
Station_01,Inv_00,20170713,08:29:00,223.9,9.2,2060,218.0,8.8,1918,25432,16226,54.9,587.0
Station_01,Inv_00,20170713,08:30:00,224.5,9.1,2043,217.0,8.9,1931,25432,16226,55.9,592.0
Station_01,Inv_00,20170713,08:31:00,219.0,9.4,2059,216.0,9.0,1944,25432,16226,56.4,606.0
Station_01,Inv_00,20170713,08:32:00,223.0,9.3,2074,216.0,9.2,1987,25432,16226,55.0,608.0
Station_01,Inv_00,20170713,08:33:00,225.0,9.4,2115,219.0,9.2,2015,25432,16226,55.0,613.0
Station_01,Inv_00,20170713,08:34:00,223.0,9.6,2141,218.0,9.3,2027,25432,16226,54.2,621.0
Station_01,Inv_00,20170713,08:35:00,222.0,9.7,2153,218.0,9.3,2027,25432,16226,54.7,624.0
Station_01,Inv_00,20170713,08:36:00,227.0,9.5,2156,218.0,9.3,2027,25432,16226,54.2,632.0
Station_01,Inv_00,20170713,08:37:00,225.5,9.4,2119,218.0,9.3,2027,25432,16226,53.3,618.0
Station_01,Inv_00,20170713,08:38:00,223.0,9.6,2140,218.0,9.3,2027,25433,16226,55.0,624.0
Station_01,Inv_00,20170713,08:39:00,225.4,9.7,2186,218.0,9.5,2071,25433,16226,55.1,628.0
Station_01,Inv_00,20170713,08:40:00,222.0,10.0,2220,218.0,9.6,2093,25433,16226,55.9,638.0
Station_01,Inv_00,20170713,08:41:00,220.4,10.1,2226,218.0,9.6,2093,25433,16226,56.4,646.0
Station_01,Inv_00,20170713,08:42:00,215.5,10.3,2220,217.0,9.7,2105,25433,16226,56.7,649.0
Station_01,Inv_00,20170713,08:43:00,225.0,9.9,2227,217.0,9.8,2127,25433,16226,57.2,650.0
Station_01,Inv_00,20170713,08:44:00,223.5,10.0,2235,218.0,9.8,2136,25433,16226,56.6,650.0
Station_01,Inv_00,20170713,08:45:00,222.5,9.8,2180,218.0,9.5,2071,25433,16226,57.4,637.0
Station_01,Inv_00,20170713,08:46:00,224.5,9.7,2178,217.0,9.5,2062,25433,16226,56.4,632.0
Station_01,Inv_00,20170713,08:47:00,222.0,10.0,2220,218.0,9.6,2093,25433,16226,55.3,637.0
Station_01,Inv_00,20170713,08:48:00,219.0,10.5,2300,218.0,9.9,2158,25433,16226,53.6,655.0
Station_01,Inv_00,20170713,08:49:00,223.0,9.9,2208,217.0,9.7,2105,25433,16226,55.7,660.0
Station_01,Inv_00,20170713,08:50:00,222.0,11.0,2442,217.0,10.5,2279,25433,16226,56.5,688.0
Station_01,Inv_00,20170713,08:51:00,220.0,11.3,2486,217.0,10.8,2344,25433,16226,58.1,720.0
Station_01,Inv_00,20170713,08:52:00,225.9,8.2,1853,217.0,7.9,1714,25433,16226,56.8,482.0
Station_01,Inv_00,20170713,08:53:00,223.0,3.3,736,217.0,3.1,673,25433,16226,54.1,229.0
Station_01,Inv_00,20170713,08:54:00,226.0,3.6,814,217.0,3.6,781,25433,16226,52.5,326.0
Station_01,Inv_00,20170713,08:55:00,226.5,3.8,861,217.0,3.8,825,25433,16226,51.2,262.0
Station_01,Inv_00,20170713,08:56:00,229.3,4.6,1055,217.0,4.3,933,25433,16226,50.3,264.0
Station_01,Inv_00,20170713,08:57:00,225.3,10.5,2366,218.0,9.9,2158,25433,16226,52.8,644.0
Station_01,Inv_00,20170713,08:58:00,228.5,5.5,1257,218.0,5.4,1177,25433,16226,52.2,415.0
Station_01,Inv_00,20170713,08:59:00,230.3,12.1,2787,218.0,12.0,2616,25433,16226,52.3,663.0
Station_01,Inv_00,20170713,09:00:00,222.0,12.9,2864,219.0,12.3,2694,25433,16226,55.2,797.0
Station_01,Inv_00,20170713,09:01:00,225.0,12.6,2835,218.0,12.3,2681,25433,16226,55.2,798.0
Station_01,Inv_00,20170713,09:02:00,222.8,9.8,2184,217.0,9.9,2148,25433,16226,56.4,663.0
Station_01,Inv_00,20170713,09:03:00,222.4,7.3,1624,217.0,7.1,1541,25433,16226,54.7,425.0
Station_01,Inv_00,20170713,09:04:00,225.9,12.2,2756,217.0,11.9,2582,25433,16226,56.3,751.0
Station_01,Inv_00,20170713,09:05:00,221.5,11.9,2636,217.0,11.5,2496,25433,16226,56.4,756.0
Station_01,Inv_00,20170713,09:06:00,224.5,12.0,2694,217.0,11.7,2539,25433,16226,58.0,763.0
Station_01,Inv_00,20170713,09:07:00,220.4,12.0,2645,217.0,11.5,2496,25433,16226,57.6,763.0
Station_01,Inv_00,20170713,09:08:00,222.0,12.1,2686,217.0,11.7,2539,25434,16227,59.3,766.0
Station_01,Inv_00,20170713,09:09:00,221.0,12.1,2674,218.0,11.5,2507,25434,16227,59.5,755.0
Station_01,Inv_00,20170713,09:10:00,160.0,3.4,544,216.0,2.5,540,25434,16227,56.6,387.0
Station_01,Inv_00,20170713,09:11:00,205.0,3.1,636,216.0,2.8,605,25434,16227,52.1,216.0
Station_01,Inv_00,20170713,09:12:00,217.9,2.8,610,215.0,2.8,602,25434,16227,49.0,203.0
Station_01,Inv_00,20170713,09:13:00,227.3,2.8,637,216.0,2.9,626,25434,16227,48.2,199.0
Station_01,Inv_00,20170713,09:14:00,227.0,12.3,2792,218.0,12.1,2638,25434,16227,50.3,700.0
Station_01,Inv_00,20170713,09:15:00,227.0,4.6,1044,216.0,4.5,972,25434,16227,47.7,461.0
Station_01,Inv_00,20170713,09:16:00,226.0,12.0,2712,216.0,11.8,2549,25434,16227,52.0,749.0
Station_01,Inv_00,20170713,09:17:00,227.9,11.6,2644,216.0,11.6,2506,25434,16227,52.9,749.0
Station_01,Inv_00,20170713,09:18:00,218.0,12.1,2638,216.0,11.5,2484,25434,16227,53.5,755.0
Station_01,Inv_00,20170713,09:19:00,225.0,11.8,2655,216.0,11.6,2506,25434,16227,54.6,755.0
Station_01,Inv_00,20170713,09:20:00,222.5,12.1,2692,217.0,11.7,2539,25434,16227,55.6,764.0
Station_01,Inv_00,20170713,09:21:00,225.5,12.1,2729,217.0,11.8,2561,25434,16227,55.3,770.0
Station_01,Inv_00,20170713,09:22:00,222.5,12.4,2759,217.0,11.9,2582,25434,16227,55.9,784.0
Station_01,Inv_00,20170713,09:23:00,220.5,12.6,2778,217.0,12.1,2626,25434,16227,58.3,795.0
Station_01,Inv_00,20170713,09:24:00,220.0,13.0,2860,217.0,12.3,2669,25434,16227,57.3,818.0
Station_01,Inv_00,20170713,09:25:00,220.5,13.3,2933,217.0,12.7,2756,25434,16227,59.9,843.0
Station_01,Inv_00,20170713,09:26:00,212.0,13.9,2947,217.0,12.8,2778,25434,16227,59.9,860.0
Station_01,Inv_00,20170713,09:27:00,203.5,7.2,1465,215.0,6.8,1462,25434,16227,60.7,769.0
Station_01,Inv_00,20170713,09:28:00,212.0,14.0,2968,216.0,12.9,2786,25434,16227,59.8,786.0
Station_01,Inv_00,20170713,09:29:00,215.5,13.3,2866,217.0,12.3,2669,25434,16227,60.1,827.0
Station_01,Inv_00,20170713,09:30:00,214.5,11.9,2553,219.0,11.2,2453,25434,16227,59.9,838.0
Station_01,Inv_00,20170713,09:31:00,217.5,13.6,2958,218.0,12.7,2769,25434,16227,61.1,863.0
Station_01,Inv_00,20170713,09:32:00,216.5,8.7,1884,218.0,8.3,1809,25434,16227,60.6,642.0
Station_01,Inv_00,20170713,09:33:00,214.0,14.4,3081,218.0,13.2,2878,25435,16228,62.7,892.0
Station_01,Inv_00,20170713,09:34:00,213.0,14.3,3046,218.0,13.1,2856,25435,16228,63.7,904.0
Station_01,Inv_00,20170713,09:35:00,216.0,13.8,2980,219.0,12.8,2803,25435,16228,62.7,875.0
Station_01,Inv_00,20170713,09:36:00,204.0,15.0,3060,219.0,13.1,2869,25435,16228,63.3,904.0
Station_01,Inv_00,20170713,09:37:00,209.9,14.7,3086,218.0,13.3,2899,25435,16228,62.6,910.0
Station_01,Inv_00,20170713,09:38:00,193.5,15.5,2999,219.0,12.8,2803,25435,16228,65.4,910.0
Station_01,Inv_00,20170713,09:39:00,206.5,14.9,3077,219.0,13.1,2869,25435,16228,66.6,910.0
Station_01,Inv_00,20170713,09:40:00,205.0,15.0,3075,220.0,13.1,2882,25435,16228,67.9,927.0
Station_01,Inv_00,20170713,09:41:00,208.5,14.4,3002,220.0,12.9,2838,25435,16228,68.9,908.0
Station_01,Inv_00,20170713,09:42:00,193.0,15.2,2934,219.0,12.6,2759,25435,16228,68.7,909.0
Station_01,Inv_00,20170713,09:43:00,207.5,14.6,3029,219.0,13.0,2847,25435,16228,68.4,910.0
Station_01,Inv_00,20170713,09:44:00,207.5,14.8,3071,220.0,13.2,2904,25435,16228,69.6,915.0
Station_01,Inv_00,20170713,09:45:00,210.0,14.5,3045,220.0,12.9,2838,25435,16228,69.4,923.0
Station_01,Inv_00,20170713,09:46:00,193.5,14.6,2824,219.0,12.1,2650,25435,16228,67.7,891.0
Station_01,Inv_00,20170713,09:47:00,208.5,13.4,2794,219.0,12.2,2672,25435,16228,66.5,866.0
Station_01,Inv_00,20170713,09:48:00,210.5,13.8,2905,219.0,12.4,2716,25435,16228,66.7,851.0
Station_01,Inv_00,20170713,09:49:00,208.5,13.8,2877,220.0,12.3,2706,25435,16228,65.5,852.0
Station_01,Inv_00,20170713,09:50:00,199.8,11.6,2318,219.0,10.5,2300,25435,16228,64.6,810.0
Station_01,Inv_00,20170713,09:51:00,200.5,13.0,2606,219.0,11.2,2453,25435,16228,64.2,669.0
Station_01,Inv_00,20170713,09:52:00,210.5,13.9,2926,219.0,12.6,2759,25435,16228,64.6,851.0
Station_01,Inv_00,20170713,09:53:00,211.0,13.5,2849,220.0,12.2,2684,25435,16228,64.4,838.0
Station_01,Inv_00,20170713,09:54:00,213.0,13.7,2918,219.0,12.6,2759,25436,16228,62.2,831.0
Station_01,Inv_00,20170713,09:55:00,209.2,12.5,2616,219.0,11.7,2562,25436,16228,62.2,764.0
Station_01,Inv_00,20170713,09:56:00,207.5,14.2,2946,220.0,12.6,2772,25436,16228,62.2,832.0
Station_01,Inv_00,20170713,09:57:00,214.5,13.6,2917,218.0,12.6,2747,25436,16228,63.7,847.0
Station_01,Inv_00,20170713,09:58:00,213.5,13.2,2818,217.0,12.2,2647,25436,16228,64.0,831.0
Station_01,Inv_00,20170713,09:59:00,213.0,13.2,2811,217.0,12.2,2647,25436,16228,65.0,832.0
Station_01,Inv_00,20170713,10:00:00,211.5,13.1,2770,217.0,12.0,2604,25436,16228,64.5,773.0
Station_01,Inv_00,20170713,10:01:00,208.0,13.5,2808,217.0,12.2,2647,25436,16228,66.5,832.0
Station_01,Inv_00,20170713,10:02:00,209.0,12.5,2612,217.0,11.2,2430,25436,16228,63.7,775.0
Station_01,Inv_00,20170713,10:03:00,214.5,13.2,2831,217.0,12.3,2669,25436,16228,64.8,831.0
Station_01,Inv_00,20170713,10:04:00,211.5,14.1,2982,217.0,13.0,2821,25436,16228,66.1,870.0
Station_01,Inv_00,20170713,10:05:00,211.5,14.1,2982,217.0,12.9,2799,25436,16228,66.1,874.0
Station_01,Inv_00,20170713,10:06:00,213.5,13.9,2968,217.0,12.9,2799,25436,16228,63.3,871.0
Station_01,Inv_00,20170713,10:07:00,210.5,14.1,2968,217.0,12.9,2799,25436,16228,62.6,869.0
Station_01,Inv_00,20170713,10:08:00,207.5,14.2,2946,217.0,12.8,2778,25436,16228,62.4,869.0
Station_01,Inv_00,20170713,10:09:00,214.0,13.7,2932,216.0,12.8,2765,25436,16228,61.9,863.0
Station_01,Inv_00,20170713,10:10:00,214.5,13.2,2831,216.0,12.4,2678,25436,16228,63.6,830.0
Station_01,Inv_00,20170713,10:11:00,214.5,13.2,2831,216.0,12.3,2657,25436,16228,63.4,832.0
Station_01,Inv_00,20170713,10:12:00,211.0,13.3,2806,217.0,12.2,2647,25436,16228,62.2,834.0
Station_01,Inv_00,20170713,10:13:00,211.0,13.3,2806,216.0,12.3,2657,25436,16228,61.3,844.0
Station_01,Inv_00,20170713,10:14:00,214.0,13.2,2824,216.0,12.3,2657,25436,16228,62.5,831.0
Station_01,Inv_00,20170713,10:15:00,215.5,13.2,2845,217.0,12.3,2669,25437,16229,62.6,839.0
Station_01,Inv_00,20170713,10:16:00,214.0,12.8,2739,216.0,12.0,2592,25437,16229,63.2,826.0
Station_01,Inv_00,20170713,10:17:00,212.0,13.0,2756,216.0,12.0,2592,25437,16229,63.5,809.0
Station_01,Inv_00,20170713,10:18:00,211.5,13.3,2813,216.0,12.3,2657,25437,16229,64.7,823.0
Station_01,Inv_00,20170713,10:19:00,213.0,12.9,2748,216.0,12.0,2592,25437,16229,65.0,817.0
Station_01,Inv_00,20170713,10:20:00,207.5,13.7,2843,216.0,12.3,2657,25437,16229,62.9,827.0
Station_01,Inv_00,20170713,10:21:00,214.0,13.2,2825,216.0,12.3,2657,25437,16229,62.9,840.0
Station_01,Inv_00,20170713,10:22:00,209.0,13.7,2863,217.0,12.4,2691,25437,16229,63.7,852.0
Station_01,Inv_00,20170713,10:23:00,210.0,13.7,2877,217.0,12.4,2691,25437,16229,63.2,856.0
Station_01,Inv_00,20170713,10:24:00,209.0,13.8,2884,217.0,12.5,2713,25437,16229,61.8,862.0
Station_01,Inv_00,20170713,10:25:00,213.5,13.8,2946,217.0,12.7,2756,25437,16229,63.0,869.0
Station_01,Inv_00,20170713,10:26:00,211.0,13.7,2891,217.0,12.5,2713,25437,16229,64.3,856.0
Station_01,Inv_00,20170713,10:27:00,207.0,13.8,2856,216.0,12.4,2678,25437,16229,64.9,853.0
Station_01,Inv_00,20170713,10:28:00,210.0,13.4,2814,216.0,12.2,2635,25437,16229,65.4,837.0
Station_01,Inv_00,20170713,10:29:00,210.5,13.3,2800,216.0,12.2,2635,25437,16229,62.3,840.0
Station_01,Inv_00,20170713,10:30:00,211.5,13.9,2940,215.0,12.8,2752,25437,16229,60.0,868.0
Station_01,Inv_00,20170713,10:31:00,214.0,13.4,2867,215.0,12.5,2688,25437,16229,60.0,863.0
Station_01,Inv_00,20170713,10:32:00,212.5,14.2,3017,215.0,13.1,2817,25437,16229,60.8,886.0
Station_01,Inv_00,20170713,10:33:00,211.0,14.4,3038,215.0,13.3,2860,25437,16229,60.6,905.0
Station_01,Inv_00,20170713,10:34:00,213.5,14.2,3032,215.0,13.3,2860,25437,16229,59.2,900.0
Station_01,Inv_00,20170713,10:35:00,213.5,14.1,3010,215.0,13.1,2817,25437,16229,59.8,888.0
Station_01,Inv_00,20170713,10:36:00,214.0,14.0,2996,216.0,13.0,2808,25438,16229,62.0,881.0
Station_01,Inv_00,20170713,10:37:00,210.5,14.1,2968,215.0,12.9,2774,25438,16229,59.4,879.0
Station_01,Inv_00,20170713,10:38:00,212.5,14.1,2996,215.0,13.1,2817,25438,16229,60.2,878.0
Station_01,Inv_00,20170713,10:39:00,205.5,14.4,2959,216.0,12.9,2786,25438,16229,60.2,873.0
Station_01,Inv_00,20170713,10:40:00,210.5,14.3,3010,215.0,13.1,2817,25438,16229,60.7,879.0
Station_01,Inv_00,20170713,10:41:00,212.0,14.4,3053,215.0,13.2,2838,25438,16229,62.4,885.0
Station_01,Inv_00,20170713,10:42:00,213.0,14.4,3067,216.0,13.4,2894,25438,16229,61.4,900.0
Station_01,Inv_00,20170713,10:43:00,215.5,14.2,3060,216.0,13.3,2873,25438,16229,59.6,910.0
Station_01,Inv_00,20170713,10:44:00,211.5,14.6,3088,216.0,13.4,2894,25438,16229,60.6,899.0
Station_01,Inv_00,20170713,10:45:00,216.0,13.8,2981,216.0,12.9,2786,25438,16229,60.2,887.0
Station_01,Inv_00,20170713,10:46:00,214.4,14.1,3023,216.0,13.2,2851,25438,16229,61.3,887.0
Station_01,Inv_00,20170713,10:47:00,211.5,14.4,3045,216.0,13.2,2851,25438,16229,61.0,897.0
Station_01,Inv_00,20170713,10:48:00,211.5,14.2,3003,216.0,13.1,2830,25438,16229,59.9,903.0
Station_01,Inv_00,20170713,10:49:00,216.0,13.9,3002,216.0,13.2,2851,25438,16229,60.3,890.0
Station_01,Inv_00,20170713,10:50:00,213.5,14.0,2989,215.0,13.0,2795,25438,16229,60.0,877.0
Station_01,Inv_00,20170713,10:51:00,214.5,14.1,3024,215.0,13.5,2903,25438,16229,61.5,908.0
Station_01,Inv_00,20170713,10:52:00,212.0,10.0,2120,215.0,9.9,2129,25438,16229,60.5,793.0
Station_01,Inv_00,20170713,10:53:00,213.0,6.2,1321,214.0,5.7,1220,25438,16229,58.3,459.0
Station_01,Inv_00,20170713,10:54:00,214.0,14.4,3081,215.0,13.4,2881,25438,16229,58.0,852.0
Station_01,Inv_00,20170713,10:55:00,212.5,11.2,2380,215.0,9.4,2021,25438,16229,55.9,634.0
Station_01,Inv_00,20170713,10:56:00,212.5,13.7,2911,216.0,12.8,2765,25438,16229,55.2,802.0
Station_01,Inv_00,20170713,10:57:00,218.5,14.4,3146,216.0,13.6,2938,25439,16230,56.2,897.0
Station_01,Inv_00,20170713,10:58:00,218.0,14.2,3095,218.0,13.4,2921,25439,16230,56.8,901.0
Station_01,Inv_00,20170713,10:59:00,216.0,14.4,3110,218.0,13.4,2921,25439,16230,57.8,907.0
Station_01,Inv_00,20170713,11:00:00,215.0,14.5,3117,219.0,13.4,2935,25439,16230,58.5,911.0
Station_01,Inv_00,20170713,11:01:00,216.5,14.5,3139,218.0,13.5,2943,25439,16230,58.1,924.0
Station_01,Inv_00,20170713,11:02:00,210.5,15.2,3200,218.0,13.9,3030,25439,16230,60.5,943.0
Station_01,Inv_00,20170713,11:03:00,208.5,14.2,2961,218.0,13.0,2834,25439,16230,61.3,932.0
Station_01,Inv_00,20170713,11:04:00,213.5,14.0,2989,218.0,12.9,2812,25439,16230,62.3,896.0
Station_01,Inv_00,20170713,11:05:00,206.5,15.2,3138,218.0,13.4,2921,25439,16230,61.2,947.0
Station_01,Inv_00,20170713,11:06:00,211.5,15.3,3236,218.0,13.9,3030,25439,16230,60.8,955.0
Station_01,Inv_00,20170713,11:07:00,212.0,15.1,3201,218.0,13.8,3008,25439,16230,61.3,955.0
Station_01,Inv_00,20170713,11:08:00,209.5,15.0,3142,218.0,13.5,2943,25439,16230,62.0,944.0
Station_01,Inv_00,20170713,11:09:00,210.0,14.7,3087,218.0,13.4,2921,25439,16230,62.3,934.0
Station_01,Inv_00,20170713,11:10:00,210.0,14.6,3066,218.0,13.3,2899,25439,16230,59.6,915.0
Station_01,Inv_00,20170713,11:11:00,210.5,14.9,3136,218.0,13.6,2965,25439,16230,59.1,939.0
Station_01,Inv_00,20170713,11:12:00,210.5,15.0,3157,217.0,13.6,2951,25439,16230,59.8,935.0
Station_01,Inv_00,20170713,11:13:00,212.5,14.7,3124,218.0,13.5,2943,25439,16230,60.1,935.0
Station_01,Inv_00,20170713,11:14:00,211.5,14.7,3109,218.0,13.4,2921,25439,16230,61.7,925.0
Station_01,Inv_00,20170713,11:15:00,213.5,14.0,2989,218.0,12.9,2812,25439,16230,62.9,898.0
Station_01,Inv_00,20170713,11:16:00,213.5,14.0,2989,218.0,12.9,2812,25439,16230,61.7,890.0
Station_01,Inv_00,20170713,11:17:00,211.0,14.9,3144,218.0,13.5,2943,25440,16231,62.7,938.0
Station_01,Inv_00,20170713,11:18:00,211.0,14.8,3123,218.0,13.4,2921,25440,16231,63.6,932.0
Station_01,Inv_00,20170713,11:19:00,210.0,14.8,3108,218.0,13.4,2921,25440,16231,60.9,934.0
Station_01,Inv_00,20170713,11:20:00,212.5,14.7,3124,218.0,13.5,2943,25440,16231,60.5,929.0
Station_01,Inv_00,20170713,11:21:00,207.5,14.9,3092,218.0,13.4,2921,25440,16231,60.6,926.0
Station_01,Inv_00,20170713,11:22:00,211.0,14.8,3123,218.0,13.4,2921,25440,16231,63.0,927.0
Station_01,Inv_00,20170713,11:23:00,213.5,14.6,3117,218.0,13.4,2921,25440,16231,61.8,939.0
Station_01,Inv_00,20170713,11:24:00,208.5,15.1,3148,217.0,13.5,2930,25440,16231,62.0,939.0
Station_01,Inv_00,20170713,11:25:00,204.0,15.4,3141,217.0,13.5,2930,25440,16231,62.6,948.0
Station_01,Inv_00,20170713,11:26:00,210.0,14.9,3129,218.0,13.5,2943,25440,16231,62.6,945.0
Station_01,Inv_00,20170713,11:27:00,215.0,14.5,3117,219.0,13.4,2935,25440,16231,62.3,946.0
Station_01,Inv_00,20170713,11:28:00,210.5,14.8,3115,219.0,13.4,2935,25440,16231,62.3,941.0
Station_01,Inv_00,20170713,11:29:00,212.4,14.5,3081,219.0,13.3,2913,25440,16231,62.7,929.0
Station_01,Inv_00,20170713,11:30:00,203.0,14.9,3025,218.0,13.1,2856,25440,16231,63.0,923.0
Station_01,Inv_00,20170713,11:31:00,208.9,14.7,3071,219.0,13.3,2913,25440,16231,62.9,931.0
Station_01,Inv_00,20170713,11:32:00,207.5,14.7,3050,218.0,13.2,2878,25440,16231,61.4,931.0
Station_01,Inv_00,20170713,11:33:00,211.5,14.4,3045,218.0,13.2,2878,25440,16231,62.0,916.0
Station_01,Inv_00,20170713,11:34:00,208.0,14.7,3058,218.0,13.1,2856,25440,16231,60.2,916.0
Station_01,Inv_00,20170713,11:35:00,209.5,14.6,3059,219.0,13.1,2869,25440,16231,60.9,919.0
Station_01,Inv_00,20170713,11:36:00,211.5,14.6,3088,219.0,13.3,2913,25441,16231,60.6,920.0
Station_01,Inv_00,20170713,11:37:00,205.5,15.0,3082,219.0,13.3,2913,25441,16231,60.0,933.0
Station_01,Inv_00,20170713,11:38:00,206.5,15.1,3118,219.0,13.4,2935,25441,16231,59.2,939.0
Station_01,Inv_00,20170713,11:39:00,210.9,14.7,3101,218.0,13.4,2921,25441,16231,61.1,930.0
Station_01,Inv_00,20170713,11:40:00,207.5,14.8,3071,218.0,13.2,2878,25441,16231,59.6,925.0
Station_01,Inv_00,20170713,11:41:00,211.0,14.5,3059,219.0,13.2,2891,25441,16231,61.2,927.0
Station_01,Inv_00,20170713,11:42:00,206.5,14.8,3056,218.0,13.2,2878,25441,16231,61.6,929.0
Station_01,Inv_00,20170713,11:43:00,208.5,14.6,3044,219.0,13.1,2869,25441,16231,63.8,923.0
Station_01,Inv_00,20170713,11:44:00,206.5,14.9,3077,219.0,13.2,2891,25441,16231,63.7,929.0
Station_01,Inv_00,20170713,11:45:00,206.5,14.9,3077,219.0,13.2,2891,25441,16231,65.0,937.0
Station_01,Inv_00,20170713,11:46:00,203.5,14.9,3032,219.0,13.0,2847,25441,16231,65.7,929.0
Station_01,Inv_00,20170713,11:47:00,204.9,14.7,3013,218.0,13.0,2834,25441,16231,66.1,928.0
Station_01,Inv_00,20170713,11:48:00,206.5,14.7,3036,219.0,13.0,2847,25441,16231,64.5,926.0
Station_01,Inv_00,20170713,11:49:00,204.0,14.8,3019,219.0,12.9,2825,25441,16231,65.6,920.0
Station_01,Inv_00,20170713,11:50:00,206.5,14.8,3056,219.0,13.1,2869,25441,16231,64.8,927.0
Station_01,Inv_00,20170713,11:51:00,207.0,14.8,3063,218.0,13.2,2878,25441,16231,63.1,935.0
Station_01,Inv_00,20170713,11:52:00,208.0,14.9,3099,218.0,13.3,2899,25441,16231,61.5,948.0
Station_01,Inv_00,20170713,11:53:00,208.9,14.9,3113,219.0,13.4,2935,25441,16231,61.8,940.0
Station_01,Inv_00,20170713,11:54:00,207.0,15.0,3105,219.0,13.4,2935,25441,16231,61.4,940.0
Station_01,Inv_00,20170713,11:55:00,211.5,14.8,3130,219.0,13.4,2935,25441,16231,61.5,939.0
Station_01,Inv_00,20170713,11:56:00,209.5,15.0,3143,219.0,13.4,2935,25442,16232,62.2,941.0
Station_01,Inv_00,20170713,11:57:00,207.5,15.0,3112,219.0,13.4,2935,25442,16232,62.9,939.0
Station_01,Inv_00,20170713,11:58:00,207.5,14.9,3092,220.0,13.3,2926,25442,16232,61.9,938.0
Station_01,Inv_00,20170713,11:59:00,207.0,15.0,3105,220.0,13.3,2926,25442,16232,61.4,934.0
Station_01,Inv_00,20170713,12:00:00,213.5,14.4,3074,218.0,13.3,2899,25442,16232,61.7,925.0
Station_01,Inv_00,20170713,12:01:00,213.0,14.4,3067,218.0,13.2,2878,25442,16232,61.8,922.0
Station_01,Inv_00,20170713,12:02:00,208.0,14.8,3078,219.0,13.3,2913,25442,16232,62.5,930.0
Station_01,Inv_00,20170713,12:03:00,203.5,15.0,3053,219.0,13.1,2869,25442,16232,62.5,926.0
Station_01,Inv_00,20170713,12:04:00,210.5,14.6,3073,219.0,13.1,2869,25442,16232,59.7,921.0
Station_01,Inv_00,20170713,12:05:00,210.0,14.8,3108,219.0,13.4,2935,25442,16232,60.1,927.0
Station_01,Inv_00,20170713,12:06:00,213.0,14.6,3109,219.0,13.4,2935,25442,16232,60.7,924.0
Station_01,Inv_00,20170713,12:07:00,212.0,14.7,3116,219.0,13.4,2935,25442,16232,61.7,928.0
Station_01,Inv_00,20170713,12:08:00,212.5,14.4,3060,219.0,13.2,2891,25442,16232,62.9,921.0
Station_01,Inv_00,20170713,12:09:00,209.5,14.7,3080,220.0,13.1,2882,25442,16232,63.5,920.0
Station_01,Inv_00,20170713,12:10:00,212.0,14.3,3032,220.0,12.9,2838,25442,16232,65.2,914.0
Station_01,Inv_00,20170713,12:11:00,208.0,14.6,3037,220.0,12.9,2838,25442,16232,65.5,914.0
Station_01,Inv_00,20170713,12:12:00,208.0,14.6,3037,220.0,12.9,2838,25442,16232,63.2,914.0
Station_01,Inv_00,20170713,12:13:00,211.5,14.5,3067,219.0,13.1,2869,25442,16232,63.1,922.0
Station_01,Inv_00,20170713,12:14:00,209.0,14.6,3051,219.0,13.0,2847,25442,16232,64.4,919.0
Station_01,Inv_00,20170713,12:15:00,207.0,14.7,3043,220.0,13.0,2860,25443,16233,62.7,916.0
Station_01,Inv_00,20170713,12:16:00,206.5,14.7,3036,219.0,12.9,2825,25443,16233,63.4,912.0
Station_01,Inv_00,20170713,12:17:00,206.5,14.6,3014,219.0,12.9,2825,25443,16233,63.6,907.0
Station_01,Inv_00,20170713,12:18:00,209.5,14.6,3058,218.0,13.1,2856,25443,16233,61.3,914.0
Station_01,Inv_00,20170713,12:19:00,208.5,14.7,3065,219.0,13.2,2891,25443,16233,61.3,921.0
Station_01,Inv_00,20170713,12:20:00,208.0,14.8,3078,219.0,13.3,2913,25443,16233,61.7,924.0
Station_01,Inv_00,20170713,12:21:00,212.0,14.6,3095,219.0,13.3,2913,25443,16233,61.2,942.0
Station_01,Inv_00,20170713,12:22:00,209.0,14.8,3093,219.0,13.3,2913,25443,16233,60.4,927.0
Station_01,Inv_00,20170713,12:23:00,208.5,14.9,3107,219.0,13.4,2935,25443,16233,60.5,933.0
Station_01,Inv_00,20170713,12:24:00,213.0,14.7,3131,219.0,13.4,2935,25443,16233,61.2,934.0
Station_01,Inv_00,20170713,12:25:00,209.0,15.0,3134,219.0,13.4,2935,25443,16233,60.7,938.0
Station_01,Inv_00,20170713,12:26:00,212.0,14.7,3116,219.0,13.4,2935,25443,16233,60.1,933.0
Station_01,Inv_00,20170713,12:27:00,204.5,14.7,3006,219.0,12.9,2825,25443,16233,61.6,911.0
Station_01,Inv_00,20170713,12:28:00,210.0,14.5,3044,219.0,13.0,2847,25443,16233,61.9,910.0
Station_01,Inv_00,20170713,12:29:00,208.0,14.7,3058,219.0,13.0,2847,25443,16233,61.6,915.0
Station_01,Inv_00,20170713,12:30:00,210.5,14.3,3010,219.0,12.9,2825,25443,16233,61.4,901.0
Station_01,Inv_00,20170713,12:31:00,211.0,14.3,3017,219.0,12.9,2825,25443,16233,62.7,899.0
Station_01,Inv_00,20170713,12:32:00,210.0,14.4,3024,219.0,13.0,2847,25443,16233,64.7,907.0
Station_01,Inv_00,20170713,12:33:00,208.5,14.4,3002,219.0,12.9,2825,25443,16233,65.7,908.0
Station_01,Inv_00,20170713,12:34:00,205.5,14.6,3000,219.0,12.9,2825,25443,16233,65.2,908.0
Station_01,Inv_00,20170713,12:35:00,203.5,14.7,2991,219.0,12.9,2825,25444,16233,66.2,909.0
Station_01,Inv_00,20170713,12:36:00,206.0,14.7,3028,219.0,13.0,2847,25444,16233,65.1,920.0
Station_01,Inv_00,20170713,12:37:00,206.5,14.7,3036,219.0,13.0,2847,25444,16233,64.9,924.0
Station_01,Inv_00,20170713,12:38:00,207.5,14.7,3050,218.0,13.1,2856,25444,16233,64.9,919.0
Station_01,Inv_00,20170713,12:39:00,207.5,14.7,3050,218.0,13.1,2856,25444,16233,64.6,926.0
Station_01,Inv_00,20170713,12:40:00,211.0,14.5,3060,218.0,13.1,2856,25444,16233,64.0,919.0
Station_01,Inv_00,20170713,12:41:00,205.0,14.8,3034,219.0,12.9,2825,25444,16233,63.1,912.0
Station_01,Inv_00,20170713,12:42:00,209.5,14.5,3038,219.0,13.0,2847,25444,16233,64.7,914.0
Station_01,Inv_00,20170713,12:43:00,209.0,14.4,3009,219.0,12.9,2825,25444,16233,66.4,910.0
Station_01,Inv_00,20170713,12:44:00,207.5,14.4,2988,218.0,12.9,2812,25444,16233,66.8,908.0
Station_01,Inv_00,20170713,12:45:00,209.0,14.1,2947,218.0,12.8,2790,25444,16233,67.6,898.0
Station_01,Inv_00,20170713,12:46:00,205.0,14.4,2952,219.0,12.7,2781,25444,16233,67.4,899.0
Station_01,Inv_00,20170713,12:47:00,207.0,14.0,2898,219.0,12.4,2716,25444,16233,66.8,880.0
Station_01,Inv_00,20170713,12:48:00,201.0,14.3,2874,218.0,12.4,2703,25444,16233,67.6,879.0
Station_01,Inv_00,20170713,12:49:00,201.0,14.3,2874,219.0,12.4,2716,25444,16233,66.7,878.0
Station_01,Inv_00,20170713,12:50:00,207.5,14.1,2926,218.0,12.6,2747,25444,16233,65.1,881.0
Station_01,Inv_00,20170713,12:51:00,205.9,14.3,2945,218.0,12.7,2769,25444,16233,65.4,885.0
Station_01,Inv_00,20170713,12:52:00,205.5,14.3,2939,219.0,12.6,2759,25444,16233,65.4,882.0
Station_01,Inv_00,20170713,12:53:00,206.5,14.3,2953,219.0,12.6,2759,25444,16233,63.0,883.0
Station_01,Inv_00,20170713,12:54:00,210.5,13.8,2905,218.0,12.7,2769,25444,16233,63.8,880.0
Station_01,Inv_00,20170713,12:55:00,208.0,14.2,2953,218.0,12.8,2790,25445,16234,64.2,890.0
Station_01,Inv_00,20170713,12:56:00,207.0,14.2,2939,218.0,12.7,2769,25445,16234,63.9,884.0
Station_01,Inv_00,20170713,12:57:00,206.5,14.1,2912,218.0,12.6,2747,25445,16234,64.6,875.0
Station_01,Inv_00,20170713,12:58:00,208.0,13.9,2891,217.0,12.5,2713,25445,16234,65.7,869.0
Station_01,Inv_00,20170713,12:59:00,205.0,14.0,2870,217.0,12.4,2691,25445,16234,65.2,866.0
Station_01,Inv_00,20170713,13:00:00,208.0,14.1,2933,217.0,12.7,2756,25445,16234,65.4,872.0
Station_01,Inv_00,20170713,13:01:00,206.5,14.3,2953,217.0,12.9,2799,25445,16234,64.9,886.0
Station_01,Inv_00,20170713,13:02:00,209.0,14.2,2968,216.0,12.9,2786,25445,16234,63.6,878.0
Station_01,Inv_00,20170713,13:03:00,205.5,14.6,3000,216.0,12.9,2786,25445,16234,63.7,890.0
Station_01,Inv_00,20170713,13:04:00,208.5,14.5,3023,216.0,13.1,2830,25445,16234,61.3,895.0
Station_01,Inv_00,20170713,13:05:00,209.5,14.0,2933,215.0,12.8,2752,25445,16234,59.3,877.0
Station_01,Inv_00,20170713,13:06:00,204.0,14.3,2917,215.0,12.8,2752,25445,16234,59.8,869.0
Station_01,Inv_00,20170713,13:07:00,211.0,13.9,2933,216.0,12.8,2765,25445,16234,63.7,867.0
Station_01,Inv_00,20170713,13:08:00,213.0,13.9,2960,218.0,12.8,2790,25445,16234,61.8,875.0
Station_01,Inv_00,20170713,13:09:00,203.0,14.8,3004,218.0,12.9,2812,25445,16234,64.9,899.0
Station_01,Inv_00,20170713,13:10:00,205.5,14.9,3062,219.0,13.2,2891,25445,16234,65.7,918.0
Station_01,Inv_00,20170713,13:11:00,207.4,14.3,2966,219.0,12.7,2781,25445,16234,67.5,896.0
Station_01,Inv_00,20170713,13:12:00,206.5,14.1,2912,219.0,12.5,2738,25445,16234,68.4,890.0
Station_01,Inv_00,20170713,13:13:00,206.0,13.4,2760,220.0,11.9,2618,25445,16234,68.7,855.0
Station_01,Inv_00,20170713,13:14:00,212.5,3.6,765,218.0,3.5,763,25445,16234,62.9,289.0
Station_01,Inv_00,20170713,13:15:00,209.0,3.5,732,218.0,3.3,719,25445,16234,59.1,237.0
Station_01,Inv_00,20170713,13:16:00,206.5,3.6,743,217.0,3.3,716,25445,16234,55.4,233.0
Station_01,Inv_00,20170713,13:17:00,206.2,3.7,763,217.0,3.4,738,25445,16234,52.8,241.0
Station_01,Inv_00,20170713,13:18:00,226.5,3.6,815,218.0,3.6,785,25445,16234,50.3,246.0
Station_01,Inv_00,20170713,13:19:00,226.0,3.8,859,218.0,3.8,828,25446,16235,49.2,252.0
Station_01,Inv_00,20170713,13:20:00,223.0,4.2,936,218.0,4.1,894,25446,16235,48.8,274.0
Station_01,Inv_00,20170713,13:21:00,221.0,14.7,3249,220.0,13.9,3058,25446,16235,52.0,837.0
Station_01,Inv_00,20170713,13:22:00,217.0,15.2,3298,219.0,14.1,3088,25446,16235,54.2,917.0
Station_01,Inv_00,20170713,13:23:00,216.5,15.0,3247,219.0,14.0,3066,25446,16235,56.6,929.0
Station_01,Inv_00,20170713,13:24:00,215.5,15.0,3232,220.0,13.8,3036,25446,16235,56.6,916.0
Station_01,Inv_00,20170713,13:25:00,217.5,14.9,3241,220.0,13.9,3058,25446,16235,59.2,923.0
Station_01,Inv_00,20170713,13:26:00,215.0,14.6,3139,219.0,13.5,2957,25446,16235,59.0,912.0
Station_01,Inv_00,20170713,13:27:00,207.9,14.7,3056,219.0,13.2,2891,25446,16235,59.6,900.0
Station_01,Inv_00,20170713,13:28:00,212.0,14.3,3032,219.0,12.9,2825,25446,16235,58.9,883.0
Station_01,Inv_00,20170713,13:29:00,215.0,13.9,2989,219.0,12.8,2803,25446,16235,61.1,871.0
Station_01,Inv_00,20170713,13:30:00,215.0,13.7,2946,219.0,12.7,2781,25446,16235,60.1,862.0
Station_01,Inv_00,20170713,13:31:00,212.0,13.8,2925,219.0,12.5,2738,25446,16235,58.0,851.0
Station_01,Inv_00,20170713,13:32:00,217.0,12.9,2799,219.0,12.1,2650,25446,16235,59.2,816.0
Station_01,Inv_00,20170713,13:33:00,215.5,13.3,2866,219.0,12.3,2694,25446,16235,60.5,829.0
Station_01,Inv_00,20170713,13:34:00,212.0,13.9,2947,219.0,12.7,2781,25446,16235,60.9,851.0
Station_01,Inv_00,20170713,13:35:00,212.0,14.1,2989,219.0,12.8,2803,25446,16235,62.5,865.0
Station_01,Inv_00,20170713,13:36:00,208.0,14.1,2933,219.0,12.7,2781,25446,16235,64.0,864.0
Station_01,Inv_00,20170713,13:37:00,212.5,13.6,2890,219.0,12.4,2716,25446,16235,63.3,848.0
Station_01,Inv_00,20170713,13:38:00,204.5,13.5,2761,219.0,11.8,2584,25446,16235,63.9,839.0
Station_01,Inv_00,20170713,13:39:00,205.0,12.9,2644,218.0,11.5,2507,25446,16235,60.0,783.0
Station_01,Inv_00,20170713,13:40:00,209.9,4.1,860,217.0,3.8,825,25446,16235,59.3,335.0
Station_01,Inv_00,20170713,13:41:00,186.9,4.0,748,217.0,3.3,716,25447,16235,56.3,261.0
Station_01,Inv_00,20170713,13:42:00,223.0,3.8,847,217.0,3.8,825,25447,16235,54.3,257.0
Station_01,Inv_00,20170713,13:43:00,223.0,4.2,936,218.0,4.0,872,25447,16235,51.7,275.0
Station_01,Inv_00,20170713,13:44:00,226.0,4.2,949,218.0,4.1,894,25447,16235,51.9,277.0
Station_01,Inv_00,20170713,13:45:00,228.5,4.2,960,218.0,4.1,894,25447,16235,49.6,284.0
Station_01,Inv_00,20170713,13:46:00,227.5,4.2,956,218.0,4.1,894,25447,16235,49.7,277.0
Station_01,Inv_00,20170713,13:47:00,231.5,3.9,903,218.0,4.0,872,25447,16235,48.3,265.0
Station_01,Inv_00,20170713,13:48:00,229.0,4.2,962,217.0,4.2,911,25447,16235,47.9,297.0
Station_01,Inv_00,20170713,13:49:00,228.5,4.1,937,217.0,4.0,868,25447,16235,47.3,271.0
Station_01,Inv_00,20170713,13:50:00,233.4,4.2,980,218.0,4.1,894,25447,16235,46.6,273.0
Station_01,Inv_00,20170713,13:51:00,225.0,4.2,945,218.0,4.0,872,25447,16235,46.5,280.0
Station_01,Inv_00,20170713,13:52:00,226.0,4.1,927,218.0,4.1,894,25447,16235,46.0,273.0
Station_01,Inv_00,20170713,13:53:00,230.9,4.2,970,218.0,4.2,916,25447,16235,44.5,282.0
Station_01,Inv_00,20170713,13:54:00,235.0,4.2,987,218.0,4.3,937,25447,16235,45.4,286.0
Station_01,Inv_00,20170713,13:55:00,227.5,4.4,1001,218.0,4.2,916,25447,16235,44.8,287.0
Station_01,Inv_00,20170713,13:56:00,234.4,5.5,1289,219.0,5.3,1161,25447,16235,45.2,354.0
Station_01,Inv_00,20170713,13:57:00,231.0,5.4,1247,219.0,5.4,1183,25447,16235,44.5,352.0
Station_01,Inv_00,20170713,13:58:00,232.4,5.8,1348,218.0,5.6,1221,25447,16235,45.5,360.0
Station_01,Inv_00,20170713,13:59:00,229.0,7.8,1786,217.0,7.6,1649,25447,16235,46.6,453.0
Station_01,Inv_00,20170713,14:00:00,231.0,12.7,2934,219.0,12.6,2759,25447,16235,50.4,789.0
Station_01,Inv_00,20170713,14:01:00,226.5,13.0,2944,218.0,12.8,2790,25447,16235,52.2,811.0
Station_01,Inv_00,20170713,14:02:00,227.0,12.7,2883,218.0,12.4,2703,25447,16235,53.5,799.0
Station_01,Inv_00,20170713,14:03:00,217.5,13.8,3001,218.0,12.9,2812,25447,16235,54.6,826.0
Station_01,Inv_00,20170713,14:04:00,221.5,13.9,3079,218.0,13.4,2921,25447,16235,56.6,859.0
Station_01,Inv_00,20170713,14:05:00,220.5,13.7,3021,218.0,12.9,2812,25447,16235,56.6,854.0
Station_01,Inv_00,20170713,14:06:00,217.0,13.0,2821,218.0,12.2,2660,25447,16235,57.0,792.0
Station_01,Inv_00,20170713,14:07:00,218.9,10.9,2386,218.0,10.7,2333,25447,16235,54.6,573.0
Station_01,Inv_00,20170713,14:08:00,228.0,5.7,1300,217.0,5.5,1194,25447,16235,52.7,374.0
Station_01,Inv_00,20170713,14:09:00,222.0,5.5,1221,217.0,5.3,1150,25447,16235,51.4,356.0
Station_01,Inv_00,20170713,14:10:00,218.5,5.3,1158,217.0,5.1,1107,25447,16235,50.4,342.0
Station_01,Inv_00,20170713,14:11:00,227.0,5.4,1226,217.0,5.3,1150,25447,16235,49.4,346.0
Station_01,Inv_00,20170713,14:12:00,223.0,5.6,1249,217.0,5.4,1172,25447,16235,49.2,357.0
Station_01,Inv_00,20170713,14:13:00,225.2,5.9,1329,218.0,5.6,1221,25447,16235,47.8,366.0
Station_01,Inv_00,20170713,14:14:00,229.9,11.1,2552,219.0,11.1,2431,25447,16235,48.8,669.0
Station_01,Inv_00,20170713,14:15:00,225.5,12.7,2864,219.0,12.3,2694,25447,16235,51.6,775.0
Station_01,Inv_00,20170713,14:16:00,228.0,12.3,2804,218.0,12.2,2660,25447,16235,52.7,785.0
Station_01,Inv_00,20170713,14:17:00,220.5,13.3,2933,219.0,12.5,2738,25447,16235,55.6,805.0
Station_01,Inv_00,20170713,14:18:00,217.0,13.4,2908,218.0,12.5,2725,25448,16236,55.3,822.0
Station_01,Inv_00,20170713,14:19:00,222.0,12.9,2863,219.0,12.4,2716,25448,16236,57.0,808.0
Station_01,Inv_00,20170713,14:20:00,220.5,12.2,2690,219.0,11.6,2540,25448,16236,58.7,768.0
Station_01,Inv_00,20170713,14:21:00,224.5,6.1,1369,218.0,5.8,1264,25448,16236,57.6,445.0
Station_01,Inv_00,20170713,14:22:00,226.4,5.8,1313,218.0,5.6,1221,25448,16236,55.7,372.0
Station_01,Inv_00,20170713,14:23:00,223.4,5.8,1296,218.0,5.5,1199,25448,16236,53.6,359.0
Station_01,Inv_00,20170713,14:24:00,227.5,5.7,1297,218.0,5.5,1199,25448,16236,51.7,357.0
Station_01,Inv_00,20170713,14:25:00,224.0,5.6,1254,218.0,5.5,1199,25448,16236,50.4,355.0
Station_01,Inv_00,20170713,14:26:00,222.5,5.8,1291,218.0,5.6,1221,25448,16236,48.8,358.0
Station_01,Inv_00,20170713,14:27:00,226.5,6.0,1359,218.0,6.0,1308,25448,16236,46.8,393.0
Station_01,Inv_00,20170713,14:28:00,231.0,6.3,1455,218.0,6.3,1373,25448,16236,47.9,395.0
Station_01,Inv_00,20170713,14:29:00,231.0,6.6,1525,219.0,6.5,1424,25448,16236,47.6,407.0
Station_01,Inv_00,20170713,14:30:00,234.4,6.4,1500,219.0,6.4,1402,25448,16236,46.1,409.0
Station_01,Inv_00,20170713,14:31:00,229.0,6.4,1466,218.0,6.4,1395,25448,16236,46.6,407.0
Station_01,Inv_00,20170713,14:32:00,229.0,6.6,1511,218.0,6.5,1417,25448,16236,47.0,408.0
Station_01,Inv_00,20170713,14:33:00,229.0,6.6,1511,218.0,6.5,1417,25448,16236,47.0,414.0
Station_01,Inv_00,20170713,14:34:00,227.9,6.7,1527,218.0,6.7,1461,25448,16236,46.2,430.0
Station_01,Inv_00,20170713,14:35:00,226.0,7.2,1627,218.0,7.1,1548,25448,16236,47.4,466.0
Station_01,Inv_00,20170713,14:36:00,231.0,10.8,2495,218.0,10.5,2289,25448,16236,46.8,542.0
Station_01,Inv_00,20170713,14:37:00,232.5,10.5,2441,219.0,10.6,2321,25448,16236,48.9,702.0
Station_01,Inv_00,20170713,14:38:00,222.0,13.3,2953,219.0,12.7,2781,25448,16236,51.0,813.0
Station_01,Inv_00,20170713,14:39:00,226.0,12.6,2847,219.0,12.1,2650,25448,16236,53.0,787.0
Station_01,Inv_00,20170713,14:40:00,224.9,12.3,2767,219.0,11.8,2584,25448,16236,53.8,788.0
Station_01,Inv_00,20170713,14:41:00,224.9,12.1,2722,219.0,11.8,2584,25448,16236,54.6,762.0
Station_01,Inv_00,20170713,14:42:00,224.0,12.7,2844,219.0,12.3,2694,25448,16236,57.1,786.0
Station_01,Inv_00,20170713,14:43:00,218.5,12.1,2644,219.0,11.4,2497,25448,16236,56.6,752.0
Station_01,Inv_00,20170713,14:44:00,214.5,11.9,2553,219.0,10.9,2387,25448,16236,55.5,708.0
Station_01,Inv_00,20170713,14:45:00,214.5,7.7,1652,218.0,7.2,1570,25448,16236,57.0,569.0
Station_01,Inv_00,20170713,14:46:00,223.5,6.1,1363,218.0,6.0,1308,25448,16236,53.8,401.0
Station_01,Inv_00,20170713,14:47:00,221.5,5.7,1263,218.0,5.3,1155,25448,16236,53.0,352.0
Station_01,Inv_00,20170713,14:48:00,225.5,5.2,1173,218.0,5.0,1090,25449,16236,48.6,329.0
Station_01,Inv_00,20170713,14:49:00,225.0,6.0,1350,218.0,5.7,1243,25449,16236,50.1,348.0
Station_01,Inv_00,20170713,14:50:00,225.9,7.0,1582,218.0,6.9,1504,25449,16236,50.8,451.0
Station_01,Inv_00,20170713,14:51:00,226.5,7.1,1608,218.0,7.0,1526,25449,16236,49.7,414.0
Station_01,Inv_00,20170713,14:52:00,223.0,7.4,1650,218.0,7.2,1570,25449,16236,49.9,454.0
Station_01,Inv_00,20170713,14:53:00,228.5,7.3,1668,218.0,7.1,1548,25449,16236,49.7,443.0
Station_01,Inv_00,20170713,14:54:00,223.5,7.2,1609,219.0,7.3,1599,25449,16236,49.8,526.0
Station_01,Inv_00,20170713,14:55:00,224.5,7.5,1684,218.0,7.2,1570,25449,16236,48.3,435.0
Station_01,Inv_00,20170713,14:56:00,224.9,10.8,2429,219.0,10.5,2300,25449,16236,50.4,637.0
Station_01,Inv_00,20170713,14:57:00,223.0,10.7,2386,219.0,10.3,2256,25449,16236,52.2,677.0
Station_01,Inv_00,20170713,14:58:00,225.5,12.0,2706,219.0,11.6,2540,25449,16236,52.8,705.0
Station_01,Inv_00,20170713,14:59:00,224.5,11.8,2649,220.0,11.4,2508,25449,16236,52.7,747.0
Station_01,Inv_00,20170713,15:00:00,219.0,11.6,2540,219.0,10.9,2387,25449,16236,53.9,708.0
Station_01,Inv_00,20170713,15:01:00,222.0,11.8,2619,220.0,11.2,2464,25449,16236,55.4,727.0
Station_01,Inv_00,20170713,15:02:00,222.5,11.3,2514,217.0,11.0,2387,25449,16236,57.0,712.0
Station_01,Inv_00,20170713,15:03:00,224.9,10.8,2429,217.0,10.6,2300,25449,16236,57.2,692.0
Station_01,Inv_00,20170713,15:04:00,223.5,9.4,2101,216.0,9.2,1987,25449,16236,56.9,595.0
Station_01,Inv_00,20170713,15:05:00,221.0,10.6,2343,216.0,10.2,2203,25449,16236,56.7,662.0
Station_01,Inv_00,20170713,15:06:00,223.5,10.5,2347,217.0,10.2,2213,25449,16236,57.9,653.0
Station_01,Inv_00,20170713,15:07:00,220.0,10.0,2200,216.0,9.5,2052,25449,16236,58.1,607.0
Station_01,Inv_00,20170713,15:08:00,220.0,10.1,2222,216.0,9.8,2117,25449,16236,56.8,624.0
Station_01,Inv_00,20170713,15:09:00,220.4,9.4,2072,216.0,9.1,1966,25449,16236,57.6,594.0
Station_01,Inv_00,20170713,15:10:00,223.0,8.7,1940,216.0,8.5,1836,25449,16236,55.8,539.0
Station_01,Inv_00,20170713,15:11:00,222.5,9.3,2069,216.0,9.0,1944,25449,16236,54.5,579.0
Station_01,Inv_00,20170713,15:12:00,220.0,7.3,1606,216.0,7.1,1534,25449,16236,51.5,475.0
Station_01,Inv_00,20170713,15:13:00,221.4,6.8,1506,216.0,6.6,1426,25449,16236,51.6,414.0
Station_01,Inv_00,20170713,15:14:00,217.5,8.9,1936,216.0,8.5,1836,25449,16236,52.3,510.0
Station_01,Inv_00,20170713,15:15:00,224.0,7.5,1680,216.0,7.0,1512,25449,16236,51.7,474.0
Station_01,Inv_00,20170713,15:16:00,230.5,6.3,1452,216.0,6.2,1339,25449,16236,48.3,396.0
Station_01,Inv_00,20170713,15:17:00,229.4,6.1,1400,216.0,6.2,1339,25449,16236,49.1,390.0
Station_01,Inv_00,20170713,15:18:00,224.3,6.2,1391,216.0,6.0,1296,25449,16236,47.6,383.0
Station_01,Inv_00,20170713,15:19:00,230.0,6.7,1541,216.0,6.6,1426,25450,16237,47.3,394.0
Station_01,Inv_00,20170713,15:20:00,232.4,8.1,1882,216.0,8.2,1771,25450,16237,48.6,486.0
Station_01,Inv_00,20170713,15:21:00,226.7,5.4,1224,215.0,5.4,1161,25450,16237,47.1,347.0
Station_01,Inv_00,20170713,15:22:00,226.9,5.2,1180,215.0,5.1,1097,25450,16237,46.4,332.0
Station_01,Inv_00,20170713,15:23:00,233.0,4.2,979,215.0,4.3,925,25450,16237,44.6,286.0
Station_01,Inv_00,20170713,15:24:00,232.5,3.4,791,215.0,3.6,774,25450,16237,45.1,226.0
Station_01,Inv_00,20170713,15:25:00,229.0,3.0,687,215.0,3.0,645,25450,16237,43.4,193.0
Station_01,Inv_00,20170713,15:26:00,231.5,2.8,648,215.0,2.8,602,25450,16237,42.9,177.0
Station_01,Inv_00,20170713,15:27:00,230.8,2.8,646,215.0,2.9,624,25450,16237,42.2,190.0
Station_01,Inv_00,20170713,15:28:00,229.5,3.1,711,216.0,3.1,670,25450,16237,42.3,197.0
Station_01,Inv_00,20170713,15:29:00,233.4,3.1,724,216.0,3.1,670,25450,16237,41.8,198.0
Station_01,Inv_00,20170713,15:30:00,232.0,3.1,719,216.0,3.1,670,25450,16237,41.5,194.0
Station_01,Inv_00,20170713,15:31:00,224.4,3.0,673,216.0,2.9,626,25450,16237,40.5,187.0
Station_01,Inv_00,20170713,15:32:00,229.0,2.6,595,216.0,2.6,562,25450,16237,39.8,172.0
Station_01,Inv_00,20170713,15:33:00,224.5,2.4,539,215.0,2.4,516,25450,16237,39.2,155.0
Station_01,Inv_00,20170713,15:34:00,217.5,2.1,457,216.0,2.1,454,25450,16237,39.6,140.0
Station_01,Inv_00,20170713,15:35:00,217.0,2.1,456,216.0,2.0,432,25450,16237,39.2,134.0
Station_01,Inv_00,20170713,15:36:00,230.0,2.0,460,215.0,2.0,430,25450,16237,38.9,134.0
Station_01,Inv_00,20170713,15:37:00,215.5,2.2,474,215.0,2.1,452,25450,16237,38.4,142.0
Station_01,Inv_00,20170713,15:38:00,219.5,2.4,527,216.0,2.4,518,25450,16237,38.2,156.0
Station_01,Inv_00,20170713,15:39:00,231.4,3.0,694,216.0,3.0,648,25450,16237,38.4,187.0
Station_01,Inv_00,20170713,15:40:00,212.0,3.0,636,215.0,2.7,581,25450,16237,38.7,188.0
Station_01,Inv_00,20170713,15:41:00,231.3,3.0,694,216.0,3.1,670,25450,16237,38.9,193.0
Station_01,Inv_00,20170713,15:42:00,223.0,3.3,736,216.0,3.2,691,25450,16237,38.9,208.0
Station_01,Inv_00,20170713,15:43:00,230.0,2.8,644,216.0,3.0,648,25450,16237,38.6,190.0
Station_01,Inv_00,20170713,15:44:00,224.0,2.5,560,215.0,2.5,538,25450,16237,38.5,165.0
Station_01,Inv_00,20170713,15:45:00,216.0,2.4,518,215.0,2.3,494,25450,16237,38.4,155.0
Station_01,Inv_00,20170713,15:46:00,226.0,2.3,520,216.0,2.3,497,25450,16237,38.1,151.0
Station_01,Inv_00,20170713,15:47:00,225.5,2.2,496,216.0,2.1,454,25450,16237,38.1,145.0
Station_01,Inv_00,20170713,15:48:00,220.0,2.1,462,216.0,2.0,432,25450,16237,38.2,141.0
Station_01,Inv_00,20170713,15:49:00,210.0,2.0,420,216.0,1.8,389,25450,16237,37.9,130.0
Station_01,Inv_00,20170713,15:50:00,227.0,1.7,386,216.0,1.8,389,25450,16237,38.0,121.0
Station_01,Inv_00,20170713,15:51:00,219.5,1.6,351,216.0,1.6,346,25450,16237,37.5,114.0
Station_01,Inv_00,20170713,15:52:00,219.0,1.7,372,216.0,1.6,346,25450,16237,37.3,111.0
Station_01,Inv_00,20170713,15:53:00,150.0,1.7,255,216.0,1.2,259,25450,16237,36.8,112.0
Station_01,Inv_00,20170713,15:54:00,200.0,1.6,320,216.0,1.5,324,25450,16237,36.6,113.0
Station_01,Inv_00,20170713,15:55:00,218.0,1.7,371,216.0,1.7,367,25450,16237,36.2,115.0
Station_01,Inv_00,20170713,15:56:00,231.5,1.8,417,216.0,1.8,389,25450,16237,36.2,118.0
Station_01,Inv_00,20170713,15:57:00,232.5,1.8,419,216.0,1.9,410,25450,16237,36.2,124.0
Station_01,Inv_00,20170713,15:58:00,229.5,2.0,459,217.0,2.0,434,25450,16237,36.0,132.0
Station_01,Inv_00,20170713,15:59:00,236.5,2.2,520,216.0,2.2,475,25450,16237,36.4,143.0
Station_01,Inv_00,20170713,16:00:00,204.5,2.4,491,216.0,2.2,475,25450,16237,36.7,157.0
Station_01,Inv_00,20170713,16:01:00,236.9,3.1,734,216.0,3.2,691,25450,16237,36.7,210.0
Station_01,Inv_00,20170713,16:02:00,232.0,3.5,812,217.0,3.5,760,25450,16237,37.2,213.0
Station_01,Inv_00,20170713,16:03:00,176.0,4.0,704,217.0,3.2,694,25450,16237,37.6,245.0
Station_01,Inv_00,20170713,16:04:00,166.9,4.4,734,217.0,3.3,716,25450,16237,38.5,278.0
Station_01,Inv_00,20170713,16:05:00,221.3,3.8,841,217.0,3.6,781,25450,16237,38.7,244.0
Station_01,Inv_00,20170713,16:06:00,236.0,3.5,826,217.0,3.7,803,25450,16237,38.9,235.0
Station_01,Inv_00,20170713,16:07:00,220.5,3.6,794,217.0,3.5,760,25450,16237,39.0,225.0
Station_01,Inv_00,20170713,16:08:00,236.5,3.4,804,217.0,3.5,760,25450,16237,39.2,220.0
Station_01,Inv_00,20170713,16:09:00,220.9,3.4,751,217.0,3.4,738,25450,16237,39.4,220.0
Station_01,Inv_00,20170713,16:10:00,229.4,3.9,895,217.0,3.9,846,25450,16237,38.9,243.0
Station_01,Inv_00,20170713,16:11:00,216.5,4.5,974,217.0,4.1,890,25450,16237,39.5,270.0
Station_01,Inv_00,20170713,16:12:00,229.0,4.7,1076,217.0,4.6,998,25450,16237,40.1,293.0
Station_01,Inv_00,20170713,16:13:00,206.4,4.8,991,217.0,4.3,933,25450,16237,40.6,303.0
Station_01,Inv_00,20170713,16:14:00,240.5,5.1,1227,217.0,5.3,1150,25450,16237,40.8,316.0
Station_01,Inv_00,20170713,16:15:00,235.4,4.9,1154,217.0,5.0,1085,25450,16237,41.0,325.0
Station_01,Inv_00,20170713,16:16:00,241.4,5.8,1400,217.0,5.9,1280,25450,16237,40.8,351.0
Station_01,Inv_00,20170713,16:17:00,233.9,4.7,1099,216.0,4.6,994,25450,16237,41.3,313.0
Station_01,Inv_00,20170713,16:18:00,236.0,4.2,991,217.0,4.1,890,25450,16237,41.1,261.0
Station_01,Inv_00,20170713,16:19:00,232.5,3.6,837,217.0,3.8,825,25450,16237,41.0,235.0
Station_01,Inv_00,20170713,16:20:00,230.5,3.2,738,217.0,3.3,716,25450,16237,40.9,212.0
Station_01,Inv_00,20170713,16:21:00,228.0,3.0,684,217.0,3.1,673,25450,16237,40.2,198.0
Station_01,Inv_00,20170713,16:22:00,224.5,3.3,741,216.0,3.2,691,25450,16237,40.3,197.0
Station_01,Inv_00,20170713,16:23:00,237.0,4.2,995,217.0,4.1,890,25450,16237,40.7,265.0
Station_01,Inv_00,20170713,16:24:00,235.2,4.0,941,216.0,4.1,886,25450,16237,41.0,268.0
Station_01,Inv_00,20170713,16:25:00,231.0,3.8,878,216.0,3.8,821,25450,16237,41.0,240.0
Station_01,Inv_00,20170713,16:26:00,228.9,3.3,755,216.0,3.3,713,25450,16237,40.8,207.0
Station_01,Inv_00,20170713,16:27:00,230.0,3.4,782,217.0,3.4,738,25450,16237,41.0,240.0
Station_01,Inv_00,20170713,16:28:00,224.0,3.4,762,217.0,3.4,738,25450,16237,40.8,211.0
Station_01,Inv_00,20170713,16:29:00,237.5,3.5,831,217.0,3.6,781,25450,16237,40.5,219.0
Station_01,Inv_00,20170713,16:30:00,220.0,3.6,792,217.0,3.6,781,25450,16237,40.3,226.0
Station_01,Inv_00,20170713,16:31:00,238.5,3.7,882,217.0,3.8,825,25450,16237,40.4,232.0
Station_01,Inv_00,20170713,16:32:00,228.0,3.8,866,217.0,3.9,846,25450,16237,40.8,239.0
Station_01,Inv_00,20170713,16:33:00,229.9,4.2,965,218.0,4.0,872,25450,16237,40.6,253.0
Station_01,Inv_00,20170713,16:34:00,229.5,4.4,1010,217.0,4.4,955,25450,16237,40.9,275.0
Station_01,Inv_00,20170713,16:35:00,224.5,4.7,1055,217.0,4.5,977,25450,16237,41.2,285.0
Station_01,Inv_00,20170713,16:36:00,230.0,4.4,1012,217.0,4.2,911,25450,16237,41.6,275.0
Station_01,Inv_00,20170713,16:37:00,232.4,3.9,907,217.0,3.9,846,25451,16238,41.1,241.0
Station_01,Inv_00,20170713,16:38:00,228.5,3.7,845,217.0,3.8,825,25451,16238,40.8,232.0
Station_01,Inv_00,20170713,16:39:00,231.0,4.0,924,217.0,3.9,846,25451,16238,40.9,238.0
Station_01,Inv_00,20170713,16:40:00,225.5,4.6,1037,217.0,4.4,955,25451,16238,40.6,267.0
Station_01,Inv_00,20170713,16:41:00,233.0,5.0,1165,218.0,5.1,1112,25451,16238,41.2,305.0
Station_01,Inv_00,20170713,16:42:00,236.9,5.9,1398,218.0,5.9,1286,25451,16238,41.3,347.0
Station_01,Inv_00,20170713,16:43:00,229.0,6.3,1443,218.0,6.2,1352,25451,16238,42.1,369.0
Station_01,Inv_00,20170713,16:44:00,234.5,6.7,1571,218.0,6.7,1461,25451,16238,42.6,404.0
Station_01,Inv_00,20170713,16:45:00,232.0,6.1,1415,218.0,6.2,1352,25451,16238,42.7,384.0
Station_01,Inv_00,20170713,16:46:00,232.0,4.9,1137,218.0,5.0,1090,25451,16238,42.9,319.0
Station_01,Inv_00,20170713,16:47:00,230.4,3.7,853,218.0,3.7,807,25451,16238,43.2,231.0
Station_01,Inv_00,20170713,16:48:00,234.0,2.8,655,218.0,3.0,654,25451,16238,42.2,182.0
Station_01,Inv_00,20170713,16:49:00,227.8,2.4,547,218.0,2.4,523,25451,16238,41.9,151.0
Station_01,Inv_00,20170713,16:50:00,220.5,2.0,441,219.0,2.0,438,25451,16238,41.5,129.0
Station_01,Inv_00,20170713,16:51:00,223.9,1.8,403,216.0,1.8,389,25451,16238,41.0,118.0
Station_01,Inv_00,20170713,16:52:00,228.4,1.7,388,216.0,1.7,367,25451,16238,40.1,111.0
Station_01,Inv_00,20170713,16:53:00,193.0,1.6,309,217.0,1.5,326,25451,16238,39.2,104.0
Station_01,Inv_00,20170713,16:54:00,226.5,1.4,317,216.0,1.5,324,25451,16238,38.3,98.0
Station_01,Inv_00,20170713,16:55:00,217.3,1.2,261,216.0,1.3,281,25451,16238,36.7,87.0
Station_01,Inv_00,20170713,16:56:00,219.4,1.0,219,217.0,1.0,217,25451,16238,36.2,73.0
Station_01,Inv_00,20170713,16:57:00,216.4,0.8,173,217.0,0.9,195,25451,16238,35.6,64.0
Station_01,Inv_00,20170713,16:58:00,213.5,0.6,128,217.0,0.7,152,25451,16238,35.2,53.0
Station_01,Inv_00,20170713,16:59:00,214.0,0.5,107,217.0,0.6,130,25451,16238,34.7,47.0
Station_01,Inv_00,20170713,17:00:00,208.5,0.4,83,218.0,0.5,109,25451,16238,34.3,40.0
Station_01,Inv_00,20170713,17:01:00,211.0,0.4,84,216.0,0.5,108,25451,16238,33.8,37.0
Station_01,Inv_00,20170713,17:02:00,202.0,0.3,61,216.0,0.5,108,25451,16238,33.3,36.0
Station_01,Inv_00,20170713,17:03:00,204.0,0.3,61,217.0,0.5,109,25451,16238,32.7,35.0
Station_01,Inv_00,20170713,17:04:00,151.0,0.3,45,217.0,0.4,87,25451,16238,31.8,34.0
Station_01,Inv_00,20170713,17:05:00,146.0,0.3,44,216.0,0.5,108,25451,16238,31.3,35.0
Station_01,Inv_00,20170713,17:06:00,152.5,0.4,61,215.0,0.5,108,25451,16238,30.6,37.0
Station_01,Inv_00,20170713,17:07:00,213.2,0.5,107,216.0,0.5,108,25451,16238,29.9,42.0
Station_01,Inv_00,20170713,17:08:00,183.4,0.5,92,217.0,0.5,109,25451,16238,29.2,45.0
Station_01,Inv_00,20170713,17:09:00,203.3,0.6,122,216.0,0.7,151,25451,16238,28.8,47.0
Station_01,Inv_00,20170713,17:10:00,229.0,0.7,160,216.0,0.9,194,25451,16238,28.5,53.0
Station_01,Inv_00,20170713,17:11:00,221.8,0.8,177,216.0,1.0,216,25451,16238,28.3,62.0
Station_01,Inv_00,20170713,17:12:00,225.0,0.9,203,216.0,1.0,216,25451,16238,27.9,66.0
Station_01,Inv_00,20170713,17:13:00,237.0,1.0,237,216.0,1.1,238,25451,16238,27.6,73.0
Station_01,Inv_00,20170713,17:14:00,195.5,1.1,215,216.0,1.1,238,25451,16238,27.4,79.0
Station_01,Inv_00,20170713,17:15:00,185.0,1.1,204,216.0,1.1,238,25451,16238,27.3,80.0
Station_01,Inv_00,20170713,17:16:00,237.0,1.2,284,216.0,1.3,281,25451,16238,27.2,84.0
Station_01,Inv_00,20170713,17:17:00,224.8,1.3,292,216.0,1.4,302,25451,16238,27.2,89.0
Station_01,Inv_00,20170713,17:18:00,226.7,1.4,317,217.0,1.4,304,25451,16238,27.2,92.0
Station_01,Inv_00,20170713,17:19:00,234.4,1.4,328,215.0,1.5,323,25451,16238,27.2,109.0
Station_01,Inv_00,20170713,17:20:00,236.5,1.5,355,215.0,1.5,323,25451,16238,27.2,100.0
Station_01,Inv_00,20170713,17:21:00,224.0,1.6,358,216.0,1.6,346,25451,16238,27.3,103.0
Station_01,Inv_00,20170713,17:22:00,238.0,1.6,381,215.0,1.7,366,25451,16238,27.4,112.0
Station_01,Inv_00,20170713,17:23:00,235.3,1.6,377,215.0,1.6,344,25451,16238,27.5,104.0
Station_01,Inv_00,20170713,17:24:00,241.5,1.4,338,215.0,1.5,323,25451,16238,27.4,100.0
Station_01,Inv_00,20170713,17:25:00,229.8,1.3,299,215.0,1.4,301,25451,16238,27.3,92.0
Station_01,Inv_00,20170713,17:26:00,240.6,1.1,265,215.0,1.3,280,25451,16238,27.1,85.0
Station_01,Inv_00,20170713,17:27:00,242.0,1.0,242,215.0,1.1,237,25451,16238,27.1,79.0
Station_01,Inv_00,20170713,17:28:00,222.4,1.0,222,215.0,1.1,237,25451,16238,27.1,75.0
Station_01,Inv_00,20170713,17:29:00,230.0,1.0,230,216.0,1.1,238,25451,16238,27.0,75.0
Station_01,Inv_00,20170713,17:30:00,235.0,1.1,259,216.0,1.2,259,25451,16238,27.0,77.0
Station_01,Inv_00,20170713,17:31:00,217.3,1.2,261,216.0,1.2,259,25451,16238,27.0,100.0
Station_01,Inv_00,20170713,17:32:00,206.0,1.2,247,215.0,1.2,258,25451,16238,27.0,87.0
Station_01,Inv_00,20170713,17:33:00,224.5,1.4,314,214.0,1.4,300,25451,16238,27.1,93.0
Station_01,Inv_00,20170713,17:34:00,237.0,1.5,356,215.0,1.6,344,25451,16238,27.2,102.0
Station_01,Inv_00,20170713,17:35:00,231.0,1.6,370,214.0,1.7,364,25451,16238,27.4,106.0
Station_01,Inv_00,20170713,17:36:00,219.0,1.8,394,215.0,1.7,366,25451,16238,27.5,111.0
Station_01,Inv_00,20170713,17:37:00,239.6,1.8,431,216.0,1.9,410,25451,16238,27.6,117.0
Station_01,Inv_00,20170713,17:38:00,237.5,1.9,451,216.0,2.0,432,25451,16238,27.7,120.0
Station_01,Inv_00,20170713,17:39:00,245.0,1.9,466,215.0,2.0,430,25451,16238,27.8,123.0
Station_01,Inv_00,20170713,17:40:00,235.1,1.9,447,215.0,2.0,430,25451,16238,27.9,125.0
Station_01,Inv_00,20170713,17:41:00,211.0,1.8,380,215.0,1.8,387,25451,16238,28.0,120.0
Station_01,Inv_00,20170713,17:42:00,241.0,1.6,386,215.0,1.8,387,25451,16238,27.9,116.0
Station_01,Inv_00,20170713,17:43:00,237.8,1.6,380,215.0,1.7,366,25451,16238,27.7,111.0
Station_01,Inv_00,20170713,17:44:00,246.5,1.4,345,215.0,1.6,344,25451,16238,27.7,107.0
Station_01,Inv_00,20170713,17:45:00,240.9,1.5,361,215.0,1.6,344,25451,16238,27.6,127.0
Station_01,Inv_00,20170713,17:46:00,233.0,1.6,373,216.0,1.6,346,25451,16238,27.6,112.0
Station_01,Inv_00,20170713,17:47:00,234.0,1.6,374,215.0,1.8,387,25451,16238,27.6,116.0
Station_01,Inv_00,20170713,17:48:00,246.0,1.7,418,215.0,1.8,387,25451,16238,27.6,119.0
Station_01,Inv_00,20170713,17:49:00,230.6,1.8,415,215.0,1.8,387,25451,16238,27.7,119.0
Station_01,Inv_00,20170713,17:50:00,239.4,1.7,407,215.0,1.9,409,25451,16238,27.7,119.0
Station_01,Inv_00,20170713,17:51:00,242.5,1.6,388,215.0,1.9,409,25451,16238,27.8,120.0
Station_01,Inv_00,20170713,17:52:00,239.5,1.8,431,215.0,2.0,430,25451,16238,27.9,125.0
Station_01,Inv_00,20170713,17:53:00,245.8,2.0,492,214.0,2.1,449,25451,16238,27.9,133.0
Station_01,Inv_00,20170713,17:54:00,245.0,2.0,490,217.0,2.2,477,25451,16238,27.9,137.0
Station_01,Inv_00,20170713,17:55:00,225.0,2.1,473,219.0,2.0,438,25451,16238,27.9,151.0
Station_01,Inv_00,20170713,17:56:00,238.4,2.1,501,218.0,2.2,480,25451,16238,28.0,144.0
Station_01,Inv_00,20170713,17:57:00,250.0,2.0,500,217.0,2.2,477,25451,16238,28.0,137.0
Station_01,Inv_00,20170713,17:58:00,236.9,2.1,498,218.0,2.1,458,25451,16238,27.9,136.0
Station_01,Inv_00,20170713,17:59:00,242.0,2.1,508,217.0,2.2,477,25451,16238,28.0,137.0
Station_01,Inv_00,20170713,18:00:00,235.2,2.1,494,219.0,2.1,460,25451,16238,28.0,135.0
Station_01,Inv_00,20170713,18:01:00,231.0,2.1,485,219.0,2.1,460,25451,16238,28.0,134.0
Station_01,Inv_00,20170713,18:02:00,232.9,2.1,489,219.0,2.1,460,25451,16238,28.1,134.0
Station_01,Inv_00,20170713,18:03:00,229.0,2.0,458,216.0,2.0,432,25451,16238,28.3,131.0
Station_01,Inv_00,20170713,18:04:00,244.4,1.9,464,217.0,2.0,434,25451,16238,28.4,133.0
Station_01,Inv_00,20170713,18:05:00,232.2,1.9,441,216.0,2.0,432,25451,16238,28.6,125.0
Station_01,Inv_00,20170713,18:06:00,243.9,1.8,439,216.0,2.0,432,25451,16238,28.8,122.0
Station_01,Inv_00,20170713,18:07:00,242.9,1.8,437,216.0,1.9,410,25451,16238,28.9,120.0
Station_01,Inv_00,20170713,18:08:00,242.8,1.7,413,216.0,1.8,389,25451,16238,28.9,120.0
Station_01,Inv_00,20170713,18:09:00,237.5,1.7,404,216.0,1.8,389,25451,16238,28.9,117.0
Station_01,Inv_00,20170713,18:10:00,183.0,1.7,311,215.0,1.5,323,25451,16238,28.8,114.0
Station_01,Inv_00,20170713,18:11:00,158.0,1.6,253,216.0,1.2,259,25451,16238,29.0,112.0
Station_01,Inv_00,20170713,18:12:00,192.8,1.6,308,218.0,1.4,305,25451,16238,29.0,110.0
Station_01,Inv_00,20170713,18:13:00,226.5,1.5,340,218.0,1.5,327,25451,16238,29.0,106.0
Station_01,Inv_00,20170713,18:14:00,214.9,1.5,322,218.0,1.5,327,25451,16238,29.0,103.0
Station_01,Inv_00,20170713,18:15:00,231.5,1.4,324,218.0,1.5,327,25451,16238,29.1,100.0
Station_01,Inv_00,20170713,18:16:00,224.7,1.4,315,218.0,1.4,305,25451,16238,29.0,97.0
Station_01,Inv_00,20170713,18:17:00,213.8,1.3,278,218.0,1.3,283,25451,16238,29.0,94.0
Station_01,Inv_00,20170713,18:18:00,208.8,1.2,251,218.0,1.2,262,25451,16238,29.1,92.0
Station_01,Inv_00,20170713,18:19:00,224.5,1.1,247,217.0,1.2,260,25451,16238,29.0,87.0
Station_01,Inv_00,20170713,18:20:00,227.6,1.0,228,217.0,1.1,239,25451,16238,28.9,82.0
Station_01,Inv_00,20170713,18:21:00,234.3,0.9,211,218.0,1.0,218,25451,16238,28.7,92.0
Station_01,Inv_00,20170713,18:22:00,198.4,0.9,179,217.0,1.0,217,25451,16238,28.7,74.0
Station_01,Inv_00,20170713,18:23:00,226.9,0.9,204,218.0,1.0,218,25451,16238,28.7,73.0
Station_01,Inv_00,20170713,18:24:00,182.0,0.8,146,217.0,0.9,195,25451,16238,28.6,72.0
Station_01,Inv_00,20170713,18:25:00,171.8,0.8,137,217.0,0.8,174,25451,16238,28.5,68.0
Station_01,Inv_00,20170713,18:26:00,223.1,0.7,156,217.0,0.9,195,25451,16238,28.4,65.0
Station_01,Inv_00,20170713,18:27:00,223.5,0.6,134,217.0,0.8,174,25451,16238,28.3,78.0
Station_01,Inv_00,20170713,18:28:00,214.0,0.6,128,218.0,0.7,153,25451,16238,28.3,60.0
Station_01,Inv_00,20170713,18:29:00,149.2,0.5,75,218.0,0.5,109,25451,16238,28.1,54.0
Station_01,Inv_00,20170713,18:30:00,172.0,0.4,69,217.0,0.5,109,25451,16238,28.1,48.0
Station_01,Inv_00,20170713,18:31:00,172.0,0.4,69,216.0,0.5,108,25451,16238,27.9,45.0
Station_01,Inv_00,20170713,18:32:00,184.0,0.3,55,217.0,0.4,87,25451,16238,27.8,42.0
Station_01,Inv_00,20170713,18:33:00,189.0,0.3,57,216.0,0.4,86,25451,16238,27.7,37.0
Station_01,Inv_00,20170713,18:34:00,190.0,0.2,38,216.0,0.4,86,25451,16238,27.5,34.0
Station_01,Inv_00,20170713,18:35:00,174.0,0.2,35,216.0,0.4,86,25451,16238,27.4,31.0
Station_01,Inv_00,20170713,18:36:00,0.0,0.0,0,218.0,0.4,87,25451,16238,27.4,506.0
Station_01,Inv_00,20170713,18:37:00,0.0,0.0,0,217.0,0.4,87,25451,16238,27.3,27.0
Station_01,Inv_00,20170713,18:38:00,0.0,0.0,0,217.0,0.4,87,25451,16238,27.2,26.0
Station_01,Inv_00,20170713,18:39:00,0.0,0.0,0,217.0,0.4,87,25451,16238,27.2,26.0
Station_01,Inv_00,20170713,18:40:00,0.0,0.0,0,217.0,0.4,87,25451,16238,27.1,25.0
Station_01,Inv_00,20170713,18:41:00,0.0,0.0,0,217.0,0.4,87,25451,16238,27.1,25.0
Station_01,Inv_00,20170713,18:42:00,0.0,0.0,0,217.0,0.4,87,25451,16238,27.1,24.0
Station_01,Inv_00,20170713,18:43:00,0.0,0.0,0,217.0,0.4,87,25451,16238,27.0,24.0
Station_01,Inv_00,20170713,18:44:00,0.0,0.0,0,217.0,0.4,87,25451,16238,26.9,24.0
Station_01,Inv_00,20170713,18:45:00,0.0,0.0,0,217.0,0.4,87,25451,16238,26.9,24.0
Station_01,Inv_00,20170713,18:46:00,0.0,0.0,0,217.0,0.4,87,25451,16238,26.8,24.0
Station_01,Inv_00,20170713,18:47:00,0.0,0.0,0,217.0,0.4,87,25451,16238,26.8,24.0
Station_01,Inv_00,20170713,18:48:00,0.0,0.0,0,217.0,0.4,87,25451,16238,26.8,24.0
Station_01,Inv_00,20170713,18:49:00,0.0,0.0,0,217.0,0.4,87,25451,16238,26.8,25.0
Station_01,Inv_00,20170713,18:50:00,0.0,0.0,0,217.0,0.4,87,25451,16238,26.7,25.0
Station_01,Inv_00,20170713,18:51:00,0.0,0.0,0,217.0,0.4,87,25451,16238,26.7,25.0
Station_01,Inv_00,20170713,18:52:00,0.0,0.0,0,217.0,0.4,87,25451,16238,26.7,25.0
Station_01,Inv_00,20170713,18:53:00,0.0,0.0,0,217.0,0.4,87,25451,16238,26.6,23.0
Station_01,Inv_00,20170713,18:54:00,0.0,0.0,0,217.0,0.4,87,25451,16238,26.6,22.0
Station_01,Inv_00,20170713,18:55:00,0.0,0.0,0,217.0,0.4,87,25451,16238,26.6,22.0
Station_01,Inv_00,20170713,18:56:00,0.0,0.0,0,217.0,0.4,87,25451,16238,26.5,21.0
Station_01,Inv_00,20170713,18:57:00,0.0,0.0,0,217.0,0.4,87,25451,16238,26.5,20.0
Station_01,Inv_00,20170713,18:58:00,0.0,0.0,0,217.0,0.4,87,25451,16238,26.5,20.0
Station_01,Inv_00,20170713,18:59:00,0.0,0.0,0,217.0,0.4,87,25451,16238,26.5,20.0
Station_01,Inv_00,20170713,19:00:00,0.0,0.0,0,217.0,0.4,87,25451,16238,26.5,19.0
Station_01,Inv_00,20170713,19:01:00,0.0,0.0,0,217.0,0.4,87,25451,16238,26.6,20.0
Station_01,Inv_00,20170713,19:02:00,0.0,0.0,0,217.0,0.4,87,25451,16238,26.6,20.0
Station_01,Inv_00,20170713,19:03:00,0.0,0.0,0,217.0,0.4,87,25451,16238,26.7,20.0
Station_01,Inv_00,20170713,19:04:00,0.0,0.0,0,217.0,0.4,87,25451,16238,26.7,20.0
Station_01,Inv_00,20170713,19:05:00,0.0,0.0,0,217.0,0.4,87,25451,16238,26.9,21.0
Station_01,Inv_00,20170713,19:06:00,0.0,0.0,0,217.0,0.4,87,25451,16238,26.9,20.0
Station_01,Inv_00,20170713,19:07:00,0.0,0.0,0,217.0,0.4,87,25451,16238,27.0,21.0
Station_01,Inv_00,20170713,19:08:00,0.0,0.0,0,217.0,0.4,87,25451,16238,27.0,21.0
Station_01,Inv_00,20170713,19:09:00,0.0,0.0,0,217.0,0.4,87,25451,16238,27.1,20.0
Station_01,Inv_00,20170713,19:10:00,0.0,0.0,0,217.0,0.4,87,25451,16238,27.1,20.0
Station_01,Inv_00,20170713,19:11:00,0.0,0.0,0,217.0,0.4,87,25451,16238,27.2,20.0
Station_01,Inv_00,20170713,19:12:00,0.0,0.0,0,217.0,0.4,87,25451,16238,27.1,20.0
Station_01,Inv_00,20170713,19:13:00,0.0,0.0,0,217.0,0.4,87,25451,16238,27.1,20.0
Station_01,Inv_00,20170713,19:14:00,0.0,0.0,0,217.0,0.4,87,25451,16238,27.2,21.0
Station_01,Inv_00,20170713,19:15:00,0.0,0.0,0,217.0,0.4,87,25451,16238,27.2,20.0
Station_01,Inv_00,20170713,19:16:00,0.0,0.0,0,217.0,0.4,87,25451,16238,27.2,20.0
Station_01,Inv_00,20170713,19:17:00,0.0,0.0,0,217.0,0.4,87,25451,16238,27.2,20.0
Station_01,Inv_00,20170713,19:18:00,0.0,0.0,0,217.0,0.4,87,25451,16238,27.3,21.0
Station_01,Inv_00,20170713,19:19:00,0.0,0.0,0,217.0,0.4,87,25451,16238,27.2,20.0
Station_01,Inv_00,20170713,19:20:00,0.0,0.0,0,217.0,0.4,87,25451,16238,27.3,21.0
Station_01,Inv_00,20170713,19:21:00,0.0,0.0,0,217.0,0.4,87,25451,16238,27.2,20.0
Station_01,Inv_00,20170713,19:22:00,0.0,0.0,0,217.0,0.4,87,25451,16238,27.3,21.0
Station_01,Inv_00,20170713,19:23:00,0.0,0.0,0,217.0,0.4,87,25451,16238,27.2,20.0
Station_01,Inv_00,20170713,19:24:00,0.0,0.0,0,217.0,0.4,87,25451,16238,27.3,20.0
Station_01,Inv_00,20170713,19:25:00,0.0,0.0,0,217.0,0.4,87,25451,16238,27.3,20.0
Station_01,Inv_00,20170713,19:26:00,0.0,0.0,0,217.0,0.4,87,25451,16238,27.2,20.0
Station_01,Inv_00,20170713,19:27:00,0.0,0.0,0,217.0,0.4,87,25451,16238,27.2,20.0
Station_01,Inv_00,20170713,19:28:00,0.0,0.0,0,217.0,0.4,87,25451,16238,27.2,20.0
Station_01,Inv_00,20170713,19:29:00,0.0,0.0,0,217.0,0.4,87,25451,16238,27.2,26.0
Station_01,Inv_00,20170713,19:30:00,0.0,0.0,0,217.0,0.4,87,25451,16238,27.2,20.0
Station_01,Inv_00,20170713,19:31:00,0.0,0.0,0,217.0,0.4,87,25451,16238,27.2,20.0
Station_01,Inv_00,20170713,19:32:00,0.0,0.0,0,217.0,0.4,87,25451,16238,27.2,20.0
Station_01,Inv_00,20170713,19:33:00,0.0,0.0,0,217.0,0.4,87,25451,16238,27.2,20.0
Station_01,Inv_00,20170713,19:34:00,0.0,0.0,0,217.0,0.4,87,25451,16238,27.2,20.0
Station_01,Inv_00,20170713,19:35:00,0.0,0.0,0,217.0,0.4,87,25451,16238,27.1,20.0
Station_01,Inv_00,20170713,19:36:00,0.0,0.0,0,217.0,0.4,87,25451,16238,27.1,19.0
Station_01,Inv_00,20170713,19:37:00,0.0,0.0,0,217.0,0.4,87,25451,16238,27.1,19.0
Station_01,Inv_00,20170713,19:38:00,0.0,0.0,0,217.0,0.4,87,25451,16238,27.0,20.0
Station_01,Inv_00,20170713,19:39:00,0.0,0.0,0,217.0,0.4,87,25451,16238,27.0,20.0
Station_01,Inv_00,20170713,19:40:00,0.0,0.0,0,217.0,0.4,87,25451,16238,27.0,22.0
Station_01,Inv_00,20170713,19:41:00,0.0,0.0,0,217.0,0.4,87,25451,16238,27.0,19.0
Station_01,Inv_00,20170713,19:42:00,0.0,0.0,0,217.0,0.4,87,25451,16238,27.0,19.0
Station_01,Inv_00,20170713,19:43:00,0.0,0.0,0,217.0,0.4,87,25451,16238,27.0,19.0
Station_01,Inv_00,20170713,19:44:00,0.0,0.0,0,217.0,0.4,87,25451,16238,27.0,23.0
Station_01,Inv_00,20170713,19:45:00,0.0,0.0,0,217.0,0.4,87,25451,16238,27.0,19.0
Station_01,Inv_00,20170713,19:46:00,0.0,0.0,0,217.0,0.4,87,25451,16238,27.0,19.0
Station_01,Inv_00,20170713,19:47:00,0.0,0.0,0,217.0,0.4,87,25451,16238,27.0,19.0
Station_01,Inv_00,20170713,19:48:00,0.0,0.0,0,217.0,0.4,87,25451,16238,27.1,19.0
Station_01,Inv_00,20170713,19:49:00,0.0,0.0,0,217.0,0.4,87,25451,16238,27.1,19.0
Station_01,Inv_00,20170713,19:50:00,0.0,0.0,0,217.0,0.4,87,25451,16238,27.1,19.0
Station_01,Inv_00,20170713,19:51:00,0.0,0.0,0,217.0,0.4,87,25451,16238,27.2,19.0
Station_01,Inv_00,20170713,19:52:00,0.0,0.0,0,217.0,0.4,87,25451,16238,27.2,20.0
Station_01,Inv_00,20170713,19:53:00,0.0,0.0,0,217.0,0.4,87,25451,16238,27.2,19.0
Station_01,Inv_00,20170713,19:54:00,0.0,0.0,0,217.0,0.4,87,25451,16238,27.3,19.0
Station_01,Inv_00,20170713,19:55:00,0.0,0.0,0,217.0,0.4,87,25451,16238,27.2,19.0
Station_01,Inv_00,20170713,19:56:00,0.0,0.0,0,217.0,0.4,87,25451,16238,27.2,20.0
Station_01,Inv_00,20170713,19:57:00,0.0,0.0,0,217.0,0.4,87,25451,16238,27.3,19.0
Station_01,Inv_00,20170713,19:58:00,0.0,0.0,0,217.0,0.4,87,25451,16238,27.4,20.0
Station_01,Inv_00,20170713,19:59:00,0.0,0.0,0,217.0,0.4,87,25451,16238,27.4,19.0
Station_01,Inv_00,20170713,20:00:00,0.0,0.0,0,217.0,0.4,87,25451,16238,27.4,21.0
