Station_01,Inv_00,20170711,05:00:00,0.0,0.0,0,0.0,0.0,0,25398,16204,25.4,18.0
Station_01,Inv_00,20170711,05:01:00,0.0,0.0,0,0.0,0.0,0,25398,16204,25.5,19.0
Station_01,Inv_00,20170711,05:02:00,0.0,0.0,0,0.0,0.0,0,25398,16204,25.5,19.0
Station_01,Inv_00,20170711,05:03:00,0.0,0.0,0,0.0,0.0,0,25398,16204,25.6,19.0
Station_01,Inv_00,20170711,05:04:00,0.0,0.0,0,0.0,0.0,0,25398,16204,25.6,19.0
Station_01,Inv_00,20170711,05:05:00,0.0,0.0,0,0.0,0.0,0,25398,16204,25.5,19.0
Station_01,Inv_00,20170711,05:06:00,0.0,0.0,0,0.0,0.0,0,25398,16204,25.6,19.0
Station_01,Inv_00,20170711,05:07:00,0.0,0.0,0,0.0,0.0,0,25398,16204,25.6,19.0
Station_01,Inv_00,20170711,05:08:00,0.0,0.0,0,0.0,0.0,0,25398,16204,25.6,19.0
Station_01,Inv_00,20170711,05:09:00,0.0,0.0,0,0.0,0.0,0,25398,16204,25.7,19.0
Station_01,Inv_00,20170711,05:10:00,0.0,0.0,0,0.0,0.0,0,25398,16204,25.6,19.0
Station_01,Inv_00,20170711,05:11:00,0.0,0.0,0,0.0,0.0,0,25398,16204,25.6,19.0
Station_01,Inv_00,20170711,05:12:00,0.0,0.0,0,0.0,0.0,0,25398,16204,25.7,19.0
Station_01,Inv_00,20170711,05:13:00,0.0,0.0,0,0.0,0.0,0,25398,16204,25.6,20.0
Station_01,Inv_00,20170711,05:14:00,0.0,0.0,0,0.0,0.0,0,25398,16204,25.5,21.0
Station_01,Inv_00,20170711,05:15:00,0.0,0.0,0,0.0,0.0,0,25398,16204,25.5,21.0
Station_01,Inv_00,20170711,05:16:00,0.0,0.0,0,0.0,0.0,0,25398,16204,25.5,21.0
Station_01,Inv_00,20170711,05:17:00,0.0,0.0,0,0.0,0.0,0,25398,16204,25.5,21.0
Station_01,Inv_00,20170711,05:18:00,0.0,0.0,0,0.0,0.0,0,25398,16204,25.5,22.0
Station_01,Inv_00,20170711,05:19:00,0.0,0.0,0,0.0,0.0,0,25398,16204,25.5,22.0
Station_01,Inv_00,20170711,05:20:00,0.0,0.0,0,0.0,0.0,0,25398,16204,25.4,22.0
Station_01,Inv_00,20170711,05:21:00,0.0,0.0,0,0.0,0.0,0,25398,16204,25.3,23.0
Station_01,Inv_00,20170711,05:22:00,0.0,0.0,0,0.0,0.0,0,25398,16204,25.3,23.0
Station_01,Inv_00,20170711,05:23:00,0.0,0.0,0,0.0,0.0,0,25398,16204,25.4,24.0
Station_01,Inv_00,20170711,05:24:00,0.0,0.0,0,0.0,0.0,0,25398,16204,25.3,25.0
Station_01,Inv_00,20170711,05:25:00,0.0,0.0,0,0.0,0.0,0,25398,16204,25.4,25.0
Station_01,Inv_00,20170711,05:26:00,0.0,0.0,0,0.0,0.0,0,25398,16204,25.3,26.0
Station_01,Inv_00,20170711,05:27:00,0.0,0.0,0,0.0,0.0,0,25398,16204,25.3,26.0
Station_01,Inv_00,20170711,05:28:00,0.0,0.0,0,221.0,0.4,88,25398,16204,25.3,467.0
Station_01,Inv_00,20170711,05:29:00,0.0,0.0,0,220.0,0.5,110,25398,16204,25.3,27.0
Station_01,Inv_00,20170711,05:30:00,0.0,0.0,0,220.0,0.5,110,25398,16204,25.2,28.0
Station_01,Inv_00,20170711,05:31:00,0.0,0.0,0,218.0,0.5,109,25398,16204,25.2,467.0
Station_01,Inv_00,20170711,05:32:00,0.0,0.0,0,219.0,0.5,110,25398,16204,25.2,29.0
Station_01,Inv_00,20170711,05:33:00,0.0,0.0,0,0.0,0.0,0,25398,16204,25.3,31.0
Station_01,Inv_00,20170711,05:34:00,223.0,0.2,45,216.0,0.4,86,25398,16204,25.3,32.0
Station_01,Inv_00,20170711,05:35:00,228.0,0.2,46,216.0,0.4,86,25398,16204,25.3,33.0
Station_01,Inv_00,20170711,05:36:00,230.5,0.2,46,214.0,0.5,107,25398,16204,25.4,34.0
Station_01,Inv_00,20170711,05:37:00,234.5,0.2,47,215.0,0.4,86,25398,16204,25.5,35.0
Station_01,Inv_00,20170711,05:38:00,235.0,0.2,47,215.0,0.4,86,25398,16204,25.5,37.0
Station_01,Inv_00,20170711,05:39:00,209.0,0.3,63,214.0,0.5,107,25398,16204,25.5,39.0
Station_01,Inv_00,20170711,05:40:00,218.0,0.3,65,214.0,0.5,107,25398,16204,25.6,41.0
Station_01,Inv_00,20170711,05:41:00,212.3,0.3,64,215.0,0.5,108,25398,16204,25.7,43.0
Station_01,Inv_00,20170711,05:42:00,213.7,0.3,64,214.0,0.5,107,25398,16204,25.8,46.0
Station_01,Inv_00,20170711,05:43:00,215.7,0.3,65,217.0,0.5,109,25398,16204,25.9,48.0
Station_01,Inv_00,20170711,05:44:00,227.5,0.2,46,217.0,0.5,109,25398,16204,26.0,50.0
Station_01,Inv_00,20170711,05:45:00,234.3,0.3,70,218.0,0.5,109,25398,16204,26.1,52.0
Station_01,Inv_00,20170711,05:46:00,227.0,0.3,68,218.0,0.5,109,25398,16204,26.2,54.0
Station_01,Inv_00,20170711,05:47:00,226.0,0.3,68,217.0,0.5,109,25398,16204,26.4,57.0
Station_01,Inv_00,20170711,05:48:00,229.0,0.4,92,217.0,0.5,109,25398,16204,26.5,59.0
Station_01,Inv_00,20170711,05:49:00,227.3,0.3,68,217.0,0.5,109,25398,16204,26.6,61.0
Station_01,Inv_00,20170711,05:50:00,182.0,0.3,55,217.0,0.5,109,25398,16204,26.7,63.0
Station_01,Inv_00,20170711,05:51:00,152.0,0.4,61,218.0,0.5,109,25398,16204,26.8,66.0
Station_01,Inv_00,20170711,05:52:00,147.3,0.4,59,218.0,0.5,109,25398,16204,27.0,68.0
Station_01,Inv_00,20170711,05:53:00,148.0,0.3,44,215.0,0.5,108,25398,16204,27.1,70.0
Station_01,Inv_00,20170711,05:54:00,186.0,0.5,93,216.0,0.5,108,25398,16204,27.2,72.0
Station_01,Inv_00,20170711,05:55:00,223.8,0.5,112,215.0,0.6,129,25398,16204,27.3,75.0
Station_01,Inv_00,20170711,05:56:00,236.0,0.5,118,216.0,0.6,130,25398,16204,27.5,77.0
Station_01,Inv_00,20170711,05:57:00,228.0,0.5,114,217.0,0.6,130,25398,16204,27.5,80.0
Station_01,Inv_00,20170711,05:58:00,190.3,0.4,76,217.0,0.5,109,25398,16204,27.7,82.0
Station_01,Inv_00,20170711,05:59:00,232.0,0.6,139,217.0,0.7,152,25398,16204,27.8,85.0
Station_01,Inv_00,20170711,06:00:00,244.0,0.6,146,217.0,0.8,174,25398,16204,27.9,87.0
Station_01,Inv_00,20170711,06:01:00,235.5,0.6,141,217.0,0.8,174,25398,16204,28.0,90.0
Station_01,Inv_00,20170711,06:02:00,218.7,0.7,153,215.0,0.8,172,25398,16204,28.1,92.0
Station_01,Inv_00,20170711,06:03:00,237.4,0.7,166,215.0,0.9,194,25398,16204,28.2,95.0
Station_01,Inv_00,20170711,06:04:00,238.1,0.7,167,214.0,1.0,214,25398,16204,28.3,98.0
Station_01,Inv_00,20170711,06:05:00,238.0,0.7,167,216.0,1.0,216,25398,16204,28.4,101.0
Station_01,Inv_00,20170711,06:06:00,204.2,0.9,184,216.0,0.9,194,25398,16204,28.5,104.0
Station_01,Inv_00,20170711,06:07:00,248.4,0.8,199,216.0,1.0,216,25398,16204,28.7,107.0
Station_01,Inv_00,20170711,06:08:00,236.2,0.9,213,216.0,1.0,216,25398,16204,28.8,110.0
Station_01,Inv_00,20170711,06:09:00,237.0,0.9,213,218.0,1.0,218,25398,16204,28.9,113.0
Station_01,Inv_00,20170711,06:10:00,236.0,1.0,236,218.0,1.1,240,25398,16204,29.0,116.0
Station_01,Inv_00,20170711,06:11:00,225.8,1.0,226,217.0,1.1,239,25398,16204,29.2,119.0
Station_01,Inv_00,20170711,06:12:00,227.5,1.0,228,216.0,1.1,238,25398,16204,29.3,123.0
Station_01,Inv_00,20170711,06:13:00,227.1,1.1,250,216.0,1.2,259,25398,16204,29.5,126.0
Station_01,Inv_00,20170711,06:14:00,191.0,1.2,229,216.0,1.1,238,25398,16204,29.6,130.0
Station_01,Inv_00,20170711,06:15:00,235.9,1.2,283,217.0,1.3,282,25398,16204,29.7,133.0
Station_01,Inv_00,20170711,06:16:00,246.0,1.2,295,216.0,1.4,302,25398,16204,30.0,136.0
Station_01,Inv_00,20170711,06:17:00,244.5,1.2,293,216.0,1.4,302,25398,16204,30.2,140.0
Station_01,Inv_00,20170711,06:18:00,226.2,1.3,294,216.0,1.4,302,25398,16204,30.3,143.0
Station_01,Inv_00,20170711,06:19:00,246.7,1.3,321,216.0,1.5,324,25398,16204,30.4,146.0
Station_01,Inv_00,20170711,06:20:00,230.0,1.4,322,217.0,1.5,326,25398,16204,30.6,150.0
Station_01,Inv_00,20170711,06:21:00,247.7,1.5,372,216.0,1.6,346,25398,16204,30.8,153.0
Station_01,Inv_00,20170711,06:22:00,250.3,1.5,376,216.0,1.6,346,25398,16204,30.9,156.0
Station_01,Inv_00,20170711,06:23:00,253.9,1.5,381,216.0,1.7,367,25398,16204,31.3,160.0
Station_01,Inv_00,20170711,06:24:00,253.0,1.6,405,216.0,1.7,367,25398,16204,31.3,163.0
Station_01,Inv_00,20170711,06:25:00,247.5,1.7,421,216.0,1.8,389,25398,16204,31.6,167.0
Station_01,Inv_00,20170711,06:26:00,244.9,1.7,416,216.0,1.8,389,25398,16204,31.7,170.0
Station_01,Inv_00,20170711,06:27:00,248.0,1.8,446,218.0,1.9,414,25398,16204,31.9,173.0
Station_01,Inv_00,20170711,06:28:00,235.0,1.8,423,218.0,1.9,414,25398,16204,32.1,176.0
Station_01,Inv_00,20170711,06:29:00,233.5,1.9,444,217.0,1.9,412,25398,16204,32.2,180.0
Station_01,Inv_00,20170711,06:30:00,248.5,1.9,472,217.0,2.0,434,25398,16204,32.4,183.0
Station_01,Inv_00,20170711,06:31:00,249.0,2.0,498,217.0,2.1,456,25398,16204,32.7,186.0
Station_01,Inv_00,20170711,06:32:00,250.5,2.0,501,216.0,2.2,475,25398,16204,32.8,190.0
Station_01,Inv_00,20170711,06:33:00,234.4,2.1,492,216.0,2.2,475,25398,16204,32.9,194.0
Station_01,Inv_00,20170711,06:34:00,250.4,2.1,526,216.0,2.3,497,25398,16204,33.1,197.0
Station_01,Inv_00,20170711,06:35:00,243.9,2.1,512,216.0,2.4,518,25398,16204,33.2,200.0
Station_01,Inv_00,20170711,06:36:00,248.5,2.3,572,216.0,2.4,518,25398,16204,33.4,204.0
Station_01,Inv_00,20170711,06:37:00,237.4,2.3,546,216.0,2.5,540,25398,16204,33.7,207.0
Station_01,Inv_00,20170711,06:38:00,242.5,2.4,582,216.0,2.5,540,25398,16204,33.9,211.0
Station_01,Inv_00,20170711,06:39:00,248.4,2.3,571,217.0,2.6,564,25398,16204,34.2,214.0
Station_01,Inv_00,20170711,06:40:00,243.0,2.5,607,216.0,2.6,562,25398,16204,34.3,217.0
Station_01,Inv_00,20170711,06:41:00,248.0,2.5,620,216.0,2.7,583,25398,16204,34.6,221.0
Station_01,Inv_00,20170711,06:42:00,248.0,2.6,645,216.0,2.8,605,25398,16204,35.0,224.0
Station_01,Inv_00,20170711,06:43:00,240.3,2.7,649,218.0,2.8,610,25398,16204,35.2,228.0
Station_01,Inv_00,20170711,06:44:00,244.0,2.7,659,217.0,2.9,629,25398,16204,35.3,231.0
Station_01,Inv_00,20170711,06:45:00,237.0,2.7,640,216.0,2.9,626,25398,16204,35.5,234.0
Station_01,Inv_00,20170711,06:46:00,243.9,2.9,707,215.0,3.1,667,25398,16204,35.6,238.0
Station_01,Inv_00,20170711,06:47:00,229.9,3.0,690,217.0,3.0,651,25398,16204,35.9,242.0
Station_01,Inv_00,20170711,06:48:00,242.5,3.0,728,216.0,3.1,670,25398,16204,36.2,244.0
Station_01,Inv_00,20170711,06:49:00,239.5,3.1,742,217.0,3.2,694,25398,16204,36.3,248.0
Station_01,Inv_00,20170711,06:50:00,245.5,3.0,737,217.0,3.3,716,25398,16204,36.7,252.0
Station_01,Inv_00,20170711,06:51:00,234.4,3.1,727,217.0,3.2,694,25398,16204,36.9,256.0
Station_01,Inv_00,20170711,06:52:00,235.9,3.3,779,217.0,3.4,738,25398,16204,37.3,260.0
Station_01,Inv_00,20170711,06:53:00,239.0,3.4,813,217.0,3.5,760,25398,16204,37.5,263.0
Station_01,Inv_00,20170711,06:54:00,243.0,3.4,826,217.0,3.6,781,25398,16204,37.8,266.0
Station_01,Inv_00,20170711,06:55:00,238.0,3.5,833,216.0,3.6,778,25398,16204,37.8,270.0
Station_01,Inv_00,20170711,06:56:00,231.9,3.6,835,216.0,3.6,778,25398,16204,38.1,273.0
Station_01,Inv_00,20170711,06:57:00,240.0,3.5,840,216.0,3.7,799,25398,16204,38.4,278.0
Station_01,Inv_00,20170711,06:58:00,240.5,3.7,890,216.0,3.8,821,25398,16204,38.5,295.0
Station_01,Inv_00,20170711,06:59:00,240.0,3.6,864,216.0,3.9,842,25398,16204,38.7,285.0
Station_01,Inv_00,20170711,07:00:00,242.5,3.8,922,216.0,3.9,842,25398,16204,38.8,288.0
Station_01,Inv_00,20170711,07:01:00,246.0,3.8,935,216.0,4.0,864,25398,16204,39.1,292.0
Station_01,Inv_00,20170711,07:02:00,243.9,3.9,951,218.0,4.0,872,25398,16204,39.3,296.0
Station_01,Inv_00,20170711,07:03:00,237.9,3.9,928,218.0,4.1,894,25398,16204,39.6,299.0
Station_01,Inv_00,20170711,07:04:00,241.9,3.9,944,218.0,4.1,894,25398,16204,39.7,303.0
Station_01,Inv_00,20170711,07:05:00,241.5,4.1,990,216.0,4.2,907,25398,16204,40.1,307.0
Station_01,Inv_00,20170711,07:06:00,234.5,4.1,961,216.0,4.2,907,25398,16204,40.6,310.0
Station_01,Inv_00,20170711,07:07:00,231.5,4.3,995,216.0,4.2,907,25398,16204,40.8,314.0
Station_01,Inv_00,20170711,07:08:00,240.0,4.3,1032,215.0,4.4,946,25398,16204,40.7,317.0
Station_01,Inv_00,20170711,07:09:00,233.9,4.3,1006,215.0,4.4,946,25398,16204,41.0,321.0
Station_01,Inv_00,20170711,07:10:00,239.9,4.3,1032,215.0,4.6,989,25398,16204,41.5,325.0
Station_01,Inv_00,20170711,07:11:00,242.0,4.5,1089,217.0,4.6,998,25398,16204,41.3,329.0
Station_01,Inv_00,20170711,07:12:00,241.0,4.6,1109,219.0,4.6,1007,25398,16204,41.6,332.0
Station_01,Inv_00,20170711,07:13:00,239.9,4.5,1080,221.0,4.6,1017,25398,16204,41.7,337.0
Station_01,Inv_00,20170711,07:14:00,236.9,4.6,1090,218.0,4.7,1025,25398,16204,41.9,347.0
Station_01,Inv_00,20170711,07:15:00,239.0,4.7,1123,217.0,4.8,1042,25398,16204,42.3,344.0
Station_01,Inv_00,20170711,07:16:00,238.5,4.9,1169,218.0,4.9,1068,25398,16204,42.5,347.0
Station_01,Inv_00,20170711,07:17:00,226.5,4.9,1110,218.0,4.8,1046,25398,16204,42.8,351.0
Station_01,Inv_00,20170711,07:18:00,237.0,5.0,1185,218.0,5.0,1090,25398,16204,42.7,357.0
Station_01,Inv_00,20170711,07:19:00,234.0,5.1,1193,218.0,5.1,1112,25398,16204,43.3,359.0
Station_01,Inv_00,20170711,07:20:00,238.5,5.1,1216,219.0,5.1,1117,25398,16204,43.0,362.0
Station_01,Inv_00,20170711,07:21:00,234.0,5.1,1193,220.0,5.1,1122,25398,16204,43.5,371.0
Station_01,Inv_00,20170711,07:22:00,233.5,5.2,1214,220.0,5.1,1122,25398,16204,43.0,369.0
Station_01,Inv_00,20170711,07:23:00,239.0,5.3,1267,217.0,5.3,1150,25398,16204,43.8,372.0
Station_01,Inv_00,20170711,07:24:00,227.0,5.3,1203,217.0,5.2,1128,25398,16204,43.8,375.0
Station_01,Inv_00,20170711,07:25:00,233.5,5.4,1261,217.0,5.4,1172,25398,16204,43.9,381.0
Station_01,Inv_00,20170711,07:26:00,229.0,5.5,1259,216.0,5.4,1166,25398,16204,44.3,383.0
Station_01,Inv_00,20170711,07:27:00,234.0,5.5,1287,217.0,5.6,1215,25399,16205,44.9,385.0
Station_01,Inv_00,20170711,07:28:00,229.5,5.6,1285,217.0,5.6,1215,25399,16205,45.0,389.0
Station_01,Inv_00,20170711,07:29:00,238.0,5.5,1309,217.0,5.7,1237,25399,16205,45.5,393.0
Station_01,Inv_00,20170711,07:30:00,235.0,5.6,1316,217.0,5.7,1237,25399,16205,45.8,396.0
Station_01,Inv_00,20170711,07:31:00,228.0,5.9,1345,217.0,5.6,1215,25399,16205,45.8,399.0
Station_01,Inv_00,20170711,07:32:00,240.0,5.7,1368,217.0,5.9,1280,25399,16205,45.9,402.0
Station_01,Inv_00,20170711,07:33:00,233.5,6.0,1401,217.0,5.9,1280,25399,16205,46.6,406.0
Station_01,Inv_00,20170711,07:34:00,232.0,5.9,1369,217.0,6.0,1302,25399,16205,46.7,410.0
Station_01,Inv_00,20170711,07:35:00,233.0,6.1,1421,217.0,6.1,1324,25399,16205,46.7,416.0
Station_01,Inv_00,20170711,07:36:00,232.5,6.2,1442,217.0,6.2,1345,25399,16205,46.4,419.0
Station_01,Inv_00,20170711,07:37:00,212.5,6.3,1339,217.0,5.8,1259,25399,16205,46.7,424.0
Station_01,Inv_00,20170711,07:38:00,169.5,6.4,1085,217.0,4.6,998,25399,16205,46.7,429.0
Station_01,Inv_00,20170711,07:39:00,157.0,6.5,1020,218.0,4.3,937,25399,16205,46.8,432.0
Station_01,Inv_00,20170711,07:40:00,199.5,6.5,1297,218.0,5.6,1221,25399,16205,46.5,436.0
Station_01,Inv_00,20170711,07:41:00,176.0,6.6,1162,218.0,5.1,1112,25399,16205,46.7,439.0
Station_01,Inv_00,20170711,07:42:00,177.5,6.7,1189,217.0,5.1,1107,25399,16205,47.4,442.0
Station_01,Inv_00,20170711,07:43:00,216.5,6.7,1450,218.0,6.2,1352,25399,16205,46.8,444.0
Station_01,Inv_00,20170711,07:44:00,232.5,6.7,1558,218.0,6.7,1461,25399,16205,48.0,448.0
Station_01,Inv_00,20170711,07:45:00,234.0,6.7,1568,219.0,6.6,1445,25399,16205,47.8,452.0
Station_01,Inv_00,20170711,07:46:00,234.4,6.6,1547,219.0,6.7,1467,25399,16205,48.0,456.0
Station_01,Inv_00,20170711,07:47:00,236.0,6.6,1558,219.0,6.7,1467,25399,16205,48.6,459.0
Station_01,Inv_00,20170711,07:48:00,219.0,7.1,1555,218.0,6.6,1439,25399,16205,48.4,463.0
Station_01,Inv_00,20170711,07:49:00,230.0,7.0,1610,218.0,6.9,1504,25399,16205,48.4,465.0
Station_01,Inv_00,20170711,07:50:00,224.5,7.1,1594,218.0,6.9,1504,25399,16205,48.9,467.0
Station_01,Inv_00,20170711,07:51:00,192.5,7.3,1405,218.0,6.0,1308,25399,16205,48.0,474.0
Station_01,Inv_00,20170711,07:52:00,228.5,7.1,1622,219.0,7.0,1533,25399,16205,48.3,476.0
Station_01,Inv_00,20170711,07:53:00,195.5,7.4,1447,219.0,6.2,1358,25399,16205,48.5,479.0
Station_01,Inv_00,20170711,07:54:00,161.5,7.5,1211,218.0,5.1,1112,25399,16205,48.9,483.0
Station_01,Inv_00,20170711,07:55:00,202.5,7.5,1518,218.0,6.6,1439,25399,16205,49.4,484.0
Station_01,Inv_00,20170711,07:56:00,230.0,7.3,1679,218.0,7.3,1591,25399,16205,48.9,490.0
Station_01,Inv_00,20170711,07:57:00,212.0,7.5,1590,218.0,6.9,1504,25399,16205,49.1,491.0
Station_01,Inv_00,20170711,07:58:00,222.4,7.6,1690,218.0,7.3,1591,25399,16205,49.4,496.0
Station_01,Inv_00,20170711,07:59:00,231.0,7.5,1733,217.0,7.5,1628,25399,16205,49.2,501.0
Station_01,Inv_00,20170711,08:00:00,232.5,7.5,1744,217.0,7.6,1649,25399,16205,48.4,507.0
Station_01,Inv_00,20170711,08:01:00,231.0,7.7,1779,217.0,7.6,1649,25399,16205,48.5,505.0
Station_01,Inv_00,20170711,08:02:00,234.5,7.5,1759,217.0,7.7,1671,25399,16205,47.8,518.0
Station_01,Inv_00,20170711,08:03:00,232.5,7.7,1790,217.0,7.7,1671,25399,16205,48.9,519.0
Station_01,Inv_00,20170711,08:04:00,231.5,7.9,1829,217.0,7.8,1693,25399,16205,47.7,524.0
Station_01,Inv_00,20170711,08:05:00,210.5,8.1,1705,217.0,7.5,1628,25399,16205,48.1,528.0
Station_01,Inv_00,20170711,08:06:00,230.5,7.9,1821,217.0,7.9,1714,25399,16205,48.1,530.0
Station_01,Inv_00,20170711,08:07:00,214.4,8.2,1758,217.0,7.7,1671,25400,16205,47.9,534.0
Station_01,Inv_00,20170711,08:08:00,227.0,8.1,1839,217.0,8.0,1736,25400,16205,49.2,533.0
Station_01,Inv_00,20170711,08:09:00,212.5,8.3,1764,217.0,7.6,1649,25400,16205,49.1,536.0
Station_01,Inv_00,20170711,08:10:00,221.0,8.2,1812,216.0,8.0,1728,25400,16205,48.9,537.0
Station_01,Inv_00,20170711,08:11:00,215.5,8.4,1810,219.0,7.8,1708,25400,16205,47.7,542.0
Station_01,Inv_00,20170711,08:12:00,223.0,8.4,1873,219.0,8.1,1774,25400,16205,49.6,545.0
Station_01,Inv_00,20170711,08:13:00,223.4,8.4,1877,219.0,8.2,1796,25400,16205,49.8,548.0
Station_01,Inv_00,20170711,08:14:00,204.5,8.7,1779,218.0,7.7,1679,25400,16205,49.3,555.0
Station_01,Inv_00,20170711,08:15:00,221.9,8.6,1908,218.0,8.2,1788,25400,16205,49.2,557.0
Station_01,Inv_00,20170711,08:16:00,219.5,8.7,1909,218.0,8.2,1788,25400,16205,49.7,559.0
Station_01,Inv_00,20170711,08:17:00,229.5,8.4,1928,217.0,8.4,1823,25400,16205,50.5,558.0
Station_01,Inv_00,20170711,08:18:00,223.5,8.7,1944,217.0,8.4,1823,25400,16205,50.4,561.0
Station_01,Inv_00,20170711,08:19:00,214.5,8.9,1909,217.0,8.3,1801,25400,16205,50.2,573.0
Station_01,Inv_00,20170711,08:20:00,208.9,9.0,1880,217.0,8.2,1779,25400,16205,51.0,577.0
Station_01,Inv_00,20170711,08:21:00,227.0,8.9,2020,218.0,8.7,1897,25400,16205,51.8,574.0
Station_01,Inv_00,20170711,08:22:00,214.0,9.1,1947,219.0,8.4,1840,25400,16205,51.9,575.0
Station_01,Inv_00,20170711,08:23:00,226.0,8.8,1989,218.0,8.7,1897,25400,16205,52.9,578.0
Station_01,Inv_00,20170711,08:24:00,227.0,8.9,2020,217.0,8.7,1888,25400,16205,52.0,582.0
Station_01,Inv_00,20170711,08:25:00,213.5,9.3,1986,217.0,8.6,1866,25400,16205,53.1,583.0
Station_01,Inv_00,20170711,08:26:00,228.5,8.9,2034,217.0,8.9,1931,25400,16205,53.7,586.0
Station_01,Inv_00,20170711,08:27:00,223.5,9.1,2034,216.0,8.9,1922,25400,16205,54.2,589.0
Station_01,Inv_00,20170711,08:28:00,227.0,9.1,2066,217.0,9.0,1953,25400,16205,53.5,594.0
Station_01,Inv_00,20170711,08:29:00,229.5,9.1,2088,217.0,9.0,1953,25400,16205,53.7,598.0
Station_01,Inv_00,20170711,08:30:00,212.5,9.6,2040,217.0,8.8,1910,25400,16205,54.6,600.0
Station_01,Inv_00,20170711,08:31:00,227.5,9.2,2093,217.0,9.1,1975,25400,16205,54.7,605.0
Station_01,Inv_00,20170711,08:32:00,206.0,9.8,2019,216.0,8.7,1879,25400,16205,55.4,603.0
Station_01,Inv_00,20170711,08:33:00,215.0,9.7,2085,216.0,9.1,1966,25400,16205,56.1,604.0
Station_01,Inv_00,20170711,08:34:00,222.5,9.5,2114,217.0,9.3,2018,25400,16205,56.4,609.0
Station_01,Inv_00,20170711,08:35:00,206.5,9.9,2044,216.0,8.9,1922,25400,16205,56.0,615.0
Station_01,Inv_00,20170711,08:36:00,216.5,9.8,2122,217.0,9.3,2018,25400,16205,55.5,619.0
Station_01,Inv_00,20170711,08:37:00,228.0,9.4,2143,217.0,9.4,2040,25400,16205,54.8,618.0
Station_01,Inv_00,20170711,08:38:00,228.0,9.5,2166,217.0,9.4,2040,25401,16206,55.5,621.0
Station_01,Inv_00,20170711,08:39:00,228.0,9.5,2166,217.0,9.4,2040,25401,16206,55.5,622.0
Station_01,Inv_00,20170711,08:40:00,225.0,9.7,2183,218.0,9.5,2071,25401,16206,55.0,630.0
Station_01,Inv_00,20170711,08:41:00,226.5,9.7,2197,218.0,9.6,2093,25401,16206,54.2,631.0
Station_01,Inv_00,20170711,08:42:00,228.0,9.7,2212,217.0,9.6,2083,25401,16206,53.0,634.0
Station_01,Inv_00,20170711,08:43:00,209.0,10.3,2152,219.0,9.3,2037,25401,16206,54.4,639.0
Station_01,Inv_00,20170711,08:44:00,226.5,9.9,2242,219.0,9.6,2102,25401,16206,54.7,641.0
Station_01,Inv_00,20170711,08:45:00,201.5,10.5,2116,218.0,9.0,1962,25401,16206,54.4,642.0
Station_01,Inv_00,20170711,08:46:00,224.4,10.0,2245,219.0,9.7,2124,25401,16206,56.3,647.0
Station_01,Inv_00,20170711,08:47:00,208.0,10.5,2184,219.0,9.4,2059,25401,16206,56.5,651.0
Station_01,Inv_00,20170711,08:48:00,216.5,10.4,2252,219.0,9.7,2124,25401,16206,54.9,654.0
Station_01,Inv_00,20170711,08:49:00,222.5,10.2,2269,219.0,9.8,2146,25401,16206,54.0,660.0
Station_01,Inv_00,20170711,08:50:00,187.0,10.9,2038,219.0,8.7,1905,25401,16206,55.4,664.0
Station_01,Inv_00,20170711,08:51:00,222.0,10.3,2287,219.0,9.9,2168,25401,16206,54.8,669.0
Station_01,Inv_00,20170711,08:52:00,222.0,10.4,2309,219.0,9.9,2168,25401,16206,54.9,667.0
Station_01,Inv_00,20170711,08:53:00,217.0,10.5,2278,218.0,9.9,2158,25401,16206,54.7,664.0
Station_01,Inv_00,20170711,08:54:00,223.5,10.4,2324,218.0,10.1,2202,25401,16206,53.5,670.0
Station_01,Inv_00,20170711,08:55:00,204.5,10.8,2208,218.0,9.6,2093,25401,16206,54.1,670.0
Station_01,Inv_00,20170711,08:56:00,212.0,10.7,2268,218.0,9.8,2136,25401,16206,55.4,663.0
Station_01,Inv_00,20170711,08:57:00,223.5,10.6,2369,217.0,10.3,2235,25401,16206,55.7,677.0
Station_01,Inv_00,20170711,08:58:00,212.4,11.0,2337,218.0,10.0,2180,25401,16206,57.0,678.0
Station_01,Inv_00,20170711,08:59:00,214.5,10.9,2338,218.0,10.1,2202,25401,16206,56.9,683.0
Station_01,Inv_00,20170711,09:00:00,222.5,10.7,2381,218.0,10.2,2224,25401,16206,56.4,687.0
Station_01,Inv_00,20170711,09:01:00,219.0,10.8,2365,217.0,10.3,2235,25401,16206,56.4,685.0
Station_01,Inv_00,20170711,09:02:00,219.5,10.9,2392,217.0,10.3,2235,25401,16206,56.6,689.0
Station_01,Inv_00,20170711,09:03:00,218.0,10.9,2376,217.0,10.4,2257,25401,16206,57.6,695.0
Station_01,Inv_00,20170711,09:04:00,224.5,10.7,2402,217.0,10.3,2235,25401,16206,57.4,692.0
Station_01,Inv_00,20170711,09:05:00,222.5,10.6,2358,217.0,10.3,2235,25402,16206,58.5,688.0
Station_01,Inv_00,20170711,09:06:00,210.5,11.1,2337,217.0,10.1,2192,25402,16206,56.8,690.0
Station_01,Inv_00,20170711,09:07:00,218.0,10.9,2376,217.0,10.3,2235,25402,16206,55.3,703.0
Station_01,Inv_00,20170711,09:08:00,222.4,11.0,2447,217.0,10.7,2322,25402,16206,55.8,705.0
Station_01,Inv_00,20170711,09:09:00,214.4,11.2,2402,217.0,10.4,2257,25402,16206,55.2,703.0
Station_01,Inv_00,20170711,09:10:00,222.5,11.1,2470,218.0,10.7,2333,25402,16206,55.6,714.0
Station_01,Inv_00,20170711,09:11:00,223.0,11.3,2520,218.0,10.8,2354,25402,16206,56.6,726.0
Station_01,Inv_00,20170711,09:12:00,211.9,11.6,2459,218.0,10.7,2333,25402,16206,56.7,723.0
Station_01,Inv_00,20170711,09:13:00,221.0,11.3,2497,217.0,10.8,2344,25402,16206,58.1,726.0
Station_01,Inv_00,20170711,09:14:00,201.5,11.9,2398,216.0,10.5,2268,25402,16206,57.3,730.0
Station_01,Inv_00,20170711,09:15:00,217.0,11.5,2495,217.0,10.8,2344,25402,16206,58.7,728.0
Station_01,Inv_00,20170711,09:16:00,221.0,11.4,2519,217.0,10.9,2365,25402,16206,59.9,730.0
Station_01,Inv_00,20170711,09:17:00,198.5,12.1,2402,216.0,10.5,2268,25402,16206,59.6,732.0
Station_01,Inv_00,20170711,09:18:00,214.0,11.7,2504,216.0,10.9,2354,25402,16206,59.8,732.0
Station_01,Inv_00,20170711,09:19:00,213.0,11.9,2535,217.0,10.9,2365,25402,16206,59.7,735.0
Station_01,Inv_00,20170711,09:20:00,220.5,11.5,2536,217.0,11.0,2387,25402,16206,59.6,732.0
Station_01,Inv_00,20170711,09:21:00,207.5,12.1,2511,217.0,10.9,2365,25402,16206,59.5,741.0
Station_01,Inv_00,20170711,09:22:00,204.0,12.3,2509,216.0,10.9,2354,25402,16206,59.6,749.0
Station_01,Inv_00,20170711,09:23:00,219.0,11.8,2584,217.0,11.2,2430,25402,16206,60.4,749.0
Station_01,Inv_00,20170711,09:24:00,218.5,12.1,2644,216.0,11.5,2484,25402,16206,58.6,672.0
Station_01,Inv_00,20170711,09:25:00,220.0,11.9,2618,217.0,11.3,2452,25402,16206,58.8,757.0
Station_01,Inv_00,20170711,09:26:00,198.5,12.7,2521,217.0,10.8,2344,25402,16206,58.5,761.0
Station_01,Inv_00,20170711,09:27:00,219.0,12.3,2694,217.0,11.7,2539,25402,16206,59.6,782.0
Station_01,Inv_00,20170711,09:28:00,218.0,12.7,2769,217.0,11.9,2582,25402,16206,59.1,796.0
Station_01,Inv_00,20170711,09:29:00,203.5,5.8,1180,216.0,4.7,1015,25403,16207,57.9,440.0
Station_01,Inv_00,20170711,09:30:00,193.9,6.5,1260,216.0,6.7,1447,25403,16207,58.8,734.0
Station_01,Inv_00,20170711,09:31:00,211.0,2.7,570,216.0,2.6,562,25403,16207,54.9,217.0
Station_01,Inv_00,20170711,09:32:00,214.5,2.4,515,216.0,2.3,497,25403,16207,53.3,171.0
Station_01,Inv_00,20170711,09:33:00,221.5,13.0,2879,217.0,12.4,2691,25403,16207,55.9,791.0
Station_01,Inv_00,20170711,09:34:00,221.9,12.3,2730,217.0,11.8,2561,25403,16207,57.3,787.0
Station_01,Inv_00,20170711,09:35:00,220.5,12.4,2734,217.0,11.9,2582,25403,16207,58.3,794.0
Station_01,Inv_00,20170711,09:36:00,219.0,12.4,2715,217.0,11.8,2561,25403,16207,60.0,794.0
Station_01,Inv_00,20170711,09:37:00,219.0,12.9,2825,217.0,12.2,2647,25403,16207,59.2,817.0
Station_01,Inv_00,20170711,09:38:00,219.5,13.0,2853,217.0,12.4,2691,25403,16207,57.9,833.0
Station_01,Inv_00,20170711,09:39:00,217.0,13.3,2886,218.0,12.4,2703,25403,16207,58.3,848.0
Station_01,Inv_00,20170711,09:40:00,211.5,13.7,2898,218.0,12.5,2725,25403,16207,59.2,858.0
Station_01,Inv_00,20170711,09:41:00,214.0,13.9,2975,218.0,12.9,2812,25403,16207,58.8,888.0
Station_01,Inv_00,20170711,09:42:00,208.5,13.5,2815,219.0,12.2,2672,25403,16207,60.6,877.0
Station_01,Inv_00,20170711,09:43:00,214.0,14.0,2996,218.0,12.9,2812,25403,16207,60.6,803.0
Station_01,Inv_00,20170711,09:44:00,173.1,5.0,865,217.0,3.9,846,25403,16207,60.2,572.0
Station_01,Inv_00,20170711,09:45:00,217.0,3.5,760,218.0,3.3,719,25403,16207,55.9,253.0
Station_01,Inv_00,20170711,09:46:00,217.3,6.3,1369,218.0,5.9,1286,25403,16207,53.6,330.0
Station_01,Inv_00,20170711,09:47:00,218.8,12.8,2801,219.0,12.2,2672,25403,16207,56.2,792.0
Station_01,Inv_00,20170711,09:48:00,212.0,13.2,2798,218.0,12.1,2638,25403,16207,58.3,837.0
Station_01,Inv_00,20170711,09:49:00,216.0,12.6,2721,218.0,11.8,2572,25403,16207,59.7,807.0
Station_01,Inv_00,20170711,09:50:00,217.5,12.6,2740,218.0,11.8,2572,25403,16207,59.0,808.0
Station_01,Inv_00,20170711,09:51:00,211.5,13.3,2813,218.0,12.1,2638,25403,16207,58.9,828.0
Station_01,Inv_00,20170711,09:52:00,216.0,13.1,2830,219.0,12.2,2672,25403,16207,60.9,840.0
Station_01,Inv_00,20170711,09:53:00,214.0,13.2,2824,219.0,12.2,2672,25403,16207,60.8,843.0
Station_01,Inv_00,20170711,09:54:00,218.0,11.1,2419,218.0,9.0,1962,25404,16208,60.3,749.0
Station_01,Inv_00,20170711,09:55:00,211.0,13.9,2933,218.0,12.6,2747,25404,16208,60.7,861.0
Station_01,Inv_00,20170711,09:56:00,214.0,14.6,3124,219.0,13.4,2935,25404,16208,61.2,924.0
Station_01,Inv_00,20170711,09:57:00,217.0,2.6,564,217.0,2.6,564,25404,16208,57.7,227.0
Station_01,Inv_00,20170711,09:58:00,213.5,3.6,769,217.0,3.4,738,25404,16208,54.4,222.0
Station_01,Inv_00,20170711,09:59:00,211.0,4.2,886,218.0,3.9,850,25404,16208,55.1,352.0
Station_01,Inv_00,20170711,10:00:00,208.0,9.6,1997,219.0,9.9,2168,25404,16208,55.7,656.0
Station_01,Inv_00,20170711,10:01:00,225.6,6.6,1489,218.0,5.9,1286,25404,16208,54.4,442.0
Station_01,Inv_00,20170711,10:02:00,219.4,12.1,2655,219.0,11.3,2475,25404,16208,56.9,821.0
Station_01,Inv_00,20170711,10:03:00,200.1,5.2,1040,218.0,4.6,1003,25404,16208,56.0,381.0
Station_01,Inv_00,20170711,10:04:00,228.5,13.3,3039,219.0,11.2,2453,25404,16208,55.0,595.0
Station_01,Inv_00,20170711,10:05:00,222.0,5.5,1221,218.0,4.6,1003,25404,16208,54.7,523.0
Station_01,Inv_00,20170711,10:06:00,228.5,10.1,2307,219.0,9.8,2146,25404,16208,53.4,585.0
Station_01,Inv_00,20170711,10:07:00,220.0,14.3,3146,219.0,13.4,2935,25404,16208,57.0,888.0
Station_01,Inv_00,20170711,10:08:00,192.1,5.6,1076,218.0,5.3,1155,25404,16208,57.4,718.0
Station_01,Inv_00,20170711,10:09:00,186.8,2.9,542,218.0,2.5,545,25404,16208,55.0,437.0
Station_01,Inv_00,20170711,10:10:00,199.5,2.8,559,218.0,2.5,545,25404,16208,52.1,194.0
Station_01,Inv_00,20170711,10:11:00,196.5,15.4,3026,219.0,12.8,2803,25404,16208,53.2,637.0
Station_01,Inv_00,20170711,10:12:00,207.5,15.6,3237,219.0,13.9,3044,25404,16208,56.1,944.0
Station_01,Inv_00,20170711,10:13:00,217.5,15.4,3349,219.0,14.4,3154,25404,16208,58.3,977.0
Station_01,Inv_00,20170711,10:14:00,215.5,15.3,3296,219.0,14.1,3088,25404,16208,59.8,885.0
Station_01,Inv_00,20170711,10:15:00,210.0,15.3,3213,219.0,13.7,3000,25404,16208,61.0,949.0
Station_01,Inv_00,20170711,10:16:00,210.0,15.0,3150,219.0,13.4,2935,25404,16208,62.8,940.0
Station_01,Inv_00,20170711,10:17:00,215.5,14.6,3146,219.0,13.5,2957,25404,16208,60.6,947.0
Station_01,Inv_00,20170711,10:18:00,214.0,14.7,3146,219.0,13.5,2957,25404,16208,62.4,948.0
Station_01,Inv_00,20170711,10:19:00,213.5,14.5,3096,218.0,13.3,2899,25404,16208,63.6,933.0
Station_01,Inv_00,20170711,10:20:00,212.6,2.7,574,217.0,2.6,564,25404,16208,61.0,246.0
Station_01,Inv_00,20170711,10:21:00,212.0,13.5,2862,218.0,12.3,2681,25405,16208,60.4,709.0
Station_01,Inv_00,20170711,10:22:00,207.0,14.7,3043,219.0,13.1,2869,25405,16208,60.5,894.0
Station_01,Inv_00,20170711,10:23:00,207.5,14.4,2988,218.0,12.9,2812,25405,16208,62.4,901.0
Station_01,Inv_00,20170711,10:24:00,211.9,14.1,2988,218.0,12.9,2812,25405,16208,63.6,902.0
Station_01,Inv_00,20170711,10:25:00,210.0,14.5,3045,218.0,13.2,2878,25405,16208,63.1,933.0
Station_01,Inv_00,20170711,10:26:00,208.5,14.4,3002,218.0,12.9,2812,25405,16208,66.0,914.0
Station_01,Inv_00,20170711,10:27:00,212.0,14.1,2989,218.0,12.9,2812,25405,16208,64.3,904.0
Station_01,Inv_00,20170711,10:28:00,204.5,15.0,3067,218.0,13.1,2856,25405,16208,64.7,916.0
Station_01,Inv_00,20170711,10:29:00,210.5,14.9,3136,218.0,13.5,2943,25405,16208,65.2,942.0
Station_01,Inv_00,20170711,10:30:00,155.1,3.9,605,217.0,3.8,825,25405,16208,63.4,511.0
Station_01,Inv_00,20170711,10:31:00,188.9,4.1,775,217.0,2.9,629,25405,16208,60.3,293.0
Station_01,Inv_00,20170711,10:32:00,138.5,3.3,457,216.0,2.5,540,25405,16208,58.5,489.0
Station_01,Inv_00,20170711,10:33:00,214.0,15.3,3274,218.0,14.0,3052,25405,16208,59.1,875.0
Station_01,Inv_00,20170711,10:34:00,210.4,15.0,3156,218.0,13.5,2943,25405,16208,60.9,841.0
Station_01,Inv_00,20170711,10:35:00,217.5,14.4,3132,218.0,13.5,2943,25405,16208,60.6,926.0
Station_01,Inv_00,20170711,10:36:00,215.5,14.7,3168,218.0,13.7,2987,25405,16208,62.1,935.0
Station_01,Inv_00,20170711,10:37:00,208.5,15.0,3127,218.0,13.5,2943,25405,16208,63.3,937.0
Station_01,Inv_00,20170711,10:38:00,208.0,10.2,2122,217.0,7.9,1714,25405,16208,62.8,779.0
Station_01,Inv_00,20170711,10:39:00,212.5,14.2,3017,218.0,12.9,2812,25405,16208,65.2,889.0
Station_01,Inv_00,20170711,10:40:00,210.5,14.7,3094,218.0,13.3,2899,25405,16208,65.9,925.0
Station_01,Inv_00,20170711,10:41:00,207.5,15.2,3154,217.0,13.5,2930,25405,16208,66.8,943.0
Station_01,Inv_00,20170711,10:42:00,204.0,15.6,3182,218.0,13.6,2965,25405,16208,68.2,961.0
Station_01,Inv_00,20170711,10:43:00,204.0,15.5,3162,218.0,13.6,2965,25406,16209,68.8,968.0
Station_01,Inv_00,20170711,10:44:00,189.0,16.3,3081,218.0,13.2,2878,25406,16209,68.8,966.0
Station_01,Inv_00,20170711,10:45:00,204.5,15.4,3149,219.0,13.5,2957,25406,16209,68.5,944.0
Station_01,Inv_00,20170711,10:46:00,209.0,15.1,3156,218.0,13.6,2965,25406,16209,67.6,961.0
Station_01,Inv_00,20170711,10:47:00,194.0,16.3,3162,217.0,13.5,2930,25406,16209,68.6,962.0
Station_01,Inv_00,20170711,10:48:00,187.0,16.5,3085,217.0,13.2,2864,25406,16209,68.3,974.0
Station_01,Inv_00,20170711,10:49:00,202.0,15.0,3030,218.0,13.5,2943,25406,16209,68.7,920.0
Station_01,Inv_00,20170711,10:50:00,197.5,16.1,3180,218.0,13.7,2987,25406,16209,70.1,938.0
Station_01,Inv_00,20170711,10:51:00,192.5,16.7,3215,217.0,13.9,3016,25406,16209,70.2,990.0
Station_01,Inv_00,20170711,10:52:00,197.5,16.5,3259,217.0,14.1,3060,25406,16209,71.5,1013.0
Station_01,Inv_00,20170711,10:53:00,202.0,3.4,687,215.0,3.1,667,25406,16209,65.3,229.0
Station_01,Inv_00,20170711,10:54:00,199.5,17.1,3411,218.0,14.5,3161,25406,16209,64.5,752.0
Station_01,Inv_00,20170711,10:55:00,201.5,4.1,826,217.0,3.5,760,25406,16209,64.4,587.0
Station_01,Inv_00,20170711,10:56:00,207.4,4.0,830,217.0,3.7,803,25406,16209,61.3,266.0
Station_01,Inv_00,20170711,10:57:00,207.3,14.5,3006,217.0,12.8,2778,25406,16209,63.4,843.0
Station_01,Inv_00,20170711,10:58:00,212.0,15.6,3307,217.0,14.3,3103,25406,16209,64.9,985.0
Station_01,Inv_00,20170711,10:59:00,200.0,13.8,2759,217.0,12.2,2647,25406,16209,65.4,819.0
Station_01,Inv_00,20170711,11:00:00,198.4,15.3,3036,217.0,13.3,2886,25406,16209,64.0,750.0
Station_01,Inv_00,20170711,11:01:00,191.0,3.2,611,215.0,2.8,602,25406,16209,60.7,221.0
Station_01,Inv_00,20170711,11:02:00,216.9,4.6,998,216.0,4.1,886,25406,16209,58.2,271.0
Station_01,Inv_00,20170711,11:03:00,207.2,2.8,580,215.0,2.6,559,25406,16209,56.0,196.0
Station_01,Inv_00,20170711,11:04:00,217.5,14.9,3241,217.0,13.9,3016,25406,16209,56.7,710.0
Station_01,Inv_00,20170711,11:05:00,212.9,15.2,3237,216.0,14.0,3024,25406,16209,58.8,932.0
Station_01,Inv_00,20170711,11:06:00,214.0,15.1,3231,217.0,14.0,3038,25406,16209,60.8,931.0
Station_01,Inv_00,20170711,11:07:00,214.0,15.0,3210,217.0,13.9,3016,25406,16209,60.8,921.0
Station_01,Inv_00,20170711,11:08:00,199.0,15.5,3084,216.0,13.4,2894,25407,16210,63.6,928.0
Station_01,Inv_00,20170711,11:09:00,201.5,15.5,3123,216.0,13.5,2916,25407,16210,64.6,931.0
Station_01,Inv_00,20170711,11:10:00,213.0,14.7,3131,217.0,13.6,2951,25407,16210,65.5,937.0
Station_01,Inv_00,20170711,11:11:00,199.0,15.7,3124,217.0,13.4,2908,25407,16210,66.4,935.0
Station_01,Inv_00,20170711,11:12:00,201.5,15.7,3163,217.0,13.6,2951,25407,16210,66.4,943.0
Station_01,Inv_00,20170711,11:13:00,200.0,15.8,3159,217.0,13.7,2973,25407,16210,65.5,962.0
Station_01,Inv_00,20170711,11:14:00,195.0,16.2,3158,217.0,13.5,2930,25407,16210,67.4,966.0
Station_01,Inv_00,20170711,11:15:00,207.5,15.6,3237,218.0,13.9,3030,25407,16210,68.1,970.0
Station_01,Inv_00,20170711,11:16:00,203.0,15.8,3207,217.0,13.8,2995,25407,16210,69.8,970.0
Station_01,Inv_00,20170711,11:17:00,199.5,16.0,3192,217.0,13.8,2995,25407,16210,70.2,977.0
Station_01,Inv_00,20170711,11:18:00,207.0,15.5,3208,218.0,13.8,3008,25407,16210,67.4,969.0
Station_01,Inv_00,20170711,11:19:00,202.5,15.7,3179,218.0,13.7,2987,25407,16210,69.6,956.0
Station_01,Inv_00,20170711,11:20:00,195.9,15.8,3095,217.0,13.4,2908,25407,16210,69.7,950.0
Station_01,Inv_00,20170711,11:21:00,207.9,14.6,3035,218.0,13.5,2943,25407,16210,69.7,929.0
Station_01,Inv_00,20170711,11:22:00,212.5,6.2,1318,217.0,5.7,1237,25407,16210,66.6,351.0
Station_01,Inv_00,20170711,11:23:00,203.0,15.6,3167,217.0,13.7,2973,25407,16210,69.5,952.0
Station_01,Inv_00,20170711,11:24:00,207.0,15.3,3167,218.0,13.7,2987,25407,16210,71.2,976.0
Station_01,Inv_00,20170711,11:25:00,202.0,15.6,3151,217.0,13.6,2951,25407,16210,70.5,971.0
Station_01,Inv_00,20170711,11:26:00,204.0,15.4,3142,217.0,13.6,2951,25407,16210,71.5,968.0
Station_01,Inv_00,20170711,11:27:00,204.0,15.5,3162,217.0,13.7,2973,25408,16210,69.4,979.0
Station_01,Inv_00,20170711,11:28:00,199.5,15.9,3172,217.0,13.7,2973,25408,16210,69.7,974.0
Station_01,Inv_00,20170711,11:29:00,204.0,15.5,3161,217.0,13.6,2951,25408,16210,68.7,964.0
Station_01,Inv_00,20170711,11:30:00,197.5,15.9,3140,217.0,13.6,2951,25408,16210,68.0,951.0
Station_01,Inv_00,20170711,11:31:00,203.0,15.6,3167,217.0,13.7,2973,25408,16210,69.6,952.0
Station_01,Inv_00,20170711,11:32:00,207.5,15.4,3195,217.0,13.8,2995,25408,16210,68.0,967.0
Station_01,Inv_00,20170711,11:33:00,201.0,15.8,3175,217.0,13.8,2995,25408,16210,68.3,967.0
Station_01,Inv_00,20170711,11:34:00,198.5,16.0,3176,217.0,13.8,2995,25408,16210,68.9,972.0
Station_01,Inv_00,20170711,11:35:00,205.0,15.6,3198,217.0,13.8,2995,25408,16210,70.8,975.0
Station_01,Inv_00,20170711,11:36:00,201.5,15.8,3183,217.0,13.7,2973,25408,16210,70.9,965.0
Station_01,Inv_00,20170711,11:37:00,201.0,15.6,3135,217.0,13.7,2973,25408,16210,69.9,972.0
Station_01,Inv_00,20170711,11:38:00,198.0,16.0,3168,217.0,13.6,2951,25408,16210,69.2,970.0
Station_01,Inv_00,20170711,11:39:00,204.0,15.6,3182,216.0,13.8,2981,25408,16210,69.6,965.0
Station_01,Inv_00,20170711,11:40:00,196.0,16.2,3175,217.0,13.7,2973,25408,16210,70.0,967.0
Station_01,Inv_00,20170711,11:41:00,203.0,15.8,3207,217.0,13.8,2995,25408,16210,68.8,968.0
Station_01,Inv_00,20170711,11:42:00,208.0,15.5,3224,217.0,13.9,3016,25408,16210,68.6,973.0
Station_01,Inv_00,20170711,11:43:00,203.0,16.0,3248,217.0,14.0,3038,25408,16210,67.1,974.0
Station_01,Inv_00,20170711,11:44:00,206.5,15.8,3263,217.0,14.1,3060,25408,16210,68.3,964.0
Station_01,Inv_00,20170711,11:45:00,205.0,15.8,3239,217.0,14.0,3038,25408,16210,69.8,968.0
Station_01,Inv_00,20170711,11:46:00,206.9,15.6,3228,217.0,13.9,3016,25409,16211,68.7,973.0
Station_01,Inv_00,20170711,11:47:00,204.9,15.8,3237,217.0,14.0,3038,25409,16211,69.8,984.0
Station_01,Inv_00,20170711,11:48:00,200.5,16.2,3248,217.0,14.0,3038,25409,16211,71.1,996.0
Station_01,Inv_00,20170711,11:49:00,195.0,16.7,3257,217.0,14.1,3060,25409,16211,71.9,1013.0
Station_01,Inv_00,20170711,11:50:00,194.5,16.2,3150,217.0,13.7,2973,25409,16211,72.6,957.0
Station_01,Inv_00,20170711,11:51:00,0.0,0.0,0,220.0,0.1,22,25409,16211,68.7,243.0
Station_01,Inv_00,20170711,11:52:00,0.0,0.0,0,220.0,0.1,22,25409,16211,65.6,186.0
Station_01,Inv_00,20170711,11:53:00,0.0,0.0,0,221.0,0.1,22,25409,16211,63.0,198.0
Station_01,Inv_00,20170711,11:54:00,0.0,0.0,0,221.0,0.1,22,25409,16211,60.7,241.0
Station_01,Inv_00,20170711,11:55:00,0.0,0.0,0,0.0,0.0,0,25409,16211,62.4,870.0
Station_01,Inv_00,20170711,11:56:00,278.5,3.7,1030,217.0,3.3,716,25409,16211,65.9,1020.0
Station_01,Inv_00,20170711,11:57:00,220.0,15.1,3321,218.0,14.3,3117,25409,16211,67.1,1008.0
Station_01,Inv_00,20170711,11:58:00,204.0,16.3,3325,218.0,14.3,3117,25409,16211,69.3,1001.0
Station_01,Inv_00,20170711,11:59:00,204.5,16.4,3354,219.0,14.3,3132,25409,16211,69.5,1001.0
Station_01,Inv_00,20170711,12:00:00,200.0,16.7,3340,219.0,14.3,3132,25409,16211,70.4,999.0
Station_01,Inv_00,20170711,12:01:00,175.9,7.1,1249,218.0,7.3,1591,25409,16211,72.7,993.0
Station_01,Inv_00,20170711,12:02:00,199.9,15.2,3039,220.0,11.2,2464,25409,16211,69.0,602.0
Station_01,Inv_00,20170711,12:03:00,201.5,16.8,3385,221.0,14.4,3182,25409,16211,69.4,978.0
Station_01,Inv_00,20170711,12:04:00,203.5,16.5,3357,220.0,14.3,3146,25409,16211,70.4,1002.0
Station_01,Inv_00,20170711,12:05:00,199.5,17.1,3411,221.0,14.4,3182,25409,16211,71.0,1030.0
Station_01,Inv_00,20170711,12:06:00,202.5,16.8,3402,220.0,14.5,3190,25409,16211,72.7,1042.0
Station_01,Inv_00,20170711,12:07:00,201.4,16.9,3404,220.0,14.4,3168,25409,16211,74.0,1050.0
Station_01,Inv_00,20170711,12:08:00,201.5,16.8,3385,221.0,14.3,3160,25409,16211,73.2,1037.0
Station_01,Inv_00,20170711,12:09:00,200.0,16.9,3380,221.0,14.3,3160,25409,16211,74.3,1032.0
Station_01,Inv_00,20170711,12:10:00,199.0,16.8,3343,221.0,14.2,3138,25409,16211,73.2,1026.0
Station_01,Inv_00,20170711,12:11:00,201.0,16.5,3316,220.0,14.1,3102,25410,16212,73.2,1018.0
Station_01,Inv_00,20170711,12:12:00,200.5,16.6,3328,220.0,14.1,3102,25410,16212,72.5,1010.0
Station_01,Inv_00,20170711,12:13:00,200.0,16.6,3320,220.0,14.1,3102,25410,16212,74.8,1017.0
Station_01,Inv_00,20170711,12:14:00,201.5,16.2,3264,220.0,13.8,3036,25410,16212,74.4,1012.0
Station_01,Inv_00,20170711,12:15:00,202.5,15.8,3199,220.0,13.6,2992,25410,16212,74.6,1000.0
Station_01,Inv_00,20170711,12:16:00,194.0,15.4,2987,221.0,12.9,2851,25410,16212,74.8,947.0
Station_01,Inv_00,20170711,12:17:00,200.0,15.3,3060,220.0,12.9,2838,25410,16212,73.5,928.0
Station_01,Inv_00,20170711,12:18:00,198.5,15.3,3037,221.0,12.9,2851,25410,16212,72.9,917.0
Station_01,Inv_00,20170711,12:19:00,205.0,3.8,779,219.0,3.4,745,25410,16212,66.4,270.0
Station_01,Inv_00,20170711,12:20:00,203.5,3.8,773,219.0,3.4,745,25410,16212,61.0,246.0
Station_01,Inv_00,20170711,12:21:00,211.5,3.8,804,219.0,3.6,788,25410,16212,59.0,248.0
Station_01,Inv_00,20170711,12:22:00,205.6,9.8,2014,220.0,7.8,1716,25410,16212,57.5,462.0
Station_01,Inv_00,20170711,12:23:00,209.1,6.7,1401,219.0,6.4,1402,25410,16212,57.5,446.0
Station_01,Inv_00,20170711,12:24:00,223.0,4.9,1093,219.0,4.6,1007,25410,16212,55.6,330.0
Station_01,Inv_00,20170711,12:25:00,223.5,16.3,3643,221.0,15.5,3426,25410,16212,55.8,907.0
Station_01,Inv_00,20170711,12:26:00,210.5,16.9,3557,220.0,15.1,3322,25410,16212,58.8,1010.0
Station_01,Inv_00,20170711,12:27:00,214.4,16.8,3602,220.0,15.3,3366,25410,16212,60.9,1027.0
Station_01,Inv_00,20170711,12:28:00,209.5,16.9,3541,220.0,15.0,3300,25410,16212,61.2,1022.0
Station_01,Inv_00,20170711,12:29:00,210.5,16.6,3494,220.0,14.9,3278,25410,16212,61.0,991.0
Station_01,Inv_00,20170711,12:30:00,206.0,16.7,3440,220.0,14.7,3234,25410,16212,63.7,986.0
Station_01,Inv_00,20170711,12:31:00,206.5,16.7,3449,220.0,14.7,3234,25410,16212,63.8,992.0
Station_01,Inv_00,20170711,12:32:00,204.5,16.9,3456,220.0,14.7,3234,25410,16212,64.7,982.0
Station_01,Inv_00,20170711,12:33:00,205.5,16.5,3391,220.0,14.4,3168,25411,16212,64.5,968.0
Station_01,Inv_00,20170711,12:34:00,201.0,16.8,3377,220.0,14.4,3168,25411,16212,65.9,993.0
Station_01,Inv_00,20170711,12:35:00,207.5,16.3,3382,220.0,14.3,3146,25411,16212,65.3,983.0
Station_01,Inv_00,20170711,12:36:00,201.5,16.7,3365,220.0,14.3,3146,25411,16212,68.0,986.0
Station_01,Inv_00,20170711,12:37:00,201.0,16.4,3296,220.0,14.1,3102,25411,16212,66.5,992.0
Station_01,Inv_00,20170711,12:38:00,200.5,16.6,3328,220.0,14.1,3102,25411,16212,67.3,981.0
Station_01,Inv_00,20170711,12:39:00,200.5,16.8,3368,220.0,14.7,3234,25411,16212,63.9,1018.0
Station_01,Inv_00,20170711,12:40:00,206.9,11.4,2358,219.0,9.9,2168,25411,16212,62.3,527.0
Station_01,Inv_00,20170711,12:41:00,213.4,4.4,939,218.0,4.0,872,25411,16212,57.7,314.0
Station_01,Inv_00,20170711,12:42:00,218.9,4.4,963,218.0,4.1,894,25411,16212,57.6,288.0
Station_01,Inv_00,20170711,12:43:00,214.0,4.6,984,219.0,4.2,920,25411,16212,57.2,412.0
Station_01,Inv_00,20170711,12:44:00,222.0,4.2,932,219.0,3.9,854,25411,16212,55.2,274.0
Station_01,Inv_00,20170711,12:45:00,224.5,4.2,943,218.0,4.1,894,25411,16212,52.6,279.0
Station_01,Inv_00,20170711,12:46:00,224.5,4.4,988,218.0,4.3,937,25411,16212,52.3,292.0
Station_01,Inv_00,20170711,12:47:00,226.5,4.8,1087,219.0,4.6,1007,25411,16212,51.7,302.0
Station_01,Inv_00,20170711,12:48:00,228.9,5.4,1236,219.0,5.2,1139,25411,16212,49.9,330.0
Station_01,Inv_00,20170711,12:49:00,223.4,5.4,1206,218.0,5.2,1134,25411,16212,49.6,346.0
Station_01,Inv_00,20170711,12:50:00,223.5,16.7,3732,220.0,16.0,3520,25411,16212,51.3,928.0
Station_01,Inv_00,20170711,12:51:00,218.0,16.3,3553,220.0,15.0,3300,25411,16212,54.6,1028.0
Station_01,Inv_00,20170711,12:52:00,217.5,16.9,3675,221.0,15.7,3470,25411,16212,57.4,1051.0
Station_01,Inv_00,20170711,12:53:00,199.0,11.1,2209,220.0,9.6,2112,25411,16212,59.5,862.0
Station_01,Inv_00,20170711,12:54:00,209.9,16.3,3422,220.0,14.6,3212,25411,16212,60.8,951.0
Station_01,Inv_00,20170711,12:55:00,197.0,16.7,3290,219.0,14.0,3066,25411,16212,62.5,969.0
Station_01,Inv_00,20170711,12:56:00,211.5,15.6,3299,219.0,14.1,3088,25411,16212,63.0,954.0
Station_01,Inv_00,20170711,12:57:00,206.0,16.5,3399,219.0,14.5,3176,25412,16213,64.4,999.0
Station_01,Inv_00,20170711,12:58:00,208.5,16.4,3419,219.0,14.6,3197,25412,16213,65.2,1005.0
Station_01,Inv_00,20170711,12:59:00,206.5,16.3,3366,219.0,14.4,3154,25412,16213,66.2,997.0
Station_01,Inv_00,20170711,13:00:00,168.0,4.7,790,216.0,3.4,734,25412,16213,66.5,703.0
Station_01,Inv_00,20170711,13:01:00,212.9,5.5,1171,214.0,5.1,1091,25412,16213,62.1,333.0
Station_01,Inv_00,20170711,13:02:00,214.9,4.4,945,214.0,4.1,877,25412,16213,59.0,306.0
Station_01,Inv_00,20170711,13:03:00,218.4,4.1,896,214.0,4.0,856,25412,16213,55.5,274.0
Station_01,Inv_00,20170711,13:04:00,224.0,4.2,941,214.0,4.0,856,25412,16213,55.5,271.0
Station_01,Inv_00,20170711,13:05:00,223.0,4.5,1003,214.0,4.3,920,25412,16213,54.6,286.0
Station_01,Inv_00,20170711,13:06:00,212.0,6.0,1272,214.0,5.5,1177,25412,16213,53.8,403.0
Station_01,Inv_00,20170711,13:07:00,215.9,14.7,3173,215.0,13.8,2967,25412,16213,54.1,569.0
Station_01,Inv_00,20170711,13:08:00,191.9,6.4,1228,211.0,5.9,1245,25412,16213,58.1,843.0
Station_01,Inv_00,20170711,13:09:00,221.0,5.6,1238,212.0,5.3,1124,25412,16213,55.7,358.0
Station_01,Inv_00,20170711,13:10:00,215.0,5.4,1161,212.0,5.2,1102,25412,16213,54.6,347.0
Station_01,Inv_00,20170711,13:11:00,220.5,5.8,1279,212.0,5.6,1187,25412,16213,54.0,367.0
Station_01,Inv_00,20170711,13:12:00,220.0,16.0,3520,213.0,15.5,3302,25412,16213,55.7,901.0
Station_01,Inv_00,20170711,13:13:00,218.0,15.6,3401,212.0,15.0,3180,25412,16213,58.3,959.0
Station_01,Inv_00,20170711,13:14:00,212.5,15.7,3336,212.0,14.7,3116,25412,16213,60.0,952.0
Station_01,Inv_00,20170711,13:15:00,215.5,15.7,3383,212.0,14.9,3159,25412,16213,60.8,977.0
Station_01,Inv_00,20170711,13:16:00,213.0,15.7,3344,212.0,14.8,3138,25412,16213,62.9,969.0
Station_01,Inv_00,20170711,13:17:00,202.1,12.8,2587,212.0,12.0,2544,25412,16213,64.4,899.0
Station_01,Inv_00,20170711,13:18:00,219.9,5.7,1254,212.0,5.4,1145,25412,16213,62.3,386.0
Station_01,Inv_00,20170711,13:19:00,219.4,5.8,1273,212.0,5.6,1187,25412,16213,61.3,372.0
Station_01,Inv_00,20170711,13:20:00,220.0,6.3,1386,212.0,6.1,1293,25412,16213,60.0,423.0
Station_01,Inv_00,20170711,13:21:00,222.5,6.0,1335,212.0,5.9,1251,25412,16213,57.1,390.0
Station_01,Inv_00,20170711,13:22:00,199.9,6.4,1279,212.0,5.7,1208,25412,16213,57.2,392.0
Station_01,Inv_00,20170711,13:23:00,202.0,6.8,1374,212.0,6.2,1314,25412,16213,56.7,597.0
Station_01,Inv_00,20170711,13:24:00,213.5,9.8,2092,212.0,8.8,1866,25412,16213,56.0,535.0
Station_01,Inv_00,20170711,13:25:00,188.5,7.6,1432,212.0,6.3,1336,25412,16213,54.2,476.0
Station_01,Inv_00,20170711,13:26:00,175.5,10.0,1755,212.0,9.2,1950,25412,16213,57.0,759.0
Station_01,Inv_00,20170711,13:27:00,207.5,16.1,3341,212.0,14.5,3074,25413,16213,58.0,934.0
Station_01,Inv_00,20170711,13:28:00,203.4,6.0,1220,211.0,5.5,1161,25413,16213,58.4,589.0
Station_01,Inv_00,20170711,13:29:00,226.0,5.6,1266,211.0,5.5,1161,25413,16213,56.0,361.0
Station_01,Inv_00,20170711,13:30:00,226.5,12.5,2831,212.0,12.5,2650,25413,16213,57.0,712.0
Station_01,Inv_00,20170711,13:31:00,211.0,10.9,2300,212.0,11.9,2523,25413,16213,59.5,813.0
Station_01,Inv_00,20170711,13:32:00,217.5,13.8,3002,212.0,13.0,2756,25413,16213,59.3,666.0
Station_01,Inv_00,20170711,13:33:00,216.0,15.5,3348,212.0,14.7,3116,25413,16213,61.3,938.0
Station_01,Inv_00,20170711,13:34:00,212.5,15.2,3230,212.0,14.3,3032,25413,16213,62.8,927.0
Station_01,Inv_00,20170711,13:35:00,213.5,14.8,3160,212.0,14.0,2968,25413,16213,63.0,901.0
Station_01,Inv_00,20170711,13:36:00,201.0,6.5,1306,211.0,6.7,1414,25413,16213,62.7,737.0
Station_01,Inv_00,20170711,13:37:00,221.0,5.1,1127,211.0,4.9,1034,25413,16213,58.3,320.0
Station_01,Inv_00,20170711,13:38:00,219.0,11.4,2496,212.0,11.1,2353,25413,16213,57.7,531.0
Station_01,Inv_00,20170711,13:39:00,219.0,13.6,2978,212.0,13.1,2777,25413,16213,59.0,828.0
Station_01,Inv_00,20170711,13:40:00,203.9,9.9,2019,211.0,9.4,1983,25413,16213,59.3,692.0
Station_01,Inv_00,20170711,13:41:00,219.9,5.2,1144,211.0,5.0,1055,25413,16213,56.2,355.0
Station_01,Inv_00,20170711,13:42:00,223.4,4.4,983,211.0,4.2,886,25413,16213,54.2,290.0
Station_01,Inv_00,20170711,13:43:00,223.3,3.0,670,210.0,3.1,651,25413,16213,51.6,209.0
Station_01,Inv_00,20170711,13:44:00,222.0,2.5,555,211.0,2.5,528,25413,16213,49.6,168.0
Station_01,Inv_00,20170711,13:45:00,221.0,2.2,486,211.0,2.3,485,25413,16213,49.1,152.0
Station_01,Inv_00,20170711,13:46:00,223.0,2.1,468,211.0,2.2,464,25413,16213,47.2,148.0
Station_01,Inv_00,20170711,13:47:00,223.3,2.2,491,211.0,2.3,485,25413,16213,46.5,146.0
Station_01,Inv_00,20170711,13:48:00,224.3,2.4,538,211.0,2.5,528,25413,16213,45.1,157.0
Station_01,Inv_00,20170711,13:49:00,226.5,2.3,521,211.0,2.4,506,25413,16213,44.3,155.0
Station_01,Inv_00,20170711,13:50:00,222.5,2.3,512,212.0,2.3,488,25413,16213,43.4,152.0
Station_01,Inv_00,20170711,13:51:00,223.0,2.3,513,212.0,2.3,488,25413,16213,42.6,155.0
Station_01,Inv_00,20170711,13:52:00,222.0,2.3,511,211.0,2.2,464,25413,16213,42.4,152.0
Station_01,Inv_00,20170711,13:53:00,233.0,2.1,489,211.0,2.2,464,25413,16213,41.2,150.0
Station_01,Inv_00,20170711,13:54:00,230.0,2.1,483,211.0,2.2,464,25413,16213,40.9,149.0
Station_01,Inv_00,20170711,13:55:00,231.3,2.0,463,211.0,2.1,443,25413,16213,40.4,141.0
Station_01,Inv_00,20170711,13:56:00,229.5,2.1,482,211.0,2.2,464,25413,16213,40.1,145.0
Station_01,Inv_00,20170711,13:57:00,226.5,2.2,498,211.0,2.2,464,25413,16213,39.7,149.0
Station_01,Inv_00,20170711,13:58:00,230.5,2.6,599,211.0,2.6,549,25413,16213,39.5,166.0
Station_01,Inv_00,20170711,13:59:00,227.5,2.9,660,211.0,2.9,612,25413,16213,39.2,187.0
Station_01,Inv_00,20170711,14:00:00,231.8,3.4,788,211.0,3.6,760,25413,16213,39.2,215.0
Station_01,Inv_00,20170711,14:01:00,234.0,3.6,842,211.0,3.8,802,25413,16213,39.6,234.0
Station_01,Inv_00,20170711,14:02:00,235.0,3.7,870,211.0,3.9,823,25413,16213,40.0,237.0
Station_01,Inv_00,20170711,14:03:00,234.5,3.6,844,211.0,3.7,781,25413,16213,39.7,234.0
Station_01,Inv_00,20170711,14:04:00,230.0,3.5,805,211.0,3.6,760,25413,16213,40.0,226.0
Station_01,Inv_00,20170711,14:05:00,223.0,11.9,2653,212.0,11.9,2523,25413,16213,42.4,592.0
Station_01,Inv_00,20170711,14:06:00,232.0,3.4,789,211.0,3.6,760,25413,16213,41.0,230.0
Station_01,Inv_00,20170711,14:07:00,226.0,3.7,836,211.0,3.9,823,25413,16213,40.6,239.0
Station_01,Inv_00,20170711,14:08:00,236.9,3.7,877,211.0,3.9,823,25413,16213,40.1,250.0
Station_01,Inv_00,20170711,14:09:00,234.5,3.5,821,211.0,3.7,781,25413,16213,37.8,230.0
Station_01,Inv_00,20170711,14:10:00,237.8,3.4,808,211.0,3.6,760,25413,16213,36.0,218.0
Station_01,Inv_00,20170711,14:11:00,241.5,3.2,773,210.0,3.5,735,25413,16213,34.8,209.0
Station_01,Inv_00,20170711,14:12:00,241.5,3.2,773,211.0,3.5,739,25413,16213,34.0,208.0
Station_01,Inv_00,20170711,14:13:00,234.5,3.4,797,212.0,3.6,763,25413,16213,33.2,204.0
Station_01,Inv_00,20170711,14:14:00,241.5,3.2,773,211.0,3.5,739,25413,16213,32.5,201.0
Station_01,Inv_00,20170711,14:15:00,243.5,2.8,682,211.0,3.1,654,25413,16213,31.9,179.0
Station_01,Inv_00,20170711,14:16:00,233.0,2.5,582,212.0,2.6,551,25413,16213,31.4,162.0
Station_01,Inv_00,20170711,14:17:00,237.5,2.3,546,211.0,2.5,528,25413,16213,31.0,151.0
Station_01,Inv_00,20170711,14:18:00,241.9,2.1,508,211.0,2.3,485,25413,16213,31.0,138.0
Station_01,Inv_00,20170711,14:19:00,231.0,1.8,416,211.0,2.0,422,25414,16214,31.0,129.0
Station_01,Inv_00,20170711,14:20:00,243.8,1.8,439,211.0,1.9,401,25414,16214,31.0,123.0
Station_01,Inv_00,20170711,14:21:00,244.5,1.8,440,212.0,2.0,424,25414,16214,31.0,127.0
Station_01,Inv_00,20170711,14:22:00,236.0,1.9,448,211.0,2.0,422,25414,16214,31.1,134.0
Station_01,Inv_00,20170711,14:23:00,252.5,2.0,505,211.0,2.4,506,25414,16214,31.1,146.0
Station_01,Inv_00,20170711,14:24:00,246.5,2.0,493,212.0,2.3,488,25414,16214,31.1,145.0
Station_01,Inv_00,20170711,14:25:00,248.0,2.0,496,212.0,2.3,488,25414,16214,31.1,142.0
Station_01,Inv_00,20170711,14:26:00,235.1,2.2,517,212.0,2.3,488,25414,16214,31.1,147.0
Station_01,Inv_00,20170711,14:27:00,244.0,2.2,537,212.0,2.5,530,25414,16214,31.1,151.0
Station_01,Inv_00,20170711,14:28:00,239.5,2.3,551,212.0,2.4,509,25414,16214,31.0,155.0
Station_01,Inv_00,20170711,14:29:00,231.5,2.2,509,211.0,2.2,464,25414,16214,31.0,153.0
Station_01,Inv_00,20170711,14:30:00,244.0,1.6,390,211.0,1.8,380,25414,16214,31.0,126.0
Station_01,Inv_00,20170711,14:31:00,235.0,1.6,376,211.0,1.7,359,25414,16214,31.1,121.0
Station_01,Inv_00,20170711,14:32:00,222.0,1.8,400,211.0,1.8,380,25414,16214,31.1,127.0
Station_01,Inv_00,20170711,14:33:00,246.5,2.0,493,211.0,2.1,443,25414,16214,31.3,137.0
Station_01,Inv_00,20170711,14:34:00,242.5,2.1,509,211.0,2.2,464,25414,16214,31.7,147.0
Station_01,Inv_00,20170711,14:35:00,248.0,2.1,521,211.0,2.4,506,25414,16214,32.2,152.0
Station_01,Inv_00,20170711,14:36:00,240.0,2.2,528,211.0,2.3,485,25414,16214,32.6,152.0
Station_01,Inv_00,20170711,14:37:00,244.6,2.2,538,211.0,2.5,528,25414,16214,32.9,162.0
Station_01,Inv_00,20170711,14:38:00,240.0,2.3,552,211.0,2.5,528,25414,16214,33.3,160.0
Station_01,Inv_00,20170711,14:39:00,248.4,2.5,621,211.0,2.7,570,25414,16214,33.7,173.0
Station_01,Inv_00,20170711,14:40:00,237.5,3.0,712,211.0,3.1,654,25414,16214,34.0,197.0
Station_01,Inv_00,20170711,14:41:00,244.4,3.5,855,211.0,3.8,802,25414,16214,34.5,230.0
Station_01,Inv_00,20170711,14:42:00,245.3,4.0,981,211.0,4.2,886,25414,16214,34.8,256.0
Station_01,Inv_00,20170711,14:43:00,245.0,3.9,955,211.0,4.2,886,25414,16214,36.9,322.0
Station_01,Inv_00,20170711,14:44:00,244.4,4.7,1149,212.0,4.9,1039,25414,16214,35.9,305.0
Station_01,Inv_00,20170711,14:45:00,239.5,9.9,2371,213.0,10.6,2258,25414,16214,37.0,506.0
Station_01,Inv_00,20170711,14:46:00,211.4,3.6,761,211.0,3.6,760,25414,16214,36.7,431.0
Station_01,Inv_00,20170711,14:47:00,244.0,2.8,683,212.0,3.1,657,25414,16214,34.8,200.0
Station_01,Inv_00,20170711,14:48:00,241.0,2.7,651,211.0,2.8,591,25414,16214,34.0,175.0
Station_01,Inv_00,20170711,14:49:00,248.3,2.6,646,211.0,3.0,633,25414,16214,33.6,174.0
Station_01,Inv_00,20170711,14:50:00,241.0,3.1,747,211.0,3.3,696,25414,16214,33.5,193.0
Station_01,Inv_00,20170711,14:51:00,244.5,3.5,856,212.0,3.8,806,25414,16214,33.2,218.0
Station_01,Inv_00,20170711,14:52:00,242.4,7.8,1891,213.0,8.3,1768,25414,16214,34.4,414.0
Station_01,Inv_00,20170711,14:53:00,244.9,4.0,980,212.0,4.4,933,25414,16214,34.8,318.0
Station_01,Inv_00,20170711,14:54:00,244.0,4.0,976,212.0,4.2,890,25414,16214,34.2,258.0
Station_01,Inv_00,20170711,14:55:00,245.9,3.9,959,211.0,4.3,907,25414,16214,33.9,258.0
Station_01,Inv_00,20170711,14:56:00,251.0,4.0,1004,212.0,4.4,933,25414,16214,33.7,256.0
Station_01,Inv_00,20170711,14:57:00,221.9,4.3,954,212.0,4.1,869,25414,16214,33.6,258.0
Station_01,Inv_00,20170711,14:58:00,226.5,4.2,951,212.0,4.2,890,25414,16214,33.5,265.0
Station_01,Inv_00,20170711,14:59:00,203.0,4.8,974,212.0,4.1,869,25414,16214,33.8,299.0
Station_01,Inv_00,20170711,15:00:00,241.0,4.6,1109,212.0,5.0,1060,25414,16214,33.7,295.0
Station_01,Inv_00,20170711,15:01:00,239.0,4.9,1171,212.0,5.0,1060,25414,16214,34.0,300.0
Station_01,Inv_00,20170711,15:02:00,235.5,6.5,1531,213.0,6.7,1427,25414,16214,34.3,342.0
Station_01,Inv_00,20170711,15:03:00,238.5,9.7,2313,213.0,10.3,2194,25414,16214,35.7,546.0
Station_01,Inv_00,20170711,15:04:00,245.4,10.6,2602,214.0,11.4,2440,25414,16214,37.2,631.0
Station_01,Inv_00,20170711,15:05:00,244.0,11.1,2708,214.0,11.9,2547,25414,16214,38.7,669.0
Station_01,Inv_00,20170711,15:06:00,241.0,10.9,2627,214.0,11.6,2482,25414,16214,39.4,661.0
Station_01,Inv_00,20170711,15:07:00,236.0,10.7,2525,214.0,11.1,2375,25414,16214,39.5,655.0
Station_01,Inv_00,20170711,15:08:00,241.0,10.1,2434,213.0,10.8,2300,25414,16214,38.8,621.0
Station_01,Inv_00,20170711,15:09:00,243.5,9.2,2240,213.0,9.9,2109,25414,16214,38.5,578.0
Station_01,Inv_00,20170711,15:10:00,240.0,8.1,1944,213.0,8.7,1853,25414,16214,38.2,517.0
Station_01,Inv_00,20170711,15:11:00,236.9,2.5,592,212.0,2.7,572,25414,16214,36.9,241.0
Station_01,Inv_00,20170711,15:12:00,236.0,2.0,472,212.0,2.0,424,25414,16214,35.1,138.0
Station_01,Inv_00,20170711,15:13:00,225.5,1.6,361,212.0,1.7,360,25414,16214,34.1,117.0
Station_01,Inv_00,20170711,15:14:00,238.0,1.4,333,212.0,1.6,339,25414,16214,33.2,106.0
Station_01,Inv_00,20170711,15:15:00,233.5,1.3,304,212.0,1.5,318,25414,16214,32.5,96.0
Station_01,Inv_00,20170711,15:16:00,234.0,1.1,257,212.0,1.3,276,25414,16214,31.8,88.0
Station_01,Inv_00,20170711,15:17:00,235.5,1.0,236,212.0,1.2,254,25414,16214,31.4,84.0
Station_01,Inv_00,20170711,15:18:00,232.0,1.1,255,212.0,1.3,276,25414,16214,31.1,83.0
Station_01,Inv_00,20170711,15:19:00,220.0,1.2,264,212.0,1.2,254,25414,16214,31.0,86.0
Station_01,Inv_00,20170711,15:20:00,208.4,1.2,250,212.0,1.2,254,25414,16214,30.9,86.0
Station_01,Inv_00,20170711,15:21:00,209.0,1.1,230,212.0,1.2,254,25414,16214,30.8,84.0
Station_01,Inv_00,20170711,15:22:00,208.0,1.1,229,212.0,1.2,254,25414,16214,30.7,85.0
Station_01,Inv_00,20170711,15:23:00,208.0,1.1,229,213.0,1.1,234,25414,16214,30.6,84.0
Station_01,Inv_00,20170711,15:24:00,226.5,1.1,249,211.0,1.2,253,25414,16214,30.6,82.0
Station_01,Inv_00,20170711,15:25:00,223.5,1.1,246,211.0,1.3,274,25414,16214,30.5,86.0
Station_01,Inv_00,20170711,15:26:00,229.9,1.2,276,211.0,1.3,274,25414,16214,30.5,88.0
Station_01,Inv_00,20170711,15:27:00,214.0,1.3,278,211.0,1.3,274,25414,16214,30.6,92.0
Station_01,Inv_00,20170711,15:28:00,206.4,1.2,248,210.0,1.3,273,25414,16214,30.6,91.0
Station_01,Inv_00,20170711,15:29:00,203.5,1.2,244,211.0,1.2,253,25415,16215,30.6,90.0
Station_01,Inv_00,20170711,15:30:00,209.0,1.0,209,211.0,1.1,232,25415,16215,30.4,83.0
Station_01,Inv_00,20170711,15:31:00,216.0,1.0,216,210.0,1.0,210,25415,16215,30.3,76.0
Station_01,Inv_00,20170711,15:32:00,205.4,0.9,185,210.0,1.0,210,25415,16215,30.2,70.0
Station_01,Inv_00,20170711,15:33:00,234.0,0.8,187,210.0,1.0,210,25415,16215,30.1,67.0
Station_01,Inv_00,20170711,15:34:00,201.1,0.8,161,210.0,1.0,210,25415,16215,30.0,67.0
Station_01,Inv_00,20170711,15:35:00,213.0,0.8,170,210.0,0.9,189,25415,16215,30.0,66.0
Station_01,Inv_00,20170711,15:36:00,193.0,0.8,154,210.0,0.8,168,25415,16215,29.9,63.0
Station_01,Inv_00,20170711,15:37:00,192.4,0.7,135,210.0,0.8,168,25415,16215,29.8,58.0
Station_01,Inv_00,20170711,15:38:00,211.3,0.6,127,210.0,0.7,147,25415,16215,29.6,54.0
Station_01,Inv_00,20170711,15:39:00,210.0,0.5,105,210.0,0.6,126,25415,16215,29.5,50.0
Station_01,Inv_00,20170711,15:40:00,184.4,0.5,92,210.0,0.5,105,25415,16215,29.4,48.0
Station_01,Inv_00,20170711,15:41:00,209.0,0.4,84,210.0,0.6,126,25415,16215,29.3,45.0
Station_01,Inv_00,20170711,15:42:00,221.0,0.5,111,210.0,0.5,105,25415,16215,29.3,45.0
Station_01,Inv_00,20170711,15:43:00,189.0,0.5,95,210.0,0.5,105,25415,16215,29.2,46.0
Station_01,Inv_00,20170711,15:44:00,158.0,0.4,63,210.0,0.5,105,25415,16215,29.2,45.0
Station_01,Inv_00,20170711,15:45:00,157.4,0.5,79,210.0,0.5,105,25415,16215,29.2,51.0
Station_01,Inv_00,20170711,15:46:00,198.5,0.6,119,210.0,0.6,126,25415,16215,29.2,51.0
Station_01,Inv_00,20170711,15:47:00,224.5,0.6,135,210.0,0.8,168,25415,16215,29.2,56.0
Station_01,Inv_00,20170711,15:48:00,211.0,0.8,169,210.0,0.9,189,25415,16215,29.2,60.0
Station_01,Inv_00,20170711,15:49:00,233.0,0.8,186,210.0,1.0,210,25415,16215,29.3,64.0
Station_01,Inv_00,20170711,15:50:00,216.4,0.9,195,210.0,1.0,210,25415,16215,29.4,68.0
Station_01,Inv_00,20170711,15:51:00,228.0,0.9,205,211.0,1.0,211,25415,16215,29.4,79.0
Station_01,Inv_00,20170711,15:52:00,213.1,0.9,192,210.0,1.0,210,25415,16215,29.5,72.0
Station_01,Inv_00,20170711,15:53:00,212.4,0.9,191,210.0,1.0,210,25415,16215,29.4,69.0
Station_01,Inv_00,20170711,15:54:00,220.5,0.8,176,210.0,1.0,210,25415,16215,29.4,67.0
Station_01,Inv_00,20170711,15:55:00,168.0,0.8,134,211.0,0.7,148,25415,16215,29.4,64.0
Station_01,Inv_00,20170711,15:56:00,197.0,0.6,118,211.0,0.7,148,25415,16215,29.3,60.0
Station_01,Inv_00,20170711,15:57:00,210.0,0.6,126,211.0,0.7,148,25415,16215,29.2,54.0
Station_01,Inv_00,20170711,15:58:00,218.0,0.5,109,211.0,0.6,127,25415,16215,29.2,50.0
Station_01,Inv_00,20170711,15:59:00,212.0,0.4,85,211.0,0.6,127,25415,16215,28.9,48.0
Station_01,Inv_00,20170711,16:00:00,228.0,0.4,91,213.0,0.5,107,25415,16215,28.7,48.0
Station_01,Inv_00,20170711,16:01:00,212.7,0.3,64,213.0,0.5,107,25415,16215,28.5,40.0
Station_01,Inv_00,20170711,16:02:00,212.0,0.3,64,215.0,0.5,108,25415,16215,28.2,37.0
Station_01,Inv_00,20170711,16:03:00,187.7,0.3,56,215.0,0.4,86,25415,16215,28.1,36.0
Station_01,Inv_00,20170711,16:04:00,179.3,0.3,54,216.0,0.4,86,25415,16215,28.1,46.0
Station_01,Inv_00,20170711,16:05:00,194.0,0.3,58,215.0,0.5,108,25415,16215,28.0,37.0
Station_01,Inv_00,20170711,16:06:00,151.0,0.3,45,216.0,0.5,108,25415,16215,27.8,40.0
Station_01,Inv_00,20170711,16:07:00,171.0,0.3,51,218.0,0.5,109,25415,16215,27.8,42.0
Station_01,Inv_00,20170711,16:08:00,181.0,0.3,54,217.0,0.5,109,25415,16215,27.6,42.0
Station_01,Inv_00,20170711,16:09:00,176.5,0.4,71,218.0,0.5,109,25415,16215,27.4,41.0
Station_01,Inv_00,20170711,16:10:00,148.5,0.4,59,218.0,0.5,109,25415,16215,27.3,42.0
Station_01,Inv_00,20170711,16:11:00,152.0,0.4,61,218.0,0.5,109,25415,16215,27.2,43.0
Station_01,Inv_00,20170711,16:12:00,147.5,0.4,59,218.0,0.5,109,25415,16215,27.0,43.0
Station_01,Inv_00,20170711,16:13:00,151.0,0.2,30,218.0,0.4,87,25415,16215,26.8,43.0
Station_01,Inv_00,20170711,16:14:00,197.5,0.4,79,218.0,0.5,109,25415,16215,26.6,43.0
Station_01,Inv_00,20170711,16:15:00,219.5,0.4,88,219.0,0.5,110,25415,16215,26.5,44.0
Station_01,Inv_00,20170711,16:16:00,147.0,0.4,59,218.0,0.5,109,25415,16215,26.4,45.0
Station_01,Inv_00,20170711,16:17:00,150.0,0.5,75,218.0,0.5,109,25415,16215,26.3,46.0
Station_01,Inv_00,20170711,16:18:00,147.0,0.5,74,218.0,0.5,109,25415,16215,26.2,46.0
Station_01,Inv_00,20170711,16:19:00,148.0,0.4,59,218.0,0.5,109,25415,16215,25.9,50.0
Station_01,Inv_00,20170711,16:20:00,151.0,0.4,60,218.0,0.5,109,25415,16215,25.8,43.0
Station_01,Inv_00,20170711,16:21:00,147.0,0.4,59,218.0,0.5,109,25415,16215,25.6,42.0
Station_01,Inv_00,20170711,16:22:00,172.7,0.3,52,218.0,0.5,109,25415,16215,25.5,39.0
Station_01,Inv_00,20170711,16:23:00,182.3,0.3,55,219.0,0.4,88,25415,16215,25.4,36.0
Station_01,Inv_00,20170711,16:24:00,190.3,0.3,57,219.0,0.4,88,25415,16215,25.2,35.0
Station_01,Inv_00,20170711,16:25:00,185.0,0.3,56,218.0,0.5,109,25415,16215,25.1,35.0
Station_01,Inv_00,20170711,16:26:00,173.0,0.3,52,218.0,0.4,87,25415,16215,24.9,37.0
Station_01,Inv_00,20170711,16:27:00,171.0,0.3,51,218.0,0.5,109,25415,16215,24.9,37.0
Station_01,Inv_00,20170711,16:28:00,151.3,0.3,45,218.0,0.4,87,25415,16215,24.9,40.0
Station_01,Inv_00,20170711,16:29:00,151.0,0.3,45,218.0,0.5,109,25415,16215,24.9,42.0
Station_01,Inv_00,20170711,16:30:00,147.5,0.4,59,218.0,0.5,109,25415,16215,25.0,43.0
Station_01,Inv_00,20170711,16:31:00,195.3,0.4,78,218.0,0.5,109,25415,16215,25.1,45.0
Station_01,Inv_00,20170711,16:32:00,218.5,0.4,87,218.0,0.5,109,25415,16215,25.1,46.0
Station_01,Inv_00,20170711,16:33:00,175.5,0.4,70,218.0,0.5,109,25415,16215,25.2,46.0
Station_01,Inv_00,20170711,16:34:00,210.5,0.4,84,218.0,0.5,109,25415,16215,25.2,46.0
Station_01,Inv_00,20170711,16:35:00,211.5,0.4,85,218.0,0.5,109,25415,16215,25.2,48.0
Station_01,Inv_00,20170711,16:36:00,185.0,0.4,74,218.0,0.5,109,25415,16215,25.2,45.0
Station_01,Inv_00,20170711,16:37:00,149.0,0.4,60,218.0,0.5,109,25415,16215,25.3,43.0
Station_01,Inv_00,20170711,16:38:00,147.0,0.4,59,218.0,0.5,109,25415,16215,25.3,45.0
Station_01,Inv_00,20170711,16:39:01,155.0,0.3,47,219.0,0.5,110,25415,16215,25.3,44.0
Station_01,Inv_00,20170711,16:40:00,162.0,0.3,49,218.0,0.5,109,25415,16215,25.3,42.0
Station_01,Inv_00,20170711,16:41:00,217.5,0.4,87,218.0,0.5,109,25415,16215,25.4,43.0
Station_01,Inv_00,20170711,16:42:01,213.3,0.3,64,218.0,0.5,109,25415,16215,25.4,42.0
Station_01,Inv_00,20170711,16:43:00,219.4,0.5,110,218.0,0.4,87,25415,16215,25.4,44.0
Station_01,Inv_00,20170711,16:44:00,157.0,0.3,47,218.0,0.5,109,25415,16215,25.4,44.0
Station_01,Inv_00,20170711,16:45:00,198.0,0.3,59,218.0,0.5,109,25415,16215,25.4,41.0
Station_01,Inv_00,20170711,16:46:00,215.7,0.3,65,218.0,0.5,109,25415,16215,25.4,40.0
Station_01,Inv_00,20170711,16:47:00,217.3,0.3,65,219.0,0.5,110,25415,16215,25.5,40.0
Station_01,Inv_00,20170711,16:48:00,206.3,0.3,62,219.0,0.5,110,25415,16215,25.5,42.0
Station_01,Inv_00,20170711,16:49:01,213.0,0.3,64,219.0,0.5,110,25415,16215,25.5,41.0
Station_01,Inv_00,20170711,16:50:00,198.0,0.3,59,219.0,0.5,110,25415,16215,25.5,40.0
Station_01,Inv_00,20170711,16:51:01,214.3,0.3,64,219.0,0.5,110,25415,16215,25.5,39.0
Station_01,Inv_00,20170711,16:52:00,214.3,0.3,64,219.0,0.5,110,25415,16215,25.5,38.0
Station_01,Inv_00,20170711,16:53:01,135.0,0.2,27,217.0,0.4,87,25415,16215,25.5,37.0
Station_01,Inv_00,20170711,16:54:01,180.7,0.3,54,217.0,0.4,87,25415,16215,25.4,35.0
Station_01,Inv_00,20170711,16:55:00,217.3,0.3,65,217.0,0.4,87,25415,16215,25.5,36.0
Station_01,Inv_00,20170711,16:56:00,228.0,0.2,46,218.0,0.4,87,25415,16215,25.5,34.0
Station_01,Inv_00,20170711,16:57:00,217.0,0.1,22,218.0,0.4,87,25415,16215,25.5,34.0
Station_01,Inv_00,20170711,16:58:00,214.0,0.1,21,218.0,0.4,87,25415,16215,25.5,32.0
Station_01,Inv_00,20170711,16:59:00,226.5,0.2,45,218.0,0.4,87,25415,16215,25.5,32.0
Station_01,Inv_00,20170711,17:00:00,224.0,0.2,45,217.0,0.4,87,25415,16215,25.5,32.0
Station_01,Inv_00,20170711,17:01:00,216.5,0.2,43,218.0,0.4,87,25415,16215,25.6,31.0
Station_01,Inv_00,20170711,17:02:00,227.0,0.2,45,218.0,0.4,87,25415,16215,25.6,41.0
Station_01,Inv_00,20170711,17:03:00,203.0,0.2,41,218.0,0.4,87,25415,16215,25.6,31.0
Station_01,Inv_00,20170711,17:04:00,205.0,0.2,41,219.0,0.4,88,25415,16215,25.6,33.0
Station_01,Inv_00,20170711,17:05:00,189.0,0.1,19,219.0,0.4,88,25415,16215,25.6,32.0
Station_01,Inv_00,20170711,17:06:00,206.0,0.2,41,218.0,0.4,87,25415,16215,25.6,34.0
Station_01,Inv_00,20170711,17:07:00,213.0,0.3,64,218.0,0.4,87,25415,16215,25.6,50.0
Station_01,Inv_00,20170711,17:08:00,207.3,0.3,62,217.0,0.4,87,25415,16215,25.6,36.0
Station_01,Inv_00,20170711,17:09:00,207.7,0.3,62,217.0,0.4,87,25415,16215,25.6,37.0
Station_01,Inv_00,20170711,17:10:00,189.0,0.3,57,218.0,0.4,87,25415,16215,25.6,38.0
Station_01,Inv_00,20170711,17:11:00,162.3,0.3,49,217.0,0.4,87,25415,16215,25.7,52.0
Station_01,Inv_00,20170711,17:12:00,176.0,0.2,35,216.0,0.4,86,25415,16215,25.7,39.0
Station_01,Inv_00,20170711,17:13:00,216.0,0.2,43,217.0,0.5,109,25415,16215,25.7,45.0
Station_01,Inv_00,20170711,17:14:00,196.7,0.3,59,217.0,0.5,109,25415,16215,25.7,40.0
Station_01,Inv_00,20170711,17:15:00,186.0,0.3,56,216.0,0.4,86,25415,16215,25.7,39.0
Station_01,Inv_00,20170711,17:16:00,194.0,0.2,39,217.0,0.4,87,25415,16215,25.7,37.0
Station_01,Inv_00,20170711,17:17:00,189.0,0.3,57,216.0,0.4,86,25415,16215,25.7,37.0
Station_01,Inv_00,20170711,17:18:00,168.7,0.3,51,217.0,0.4,87,25415,16215,25.7,52.0
Station_01,Inv_00,20170711,17:19:00,148.0,0.3,44,217.0,0.4,87,25415,16215,25.7,39.0
Station_01,Inv_00,20170711,17:20:00,156.0,0.3,47,217.0,0.4,87,25415,16215,25.7,39.0
Station_01,Inv_00,20170711,17:21:00,149.0,0.3,45,217.0,0.4,87,25415,16215,25.8,40.0
Station_01,Inv_00,20170711,17:22:00,219.0,0.3,66,217.0,0.5,109,25415,16215,25.8,52.0
Station_01,Inv_00,20170711,17:23:00,208.3,0.3,63,218.0,0.5,109,25415,16215,25.8,45.0
Station_01,Inv_00,20170711,17:24:00,209.3,0.4,84,217.0,0.5,109,25415,16215,25.8,55.0
Station_01,Inv_00,20170711,17:25:00,219.5,0.4,88,217.0,0.5,109,25415,16215,25.8,46.0
Station_01,Inv_00,20170711,17:26:00,202.0,0.4,81,216.0,0.5,108,25415,16215,25.8,48.0
Station_01,Inv_00,20170711,17:27:00,151.0,0.4,60,216.0,0.5,108,25415,16215,25.8,65.0
Station_01,Inv_00,20170711,17:28:00,152.0,0.4,61,216.0,0.5,108,25415,16215,25.8,49.0
Station_01,Inv_00,20170711,17:29:00,149.0,0.3,45,217.0,0.5,109,25415,16215,25.8,50.0
Station_01,Inv_00,20170711,17:30:00,151.0,0.4,60,216.0,0.5,108,25415,16215,25.7,50.0
Station_01,Inv_00,20170711,17:31:00,147.3,0.4,59,216.0,0.5,108,25415,16215,25.7,51.0
Station_01,Inv_00,20170711,17:32:00,152.0,0.5,76,216.0,0.5,108,25415,16215,25.8,66.0
Station_01,Inv_00,20170711,17:33:00,152.0,0.5,76,216.0,0.5,108,25415,16215,25.7,50.0
Station_01,Inv_00,20170711,17:34:00,192.8,0.5,96,216.0,0.5,108,25415,16215,25.7,50.0
Station_01,Inv_00,20170711,17:35:00,226.3,0.4,91,217.0,0.5,109,25415,16215,25.8,49.0
Station_01,Inv_00,20170711,17:36:00,225.5,0.4,90,217.0,0.5,109,25415,16215,25.7,49.0
Station_01,Inv_00,20170711,17:37:00,189.4,0.5,95,216.0,0.5,108,25415,16215,25.7,50.0
Station_01,Inv_00,20170711,17:38:00,203.0,0.4,81,216.0,0.5,108,25415,16215,25.7,49.0
Station_01,Inv_00,20170711,17:39:00,218.5,0.4,87,215.0,0.5,108,25415,16215,25.7,48.0
Station_01,Inv_00,20170711,17:40:00,220.5,0.4,88,216.0,0.5,108,25415,16215,25.7,47.0
Station_01,Inv_00,20170711,17:41:00,218.5,0.4,87,219.0,0.5,110,25415,16215,25.7,47.0
Station_01,Inv_00,20170711,17:42:00,194.5,0.4,78,218.0,0.5,109,25415,16215,25.6,46.0
Station_01,Inv_00,20170711,17:43:00,211.5,0.4,85,218.0,0.5,109,25415,16215,25.6,45.0
Station_01,Inv_00,20170711,17:44:00,216.0,0.4,86,219.0,0.5,110,25415,16215,25.6,45.0
Station_01,Inv_00,20170711,17:45:00,210.5,0.4,84,219.0,0.5,110,25415,16215,25.6,44.0
Station_01,Inv_00,20170711,17:46:00,163.0,0.4,65,218.0,0.5,109,25415,16215,25.6,44.0
Station_01,Inv_00,20170711,17:47:00,206.5,0.4,83,218.0,0.5,109,25415,16215,25.5,43.0
Station_01,Inv_00,20170711,17:48:00,164.7,0.3,49,218.0,0.5,109,25415,16215,25.5,43.0
Station_01,Inv_00,20170711,17:49:00,156.0,0.3,47,219.0,0.5,110,25415,16215,25.5,42.0
Station_01,Inv_00,20170711,17:50:00,147.0,0.3,44,219.0,0.4,88,25415,16215,25.5,41.0
Station_01,Inv_00,20170711,17:51:00,151.0,0.3,45,219.0,0.4,88,25415,16215,25.5,42.0
Station_01,Inv_00,20170711,17:52:00,199.0,0.3,60,218.0,0.5,109,25415,16215,25.4,41.0
Station_01,Inv_00,20170711,17:53:00,216.7,0.3,65,218.0,0.5,109,25415,16215,25.4,40.0
Station_01,Inv_00,20170711,17:54:00,219.0,0.3,66,218.0,0.5,109,25415,16215,25.4,41.0
Station_01,Inv_00,20170711,17:55:00,211.3,0.3,63,218.0,0.5,109,25415,16215,25.4,39.0
Station_01,Inv_00,20170711,17:56:00,193.3,0.3,58,218.0,0.5,109,25415,16215,25.4,39.0
Station_01,Inv_00,20170711,17:57:00,205.0,0.3,62,218.0,0.5,109,25415,16215,25.4,39.0
Station_01,Inv_00,20170711,17:58:00,182.3,0.3,55,218.0,0.4,87,25415,16215,25.3,40.0
Station_01,Inv_00,20170711,17:59:00,201.0,0.3,60,218.0,0.5,109,25415,16215,25.3,48.0
Station_01,Inv_00,20170711,18:00:00,216.3,0.3,65,218.0,0.5,109,25415,16215,25.3,40.0
Station_01,Inv_00,20170711,18:01:00,198.0,0.3,59,218.0,0.5,109,25415,16215,25.3,40.0
Station_01,Inv_00,20170711,18:02:00,207.0,0.3,62,218.0,0.5,109,25415,16215,25.4,39.0
Station_01,Inv_00,20170711,18:03:00,204.0,0.3,61,218.0,0.4,87,25415,16215,25.4,39.0
Station_01,Inv_00,20170711,18:04:00,202.0,0.3,61,218.0,0.4,87,25415,16215,25.4,41.0
Station_01,Inv_00,20170711,18:05:00,210.3,0.3,63,217.0,0.4,87,25415,16215,25.4,39.0
Station_01,Inv_00,20170711,18:06:00,188.0,0.2,38,217.0,0.4,87,25415,16215,25.5,39.0
Station_01,Inv_00,20170711,18:07:00,200.0,0.3,60,216.0,0.4,86,25415,16215,25.5,39.0
Station_01,Inv_00,20170711,18:08:00,202.0,0.3,61,216.0,0.4,86,25415,16215,25.6,39.0
Station_01,Inv_00,20170711,18:09:00,188.0,0.3,56,216.0,0.4,86,25415,16215,25.7,39.0
Station_01,Inv_00,20170711,18:10:00,149.0,0.3,45,216.0,0.4,86,25415,16215,25.8,39.0
Station_01,Inv_00,20170711,18:11:00,164.3,0.3,49,215.0,0.4,86,25415,16215,25.9,38.0
Station_01,Inv_00,20170711,18:12:00,224.0,0.2,45,215.0,0.5,108,25415,16215,25.9,37.0
Station_01,Inv_00,20170711,18:13:00,0.0,0.0,0,215.0,0.6,129,25415,16215,26.1,38.0
Station_01,Inv_00,20170711,18:14:00,258.0,0.2,52,0.0,0.0,0,25415,16215,26.1,38.0
Station_01,Inv_00,20170711,18:15:00,0.0,0.0,0,0.0,0.0,0,25415,16215,26.2,39.0
Station_01,Inv_00,20170711,18:16:00,223.5,0.2,45,215.0,0.5,108,25415,16215,26.3,38.0
Station_01,Inv_00,20170711,18:17:00,0.0,0.0,0,215.0,0.6,129,25415,16215,26.2,38.0
Station_01,Inv_00,20170711,18:18:00,256.0,0.2,51,0.0,0.0,0,25415,16215,26.2,37.0
Station_01,Inv_00,20170711,18:19:00,222.0,0.2,44,216.0,0.4,86,25415,16215,26.3,38.0
Station_01,Inv_00,20170711,18:20:00,221.5,0.2,44,216.0,0.5,108,25415,16215,26.4,37.0
Station_01,Inv_00,20170711,18:21:00,255.5,0.2,51,217.0,0.6,130,25415,16215,26.4,38.0
Station_01,Inv_00,20170711,18:22:00,256.5,0.2,51,0.0,0.0,0,25415,16215,26.4,37.0
Station_01,Inv_00,20170711,18:23:00,222.0,0.2,44,216.0,0.4,86,25415,16215,26.4,37.0
Station_01,Inv_00,20170711,18:24:00,231.3,0.3,69,216.0,0.5,108,25415,16215,26.4,38.0
Station_01,Inv_00,20170711,18:25:00,257.0,0.2,51,216.0,0.7,151,25415,16215,26.4,37.0
Station_01,Inv_00,20170711,18:26:00,0.0,0.0,0,220.0,0.1,22,25415,16215,26.5,37.0
Station_01,Inv_00,20170711,18:27:00,222.0,0.2,44,216.0,0.4,86,25415,16215,26.4,36.0
Station_01,Inv_00,20170711,18:28:00,0.0,0.0,0,217.0,0.5,109,25415,16215,26.4,37.0
Station_01,Inv_00,20170711,18:29:00,254.0,0.2,51,217.0,0.9,195,25415,16215,26.4,35.0
Station_01,Inv_00,20170711,18:30:00,0.0,0.0,0,222.0,0.2,44,25415,16215,26.4,35.0
Station_01,Inv_00,20170711,18:31:00,219.0,0.2,44,216.0,0.5,108,25415,16215,26.4,33.0
Station_01,Inv_00,20170711,18:32:00,0.0,0.0,0,216.0,0.5,108,25415,16215,26.4,33.0
Station_01,Inv_00,20170711,18:33:00,0.0,0.0,0,217.0,0.3,65,25415,16215,26.4,33.0
Station_01,Inv_00,20170711,18:34:00,215.0,0.2,43,217.0,0.4,87,25415,16215,26.5,43.0
Station_01,Inv_00,20170711,18:35:00,203.0,0.2,41,216.0,0.5,108,25415,16215,26.5,31.0
Station_01,Inv_00,20170711,18:36:00,241.0,0.2,48,0.0,0.0,0,25415,16215,26.5,31.0
Station_01,Inv_00,20170711,18:37:00,0.0,0.0,0,221.0,0.3,66,25415,16215,26.5,491.0
Station_01,Inv_00,20170711,18:38:00,0.0,0.0,0,216.0,0.5,108,25415,16215,26.5,42.0
Station_01,Inv_00,20170711,18:39:00,0.0,0.0,0,216.0,0.5,108,25415,16215,26.5,31.0
Station_01,Inv_00,20170711,18:40:00,0.0,0.0,0,216.0,0.4,86,25415,16215,26.5,32.0
Station_01,Inv_00,20170711,18:41:00,0.0,0.0,0,0.0,0.0,0,25415,16215,26.4,33.0
Station_01,Inv_00,20170711,18:42:00,0.0,0.0,0,0.0,0.0,0,25415,16215,26.5,36.0
Station_01,Inv_00,20170711,18:43:00,0.0,0.0,0,0.0,0.0,0,25415,16215,26.4,29.0
Station_01,Inv_00,20170711,18:44:00,0.0,0.0,0,220.0,0.2,44,25415,16215,26.5,39.0
Station_01,Inv_00,20170711,18:45:00,0.0,0.0,0,220.0,0.2,44,25415,16215,26.5,24.0
Station_01,Inv_00,20170711,18:46:00,0.0,0.0,0,220.0,0.2,44,25415,16215,26.5,25.0
Station_01,Inv_00,20170711,18:47:00,0.0,0.0,0,220.0,0.2,44,25415,16215,26.5,24.0
Station_01,Inv_00,20170711,18:48:00,0.0,0.0,0,220.0,0.2,44,25415,16215,26.5,24.0
Station_01,Inv_00,20170711,18:49:00,0.0,0.0,0,220.0,0.2,44,25415,16215,26.5,23.0
Station_01,Inv_00,20170711,18:50:00,0.0,0.0,0,220.0,0.2,44,25415,16215,26.5,26.0
Station_01,Inv_00,20170711,18:51:00,0.0,0.0,0,220.0,0.2,44,25415,16215,26.6,24.0
Station_01,Inv_00,20170711,18:52:00,0.0,0.0,0,220.0,0.2,44,25415,16215,26.5,23.0
Station_01,Inv_00,20170711,18:53:00,0.0,0.0,0,220.0,0.2,44,25415,16215,26.6,23.0
Station_01,Inv_00,20170711,18:54:00,0.0,0.0,0,220.0,0.2,44,25415,16215,26.5,23.0
Station_01,Inv_00,20170711,18:55:00,0.0,0.0,0,220.0,0.2,44,25415,16215,26.7,25.0
Station_01,Inv_00,20170711,18:56:00,0.0,0.0,0,220.0,0.2,44,25415,16215,26.6,23.0
Station_01,Inv_00,20170711,18:57:00,0.0,0.0,0,220.0,0.2,44,25415,16215,26.6,23.0
Station_01,Inv_00,20170711,18:58:00,0.0,0.0,0,220.0,0.2,44,25415,16215,26.6,31.0
Station_01,Inv_00,20170711,18:59:00,0.0,0.0,0,220.0,0.2,44,25415,16215,26.6,21.0
Station_01,Inv_00,20170711,19:00:00,0.0,0.0,0,220.0,0.2,44,25415,16215,26.6,22.0
Station_01,Inv_00,20170711,19:01:00,0.0,0.0,0,220.0,0.2,44,25415,16215,26.6,22.0
Station_01,Inv_00,20170711,19:02:00,0.0,0.0,0,220.0,0.2,44,25415,16215,26.6,22.0
Station_01,Inv_00,20170711,19:03:00,0.0,0.0,0,220.0,0.2,44,25415,16215,26.6,24.0
Station_01,Inv_00,20170711,19:04:00,0.0,0.0,0,220.0,0.2,44,25415,16215,26.5,24.0
Station_01,Inv_00,20170711,19:05:00,0.0,0.0,0,220.0,0.2,44,25415,16215,26.6,21.0
Station_01,Inv_00,20170711,19:06:00,0.0,0.0,0,220.0,0.2,44,25415,16215,26.7,21.0
Station_01,Inv_00,20170711,19:07:00,0.0,0.0,0,220.0,0.2,44,25415,16215,26.7,21.0
Station_01,Inv_00,20170711,19:08:00,0.0,0.0,0,220.0,0.2,44,25415,16215,26.7,21.0
Station_01,Inv_00,20170711,19:09:00,0.0,0.0,0,220.0,0.2,44,25415,16215,26.7,21.0
Station_01,Inv_00,20170711,19:10:00,0.0,0.0,0,220.0,0.2,44,25415,16215,26.7,20.0
Station_01,Inv_00,20170711,19:11:00,0.0,0.0,0,220.0,0.2,44,25415,16215,26.6,20.0
Station_01,Inv_00,20170711,19:12:00,0.0,0.0,0,220.0,0.2,44,25415,16215,26.6,20.0
Station_01,Inv_00,20170711,19:13:00,0.0,0.0,0,220.0,0.2,44,25415,16215,26.5,20.0
Station_01,Inv_00,20170711,19:14:00,0.0,0.0,0,220.0,0.2,44,25415,16215,26.4,19.0
Station_01,Inv_00,20170711,19:15:00,0.0,0.0,0,220.0,0.2,44,25415,16215,26.5,19.0
Station_01,Inv_00,20170711,19:16:00,0.0,0.0,0,220.0,0.2,44,25415,16215,26.5,19.0
Station_01,Inv_00,20170711,19:17:00,0.0,0.0,0,220.0,0.2,44,25415,16215,26.5,20.0
Station_01,Inv_00,20170711,19:18:00,0.0,0.0,0,220.0,0.2,44,25415,16215,26.5,20.0
Station_01,Inv_00,20170711,19:19:00,0.0,0.0,0,220.0,0.2,44,25415,16215,26.6,20.0
Station_01,Inv_00,20170711,19:20:00,0.0,0.0,0,220.0,0.2,44,25415,16215,26.6,20.0
Station_01,Inv_00,20170711,19:21:00,0.0,0.0,0,220.0,0.2,44,25415,16215,26.6,20.0
Station_01,Inv_00,20170711,19:22:00,0.0,0.0,0,220.0,0.2,44,25415,16215,26.6,20.0
Station_01,Inv_00,20170711,19:23:00,0.0,0.0,0,220.0,0.2,44,25415,16215,26.6,21.0
Station_01,Inv_00,20170711,19:24:00,0.0,0.0,0,220.0,0.2,44,25415,16215,26.6,20.0
Station_01,Inv_00,20170711,19:25:00,0.0,0.0,0,220.0,0.2,44,25415,16215,26.5,20.0
Station_01,Inv_00,20170711,19:26:00,0.0,0.0,0,220.0,0.2,44,25415,16215,26.6,20.0
Station_01,Inv_00,20170711,19:27:00,0.0,0.0,0,220.0,0.2,44,25415,16215,26.6,20.0
Station_01,Inv_00,20170711,19:28:00,0.0,0.0,0,220.0,0.2,44,25415,16215,26.6,20.0
Station_01,Inv_00,20170711,19:29:00,0.0,0.0,0,220.0,0.2,44,25415,16215,26.5,20.0
Station_01,Inv_00,20170711,19:30:00,0.0,0.0,0,220.0,0.2,44,25415,16215,26.5,20.0
Station_01,Inv_00,20170711,19:31:00,0.0,0.0,0,220.0,0.2,44,25415,16215,26.5,23.0
Station_01,Inv_00,20170711,19:32:00,0.0,0.0,0,220.0,0.2,44,25415,16215,26.5,20.0
Station_01,Inv_00,20170711,19:33:00,0.0,0.0,0,220.0,0.2,44,25415,16215,26.5,21.0
Station_01,Inv_00,20170711,19:34:00,0.0,0.0,0,220.0,0.2,44,25415,16215,26.4,20.0
Station_01,Inv_00,20170711,19:35:00,0.0,0.0,0,220.0,0.2,44,25415,16215,26.4,20.0
Station_01,Inv_00,20170711,19:36:00,0.0,0.0,0,220.0,0.2,44,25415,16215,26.3,20.0
Station_01,Inv_00,20170711,19:37:00,0.0,0.0,0,220.0,0.2,44,25415,16215,26.3,20.0
Station_01,Inv_00,20170711,19:38:00,0.0,0.0,0,220.0,0.2,44,25415,16215,26.3,19.0
Station_01,Inv_00,20170711,19:39:00,0.0,0.0,0,220.0,0.2,44,25415,16215,26.3,20.0
Station_01,Inv_00,20170711,19:40:00,0.0,0.0,0,220.0,0.2,44,25415,16215,26.3,20.0
Station_01,Inv_00,20170711,19:41:00,0.0,0.0,0,220.0,0.2,44,25415,16215,26.3,19.0
Station_01,Inv_00,20170711,19:42:00,0.0,0.0,0,220.0,0.2,44,25415,16215,26.2,19.0
Station_01,Inv_00,20170711,19:43:00,0.0,0.0,0,220.0,0.2,44,25415,16215,26.2,21.0
Station_01,Inv_00,20170711,19:44:00,0.0,0.0,0,220.0,0.2,44,25415,16215,26.3,19.0
Station_01,Inv_00,20170711,19:45:00,0.0,0.0,0,220.0,0.2,44,25415,16215,26.2,20.0
Station_01,Inv_00,20170711,19:46:00,0.0,0.0,0,220.0,0.2,44,25415,16215,26.2,19.0
Station_01,Inv_00,20170711,19:47:00,0.0,0.0,0,220.0,0.2,44,25415,16215,26.2,19.0
Station_01,Inv_00,20170711,19:48:00,0.0,0.0,0,220.0,0.2,44,25415,16215,26.3,19.0
Station_01,Inv_00,20170711,19:49:00,0.0,0.0,0,220.0,0.2,44,25415,16215,26.3,19.0
Station_01,Inv_00,20170711,19:50:00,0.0,0.0,0,220.0,0.2,44,25415,16215,26.4,19.0
Station_01,Inv_00,20170711,19:51:00,0.0,0.0,0,220.0,0.2,44,25415,16215,26.5,20.0
Station_01,Inv_00,20170711,19:52:00,0.0,0.0,0,220.0,0.2,44,25415,16215,26.6,20.0
Station_01,Inv_00,20170711,19:53:00,0.0,0.0,0,220.0,0.2,44,25415,16215,26.7,20.0
Station_01,Inv_00,20170711,19:54:00,0.0,0.0,0,220.0,0.2,44,25415,16215,26.7,20.0
Station_01,Inv_00,20170711,19:55:00,0.0,0.0,0,220.0,0.2,44,25415,16215,26.8,19.0
Station_01,Inv_00,20170711,19:56:00,0.0,0.0,0,220.0,0.2,44,25415,16215,26.8,20.0
Station_01,Inv_00,20170711,19:57:00,0.0,0.0,0,220.0,0.2,44,25415,16215,26.9,19.0
Station_01,Inv_00,20170711,19:58:00,0.0,0.0,0,220.0,0.2,44,25415,16215,26.9,20.0
Station_01,Inv_00,20170711,19:59:00,0.0,0.0,0,220.0,0.2,44,25415,16215,26.8,22.0
Station_01,Inv_00,20170711,20:00:00,0.0,0.0,0,220.0,0.2,44,25415,16215,26.8,20.0
