Station_01,Inv_00,20170721,05:00:00,0.0,0.0,0,220.0,0.3,66,25576,16317,25.6,18.0
Station_01,Inv_00,20170721,05:01:00,0.0,0.0,0,220.0,0.3,66,25576,16317,25.6,18.0
Station_01,Inv_00,20170721,05:02:00,0.0,0.0,0,220.0,0.3,66,25576,16317,25.6,18.0
Station_01,Inv_00,20170721,05:03:00,0.0,0.0,0,220.0,0.3,66,25576,16317,25.5,18.0
Station_01,Inv_00,20170721,05:04:00,0.0,0.0,0,220.0,0.3,66,25576,16317,25.6,18.0
Station_01,Inv_00,20170721,05:05:00,0.0,0.0,0,220.0,0.3,66,25576,16317,25.7,18.0
Station_01,Inv_00,20170721,05:06:00,0.0,0.0,0,220.0,0.3,66,25576,16317,25.7,18.0
Station_01,Inv_00,20170721,05:07:00,0.0,0.0,0,220.0,0.3,66,25576,16317,25.7,18.0
Station_01,Inv_00,20170721,05:08:00,0.0,0.0,0,220.0,0.3,66,25576,16317,25.6,18.0
Station_01,Inv_00,20170721,05:09:00,0.0,0.0,0,220.0,0.3,66,25576,16317,25.6,18.0
Station_01,Inv_00,20170721,05:10:00,0.0,0.0,0,220.0,0.3,66,25576,16317,25.6,19.0
Station_01,Inv_00,20170721,05:11:00,0.0,0.0,0,220.0,0.3,66,25576,16317,25.6,19.0
Station_01,Inv_00,20170721,05:12:00,0.0,0.0,0,220.0,0.3,66,25576,16317,25.6,19.0
Station_01,Inv_00,20170721,05:13:00,0.0,0.0,0,220.0,0.3,66,25576,16317,25.4,19.0
Station_01,Inv_00,20170721,05:14:00,0.0,0.0,0,220.0,0.3,66,25576,16317,25.5,19.0
Station_01,Inv_00,20170721,05:15:00,0.0,0.0,0,220.0,0.3,66,25576,16317,25.6,19.0
Station_01,Inv_00,20170721,05:16:00,0.0,0.0,0,220.0,0.3,66,25576,16317,25.5,19.0
Station_01,Inv_00,20170721,05:17:00,0.0,0.0,0,220.0,0.3,66,25576,16317,25.5,19.0
Station_01,Inv_00,20170721,05:18:00,0.0,0.0,0,220.0,0.3,66,25576,16317,25.5,20.0
Station_01,Inv_00,20170721,05:19:00,0.0,0.0,0,220.0,0.3,66,25576,16317,25.6,20.0
Station_01,Inv_00,20170721,05:20:00,0.0,0.0,0,220.0,0.3,66,25576,16317,25.6,20.0
Station_01,Inv_00,20170721,05:21:00,0.0,0.0,0,220.0,0.3,66,25576,16317,25.6,475.0
Station_01,Inv_00,20170721,05:22:00,0.0,0.0,0,220.0,0.3,66,25576,16317,25.7,21.0
Station_01,Inv_00,20170721,05:23:00,0.0,0.0,0,220.0,0.3,66,25576,16317,25.7,21.0
Station_01,Inv_00,20170721,05:24:00,0.0,0.0,0,220.0,0.3,66,25576,16317,25.7,22.0
Station_01,Inv_00,20170721,05:25:00,0.0,0.0,0,220.0,0.3,66,25576,16317,25.7,22.0
Station_01,Inv_00,20170721,05:26:00,0.0,0.0,0,220.0,0.3,66,25576,16317,25.8,23.0
Station_01,Inv_00,20170721,05:27:00,0.0,0.0,0,220.0,0.3,66,25576,16317,25.9,23.0
Station_01,Inv_00,20170721,05:28:00,0.0,0.0,0,220.0,0.3,66,25576,16317,25.8,24.0
Station_01,Inv_00,20170721,05:29:00,0.0,0.0,0,220.0,0.3,66,25576,16317,25.9,24.0
Station_01,Inv_00,20170721,05:30:00,0.0,0.0,0,220.0,0.3,66,25576,16317,25.9,25.0
Station_01,Inv_00,20170721,05:31:00,0.0,0.0,0,220.0,0.3,66,25576,16317,26.0,26.0
Station_01,Inv_00,20170721,05:32:00,0.0,0.0,0,220.0,0.5,110,25576,16317,26.1,27.0
Station_01,Inv_00,20170721,05:33:00,0.0,0.0,0,221.0,0.5,111,25576,16317,26.0,28.0
Station_01,Inv_00,20170721,05:34:00,0.0,0.0,0,221.0,0.5,111,25576,16317,26.0,29.0
Station_01,Inv_00,20170721,05:35:00,0.0,0.0,0,221.0,0.5,111,25576,16317,26.1,29.0
Station_01,Inv_00,20170721,05:36:00,0.0,0.0,0,221.0,0.5,111,25576,16317,26.1,30.0
Station_01,Inv_00,20170721,05:37:00,217.5,0.2,44,218.0,0.4,87,25576,16317,26.0,31.0
Station_01,Inv_00,20170721,05:38:00,227.0,0.2,45,218.0,0.4,87,25576,16317,26.1,31.0
Station_01,Inv_00,20170721,05:39:00,231.5,0.2,46,217.0,0.4,87,25576,16317,26.2,32.0
Station_01,Inv_00,20170721,05:40:00,235.0,0.2,47,217.0,0.5,109,25576,16317,26.2,33.0
Station_01,Inv_00,20170721,05:41:00,201.0,0.1,20,217.0,0.4,87,25576,16317,26.3,34.0
Station_01,Inv_00,20170721,05:42:00,190.0,0.2,38,216.0,0.4,86,25576,16317,26.4,34.0
Station_01,Inv_00,20170721,05:43:00,158.3,0.3,48,216.0,0.4,86,25576,16317,26.3,36.0
Station_01,Inv_00,20170721,05:44:00,158.0,0.3,47,217.0,0.4,87,25576,16317,26.4,37.0
Station_01,Inv_00,20170721,05:45:00,162.0,0.3,49,217.0,0.4,87,25576,16317,26.4,39.0
Station_01,Inv_00,20170721,05:46:00,201.3,0.3,60,216.0,0.5,108,25576,16317,26.5,41.0
Station_01,Inv_00,20170721,05:47:00,186.0,0.4,74,216.0,0.5,108,25576,16317,26.5,43.0
Station_01,Inv_00,20170721,05:48:00,201.0,0.4,80,218.0,0.5,109,25576,16317,26.6,45.0
Station_01,Inv_00,20170721,05:49:00,213.5,0.4,85,218.0,0.5,109,25576,16317,26.7,48.0
Station_01,Inv_00,20170721,05:50:00,146.0,0.5,73,217.0,0.5,109,25576,16317,26.7,49.0
Station_01,Inv_00,20170721,05:51:00,151.0,0.5,76,216.0,0.5,108,25576,16317,26.8,50.0
Station_01,Inv_00,20170721,05:52:00,200.8,0.5,100,216.0,0.6,130,25576,16317,26.8,53.0
Station_01,Inv_00,20170721,05:53:00,222.8,0.5,111,216.0,0.6,130,25576,16317,26.9,55.0
Station_01,Inv_00,20170721,05:54:00,223.0,0.6,134,216.0,0.7,151,25576,16317,27.0,59.0
Station_01,Inv_00,20170721,05:55:00,230.0,0.6,138,216.0,0.7,151,25576,16317,27.1,61.0
Station_01,Inv_00,20170721,05:56:00,163.0,0.6,98,216.0,0.6,130,25576,16317,27.2,62.0
Station_01,Inv_00,20170721,05:57:00,148.0,0.5,74,217.0,0.5,109,25576,16317,27.3,64.0
Station_01,Inv_00,20170721,05:58:00,216.6,0.7,152,216.0,0.8,173,25576,16317,27.4,65.0
Station_01,Inv_00,20170721,05:59:00,197.0,0.6,118,217.0,0.7,152,25576,16317,27.5,65.0
Station_01,Inv_00,20170721,06:00:00,149.0,0.6,89,217.0,0.6,130,25576,16317,27.6,65.0
Station_01,Inv_00,20170721,06:01:00,173.4,0.7,121,216.0,0.7,151,25576,16317,27.6,66.0
Station_01,Inv_00,20170721,06:02:00,228.0,0.6,137,216.0,0.8,173,25576,16317,27.7,66.0
Station_01,Inv_00,20170721,06:03:00,227.0,0.7,159,216.0,0.9,194,25576,16317,27.8,68.0
Station_01,Inv_00,20170721,06:04:00,213.4,0.7,149,216.0,0.9,194,25576,16317,27.9,70.0
Station_01,Inv_00,20170721,06:05:00,201.0,0.9,181,217.0,0.9,195,25576,16317,27.9,73.0
Station_01,Inv_00,20170721,06:06:00,217.1,0.9,195,216.0,1.0,216,25576,16317,28.1,75.0
Station_01,Inv_00,20170721,06:07:00,195.0,0.9,176,216.0,1.0,216,25576,16317,28.1,76.0
Station_01,Inv_00,20170721,06:08:00,204.0,0.9,184,216.0,1.0,216,25576,16317,28.2,76.0
Station_01,Inv_00,20170721,06:09:00,233.7,0.9,210,217.0,1.1,239,25576,16317,28.3,79.0
Station_01,Inv_00,20170721,06:10:00,231.6,1.0,232,218.0,1.1,240,25576,16317,28.4,83.0
Station_01,Inv_00,20170721,06:11:00,224.9,1.1,247,218.0,1.2,262,25576,16317,28.6,92.0
Station_01,Inv_00,20170721,06:12:00,231.0,1.0,231,218.0,1.2,262,25576,16317,28.8,99.0
Station_01,Inv_00,20170721,06:13:00,235.6,1.1,259,218.0,1.2,262,25576,16317,28.9,100.0
Station_01,Inv_00,20170721,06:14:00,226.5,1.2,272,217.0,1.2,260,25576,16317,29.0,101.0
Station_01,Inv_00,20170721,06:15:00,228.0,1.1,251,218.0,1.1,240,25576,16317,29.1,98.0
Station_01,Inv_00,20170721,06:16:00,223.5,1.0,224,218.0,1.0,218,25576,16317,29.2,93.0
Station_01,Inv_00,20170721,06:17:00,217.0,0.9,195,218.0,1.0,218,25576,16317,29.3,91.0
Station_01,Inv_00,20170721,06:18:00,229.0,0.8,183,218.0,1.0,218,25576,16317,29.2,88.0
Station_01,Inv_00,20170721,06:19:00,229.4,0.7,161,217.0,0.8,174,25576,16317,29.1,68.0
Station_01,Inv_00,20170721,06:20:00,214.0,0.6,128,217.0,0.7,152,25576,16317,29.0,61.0
Station_01,Inv_00,20170721,06:21:00,219.0,0.7,153,217.0,0.8,174,25576,16317,29.0,74.0
Station_01,Inv_00,20170721,06:22:00,212.0,0.6,127,217.0,0.7,152,25576,16317,28.9,67.0
Station_01,Inv_00,20170721,06:23:00,207.0,0.4,83,217.0,0.6,130,25576,16317,28.7,58.0
Station_01,Inv_00,20170721,06:24:00,205.0,0.5,103,218.0,0.5,109,25576,16317,28.6,55.0
Station_01,Inv_00,20170721,06:25:00,213.0,0.5,107,216.0,0.5,108,25576,16317,28.5,53.0
Station_01,Inv_00,20170721,06:26:00,191.6,0.5,96,215.0,0.5,108,25576,16317,28.4,54.0
Station_01,Inv_00,20170721,06:27:00,195.2,0.5,98,216.0,0.5,108,25576,16317,28.3,55.0
Station_01,Inv_00,20170721,06:28:00,224.8,0.5,112,216.0,0.6,130,25576,16317,28.3,55.0
Station_01,Inv_00,20170721,06:29:00,205.2,0.5,103,216.0,0.6,130,25576,16317,28.2,54.0
Station_01,Inv_00,20170721,06:30:00,203.0,0.6,122,216.0,0.6,130,25576,16317,28.1,56.0
Station_01,Inv_00,20170721,06:31:00,202.0,0.5,101,217.0,0.6,130,25576,16317,28.1,58.0
Station_01,Inv_00,20170721,06:32:00,189.0,0.5,95,217.0,0.7,152,25576,16317,28.1,61.0
Station_01,Inv_00,20170721,06:33:00,174.7,0.7,122,217.0,0.7,152,25576,16317,28.1,63.0
Station_01,Inv_00,20170721,06:34:00,222.3,0.7,156,217.0,0.9,195,25576,16317,28.1,67.0
Station_01,Inv_00,20170721,06:35:00,226.0,0.8,181,216.0,0.9,194,25576,16317,28.1,69.0
Station_01,Inv_00,20170721,06:36:00,204.5,0.8,164,216.0,0.9,194,25576,16317,28.2,73.0
Station_01,Inv_00,20170721,06:37:00,224.0,0.8,179,216.0,1.0,216,25576,16317,28.2,72.0
Station_01,Inv_00,20170721,06:38:00,227.8,0.8,182,215.0,1.0,215,25576,16317,28.2,73.0
Station_01,Inv_00,20170721,06:39:00,216.4,0.9,195,215.0,1.0,215,25576,16317,28.2,75.0
Station_01,Inv_00,20170721,06:40:00,236.2,0.9,213,215.0,1.0,215,25576,16317,28.3,79.0
Station_01,Inv_00,20170721,06:41:00,216.8,1.0,217,215.0,1.1,237,25576,16317,28.4,83.0
Station_01,Inv_00,20170721,06:42:00,237.0,1.1,261,215.0,1.2,258,25576,16317,28.5,88.0
Station_01,Inv_00,20170721,06:43:00,219.5,1.3,285,215.0,1.3,280,25576,16317,28.6,95.0
Station_01,Inv_00,20170721,06:44:00,234.9,1.3,305,215.0,1.5,323,25576,16317,28.7,107.0
Station_01,Inv_00,20170721,06:45:00,240.0,1.4,336,216.0,1.5,324,25576,16317,28.9,110.0
Station_01,Inv_00,20170721,06:46:00,226.4,1.7,385,215.0,1.8,387,25576,16317,29.2,135.0
Station_01,Inv_00,20170721,06:47:00,234.5,1.5,352,215.0,1.5,323,25576,16317,29.4,115.0
Station_01,Inv_00,20170721,06:48:00,242.0,1.4,339,215.0,1.5,323,25576,16317,29.4,113.0
Station_01,Inv_00,20170721,06:49:00,216.5,1.3,282,215.0,1.3,280,25576,16317,29.5,103.0
Station_01,Inv_00,20170721,06:50:00,186.5,1.3,242,215.0,1.1,237,25576,16317,29.5,101.0
Station_01,Inv_00,20170721,06:51:00,147.0,1.4,206,215.0,1.0,215,25576,16317,29.6,110.0
Station_01,Inv_00,20170721,06:52:00,215.5,1.2,259,215.0,1.2,258,25576,16317,29.5,99.0
Station_01,Inv_00,20170721,06:53:00,222.5,1.2,267,215.0,1.3,280,25576,16317,29.5,98.0
Station_01,Inv_00,20170721,06:54:00,244.0,1.2,293,215.0,1.4,301,25576,16317,29.5,100.0
Station_01,Inv_00,20170721,06:55:00,221.0,1.3,287,214.0,1.4,300,25576,16317,29.5,104.0
Station_01,Inv_00,20170721,06:56:00,237.5,1.4,333,215.0,1.5,323,25576,16317,29.5,108.0
Station_01,Inv_00,20170721,06:57:00,227.9,1.9,433,215.0,1.9,409,25576,16317,29.8,131.0
Station_01,Inv_00,20170721,06:58:00,228.9,2.0,458,215.0,1.9,409,25576,16317,29.9,140.0
Station_01,Inv_00,20170721,06:59:00,238.4,2.3,548,215.0,2.5,538,25576,16317,30.6,199.0
Station_01,Inv_00,20170721,07:00:00,245.4,1.9,466,215.0,2.0,430,25576,16317,30.6,146.0
Station_01,Inv_00,20170721,07:01:00,245.0,2.2,539,215.0,2.3,494,25576,16317,30.9,160.0
Station_01,Inv_00,20170721,07:02:00,232.7,1.7,396,215.0,1.7,366,25576,16317,30.8,131.0
Station_01,Inv_00,20170721,07:03:00,225.0,2.2,495,215.0,2.3,494,25576,16317,31.1,174.0
Station_01,Inv_00,20170721,07:04:00,241.5,2.9,700,215.0,3.0,645,25576,16317,31.6,211.0
Station_01,Inv_00,20170721,07:05:00,231.9,2.5,580,216.0,2.5,540,25576,16317,31.8,192.0
Station_01,Inv_00,20170721,07:06:00,243.0,2.6,632,216.0,2.8,605,25576,16317,32.2,222.0
Station_01,Inv_00,20170721,07:07:00,236.5,1.7,402,216.0,1.8,389,25576,16317,32.1,137.0
Station_01,Inv_00,20170721,07:08:00,238.8,1.5,358,216.0,1.6,346,25576,16317,31.9,123.0
Station_01,Inv_00,20170721,07:09:00,240.5,1.6,385,217.0,1.7,369,25576,16317,31.8,123.0
Station_01,Inv_00,20170721,07:10:00,241.6,1.8,435,216.0,1.9,410,25576,16317,31.8,139.0
Station_01,Inv_00,20170721,07:11:00,239.0,2.2,526,216.0,2.2,475,25576,16317,31.9,154.0
Station_01,Inv_00,20170721,07:12:00,224.4,2.3,516,215.0,2.3,494,25576,16317,32.2,168.0
Station_01,Inv_00,20170721,07:13:00,238.0,2.2,524,217.0,2.2,477,25576,16317,32.1,158.0
Station_01,Inv_00,20170721,07:14:00,237.5,2.3,546,216.0,2.3,497,25576,16317,32.2,163.0
Station_01,Inv_00,20170721,07:15:00,241.9,2.3,556,217.0,2.3,499,25576,16317,32.5,162.0
Station_01,Inv_00,20170721,07:16:00,242.2,1.8,436,217.0,1.9,412,25576,16317,32.3,143.0
Station_01,Inv_00,20170721,07:17:00,238.5,1.7,405,217.0,1.8,391,25576,16317,32.2,133.0
Station_01,Inv_00,20170721,07:18:00,239.0,1.6,382,216.0,1.6,346,25576,16317,32.3,127.0
Station_01,Inv_00,20170721,07:19:00,217.5,1.5,326,217.0,1.5,326,25576,16317,32.1,123.0
Station_01,Inv_00,20170721,07:20:00,232.5,1.5,349,217.0,1.6,347,25576,16317,32.1,127.0
Station_01,Inv_00,20170721,07:21:00,233.8,1.8,421,216.0,1.8,389,25576,16317,31.8,137.0
Station_01,Inv_00,20170721,07:22:00,237.5,2.2,523,217.0,2.2,477,25576,16317,32.1,155.0
Station_01,Inv_00,20170721,07:23:00,247.4,2.7,668,217.0,2.8,608,25576,16317,32.1,178.0
Station_01,Inv_00,20170721,07:24:00,250.0,4.3,1075,218.0,4.5,981,25576,16317,32.9,287.0
Station_01,Inv_00,20170721,07:25:00,235.4,4.7,1106,217.0,4.8,1042,25576,16317,34.2,348.0
Station_01,Inv_00,20170721,07:26:00,249.0,4.6,1145,217.0,4.9,1063,25576,16317,34.7,310.0
Station_01,Inv_00,20170721,07:27:00,248.4,4.9,1217,217.0,5.3,1150,25576,16317,35.6,363.0
Station_01,Inv_00,20170721,07:28:00,235.0,5.2,1222,218.0,5.2,1134,25576,16317,36.5,365.0
Station_01,Inv_00,20170721,07:29:00,243.0,5.1,1239,219.0,5.3,1161,25576,16317,37.1,367.0
Station_01,Inv_00,20170721,07:30:00,242.5,5.2,1261,219.0,5.4,1183,25576,16317,37.9,371.0
Station_01,Inv_00,20170721,07:31:00,240.5,5.2,1251,219.0,5.3,1161,25576,16317,38.2,372.0
Station_01,Inv_00,20170721,07:32:00,234.9,5.3,1245,218.0,5.3,1155,25576,16317,38.9,374.0
Station_01,Inv_00,20170721,07:33:00,244.0,5.3,1293,217.0,5.5,1194,25576,16317,39.1,377.0
Station_01,Inv_00,20170721,07:34:00,243.4,5.3,1290,217.0,5.6,1215,25576,16317,39.3,378.0
Station_01,Inv_00,20170721,07:35:00,225.4,5.5,1240,217.0,5.4,1172,25576,16317,40.4,384.0
Station_01,Inv_00,20170721,07:36:00,207.0,5.7,1180,217.0,5.1,1107,25576,16317,41.2,390.0
Station_01,Inv_00,20170721,07:37:00,237.0,5.7,1351,218.0,5.8,1264,25576,16317,41.7,395.0
Station_01,Inv_00,20170721,07:38:00,228.5,5.3,1211,217.0,5.2,1128,25576,16317,41.7,365.0
Station_01,Inv_00,20170721,07:39:00,234.8,3.9,916,217.0,4.0,868,25576,16317,40.5,258.0
Station_01,Inv_00,20170721,07:40:00,235.5,2.5,589,217.0,2.5,543,25576,16317,40.8,224.0
Station_01,Inv_00,20170721,07:41:00,176.0,2.8,493,217.0,2.2,477,25576,16317,40.5,237.0
Station_01,Inv_00,20170721,07:42:00,215.4,2.9,625,217.0,2.7,586,25576,16317,39.8,208.0
Station_01,Inv_00,20170721,07:43:00,226.9,3.5,794,218.0,3.6,785,25576,16317,39.2,277.0
Station_01,Inv_00,20170721,07:44:00,226.0,2.4,542,217.0,2.5,543,25576,16317,38.4,177.0
Station_01,Inv_00,20170721,07:45:00,235.5,2.0,471,216.0,2.0,432,25576,16317,37.7,152.0
Station_01,Inv_00,20170721,07:46:00,232.0,1.8,418,217.0,1.8,391,25576,16317,36.4,143.0
Station_01,Inv_00,20170721,07:47:00,237.0,1.8,427,216.0,1.9,410,25576,16317,36.2,143.0
Station_01,Inv_00,20170721,07:48:00,235.0,2.0,470,217.0,2.0,434,25576,16317,35.8,152.0
Station_01,Inv_00,20170721,07:49:00,239.0,2.4,574,217.0,2.5,543,25576,16317,35.3,173.0
Station_01,Inv_00,20170721,07:50:00,235.0,3.2,752,217.0,3.3,716,25576,16317,35.6,222.0
Station_01,Inv_00,20170721,07:51:00,230.5,5.2,1199,217.0,5.2,1128,25576,16317,36.1,331.0
Station_01,Inv_00,20170721,07:52:00,238.4,5.3,1264,217.0,5.4,1172,25576,16317,36.8,348.0
Station_01,Inv_00,20170721,07:53:00,245.0,5.7,1396,217.0,5.9,1280,25576,16317,38.1,392.0
Station_01,Inv_00,20170721,07:54:00,242.5,6.1,1479,216.0,6.5,1404,25576,16317,38.5,440.0
Station_01,Inv_00,20170721,07:55:00,239.0,6.7,1601,216.0,6.9,1490,25576,16317,39.7,438.0
Station_01,Inv_00,20170721,07:56:00,239.0,6.7,1601,217.0,6.9,1497,25576,16317,40.2,470.0
Station_01,Inv_00,20170721,07:57:00,237.0,6.6,1564,217.0,6.9,1497,25577,16318,41.7,466.0
Station_01,Inv_00,20170721,07:58:00,238.5,6.5,1550,217.0,6.7,1454,25577,16318,42.1,460.0
Station_01,Inv_00,20170721,07:59:00,228.5,6.9,1577,218.0,6.7,1461,25577,16318,42.0,464.0
Station_01,Inv_00,20170721,08:00:00,239.0,6.6,1577,218.0,6.9,1504,25577,16318,42.9,467.0
Station_01,Inv_00,20170721,08:01:00,236.0,7.3,1723,218.0,7.5,1635,25577,16318,43.1,501.0
Station_01,Inv_00,20170721,08:02:00,227.9,7.3,1664,218.0,7.2,1570,25577,16318,43.5,496.0
Station_01,Inv_00,20170721,08:03:00,209.5,7.5,1571,217.0,6.8,1476,25577,16318,43.8,494.0
Station_01,Inv_00,20170721,08:04:00,168.5,7.6,1281,217.0,5.5,1194,25577,16318,44.3,497.0
Station_01,Inv_00,20170721,08:05:00,204.5,7.5,1534,218.0,6.7,1461,25577,16318,45.3,497.0
Station_01,Inv_00,20170721,08:06:00,237.0,7.3,1730,217.0,7.6,1649,25577,16318,45.0,503.0
Station_01,Inv_00,20170721,08:07:00,226.0,7.5,1695,219.0,7.4,1621,25577,16318,44.5,506.0
Station_01,Inv_00,20170721,08:08:00,231.5,7.7,1783,218.0,7.6,1657,25577,16318,45.0,509.0
Station_01,Inv_00,20170721,08:09:00,231.5,7.7,1782,217.0,7.8,1693,25577,16318,45.2,520.0
Station_01,Inv_00,20170721,08:10:00,228.0,7.9,1801,217.0,7.8,1693,25577,16318,45.3,525.0
Station_01,Inv_00,20170721,08:11:00,231.5,7.9,1829,218.0,7.9,1722,25577,16318,45.1,530.0
Station_01,Inv_00,20170721,08:12:00,233.0,8.0,1864,218.0,8.1,1766,25577,16318,45.4,539.0
Station_01,Inv_00,20170721,08:13:00,213.5,8.3,1772,217.0,7.7,1671,25577,16318,45.4,543.0
Station_01,Inv_00,20170721,08:14:00,235.0,8.1,1903,217.0,8.3,1801,25577,16318,45.2,549.0
Station_01,Inv_00,20170721,08:15:00,209.5,8.5,1780,218.0,7.7,1679,25577,16318,45.6,554.0
Station_01,Inv_00,20170721,08:16:00,235.0,7.7,1809,218.0,7.7,1679,25577,16318,45.4,529.0
Station_01,Inv_00,20170721,08:17:00,224.5,8.5,1908,217.0,8.3,1801,25577,16318,45.9,504.0
Station_01,Inv_00,20170721,08:18:00,227.0,4.5,1022,216.0,4.2,907,25577,16318,44.4,398.0
Station_01,Inv_00,20170721,08:19:00,231.5,5.9,1366,216.0,6.0,1296,25577,16318,44.7,455.0
Station_01,Inv_00,20170721,08:20:00,228.0,8.6,1960,218.0,8.5,1853,25577,16318,45.2,564.0
Station_01,Inv_00,20170721,08:21:00,235.0,8.5,1998,218.0,8.7,1897,25577,16318,45.1,573.0
Station_01,Inv_00,20170721,08:22:00,231.5,8.7,2014,219.0,8.7,1905,25577,16318,46.0,573.0
Station_01,Inv_00,20170721,08:23:00,228.5,8.9,2034,218.0,8.7,1897,25577,16318,46.5,580.0
Station_01,Inv_00,20170721,08:24:00,229.0,9.0,2061,219.0,8.9,1949,25577,16318,46.1,593.0
Station_01,Inv_00,20170721,08:25:00,230.0,8.1,1863,219.0,7.9,1730,25577,16318,47.1,546.0
Station_01,Inv_00,20170721,08:26:00,229.5,5.8,1331,219.0,5.6,1226,25577,16318,45.9,401.0
Station_01,Inv_00,20170721,08:27:00,230.0,3.9,897,218.0,3.9,850,25577,16318,44.1,286.0
Station_01,Inv_00,20170721,08:28:00,222.2,2.8,622,217.0,2.7,586,25577,16318,43.2,225.0
Station_01,Inv_00,20170721,08:29:00,231.0,2.2,508,218.0,2.4,523,25577,16318,41.4,176.0
Station_01,Inv_00,20170721,08:30:00,217.4,2.8,609,218.0,2.7,589,25577,16318,40.3,200.0
Station_01,Inv_00,20170721,08:31:00,232.0,2.5,580,218.0,2.5,545,25577,16318,39.1,183.0
Station_01,Inv_00,20170721,08:32:00,234.4,2.7,633,218.0,2.7,589,25577,16318,38.6,189.0
Station_01,Inv_00,20170721,08:33:00,234.5,3.1,727,218.0,3.1,676,25577,16318,38.0,206.0
Station_01,Inv_00,20170721,08:34:00,236.0,2.8,661,218.0,2.9,632,25577,16318,37.2,208.0
Station_01,Inv_00,20170721,08:35:00,233.0,3.0,699,218.0,3.1,676,25577,16318,36.8,208.0
Station_01,Inv_00,20170721,08:36:00,225.0,3.2,720,218.0,3.1,676,25577,16318,36.9,222.0
Station_01,Inv_00,20170721,08:37:00,240.0,3.3,792,218.0,3.5,763,25577,16318,36.6,228.0
Station_01,Inv_00,20170721,08:38:00,241.5,3.4,821,218.0,3.6,785,25577,16318,36.6,237.0
Station_01,Inv_00,20170721,08:39:00,238.5,3.6,859,218.0,3.8,828,25578,16319,36.6,246.0
Station_01,Inv_00,20170721,08:40:00,237.5,3.7,879,218.0,3.8,828,25578,16319,36.7,250.0
Station_01,Inv_00,20170721,08:41:00,238.5,3.8,906,218.0,3.9,850,25578,16319,36.9,255.0
Station_01,Inv_00,20170721,08:42:00,240.5,3.9,938,218.0,4.1,894,25578,16319,36.4,267.0
Station_01,Inv_00,20170721,08:43:00,235.5,4.1,966,218.0,4.0,872,25578,16319,36.3,274.0
Station_01,Inv_00,20170721,08:44:00,241.0,4.2,1012,219.0,4.2,920,25578,16319,36.8,280.0
Station_01,Inv_00,20170721,08:45:00,238.9,4.4,1051,218.0,4.4,959,25578,16319,37.3,289.0
Station_01,Inv_00,20170721,08:46:00,237.9,4.6,1094,218.0,4.6,1003,25578,16319,37.4,300.0
Station_01,Inv_00,20170721,08:47:00,242.5,4.7,1140,218.0,4.9,1068,25578,16319,37.7,317.0
Station_01,Inv_00,20170721,08:48:00,236.0,4.8,1133,218.0,4.7,1025,25578,16319,37.6,316.0
Station_01,Inv_00,20170721,08:49:00,234.0,4.5,1053,218.0,4.6,1003,25578,16319,38.1,307.0
Station_01,Inv_00,20170721,08:50:00,242.5,4.6,1116,218.0,4.6,1003,25578,16319,37.9,306.0
Station_01,Inv_00,20170721,08:51:00,237.5,4.7,1116,218.0,4.6,1003,25578,16319,38.2,308.0
Station_01,Inv_00,20170721,08:52:00,236.0,4.8,1133,218.0,4.7,1025,25578,16319,38.2,313.0
Station_01,Inv_00,20170721,08:53:00,238.5,4.9,1169,217.0,4.9,1063,25578,16319,38.7,318.0
Station_01,Inv_00,20170721,08:54:00,243.0,4.8,1166,218.0,5.1,1112,25578,16319,39.2,328.0
Station_01,Inv_00,20170721,08:55:00,226.5,5.7,1291,218.0,5.5,1199,25578,16319,39.7,351.0
Station_01,Inv_00,20170721,08:56:00,233.9,5.9,1380,218.0,5.8,1264,25578,16319,39.9,374.0
Station_01,Inv_00,20170721,08:57:00,239.9,7.0,1680,218.0,7.2,1570,25578,16319,40.5,428.0
Station_01,Inv_00,20170721,08:58:00,240.0,6.0,1440,217.0,6.1,1324,25578,16319,40.3,389.0
Station_01,Inv_00,20170721,08:59:00,234.5,6.4,1501,218.0,6.5,1417,25578,16319,41.5,422.0
Station_01,Inv_00,20170721,09:00:00,236.5,6.4,1513,219.0,6.6,1445,25578,16319,41.4,419.0
Station_01,Inv_00,20170721,09:01:00,234.4,6.4,1500,219.0,6.5,1424,25578,16319,42.3,428.0
Station_01,Inv_00,20170721,09:02:00,241.0,5.9,1422,219.0,6.2,1358,25578,16319,41.8,401.0
Station_01,Inv_00,20170721,09:03:00,234.0,6.0,1404,219.0,6.1,1336,25578,16319,42.6,396.0
Station_01,Inv_00,20170721,09:04:00,239.0,6.0,1434,218.0,6.1,1330,25578,16319,41.6,392.0
Station_01,Inv_00,20170721,09:05:00,235.9,5.8,1368,219.0,6.0,1314,25578,16319,42.0,389.0
Station_01,Inv_00,20170721,09:06:00,237.0,5.9,1398,218.0,5.9,1286,25578,16319,42.2,385.0
Station_01,Inv_00,20170721,09:07:00,228.0,5.9,1345,219.0,5.8,1270,25578,16319,42.4,386.0
Station_01,Inv_00,20170721,09:08:00,239.0,6.0,1434,219.0,6.1,1336,25578,16319,42.0,390.0
Station_01,Inv_00,20170721,09:09:00,237.0,5.9,1398,217.0,6.0,1302,25578,16319,41.7,392.0
Station_01,Inv_00,20170721,09:10:00,238.0,5.9,1404,217.0,6.2,1345,25578,16319,42.2,391.0
Station_01,Inv_00,20170721,09:11:00,234.5,6.1,1430,217.0,6.2,1345,25578,16319,42.3,402.0
Station_01,Inv_00,20170721,09:12:00,235.5,7.0,1648,217.0,7.0,1519,25578,16319,42.4,434.0
Station_01,Inv_00,20170721,09:13:00,213.0,6.3,1342,218.0,5.7,1243,25578,16319,42.1,402.0
Station_01,Inv_00,20170721,09:14:00,234.0,6.1,1427,218.0,6.2,1352,25578,16319,42.4,402.0
Station_01,Inv_00,20170721,09:15:00,234.0,6.4,1498,218.0,6.3,1373,25578,16319,42.3,412.0
Station_01,Inv_00,20170721,09:16:00,234.5,6.5,1524,218.0,6.7,1461,25578,16319,43.2,425.0
Station_01,Inv_00,20170721,09:17:00,238.0,7.5,1785,218.0,7.7,1679,25578,16319,43.6,473.0
Station_01,Inv_00,20170721,09:18:00,237.0,9.4,2227,219.0,9.2,2015,25578,16319,44.7,540.0
Station_01,Inv_00,20170721,09:19:00,234.5,7.7,1806,217.0,7.9,1714,25578,16319,44.4,514.0
Station_01,Inv_00,20170721,09:20:00,233.0,8.6,2003,217.0,8.7,1888,25578,16319,44.2,532.0
Station_01,Inv_00,20170721,09:21:00,233.9,8.2,1918,217.0,8.3,1801,25578,16319,44.6,525.0
Station_01,Inv_00,20170721,09:22:00,230.0,8.1,1863,217.0,8.1,1758,25578,16319,44.8,521.0
Station_01,Inv_00,20170721,09:23:00,232.0,7.5,1740,217.0,7.6,1649,25579,16319,45.4,490.0
Station_01,Inv_00,20170721,09:24:00,233.5,7.4,1728,218.0,7.5,1635,25579,16319,45.3,491.0
Station_01,Inv_00,20170721,09:25:00,234.5,7.3,1712,218.0,7.5,1635,25579,16319,44.6,484.0
Station_01,Inv_00,20170721,09:26:00,224.5,10.5,2357,218.0,10.2,2224,25579,16319,46.1,546.0
Station_01,Inv_00,20170721,09:27:00,226.5,7.6,1721,217.0,7.5,1628,25579,16319,46.8,520.0
Station_01,Inv_00,20170721,09:28:00,229.0,7.5,1717,218.0,7.5,1635,25579,16319,46.1,504.0
Station_01,Inv_00,20170721,09:29:00,230.5,7.2,1659,218.0,7.2,1570,25579,16319,44.9,470.0
Station_01,Inv_00,20170721,09:30:00,231.5,7.9,1829,219.0,7.8,1708,25579,16319,44.8,491.0
Station_01,Inv_00,20170721,09:31:00,224.9,8.0,1799,218.0,7.8,1700,25579,16319,44.6,524.0
Station_01,Inv_00,20170721,09:32:00,229.0,8.4,1924,218.0,8.3,1809,25579,16319,45.2,555.0
Station_01,Inv_00,20170721,09:33:00,233.0,7.7,1794,217.0,7.7,1671,25579,16319,45.9,503.0
Station_01,Inv_00,20170721,09:34:00,228.5,8.0,1828,217.0,8.0,1736,25579,16319,45.9,513.0
Station_01,Inv_00,20170721,09:35:00,230.0,7.9,1817,218.0,7.9,1722,25579,16319,45.3,502.0
Station_01,Inv_00,20170721,09:36:00,228.0,9.6,2189,218.0,9.8,2136,25579,16319,46.7,705.0
Station_01,Inv_00,20170721,09:37:00,230.0,8.6,1978,217.0,8.7,1888,25579,16319,46.6,635.0
Station_01,Inv_00,20170721,09:38:00,232.0,7.2,1670,218.0,7.2,1570,25579,16319,46.3,472.0
Station_01,Inv_00,20170721,09:39:00,231.9,6.6,1531,217.0,6.7,1454,25579,16319,45.6,443.0
Station_01,Inv_00,20170721,09:40:00,233.0,6.4,1491,218.0,6.3,1373,25579,16319,46.1,421.0
Station_01,Inv_00,20170721,09:41:00,222.0,6.5,1443,218.0,6.2,1352,25579,16319,45.2,411.0
Station_01,Inv_00,20170721,09:42:00,229.0,6.4,1466,218.0,6.3,1373,25579,16319,44.7,416.0
Station_01,Inv_00,20170721,09:43:00,227.5,6.5,1479,218.0,6.4,1395,25579,16319,44.0,438.0
Station_01,Inv_00,20170721,09:44:00,230.5,6.7,1544,218.0,6.7,1461,25579,16319,44.2,424.0
Station_01,Inv_00,20170721,09:45:00,224.5,6.3,1414,218.0,6.1,1330,25579,16319,44.3,407.0
Station_01,Inv_00,20170721,09:46:00,224.5,6.6,1481,218.0,6.5,1417,25579,16319,44.1,421.0
Station_01,Inv_00,20170721,09:47:00,224.5,6.5,1459,217.0,6.4,1389,25579,16319,44.2,413.0
Station_01,Inv_00,20170721,09:48:00,233.9,6.6,1544,217.0,6.6,1432,25579,16319,44.6,423.0
Station_01,Inv_00,20170721,09:49:00,235.0,6.6,1551,217.0,6.6,1432,25579,16319,44.7,429.0
Station_01,Inv_00,20170721,09:50:00,234.9,6.0,1409,219.0,6.1,1336,25579,16319,45.3,409.0
Station_01,Inv_00,20170721,09:51:00,236.0,5.8,1369,219.0,6.0,1314,25579,16319,44.4,396.0
Station_01,Inv_00,20170721,09:52:00,234.5,6.1,1430,218.0,6.1,1330,25579,16319,44.2,397.0
Station_01,Inv_00,20170721,09:53:00,232.0,6.4,1485,218.0,6.5,1417,25579,16319,44.0,413.0
Station_01,Inv_00,20170721,09:54:00,233.5,6.0,1401,218.0,6.1,1330,25579,16319,43.5,405.0
Station_01,Inv_00,20170721,09:55:00,236.0,6.0,1416,218.0,6.0,1308,25579,16319,43.7,399.0
Station_01,Inv_00,20170721,09:56:00,235.0,6.2,1457,218.0,6.2,1352,25579,16319,43.2,401.0
Station_01,Inv_00,20170721,09:57:00,236.0,5.9,1392,218.0,6.0,1308,25579,16319,43.1,396.0
Station_01,Inv_00,20170721,09:58:00,217.0,6.2,1345,219.0,5.8,1270,25579,16319,43.0,402.0
Station_01,Inv_00,20170721,09:59:00,228.5,6.5,1485,219.0,6.4,1402,25579,16319,43.4,420.0
Station_01,Inv_00,20170721,10:00:00,237.0,7.3,1730,219.0,7.4,1621,25580,16320,43.2,453.0
Station_01,Inv_00,20170721,10:01:00,233.0,6.7,1561,219.0,6.7,1467,25580,16320,43.0,452.0
Station_01,Inv_00,20170721,10:02:00,226.5,6.8,1540,219.0,6.7,1467,25580,16320,43.3,445.0
Station_01,Inv_00,20170721,10:03:00,225.0,6.4,1440,218.0,6.2,1352,25580,16320,43.0,428.0
Station_01,Inv_00,20170721,10:04:00,184.5,6.6,1218,218.0,5.2,1134,25580,16320,42.8,436.0
Station_01,Inv_00,20170721,10:05:00,198.4,6.0,1191,218.0,5.1,1112,25580,16320,42.2,397.0
Station_01,Inv_00,20170721,10:06:00,237.3,5.9,1400,218.0,6.0,1308,25580,16320,42.4,392.0
Station_01,Inv_00,20170721,10:07:00,235.0,5.9,1386,218.0,5.8,1264,25580,16320,42.0,385.0
Station_01,Inv_00,20170721,10:08:00,229.4,5.8,1330,218.0,5.7,1243,25580,16320,41.4,384.0
Station_01,Inv_00,20170721,10:09:00,230.0,5.8,1334,218.0,5.8,1264,25580,16320,41.7,385.0
Station_01,Inv_00,20170721,10:10:00,235.9,5.8,1368,217.0,6.0,1302,25580,16320,42.2,392.0
Station_01,Inv_00,20170721,10:11:00,236.5,6.0,1419,218.0,6.2,1352,25580,16320,41.8,399.0
Station_01,Inv_00,20170721,10:12:00,234.5,6.5,1524,218.0,6.5,1417,25580,16320,42.5,416.0
Station_01,Inv_00,20170721,10:13:00,233.5,8.1,1891,218.0,8.0,1744,25580,16320,42.1,475.0
Station_01,Inv_00,20170721,10:14:00,234.4,7.4,1735,218.0,7.6,1657,25580,16320,43.2,500.0
Station_01,Inv_00,20170721,10:15:00,239.5,7.4,1772,218.0,7.7,1679,25580,16320,43.6,504.0
Station_01,Inv_00,20170721,10:16:00,239.0,7.9,1888,218.0,8.2,1788,25580,16320,44.7,516.0
Station_01,Inv_00,20170721,10:17:00,230.5,7.5,1729,218.0,7.6,1657,25580,16320,45.1,510.0
Station_01,Inv_00,20170721,10:18:00,233.0,7.3,1701,218.0,7.4,1613,25580,16320,44.8,477.0
Station_01,Inv_00,20170721,10:19:00,231.9,8.0,1856,218.0,8.1,1766,25580,16320,45.3,492.0
Station_01,Inv_00,20170721,10:20:00,234.5,8.8,2064,219.0,9.0,1971,25580,16320,44.7,552.0
Station_01,Inv_00,20170721,10:21:00,228.0,6.8,1550,218.0,6.7,1461,25580,16320,45.2,448.0
Station_01,Inv_00,20170721,10:22:00,228.0,6.5,1482,218.0,6.5,1417,25580,16320,44.3,429.0
Station_01,Inv_00,20170721,10:23:00,225.5,7.0,1579,218.0,6.9,1504,25580,16320,44.8,444.0
Station_01,Inv_00,20170721,10:24:00,226.5,8.7,1970,218.0,8.2,1788,25580,16320,44.8,487.0
Station_01,Inv_00,20170721,10:25:00,231.0,7.5,1732,218.0,7.4,1613,25580,16320,45.9,468.0
Station_01,Inv_00,20170721,10:26:00,232.5,7.1,1651,218.0,7.2,1570,25580,16320,45.0,466.0
Station_01,Inv_00,20170721,10:27:00,233.4,9.2,2148,219.0,9.2,2015,25580,16320,45.4,543.0
Station_01,Inv_00,20170721,10:28:00,232.0,7.9,1833,218.0,8.0,1744,25580,16320,46.5,547.0
Station_01,Inv_00,20170721,10:29:00,233.5,8.1,1891,218.0,8.2,1788,25580,16320,47.3,518.0
Station_01,Inv_00,20170721,10:30:00,233.0,7.5,1747,218.0,7.7,1679,25580,16320,46.4,507.0
Station_01,Inv_00,20170721,10:31:00,233.0,9.6,2236,218.0,9.7,2115,25580,16320,46.8,586.0
Station_01,Inv_00,20170721,10:32:00,229.0,12.7,2908,219.0,12.4,2716,25580,16320,48.5,860.0
Station_01,Inv_00,20170721,10:33:00,233.5,8.0,1868,218.0,8.2,1788,25580,16320,47.8,561.0
Station_01,Inv_00,20170721,10:34:00,227.5,7.3,1661,218.0,7.2,1570,25580,16320,47.4,497.0
Station_01,Inv_00,20170721,10:35:00,226.5,7.7,1744,218.0,7.6,1657,25581,16321,47.4,535.0
Station_01,Inv_00,20170721,10:36:00,227.4,8.4,1910,218.0,8.2,1788,25581,16321,46.9,570.0
Station_01,Inv_00,20170721,10:37:00,234.5,9.3,2181,218.0,9.3,2027,25581,16321,46.1,551.0
Station_01,Inv_00,20170721,10:38:00,230.5,12.2,2812,218.0,12.2,2660,25581,16321,47.3,697.0
Station_01,Inv_00,20170721,10:39:00,228.0,9.7,2212,218.0,9.7,2115,25581,16321,47.0,629.0
Station_01,Inv_00,20170721,10:40:00,225.5,8.2,1849,217.0,8.1,1758,25581,16321,48.1,591.0
Station_01,Inv_00,20170721,10:41:00,229.5,12.9,2960,218.0,12.5,2725,25581,16321,48.5,700.0
Station_01,Inv_00,20170721,10:42:00,226.1,9.2,2081,217.0,9.2,1996,25581,16321,48.6,675.0
Station_01,Inv_00,20170721,10:43:00,228.0,7.4,1687,217.0,7.4,1606,25581,16321,47.8,508.0
Station_01,Inv_00,20170721,10:44:00,230.0,7.1,1633,217.0,7.1,1541,25581,16321,47.3,475.0
Station_01,Inv_00,20170721,10:45:00,232.5,7.2,1674,218.0,7.2,1570,25581,16321,47.7,478.0
Station_01,Inv_00,20170721,10:46:00,231.0,8.5,1963,218.0,8.5,1853,25581,16321,47.6,530.0
Station_01,Inv_00,20170721,10:47:00,230.5,9.0,2074,218.0,9.1,1984,25581,16321,48.4,606.0
Station_01,Inv_00,20170721,10:48:00,231.5,9.7,2245,218.0,9.8,2136,25581,16321,49.4,651.0
Station_01,Inv_00,20170721,10:49:00,227.0,15.1,3427,219.0,14.6,3197,25581,16321,51.2,898.0
Station_01,Inv_00,20170721,10:50:00,224.0,12.3,2755,218.0,12.1,2638,25581,16321,52.7,805.0
Station_01,Inv_00,20170721,10:51:00,225.5,17.6,3969,219.0,16.8,3679,25581,16321,53.3,1035.0
Station_01,Inv_00,20170721,10:52:00,224.0,15.2,3405,218.0,14.6,3183,25581,16321,54.5,1031.0
Station_01,Inv_00,20170721,10:53:00,225.5,13.5,3044,218.0,12.7,2769,25581,16321,56.5,860.0
Station_01,Inv_00,20170721,10:54:00,220.0,16.7,3673,218.0,15.7,3423,25581,16321,57.8,1052.0
Station_01,Inv_00,20170721,10:55:00,214.5,16.7,3582,218.0,15.2,3314,25581,16321,57.6,964.0
Station_01,Inv_00,20170721,10:56:00,219.0,16.6,3635,219.0,15.6,3416,25581,16321,57.1,983.0
Station_01,Inv_00,20170721,10:57:00,218.0,11.9,2594,218.0,11.2,2442,25581,16321,57.1,768.0
Station_01,Inv_00,20170721,10:58:00,208.0,12.4,2579,218.0,11.7,2551,25581,16321,57.3,1000.0
Station_01,Inv_00,20170721,10:59:00,217.5,13.9,3023,218.0,13.1,2856,25582,16321,54.8,865.0
Station_01,Inv_00,20170721,11:00:00,219.0,14.9,3263,218.0,14.0,3052,25582,16321,56.7,929.0
Station_01,Inv_00,20170721,11:01:00,214.5,14.8,3174,218.0,13.5,2943,25582,16321,57.8,941.0
Station_01,Inv_00,20170721,11:02:00,213.0,14.1,3003,219.0,12.6,2759,25582,16321,56.8,843.0
Station_01,Inv_00,20170721,11:03:00,212.0,14.7,3116,218.0,13.4,2921,25582,16321,59.3,1011.0
Station_01,Inv_00,20170721,11:04:00,215.0,11.5,2472,218.0,10.6,2311,25582,16321,57.5,688.0
Station_01,Inv_00,20170721,11:05:00,212.5,18.4,3910,219.0,16.6,3635,25582,16321,60.3,1016.0
Station_01,Inv_00,20170721,11:06:00,211.0,13.0,2743,218.0,11.7,2551,25582,16321,60.6,865.0
Station_01,Inv_00,20170721,11:07:00,214.5,14.1,3024,218.0,12.9,2812,25582,16321,59.7,816.0
Station_01,Inv_00,20170721,11:08:00,213.0,12.3,2620,218.0,11.4,2485,25582,16321,59.3,872.0
Station_01,Inv_00,20170721,11:09:00,209.0,9.6,2006,217.0,8.7,1888,25582,16321,56.9,628.0
Station_01,Inv_00,20170721,11:10:00,217.5,9.9,2153,217.0,9.3,2018,25582,16321,56.7,617.0
Station_01,Inv_00,20170721,11:11:00,221.0,10.3,2276,218.0,9.9,2158,25582,16321,55.3,680.0
Station_01,Inv_00,20170721,11:12:00,220.5,12.3,2712,218.0,11.7,2551,25582,16321,56.4,721.0
Station_01,Inv_00,20170721,11:13:00,222.0,10.3,2287,217.0,9.9,2148,25582,16321,56.9,688.0
Station_01,Inv_00,20170721,11:14:00,221.5,10.7,2370,217.0,10.3,2235,25582,16321,54.6,712.0
Station_01,Inv_00,20170721,11:15:00,222.9,13.3,2965,218.0,12.7,2769,25582,16321,56.4,804.0
Station_01,Inv_00,20170721,11:16:00,215.4,16.7,3598,218.0,15.5,3379,25582,16321,57.5,1071.0
Station_01,Inv_00,20170721,11:17:00,213.0,18.4,3919,219.0,16.7,3657,25582,16321,60.6,1105.0
Station_01,Inv_00,20170721,11:18:00,209.5,14.9,3122,218.0,13.4,2921,25582,16321,59.6,901.0
Station_01,Inv_00,20170721,11:19:00,208.0,14.7,3058,218.0,13.0,2834,25582,16321,59.9,951.0
Station_01,Inv_00,20170721,11:20:00,210.0,11.0,2310,218.0,10.0,2180,25583,16322,59.0,714.0
Station_01,Inv_00,20170721,11:21:00,212.0,9.9,2099,218.0,9.2,2006,25583,16322,58.1,642.0
Station_01,Inv_00,20170721,11:22:00,217.0,9.5,2061,218.0,8.9,1940,25583,16322,57.8,595.0
Station_01,Inv_00,20170721,11:23:00,222.0,9.6,2131,218.0,9.3,2027,25583,16322,56.3,602.0
Station_01,Inv_00,20170721,11:24:00,215.5,9.9,2133,218.0,9.3,2027,25583,16322,57.2,643.0
Station_01,Inv_00,20170721,11:25:00,223.5,8.5,1899,218.0,8.2,1788,25583,16322,56.1,567.0
Station_01,Inv_00,20170721,11:26:00,223.5,9.7,2168,218.0,9.5,2071,25583,16322,54.9,602.0
Station_01,Inv_00,20170721,11:27:00,224.0,8.3,1859,218.0,8.1,1766,25583,16322,53.2,546.0
Station_01,Inv_00,20170721,11:28:00,223.0,9.6,2141,217.0,9.3,2018,25583,16322,53.7,607.0
Station_01,Inv_00,20170721,11:29:00,221.9,9.5,2108,217.0,9.2,1996,25583,16322,54.3,588.0
Station_01,Inv_00,20170721,11:30:00,223.5,9.5,2123,218.0,9.3,2027,25583,16322,55.3,646.0
Station_01,Inv_00,20170721,11:31:00,208.0,13.7,2850,218.0,12.3,2681,25583,16322,57.1,865.0
Station_01,Inv_00,20170721,11:32:00,202.0,16.5,3333,218.0,14.4,3139,25583,16322,57.8,1097.0
Station_01,Inv_00,20170721,11:33:00,201.9,10.3,2080,217.0,9.1,1975,25583,16322,59.0,829.0
Station_01,Inv_00,20170721,11:34:00,219.0,9.4,2059,217.0,9.0,1953,25583,16322,55.8,589.0
Station_01,Inv_00,20170721,11:35:00,221.5,10.7,2370,218.0,10.3,2245,25583,16322,55.0,621.0
Station_01,Inv_00,20170721,11:36:00,223.0,11.3,2520,217.0,10.8,2344,25583,16322,56.0,697.0
Station_01,Inv_00,20170721,11:37:00,225.0,12.4,2790,218.0,11.7,2551,25583,16322,55.7,693.0
Station_01,Inv_00,20170721,11:38:00,218.5,10.4,2272,217.0,9.8,2127,25583,16322,56.8,725.0
Station_01,Inv_00,20170721,11:39:00,215.0,13.5,2902,218.0,13.3,2899,25583,16322,59.8,991.0
Station_01,Inv_00,20170721,11:40:00,217.0,10.3,2235,218.0,9.6,2093,25583,16322,59.3,655.0
Station_01,Inv_00,20170721,11:41:00,214.5,17.4,3732,219.0,15.9,3482,25583,16322,59.7,947.0
Station_01,Inv_00,20170721,11:42:00,211.5,15.2,3215,218.0,13.7,2987,25583,16322,59.1,889.0
Station_01,Inv_00,20170721,11:43:00,212.0,11.6,2459,218.0,10.6,2311,25583,16322,60.3,753.0
Station_01,Inv_00,20170721,11:44:00,211.5,10.9,2305,218.0,10.0,2180,25584,16323,61.1,788.0
Station_01,Inv_00,20170721,11:45:00,215.0,12.9,2773,219.0,11.8,2584,25584,16323,60.7,725.0
Station_01,Inv_00,20170721,11:46:00,214.0,13.2,2824,219.0,12.0,2628,25584,16323,62.3,794.0
Station_01,Inv_00,20170721,11:47:00,214.5,15.4,3303,219.0,14.4,3154,25584,16323,64.4,1027.0
Station_01,Inv_00,20170721,11:48:00,207.5,15.3,3174,219.0,13.3,2913,25584,16323,64.7,883.0
Station_01,Inv_00,20170721,11:49:00,198.5,15.9,3156,219.0,13.7,3000,25584,16323,67.1,1038.0
Station_01,Inv_00,20170721,11:50:00,197.0,14.2,2797,219.0,11.9,2606,25584,16323,68.4,976.0
Station_01,Inv_00,20170721,11:51:00,202.0,16.8,3393,219.0,14.3,3132,25584,16323,66.9,910.0
Station_01,Inv_00,20170721,11:52:00,205.0,11.9,2439,219.0,10.4,2278,25584,16323,65.5,826.0
Station_01,Inv_00,20170721,11:53:00,200.0,14.6,2919,219.0,12.3,2694,25584,16323,64.6,796.0
Station_01,Inv_00,20170721,11:54:00,195.5,14.7,2874,219.0,12.4,2716,25584,16323,65.2,907.0
Station_01,Inv_00,20170721,11:55:00,201.0,15.1,3035,220.0,12.9,2838,25584,16323,65.1,905.0
Station_01,Inv_00,20170721,11:56:00,210.5,14.1,2968,220.0,12.7,2794,25584,16323,67.4,925.0
Station_01,Inv_00,20170721,11:57:00,204.5,17.1,3497,218.0,15.0,3270,25584,16323,67.3,1073.0
Station_01,Inv_00,20170721,11:58:00,203.5,17.4,3541,218.0,15.1,3292,25584,16323,67.6,1082.0
Station_01,Inv_00,20170721,11:59:00,207.0,16.0,3312,218.0,14.2,3096,25584,16323,66.7,1042.0
Station_01,Inv_00,20170721,12:00:00,204.0,16.6,3386,217.0,14.5,3147,25584,16323,66.8,1050.0
Station_01,Inv_00,20170721,12:01:00,206.9,15.5,3208,217.0,14.2,3081,25584,16323,66.2,871.0
Station_01,Inv_00,20170721,12:02:00,209.9,8.8,1847,217.0,8.0,1736,25584,16323,63.1,620.0
Station_01,Inv_00,20170721,12:03:00,210.4,14.7,3093,218.0,13.3,2899,25584,16323,64.7,887.0
Station_01,Inv_00,20170721,12:04:00,209.9,15.5,3254,218.0,14.0,3052,25585,16323,65.2,976.0
Station_01,Inv_00,20170721,12:05:00,204.0,14.0,2856,218.0,12.4,2703,25585,16323,67.1,930.0
Station_01,Inv_00,20170721,12:06:00,199.5,15.2,3032,218.0,13.0,2834,25585,16323,67.6,922.0
Station_01,Inv_00,20170721,12:07:00,196.5,15.3,3006,218.0,12.8,2790,25585,16323,65.6,778.0
Station_01,Inv_00,20170721,12:08:00,203.5,13.8,2808,218.0,12.2,2660,25585,16323,63.8,921.0
Station_01,Inv_00,20170721,12:09:00,205.0,15.9,3260,218.0,14.0,3052,25585,16323,67.3,977.0
Station_01,Inv_00,20170721,12:10:00,211.5,13.2,2791,218.0,12.2,2660,25585,16323,68.6,904.0
Station_01,Inv_00,20170721,12:11:00,209.4,14.5,3037,218.0,13.1,2856,25585,16323,69.7,915.0
Station_01,Inv_00,20170721,12:12:00,205.0,13.5,2768,218.0,12.1,2638,25585,16323,68.6,914.0
Station_01,Inv_00,20170721,12:13:00,202.5,15.1,3058,218.0,13.1,2856,25585,16323,67.8,899.0
Station_01,Inv_00,20170721,12:14:00,206.5,15.3,3159,218.0,13.6,2965,25585,16323,69.4,961.0
Station_01,Inv_00,20170721,12:15:00,205.9,15.3,3151,218.0,13.6,2965,25585,16323,68.8,969.0
Station_01,Inv_00,20170721,12:16:00,207.5,15.2,3154,218.0,13.5,2943,25585,16323,65.9,946.0
Station_01,Inv_00,20170721,12:17:00,204.5,15.4,3149,218.0,13.5,2943,25585,16323,66.6,957.0
Station_01,Inv_00,20170721,12:18:00,204.5,15.4,3149,218.0,13.5,2943,25585,16323,66.2,954.0
Station_01,Inv_00,20170721,12:19:00,206.5,15.1,3117,218.0,13.4,2921,25585,16323,65.9,946.0
Station_01,Inv_00,20170721,12:20:00,207.0,15.1,3126,218.0,13.4,2921,25585,16323,65.2,941.0
Station_01,Inv_00,20170721,12:21:00,203.0,15.4,3126,218.0,13.4,2921,25585,16323,65.4,948.0
Station_01,Inv_00,20170721,12:22:00,207.5,15.0,3112,218.0,13.4,2921,25585,16323,64.9,935.0
Station_01,Inv_00,20170721,12:23:00,199.0,14.8,2945,218.0,12.7,2769,25585,16323,63.8,928.0
Station_01,Inv_00,20170721,12:24:00,200.0,9.9,1980,217.0,9.0,1953,25586,16324,60.5,702.0
Station_01,Inv_00,20170721,12:25:00,199.5,15.0,2992,218.0,13.1,2856,25586,16324,60.9,905.0
Station_01,Inv_00,20170721,12:26:00,209.0,15.0,3135,218.0,13.4,2921,25586,16324,60.5,895.0
Station_01,Inv_00,20170721,12:27:00,211.5,14.5,3067,218.0,13.2,2878,25586,16324,61.3,909.0
Station_01,Inv_00,20170721,12:28:00,210.5,14.7,3094,218.0,13.3,2899,25586,16324,61.7,914.0
Station_01,Inv_00,20170721,12:29:00,211.5,14.7,3109,218.0,13.4,2921,25586,16324,63.9,919.0
Station_01,Inv_00,20170721,12:30:00,209.9,15.1,3170,218.0,13.6,2965,25586,16324,62.2,929.0
Station_01,Inv_00,20170721,12:31:00,212.0,14.9,3159,218.0,13.6,2965,25586,16324,63.0,939.0
Station_01,Inv_00,20170721,12:32:00,207.5,15.1,3133,218.0,13.5,2943,25586,16324,63.0,929.0
Station_01,Inv_00,20170721,12:33:00,212.5,12.6,2677,217.0,10.3,2235,25586,16324,61.0,762.0
Station_01,Inv_00,20170721,12:34:00,216.0,7.2,1555,217.0,6.7,1454,25586,16324,57.9,450.0
Station_01,Inv_00,20170721,12:35:00,214.9,14.9,3203,218.0,13.8,3008,25586,16324,58.4,925.0
Station_01,Inv_00,20170721,12:36:00,211.4,15.5,3277,218.0,14.1,3074,25586,16324,59.3,975.0
Station_01,Inv_00,20170721,12:37:00,211.0,16.0,3376,218.0,14.4,3139,25586,16324,61.1,964.0
Station_01,Inv_00,20170721,12:38:00,211.5,15.0,3172,218.0,13.7,2987,25586,16324,60.4,956.0
Station_01,Inv_00,20170721,12:39:00,204.5,14.6,2985,218.0,12.8,2790,25586,16324,61.7,880.0
Station_01,Inv_00,20170721,12:40:00,214.0,12.6,2696,217.0,11.7,2539,25586,16324,61.9,761.0
Station_01,Inv_00,20170721,12:41:00,219.9,13.7,3012,218.0,12.6,2747,25586,16324,61.3,731.0
Station_01,Inv_00,20170721,12:42:00,219.4,13.5,2962,218.0,12.7,2769,25586,16324,62.4,839.0
Station_01,Inv_00,20170721,12:43:00,223.0,7.8,1739,217.0,7.7,1671,25586,16324,60.6,548.0
Station_01,Inv_00,20170721,12:44:00,220.0,14.6,3212,218.0,13.8,3008,25586,16324,60.2,863.0
Station_01,Inv_00,20170721,12:45:00,219.0,13.7,3000,218.0,12.8,2790,25587,16325,61.8,842.0
Station_01,Inv_00,20170721,12:46:00,210.0,12.6,2646,217.0,11.6,2517,25587,16325,62.8,873.0
Station_01,Inv_00,20170721,12:47:00,211.0,10.4,2194,217.0,9.7,2105,25587,16325,61.4,757.0
Station_01,Inv_00,20170721,12:48:00,212.9,14.5,3088,217.0,13.3,2886,25587,16325,61.1,850.0
Station_01,Inv_00,20170721,12:49:00,213.5,9.1,1943,217.0,8.3,1801,25587,16325,59.1,701.0
Station_01,Inv_00,20170721,12:50:00,209.0,6.8,1421,216.0,6.2,1339,25587,16325,55.9,429.0
Station_01,Inv_00,20170721,12:51:00,220.4,6.0,1322,217.0,5.8,1259,25587,16325,53.3,396.0
Station_01,Inv_00,20170721,12:52:00,226.5,6.0,1359,217.0,5.8,1259,25587,16325,52.6,383.0
Station_01,Inv_00,20170721,12:53:00,215.9,8.1,1749,217.0,7.6,1649,25587,16325,50.9,485.0
Station_01,Inv_00,20170721,12:54:00,216.9,7.6,1649,217.0,7.2,1562,25587,16325,50.9,460.0
Station_01,Inv_00,20170721,12:55:00,217.0,14.2,3081,217.0,13.3,2886,25587,16325,51.0,779.0
Station_01,Inv_00,20170721,12:56:00,221.0,14.6,3226,217.0,13.9,3016,25587,16325,54.2,912.0
Station_01,Inv_00,20170721,12:57:00,217.9,14.1,3073,217.0,13.3,2886,25587,16325,56.3,899.0
Station_01,Inv_00,20170721,12:58:00,222.0,13.8,3063,217.0,13.2,2864,25587,16325,56.3,800.0
Station_01,Inv_00,20170721,12:59:00,217.5,14.0,3045,217.0,13.2,2864,25587,16325,58.2,862.0
Station_01,Inv_00,20170721,13:00:00,210.4,13.4,2820,216.0,12.4,2678,25587,16325,59.0,836.0
Station_01,Inv_00,20170721,13:01:00,220.4,11.4,2513,216.0,11.2,2419,25587,16325,58.1,755.0
Station_01,Inv_00,20170721,13:02:00,219.8,7.9,1736,216.0,7.7,1663,25587,16325,59.5,664.0
Station_01,Inv_00,20170721,13:03:00,218.5,7.0,1530,218.0,6.5,1417,25587,16325,55.4,442.0
Station_01,Inv_00,20170721,13:04:00,223.2,6.5,1451,218.0,6.3,1373,25587,16325,54.1,421.0
Station_01,Inv_00,20170721,13:05:00,217.4,12.2,2653,219.0,11.5,2519,25587,16325,52.8,661.0
Station_01,Inv_00,20170721,13:06:00,218.0,13.9,3030,218.0,13.1,2856,25587,16325,54.4,869.0
Station_01,Inv_00,20170721,13:07:00,221.0,13.9,3072,219.0,13.2,2891,25587,16325,55.3,885.0
Station_01,Inv_00,20170721,13:08:00,218.0,13.8,3008,218.0,12.9,2812,25587,16325,55.7,879.0
Station_01,Inv_00,20170721,13:09:00,215.5,12.8,2758,218.0,11.9,2594,25587,16325,57.2,844.0
Station_01,Inv_00,20170721,13:10:00,203.5,13.7,2788,218.0,12.0,2616,25588,16325,58.7,818.0
Station_01,Inv_00,20170721,13:11:00,211.5,13.2,2792,218.0,12.1,2638,25588,16325,58.3,821.0
Station_01,Inv_00,20170721,13:12:00,217.0,13.4,2907,218.0,12.5,2725,25588,16325,57.0,844.0
Station_01,Inv_00,20170721,13:13:00,212.5,14.3,3039,218.0,13.0,2834,25588,16325,57.9,867.0
Station_01,Inv_00,20170721,13:14:00,211.0,14.1,2975,218.0,12.8,2790,25588,16325,60.0,885.0
Station_01,Inv_00,20170721,13:15:00,209.5,14.6,3059,218.0,13.2,2878,25588,16325,58.5,902.0
Station_01,Inv_00,20170721,13:16:00,212.5,14.6,3103,217.0,13.4,2908,25588,16325,57.1,917.0
Station_01,Inv_00,20170721,13:17:00,211.5,14.8,3130,218.0,13.4,2921,25588,16325,57.7,920.0
Station_01,Inv_00,20170721,13:18:00,211.0,13.6,2869,218.0,12.5,2725,25588,16325,59.4,889.0
Station_01,Inv_00,20170721,13:19:00,216.4,12.9,2792,217.0,11.9,2582,25588,16325,59.5,819.0
Station_01,Inv_00,20170721,13:20:00,221.4,6.7,1483,217.0,6.4,1389,25588,16325,57.0,447.0
Station_01,Inv_00,20170721,13:21:00,220.3,6.3,1388,217.0,6.1,1324,25588,16325,54.9,402.0
Station_01,Inv_00,20170721,13:22:00,217.9,10.7,2331,218.0,10.1,2202,25588,16325,53.8,618.0
Station_01,Inv_00,20170721,13:23:00,217.2,7.7,1673,217.0,7.5,1628,25588,16325,54.0,601.0
Station_01,Inv_00,20170721,13:24:00,223.5,6.1,1363,217.0,5.8,1259,25588,16325,52.9,404.0
Station_01,Inv_00,20170721,13:25:00,228.5,5.4,1234,217.0,5.4,1172,25588,16325,51.4,358.0
Station_01,Inv_00,20170721,13:26:00,227.5,5.1,1160,217.0,5.1,1107,25588,16325,49.2,337.0
Station_01,Inv_00,20170721,13:27:00,227.5,5.2,1183,217.0,5.0,1085,25588,16325,47.9,330.0
Station_01,Inv_00,20170721,13:28:00,231.0,5.0,1155,217.0,5.1,1107,25588,16325,47.1,330.0
Station_01,Inv_00,20170721,13:29:00,233.0,5.2,1212,217.0,5.1,1107,25588,16325,44.9,335.0
Station_01,Inv_00,20170721,13:30:00,228.0,5.3,1208,217.0,5.2,1128,25588,16325,44.9,340.0
Station_01,Inv_00,20170721,13:31:00,228.5,5.8,1325,217.0,5.6,1215,25588,16325,44.2,359.0
Station_01,Inv_00,20170721,13:32:00,233.5,8.1,1892,217.0,8.2,1779,25588,16325,45.1,481.0
Station_01,Inv_00,20170721,13:33:00,231.5,12.6,2916,217.0,12.6,2734,25588,16325,47.1,791.0
Station_01,Inv_00,20170721,13:34:00,221.5,13.1,2902,217.0,12.5,2713,25588,16325,48.9,817.0
Station_01,Inv_00,20170721,13:35:00,225.0,12.6,2835,218.0,12.4,2703,25588,16325,50.6,804.0
Station_01,Inv_00,20170721,13:36:00,209.5,12.7,2661,217.0,11.6,2517,25588,16325,52.6,783.0
Station_01,Inv_00,20170721,13:37:00,208.5,13.1,2731,217.0,11.8,2561,25588,16325,52.7,792.0
Station_01,Inv_00,20170721,13:38:00,221.0,12.5,2762,217.0,12.0,2604,25589,16326,54.3,794.0
Station_01,Inv_00,20170721,13:39:00,207.5,13.1,2718,217.0,11.8,2561,25589,16326,55.1,797.0
Station_01,Inv_00,20170721,13:40:00,206.5,12.5,2581,217.0,11.3,2452,25589,16326,56.1,772.0
Station_01,Inv_00,20170721,13:41:00,208.0,12.6,2621,217.0,11.3,2452,25589,16326,56.8,771.0
Station_01,Inv_00,20170721,13:42:00,207.5,13.0,2698,216.0,11.7,2527,25589,16326,58.7,785.0
Station_01,Inv_00,20170721,13:43:00,207.0,13.2,2732,217.0,11.8,2561,25589,16326,57.6,792.0
Station_01,Inv_00,20170721,13:44:00,201.0,13.1,2633,217.0,11.4,2474,25589,16326,59.5,805.0
Station_01,Inv_00,20170721,13:45:00,207.0,12.6,2608,218.0,11.3,2463,25589,16326,56.6,747.0
Station_01,Inv_00,20170721,13:46:00,210.5,9.0,1894,216.0,7.8,1685,25589,16326,54.3,518.0
Station_01,Inv_00,20170721,13:47:00,218.0,12.1,2637,217.0,11.3,2452,25589,16326,55.8,764.0
Station_01,Inv_00,20170721,13:48:00,218.0,12.7,2769,217.0,12.1,2626,25589,16326,56.0,813.0
Station_01,Inv_00,20170721,13:49:00,222.0,11.3,2509,217.0,10.9,2365,25589,16326,54.2,743.0
Station_01,Inv_00,20170721,13:50:00,223.0,10.6,2364,217.0,10.3,2235,25589,16326,55.6,694.0
Station_01,Inv_00,20170721,13:51:00,223.5,12.0,2682,217.0,11.6,2517,25589,16326,57.3,760.0
Station_01,Inv_00,20170721,13:52:00,222.5,12.2,2714,218.0,11.8,2572,25589,16326,57.8,779.0
Station_01,Inv_00,20170721,13:53:00,210.9,12.4,2616,217.0,11.3,2452,25589,16326,57.2,786.0
Station_01,Inv_00,20170721,13:54:00,215.8,11.7,2525,217.0,10.7,2322,25589,16326,56.9,678.0
Station_01,Inv_00,20170721,13:55:00,227.0,7.0,1589,217.0,7.0,1519,25589,16326,56.1,520.0
Station_01,Inv_00,20170721,13:56:00,225.5,7.5,1691,217.0,7.2,1562,25589,16326,54.9,443.0
Station_01,Inv_00,20170721,13:57:00,221.5,8.8,1950,217.0,8.5,1845,25589,16326,56.1,642.0
Station_01,Inv_00,20170721,13:58:00,217.5,6.2,1349,217.0,5.9,1280,25589,16326,53.1,416.0
Station_01,Inv_00,20170721,13:59:00,214.5,6.2,1330,217.0,5.6,1215,25589,16326,50.9,381.0
Station_01,Inv_00,20170721,14:00:00,225.0,6.4,1440,217.0,6.2,1345,25589,16326,49.9,397.0
Station_01,Inv_00,20170721,14:01:00,232.0,6.4,1485,217.0,6.3,1367,25589,16326,49.7,403.0
Station_01,Inv_00,20170721,14:02:00,228.5,6.7,1531,217.0,6.7,1454,25589,16326,48.4,421.0
Station_01,Inv_00,20170721,14:03:00,232.0,6.8,1578,217.0,6.9,1497,25589,16326,46.6,435.0
Station_01,Inv_00,20170721,14:04:00,228.0,7.1,1619,217.0,6.9,1497,25589,16326,46.7,435.0
Station_01,Inv_00,20170721,14:05:00,232.5,6.9,1604,217.0,6.9,1497,25590,16326,46.5,431.0
Station_01,Inv_00,20170721,14:06:00,231.5,6.5,1505,216.0,6.5,1404,25590,16326,46.6,417.0
Station_01,Inv_00,20170721,14:07:00,229.0,5.6,1282,216.0,5.6,1210,25590,16326,46.5,381.0
Station_01,Inv_00,20170721,14:08:00,229.0,5.4,1236,216.0,5.3,1145,25590,16326,45.4,339.0
Station_01,Inv_00,20170721,14:09:00,230.0,5.4,1242,216.0,5.4,1166,25590,16326,45.0,347.0
Station_01,Inv_00,20170721,14:10:00,229.9,6.6,1517,216.0,6.7,1447,25590,16326,45.4,447.0
Station_01,Inv_00,20170721,14:11:00,240.4,7.4,1779,216.0,7.6,1642,25590,16326,45.5,445.0
Station_01,Inv_00,20170721,14:12:00,235.9,5.6,1321,217.0,5.6,1215,25590,16326,45.3,364.0
Station_01,Inv_00,20170721,14:13:00,230.0,5.8,1334,216.0,5.8,1253,25590,16326,45.3,366.0
Station_01,Inv_00,20170721,14:14:00,231.5,6.2,1435,216.0,6.2,1339,25590,16326,45.0,380.0
Station_01,Inv_00,20170721,14:15:00,227.5,7.4,1684,216.0,7.4,1598,25590,16326,44.8,420.0
Station_01,Inv_00,20170721,14:16:00,229.0,7.7,1763,217.0,7.6,1649,25590,16326,44.7,456.0
Station_01,Inv_00,20170721,14:17:00,231.9,10.2,2365,217.0,10.3,2235,25590,16326,46.1,616.0
Station_01,Inv_00,20170721,14:18:00,229.0,11.9,2725,217.0,11.8,2561,25590,16326,47.2,734.0
Station_01,Inv_00,20170721,14:19:00,223.0,10.9,2430,217.0,10.8,2344,25590,16326,47.2,719.0
Station_01,Inv_00,20170721,14:20:00,226.5,12.0,2718,217.0,11.8,2561,25590,16326,47.9,749.0
Station_01,Inv_00,20170721,14:21:00,223.0,12.1,2698,217.0,11.7,2539,25590,16326,50.4,750.0
Station_01,Inv_00,20170721,14:22:00,225.9,11.2,2531,218.0,11.0,2398,25590,16326,50.4,727.0
Station_01,Inv_00,20170721,14:23:00,228.0,10.6,2417,217.0,10.6,2300,25590,16326,50.6,696.0
Station_01,Inv_00,20170721,14:24:00,223.5,11.0,2459,217.0,10.7,2322,25590,16326,51.0,695.0
Station_01,Inv_00,20170721,14:25:00,227.5,10.3,2343,217.0,10.2,2213,25590,16326,51.8,668.0
Station_01,Inv_00,20170721,14:26:00,226.5,10.4,2355,217.0,10.3,2235,25590,16326,51.5,667.0
Station_01,Inv_00,20170721,14:27:00,226.0,10.4,2350,217.0,10.3,2235,25590,16326,50.6,664.0
Station_01,Inv_00,20170721,14:28:00,228.5,10.1,2308,218.0,10.1,2202,25590,16326,51.4,660.0
Station_01,Inv_00,20170721,14:29:00,226.5,10.3,2333,218.0,10.1,2202,25590,16326,51.6,660.0
Station_01,Inv_00,20170721,14:30:00,228.0,10.5,2394,218.0,10.3,2245,25590,16326,52.1,670.0
Station_01,Inv_00,20170721,14:31:00,218.0,11.2,2441,217.0,10.6,2300,25590,16326,51.6,703.0
Station_01,Inv_00,20170721,14:32:00,225.0,10.7,2408,218.0,10.5,2289,25590,16326,52.3,688.0
Station_01,Inv_00,20170721,14:33:00,224.9,10.2,2294,218.0,10.0,2180,25590,16326,51.5,660.0
Station_01,Inv_00,20170721,14:34:00,226.5,9.9,2242,218.0,9.8,2136,25591,16327,52.1,631.0
Station_01,Inv_00,20170721,14:35:00,225.0,9.6,2160,218.0,9.5,2071,25591,16327,52.4,621.0
Station_01,Inv_00,20170721,14:36:00,225.5,9.3,2097,217.0,9.1,1975,25591,16327,52.1,594.0
Station_01,Inv_00,20170721,14:37:00,225.0,9.5,2138,217.0,9.3,2018,25591,16327,52.2,605.0
Station_01,Inv_00,20170721,14:38:00,228.5,8.4,1919,218.0,8.4,1831,25591,16327,51.5,558.0
Station_01,Inv_00,20170721,14:39:00,227.0,9.9,2247,217.0,9.8,2127,25591,16327,52.2,615.0
Station_01,Inv_00,20170721,14:40:00,218.0,10.6,2310,217.0,10.1,2192,25591,16327,52.3,671.0
Station_01,Inv_00,20170721,14:41:00,226.5,10.2,2310,217.0,10.0,2170,25591,16327,51.4,644.0
Station_01,Inv_00,20170721,14:42:00,227.4,10.0,2275,217.0,9.9,2148,25591,16327,52.5,623.0
Station_01,Inv_00,20170721,14:43:00,226.0,9.7,2192,217.0,9.6,2083,25591,16327,50.4,628.0
Station_01,Inv_00,20170721,14:44:00,224.4,9.4,2110,217.0,9.2,1996,25591,16327,50.5,594.0
Station_01,Inv_00,20170721,14:45:00,228.9,7.7,1762,217.0,7.9,1714,25591,16327,49.1,539.0
Station_01,Inv_00,20170721,14:46:00,228.5,5.0,1142,217.0,4.9,1063,25591,16327,46.3,337.0
Station_01,Inv_00,20170721,14:47:00,229.5,7.1,1629,217.0,7.1,1541,25591,16327,46.6,486.0
Station_01,Inv_00,20170721,14:48:00,226.0,8.2,1853,217.0,8.1,1758,25591,16327,46.5,538.0
Station_01,Inv_00,20170721,14:49:00,226.9,8.0,1816,217.0,7.9,1714,25591,16327,45.6,486.0
Station_01,Inv_00,20170721,14:50:00,224.0,7.4,1658,217.0,7.1,1541,25591,16327,45.9,464.0
Station_01,Inv_00,20170721,14:51:00,232.5,7.9,1837,217.0,8.1,1758,25591,16327,47.0,515.0
Station_01,Inv_00,20170721,14:52:00,230.5,8.2,1890,217.0,8.2,1779,25591,16327,46.9,540.0
Station_01,Inv_00,20170721,14:53:00,227.0,7.4,1680,217.0,7.5,1628,25591,16327,46.8,504.0
Station_01,Inv_00,20170721,14:54:00,231.9,7.0,1623,216.0,7.0,1512,25591,16327,45.9,433.0
Station_01,Inv_00,20170721,14:55:00,235.5,7.7,1813,217.0,8.0,1736,25591,16327,46.1,497.0
Station_01,Inv_00,20170721,14:56:00,225.4,8.6,1939,217.0,8.3,1801,25591,16327,46.9,537.0
Station_01,Inv_00,20170721,14:57:00,234.5,8.3,1946,218.0,8.4,1831,25591,16327,46.5,541.0
Station_01,Inv_00,20170721,14:58:00,232.5,10.1,2348,219.0,10.1,2212,25591,16327,46.8,619.0
Station_01,Inv_00,20170721,14:59:00,231.5,10.0,2315,218.0,10.0,2180,25591,16327,47.2,646.0
Station_01,Inv_00,20170721,15:00:00,230.5,10.1,2328,219.0,10.0,2190,25591,16327,47.4,633.0
Station_01,Inv_00,20170721,15:01:00,232.0,10.7,2482,218.0,10.8,2354,25591,16327,47.6,673.0
Station_01,Inv_00,20170721,15:02:00,230.0,8.1,1863,218.0,8.0,1744,25591,16327,48.8,510.0
Station_01,Inv_00,20170721,15:03:00,232.0,5.9,1369,217.0,5.8,1259,25591,16327,48.3,416.0
Station_01,Inv_00,20170721,15:04:00,226.0,6.0,1356,218.0,5.8,1264,25592,16328,46.9,379.0
Station_01,Inv_00,20170721,15:05:00,219.5,8.8,1932,219.0,8.3,1818,25592,16328,47.4,523.0
Station_01,Inv_00,20170721,15:06:00,218.0,10.3,2245,219.0,9.7,2124,25592,16328,48.0,613.0
Station_01,Inv_00,20170721,15:07:00,229.0,10.3,2359,219.0,10.2,2234,25592,16328,49.6,663.0
Station_01,Inv_00,20170721,15:08:00,229.5,8.5,1951,218.0,8.5,1853,25592,16328,48.8,612.0
Station_01,Inv_00,20170721,15:09:00,232.5,8.0,1860,218.0,8.1,1766,25592,16328,48.3,496.0
Station_01,Inv_00,20170721,15:10:00,225.8,6.4,1445,218.0,6.2,1352,25592,16328,47.8,455.0
Station_01,Inv_00,20170721,15:11:00,231.0,5.8,1340,218.0,5.6,1221,25592,16328,46.3,373.0
Station_01,Inv_00,20170721,15:12:00,229.5,5.6,1285,218.0,5.5,1199,25592,16328,44.9,358.0
Station_01,Inv_00,20170721,15:13:00,227.5,5.7,1297,217.0,5.5,1194,25592,16328,44.3,356.0
Station_01,Inv_00,20170721,15:14:00,231.5,7.4,1713,217.0,7.2,1562,25592,16328,44.2,392.0
Station_01,Inv_00,20170721,15:15:00,232.5,7.9,1837,218.0,8.0,1744,25592,16328,45.2,492.0
Station_01,Inv_00,20170721,15:16:00,232.5,5.6,1302,217.0,5.5,1194,25592,16328,45.2,373.0
Station_01,Inv_00,20170721,15:17:00,233.8,5.7,1333,217.0,5.6,1215,25592,16328,45.7,374.0
Station_01,Inv_00,20170721,15:18:00,232.9,4.4,1025,217.0,4.5,977,25592,16328,44.1,303.0
Station_01,Inv_00,20170721,15:19:00,225.5,4.4,992,217.0,4.2,911,25592,16328,44.0,281.0
Station_01,Inv_00,20170721,15:20:00,232.0,4.4,1021,217.0,4.3,933,25592,16328,44.0,280.0
Station_01,Inv_00,20170721,15:21:00,225.5,4.6,1037,217.0,4.4,955,25592,16328,43.0,289.0
Station_01,Inv_00,20170721,15:22:00,229.0,5.1,1168,216.0,5.0,1080,25592,16328,42.1,320.0
Station_01,Inv_00,20170721,15:23:00,229.5,7.6,1744,217.0,7.7,1671,25592,16328,43.2,479.0
Station_01,Inv_00,20170721,15:24:00,234.8,6.9,1620,217.0,7.1,1541,25592,16328,43.3,426.0
Station_01,Inv_00,20170721,15:25:00,235.0,4.8,1128,217.0,4.7,1020,25592,16328,42.8,315.0
Station_01,Inv_00,20170721,15:26:00,237.3,4.6,1092,217.0,4.6,998,25592,16328,42.7,299.0
Station_01,Inv_00,20170721,15:27:00,233.0,4.2,978,218.0,4.1,894,25592,16328,42.3,294.0
Station_01,Inv_00,20170721,15:28:00,237.5,3.6,855,218.0,3.7,807,25592,16328,41.6,247.0
Station_01,Inv_00,20170721,15:29:00,234.9,3.0,705,218.0,3.1,676,25592,16328,40.1,215.0
Station_01,Inv_00,20170721,15:30:00,237.0,2.8,664,218.0,2.8,610,25592,16328,39.7,193.0
Station_01,Inv_00,20170721,15:31:00,235.0,2.8,658,217.0,2.8,608,25592,16328,39.1,194.0
Station_01,Inv_00,20170721,15:32:00,241.0,2.7,651,217.0,2.9,629,25592,16328,38.7,193.0
Station_01,Inv_00,20170721,15:33:00,239.0,2.7,645,217.0,3.0,651,25592,16328,38.4,196.0
Station_01,Inv_00,20170721,15:34:00,241.0,3.0,723,217.0,3.1,673,25592,16328,37.8,205.0
Station_01,Inv_00,20170721,15:35:00,235.9,3.2,755,218.0,3.4,741,25592,16328,38.0,217.0
Station_01,Inv_00,20170721,15:36:00,240.9,3.4,819,217.0,3.6,781,25592,16328,37.5,231.0
Station_01,Inv_00,20170721,15:37:00,242.5,3.4,825,217.0,3.6,781,25592,16328,37.6,236.0
Station_01,Inv_00,20170721,15:38:00,238.8,3.6,860,217.0,3.7,803,25592,16328,37.6,238.0
Station_01,Inv_00,20170721,15:39:00,240.4,3.6,866,217.0,3.9,846,25592,16328,38.0,248.0
Station_01,Inv_00,20170721,15:40:00,237.9,3.8,904,217.0,4.0,868,25592,16328,37.8,253.0
Station_01,Inv_00,20170721,15:41:00,235.0,6.0,1410,218.0,5.9,1286,25592,16328,38.3,281.0
Station_01,Inv_00,20170721,15:42:00,236.0,4.9,1156,218.0,5.1,1112,25592,16328,39.3,349.0
Station_01,Inv_00,20170721,15:43:00,239.5,6.2,1485,218.0,6.4,1395,25592,16328,39.2,340.0
Station_01,Inv_00,20170721,15:44:00,231.9,4.8,1113,217.0,4.6,998,25592,16328,39.5,326.0
Station_01,Inv_00,20170721,15:45:00,236.4,6.3,1490,218.0,6.3,1373,25592,16328,40.0,403.0
Station_01,Inv_00,20170721,15:46:00,241.4,6.2,1497,218.0,6.4,1395,25592,16328,40.7,406.0
Station_01,Inv_00,20170721,15:47:00,225.0,6.0,1350,218.0,5.9,1286,25592,16328,41.3,390.0
Station_01,Inv_00,20170721,15:48:00,238.0,5.4,1285,217.0,5.5,1194,25592,16328,40.9,359.0
Station_01,Inv_00,20170721,15:49:00,240.5,6.1,1467,217.0,6.2,1345,25592,16328,41.2,392.0
Station_01,Inv_00,20170721,15:50:00,233.5,6.6,1541,218.0,6.6,1439,25592,16328,41.7,420.0
Station_01,Inv_00,20170721,15:51:00,239.0,5.9,1410,217.0,6.2,1345,25592,16328,41.6,396.0
Station_01,Inv_00,20170721,15:52:00,225.0,6.6,1485,218.0,6.5,1417,25593,16328,41.9,417.0
Station_01,Inv_00,20170721,15:53:00,222.9,6.6,1471,217.0,6.4,1389,25593,16328,42.3,425.0
Station_01,Inv_00,20170721,15:54:00,223.5,6.4,1430,218.0,6.2,1352,25593,16328,42.0,413.0
Station_01,Inv_00,20170721,15:55:00,226.0,5.8,1311,218.0,5.7,1243,25593,16328,41.9,382.0
Station_01,Inv_00,20170721,15:56:00,237.5,3.5,831,217.0,3.6,781,25593,16328,41.2,246.0
Station_01,Inv_00,20170721,15:57:00,195.1,3.7,722,217.0,3.1,673,25593,16328,40.0,236.0
Station_01,Inv_00,20170721,15:58:00,214.5,5.4,1158,218.0,4.6,1003,25593,16328,39.5,267.0
Station_01,Inv_00,20170721,15:59:00,227.6,5.3,1206,218.0,5.1,1112,25593,16328,40.2,366.0
Station_01,Inv_00,20170721,16:00:00,233.5,6.7,1564,218.0,6.7,1461,25593,16328,40.9,422.0
Station_01,Inv_00,20170721,16:01:00,233.5,7.1,1658,218.0,7.2,1570,25593,16328,41.5,454.0
Station_01,Inv_00,20170721,16:02:00,239.4,7.0,1676,218.0,7.1,1548,25593,16328,42.3,449.0
Station_01,Inv_00,20170721,16:03:00,230.0,6.8,1564,218.0,6.8,1482,25593,16328,42.8,439.0
Station_01,Inv_00,20170721,16:04:00,239.0,6.5,1553,218.0,6.7,1461,25593,16328,42.7,429.0
Station_01,Inv_00,20170721,16:05:00,239.5,5.4,1293,218.0,5.5,1199,25593,16328,42.3,349.0
Station_01,Inv_00,20170721,16:06:00,238.0,5.9,1404,218.0,6.1,1330,25593,16328,41.9,406.0
Station_01,Inv_00,20170721,16:07:00,239.9,4.1,984,218.0,4.3,937,25593,16328,40.7,285.0
Station_01,Inv_00,20170721,16:08:00,232.0,6.2,1438,218.0,6.1,1330,25593,16328,41.0,392.0
Station_01,Inv_00,20170721,16:09:00,237.0,6.3,1493,219.0,6.5,1424,25593,16328,41.6,414.0
Station_01,Inv_00,20170721,16:10:00,231.0,6.5,1501,219.0,6.5,1424,25593,16328,42.3,421.0
Station_01,Inv_00,20170721,16:11:00,231.0,5.9,1363,219.0,5.9,1292,25593,16328,42.8,402.0
Station_01,Inv_00,20170721,16:12:00,236.4,4.1,969,218.0,4.2,916,25593,16328,42.1,276.0
Station_01,Inv_00,20170721,16:13:00,236.0,5.6,1321,218.0,5.6,1221,25593,16328,42.5,365.0
Station_01,Inv_00,20170721,16:14:00,238.4,6.0,1431,218.0,6.2,1352,25593,16328,42.2,394.0
Station_01,Inv_00,20170721,16:15:00,238.0,6.3,1499,218.0,6.4,1395,25593,16328,42.4,411.0
Station_01,Inv_00,20170721,16:16:00,233.5,6.3,1471,218.0,6.4,1395,25593,16328,42.8,413.0
Station_01,Inv_00,20170721,16:17:00,233.4,6.2,1447,218.0,6.2,1352,25593,16328,42.3,391.0
Station_01,Inv_00,20170721,16:18:00,235.7,4.2,990,218.0,4.1,894,25593,16328,41.9,317.0
Station_01,Inv_00,20170721,16:19:00,236.5,5.3,1253,218.0,5.3,1155,25593,16328,42.1,353.0
Station_01,Inv_00,20170721,16:20:00,236.9,3.2,758,218.0,3.3,719,25593,16328,41.4,225.0
Station_01,Inv_00,20170721,16:21:00,232.8,3.2,745,218.0,3.3,719,25593,16328,39.9,214.0
Station_01,Inv_00,20170721,16:22:00,237.0,4.3,1019,218.0,4.5,981,25593,16328,39.6,283.0
Station_01,Inv_00,20170721,16:23:00,236.0,4.3,1015,218.0,4.3,937,25593,16328,39.6,298.0
Station_01,Inv_00,20170721,16:24:00,239.8,3.4,815,218.0,3.6,785,25593,16328,39.4,255.0
Station_01,Inv_00,20170721,16:25:00,228.9,5.3,1213,218.0,5.2,1134,25593,16328,39.6,336.0
Station_01,Inv_00,20170721,16:26:00,242.0,5.5,1331,219.0,5.5,1205,25593,16328,39.9,364.0
Station_01,Inv_00,20170721,16:27:00,242.3,5.8,1406,219.0,6.0,1314,25593,16328,40.4,380.0
Station_01,Inv_00,20170721,16:28:00,236.9,5.9,1398,219.0,5.9,1292,25593,16328,40.8,380.0
Station_01,Inv_00,20170721,16:29:00,241.5,5.5,1328,219.0,5.8,1270,25593,16328,41.2,374.0
Station_01,Inv_00,20170721,16:30:00,237.5,5.3,1259,219.0,5.5,1205,25593,16328,41.4,358.0
Station_01,Inv_00,20170721,16:31:00,232.5,5.1,1186,218.0,5.1,1112,25593,16328,40.8,339.0
Station_01,Inv_00,20170721,16:32:00,237.0,4.8,1138,219.0,4.9,1073,25593,16328,40.6,324.0
Station_01,Inv_00,20170721,16:33:00,236.5,5.1,1206,218.0,5.1,1112,25593,16328,41.0,330.0
Station_01,Inv_00,20170721,16:34:00,238.5,4.9,1169,218.0,5.1,1112,25593,16328,40.8,330.0
Station_01,Inv_00,20170721,16:35:00,237.0,5.0,1185,219.0,5.0,1095,25593,16328,41.1,325.0
Station_01,Inv_00,20170721,16:36:00,236.0,4.7,1109,219.0,4.8,1051,25593,16328,40.5,321.0
Station_01,Inv_00,20170721,16:37:00,238.9,4.6,1099,219.0,4.7,1029,25593,16328,40.0,315.0
Station_01,Inv_00,20170721,16:38:00,236.0,4.5,1062,218.0,4.6,1003,25593,16328,40.0,311.0
Station_01,Inv_00,20170721,16:39:00,240.5,4.4,1058,218.0,4.6,1003,25593,16328,39.1,306.0
Station_01,Inv_00,20170721,16:40:00,239.4,4.4,1054,219.0,4.6,1007,25594,16329,39.7,300.0
Station_01,Inv_00,20170721,16:41:00,240.5,4.2,1010,218.0,4.4,959,25594,16329,39.3,296.0
Station_01,Inv_00,20170721,16:42:00,234.0,4.2,983,219.0,4.1,898,25594,16329,39.0,283.0
Station_01,Inv_00,20170721,16:43:00,233.0,4.2,979,218.0,4.1,894,25594,16329,38.9,281.0
Station_01,Inv_00,20170721,16:44:00,233.0,3.8,885,219.0,3.9,854,25594,16329,38.8,269.0
Station_01,Inv_00,20170721,16:45:00,235.0,3.9,917,219.0,3.9,854,25594,16329,38.3,261.0
Station_01,Inv_00,20170721,16:46:00,228.0,3.8,866,219.0,3.9,854,25594,16329,37.9,259.0
Station_01,Inv_00,20170721,16:47:00,236.0,3.8,897,219.0,3.8,832,25594,16329,37.8,254.0
Station_01,Inv_00,20170721,16:48:00,238.9,4.2,1003,220.0,4.2,924,25594,16329,37.7,278.0
Station_01,Inv_00,20170721,16:49:00,239.0,4.2,1004,217.0,4.3,933,25594,16329,37.5,284.0
Station_01,Inv_00,20170721,16:50:00,241.8,4.2,1016,217.0,4.3,933,25594,16329,37.5,283.0
Station_01,Inv_00,20170721,16:51:00,236.4,4.0,946,217.0,4.1,890,25594,16329,37.8,276.0
Station_01,Inv_00,20170721,16:52:00,243.4,3.8,925,217.0,4.1,890,25594,16329,37.6,273.0
Station_01,Inv_00,20170721,16:53:00,240.0,3.6,864,217.0,3.8,825,25594,16329,37.3,250.0
Station_01,Inv_00,20170721,16:54:00,241.5,3.4,821,217.0,3.6,781,25594,16329,37.3,236.0
Station_01,Inv_00,20170721,16:55:00,240.0,3.3,792,217.0,3.4,738,25594,16329,37.5,225.0
Station_01,Inv_00,20170721,16:56:00,238.5,3.0,716,218.0,3.2,698,25594,16329,36.8,214.0
Station_01,Inv_00,20170721,16:57:00,239.9,3.4,816,218.0,3.5,763,25594,16329,37.0,227.0
Station_01,Inv_00,20170721,16:58:00,234.9,3.6,846,219.0,3.7,810,25594,16329,37.0,239.0
Station_01,Inv_00,20170721,16:59:00,238.5,3.5,835,219.0,3.6,788,25594,16329,37.1,238.0
Station_01,Inv_00,20170721,17:00:00,241.5,3.4,821,219.0,3.5,767,25594,16329,37.1,229.0
Station_01,Inv_00,20170721,17:01:00,236.0,3.4,802,218.0,3.6,785,25594,16329,37.2,238.0
Station_01,Inv_00,20170721,17:02:00,241.5,3.5,845,218.0,3.7,807,25594,16329,37.6,241.0
Station_01,Inv_00,20170721,17:03:00,238.9,3.6,860,218.0,3.7,807,25594,16329,37.4,245.0
Station_01,Inv_00,20170721,17:04:00,235.5,3.6,848,218.0,3.7,807,25594,16329,37.5,246.0
Station_01,Inv_00,20170721,17:05:00,237.5,3.6,855,218.0,3.8,828,25594,16329,37.5,248.0
Station_01,Inv_00,20170721,17:06:00,237.0,3.8,901,219.0,3.9,854,25594,16329,37.3,254.0
Station_01,Inv_00,20170721,17:07:00,236.0,3.7,873,219.0,3.9,854,25594,16329,37.6,257.0
Station_01,Inv_00,20170721,17:08:00,238.0,3.8,904,219.0,3.9,854,25594,16329,37.5,257.0
Station_01,Inv_00,20170721,17:09:00,238.5,3.6,859,218.0,3.9,850,25594,16329,37.5,256.0
Station_01,Inv_00,20170721,17:10:00,237.0,3.6,853,218.0,3.8,828,25594,16329,37.5,253.0
Station_01,Inv_00,20170721,17:11:00,236.5,3.7,875,218.0,3.8,828,25594,16329,37.3,249.0
Station_01,Inv_00,20170721,17:12:00,236.5,3.6,851,218.0,3.7,807,25594,16329,37.7,227.0
Station_01,Inv_00,20170721,17:13:00,231.5,3.4,787,218.0,3.6,785,25594,16329,37.8,208.0
Station_01,Inv_00,20170721,17:14:00,239.7,3.5,839,217.0,3.6,781,25594,16329,37.8,201.0
Station_01,Inv_00,20170721,17:15:00,244.6,3.4,832,217.0,3.6,781,25594,16329,37.3,200.0
Station_01,Inv_00,20170721,17:16:00,244.9,3.3,808,217.0,3.6,781,25594,16329,37.2,199.0
Station_01,Inv_00,20170721,17:17:00,243.8,3.3,805,217.0,3.5,760,25594,16329,37.0,199.0
Station_01,Inv_00,20170721,17:18:00,240.5,3.1,745,217.0,3.4,738,25594,16329,36.9,199.0
Station_01,Inv_00,20170721,17:19:00,234.0,3.1,725,217.0,3.3,716,25594,16329,36.6,198.0
Station_01,Inv_00,20170721,17:20:00,238.0,3.2,762,217.0,3.3,716,25594,16329,36.8,195.0
Station_01,Inv_00,20170721,17:21:00,240.9,3.1,747,217.0,3.2,694,25594,16329,36.5,196.0
Station_01,Inv_00,20170721,17:22:00,238.4,3.1,739,217.0,3.2,694,25594,16329,36.6,201.0
Station_01,Inv_00,20170721,17:23:00,239.0,3.0,717,217.0,3.1,673,25594,16329,36.4,195.0
Station_01,Inv_00,20170721,17:24:00,236.5,3.1,733,216.0,3.1,670,25594,16329,36.3,193.0
Station_01,Inv_00,20170721,17:25:00,234.5,2.9,680,217.0,3.1,673,25594,16329,36.5,188.0
Station_01,Inv_00,20170721,17:26:00,245.0,2.8,686,218.0,3.0,654,25594,16329,36.4,182.0
Station_01,Inv_00,20170721,17:27:00,244.0,2.7,659,218.0,2.9,632,25594,16329,36.2,172.0
Station_01,Inv_00,20170721,17:28:00,244.0,2.6,634,217.0,2.8,608,25594,16329,36.1,166.0
Station_01,Inv_00,20170721,17:29:00,241.4,2.6,628,217.0,2.7,586,25594,16329,35.7,163.0
Station_01,Inv_00,20170721,17:30:00,238.3,2.5,596,217.0,2.6,564,25594,16329,35.6,161.0
Station_01,Inv_00,20170721,17:31:00,242.0,2.5,605,217.0,2.7,586,25594,16329,35.6,166.0
Station_01,Inv_00,20170721,17:32:00,236.5,2.6,615,217.0,2.6,564,25594,16329,35.7,158.0
Station_01,Inv_00,20170721,17:33:00,242.0,2.3,557,216.0,2.5,540,25594,16329,35.6,158.0
Station_01,Inv_00,20170721,17:34:00,237.9,2.3,547,216.0,2.5,540,25594,16329,35.2,151.0
Station_01,Inv_00,20170721,17:35:00,240.4,2.1,505,216.0,2.3,497,25594,16329,35.1,143.0
Station_01,Inv_00,20170721,17:36:00,241.9,2.1,508,216.0,2.1,454,25594,16329,35.2,137.0
Station_01,Inv_00,20170721,17:37:00,231.5,2.0,463,216.0,2.0,432,25594,16329,34.9,135.0
Station_01,Inv_00,20170721,17:38:00,242.3,1.9,460,217.0,2.0,434,25594,16329,34.8,132.0
Station_01,Inv_00,20170721,17:39:00,233.0,2.0,466,218.0,2.0,436,25594,16329,34.6,133.0
Station_01,Inv_00,20170721,17:40:00,231.0,2.0,462,218.0,2.0,436,25594,16329,34.7,135.0
Station_01,Inv_00,20170721,17:41:00,240.9,2.0,482,216.0,2.1,454,25594,16329,34.5,137.0
Station_01,Inv_00,20170721,17:42:00,240.3,1.9,457,216.0,2.0,432,25594,16329,34.5,132.0
Station_01,Inv_00,20170721,17:43:00,235.3,1.8,424,216.0,1.9,410,25594,16329,34.4,126.0
Station_01,Inv_00,20170721,17:44:00,238.8,1.7,406,217.0,1.8,391,25594,16329,34.3,121.0
Station_01,Inv_00,20170721,17:45:00,235.5,1.6,377,217.0,1.7,369,25594,16329,34.3,116.0
Station_01,Inv_00,20170721,17:46:00,231.2,1.6,370,217.0,1.6,347,25594,16329,34.2,112.0
Station_01,Inv_00,20170721,17:47:00,238.0,1.5,357,217.0,1.5,326,25594,16329,34.0,109.0
Station_01,Inv_00,20170721,17:48:00,234.5,1.5,352,218.0,1.5,327,25594,16329,34.0,108.0
Station_01,Inv_00,20170721,17:49:00,234.5,1.5,352,217.0,1.5,326,25594,16329,33.9,106.0
Station_01,Inv_00,20170721,17:50:00,240.5,1.4,337,217.0,1.5,326,25594,16329,33.9,105.0
Station_01,Inv_00,20170721,17:51:00,233.0,1.4,326,217.0,1.5,326,25594,16329,33.7,104.0
Station_01,Inv_00,20170721,17:52:00,230.3,1.4,322,217.0,1.5,326,25594,16329,33.6,103.0
Station_01,Inv_00,20170721,17:53:00,237.9,1.4,333,217.0,1.5,326,25594,16329,33.5,104.0
Station_01,Inv_00,20170721,17:54:00,235.0,1.3,306,216.0,1.4,302,25594,16329,33.5,99.0
Station_01,Inv_00,20170721,17:55:00,228.6,1.3,297,217.0,1.4,304,25594,16329,33.3,98.0
Station_01,Inv_00,20170721,17:56:00,234.5,1.2,281,217.0,1.4,304,25594,16329,33.3,95.0
Station_01,Inv_00,20170721,17:57:00,232.3,1.3,302,217.0,1.4,304,25594,16329,33.3,94.0
Station_01,Inv_00,20170721,17:58:00,234.0,1.2,281,217.0,1.3,282,25594,16329,33.2,92.0
Station_01,Inv_00,20170721,17:59:00,228.7,1.2,274,217.0,1.3,282,25594,16329,33.1,91.0
Station_01,Inv_00,20170721,18:00:00,228.0,1.2,274,217.0,1.3,282,25594,16329,33.0,90.0
Station_01,Inv_00,20170721,18:01:00,229.0,1.2,275,217.0,1.2,260,25594,16329,33.0,88.0
Station_01,Inv_00,20170721,18:02:00,234.0,1.2,281,216.0,1.2,259,25594,16329,33.0,88.0
Station_01,Inv_00,20170721,18:03:00,223.5,1.1,246,216.0,1.2,259,25594,16329,32.9,85.0
Station_01,Inv_00,20170721,18:04:00,226.3,1.1,249,217.0,1.2,260,25594,16329,32.9,84.0
Station_01,Inv_00,20170721,18:05:00,229.9,1.1,253,217.0,1.2,260,25594,16329,32.9,83.0
Station_01,Inv_00,20170721,18:06:00,229.9,1.1,253,217.0,1.2,260,25594,16329,32.9,82.0
Station_01,Inv_00,20170721,18:07:00,231.0,1.0,231,217.0,1.1,239,25594,16329,32.8,81.0
Station_01,Inv_00,20170721,18:08:00,235.0,1.1,259,217.0,1.1,239,25594,16329,32.7,80.0
Station_01,Inv_00,20170721,18:09:00,226.0,0.9,203,217.0,1.1,239,25594,16329,32.7,77.0
Station_01,Inv_00,20170721,18:10:00,232.2,0.9,209,217.0,1.1,239,25594,16329,32.6,76.0
Station_01,Inv_00,20170721,18:11:00,233.0,0.9,210,216.0,1.0,216,25594,16329,32.6,74.0
Station_01,Inv_00,20170721,18:12:00,232.0,0.8,186,217.0,1.0,217,25594,16329,32.5,72.0
Station_01,Inv_00,20170721,18:13:00,220.8,0.9,199,216.0,1.0,216,25594,16329,32.5,71.0
Station_01,Inv_00,20170721,18:14:00,234.0,0.8,187,218.0,1.0,218,25594,16329,32.4,70.0
Station_01,Inv_00,20170721,18:15:00,225.5,0.8,180,218.0,1.0,218,25594,16329,32.4,69.0
Station_01,Inv_00,20170721,18:16:00,219.0,0.8,175,217.0,1.0,217,25594,16329,32.3,67.0
Station_01,Inv_00,20170721,18:17:00,218.4,0.8,175,218.0,1.0,218,25594,16329,32.3,65.0
Station_01,Inv_00,20170721,18:18:00,220.1,0.7,154,218.0,0.9,196,25594,16329,32.2,63.0
Station_01,Inv_00,20170721,18:19:00,224.1,0.7,157,218.0,0.8,174,25594,16329,32.2,62.0
Station_01,Inv_00,20170721,18:20:00,223.0,0.7,156,218.0,0.8,174,25594,16329,32.0,58.0
Station_01,Inv_00,20170721,18:21:00,217.5,0.6,131,218.0,0.8,174,25594,16329,32.0,56.0
Station_01,Inv_00,20170721,18:22:00,225.0,0.6,135,218.0,0.7,153,25594,16329,31.9,54.0
Station_01,Inv_00,20170721,18:23:00,223.4,0.5,112,217.0,0.6,130,25594,16329,31.8,52.0
Station_01,Inv_00,20170721,18:24:00,223.4,0.5,112,218.0,0.6,131,25594,16329,31.7,50.0
Station_01,Inv_00,20170721,18:25:00,212.2,0.5,106,216.0,0.6,130,25594,16329,31.6,47.0
Station_01,Inv_00,20170721,18:26:00,214.8,0.4,86,216.0,0.5,108,25594,16329,31.5,46.0
Station_01,Inv_00,20170721,18:27:00,210.5,0.4,84,216.0,0.5,108,25594,16329,31.5,44.0
Station_01,Inv_00,20170721,18:28:00,211.5,0.4,85,216.0,0.5,108,25594,16329,31.4,44.0
Station_01,Inv_00,20170721,18:29:00,216.0,0.4,86,216.0,0.5,108,25594,16329,31.3,42.0
Station_01,Inv_00,20170721,18:30:00,210.0,0.3,63,216.0,0.5,108,25594,16329,31.2,41.0
Station_01,Inv_00,20170721,18:31:00,210.3,0.3,63,216.0,0.5,108,25594,16329,31.2,39.0
Station_01,Inv_00,20170721,18:32:00,204.3,0.3,61,219.0,0.5,110,25594,16329,31.2,40.0
Station_01,Inv_00,20170721,18:33:00,206.3,0.3,62,219.0,0.5,110,25594,16329,31.1,37.0
Station_01,Inv_00,20170721,18:34:00,203.7,0.3,61,220.0,0.4,88,25595,16330,31.0,35.0
Station_01,Inv_00,20170721,18:35:00,178.0,0.2,36,217.0,0.4,87,25595,16330,31.0,34.0
Station_01,Inv_00,20170721,18:36:00,210.0,0.2,42,216.0,0.4,86,25595,16330,31.0,33.0
Station_01,Inv_00,20170721,18:37:00,216.0,0.2,43,216.0,0.5,108,25595,16330,30.9,32.0
Station_01,Inv_00,20170721,18:38:00,202.7,0.3,61,216.0,0.4,86,25595,16330,30.9,31.0
Station_01,Inv_00,20170721,18:39:00,185.0,0.1,19,216.0,0.4,86,25595,16330,30.8,30.0
Station_01,Inv_00,20170721,18:40:00,231.5,0.2,46,215.0,0.4,86,25595,16330,30.7,30.0
Station_01,Inv_00,20170721,18:41:00,226.5,0.2,45,216.0,0.4,86,25595,16330,30.7,29.0
Station_01,Inv_00,20170721,18:42:00,210.5,0.2,42,217.0,0.4,87,25595,16330,30.6,28.0
Station_01,Inv_00,20170721,18:43:00,212.5,0.2,43,216.0,0.4,86,25595,16330,30.6,28.0
Station_01,Inv_00,20170721,18:44:00,208.0,0.2,42,217.0,0.4,87,25595,16330,30.6,27.0
Station_01,Inv_00,20170721,18:45:00,175.0,0.2,35,217.0,0.4,87,25595,16330,30.6,27.0
Station_01,Inv_00,20170721,18:46:00,199.0,0.2,40,217.0,0.4,87,25595,16330,30.5,565.0
Station_01,Inv_00,20170721,18:47:00,188.0,0.2,38,216.0,0.4,86,25595,16330,30.5,26.0
Station_01,Inv_00,20170721,18:48:00,0.0,0.0,0,216.0,0.4,86,25595,16330,30.5,25.0
Station_01,Inv_00,20170721,18:49:00,0.0,0.0,0,216.0,0.4,86,25595,16330,30.4,26.0
Station_01,Inv_00,20170721,18:50:00,0.0,0.0,0,218.0,0.4,87,25595,16330,30.4,23.0
Station_01,Inv_00,20170721,18:51:00,0.0,0.0,0,223.0,0.2,45,25595,16330,30.4,22.0
Station_01,Inv_00,20170721,18:52:00,0.0,0.0,0,223.0,0.2,45,25595,16330,30.2,22.0
Station_01,Inv_00,20170721,18:53:00,0.0,0.0,0,223.0,0.2,45,25595,16330,30.2,22.0
Station_01,Inv_00,20170721,18:54:00,0.0,0.0,0,223.0,0.2,45,25595,16330,30.2,22.0
Station_01,Inv_00,20170721,18:55:00,0.0,0.0,0,223.0,0.2,45,25595,16330,30.1,21.0
Station_01,Inv_00,20170721,18:56:00,0.0,0.0,0,223.0,0.2,45,25595,16330,30.2,20.0
Station_01,Inv_00,20170721,18:57:00,0.0,0.0,0,223.0,0.2,45,25595,16330,30.1,20.0
Station_01,Inv_00,20170721,18:58:00,0.0,0.0,0,223.0,0.2,45,25595,16330,30.1,20.0
Station_01,Inv_00,20170721,18:59:00,0.0,0.0,0,223.0,0.2,45,25595,16330,30.0,19.0
Station_01,Inv_00,20170721,19:00:00,0.0,0.0,0,223.0,0.2,45,25595,16330,29.9,18.0
Station_01,Inv_00,20170721,19:01:00,0.0,0.0,0,223.0,0.2,45,25595,16330,29.8,17.0
Station_01,Inv_00,20170721,19:02:00,0.0,0.0,0,223.0,0.2,45,25595,16330,29.7,17.0
Station_01,Inv_00,20170721,19:03:00,0.0,0.0,0,223.0,0.2,45,25595,16330,29.8,17.0
Station_01,Inv_00,20170721,19:04:00,0.0,0.0,0,223.0,0.2,45,25595,16330,29.7,17.0
Station_01,Inv_00,20170721,19:05:00,0.0,0.0,0,223.0,0.2,45,25595,16330,29.7,17.0
Station_01,Inv_00,20170721,19:06:00,0.0,0.0,0,223.0,0.2,45,25595,16330,29.5,17.0
Station_01,Inv_00,20170721,19:07:00,0.0,0.0,0,223.0,0.2,45,25595,16330,29.5,17.0
Station_01,Inv_00,20170721,19:08:00,0.0,0.0,0,223.0,0.2,45,25595,16330,29.5,17.0
Station_01,Inv_00,20170721,19:09:00,0.0,0.0,0,223.0,0.2,45,25595,16330,29.5,17.0
Station_01,Inv_00,20170721,19:10:00,0.0,0.0,0,223.0,0.2,45,25595,16330,29.5,17.0
Station_01,Inv_00,20170721,19:11:00,0.0,0.0,0,223.0,0.2,45,25595,16330,29.4,18.0
Station_01,Inv_00,20170721,19:12:00,0.0,0.0,0,223.0,0.2,45,25595,16330,29.4,19.0
Station_01,Inv_00,20170721,19:13:00,0.0,0.0,0,223.0,0.2,45,25595,16330,29.5,17.0
Station_01,Inv_00,20170721,19:14:00,0.0,0.0,0,223.0,0.2,45,25595,16330,29.6,18.0
Station_01,Inv_00,20170721,19:15:00,0.0,0.0,0,223.0,0.2,45,25595,16330,29.5,19.0
Station_01,Inv_00,20170721,19:16:00,0.0,0.0,0,223.0,0.2,45,25595,16330,29.5,19.0
Station_01,Inv_00,20170721,19:17:00,0.0,0.0,0,223.0,0.2,45,25595,16330,29.5,18.0
Station_01,Inv_00,20170721,19:18:00,0.0,0.0,0,223.0,0.2,45,25595,16330,29.4,24.0
Station_01,Inv_00,20170721,19:19:00,0.0,0.0,0,223.0,0.2,45,25595,16330,29.4,17.0
Station_01,Inv_00,20170721,19:20:00,0.0,0.0,0,223.0,0.2,45,25595,16330,29.4,17.0
Station_01,Inv_00,20170721,19:21:00,0.0,0.0,0,223.0,0.2,45,25595,16330,29.4,17.0
Station_01,Inv_00,20170721,19:22:00,0.0,0.0,0,223.0,0.2,45,25595,16330,29.4,17.0
Station_01,Inv_00,20170721,19:23:00,0.0,0.0,0,223.0,0.2,45,25595,16330,29.3,18.0
Station_01,Inv_00,20170721,19:24:00,0.0,0.0,0,223.0,0.2,45,25595,16330,29.4,17.0
Station_01,Inv_00,20170721,19:25:00,0.0,0.0,0,223.0,0.2,45,25595,16330,29.3,18.0
Station_01,Inv_00,20170721,19:26:00,0.0,0.0,0,223.0,0.2,45,25595,16330,29.4,17.0
Station_01,Inv_00,20170721,19:27:00,0.0,0.0,0,223.0,0.2,45,25595,16330,29.3,17.0
Station_01,Inv_00,20170721,19:28:00,0.0,0.0,0,223.0,0.2,45,25595,16330,29.3,17.0
Station_01,Inv_00,20170721,19:29:00,0.0,0.0,0,223.0,0.2,45,25595,16330,29.2,18.0
Station_01,Inv_00,20170721,19:30:00,0.0,0.0,0,223.0,0.2,45,25595,16330,29.2,17.0
Station_01,Inv_00,20170721,19:31:00,0.0,0.0,0,223.0,0.2,45,25595,16330,29.1,17.0
Station_01,Inv_00,20170721,19:32:00,0.0,0.0,0,223.0,0.2,45,25595,16330,29.2,17.0
Station_01,Inv_00,20170721,19:33:00,0.0,0.0,0,223.0,0.2,45,25595,16330,29.2,17.0
Station_01,Inv_00,20170721,19:34:00,0.0,0.0,0,223.0,0.2,45,25595,16330,29.1,18.0
Station_01,Inv_00,20170721,19:35:00,0.0,0.0,0,223.0,0.2,45,25595,16330,29.2,17.0
Station_01,Inv_00,20170721,19:36:00,0.0,0.0,0,223.0,0.2,45,25595,16330,29.3,17.0
Station_01,Inv_00,20170721,19:37:00,0.0,0.0,0,223.0,0.2,45,25595,16330,29.2,18.0
Station_01,Inv_00,20170721,19:38:00,0.0,0.0,0,223.0,0.2,45,25595,16330,29.2,18.0
Station_01,Inv_00,20170721,19:39:00,0.0,0.0,0,223.0,0.2,45,25595,16330,29.1,17.0
Station_01,Inv_00,20170721,19:40:00,0.0,0.0,0,223.0,0.2,45,25595,16330,29.0,18.0
Station_01,Inv_00,20170721,19:41:00,0.0,0.0,0,223.0,0.2,45,25595,16330,29.0,17.0
Station_01,Inv_00,20170721,19:42:00,0.0,0.0,0,223.0,0.2,45,25595,16330,28.9,17.0
Station_01,Inv_00,20170721,19:43:00,0.0,0.0,0,223.0,0.2,45,25595,16330,28.9,17.0
Station_01,Inv_00,20170721,19:44:00,0.0,0.0,0,223.0,0.2,45,25595,16330,28.8,18.0
Station_01,Inv_00,20170721,19:45:00,0.0,0.0,0,223.0,0.2,45,25595,16330,28.8,18.0
Station_01,Inv_00,20170721,19:46:00,0.0,0.0,0,223.0,0.2,45,25595,16330,28.8,18.0
Station_01,Inv_00,20170721,19:47:00,0.0,0.0,0,223.0,0.2,45,25595,16330,28.7,18.0
Station_01,Inv_00,20170721,19:48:00,0.0,0.0,0,223.0,0.2,45,25595,16330,28.8,18.0
Station_01,Inv_00,20170721,19:49:00,0.0,0.0,0,223.0,0.2,45,25595,16330,28.7,18.0
Station_01,Inv_00,20170721,19:50:00,0.0,0.0,0,223.0,0.2,45,25595,16330,28.8,18.0
Station_01,Inv_00,20170721,19:51:00,0.0,0.0,0,223.0,0.2,45,25595,16330,28.9,20.0
Station_01,Inv_00,20170721,19:52:00,0.0,0.0,0,223.0,0.2,45,25595,16330,28.9,18.0
Station_01,Inv_00,20170721,19:53:00,0.0,0.0,0,223.0,0.2,45,25595,16330,28.8,18.0
Station_01,Inv_00,20170721,19:54:00,0.0,0.0,0,223.0,0.2,45,25595,16330,28.8,18.0
Station_01,Inv_00,20170721,19:55:00,0.0,0.0,0,223.0,0.2,45,25595,16330,28.8,18.0
Station_01,Inv_00,20170721,19:56:00,0.0,0.0,0,223.0,0.2,45,25595,16330,28.8,18.0
Station_01,Inv_00,20170721,19:57:00,0.0,0.0,0,223.0,0.2,45,25595,16330,28.6,18.0
Station_01,Inv_00,20170721,19:58:00,0.0,0.0,0,223.0,0.2,45,25595,16330,28.7,18.0
Station_01,Inv_00,20170721,19:59:00,0.0,0.0,0,223.0,0.2,45,25595,16330,28.6,18.0
Station_01,Inv_00,20170721,20:00:00,0.0,0.0,0,223.0,0.2,45,25595,16330,28.6,18.0
