Station_01,Inv_00,20170630,05:00:00,0.0,0.0,0,0.0,0.0,0,25206,16081,24.7,18.0
Station_01,Inv_00,20170630,05:01:00,0.0,0.0,0,0.0,0.0,0,25206,16081,24.6,18.0
Station_01,Inv_00,20170630,05:02:00,0.0,0.0,0,0.0,0.0,0,25206,16081,24.6,18.0
Station_01,Inv_00,20170630,05:03:00,0.0,0.0,0,0.0,0.0,0,25206,16081,24.5,18.0
Station_01,Inv_00,20170630,05:04:00,0.0,0.0,0,0.0,0.0,0,25206,16081,24.4,18.0
Station_01,Inv_00,20170630,05:05:00,0.0,0.0,0,0.0,0.0,0,25206,16081,24.4,18.0
Station_01,Inv_00,20170630,05:06:00,0.0,0.0,0,0.0,0.0,0,25206,16081,24.4,18.0
Station_01,Inv_00,20170630,05:07:00,0.0,0.0,0,0.0,0.0,0,25206,16081,24.4,19.0
Station_01,Inv_00,20170630,05:08:00,0.0,0.0,0,0.0,0.0,0,25206,16081,24.5,19.0
Station_01,Inv_00,20170630,05:09:00,0.0,0.0,0,0.0,0.0,0,25206,16081,24.4,19.0
Station_01,Inv_00,20170630,05:10:00,0.0,0.0,0,0.0,0.0,0,25206,16081,24.5,19.0
Station_01,Inv_00,20170630,05:11:00,0.0,0.0,0,0.0,0.0,0,25206,16081,24.4,19.0
Station_01,Inv_00,20170630,05:12:00,0.0,0.0,0,0.0,0.0,0,25206,16081,24.4,19.0
Station_01,Inv_00,20170630,05:13:00,0.0,0.0,0,0.0,0.0,0,25206,16081,24.4,20.0
Station_01,Inv_00,20170630,05:14:00,0.0,0.0,0,0.0,0.0,0,25206,16081,24.4,20.0
Station_01,Inv_00,20170630,05:15:00,0.0,0.0,0,0.0,0.0,0,25206,16081,24.4,20.0
Station_01,Inv_00,20170630,05:16:00,0.0,0.0,0,0.0,0.0,0,25206,16081,24.5,20.0
Station_01,Inv_00,20170630,05:17:00,0.0,0.0,0,0.0,0.0,0,25206,16081,24.3,21.0
Station_01,Inv_00,20170630,05:18:00,0.0,0.0,0,0.0,0.0,0,25206,16081,24.5,22.0
Station_01,Inv_00,20170630,05:19:00,0.0,0.0,0,0.0,0.0,0,25206,16081,24.5,22.0
Station_01,Inv_00,20170630,05:20:00,0.0,0.0,0,0.0,0.0,0,25206,16081,24.6,23.0
Station_01,Inv_00,20170630,05:21:00,0.0,0.0,0,0.0,0.0,0,25206,16081,24.8,23.0
Station_01,Inv_00,20170630,05:22:00,0.0,0.0,0,0.0,0.0,0,25206,16081,24.8,458.0
Station_01,Inv_00,20170630,05:23:00,0.0,0.0,0,0.0,0.0,0,25206,16081,25.0,24.0
Station_01,Inv_00,20170630,05:24:00,0.0,0.0,0,0.0,0.0,0,25206,16081,25.1,24.0
Station_01,Inv_00,20170630,05:25:00,0.0,0.0,0,0.0,0.0,0,25206,16081,25.1,25.0
Station_01,Inv_00,20170630,05:26:00,0.0,0.0,0,0.0,0.0,0,25206,16081,25.2,25.0
Station_01,Inv_00,20170630,05:27:00,0.0,0.0,0,0.0,0.0,0,25206,16081,25.3,25.0
Station_01,Inv_00,20170630,05:28:00,0.0,0.0,0,0.0,0.0,0,25206,16081,25.2,26.0
Station_01,Inv_00,20170630,05:29:00,0.0,0.0,0,0.0,0.0,0,25206,16081,25.3,26.0
Station_01,Inv_00,20170630,05:30:00,0.0,0.0,0,0.0,0.0,0,25206,16081,25.3,26.0
Station_01,Inv_00,20170630,05:31:00,0.0,0.0,0,0.0,0.0,0,25206,16081,25.3,27.0
Station_01,Inv_00,20170630,05:32:00,0.0,0.0,0,220.0,0.5,110,25206,16081,25.3,27.0
Station_01,Inv_00,20170630,05:33:00,0.0,0.0,0,219.0,0.5,110,25206,16081,25.3,28.0
Station_01,Inv_00,20170630,05:34:00,0.0,0.0,0,220.0,0.5,110,25206,16081,25.4,28.0
Station_01,Inv_00,20170630,05:35:00,0.0,0.0,0,220.0,0.5,110,25206,16081,25.5,29.0
Station_01,Inv_00,20170630,05:36:00,0.0,0.0,0,219.0,0.5,110,25206,16081,25.5,29.0
Station_01,Inv_00,20170630,05:37:00,0.0,0.0,0,216.0,0.5,108,25206,16081,25.4,30.0
Station_01,Inv_00,20170630,05:38:00,198.0,0.2,40,215.0,0.4,86,25206,16081,25.6,30.0
Station_01,Inv_00,20170630,05:39:00,212.5,0.2,43,216.0,0.4,86,25206,16081,25.6,31.0
Station_01,Inv_00,20170630,05:40:00,211.0,0.2,42,216.0,0.4,86,25206,16081,25.6,32.0
Station_01,Inv_00,20170630,05:41:00,222.5,0.2,45,217.0,0.4,87,25206,16081,25.6,473.0
Station_01,Inv_00,20170630,05:42:00,216.0,0.2,43,216.0,0.4,86,25206,16081,25.6,33.0
Station_01,Inv_00,20170630,05:43:00,200.5,0.2,40,216.0,0.4,86,25206,16081,25.7,34.0
Station_01,Inv_00,20170630,05:44:00,209.3,0.3,63,215.0,0.5,108,25206,16081,25.7,35.0
Station_01,Inv_00,20170630,05:45:00,218.0,0.1,22,217.0,0.4,87,25206,16081,25.8,36.0
Station_01,Inv_00,20170630,05:46:00,228.3,0.3,69,215.0,0.4,86,25206,16081,25.8,38.0
Station_01,Inv_00,20170630,05:47:00,241.3,0.3,72,217.0,0.4,87,25206,16081,25.9,41.0
Station_01,Inv_00,20170630,05:48:00,205.0,0.4,82,217.0,0.5,109,25206,16081,26.0,45.0
Station_01,Inv_00,20170630,05:49:00,202.2,0.5,101,217.0,0.5,109,25206,16081,26.0,48.0
Station_01,Inv_00,20170630,05:50:00,208.2,0.5,104,217.0,0.6,130,25206,16081,26.1,50.0
Station_01,Inv_00,20170630,05:51:00,213.8,0.5,107,217.0,0.6,130,25206,16081,26.3,52.0
Station_01,Inv_00,20170630,05:52:00,232.0,0.6,139,217.0,0.7,152,25206,16081,26.3,58.0
Station_01,Inv_00,20170630,05:53:00,234.0,0.6,140,217.0,0.8,174,25206,16081,26.5,64.0
Station_01,Inv_00,20170630,05:54:00,234.0,0.6,140,217.0,0.8,174,25206,16081,26.7,74.0
Station_01,Inv_00,20170630,05:55:00,231.7,0.7,162,215.0,0.9,194,25206,16081,26.9,76.0
Station_01,Inv_00,20170630,05:56:00,233.7,0.7,164,215.0,0.9,194,25206,16081,27.1,79.0
Station_01,Inv_00,20170630,05:57:00,213.0,0.6,128,216.0,0.9,194,25206,16081,27.2,81.0
Station_01,Inv_00,20170630,05:58:00,239.1,0.7,167,215.0,0.9,194,25206,16081,27.4,83.0
Station_01,Inv_00,20170630,05:59:00,238.7,0.7,167,216.0,1.0,216,25206,16081,27.6,85.0
Station_01,Inv_00,20170630,06:00:00,227.4,0.7,159,215.0,1.0,215,25206,16081,27.7,87.0
Station_01,Inv_00,20170630,06:01:00,236.8,0.9,213,216.0,1.0,216,25206,16081,27.9,90.0
Station_01,Inv_00,20170630,06:02:00,217.4,0.9,196,215.0,1.0,215,25206,16081,28.0,93.0
Station_01,Inv_00,20170630,06:03:00,223.8,0.9,201,216.0,1.0,216,25206,16081,28.1,96.0
Station_01,Inv_00,20170630,06:04:00,233.0,0.9,210,217.0,1.1,239,25206,16081,28.3,98.0
Station_01,Inv_00,20170630,06:05:00,212.0,1.0,212,217.0,1.1,239,25206,16081,28.4,101.0
Station_01,Inv_00,20170630,06:06:00,198.4,1.1,218,215.0,1.0,215,25206,16081,28.6,104.0
Station_01,Inv_00,20170630,06:07:00,240.0,1.0,240,216.0,1.2,259,25206,16081,28.7,106.0
Station_01,Inv_00,20170630,06:08:00,230.5,1.1,254,215.0,1.2,258,25206,16081,28.9,108.0
Station_01,Inv_00,20170630,06:09:00,218.5,1.1,240,215.0,1.1,237,25206,16081,29.0,107.0
Station_01,Inv_00,20170630,06:10:00,233.0,0.9,210,216.0,1.0,216,25206,16081,29.0,91.0
Station_01,Inv_00,20170630,06:11:00,219.0,1.0,219,216.0,1.1,238,25206,16081,28.9,87.0
Station_01,Inv_00,20170630,06:12:00,194.5,1.3,253,216.0,1.2,259,25206,16081,29.2,114.0
Station_01,Inv_00,20170630,06:13:00,181.0,1.3,235,216.0,1.1,238,25206,16081,29.3,119.0
Station_01,Inv_00,20170630,06:14:00,189.2,1.3,246,217.0,1.2,260,25206,16081,29.5,122.0
Station_01,Inv_00,20170630,06:15:00,244.4,1.3,318,217.0,1.5,326,25206,16081,29.6,125.0
Station_01,Inv_00,20170630,06:16:00,240.2,1.3,312,216.0,1.5,324,25206,16081,29.8,128.0
Station_01,Inv_00,20170630,06:17:00,228.9,1.5,343,216.0,1.5,324,25206,16081,30.1,132.0
Station_01,Inv_00,20170630,06:18:00,224.0,1.5,336,216.0,1.5,324,25206,16081,30.1,134.0
Station_01,Inv_00,20170630,06:19:00,235.5,1.5,353,216.0,1.5,324,25206,16081,30.3,137.0
Station_01,Inv_00,20170630,06:20:00,227.0,1.6,363,216.0,1.5,324,25206,16081,30.5,139.0
Station_01,Inv_00,20170630,06:21:00,239.8,1.5,360,216.0,1.6,346,25206,16081,30.6,142.0
Station_01,Inv_00,20170630,06:22:00,234.5,1.5,352,216.0,1.7,367,25206,16081,30.8,145.0
Station_01,Inv_00,20170630,06:23:00,236.0,1.6,378,216.0,1.7,367,25206,16081,31.0,148.0
Station_01,Inv_00,20170630,06:24:00,246.9,1.7,420,217.0,1.8,391,25206,16081,31.1,153.0
Station_01,Inv_00,20170630,06:25:00,243.4,1.7,414,215.0,1.9,409,25206,16081,31.2,156.0
Station_01,Inv_00,20170630,06:26:00,245.0,1.8,441,214.0,2.0,428,25206,16081,31.3,160.0
Station_01,Inv_00,20170630,06:27:00,241.0,1.9,458,214.0,2.0,428,25206,16081,31.6,163.0
Station_01,Inv_00,20170630,06:28:00,247.8,1.9,471,217.0,2.0,434,25206,16081,31.8,167.0
Station_01,Inv_00,20170630,06:29:00,234.0,2.0,468,217.0,2.0,434,25206,16081,31.9,170.0
Station_01,Inv_00,20170630,06:30:00,241.0,2.0,482,217.0,2.1,456,25206,16081,32.2,173.0
Station_01,Inv_00,20170630,06:31:00,227.5,2.1,478,217.0,2.0,434,25206,16081,32.2,176.0
Station_01,Inv_00,20170630,06:32:00,228.0,2.1,479,216.0,2.1,454,25206,16081,32.5,178.0
Station_01,Inv_00,20170630,06:33:00,245.5,2.0,491,216.0,2.2,475,25206,16081,32.6,180.0
Station_01,Inv_00,20170630,06:34:00,231.5,2.1,486,216.0,2.2,475,25206,16081,32.7,183.0
Station_01,Inv_00,20170630,06:35:00,244.0,2.2,537,216.0,2.4,518,25206,16081,33.0,186.0
Station_01,Inv_00,20170630,06:36:00,246.0,2.2,541,217.0,2.4,521,25206,16081,33.2,191.0
Station_01,Inv_00,20170630,06:37:00,248.9,2.3,573,217.0,2.5,543,25206,16081,33.3,194.0
Station_01,Inv_00,20170630,06:38:00,240.9,2.4,578,217.0,2.5,543,25206,16081,33.4,197.0
Station_01,Inv_00,20170630,06:39:00,234.4,2.5,586,217.0,2.5,543,25206,16081,33.4,201.0
Station_01,Inv_00,20170630,06:40:00,240.9,2.5,602,217.0,2.6,564,25206,16081,33.8,204.0
Station_01,Inv_00,20170630,06:41:00,242.0,2.4,581,218.0,2.6,567,25206,16081,34.0,205.0
Station_01,Inv_00,20170630,06:42:00,247.5,2.6,644,217.0,2.7,586,25206,16081,34.1,210.0
Station_01,Inv_00,20170630,06:43:00,237.0,2.7,640,217.0,2.7,586,25206,16081,34.2,213.0
Station_01,Inv_00,20170630,06:44:00,237.0,2.7,640,216.0,2.9,626,25206,16081,34.5,218.0
Station_01,Inv_00,20170630,06:45:00,242.5,2.8,679,218.0,2.9,632,25206,16081,34.5,220.0
Station_01,Inv_00,20170630,06:46:00,239.5,2.7,647,218.0,2.9,632,25206,16081,34.6,221.0
Station_01,Inv_00,20170630,06:47:00,245.0,2.8,686,218.0,3.0,654,25206,16081,34.8,225.0
Station_01,Inv_00,20170630,06:48:00,236.0,2.9,684,218.0,3.0,654,25206,16081,34.8,228.0
Station_01,Inv_00,20170630,06:49:00,235.5,2.9,683,218.0,3.0,654,25206,16081,35.0,231.0
Station_01,Inv_00,20170630,06:50:00,240.5,3.0,722,218.0,3.1,676,25206,16081,34.8,234.0
Station_01,Inv_00,20170630,06:51:00,239.5,3.1,742,218.0,3.1,676,25206,16081,35.2,237.0
Station_01,Inv_00,20170630,06:52:00,237.0,3.2,758,217.0,3.2,694,25206,16081,35.3,242.0
Station_01,Inv_00,20170630,06:53:00,239.8,3.2,767,217.0,3.3,716,25206,16081,35.5,249.0
Station_01,Inv_00,20170630,06:54:00,242.0,3.1,750,218.0,3.4,741,25206,16081,36.1,249.0
Station_01,Inv_00,20170630,06:55:00,239.9,3.3,792,217.0,3.5,760,25206,16081,36.1,253.0
Station_01,Inv_00,20170630,06:56:00,244.8,3.2,783,217.0,3.6,781,25206,16081,36.3,257.0
Station_01,Inv_00,20170630,06:57:00,237.0,3.4,806,216.0,3.6,778,25206,16081,36.7,257.0
Station_01,Inv_00,20170630,06:58:00,240.0,3.4,816,216.0,3.6,778,25206,16081,36.5,260.0
Station_01,Inv_00,20170630,06:59:00,240.5,3.5,842,216.0,3.6,778,25206,16081,36.9,263.0
Station_01,Inv_00,20170630,07:00:00,235.8,3.6,849,216.0,3.6,778,25206,16081,36.8,267.0
Station_01,Inv_00,20170630,07:01:00,222.9,3.7,825,215.0,3.6,774,25206,16081,36.7,271.0
Station_01,Inv_00,20170630,07:02:00,239.5,3.7,886,215.0,3.9,839,25206,16081,36.8,277.0
Station_01,Inv_00,20170630,07:03:00,238.9,3.8,908,215.0,3.9,839,25206,16081,36.9,279.0
Station_01,Inv_00,20170630,07:04:00,234.0,3.8,889,215.0,3.8,817,25206,16081,37.5,280.0
Station_01,Inv_00,20170630,07:05:00,240.0,3.7,888,217.0,3.9,846,25206,16081,37.9,282.0
Station_01,Inv_00,20170630,07:06:00,234.0,3.9,913,217.0,3.9,846,25206,16081,37.5,286.0
Station_01,Inv_00,20170630,07:07:00,241.0,3.9,940,215.0,4.0,860,25206,16081,37.7,288.0
Station_01,Inv_00,20170630,07:08:00,239.0,4.0,956,216.0,4.0,864,25206,16081,38.1,290.0
Station_01,Inv_00,20170630,07:09:00,238.5,3.9,930,216.0,4.1,886,25206,16081,38.3,292.0
Station_01,Inv_00,20170630,07:10:00,237.5,4.1,974,216.0,4.1,886,25206,16081,38.5,296.0
Station_01,Inv_00,20170630,07:11:00,234.0,4.1,959,216.0,4.1,886,25206,16081,38.7,297.0
Station_01,Inv_00,20170630,07:12:00,241.5,4.0,966,216.0,4.2,907,25206,16081,38.9,301.0
Station_01,Inv_00,20170630,07:13:00,236.0,4.3,1015,216.0,4.3,929,25206,16081,39.1,307.0
Station_01,Inv_00,20170630,07:14:00,237.9,4.2,999,217.0,4.3,933,25206,16081,39.1,312.0
Station_01,Inv_00,20170630,07:15:00,239.5,4.3,1030,217.0,4.5,977,25206,16081,39.3,318.0
Station_01,Inv_00,20170630,07:16:00,229.0,4.4,1008,216.0,4.4,950,25206,16081,39.5,320.0
Station_01,Inv_00,20170630,07:17:00,234.5,4.5,1055,216.0,4.6,994,25206,16081,39.4,325.0
Station_01,Inv_00,20170630,07:18:00,246.5,4.5,1109,216.0,4.8,1037,25206,16081,39.9,333.0
Station_01,Inv_00,20170630,07:19:00,243.9,4.6,1122,216.0,4.9,1058,25206,16081,39.8,342.0
Station_01,Inv_00,20170630,07:20:00,238.0,4.8,1142,216.0,5.0,1080,25206,16081,40.2,348.0
Station_01,Inv_00,20170630,07:21:00,241.5,4.8,1159,216.0,5.1,1102,25206,16081,40.4,350.0
Station_01,Inv_00,20170630,07:22:00,235.0,5.1,1199,216.0,5.1,1102,25206,16081,40.7,353.0
Station_01,Inv_00,20170630,07:23:00,241.4,5.1,1231,218.0,5.1,1112,25206,16081,41.3,359.0
Station_01,Inv_00,20170630,07:24:00,242.0,5.0,1210,218.0,5.2,1134,25206,16081,41.4,362.0
Station_01,Inv_00,20170630,07:25:00,235.5,5.3,1248,217.0,5.2,1128,25206,16081,41.5,365.0
Station_01,Inv_00,20170630,07:26:00,238.0,5.2,1238,217.0,5.3,1150,25206,16081,41.8,366.0
Station_01,Inv_00,20170630,07:27:00,233.0,5.3,1235,218.0,5.3,1155,25206,16081,41.5,368.0
Station_01,Inv_00,20170630,07:28:00,238.9,5.2,1242,217.0,5.4,1172,25207,16082,42.1,370.0
Station_01,Inv_00,20170630,07:29:00,231.0,5.3,1224,217.0,5.3,1150,25207,16082,41.7,373.0
Station_01,Inv_00,20170630,07:30:00,238.0,5.3,1261,218.0,5.4,1177,25207,16082,42.1,376.0
Station_01,Inv_00,20170630,07:31:00,239.5,5.5,1317,217.0,5.6,1215,25207,16082,42.1,381.0
Station_01,Inv_00,20170630,07:32:00,236.9,5.4,1279,217.0,5.6,1215,25207,16082,42.8,384.0
Station_01,Inv_00,20170630,07:33:00,235.9,5.6,1321,217.0,5.6,1215,25207,16082,43.3,385.0
Station_01,Inv_00,20170630,07:34:00,236.9,5.6,1326,217.0,5.6,1215,25207,16082,43.0,387.0
Station_01,Inv_00,20170630,07:35:00,231.0,5.6,1293,217.0,5.6,1215,25207,16082,43.2,389.0
Station_01,Inv_00,20170630,07:36:00,238.0,5.7,1356,217.0,5.7,1237,25207,16082,42.4,393.0
Station_01,Inv_00,20170630,07:37:00,219.9,5.9,1297,217.0,5.6,1215,25207,16082,42.9,399.0
Station_01,Inv_00,20170630,07:38:00,231.9,5.8,1345,217.0,5.9,1280,25207,16082,42.8,404.0
Station_01,Inv_00,20170630,07:39:00,238.5,5.9,1407,216.0,6.1,1318,25207,16082,43.3,410.0
Station_01,Inv_00,20170630,07:40:00,234.5,6.0,1407,218.0,6.1,1330,25207,16082,43.1,414.0
Station_01,Inv_00,20170630,07:41:00,237.5,6.1,1449,217.0,6.1,1324,25207,16082,43.2,418.0
Station_01,Inv_00,20170630,07:42:00,232.5,6.3,1465,217.0,6.2,1345,25207,16082,43.3,422.0
Station_01,Inv_00,20170630,07:43:00,238.5,6.1,1455,218.0,6.3,1373,25207,16082,43.7,427.0
Station_01,Inv_00,20170630,07:44:00,236.0,6.2,1463,218.0,6.3,1373,25207,16082,43.9,429.0
Station_01,Inv_00,20170630,07:45:00,238.4,6.1,1454,218.0,6.3,1373,25207,16082,43.9,429.0
Station_01,Inv_00,20170630,07:46:00,236.0,6.3,1487,220.0,6.3,1386,25207,16082,44.7,431.0
Station_01,Inv_00,20170630,07:47:00,237.0,6.3,1493,220.0,6.4,1408,25207,16082,44.7,435.0
Station_01,Inv_00,20170630,07:48:00,219.5,6.6,1449,219.0,6.2,1358,25207,16082,45.2,440.0
Station_01,Inv_00,20170630,07:49:00,178.0,6.7,1193,219.0,5.1,1117,25207,16082,45.1,443.0
Station_01,Inv_00,20170630,07:50:00,181.0,6.7,1212,219.0,5.2,1139,25207,16082,45.7,444.0
Station_01,Inv_00,20170630,07:51:00,224.5,6.7,1504,220.0,6.4,1408,25207,16082,45.8,444.0
Station_01,Inv_00,20170630,07:52:00,237.5,6.6,1567,219.0,6.6,1445,25207,16082,45.9,447.0
Station_01,Inv_00,20170630,07:53:00,208.5,6.9,1438,219.0,6.2,1358,25207,16082,46.0,455.0
Station_01,Inv_00,20170630,07:54:00,237.0,6.7,1588,218.0,6.7,1461,25207,16082,46.5,459.0
Station_01,Inv_00,20170630,07:55:00,235.9,6.7,1581,218.0,6.8,1482,25207,16082,46.9,463.0
Station_01,Inv_00,20170630,07:56:00,207.5,7.0,1453,219.0,6.3,1380,25207,16082,46.6,463.0
Station_01,Inv_00,20170630,07:57:00,228.0,7.1,1619,218.0,6.8,1482,25207,16082,47.1,464.0
Station_01,Inv_00,20170630,07:58:00,223.5,7.3,1632,218.0,6.9,1504,25207,16082,47.2,474.0
Station_01,Inv_00,20170630,07:59:00,202.5,7.3,1478,218.0,6.4,1395,25207,16082,47.9,475.0
Station_01,Inv_00,20170630,08:00:00,210.0,7.4,1554,219.0,6.7,1467,25207,16082,47.7,481.0
Station_01,Inv_00,20170630,08:01:00,226.5,7.3,1653,218.0,7.2,1570,25207,16082,48.1,483.0
Station_01,Inv_00,20170630,08:02:00,215.9,7.4,1598,218.0,6.9,1504,25207,16082,47.9,484.0
Station_01,Inv_00,20170630,08:03:00,230.5,7.1,1636,218.0,7.2,1570,25207,16082,48.6,479.0
Station_01,Inv_00,20170630,08:04:00,209.0,7.3,1526,217.0,6.7,1454,25207,16082,47.7,480.0
Station_01,Inv_00,20170630,08:05:00,200.0,7.5,1500,217.0,6.5,1411,25207,16082,48.3,484.0
Station_01,Inv_00,20170630,08:06:00,225.9,7.4,1672,218.0,7.2,1570,25207,16082,48.2,492.0
Station_01,Inv_00,20170630,08:07:00,221.0,7.6,1680,218.0,7.3,1591,25207,16082,49.0,496.0
Station_01,Inv_00,20170630,08:08:00,183.5,7.7,1413,218.0,6.2,1352,25207,16082,48.7,500.0
Station_01,Inv_00,20170630,08:09:00,218.0,7.7,1678,218.0,7.3,1591,25207,16082,49.1,504.0
Station_01,Inv_00,20170630,08:10:00,224.0,7.7,1725,217.0,7.6,1649,25208,16083,50.1,508.0
Station_01,Inv_00,20170630,08:11:00,230.9,7.8,1801,217.0,7.7,1671,25208,16083,50.1,513.0
Station_01,Inv_00,20170630,08:12:00,198.5,7.9,1568,217.0,6.9,1497,25208,16083,49.7,510.0
Station_01,Inv_00,20170630,08:13:00,225.4,7.8,1758,218.0,7.6,1657,25208,16083,51.1,508.0
Station_01,Inv_00,20170630,08:14:00,227.5,7.8,1775,217.0,7.7,1671,25208,16083,51.6,510.0
Station_01,Inv_00,20170630,08:15:00,201.4,8.0,1611,217.0,7.0,1519,25208,16083,50.8,510.0
Station_01,Inv_00,20170630,08:16:00,232.4,7.6,1767,217.0,7.7,1671,25208,16083,51.4,513.0
Station_01,Inv_00,20170630,08:17:00,232.0,7.7,1786,217.0,7.8,1693,25208,16083,51.5,516.0
Station_01,Inv_00,20170630,08:18:00,201.0,8.3,1668,217.0,7.3,1584,25208,16083,51.9,527.0
Station_01,Inv_00,20170630,08:19:00,226.0,8.1,1831,217.0,8.0,1736,25208,16083,51.0,532.0
Station_01,Inv_00,20170630,08:20:00,197.5,8.5,1679,217.0,7.2,1562,25208,16083,52.5,533.0
Station_01,Inv_00,20170630,08:21:00,215.9,8.4,1814,218.0,7.8,1700,25208,16083,53.1,535.0
Station_01,Inv_00,20170630,08:22:00,227.4,8.0,1819,217.0,7.9,1714,25208,16083,52.3,534.0
Station_01,Inv_00,20170630,08:23:00,218.0,8.3,1809,217.0,7.8,1693,25208,16083,52.4,535.0
Station_01,Inv_00,20170630,08:24:00,229.0,8.1,1855,217.0,8.1,1758,25208,16083,52.2,537.0
Station_01,Inv_00,20170630,08:25:00,220.5,8.4,1852,219.0,8.0,1752,25208,16083,52.6,538.0
Station_01,Inv_00,20170630,08:26:00,227.0,8.4,1907,219.0,8.2,1796,25208,16083,52.7,547.0
Station_01,Inv_00,20170630,08:27:00,217.0,8.7,1888,219.0,8.2,1796,25208,16083,52.9,556.0
Station_01,Inv_00,20170630,08:28:00,227.5,8.5,1934,219.0,8.3,1818,25208,16083,53.6,557.0
Station_01,Inv_00,20170630,08:29:00,227.0,8.7,1975,219.0,8.4,1840,25208,16083,53.6,563.0
Station_01,Inv_00,20170630,08:30:00,216.0,9.0,1944,219.0,8.3,1818,25208,16083,54.1,567.0
Station_01,Inv_00,20170630,08:31:00,217.4,9.0,1957,219.0,8.4,1840,25208,16083,54.6,571.0
Station_01,Inv_00,20170630,08:32:00,200.5,9.2,1845,220.0,8.0,1760,25208,16083,54.9,574.0
Station_01,Inv_00,20170630,08:33:00,224.0,8.9,1993,220.0,8.6,1892,25208,16083,55.1,580.0
Station_01,Inv_00,20170630,08:34:00,222.0,9.1,2020,219.0,8.7,1905,25208,16083,55.6,578.0
Station_01,Inv_00,20170630,08:35:00,228.0,8.9,2029,219.0,8.7,1905,25208,16083,55.7,585.0
Station_01,Inv_00,20170630,08:36:00,203.0,9.5,1928,219.0,8.2,1796,25208,16083,56.1,590.0
Station_01,Inv_00,20170630,08:37:00,224.5,9.1,2043,218.0,8.9,1940,25208,16083,56.3,590.0
Station_01,Inv_00,20170630,08:38:00,224.0,9.2,2060,218.0,8.9,1940,25208,16083,56.5,592.0
Station_01,Inv_00,20170630,08:39:00,198.0,9.7,1921,218.0,8.2,1788,25208,16083,56.8,597.0
Station_01,Inv_00,20170630,08:40:00,219.5,9.4,2063,218.0,9.0,1962,25208,16083,57.2,597.0
Station_01,Inv_00,20170630,08:41:00,210.4,9.6,2020,218.0,8.7,1897,25208,16083,57.4,598.0
Station_01,Inv_00,20170630,08:42:00,206.0,9.7,1998,218.0,8.7,1897,25209,16083,57.7,601.0
Station_01,Inv_00,20170630,08:43:00,226.0,9.3,2102,218.0,9.0,1962,25209,16083,58.3,600.0
Station_01,Inv_00,20170630,08:44:00,218.5,9.5,2075,219.0,8.9,1949,25209,16083,57.8,598.0
Station_01,Inv_00,20170630,08:45:00,203.5,9.8,1994,219.0,8.6,1883,25209,16083,58.8,602.0
Station_01,Inv_00,20170630,08:46:00,224.4,9.4,2110,219.0,9.1,1993,25209,16083,59.0,609.0
Station_01,Inv_00,20170630,08:47:00,218.5,9.7,2119,219.0,9.1,1993,25209,16083,58.4,612.0
Station_01,Inv_00,20170630,08:48:00,224.0,9.5,2128,220.0,9.2,2024,25209,16083,58.4,611.0
Station_01,Inv_00,20170630,08:49:00,211.4,10.0,2115,219.0,9.1,1993,25209,16083,58.0,617.0
Station_01,Inv_00,20170630,08:50:00,203.0,10.2,2071,219.0,9.0,1971,25209,16083,57.6,624.0
Station_01,Inv_00,20170630,08:51:00,222.5,9.9,2203,219.0,9.5,2081,25209,16083,58.3,633.0
Station_01,Inv_00,20170630,08:52:00,222.5,10.0,2225,220.0,9.5,2090,25209,16083,58.4,640.0
Station_01,Inv_00,20170630,08:53:00,220.0,10.1,2222,219.0,9.6,2102,25209,16083,58.8,645.0
Station_01,Inv_00,20170630,08:54:00,205.0,10.5,2152,220.0,9.2,2024,25209,16083,58.0,642.0
Station_01,Inv_00,20170630,08:55:00,203.5,10.5,2137,220.0,9.2,2024,25209,16083,58.9,641.0
Station_01,Inv_00,20170630,08:56:00,222.0,10.1,2242,220.0,9.6,2112,25209,16083,57.8,648.0
Station_01,Inv_00,20170630,08:57:00,220.0,10.0,2200,220.0,9.4,2068,25209,16083,59.6,645.0
Station_01,Inv_00,20170630,08:58:00,199.5,10.7,2135,220.0,9.2,2024,25209,16083,60.1,651.0
Station_01,Inv_00,20170630,08:59:00,212.5,10.5,2231,220.0,9.7,2134,25209,16083,60.4,655.0
Station_01,Inv_00,20170630,09:00:00,220.0,10.3,2266,220.0,9.8,2156,25209,16083,59.9,662.0
Station_01,Inv_00,20170630,09:01:00,223.0,10.2,2274,220.0,9.8,2156,25209,16083,60.0,666.0
Station_01,Inv_00,20170630,09:02:00,203.0,10.9,2213,220.0,9.4,2068,25209,16083,60.7,666.0
Station_01,Inv_00,20170630,09:03:00,205.0,10.9,2235,220.0,9.7,2134,25209,16083,59.2,666.0
Station_01,Inv_00,20170630,09:04:00,203.0,11.0,2233,220.0,9.6,2112,25209,16083,59.9,673.0
Station_01,Inv_00,20170630,09:05:00,214.0,10.9,2333,220.0,9.9,2178,25209,16083,60.7,679.0
Station_01,Inv_00,20170630,09:06:00,209.9,11.0,2309,220.0,9.9,2178,25209,16083,61.4,681.0
Station_01,Inv_00,20170630,09:07:00,204.5,11.1,2270,219.0,9.8,2146,25209,16083,61.5,681.0
Station_01,Inv_00,20170630,09:08:00,217.5,10.8,2349,218.0,10.1,2202,25209,16083,61.2,683.0
Station_01,Inv_00,20170630,09:09:00,197.5,11.3,2232,218.0,9.7,2115,25210,16084,61.8,691.0
Station_01,Inv_00,20170630,09:10:00,218.5,10.9,2382,218.0,10.2,2224,25210,16084,62.2,695.0
Station_01,Inv_00,20170630,09:11:00,207.5,11.3,2345,219.0,10.1,2212,25210,16084,62.1,701.0
Station_01,Inv_00,20170630,09:12:00,218.5,11.0,2403,219.0,10.3,2256,25210,16084,62.0,705.0
Station_01,Inv_00,20170630,09:13:00,216.5,11.1,2403,219.0,10.2,2234,25210,16084,61.9,695.0
Station_01,Inv_00,20170630,09:14:00,215.5,11.0,2370,219.0,10.3,2256,25210,16084,61.9,695.0
Station_01,Inv_00,20170630,09:15:00,205.0,11.4,2337,218.0,10.1,2202,25210,16084,62.6,702.0
Station_01,Inv_00,20170630,09:16:00,215.0,11.1,2386,218.0,10.2,2224,25210,16084,63.5,697.0
Station_01,Inv_00,20170630,09:17:00,208.5,11.3,2356,218.0,10.2,2224,25210,16084,63.8,702.0
Station_01,Inv_00,20170630,09:18:00,217.0,11.1,2409,220.0,10.3,2266,25210,16084,64.1,710.0
Station_01,Inv_00,20170630,09:19:00,200.0,11.7,2340,220.0,10.0,2200,25210,16084,63.9,711.0
Station_01,Inv_00,20170630,09:20:00,213.0,11.3,2407,219.0,10.3,2256,25210,16084,64.6,710.0
Station_01,Inv_00,20170630,09:21:00,217.5,11.2,2436,219.0,10.4,2278,25210,16084,64.5,712.0
Station_01,Inv_00,20170630,09:22:00,209.5,11.6,2430,219.0,10.5,2300,25210,16084,64.5,721.0
Station_01,Inv_00,20170630,09:23:00,213.5,11.5,2455,219.0,10.6,2321,25210,16084,65.1,722.0
Station_01,Inv_00,20170630,09:24:00,214.5,11.5,2467,218.0,10.7,2333,25210,16084,65.3,724.0
Station_01,Inv_00,20170630,09:25:00,212.5,11.5,2444,218.0,10.6,2311,25210,16084,65.7,715.0
Station_01,Inv_00,20170630,09:26:00,203.4,11.8,2401,218.0,10.3,2245,25210,16084,65.2,718.0
Station_01,Inv_00,20170630,09:27:00,212.0,11.7,2480,218.0,10.7,2333,25210,16084,65.0,724.0
Station_01,Inv_00,20170630,09:28:00,212.5,11.6,2465,219.0,10.6,2321,25210,16084,64.0,732.0
Station_01,Inv_00,20170630,09:29:00,210.0,11.8,2478,219.0,10.7,2343,25210,16084,64.3,740.0
Station_01,Inv_00,20170630,09:30:00,213.5,11.7,2498,220.0,10.8,2376,25210,16084,64.5,747.0
Station_01,Inv_00,20170630,09:31:00,205.5,12.1,2487,219.0,10.7,2343,25210,16084,64.7,749.0
Station_01,Inv_00,20170630,09:32:00,203.0,12.2,2476,219.0,10.7,2343,25210,16084,65.0,740.0
Station_01,Inv_00,20170630,09:33:00,212.0,11.9,2523,218.0,10.8,2354,25210,16084,65.4,740.0
Station_01,Inv_00,20170630,09:34:00,208.5,12.0,2502,218.0,10.8,2354,25211,16085,65.5,744.0
Station_01,Inv_00,20170630,09:35:00,202.0,12.3,2484,218.0,10.7,2333,25211,16085,63.6,746.0
Station_01,Inv_00,20170630,09:36:00,196.0,12.3,2411,218.0,10.5,2289,25211,16085,65.5,744.0
Station_01,Inv_00,20170630,09:37:00,201.0,12.2,2452,218.0,10.6,2311,25211,16085,64.5,750.0
Station_01,Inv_00,20170630,09:38:00,214.5,11.6,2488,218.0,10.8,2354,25211,16085,65.9,747.0
Station_01,Inv_00,20170630,09:39:00,204.0,12.0,2447,218.0,10.6,2311,25211,16085,65.5,738.0
Station_01,Inv_00,20170630,09:40:00,190.0,12.3,2337,218.0,10.1,2202,25211,16085,65.7,736.0
Station_01,Inv_00,20170630,09:41:00,203.5,12.1,2462,218.0,10.7,2333,25211,16085,66.3,748.0
Station_01,Inv_00,20170630,09:42:00,214.0,11.8,2525,218.0,10.9,2376,25211,16085,65.9,756.0
Station_01,Inv_00,20170630,09:43:00,199.0,12.7,2527,218.0,10.8,2354,25211,16085,66.2,763.0
Station_01,Inv_00,20170630,09:44:00,212.5,12.1,2571,218.0,11.1,2420,25211,16085,66.5,769.0
Station_01,Inv_00,20170630,09:45:00,201.5,12.6,2538,218.0,11.0,2398,25211,16085,67.1,766.0
Station_01,Inv_00,20170630,09:46:00,204.5,12.6,2577,218.0,11.2,2442,25211,16085,65.7,765.0
Station_01,Inv_00,20170630,09:47:00,202.0,12.7,2565,218.0,11.0,2398,25211,16085,65.6,758.0
Station_01,Inv_00,20170630,09:48:00,216.5,12.0,2598,219.0,11.1,2431,25211,16085,63.3,749.0
Station_01,Inv_00,20170630,09:49:00,190.0,12.9,2451,218.0,10.6,2311,25211,16085,64.4,756.0
Station_01,Inv_00,20170630,09:50:00,208.5,12.5,2606,218.0,11.3,2463,25211,16085,65.3,765.0
Station_01,Inv_00,20170630,09:51:00,212.0,12.2,2586,218.0,11.2,2442,25211,16085,65.5,765.0
Station_01,Inv_00,20170630,09:52:00,206.9,12.0,2483,219.0,10.7,2343,25211,16085,65.6,741.0
Station_01,Inv_00,20170630,09:53:00,200.0,12.5,2500,219.0,10.8,2365,25211,16085,66.3,745.0
Station_01,Inv_00,20170630,09:54:00,214.5,12.0,2574,219.0,11.1,2431,25211,16085,67.0,753.0
Station_01,Inv_00,20170630,09:55:00,209.0,12.5,2613,218.0,11.3,2463,25211,16085,66.6,777.0
Station_01,Inv_00,20170630,09:56:00,195.0,13.3,2593,219.0,11.1,2431,25211,16085,67.1,795.0
Station_01,Inv_00,20170630,09:57:00,210.0,13.0,2730,219.0,11.7,2562,25211,16085,65.9,802.0
Station_01,Inv_00,20170630,09:58:00,214.0,12.8,2739,219.0,11.8,2584,25212,16085,62.0,805.0
Station_01,Inv_00,20170630,09:59:00,210.0,13.2,2772,219.0,11.9,2606,25212,16085,61.6,809.0
Station_01,Inv_00,20170630,10:00:00,216.0,13.0,2808,220.0,12.1,2662,25212,16085,62.0,822.0
Station_01,Inv_00,20170630,10:01:00,207.9,13.5,2807,219.0,12.0,2628,25212,16085,62.8,827.0
Station_01,Inv_00,20170630,10:02:00,198.5,13.9,2759,219.0,11.8,2584,25212,16085,62.8,838.0
Station_01,Inv_00,20170630,10:03:00,200.0,13.9,2780,219.0,11.8,2584,25212,16085,64.4,857.0
Station_01,Inv_00,20170630,10:04:00,203.0,13.8,2801,219.0,12.0,2628,25212,16085,63.4,834.0
Station_01,Inv_00,20170630,10:05:00,209.0,13.4,2800,219.0,12.0,2628,25212,16085,63.9,819.0
Station_01,Inv_00,20170630,10:06:00,201.0,13.9,2794,219.0,11.9,2606,25212,16085,61.0,828.0
Station_01,Inv_00,20170630,10:07:00,214.0,13.2,2825,219.0,12.1,2650,25212,16085,63.9,829.0
Station_01,Inv_00,20170630,10:08:00,204.0,13.8,2815,219.0,11.9,2606,25212,16085,62.5,828.0
Station_01,Inv_00,20170630,10:09:00,198.5,13.9,2759,219.0,11.8,2584,25212,16085,63.8,831.0
Station_01,Inv_00,20170630,10:10:00,198.5,13.9,2759,220.0,11.8,2596,25212,16085,62.8,830.0
Station_01,Inv_00,20170630,10:11:00,214.0,13.2,2825,219.0,12.1,2650,25212,16085,65.0,825.0
Station_01,Inv_00,20170630,10:12:00,208.5,13.5,2815,220.0,12.1,2662,25212,16085,66.4,837.0
Station_01,Inv_00,20170630,10:13:00,209.0,13.4,2800,218.0,12.2,2660,25212,16085,66.7,840.0
Station_01,Inv_00,20170630,10:14:00,207.9,13.5,2807,218.0,12.1,2638,25212,16085,67.8,846.0
Station_01,Inv_00,20170630,10:15:00,206.0,13.6,2802,218.0,12.1,2638,25212,16085,66.8,846.0
Station_01,Inv_00,20170630,10:16:00,210.5,13.3,2800,217.0,12.1,2626,25212,16085,68.2,834.0
Station_01,Inv_00,20170630,10:17:00,183.0,14.3,2617,217.0,11.3,2452,25212,16085,66.3,831.0
Station_01,Inv_00,20170630,10:18:00,208.4,13.3,2772,217.0,12.1,2626,25212,16085,67.5,833.0
Station_01,Inv_00,20170630,10:19:00,196.5,13.9,2731,217.0,11.9,2582,25213,16086,68.2,839.0
Station_01,Inv_00,20170630,10:20:00,195.0,14.0,2730,217.0,11.8,2561,25213,16086,68.1,840.0
Station_01,Inv_00,20170630,10:21:00,209.0,13.4,2801,217.0,12.2,2647,25213,16086,68.8,841.0
Station_01,Inv_00,20170630,10:22:00,209.5,13.4,2807,217.0,12.2,2647,25213,16086,69.4,837.0
Station_01,Inv_00,20170630,10:23:00,199.0,14.0,2786,217.0,12.0,2604,25213,16086,67.5,848.0
Station_01,Inv_00,20170630,10:24:00,209.5,13.5,2828,217.0,12.3,2669,25213,16086,66.7,849.0
Station_01,Inv_00,20170630,10:25:00,209.0,13.6,2842,217.0,12.3,2669,25213,16086,67.4,859.0
Station_01,Inv_00,20170630,10:26:00,206.0,13.7,2822,217.0,12.2,2647,25213,16086,68.5,868.0
Station_01,Inv_00,20170630,10:27:00,208.0,13.6,2829,218.0,12.3,2681,25213,16086,68.8,860.0
Station_01,Inv_00,20170630,10:28:00,208.0,13.6,2828,217.0,12.2,2647,25213,16086,67.7,853.0
Station_01,Inv_00,20170630,10:29:00,189.5,14.4,2728,217.0,11.7,2539,25213,16086,67.2,863.0
Station_01,Inv_00,20170630,10:30:00,207.5,13.7,2843,217.0,12.3,2669,25213,16086,65.3,850.0
Station_01,Inv_00,20170630,10:31:00,206.5,13.8,2850,217.0,12.3,2669,25213,16086,65.8,842.0
Station_01,Inv_00,20170630,10:32:00,208.0,13.8,2870,217.0,12.4,2691,25213,16086,65.0,843.0
Station_01,Inv_00,20170630,10:33:00,205.0,14.1,2891,217.0,12.6,2734,25213,16086,63.0,856.0
Station_01,Inv_00,20170630,10:34:00,209.0,14.1,2947,217.0,12.7,2756,25213,16086,63.5,852.0
Station_01,Inv_00,20170630,10:35:00,206.0,14.3,2946,217.0,12.7,2756,25213,16086,63.4,848.0
Station_01,Inv_00,20170630,10:36:00,210.4,14.1,2967,217.0,12.9,2799,25213,16086,64.5,866.0
Station_01,Inv_00,20170630,10:37:00,210.0,14.2,2982,217.0,12.9,2799,25213,16086,63.8,886.0
Station_01,Inv_00,20170630,10:38:00,211.5,14.0,2961,217.0,12.9,2799,25213,16086,65.9,894.0
Station_01,Inv_00,20170630,10:39:00,197.5,14.8,2922,217.0,12.5,2713,25213,16086,65.9,885.0
Station_01,Inv_00,20170630,10:40:00,209.4,14.1,2953,217.0,12.8,2778,25214,16087,64.8,871.0
Station_01,Inv_00,20170630,10:41:00,206.5,14.4,2973,217.0,12.9,2799,25214,16087,63.6,895.0
Station_01,Inv_00,20170630,10:42:00,190.5,15.1,2876,217.0,12.4,2691,25214,16087,62.5,883.0
Station_01,Inv_00,20170630,10:43:00,210.5,14.3,3010,217.0,13.0,2821,25214,16087,64.1,877.0
Station_01,Inv_00,20170630,10:44:00,200.4,14.9,2986,217.0,12.9,2799,25214,16087,65.3,877.0
Station_01,Inv_00,20170630,10:45:00,210.4,14.4,3030,216.0,13.2,2851,25214,16087,64.1,879.0
Station_01,Inv_00,20170630,10:46:00,208.5,14.5,3023,217.0,13.1,2843,25214,16087,63.9,881.0
Station_01,Inv_00,20170630,10:47:00,209.0,14.5,3031,216.0,13.1,2830,25214,16087,65.4,878.0
Station_01,Inv_00,20170630,10:48:00,190.0,15.5,2945,216.0,12.7,2743,25214,16087,65.7,899.0
Station_01,Inv_00,20170630,10:49:00,200.0,15.1,3020,216.0,13.1,2830,25214,16087,65.9,915.0
Station_01,Inv_00,20170630,10:50:00,197.5,15.3,3022,217.0,13.1,2843,25214,16087,66.1,920.0
Station_01,Inv_00,20170630,10:51:00,203.0,15.0,3045,216.0,13.2,2851,25214,16087,65.5,915.0
Station_01,Inv_00,20170630,10:52:00,206.9,14.7,3042,217.0,13.2,2864,25214,16087,66.4,899.0
Station_01,Inv_00,20170630,10:53:00,206.0,14.7,3028,217.0,13.1,2843,25214,16087,67.7,895.0
Station_01,Inv_00,20170630,10:54:00,202.0,14.9,3010,217.0,13.0,2821,25214,16087,68.0,901.0
Station_01,Inv_00,20170630,10:55:00,200.0,14.9,2980,217.0,12.9,2799,25214,16087,68.0,906.0
Station_01,Inv_00,20170630,10:56:00,187.5,15.5,2906,217.0,12.4,2691,25214,16087,67.5,916.0
Station_01,Inv_00,20170630,10:57:00,205.5,14.6,3000,217.0,12.9,2799,25214,16087,69.7,909.0
Station_01,Inv_00,20170630,10:58:00,200.4,14.7,2946,217.0,12.8,2778,25214,16087,70.6,899.0
Station_01,Inv_00,20170630,10:59:00,182.0,15.3,2785,216.0,11.9,2570,25214,16087,71.1,886.0
Station_01,Inv_00,20170630,11:00:00,177.5,15.5,2751,217.0,11.8,2561,25214,16087,69.9,893.0
Station_01,Inv_00,20170630,11:01:00,202.0,14.7,2969,217.0,12.8,2778,25215,16087,67.6,903.0
Station_01,Inv_00,20170630,11:02:00,205.5,14.4,2959,217.0,12.9,2799,25215,16087,68.6,894.0
Station_01,Inv_00,20170630,11:03:00,186.0,15.4,2864,216.0,12.4,2678,25215,16087,67.4,903.0
Station_01,Inv_00,20170630,11:04:00,206.5,14.5,2994,217.0,12.9,2799,25215,16087,67.6,908.0
Station_01,Inv_00,20170630,11:05:00,202.5,14.6,2956,216.0,12.8,2765,25215,16087,66.8,915.0
Station_01,Inv_00,20170630,11:06:00,206.0,14.4,2966,217.0,12.9,2799,25215,16087,66.6,907.0
Station_01,Inv_00,20170630,11:07:00,186.5,15.4,2872,217.0,12.4,2691,25215,16087,68.1,914.0
Station_01,Inv_00,20170630,11:08:00,200.0,14.9,2980,217.0,12.9,2799,25215,16087,64.7,914.0
Station_01,Inv_00,20170630,11:09:00,208.0,14.4,2995,216.0,12.9,2786,25215,16087,66.6,893.0
Station_01,Inv_00,20170630,11:10:00,196.0,15.1,2960,217.0,12.9,2799,25215,16087,66.8,896.0
Station_01,Inv_00,20170630,11:11:00,200.0,15.0,3000,217.0,12.9,2799,25215,16087,66.5,916.0
Station_01,Inv_00,20170630,11:12:00,186.0,15.5,2883,216.0,12.5,2700,25215,16087,67.8,912.0
Station_01,Inv_00,20170630,11:13:00,195.5,15.2,2972,216.0,12.9,2786,25215,16087,67.9,914.0
Station_01,Inv_00,20170630,11:14:00,206.5,14.5,2994,216.0,13.0,2808,25215,16087,69.9,911.0
Station_01,Inv_00,20170630,11:15:00,202.4,14.9,3016,216.0,13.0,2808,25215,16087,69.5,922.0
Station_01,Inv_00,20170630,11:16:00,198.5,15.1,2997,216.0,13.0,2808,25215,16087,70.1,925.0
Station_01,Inv_00,20170630,11:17:00,202.5,14.9,3017,216.0,13.1,2830,25215,16087,71.9,920.0
Station_01,Inv_00,20170630,11:18:00,186.0,15.7,2920,216.0,12.6,2722,25215,16087,71.4,930.0
Station_01,Inv_00,20170630,11:19:00,192.5,15.3,2945,216.0,12.8,2765,25215,16087,69.7,916.0
Station_01,Inv_00,20170630,11:20:00,199.5,14.8,2953,216.0,12.9,2786,25215,16087,71.3,905.0
Station_01,Inv_00,20170630,11:21:00,195.0,15.1,2945,216.0,12.8,2765,25216,16088,71.0,900.0
Station_01,Inv_00,20170630,11:22:00,203.5,14.6,2971,216.0,12.9,2786,25216,16088,70.9,892.0
Station_01,Inv_00,20170630,11:23:00,186.5,15.6,2909,216.0,12.5,2700,25216,16088,71.5,901.0
Station_01,Inv_00,20170630,11:24:00,196.0,15.3,2999,216.0,12.9,2786,25216,16088,69.7,902.0
Station_01,Inv_00,20170630,11:25:00,196.9,15.1,2974,216.0,12.9,2786,25216,16088,68.9,899.0
Station_01,Inv_00,20170630,11:26:00,194.5,15.3,2976,217.0,12.9,2799,25216,16088,70.7,898.0
Station_01,Inv_00,20170630,11:27:00,193.0,15.5,2992,217.0,12.9,2799,25216,16088,68.5,908.0
Station_01,Inv_00,20170630,11:28:00,203.0,14.8,3004,217.0,13.0,2821,25216,16088,66.4,914.0
Station_01,Inv_00,20170630,11:29:00,205.0,14.6,2993,216.0,12.9,2786,25216,16088,65.4,909.0
Station_01,Inv_00,20170630,11:30:00,183.0,15.5,2836,216.0,12.3,2657,25216,16088,67.6,883.0
Station_01,Inv_00,20170630,11:31:00,203.4,14.7,2991,217.0,12.9,2799,25216,16088,68.5,893.0
Station_01,Inv_00,20170630,11:32:00,204.5,14.9,3047,217.0,13.2,2864,25216,16088,67.0,917.0
Station_01,Inv_00,20170630,11:33:00,204.5,15.0,3067,217.0,13.2,2864,25216,16088,68.3,914.0
Station_01,Inv_00,20170630,11:34:00,191.5,15.8,3025,216.0,13.0,2808,25216,16088,70.3,921.0
Station_01,Inv_00,20170630,11:35:00,204.5,15.0,3067,216.0,13.2,2851,25216,16088,70.5,931.0
Station_01,Inv_00,20170630,11:36:00,200.0,15.0,3000,217.0,13.0,2821,25216,16088,70.8,922.0
Station_01,Inv_00,20170630,11:37:00,204.5,14.6,2985,216.0,13.0,2808,25216,16088,70.1,917.0
Station_01,Inv_00,20170630,11:38:00,185.5,15.3,2838,216.0,12.4,2678,25216,16088,69.3,907.0
Station_01,Inv_00,20170630,11:39:00,204.9,14.4,2950,217.0,12.8,2778,25216,16088,69.9,910.0
Station_01,Inv_00,20170630,11:40:00,196.5,14.8,2908,217.0,12.5,2713,25216,16088,69.2,901.0
Station_01,Inv_00,20170630,11:41:00,187.0,15.3,2861,216.0,12.4,2678,25217,16088,69.2,901.0
Station_01,Inv_00,20170630,11:42:00,181.0,15.5,2805,217.0,12.1,2626,25217,16088,68.6,906.0
Station_01,Inv_00,20170630,11:43:00,202.0,14.8,2990,217.0,12.9,2799,25217,16088,64.7,889.0
Station_01,Inv_00,20170630,11:44:00,210.0,14.1,2960,217.0,12.8,2778,25217,16088,66.0,865.0
Station_01,Inv_00,20170630,11:45:00,189.5,15.4,2918,217.0,12.5,2713,25217,16088,68.2,867.0
Station_01,Inv_00,20170630,11:46:00,193.5,15.3,2960,217.0,12.8,2778,25217,16088,69.0,886.0
Station_01,Inv_00,20170630,11:47:00,203.5,14.8,3012,217.0,13.0,2821,25217,16088,69.5,904.0
Station_01,Inv_00,20170630,11:48:00,205.0,14.7,3013,217.0,12.9,2799,25217,16088,70.8,904.0
Station_01,Inv_00,20170630,11:49:00,204.5,14.5,2965,217.0,12.9,2799,25217,16088,71.9,903.0
Station_01,Inv_00,20170630,11:50:00,192.5,15.1,2907,217.0,12.6,2734,25217,16088,71.0,905.0
Station_01,Inv_00,20170630,11:51:00,202.0,14.8,2989,216.0,12.9,2786,25217,16088,68.6,906.0
Station_01,Inv_00,20170630,11:52:00,196.0,15.2,2979,216.0,12.9,2786,25217,16088,68.3,911.0
Station_01,Inv_00,20170630,11:53:00,187.5,15.8,2962,216.0,12.7,2743,25217,16088,69.6,922.0
Station_01,Inv_00,20170630,11:54:00,204.0,14.9,3040,217.0,13.1,2843,25217,16088,70.4,927.0
Station_01,Inv_00,20170630,11:55:00,198.0,15.2,3009,217.0,12.9,2799,25217,16088,71.4,926.0
Station_01,Inv_00,20170630,11:56:00,182.0,15.6,2839,217.0,12.2,2647,25217,16088,70.8,911.0
Station_01,Inv_00,20170630,11:57:00,201.0,14.9,2995,217.0,12.9,2799,25217,16088,72.1,917.0
Station_01,Inv_00,20170630,11:58:00,208.0,14.2,2953,218.0,12.8,2790,25217,16088,66.3,895.0
Station_01,Inv_00,20170630,11:59:00,209.0,14.3,2988,218.0,12.9,2812,25217,16088,66.1,875.0
Station_01,Inv_00,20170630,12:00:00,202.9,14.8,3003,218.0,12.9,2812,25217,16088,65.2,868.0
Station_01,Inv_00,20170630,12:01:00,193.0,15.3,2953,217.0,12.9,2799,25218,16089,67.5,874.0
Station_01,Inv_00,20170630,12:02:00,207.5,14.6,3030,218.0,13.0,2834,25218,16089,68.4,893.0
Station_01,Inv_00,20170630,12:03:00,193.0,15.6,3010,218.0,12.9,2812,25218,16089,67.5,909.0
Station_01,Inv_00,20170630,12:04:00,203.0,15.2,3085,218.0,13.3,2899,25218,16089,67.2,911.0
Station_01,Inv_00,20170630,12:05:00,195.5,15.6,3049,219.0,13.0,2847,25218,16089,69.2,925.0
Station_01,Inv_00,20170630,12:06:00,206.0,15.2,3131,218.0,13.4,2921,25218,16089,67.7,952.0
Station_01,Inv_00,20170630,12:07:00,202.0,15.5,3131,219.0,13.4,2935,25218,16089,69.5,965.0
Station_01,Inv_00,20170630,12:08:00,201.5,15.5,3123,218.0,13.4,2921,25218,16089,70.9,957.0
Station_01,Inv_00,20170630,12:09:00,203.0,15.2,3085,218.0,13.2,2878,25218,16089,71.1,951.0
Station_01,Inv_00,20170630,12:10:00,196.0,16.2,3175,219.0,13.4,2935,25218,16089,71.7,973.0
Station_01,Inv_00,20170630,12:11:00,199.0,15.9,3164,218.0,13.6,2965,25218,16089,72.7,979.0
Station_01,Inv_00,20170630,12:12:00,185.0,16.6,3071,218.0,13.2,2878,25218,16089,74.3,976.0
Station_01,Inv_00,20170630,12:13:00,201.5,15.8,3183,218.0,13.7,2987,25218,16089,74.7,981.0
Station_01,Inv_00,20170630,12:14:00,193.5,16.2,3134,218.0,13.4,2921,25218,16089,75.0,978.0
Station_01,Inv_00,20170630,12:15:00,181.5,16.6,3013,218.0,12.9,2812,25218,16089,71.9,969.0
Station_01,Inv_00,20170630,12:16:00,199.5,15.3,3052,218.0,13.1,2856,25218,16089,73.7,939.0
Station_01,Inv_00,20170630,12:17:00,201.0,14.8,2975,218.0,12.9,2812,25218,16089,71.3,910.0
Station_01,Inv_00,20170630,12:18:00,195.5,15.4,3011,218.0,12.9,2812,25218,16089,73.1,935.0
Station_01,Inv_00,20170630,12:19:00,202.5,15.1,3057,218.0,13.1,2856,25218,16089,73.2,921.0
Station_01,Inv_00,20170630,12:20:00,198.0,15.3,3029,218.0,13.2,2878,25218,16089,73.7,957.0
Station_01,Inv_00,20170630,12:21:00,199.5,7.8,1556,217.0,6.6,1432,25219,16090,71.0,544.0
Station_01,Inv_00,20170630,12:22:00,199.0,9.1,1811,217.0,7.9,1714,25219,16090,71.3,746.0
Station_01,Inv_00,20170630,12:23:00,205.4,15.0,3082,218.0,13.3,2899,25219,16090,71.9,932.0
Station_01,Inv_00,20170630,12:24:00,202.9,6.2,1258,217.0,5.5,1194,25219,16090,71.4,478.0
Station_01,Inv_00,20170630,12:25:00,205.9,10.4,2141,218.0,9.4,2049,25219,16090,70.5,583.0
Station_01,Inv_00,20170630,12:26:00,208.6,12.7,2649,218.0,11.5,2507,25219,16090,68.8,817.0
Station_01,Inv_00,20170630,12:27:00,206.5,14.9,3077,218.0,13.3,2899,25219,16090,66.6,898.0
Station_01,Inv_00,20170630,12:28:00,202.0,15.3,3091,219.0,13.4,2935,25219,16090,68.4,928.0
Station_01,Inv_00,20170630,12:29:00,205.0,15.7,3218,218.0,13.9,3030,25219,16090,68.5,947.0
Station_01,Inv_00,20170630,12:30:00,195.9,16.0,3134,218.0,13.4,2921,25219,16090,69.8,959.0
Station_01,Inv_00,20170630,12:31:00,202.0,16.4,3312,218.0,14.1,3074,25219,16090,69.6,1003.0
Station_01,Inv_00,20170630,12:32:00,200.0,16.4,3280,218.0,14.1,3074,25219,16090,69.9,1002.0
Station_01,Inv_00,20170630,12:33:00,205.0,15.3,3136,218.0,13.4,2921,25219,16090,71.4,948.0
Station_01,Inv_00,20170630,12:34:00,204.0,14.3,2917,218.0,12.4,2703,25219,16090,71.5,883.0
Station_01,Inv_00,20170630,12:35:00,205.5,15.4,3164,218.0,13.6,2965,25219,16090,68.3,971.0
Station_01,Inv_00,20170630,12:36:00,198.5,12.2,2421,218.0,10.5,2289,25219,16090,67.8,845.0
Station_01,Inv_00,20170630,12:37:00,199.5,16.2,3231,218.0,13.9,3030,25219,16090,67.3,953.0
Station_01,Inv_00,20170630,12:38:00,201.5,12.7,2559,218.0,11.1,2420,25219,16090,65.7,718.0
Station_01,Inv_00,20170630,12:39:00,204.5,15.3,3129,218.0,13.5,2943,25219,16090,63.3,916.0
Station_01,Inv_00,20170630,12:40:00,204.0,12.9,2632,218.0,11.0,2398,25219,16090,64.0,812.0
Station_01,Inv_00,20170630,12:41:00,205.0,7.3,1496,217.0,6.2,1345,25219,16090,63.4,478.0
Station_01,Inv_00,20170630,12:42:00,209.0,5.7,1191,216.0,5.2,1123,25219,16090,59.1,365.0
Station_01,Inv_00,20170630,12:43:00,214.0,6.1,1305,217.0,5.6,1215,25219,16090,59.3,375.0
Station_01,Inv_00,20170630,12:44:00,214.0,13.9,2975,218.0,12.9,2812,25220,16090,60.2,842.0
Station_01,Inv_00,20170630,12:45:00,211.4,13.7,2897,217.0,12.5,2713,25220,16090,62.1,857.0
Station_01,Inv_00,20170630,12:46:00,207.5,14.1,2926,217.0,12.6,2734,25220,16090,63.1,858.0
Station_01,Inv_00,20170630,12:47:00,208.5,12.5,2606,218.0,11.3,2463,25220,16090,62.2,753.0
Station_01,Inv_00,20170630,12:48:00,205.9,12.7,2615,218.0,11.3,2463,25220,16090,63.1,779.0
Station_01,Inv_00,20170630,12:49:00,191.0,13.4,2559,218.0,11.1,2420,25220,16090,64.0,777.0
Station_01,Inv_00,20170630,12:50:00,200.5,12.8,2566,218.0,11.0,2398,25220,16090,62.8,770.0
Station_01,Inv_00,20170630,12:51:00,204.5,11.1,2270,217.0,9.8,2127,25220,16090,62.9,693.0
Station_01,Inv_00,20170630,12:52:00,206.0,10.1,2081,217.0,9.2,1996,25220,16090,64.4,652.0
Station_01,Inv_00,20170630,12:53:00,212.0,6.3,1335,217.0,5.8,1259,25220,16090,60.4,427.0
Station_01,Inv_00,20170630,12:54:00,212.0,5.7,1208,217.0,5.1,1107,25220,16090,57.3,352.0
Station_01,Inv_00,20170630,12:55:00,217.0,6.0,1302,216.0,5.7,1231,25220,16090,55.2,377.0
Station_01,Inv_00,20170630,12:56:00,215.5,6.8,1465,216.0,6.4,1382,25220,16090,56.2,419.0
Station_01,Inv_00,20170630,12:57:00,219.9,7.1,1562,216.0,6.7,1447,25220,16090,55.7,456.0
Station_01,Inv_00,20170630,12:58:00,218.5,10.2,2228,217.0,9.7,2105,25220,16090,56.3,610.0
Station_01,Inv_00,20170630,12:59:00,220.5,12.6,2778,217.0,12.0,2604,25220,16090,56.4,756.0
Station_01,Inv_00,20170630,13:00:00,214.5,12.8,2745,217.0,11.9,2582,25220,16090,59.0,792.0
Station_01,Inv_00,20170630,13:01:00,218.5,12.3,2688,216.0,11.7,2527,25220,16090,58.3,765.0
Station_01,Inv_00,20170630,13:02:00,217.5,12.9,2806,216.0,12.3,2657,25220,16090,59.1,801.0
Station_01,Inv_00,20170630,13:03:00,202.0,9.3,1878,216.0,8.5,1836,25220,16090,60.2,778.0
Station_01,Inv_00,20170630,13:04:00,213.0,13.0,2769,216.0,12.0,2592,25220,16090,58.0,623.0
Station_01,Inv_00,20170630,13:05:00,209.0,13.8,2884,216.0,12.6,2722,25220,16090,61.6,863.0
Station_01,Inv_00,20170630,13:06:00,208.0,14.0,2912,216.0,12.6,2722,25220,16090,62.4,869.0
Station_01,Inv_00,20170630,13:07:00,201.0,16.0,3216,218.0,13.8,3008,25220,16090,63.1,920.0
Station_01,Inv_00,20170630,13:08:00,204.5,15.3,3129,218.0,13.4,2921,25220,16090,65.1,925.0
Station_01,Inv_00,20170630,13:09:00,209.5,14.3,2996,218.0,12.9,2812,25221,16091,65.0,893.0
Station_01,Inv_00,20170630,13:10:00,203.5,12.9,2625,218.0,11.3,2463,25221,16091,66.1,815.0
Station_01,Inv_00,20170630,13:11:00,206.5,11.5,2375,218.0,10.3,2245,25221,16091,63.2,715.0
Station_01,Inv_00,20170630,13:12:00,208.4,9.3,1938,218.0,8.5,1853,25221,16091,64.7,598.0
Station_01,Inv_00,20170630,13:13:00,209.4,6.6,1382,217.0,6.0,1302,25221,16091,62.9,443.0
Station_01,Inv_00,20170630,13:14:00,212.5,6.4,1360,217.0,5.9,1280,25221,16091,59.6,401.0
Station_01,Inv_00,20170630,13:15:00,220.0,6.8,1496,217.0,6.4,1389,25221,16091,60.2,419.0
Station_01,Inv_00,20170630,13:16:00,220.0,10.1,2222,218.0,9.6,2093,25221,16091,60.7,618.0
Station_01,Inv_00,20170630,13:17:00,217.5,10.0,2175,218.0,9.4,2049,25221,16091,61.4,627.0
Station_01,Inv_00,20170630,13:18:00,214.5,9.9,2124,218.0,9.3,2027,25221,16091,61.7,608.0
Station_01,Inv_00,20170630,13:19:00,217.5,10.3,2240,218.0,9.7,2115,25221,16091,60.1,635.0
Station_01,Inv_00,20170630,13:20:00,220.5,10.4,2293,218.0,9.9,2158,25221,16091,60.2,656.0
Station_01,Inv_00,20170630,13:21:00,214.5,11.0,2359,218.0,10.2,2224,25221,16091,58.9,674.0
Station_01,Inv_00,20170630,13:22:00,220.5,11.0,2425,218.0,10.5,2289,25221,16091,59.9,690.0
Station_01,Inv_00,20170630,13:23:00,217.9,11.5,2506,218.0,10.8,2354,25221,16091,61.3,717.0
Station_01,Inv_00,20170630,13:24:00,215.5,12.4,2672,219.0,11.5,2519,25221,16091,60.7,759.0
Station_01,Inv_00,20170630,13:25:00,217.5,12.1,2632,218.0,11.4,2485,25221,16091,59.8,758.0
Station_01,Inv_00,20170630,13:26:00,219.0,11.9,2606,218.0,11.3,2463,25221,16091,61.8,754.0
Station_01,Inv_00,20170630,13:27:00,212.5,11.7,2486,218.0,10.8,2354,25221,16091,62.7,730.0
Station_01,Inv_00,20170630,13:28:00,217.5,10.4,2262,218.0,9.8,2136,25221,16091,61.7,680.0
Station_01,Inv_00,20170630,13:29:00,217.0,10.0,2170,218.0,9.4,2049,25221,16091,61.2,642.0
Station_01,Inv_00,20170630,13:30:00,217.5,9.4,2044,218.0,9.0,1962,25221,16091,61.7,605.0
Station_01,Inv_00,20170630,13:31:00,211.0,9.3,1962,218.0,8.5,1853,25221,16091,61.7,572.0
Station_01,Inv_00,20170630,13:32:00,218.5,8.9,1945,218.0,8.4,1831,25221,16091,60.9,542.0
Station_01,Inv_00,20170630,13:33:00,218.5,9.0,1967,218.0,8.6,1875,25221,16091,60.6,571.0
Station_01,Inv_00,20170630,13:34:00,222.4,9.2,2047,217.0,8.9,1931,25221,16091,57.6,574.0
Station_01,Inv_00,20170630,13:35:00,221.9,10.0,2219,217.0,9.7,2105,25221,16091,59.0,592.0
Station_01,Inv_00,20170630,13:36:00,208.5,10.9,2273,218.0,9.8,2136,25222,16092,58.3,612.0
Station_01,Inv_00,20170630,13:37:00,220.0,11.2,2464,218.0,10.7,2333,25222,16092,58.1,698.0
Station_01,Inv_00,20170630,13:38:00,216.5,11.3,2446,218.0,10.6,2311,25222,16092,59.3,706.0
Station_01,Inv_00,20170630,13:39:00,218.9,8.4,1839,217.0,8.0,1736,25222,16092,57.9,499.0
Station_01,Inv_00,20170630,13:40:00,219.0,11.0,2409,218.0,10.5,2289,25222,16092,57.6,683.0
Station_01,Inv_00,20170630,13:41:00,213.5,7.6,1623,218.0,7.1,1548,25222,16092,58.7,584.0
Station_01,Inv_00,20170630,13:42:00,217.4,8.7,1892,218.0,8.2,1788,25222,16092,56.5,599.0
Station_01,Inv_00,20170630,13:43:00,216.0,6.7,1447,217.0,7.4,1606,25222,16092,55.5,465.0
Station_01,Inv_00,20170630,13:44:00,221.8,4.7,1043,217.0,4.4,955,25222,16092,52.9,295.0
Station_01,Inv_00,20170630,13:45:00,227.3,4.4,1000,217.0,4.2,911,25222,16092,52.2,277.0
Station_01,Inv_00,20170630,13:46:00,224.5,4.3,965,217.0,4.1,890,25222,16092,50.5,268.0
Station_01,Inv_00,20170630,13:47:00,230.5,4.3,991,217.0,4.1,890,25222,16092,49.5,266.0
Station_01,Inv_00,20170630,13:48:00,231.0,4.4,1016,217.0,4.4,955,25222,16092,48.4,277.0
Station_01,Inv_00,20170630,13:49:00,230.5,4.6,1060,217.0,4.5,977,25222,16092,47.9,284.0
Station_01,Inv_00,20170630,13:50:00,232.0,4.5,1044,217.0,4.4,955,25222,16092,46.8,282.0
Station_01,Inv_00,20170630,13:51:00,234.0,4.4,1030,217.0,4.4,955,25222,16092,46.8,279.0
Station_01,Inv_00,20170630,13:52:00,221.0,4.4,972,217.0,4.1,890,25222,16092,46.6,268.0
Station_01,Inv_00,20170630,13:53:00,231.0,4.3,993,217.0,4.2,911,25222,16092,45.1,268.0
Station_01,Inv_00,20170630,13:54:00,231.0,4.4,1016,217.0,4.4,955,25222,16092,45.1,276.0
Station_01,Inv_00,20170630,13:55:00,178.0,5.5,979,217.0,4.1,890,25222,16092,45.0,305.0
Station_01,Inv_00,20170630,13:56:00,186.4,5.2,970,217.0,4.2,911,25222,16092,45.8,334.0
Station_01,Inv_00,20170630,13:57:00,234.0,5.3,1240,217.0,5.2,1128,25222,16092,46.0,325.0
Station_01,Inv_00,20170630,13:58:00,234.4,4.9,1149,217.0,4.9,1063,25222,16092,45.8,313.0
Station_01,Inv_00,20170630,13:59:00,234.5,4.7,1102,217.0,4.8,1042,25222,16092,45.4,309.0
Station_01,Inv_00,20170630,14:00:00,218.9,6.1,1335,218.0,5.9,1286,25222,16092,45.2,353.0
Station_01,Inv_00,20170630,14:01:00,225.5,9.4,2119,218.0,9.3,2027,25222,16092,47.5,574.0
Station_01,Inv_00,20170630,14:02:00,200.0,5.4,1080,217.0,5.1,1107,25222,16092,46.7,524.0
Station_01,Inv_00,20170630,14:03:00,212.0,4.6,975,217.0,4.1,890,25222,16092,45.9,282.0
Station_01,Inv_00,20170630,14:04:00,214.0,6.1,1305,217.0,5.6,1215,25222,16092,46.4,475.0
Station_01,Inv_00,20170630,14:05:00,215.5,3.8,819,217.0,3.7,803,25222,16092,45.3,251.0
Station_01,Inv_00,20170630,14:06:00,236.5,3.4,804,217.0,3.6,781,25222,16092,43.6,231.0
Station_01,Inv_00,20170630,14:07:00,224.2,3.2,718,217.0,3.2,694,25222,16092,43.0,211.0
Station_01,Inv_00,20170630,14:08:00,228.0,3.0,684,217.0,3.0,651,25222,16092,43.0,195.0
Station_01,Inv_00,20170630,14:09:00,225.0,3.0,675,217.0,3.0,651,25222,16092,42.4,191.0
Station_01,Inv_00,20170630,14:10:00,234.0,2.6,608,216.0,2.8,605,25222,16092,42.1,179.0
Station_01,Inv_00,20170630,14:11:00,225.5,2.5,564,217.0,2.5,543,25222,16092,41.4,165.0
Station_01,Inv_00,20170630,14:12:00,226.0,2.4,542,217.0,2.4,521,25222,16092,41.1,157.0
Station_01,Inv_00,20170630,14:13:00,225.0,2.3,518,217.0,2.3,499,25222,16092,40.7,150.0
Station_01,Inv_00,20170630,14:14:00,226.5,2.2,498,217.0,2.2,477,25222,16092,40.6,146.0
Station_01,Inv_00,20170630,14:15:00,221.0,2.1,464,216.0,2.0,432,25222,16092,39.8,141.0
Station_01,Inv_00,20170630,14:16:00,217.5,2.0,435,217.0,2.0,434,25222,16092,39.5,137.0
Station_01,Inv_00,20170630,14:17:00,229.4,2.0,459,217.0,2.0,434,25222,16092,38.8,139.0
Station_01,Inv_00,20170630,14:18:00,234.5,1.8,422,217.0,2.0,434,25222,16092,37.7,133.0
Station_01,Inv_00,20170630,14:19:00,236.7,1.8,426,217.0,2.0,434,25222,16092,36.4,134.0
Station_01,Inv_00,20170630,14:20:00,239.0,1.8,430,217.0,1.9,412,25222,16092,34.5,122.0
Station_01,Inv_00,20170630,14:21:00,231.0,1.7,393,217.0,1.8,391,25222,16092,33.0,109.0
Station_01,Inv_00,20170630,14:22:00,234.0,1.6,374,217.0,1.7,369,25222,16092,31.8,102.0
Station_01,Inv_00,20170630,14:23:00,237.0,1.4,332,217.0,1.6,347,25222,16092,31.3,99.0
Station_01,Inv_00,20170630,14:24:00,245.0,1.3,319,217.0,1.5,326,25222,16092,30.8,95.0
Station_01,Inv_00,20170630,14:25:00,245.0,1.3,319,217.0,1.5,326,25222,16092,30.7,97.0
Station_01,Inv_00,20170630,14:26:00,249.0,1.2,299,217.0,1.4,304,25222,16092,30.7,97.0
Station_01,Inv_00,20170630,14:27:00,242.5,1.2,291,217.0,1.4,304,25222,16092,30.5,93.0
Station_01,Inv_00,20170630,14:28:00,238.0,1.1,262,217.0,1.3,282,25222,16092,30.3,89.0
Station_01,Inv_00,20170630,14:29:00,229.6,1.0,230,217.0,1.2,260,25222,16092,30.1,85.0
Station_01,Inv_00,20170630,14:30:00,245.5,1.0,246,217.0,1.2,260,25222,16092,30.0,82.0
Station_01,Inv_00,20170630,14:31:00,203.4,0.9,183,217.0,1.0,217,25222,16092,29.9,78.0
Station_01,Inv_00,20170630,14:32:00,149.0,0.9,134,217.0,0.8,174,25222,16092,29.9,75.0
Station_01,Inv_00,20170630,14:33:00,195.6,0.8,157,217.0,0.9,195,25222,16092,30.0,72.0
Station_01,Inv_00,20170630,14:34:00,241.0,0.7,169,217.0,1.0,217,25222,16092,30.0,69.0
Station_01,Inv_00,20170630,14:35:00,235.0,0.8,188,217.0,1.0,217,25222,16092,30.0,68.0
Station_01,Inv_00,20170630,14:36:00,207.0,0.7,145,217.0,0.9,195,25222,16092,29.9,67.0
Station_01,Inv_00,20170630,14:37:00,216.0,0.8,173,217.0,0.9,195,25222,16092,29.9,67.0
Station_01,Inv_00,20170630,14:38:00,229.0,0.7,160,217.0,1.0,217,25222,16092,29.9,67.0
Station_01,Inv_00,20170630,14:39:00,218.4,0.7,153,217.0,0.9,195,25222,16092,29.7,65.0
Station_01,Inv_00,20170630,14:40:00,149.9,0.7,105,217.0,0.6,130,25222,16092,29.6,64.0
Station_01,Inv_00,20170630,14:41:00,151.0,0.7,106,217.0,0.6,130,25222,16092,29.6,63.0
Station_01,Inv_00,20170630,14:42:00,223.0,0.7,156,218.0,0.8,174,25222,16092,29.4,62.0
Station_01,Inv_00,20170630,14:43:00,220.7,0.6,132,217.0,0.8,174,25222,16092,29.4,60.0
Station_01,Inv_00,20170630,14:44:00,219.0,0.7,153,217.0,0.8,174,25222,16092,29.6,59.0
Station_01,Inv_00,20170630,14:45:00,221.0,0.6,133,217.0,0.8,174,25222,16092,29.8,62.0
Station_01,Inv_00,20170630,14:46:00,231.1,0.7,162,217.0,0.8,174,25222,16092,29.9,59.0
Station_01,Inv_00,20170630,14:47:00,227.4,0.7,159,217.0,0.9,195,25222,16092,30.0,62.0
Station_01,Inv_00,20170630,14:48:00,230.0,0.8,184,217.0,0.9,195,25222,16092,30.1,63.0
Station_01,Inv_00,20170630,14:49:00,210.0,0.7,147,217.0,0.8,174,25222,16092,30.2,63.0
Station_01,Inv_00,20170630,14:50:00,185.0,0.7,130,218.0,0.7,153,25222,16092,30.3,63.0
Station_01,Inv_00,20170630,14:51:00,149.0,0.7,104,217.0,0.6,130,25222,16092,30.5,64.0
Station_01,Inv_00,20170630,14:52:00,220.4,0.7,154,217.0,0.9,195,25222,16092,30.6,65.0
Station_01,Inv_00,20170630,14:53:00,230.0,0.7,161,217.0,0.9,195,25222,16092,30.5,66.0
Station_01,Inv_00,20170630,14:54:00,228.0,0.8,182,217.0,0.9,195,25222,16092,30.6,67.0
Station_01,Inv_00,20170630,14:55:00,227.0,0.8,182,217.0,1.0,217,25222,16092,30.7,70.0
Station_01,Inv_00,20170630,14:56:00,230.0,0.8,184,217.0,1.0,217,25222,16092,30.7,73.0
Station_01,Inv_00,20170630,14:57:00,228.4,0.9,206,218.0,1.1,240,25222,16092,30.7,78.0
Station_01,Inv_00,20170630,14:58:00,238.0,1.0,238,217.0,1.1,239,25222,16092,30.7,83.0
Station_01,Inv_00,20170630,14:59:00,235.8,1.1,259,218.0,1.2,262,25222,16092,30.9,95.0
Station_01,Inv_00,20170630,15:00:00,223.4,1.2,268,217.0,1.3,282,25222,16092,30.9,96.0
Station_01,Inv_00,20170630,15:01:00,209.5,1.3,272,218.0,1.3,283,25222,16092,31.0,102.0
Station_01,Inv_00,20170630,15:02:00,149.0,1.3,194,218.0,1.0,218,25222,16092,30.8,108.0
Station_01,Inv_00,20170630,15:03:00,149.0,1.5,224,218.0,1.1,240,25222,16092,30.5,130.0
Station_01,Inv_00,20170630,15:04:00,177.8,1.6,284,218.0,1.3,283,25222,16092,30.4,120.0
Station_01,Inv_00,20170630,15:05:00,244.6,1.8,440,218.0,1.9,414,25222,16092,30.1,129.0
Station_01,Inv_00,20170630,15:06:00,249.4,1.9,474,218.0,2.0,436,25222,16092,29.7,135.0
Station_01,Inv_00,20170630,15:07:00,245.0,2.1,515,218.0,2.2,480,25222,16092,29.4,145.0
Station_01,Inv_00,20170630,15:08:00,221.5,2.4,532,218.0,2.3,501,25223,16092,29.4,160.0
Station_01,Inv_00,20170630,15:09:00,215.0,2.6,559,218.0,2.5,545,25223,16092,29.5,183.0
Station_01,Inv_00,20170630,15:10:00,243.5,3.3,804,218.0,3.5,763,25223,16092,29.8,218.0
Station_01,Inv_00,20170630,15:11:00,239.1,3.6,861,219.0,3.7,810,25223,16092,30.2,239.0
Station_01,Inv_00,20170630,15:12:00,250.4,4.4,1102,219.0,4.6,1007,25223,16092,30.5,285.0
Station_01,Inv_00,20170630,15:13:00,243.5,5.1,1242,219.0,5.2,1139,25223,16092,31.1,314.0
Station_01,Inv_00,20170630,15:14:00,247.0,6.1,1507,219.0,6.3,1380,25223,16092,31.8,376.0
Station_01,Inv_00,20170630,15:15:00,251.0,8.1,2033,219.0,8.7,1905,25223,16092,33.0,472.0
Station_01,Inv_00,20170630,15:16:00,247.5,10.0,2475,219.0,10.6,2321,25223,16092,34.8,606.0
Station_01,Inv_00,20170630,15:17:00,243.0,10.9,2649,220.0,11.3,2486,25223,16092,37.1,658.0
Station_01,Inv_00,20170630,15:18:00,244.0,11.2,2732,219.0,11.9,2606,25223,16092,39.1,676.0
Station_01,Inv_00,20170630,15:19:00,237.0,11.8,2797,219.0,12.2,2672,25223,16092,41.6,741.0
Station_01,Inv_00,20170630,15:20:00,240.9,9.4,2265,219.0,9.7,2124,25223,16092,43.0,656.0
Station_01,Inv_00,20170630,15:21:00,242.4,7.4,1794,219.0,7.7,1686,25223,16092,43.6,529.0
Station_01,Inv_00,20170630,15:22:00,234.0,6.9,1614,218.0,7.0,1526,25223,16092,43.7,420.0
Station_01,Inv_00,20170630,15:23:00,238.0,9.5,2261,219.0,10.0,2190,25223,16092,45.8,644.0
Station_01,Inv_00,20170630,15:24:00,237.4,7.2,1710,219.0,7.5,1643,25223,16092,44.7,437.0
Station_01,Inv_00,20170630,15:25:00,237.5,4.2,998,218.0,4.3,937,25223,16092,43.8,295.0
Station_01,Inv_00,20170630,15:26:00,235.0,3.5,822,218.0,3.6,785,25223,16092,42.7,239.0
Station_01,Inv_00,20170630,15:27:00,235.9,2.3,543,218.0,2.4,523,25223,16092,42.0,171.0
Station_01,Inv_00,20170630,15:28:00,237.0,1.4,332,218.0,1.5,327,25223,16092,41.0,116.0
Station_01,Inv_00,20170630,15:29:00,218.0,0.8,174,218.0,1.0,218,25223,16092,38.9,80.0
Station_01,Inv_00,20170630,15:30:00,211.0,0.6,127,218.0,0.7,153,25223,16092,38.8,57.0
Station_01,Inv_00,20170630,15:31:00,147.0,0.4,59,218.0,0.5,109,25223,16092,37.6,47.0
Station_01,Inv_00,20170630,15:32:00,160.3,0.3,48,218.0,0.5,109,25223,16092,36.4,42.0
Station_01,Inv_00,20170630,15:33:00,198.0,0.2,40,218.0,0.5,109,25223,16092,35.2,40.0
Station_01,Inv_00,20170630,15:34:00,182.5,0.4,73,218.0,0.5,109,25223,16092,34.7,39.0
Station_01,Inv_00,20170630,15:35:00,172.3,0.3,52,218.0,0.5,109,25223,16092,33.9,42.0
Station_01,Inv_00,20170630,15:36:00,176.3,0.3,53,218.0,0.5,109,25223,16092,33.3,57.0
Station_01,Inv_00,20170630,15:37:00,177.0,0.5,89,218.0,0.5,109,25223,16092,33.2,48.0
Station_01,Inv_00,20170630,15:38:00,169.4,0.5,85,218.0,0.5,109,25223,16092,32.9,53.0
Station_01,Inv_00,20170630,15:39:00,222.4,0.5,111,218.0,0.6,131,25223,16092,32.0,58.0
Station_01,Inv_00,20170630,15:40:00,216.5,0.4,87,218.0,0.6,131,25223,16092,31.7,50.0
Station_01,Inv_00,20170630,15:41:00,200.5,0.4,80,218.0,0.5,109,25223,16092,31.4,63.0
Station_01,Inv_00,20170630,15:42:00,158.7,0.3,48,218.0,0.5,109,25223,16092,31.0,43.0
Station_01,Inv_00,20170630,15:43:00,157.3,0.3,47,218.0,0.4,87,25223,16092,30.5,38.0
Station_01,Inv_00,20170630,15:44:00,145.0,0.1,15,218.0,0.5,109,25223,16092,29.9,35.0
Station_01,Inv_00,20170630,15:45:00,185.0,0.2,37,219.0,0.4,88,25223,16092,29.5,30.0
Station_01,Inv_00,20170630,15:46:00,199.5,0.2,40,219.0,0.4,88,25223,16092,29.3,27.0
Station_01,Inv_00,20170630,15:47:00,0.0,0.0,0,218.0,0.4,87,25223,16092,28.9,25.0
Station_01,Inv_00,20170630,15:48:00,0.0,0.0,0,223.0,0.2,45,25223,16092,28.5,28.0
Station_01,Inv_00,20170630,15:49:00,0.0,0.0,0,223.0,0.2,45,25223,16092,28.3,22.0
Station_01,Inv_00,20170630,15:50:00,0.0,0.0,0,223.0,0.2,45,25223,16092,28.2,21.0
Station_01,Inv_00,20170630,15:51:00,0.0,0.0,0,223.0,0.2,45,25223,16092,28.1,20.0
Station_01,Inv_00,20170630,15:52:00,0.0,0.0,0,223.0,0.2,45,25223,16092,27.9,21.0
Station_01,Inv_00,20170630,15:53:00,0.0,0.0,0,223.0,0.2,45,25223,16092,27.9,21.0
Station_01,Inv_00,20170630,15:54:00,0.0,0.0,0,223.0,0.2,45,25223,16092,27.6,33.0
Station_01,Inv_00,20170630,15:55:00,0.0,0.0,0,223.0,0.2,45,25223,16092,26.7,29.0
Station_01,Inv_00,20170630,15:56:00,0.0,0.0,0,223.0,0.2,45,25223,16092,25.9,28.0
Station_01,Inv_00,20170630,15:57:00,0.0,0.0,0,223.0,0.2,45,25223,16092,25.8,26.0
Station_01,Inv_00,20170630,15:58:00,0.0,0.0,0,223.0,0.2,45,25223,16092,25.6,26.0
Station_01,Inv_00,20170630,15:59:00,0.0,0.0,0,223.0,0.2,45,25223,16092,25.7,24.0
Station_01,Inv_00,20170630,16:00:00,0.0,0.0,0,223.0,0.2,45,25223,16092,25.7,24.0
Station_01,Inv_00,20170630,16:01:00,0.0,0.0,0,223.0,0.2,45,25223,16092,25.5,25.0
Station_01,Inv_00,20170630,16:02:00,0.0,0.0,0,223.0,0.2,45,25223,16092,25.4,25.0
Station_01,Inv_00,20170630,16:03:00,0.0,0.0,0,223.0,0.2,45,25223,16092,24.7,25.0
Station_01,Inv_00,20170630,16:04:00,0.0,0.0,0,223.0,0.2,45,25223,16092,24.5,23.0
Station_01,Inv_00,20170630,16:05:00,0.0,0.0,0,223.0,0.2,45,25223,16092,24.3,23.0
Station_01,Inv_00,20170630,16:06:00,0.0,0.0,0,223.0,0.2,45,25223,16092,24.3,22.0
Station_01,Inv_00,20170630,16:07:00,0.0,0.0,0,223.0,0.2,45,25223,16092,24.4,21.0
Station_01,Inv_00,20170630,16:08:00,0.0,0.0,0,223.0,0.2,45,25223,16092,24.5,22.0
Station_01,Inv_00,20170630,16:09:00,0.0,0.0,0,223.0,0.2,45,25223,16092,24.5,21.0
Station_01,Inv_00,20170630,16:10:00,0.0,0.0,0,223.0,0.2,45,25223,16092,24.6,22.0
Station_01,Inv_00,20170630,16:11:00,0.0,0.0,0,223.0,0.2,45,25223,16092,24.6,21.0
Station_01,Inv_00,20170630,16:12:00,0.0,0.0,0,223.0,0.2,45,25223,16092,24.6,22.0
Station_01,Inv_00,20170630,16:13:00,0.0,0.0,0,223.0,0.2,45,25223,16092,24.4,21.0
Station_01,Inv_00,20170630,16:14:00,0.0,0.0,0,223.0,0.2,45,25223,16092,24.5,21.0
Station_01,Inv_00,20170630,16:15:00,0.0,0.0,0,223.0,0.2,45,25223,16092,24.4,21.0
Station_01,Inv_00,20170630,16:16:00,0.0,0.0,0,223.0,0.2,45,25223,16092,24.4,21.0
Station_01,Inv_00,20170630,16:17:00,0.0,0.0,0,223.0,0.2,45,25223,16092,24.5,21.0
Station_01,Inv_00,20170630,16:18:00,0.0,0.0,0,223.0,0.2,45,25223,16092,24.4,21.0
Station_01,Inv_00,20170630,16:19:00,0.0,0.0,0,223.0,0.2,45,25223,16092,24.4,21.0
Station_01,Inv_00,20170630,16:20:00,0.0,0.0,0,223.0,0.2,45,25223,16092,24.4,21.0
Station_01,Inv_00,20170630,16:21:00,0.0,0.0,0,223.0,0.2,45,25223,16092,24.4,21.0
Station_01,Inv_00,20170630,16:22:00,0.0,0.0,0,223.0,0.2,45,25223,16092,24.4,27.0
Station_01,Inv_00,20170630,16:23:00,0.0,0.0,0,223.0,0.2,45,25223,16092,24.4,21.0
Station_01,Inv_00,20170630,16:24:00,0.0,0.0,0,223.0,0.2,45,25223,16092,24.5,20.0
Station_01,Inv_00,20170630,16:25:00,0.0,0.0,0,223.0,0.2,45,25223,16092,24.4,20.0
Station_01,Inv_00,20170630,16:26:00,0.0,0.0,0,223.0,0.2,45,25223,16092,24.5,21.0
Station_01,Inv_00,20170630,16:27:00,0.0,0.0,0,223.0,0.2,45,25223,16092,24.5,21.0
Station_01,Inv_00,20170630,16:28:00,0.0,0.0,0,223.0,0.2,45,25223,16092,24.4,20.0
Station_01,Inv_00,20170630,16:29:00,0.0,0.0,0,223.0,0.2,45,25223,16092,24.5,21.0
Station_01,Inv_00,20170630,16:30:00,0.0,0.0,0,223.0,0.2,45,25223,16092,24.5,29.0
Station_01,Inv_00,20170630,16:31:00,0.0,0.0,0,223.0,0.2,45,25223,16092,24.4,21.0
Station_01,Inv_00,20170630,16:32:00,0.0,0.0,0,223.0,0.2,45,25223,16092,24.4,21.0
Station_01,Inv_00,20170630,16:33:00,0.0,0.0,0,223.0,0.2,45,25223,16092,24.4,24.0
Station_01,Inv_00,20170630,16:34:00,0.0,0.0,0,223.0,0.2,45,25223,16092,24.4,21.0
Station_01,Inv_00,20170630,16:35:00,0.0,0.0,0,223.0,0.2,45,25223,16092,24.3,21.0
Station_01,Inv_00,20170630,16:36:00,0.0,0.0,0,223.0,0.2,45,25223,16092,24.4,21.0
Station_01,Inv_00,20170630,16:37:00,0.0,0.0,0,223.0,0.2,45,25223,16092,24.3,21.0
Station_01,Inv_00,20170630,16:38:00,0.0,0.0,0,223.0,0.2,45,25223,16092,24.3,21.0
Station_01,Inv_00,20170630,16:39:00,0.0,0.0,0,223.0,0.2,45,25223,16092,24.3,21.0
Station_01,Inv_00,20170630,16:40:00,0.0,0.0,0,223.0,0.2,45,25223,16092,24.2,21.0
Station_01,Inv_00,20170630,16:41:00,0.0,0.0,0,223.0,0.2,45,25223,16092,24.3,21.0
Station_01,Inv_00,20170630,16:42:00,0.0,0.0,0,223.0,0.2,45,25223,16092,24.3,21.0
Station_01,Inv_00,20170630,16:43:00,0.0,0.0,0,223.0,0.2,45,25223,16092,24.2,23.0
Station_01,Inv_00,20170630,16:44:00,0.0,0.0,0,223.0,0.2,45,25223,16092,24.2,25.0
Station_01,Inv_00,20170630,16:45:00,0.0,0.0,0,223.0,0.2,45,25223,16092,24.2,21.0
Station_01,Inv_00,20170630,16:46:00,0.0,0.0,0,223.0,0.2,45,25223,16092,24.2,21.0
Station_01,Inv_00,20170630,16:47:00,0.0,0.0,0,223.0,0.2,45,25223,16092,24.2,21.0
Station_01,Inv_00,20170630,16:48:00,0.0,0.0,0,223.0,0.2,45,25223,16092,24.3,22.0
Station_01,Inv_00,20170630,16:49:00,0.0,0.0,0,223.0,0.2,45,25223,16092,24.2,21.0
Station_01,Inv_00,20170630,16:50:00,0.0,0.0,0,223.0,0.2,45,25223,16092,24.3,22.0
Station_01,Inv_00,20170630,16:51:00,0.0,0.0,0,223.0,0.2,45,25223,16092,24.3,21.0
Station_01,Inv_00,20170630,16:52:00,0.0,0.0,0,223.0,0.2,45,25223,16092,24.3,21.0
Station_01,Inv_00,20170630,16:53:00,0.0,0.0,0,223.0,0.2,45,25223,16092,24.3,21.0
Station_01,Inv_00,20170630,16:54:00,0.0,0.0,0,223.0,0.2,45,25223,16092,24.3,22.0
Station_01,Inv_00,20170630,16:55:00,0.0,0.0,0,223.0,0.2,45,25223,16092,24.4,22.0
Station_01,Inv_00,20170630,16:56:00,0.0,0.0,0,223.0,0.2,45,25223,16092,24.5,22.0
Station_01,Inv_00,20170630,16:57:00,0.0,0.0,0,223.0,0.2,45,25223,16092,24.5,22.0
Station_01,Inv_00,20170630,16:58:00,0.0,0.0,0,223.0,0.2,45,25223,16092,24.6,22.0
Station_01,Inv_00,20170630,16:59:00,0.0,0.0,0,223.0,0.2,45,25223,16092,24.5,23.0
Station_01,Inv_00,20170630,17:00:00,0.0,0.0,0,223.0,0.2,45,25223,16092,24.4,22.0
Station_01,Inv_00,20170630,17:01:00,0.0,0.0,0,223.0,0.2,45,25223,16092,24.4,27.0
Station_01,Inv_00,20170630,17:02:00,0.0,0.0,0,223.0,0.2,45,25223,16092,24.4,22.0
Station_01,Inv_00,20170630,17:03:00,0.0,0.0,0,223.0,0.2,45,25223,16092,24.3,22.0
Station_01,Inv_00,20170630,17:04:00,0.0,0.0,0,223.0,0.2,45,25223,16092,24.3,23.0
Station_01,Inv_00,20170630,17:05:00,0.0,0.0,0,223.0,0.2,45,25223,16092,24.3,22.0
Station_01,Inv_00,20170630,17:06:00,0.0,0.0,0,223.0,0.2,45,25223,16092,24.4,23.0
Station_01,Inv_00,20170630,17:07:00,0.0,0.0,0,223.0,0.2,45,25223,16092,24.4,22.0
Station_01,Inv_00,20170630,17:08:00,0.0,0.0,0,223.0,0.2,45,25223,16092,24.4,451.0
Station_01,Inv_00,20170630,17:09:00,0.0,0.0,0,223.0,0.2,45,25223,16092,24.4,23.0
Station_01,Inv_00,20170630,17:10:00,0.0,0.0,0,223.0,0.2,45,25223,16092,24.5,23.0
Station_01,Inv_00,20170630,17:11:00,0.0,0.0,0,223.0,0.2,45,25223,16092,24.4,23.0
Station_01,Inv_00,20170630,17:12:00,0.0,0.0,0,223.0,0.2,45,25223,16092,24.4,23.0
Station_01,Inv_00,20170630,17:13:00,0.0,0.0,0,223.0,0.2,45,25223,16092,24.4,23.0
Station_01,Inv_00,20170630,17:14:00,0.0,0.0,0,223.0,0.2,45,25223,16092,24.4,30.0
Station_01,Inv_00,20170630,17:15:00,0.0,0.0,0,223.0,0.2,45,25223,16092,24.4,23.0
Station_01,Inv_00,20170630,17:16:00,0.0,0.0,0,223.0,0.2,45,25223,16092,24.4,23.0
Station_01,Inv_00,20170630,17:17:00,0.0,0.0,0,223.0,0.2,45,25223,16092,24.4,24.0
Station_01,Inv_00,20170630,17:18:00,0.0,0.0,0,223.0,0.2,45,25223,16092,24.4,23.0
Station_01,Inv_00,20170630,17:19:00,0.0,0.0,0,223.0,0.2,45,25223,16092,24.4,22.0
Station_01,Inv_00,20170630,17:20:00,0.0,0.0,0,223.0,0.2,45,25223,16092,24.3,23.0
Station_01,Inv_00,20170630,17:21:00,0.0,0.0,0,223.0,0.2,45,25223,16092,24.4,22.0
Station_01,Inv_00,20170630,17:22:00,0.0,0.0,0,223.0,0.2,45,25223,16092,24.4,23.0
Station_01,Inv_00,20170630,17:23:00,0.0,0.0,0,223.0,0.2,45,25223,16092,24.3,23.0
Station_01,Inv_00,20170630,17:24:00,0.0,0.0,0,223.0,0.2,45,25223,16092,24.3,23.0
Station_01,Inv_00,20170630,17:25:00,0.0,0.0,0,223.0,0.2,45,25223,16092,24.4,23.0
Station_01,Inv_00,20170630,17:26:00,0.0,0.0,0,223.0,0.2,45,25223,16092,24.4,22.0
Station_01,Inv_00,20170630,17:27:00,0.0,0.0,0,223.0,0.2,45,25223,16092,24.4,23.0
Station_01,Inv_00,20170630,17:28:00,0.0,0.0,0,223.0,0.2,45,25223,16092,24.4,23.0
Station_01,Inv_00,20170630,17:29:00,0.0,0.0,0,223.0,0.2,45,25223,16092,24.4,23.0
Station_01,Inv_00,20170630,17:30:00,0.0,0.0,0,223.0,0.2,45,25223,16092,24.4,23.0
Station_01,Inv_00,20170630,17:31:00,0.0,0.0,0,223.0,0.2,45,25223,16092,24.4,23.0
Station_01,Inv_00,20170630,17:32:00,0.0,0.0,0,223.0,0.2,45,25223,16092,24.4,23.0
Station_01,Inv_00,20170630,17:33:00,0.0,0.0,0,223.0,0.2,45,25223,16092,24.4,23.0
Station_01,Inv_00,20170630,17:34:00,0.0,0.0,0,223.0,0.2,45,25223,16092,24.5,22.0
Station_01,Inv_00,20170630,17:35:00,0.0,0.0,0,223.0,0.2,45,25223,16092,24.5,23.0
Station_01,Inv_00,20170630,17:36:00,0.0,0.0,0,223.0,0.2,45,25223,16092,24.5,22.0
Station_01,Inv_00,20170630,17:37:00,0.0,0.0,0,223.0,0.2,45,25223,16092,24.5,22.0
Station_01,Inv_00,20170630,17:38:00,0.0,0.0,0,223.0,0.2,45,25223,16092,24.5,22.0
Station_01,Inv_00,20170630,17:39:00,0.0,0.0,0,223.0,0.2,45,25223,16092,24.5,22.0
Station_01,Inv_00,20170630,17:40:00,0.0,0.0,0,223.0,0.2,45,25223,16092,24.5,22.0
Station_01,Inv_00,20170630,17:41:00,0.0,0.0,0,223.0,0.2,45,25223,16092,24.5,454.0
Station_01,Inv_00,20170630,17:42:00,0.0,0.0,0,223.0,0.2,45,25223,16092,24.5,22.0
Station_01,Inv_00,20170630,17:43:00,0.0,0.0,0,223.0,0.2,45,25223,16092,24.5,22.0
Station_01,Inv_00,20170630,17:44:00,0.0,0.0,0,223.0,0.2,45,25223,16092,24.5,22.0
Station_01,Inv_00,20170630,17:45:00,0.0,0.0,0,223.0,0.2,45,25223,16092,24.5,23.0
Station_01,Inv_00,20170630,17:46:00,0.0,0.0,0,223.0,0.2,45,25223,16092,24.4,22.0
Station_01,Inv_00,20170630,17:47:00,0.0,0.0,0,223.0,0.2,45,25223,16092,24.4,23.0
Station_01,Inv_00,20170630,17:48:00,0.0,0.0,0,223.0,0.2,45,25223,16092,24.4,23.0
Station_01,Inv_00,20170630,17:49:00,0.0,0.0,0,223.0,0.2,45,25223,16092,24.4,23.0
Station_01,Inv_00,20170630,17:50:00,0.0,0.0,0,223.0,0.2,45,25223,16092,24.4,23.0
Station_01,Inv_00,20170630,17:51:00,0.0,0.0,0,223.0,0.2,45,25223,16092,24.4,451.0
Station_01,Inv_00,20170630,17:52:00,0.0,0.0,0,223.0,0.2,45,25223,16092,24.4,23.0
Station_01,Inv_00,20170630,17:53:00,0.0,0.0,0,223.0,0.2,45,25223,16092,24.4,23.0
Station_01,Inv_00,20170630,17:54:00,0.0,0.0,0,223.0,0.2,45,25223,16092,24.3,23.0
Station_01,Inv_00,20170630,17:55:00,0.0,0.0,0,223.0,0.2,45,25223,16092,24.3,23.0
Station_01,Inv_00,20170630,17:56:00,0.0,0.0,0,223.0,0.2,45,25223,16092,24.3,23.0
Station_01,Inv_00,20170630,17:57:00,0.0,0.0,0,223.0,0.2,45,25223,16092,24.3,23.0
Station_01,Inv_00,20170630,17:58:00,0.0,0.0,0,223.0,0.2,45,25223,16092,24.3,23.0
Station_01,Inv_00,20170630,17:59:00,0.0,0.0,0,223.0,0.2,45,25223,16092,24.3,23.0
Station_01,Inv_00,20170630,18:00:00,0.0,0.0,0,223.0,0.2,45,25223,16092,24.3,24.0
Station_01,Inv_00,20170630,18:01:00,0.0,0.0,0,223.0,0.2,45,25223,16092,24.3,24.0
Station_01,Inv_00,20170630,18:02:00,0.0,0.0,0,223.0,0.2,45,25223,16092,24.3,24.0
Station_01,Inv_00,20170630,18:03:00,0.0,0.0,0,223.0,0.2,45,25223,16092,24.3,24.0
Station_01,Inv_00,20170630,18:04:00,0.0,0.0,0,223.0,0.2,45,25223,16092,24.3,24.0
Station_01,Inv_00,20170630,18:05:00,0.0,0.0,0,223.0,0.2,45,25223,16092,24.3,24.0
Station_01,Inv_00,20170630,18:06:00,0.0,0.0,0,223.0,0.2,45,25223,16092,24.3,24.0
Station_01,Inv_00,20170630,18:07:00,0.0,0.0,0,223.0,0.2,45,25223,16092,24.3,24.0
Station_01,Inv_00,20170630,18:08:00,0.0,0.0,0,223.0,0.2,45,25223,16092,24.2,23.0
Station_01,Inv_00,20170630,18:09:00,0.0,0.0,0,223.0,0.2,45,25223,16092,24.3,23.0
Station_01,Inv_00,20170630,18:10:00,0.0,0.0,0,223.0,0.2,45,25223,16092,24.3,23.0
Station_01,Inv_00,20170630,18:11:00,0.0,0.0,0,223.0,0.2,45,25223,16092,24.3,23.0
Station_01,Inv_00,20170630,18:12:00,0.0,0.0,0,223.0,0.2,45,25223,16092,24.3,24.0
Station_01,Inv_00,20170630,18:13:00,0.0,0.0,0,223.0,0.2,45,25223,16092,24.3,23.0
Station_01,Inv_00,20170630,18:14:00,0.0,0.0,0,223.0,0.2,45,25223,16092,24.3,22.0
Station_01,Inv_00,20170630,18:15:00,0.0,0.0,0,223.0,0.2,45,25223,16092,24.2,448.0
Station_01,Inv_00,20170630,18:16:00,0.0,0.0,0,223.0,0.2,45,25223,16092,24.3,22.0
Station_01,Inv_00,20170630,18:17:00,0.0,0.0,0,223.0,0.2,45,25223,16092,24.2,22.0
Station_01,Inv_00,20170630,18:18:00,0.0,0.0,0,223.0,0.2,45,25223,16092,24.3,22.0
Station_01,Inv_00,20170630,18:19:00,0.0,0.0,0,223.0,0.2,45,25223,16092,24.3,22.0
Station_01,Inv_00,20170630,18:20:00,0.0,0.0,0,223.0,0.2,45,25223,16092,24.3,22.0
Station_01,Inv_00,20170630,18:21:00,0.0,0.0,0,223.0,0.2,45,25223,16092,24.3,450.0
Station_01,Inv_00,20170630,18:22:00,0.0,0.0,0,223.0,0.2,45,25223,16092,24.3,22.0
Station_01,Inv_00,20170630,18:23:00,0.0,0.0,0,223.0,0.2,45,25223,16092,24.4,22.0
Station_01,Inv_00,20170630,18:24:00,0.0,0.0,0,223.0,0.2,45,25223,16092,24.4,21.0
Station_01,Inv_00,20170630,18:25:00,0.0,0.0,0,223.0,0.2,45,25223,16092,24.4,21.0
Station_01,Inv_00,20170630,18:26:00,0.0,0.0,0,223.0,0.2,45,25223,16092,24.4,21.0
Station_01,Inv_00,20170630,18:27:00,0.0,0.0,0,223.0,0.2,45,25223,16092,24.3,24.0
Station_01,Inv_00,20170630,18:28:00,0.0,0.0,0,223.0,0.2,45,25223,16092,24.3,20.0
Station_01,Inv_00,20170630,18:29:00,0.0,0.0,0,223.0,0.2,45,25223,16092,24.3,20.0
Station_01,Inv_00,20170630,18:30:00,0.0,0.0,0,223.0,0.2,45,25223,16092,24.3,20.0
Station_01,Inv_00,20170630,18:31:00,0.0,0.0,0,223.0,0.2,45,25223,16092,24.3,20.0
Station_01,Inv_00,20170630,18:32:00,0.0,0.0,0,223.0,0.2,45,25223,16092,24.3,19.0
Station_01,Inv_00,20170630,18:33:00,0.0,0.0,0,223.0,0.2,45,25223,16092,24.3,21.0
Station_01,Inv_00,20170630,18:34:00,0.0,0.0,0,223.0,0.2,45,25223,16092,24.3,19.0
Station_01,Inv_00,20170630,18:35:00,0.0,0.0,0,223.0,0.2,45,25223,16092,24.3,20.0
Station_01,Inv_00,20170630,18:36:00,0.0,0.0,0,223.0,0.2,45,25223,16092,24.3,19.0
Station_01,Inv_00,20170630,18:37:00,0.0,0.0,0,223.0,0.2,45,25223,16092,24.3,19.0
Station_01,Inv_00,20170630,18:38:00,0.0,0.0,0,223.0,0.2,45,25223,16092,24.3,19.0
Station_01,Inv_00,20170630,18:39:00,0.0,0.0,0,223.0,0.2,45,25223,16092,24.3,19.0
Station_01,Inv_00,20170630,18:40:00,0.0,0.0,0,223.0,0.2,45,25223,16092,24.3,19.0
Station_01,Inv_00,20170630,18:41:00,0.0,0.0,0,223.0,0.2,45,25223,16092,24.3,18.0
Station_01,Inv_00,20170630,18:42:00,0.0,0.0,0,223.0,0.2,45,25223,16092,24.3,19.0
Station_01,Inv_00,20170630,18:43:00,0.0,0.0,0,223.0,0.2,45,25223,16092,24.3,19.0
Station_01,Inv_00,20170630,18:44:00,0.0,0.0,0,223.0,0.2,45,25223,16092,24.3,19.0
Station_01,Inv_00,20170630,18:45:00,0.0,0.0,0,223.0,0.2,45,25223,16092,24.3,18.0
Station_01,Inv_00,20170630,18:46:00,0.0,0.0,0,223.0,0.2,45,25223,16092,24.3,18.0
Station_01,Inv_00,20170630,18:47:00,0.0,0.0,0,223.0,0.2,45,25223,16092,24.3,18.0
Station_01,Inv_00,20170630,18:48:00,0.0,0.0,0,223.0,0.2,45,25223,16092,24.3,19.0
Station_01,Inv_00,20170630,18:49:00,0.0,0.0,0,223.0,0.2,45,25223,16092,24.3,18.0
Station_01,Inv_00,20170630,18:50:00,0.0,0.0,0,223.0,0.2,45,25223,16092,24.3,18.0
Station_01,Inv_00,20170630,18:51:00,0.0,0.0,0,223.0,0.2,45,25223,16092,24.3,18.0
Station_01,Inv_00,20170630,18:52:00,0.0,0.0,0,223.0,0.2,45,25223,16092,24.3,18.0
Station_01,Inv_00,20170630,18:53:00,0.0,0.0,0,223.0,0.2,45,25223,16092,24.3,18.0
Station_01,Inv_00,20170630,18:54:00,0.0,0.0,0,223.0,0.2,45,25223,16092,24.3,18.0
Station_01,Inv_00,20170630,18:55:00,0.0,0.0,0,223.0,0.2,45,25223,16092,24.3,18.0
Station_01,Inv_00,20170630,18:56:00,0.0,0.0,0,223.0,0.2,45,25223,16092,24.3,18.0
Station_01,Inv_00,20170630,18:57:00,0.0,0.0,0,223.0,0.2,45,25223,16092,24.3,18.0
Station_01,Inv_00,20170630,18:58:00,0.0,0.0,0,223.0,0.2,45,25223,16092,24.3,18.0
Station_01,Inv_00,20170630,18:59:00,0.0,0.0,0,223.0,0.2,45,25223,16092,24.3,18.0
Station_01,Inv_00,20170630,19:00:00,0.0,0.0,0,223.0,0.2,45,25223,16092,24.2,19.0
Station_01,Inv_00,20170630,19:01:00,0.0,0.0,0,223.0,0.2,45,25223,16092,24.3,18.0
Station_01,Inv_00,20170630,19:02:00,0.0,0.0,0,223.0,0.2,45,25223,16092,24.3,18.0
Station_01,Inv_00,20170630,19:03:00,0.0,0.0,0,223.0,0.2,45,25223,16092,24.3,18.0
Station_01,Inv_00,20170630,19:04:00,0.0,0.0,0,223.0,0.2,45,25223,16092,24.4,18.0
Station_01,Inv_00,20170630,19:05:00,0.0,0.0,0,223.0,0.2,45,25223,16092,24.3,18.0
Station_01,Inv_00,20170630,19:06:00,0.0,0.0,0,223.0,0.2,45,25223,16092,24.4,18.0
Station_01,Inv_00,20170630,19:07:00,0.0,0.0,0,223.0,0.2,45,25223,16092,24.5,18.0
Station_01,Inv_00,20170630,19:08:00,0.0,0.0,0,223.0,0.2,45,25223,16092,24.5,21.0
Station_01,Inv_00,20170630,19:09:00,0.0,0.0,0,223.0,0.2,45,25223,16092,24.5,18.0
Station_01,Inv_00,20170630,19:10:00,0.0,0.0,0,223.0,0.2,45,25223,16092,24.5,18.0
Station_01,Inv_00,20170630,19:11:00,0.0,0.0,0,223.0,0.2,45,25223,16092,24.5,18.0
Station_01,Inv_00,20170630,19:12:00,0.0,0.0,0,223.0,0.2,45,25223,16092,24.6,18.0
Station_01,Inv_00,20170630,19:13:00,0.0,0.0,0,223.0,0.2,45,25223,16092,24.5,18.0
Station_01,Inv_00,20170630,19:14:00,0.0,0.0,0,223.0,0.2,45,25223,16092,24.5,18.0
Station_01,Inv_00,20170630,19:15:00,0.0,0.0,0,223.0,0.2,45,25223,16092,24.5,18.0
Station_01,Inv_00,20170630,19:16:00,0.0,0.0,0,223.0,0.2,45,25223,16092,24.6,18.0
Station_01,Inv_00,20170630,19:17:00,0.0,0.0,0,223.0,0.2,45,25223,16092,24.6,18.0
Station_01,Inv_00,20170630,19:18:00,0.0,0.0,0,223.0,0.2,45,25223,16092,24.6,19.0
Station_01,Inv_00,20170630,19:19:00,0.0,0.0,0,223.0,0.2,45,25223,16092,24.6,18.0
Station_01,Inv_00,20170630,19:20:00,0.0,0.0,0,223.0,0.2,45,25223,16092,24.6,19.0
Station_01,Inv_00,20170630,19:21:00,0.0,0.0,0,223.0,0.2,45,25223,16092,24.7,19.0
Station_01,Inv_00,20170630,19:22:00,0.0,0.0,0,223.0,0.2,45,25223,16092,24.7,19.0
Station_01,Inv_00,20170630,19:23:00,0.0,0.0,0,223.0,0.2,45,25223,16092,24.7,19.0
Station_01,Inv_00,20170630,19:24:00,0.0,0.0,0,223.0,0.2,45,25223,16092,24.7,19.0
Station_01,Inv_00,20170630,19:25:00,0.0,0.0,0,223.0,0.2,45,25223,16092,24.7,20.0
Station_01,Inv_00,20170630,19:26:00,0.0,0.0,0,223.0,0.2,45,25223,16092,24.7,20.0
Station_01,Inv_00,20170630,19:27:00,0.0,0.0,0,223.0,0.2,45,25223,16092,24.7,19.0
Station_01,Inv_00,20170630,19:28:00,0.0,0.0,0,223.0,0.2,45,25223,16092,24.8,19.0
Station_01,Inv_00,20170630,19:29:00,0.0,0.0,0,223.0,0.2,45,25223,16092,24.8,19.0
Station_01,Inv_00,20170630,19:30:00,0.0,0.0,0,223.0,0.2,45,25223,16092,24.8,19.0
Station_01,Inv_00,20170630,19:31:00,0.0,0.0,0,223.0,0.2,45,25223,16092,24.9,20.0
Station_01,Inv_00,20170630,19:32:00,0.0,0.0,0,223.0,0.2,45,25223,16092,24.8,20.0
Station_01,Inv_00,20170630,19:33:00,0.0,0.0,0,223.0,0.2,45,25223,16092,24.7,20.0
Station_01,Inv_00,20170630,19:34:00,0.0,0.0,0,223.0,0.2,45,25223,16092,24.8,20.0
Station_01,Inv_00,20170630,19:35:00,0.0,0.0,0,223.0,0.2,45,25223,16092,24.8,20.0
Station_01,Inv_00,20170630,19:36:00,0.0,0.0,0,223.0,0.2,45,25223,16092,24.8,20.0
Station_01,Inv_00,20170630,19:37:00,0.0,0.0,0,223.0,0.2,45,25223,16092,24.8,20.0
Station_01,Inv_00,20170630,19:38:00,0.0,0.0,0,223.0,0.2,45,25223,16092,24.8,20.0
Station_01,Inv_00,20170630,19:39:00,0.0,0.0,0,223.0,0.2,45,25223,16092,24.8,19.0
Station_01,Inv_00,20170630,19:40:00,0.0,0.0,0,223.0,0.2,45,25223,16092,24.8,20.0
Station_01,Inv_00,20170630,19:41:00,0.0,0.0,0,223.0,0.2,45,25223,16092,24.8,19.0
Station_01,Inv_00,20170630,19:42:00,0.0,0.0,0,223.0,0.2,45,25223,16092,24.7,19.0
Station_01,Inv_00,20170630,19:43:00,0.0,0.0,0,223.0,0.2,45,25223,16092,24.7,19.0
Station_01,Inv_00,20170630,19:44:00,0.0,0.0,0,223.0,0.2,45,25223,16092,24.7,19.0
Station_01,Inv_00,20170630,19:45:00,0.0,0.0,0,223.0,0.2,45,25223,16092,24.7,19.0
Station_01,Inv_00,20170630,19:46:00,0.0,0.0,0,223.0,0.2,45,25223,16092,24.7,19.0
Station_01,Inv_00,20170630,19:47:00,0.0,0.0,0,223.0,0.2,45,25223,16092,24.8,19.0
Station_01,Inv_00,20170630,19:48:00,0.0,0.0,0,223.0,0.2,45,25223,16092,24.7,19.0
Station_01,Inv_00,20170630,19:49:00,0.0,0.0,0,223.0,0.2,45,25223,16092,24.7,19.0
Station_01,Inv_00,20170630,19:50:00,0.0,0.0,0,223.0,0.2,45,25223,16092,24.7,19.0
Station_01,Inv_00,20170630,19:51:00,0.0,0.0,0,223.0,0.2,45,25223,16092,24.7,19.0
Station_01,Inv_00,20170630,19:52:00,0.0,0.0,0,223.0,0.2,45,25223,16092,24.7,19.0
Station_01,Inv_00,20170630,19:53:00,0.0,0.0,0,223.0,0.2,45,25223,16092,24.7,19.0
Station_01,Inv_00,20170630,19:54:00,0.0,0.0,0,223.0,0.2,45,25223,16092,24.6,19.0
Station_01,Inv_00,20170630,19:55:00,0.0,0.0,0,223.0,0.2,45,25223,16092,24.6,19.0
Station_01,Inv_00,20170630,19:56:00,0.0,0.0,0,223.0,0.2,45,25223,16092,24.6,19.0
Station_01,Inv_00,20170630,19:57:00,0.0,0.0,0,223.0,0.2,45,25223,16092,24.6,19.0
Station_01,Inv_00,20170630,19:58:00,0.0,0.0,0,223.0,0.2,45,25223,16092,24.6,19.0
Station_01,Inv_00,20170630,19:59:00,0.0,0.0,0,223.0,0.2,45,25223,16092,24.7,19.0
Station_01,Inv_00,20170630,20:00:00,0.0,0.0,0,223.0,0.2,45,25223,16092,24.7,19.0
