Station_01,Inv_00,20170626,05:00:00,0.0,0.0,0,0.0,0.0,0,25131,16034,26.3,17.0
Station_01,Inv_00,20170626,05:01:00,0.0,0.0,0,0.0,0.0,0,25131,16034,26.4,17.0
Station_01,Inv_00,20170626,05:02:00,0.0,0.0,0,0.0,0.0,0,25131,16034,26.3,18.0
Station_01,Inv_00,20170626,05:03:00,0.0,0.0,0,0.0,0.0,0,25131,16034,26.4,18.0
Station_01,Inv_00,20170626,05:04:00,0.0,0.0,0,0.0,0.0,0,25131,16034,26.4,18.0
Station_01,Inv_00,20170626,05:05:00,0.0,0.0,0,0.0,0.0,0,25131,16034,26.3,18.0
Station_01,Inv_00,20170626,05:06:00,0.0,0.0,0,0.0,0.0,0,25131,16034,26.4,18.0
Station_01,Inv_00,20170626,05:07:00,0.0,0.0,0,0.0,0.0,0,25131,16034,26.4,19.0
Station_01,Inv_00,20170626,05:08:00,0.0,0.0,0,0.0,0.0,0,25131,16034,26.3,18.0
Station_01,Inv_00,20170626,05:09:00,0.0,0.0,0,0.0,0.0,0,25131,16034,26.4,18.0
Station_01,Inv_00,20170626,05:10:00,0.0,0.0,0,0.0,0.0,0,25131,16034,26.4,19.0
Station_01,Inv_00,20170626,05:11:00,0.0,0.0,0,0.0,0.0,0,25131,16034,26.5,18.0
Station_01,Inv_00,20170626,05:12:00,0.0,0.0,0,0.0,0.0,0,25131,16034,26.5,19.0
Station_01,Inv_00,20170626,05:13:00,0.0,0.0,0,0.0,0.0,0,25131,16034,26.5,19.0
Station_01,Inv_00,20170626,05:14:00,0.0,0.0,0,0.0,0.0,0,25131,16034,26.6,19.0
Station_01,Inv_00,20170626,05:15:00,0.0,0.0,0,0.0,0.0,0,25131,16034,26.6,20.0
Station_01,Inv_00,20170626,05:16:00,0.0,0.0,0,0.0,0.0,0,25131,16034,26.7,21.0
Station_01,Inv_00,20170626,05:17:00,0.0,0.0,0,0.0,0.0,0,25131,16034,26.6,22.0
Station_01,Inv_00,20170626,05:18:00,0.0,0.0,0,0.0,0.0,0,25131,16034,26.7,22.0
Station_01,Inv_00,20170626,05:19:00,0.0,0.0,0,0.0,0.0,0,25131,16034,26.7,23.0
Station_01,Inv_00,20170626,05:20:00,0.0,0.0,0,0.0,0.0,0,25131,16034,26.8,25.0
Station_01,Inv_00,20170626,05:21:00,0.0,0.0,0,0.0,0.0,0,25131,16034,26.7,26.0
Station_01,Inv_00,20170626,05:22:00,0.0,0.0,0,220.0,0.5,110,25131,16034,26.8,30.0
Station_01,Inv_00,20170626,05:23:00,0.0,0.0,0,220.0,0.5,110,25131,16034,26.8,28.0
Station_01,Inv_00,20170626,05:24:00,0.0,0.0,0,219.0,0.5,110,25131,16034,26.8,29.0
Station_01,Inv_00,20170626,05:25:00,0.0,0.0,0,219.0,0.5,110,25131,16034,26.8,496.0
Station_01,Inv_00,20170626,05:26:00,0.0,0.0,0,219.0,0.5,110,25131,16034,26.9,30.0
Station_01,Inv_00,20170626,05:27:00,168.0,0.1,17,0.0,0.0,0,25131,16034,26.8,32.0
Station_01,Inv_00,20170626,05:28:00,214.0,0.1,21,215.0,0.4,86,25131,16034,26.8,33.0
Station_01,Inv_00,20170626,05:29:00,222.0,0.3,67,217.0,0.4,87,25131,16034,26.9,34.0
Station_01,Inv_00,20170626,05:30:00,216.0,0.3,65,217.0,0.4,87,25131,16034,26.8,35.0
Station_01,Inv_00,20170626,05:31:00,213.0,0.3,64,216.0,0.4,86,25131,16034,26.9,36.0
Station_01,Inv_00,20170626,05:32:00,202.0,0.3,61,215.0,0.5,108,25131,16034,27.0,37.0
Station_01,Inv_00,20170626,05:33:00,215.0,0.3,65,215.0,0.5,108,25131,16034,27.0,39.0
Station_01,Inv_00,20170626,05:34:00,214.0,0.3,64,215.0,0.5,108,25131,16034,27.1,40.0
Station_01,Inv_00,20170626,05:35:00,215.7,0.3,65,215.0,0.5,108,25131,16034,27.1,41.0
Station_01,Inv_00,20170626,05:36:00,221.0,0.3,66,215.0,0.5,108,25131,16034,27.1,43.0
Station_01,Inv_00,20170626,05:37:00,211.0,0.3,63,216.0,0.5,108,25131,16034,27.2,44.0
Station_01,Inv_00,20170626,05:38:00,214.7,0.3,64,215.0,0.5,108,25131,16034,27.4,45.0
Station_01,Inv_00,20170626,05:39:00,207.0,0.4,83,215.0,0.5,108,25131,16034,27.4,46.0
Station_01,Inv_00,20170626,05:40:00,203.5,0.4,81,218.0,0.5,109,25131,16034,27.5,47.0
Station_01,Inv_00,20170626,05:41:00,224.5,0.4,90,217.0,0.5,109,25131,16034,27.5,50.0
Station_01,Inv_00,20170626,05:42:00,219.0,0.4,88,217.0,0.5,109,25131,16034,27.6,53.0
Station_01,Inv_00,20170626,05:43:00,225.0,0.5,113,216.0,0.5,108,25131,16034,27.6,55.0
Station_01,Inv_00,20170626,05:44:00,209.0,0.5,105,216.0,0.5,108,25131,16034,27.7,55.0
Station_01,Inv_00,20170626,05:45:00,226.0,0.5,113,216.0,0.6,130,25131,16034,27.8,58.0
Station_01,Inv_00,20170626,05:46:00,232.6,0.5,116,215.0,0.6,129,25131,16034,27.8,60.0
Station_01,Inv_00,20170626,05:47:00,232.0,0.5,116,217.0,0.6,130,25131,16034,27.8,58.0
Station_01,Inv_00,20170626,05:48:00,233.0,0.5,117,216.0,0.6,130,25131,16034,27.8,56.0
Station_01,Inv_00,20170626,05:49:00,218.0,0.6,131,217.0,0.6,130,25131,16034,27.8,59.0
Station_01,Inv_00,20170626,05:50:00,224.5,0.6,135,218.0,0.7,153,25131,16034,28.0,69.0
Station_01,Inv_00,20170626,05:51:00,239.3,0.7,168,218.0,0.8,174,25131,16034,28.1,78.0
Station_01,Inv_00,20170626,05:52:00,242.4,0.7,170,217.0,0.9,195,25131,16034,28.3,84.0
Station_01,Inv_00,20170626,05:53:00,241.0,0.7,169,216.0,0.9,194,25131,16034,28.4,88.0
Station_01,Inv_00,20170626,05:54:00,243.9,0.7,171,217.0,1.0,217,25131,16034,28.6,91.0
Station_01,Inv_00,20170626,05:55:00,237.1,0.7,166,216.0,1.0,216,25131,16034,28.7,93.0
Station_01,Inv_00,20170626,05:56:00,242.5,0.8,194,216.0,1.0,216,25131,16034,28.8,93.0
Station_01,Inv_00,20170626,05:57:00,242.5,0.8,194,216.0,1.0,216,25131,16034,28.8,94.0
Station_01,Inv_00,20170626,05:58:00,237.5,0.8,190,216.0,1.0,216,25131,16034,29.0,96.0
Station_01,Inv_00,20170626,05:59:00,242.3,0.9,218,215.0,1.0,215,25131,16034,29.0,99.0
Station_01,Inv_00,20170626,06:00:00,243.8,0.9,219,216.0,1.0,216,25131,16034,29.2,102.0
Station_01,Inv_00,20170626,06:01:00,238.0,1.0,238,216.0,1.1,238,25131,16034,29.3,105.0
Station_01,Inv_00,20170626,06:02:00,241.5,1.0,242,215.0,1.1,237,25131,16034,29.4,110.0
Station_01,Inv_00,20170626,06:03:00,245.0,1.0,245,215.0,1.2,258,25131,16034,29.6,114.0
Station_01,Inv_00,20170626,06:04:00,247.3,1.1,272,215.0,1.3,280,25131,16034,29.7,120.0
Station_01,Inv_00,20170626,06:05:00,244.5,1.2,293,216.0,1.2,259,25131,16034,29.9,125.0
Station_01,Inv_00,20170626,06:06:00,247.0,1.2,296,215.0,1.3,280,25131,16034,30.0,127.0
Station_01,Inv_00,20170626,06:07:00,246.5,1.2,296,216.0,1.4,302,25131,16034,30.2,130.0
Station_01,Inv_00,20170626,06:08:00,233.5,1.2,280,214.0,1.4,300,25131,16034,30.3,133.0
Station_01,Inv_00,20170626,06:09:00,233.0,1.2,280,216.0,1.4,302,25131,16034,30.3,136.0
Station_01,Inv_00,20170626,06:10:00,247.8,1.3,322,215.0,1.5,323,25131,16034,30.4,139.0
Station_01,Inv_00,20170626,06:11:00,245.0,1.4,343,215.0,1.5,323,25131,16034,30.6,140.0
Station_01,Inv_00,20170626,06:12:00,246.0,1.4,344,216.0,1.5,324,25131,16034,30.8,141.0
Station_01,Inv_00,20170626,06:13:00,243.0,1.4,340,216.0,1.5,324,25131,16034,31.0,146.0
Station_01,Inv_00,20170626,06:14:00,251.9,1.5,378,215.0,1.6,344,25131,16034,31.1,152.0
Station_01,Inv_00,20170626,06:15:00,248.0,1.6,397,217.0,1.7,369,25131,16034,31.1,155.0
Station_01,Inv_00,20170626,06:16:00,248.0,1.6,397,217.0,1.7,369,25131,16034,31.4,157.0
Station_01,Inv_00,20170626,06:17:00,248.0,1.6,397,217.0,1.7,369,25131,16034,31.5,160.0
Station_01,Inv_00,20170626,06:18:00,244.2,1.7,415,216.0,1.8,389,25131,16034,31.6,162.0
Station_01,Inv_00,20170626,06:19:00,245.8,1.7,418,216.0,1.8,389,25131,16034,31.8,165.0
Station_01,Inv_00,20170626,06:20:00,246.0,1.6,394,216.0,1.8,389,25131,16034,32.1,165.0
Station_01,Inv_00,20170626,06:21:00,247.8,1.7,421,217.0,1.9,412,25131,16034,32.4,165.0
Station_01,Inv_00,20170626,06:22:00,206.0,1.8,371,216.0,1.6,346,25131,16034,32.5,166.0
Station_01,Inv_00,20170626,06:23:00,225.2,1.9,428,215.0,1.8,387,25131,16034,32.5,170.0
Station_01,Inv_00,20170626,06:24:00,236.0,1.9,448,217.0,2.0,434,25131,16034,32.8,172.0
Station_01,Inv_00,20170626,06:25:00,219.5,2.0,439,218.0,1.9,414,25131,16034,32.9,177.0
Station_01,Inv_00,20170626,06:26:00,244.5,1.8,440,217.0,2.0,434,25131,16034,32.9,177.0
Station_01,Inv_00,20170626,06:27:00,249.5,2.0,499,218.0,2.0,436,25131,16034,33.0,180.0
Station_01,Inv_00,20170626,06:28:00,246.0,2.0,492,218.0,2.1,458,25131,16034,32.9,184.0
Station_01,Inv_00,20170626,06:29:00,249.5,2.1,524,218.0,2.2,480,25131,16034,33.1,188.0
Station_01,Inv_00,20170626,06:30:00,249.5,2.0,499,218.0,2.3,501,25131,16034,33.3,191.0
Station_01,Inv_00,20170626,06:31:00,246.5,2.1,518,217.0,2.2,477,25131,16034,33.1,190.0
Station_01,Inv_00,20170626,06:32:00,242.0,2.0,484,218.0,2.0,436,25131,16034,33.2,177.0
Station_01,Inv_00,20170626,06:33:00,246.9,1.9,469,219.0,2.0,438,25131,16034,33.3,168.0
Station_01,Inv_00,20170626,06:34:00,242.0,2.0,484,219.0,2.0,438,25131,16034,33.0,171.0
Station_01,Inv_00,20170626,06:35:00,245.0,2.2,539,218.0,2.3,501,25131,16034,32.9,183.0
Station_01,Inv_00,20170626,06:36:00,245.0,2.4,588,218.0,2.5,545,25131,16034,33.0,200.0
Station_01,Inv_00,20170626,06:37:00,248.0,2.6,645,217.0,2.7,586,25131,16034,33.3,219.0
Station_01,Inv_00,20170626,06:38:00,246.0,2.6,640,217.0,2.8,608,25131,16034,33.4,223.0
Station_01,Inv_00,20170626,06:39:00,245.5,2.6,638,217.0,2.7,586,25131,16034,33.4,219.0
Station_01,Inv_00,20170626,06:40:00,245.5,2.6,638,217.0,2.7,586,25131,16034,33.6,216.0
Station_01,Inv_00,20170626,06:41:00,249.0,2.6,647,217.0,2.8,608,25131,16034,33.8,221.0
Station_01,Inv_00,20170626,06:42:00,246.0,2.8,689,216.0,3.0,648,25131,16034,33.9,230.0
Station_01,Inv_00,20170626,06:43:00,247.5,2.8,693,217.0,3.1,673,25131,16034,34.0,236.0
Station_01,Inv_00,20170626,06:44:00,247.0,2.9,716,217.0,3.1,673,25131,16034,34.3,240.0
Station_01,Inv_00,20170626,06:45:00,243.0,3.0,729,218.0,3.1,676,25131,16034,34.6,244.0
Station_01,Inv_00,20170626,06:46:00,242.9,3.1,753,218.0,3.2,698,25131,16034,34.9,248.0
Station_01,Inv_00,20170626,06:47:00,247.5,3.0,743,219.0,3.3,723,25131,16034,35.4,252.0
Station_01,Inv_00,20170626,06:48:00,245.0,3.1,759,217.0,3.3,716,25131,16034,35.4,254.0
Station_01,Inv_00,20170626,06:49:00,245.5,3.2,786,218.0,3.4,741,25131,16034,35.7,255.0
Station_01,Inv_00,20170626,06:50:00,232.8,3.3,768,217.0,3.3,716,25131,16034,36.0,257.0
Station_01,Inv_00,20170626,06:51:00,234.4,3.2,750,218.0,3.4,741,25131,16034,35.8,262.0
Station_01,Inv_00,20170626,06:52:00,243.4,3.4,827,217.0,3.6,781,25131,16034,35.9,267.0
Station_01,Inv_00,20170626,06:53:00,244.0,3.4,830,217.0,3.7,803,25131,16034,36.1,274.0
Station_01,Inv_00,20170626,06:54:00,246.5,3.6,887,218.0,3.8,828,25131,16034,36.0,282.0
Station_01,Inv_00,20170626,06:55:00,246.0,3.7,910,219.0,3.8,832,25131,16034,36.9,285.0
Station_01,Inv_00,20170626,06:56:00,243.0,3.6,875,219.0,3.9,854,25131,16034,37.2,288.0
Station_01,Inv_00,20170626,06:57:00,243.0,3.8,923,219.0,3.9,854,25131,16034,37.3,289.0
Station_01,Inv_00,20170626,06:58:00,240.9,3.9,940,220.0,4.0,880,25131,16034,37.8,294.0
Station_01,Inv_00,20170626,06:59:00,238.0,3.8,904,220.0,3.9,858,25131,16034,37.8,297.0
Station_01,Inv_00,20170626,07:00:00,244.0,4.0,976,219.0,4.1,898,25131,16034,38.0,301.0
Station_01,Inv_00,20170626,07:01:00,243.5,4.0,974,218.0,4.1,894,25131,16034,38.6,302.0
Station_01,Inv_00,20170626,07:02:00,243.4,4.1,998,218.0,4.1,894,25131,16034,38.6,305.0
Station_01,Inv_00,20170626,07:03:00,242.0,4.2,1016,218.0,4.2,916,25131,16034,39.2,311.0
Station_01,Inv_00,20170626,07:04:00,238.0,4.2,1000,218.0,4.3,937,25131,16034,39.5,317.0
Station_01,Inv_00,20170626,07:05:00,235.0,4.3,1011,218.0,4.4,959,25131,16034,39.9,321.0
Station_01,Inv_00,20170626,07:06:00,242.0,4.3,1040,218.0,4.5,981,25131,16034,39.7,326.0
Station_01,Inv_00,20170626,07:07:00,239.0,4.4,1052,218.0,4.6,1003,25131,16034,39.6,330.0
Station_01,Inv_00,20170626,07:08:00,245.5,4.5,1105,218.0,4.6,1003,25131,16034,39.8,331.0
Station_01,Inv_00,20170626,07:09:00,237.4,4.5,1069,219.0,4.6,1007,25131,16034,40.4,332.0
Station_01,Inv_00,20170626,07:10:00,239.5,4.5,1078,218.0,4.6,1003,25131,16034,40.4,334.0
Station_01,Inv_00,20170626,07:11:00,240.0,4.7,1128,218.0,4.7,1025,25131,16034,40.9,338.0
Station_01,Inv_00,20170626,07:12:00,240.0,4.6,1104,218.0,4.6,1003,25131,16034,41.3,332.0
Station_01,Inv_00,20170626,07:13:00,241.0,4.6,1109,218.0,4.6,1003,25131,16034,41.4,327.0
Station_01,Inv_00,20170626,07:14:00,241.9,4.6,1113,218.0,4.7,1025,25131,16034,41.6,335.0
Station_01,Inv_00,20170626,07:15:00,229.0,4.9,1122,218.0,4.8,1046,25131,16034,41.4,347.0
Station_01,Inv_00,20170626,07:16:00,228.5,4.9,1120,218.0,4.9,1068,25131,16034,41.4,352.0
Station_01,Inv_00,20170626,07:17:00,231.0,5.0,1155,218.0,5.0,1090,25131,16034,41.2,358.0
Station_01,Inv_00,20170626,07:18:00,239.0,5.0,1195,219.0,5.1,1117,25131,16034,41.2,363.0
Station_01,Inv_00,20170626,07:19:00,242.0,5.2,1258,218.0,5.3,1155,25131,16034,41.0,367.0
Station_01,Inv_00,20170626,07:20:00,239.5,5.3,1269,218.0,5.3,1155,25131,16034,41.9,372.0
Station_01,Inv_00,20170626,07:21:00,229.0,5.5,1259,218.0,5.3,1155,25131,16034,42.0,376.0
Station_01,Inv_00,20170626,07:22:00,242.0,5.5,1331,218.0,5.6,1221,25132,16034,42.3,385.0
Station_01,Inv_00,20170626,07:23:00,242.4,5.6,1358,219.0,5.7,1248,25132,16034,42.2,394.0
Station_01,Inv_00,20170626,07:24:00,232.0,5.8,1346,219.0,5.7,1248,25132,16034,42.9,401.0
Station_01,Inv_00,20170626,07:25:00,234.9,6.0,1409,218.0,5.9,1286,25132,16034,42.9,409.0
Station_01,Inv_00,20170626,07:26:00,240.0,6.0,1440,218.0,6.1,1330,25132,16034,43.5,413.0
Station_01,Inv_00,20170626,07:27:00,237.4,5.9,1401,219.0,6.1,1336,25132,16034,44.2,416.0
Station_01,Inv_00,20170626,07:28:00,236.5,5.9,1395,218.0,6.1,1330,25132,16034,44.3,415.0
Station_01,Inv_00,20170626,07:29:00,233.5,5.9,1378,218.0,6.0,1308,25132,16034,44.4,410.0
Station_01,Inv_00,20170626,07:30:00,235.0,5.9,1386,218.0,6.0,1308,25132,16034,44.4,411.0
Station_01,Inv_00,20170626,07:31:00,232.5,6.1,1418,217.0,6.1,1324,25132,16034,44.8,417.0
Station_01,Inv_00,20170626,07:32:00,209.0,2.4,502,216.0,2.4,518,25132,16034,44.3,243.0
Station_01,Inv_00,20170626,07:33:00,231.5,3.0,695,216.0,3.0,648,25132,16034,42.6,220.0
Station_01,Inv_00,20170626,07:34:00,235.0,6.0,1410,217.0,6.0,1302,25132,16034,43.0,406.0
Station_01,Inv_00,20170626,07:35:00,236.0,5.9,1392,218.0,5.9,1286,25132,16034,43.2,402.0
Station_01,Inv_00,20170626,07:36:00,230.5,5.8,1337,218.0,5.9,1286,25132,16034,42.7,405.0
Station_01,Inv_00,20170626,07:37:00,234.9,5.6,1315,218.0,5.7,1243,25132,16034,42.4,399.0
Station_01,Inv_00,20170626,07:38:00,237.5,5.5,1306,218.0,5.5,1199,25132,16034,42.6,383.0
Station_01,Inv_00,20170626,07:39:00,237.5,5.2,1235,218.0,5.3,1155,25132,16034,42.2,372.0
Station_01,Inv_00,20170626,07:40:00,235.0,5.3,1246,219.0,5.3,1161,25132,16034,42.9,366.0
Station_01,Inv_00,20170626,07:41:00,236.5,5.4,1277,219.0,5.5,1205,25132,16034,41.9,379.0
Station_01,Inv_00,20170626,07:42:00,237.0,5.6,1327,219.0,5.6,1226,25132,16034,42.8,381.0
Station_01,Inv_00,20170626,07:43:00,228.0,5.7,1300,219.0,5.6,1226,25132,16034,42.8,386.0
Station_01,Inv_00,20170626,07:44:00,233.4,5.6,1307,218.0,5.6,1221,25132,16034,43.0,388.0
Station_01,Inv_00,20170626,07:45:00,237.5,5.6,1330,218.0,5.7,1243,25132,16034,43.3,391.0
Station_01,Inv_00,20170626,07:46:00,235.5,5.7,1342,218.0,5.8,1264,25132,16034,43.4,396.0
Station_01,Inv_00,20170626,07:47:00,236.0,5.9,1392,217.0,5.9,1280,25132,16034,43.3,400.0
Station_01,Inv_00,20170626,07:48:00,238.0,5.6,1333,218.0,5.7,1243,25132,16034,43.7,392.0
Station_01,Inv_00,20170626,07:49:00,232.5,5.7,1325,218.0,5.7,1243,25132,16034,43.7,393.0
Station_01,Inv_00,20170626,07:50:00,238.0,5.7,1357,218.0,5.7,1243,25132,16034,43.4,392.0
Station_01,Inv_00,20170626,07:51:00,236.5,5.6,1324,218.0,5.6,1221,25132,16034,42.9,386.0
Station_01,Inv_00,20170626,07:52:00,236.4,5.6,1324,218.0,5.6,1221,25132,16034,43.4,379.0
Station_01,Inv_00,20170626,07:53:00,235.3,5.6,1318,218.0,5.7,1243,25132,16034,43.5,387.0
Station_01,Inv_00,20170626,07:54:00,239.0,5.6,1338,218.0,5.6,1221,25132,16034,43.0,385.0
Station_01,Inv_00,20170626,07:55:00,234.0,5.7,1334,216.0,5.8,1253,25132,16034,43.7,386.0
Station_01,Inv_00,20170626,07:56:00,236.5,5.8,1372,217.0,6.0,1302,25132,16034,44.0,397.0
Station_01,Inv_00,20170626,07:57:00,237.5,5.9,1401,217.0,5.9,1280,25132,16034,44.3,397.0
Station_01,Inv_00,20170626,07:58:00,238.5,5.6,1336,217.0,5.8,1259,25132,16034,43.1,396.0
Station_01,Inv_00,20170626,07:59:00,234.9,5.8,1362,219.0,5.7,1248,25132,16034,43.8,388.0
Station_01,Inv_00,20170626,08:00:00,237.0,5.9,1398,219.0,5.9,1292,25132,16034,43.4,400.0
Station_01,Inv_00,20170626,08:01:00,235.5,5.5,1295,219.0,5.6,1226,25132,16034,43.9,379.0
Station_01,Inv_00,20170626,08:02:00,231.0,5.8,1340,219.0,5.8,1270,25132,16034,43.8,389.0
Station_01,Inv_00,20170626,08:03:00,236.5,6.1,1443,219.0,6.2,1358,25132,16034,44.1,416.0
Station_01,Inv_00,20170626,08:04:00,235.5,6.2,1460,219.0,6.2,1358,25132,16034,44.0,412.0
Station_01,Inv_00,20170626,08:05:00,229.0,6.0,1374,218.0,6.0,1308,25132,16034,44.9,409.0
Station_01,Inv_00,20170626,08:06:00,234.5,5.5,1290,218.0,5.5,1199,25132,16034,44.6,369.0
Station_01,Inv_00,20170626,08:07:00,232.5,5.7,1325,218.0,5.6,1221,25132,16034,44.4,380.0
Station_01,Inv_00,20170626,08:08:00,228.4,6.0,1370,217.0,5.8,1259,25133,16035,44.7,392.0
Station_01,Inv_00,20170626,08:09:00,236.5,5.7,1348,218.0,5.7,1243,25133,16035,43.9,391.0
Station_01,Inv_00,20170626,08:10:00,221.0,5.9,1304,217.0,5.6,1215,25133,16035,44.0,386.0
Station_01,Inv_00,20170626,08:11:00,222.0,6.7,1487,218.0,6.3,1373,25133,16035,44.2,423.0
Station_01,Inv_00,20170626,08:12:00,219.0,7.2,1577,217.0,6.8,1476,25133,16035,44.5,466.0
Station_01,Inv_00,20170626,08:13:00,219.0,7.5,1643,218.0,7.2,1570,25133,16035,45.2,488.0
Station_01,Inv_00,20170626,08:14:00,234.0,7.3,1708,217.0,7.5,1628,25133,16035,45.9,492.0
Station_01,Inv_00,20170626,08:15:00,237.0,7.3,1730,218.0,7.5,1635,25133,16035,45.9,496.0
Station_01,Inv_00,20170626,08:16:00,224.0,7.6,1702,217.0,7.4,1606,25133,16035,46.4,504.0
Station_01,Inv_00,20170626,08:17:00,216.0,8.4,1814,217.0,7.8,1693,25133,16035,47.3,529.0
Station_01,Inv_00,20170626,08:18:00,216.5,8.6,1862,218.0,8.0,1744,25133,16035,47.8,553.0
Station_01,Inv_00,20170626,08:19:00,215.5,8.5,1832,219.0,8.0,1752,25133,16035,47.8,548.0
Station_01,Inv_00,20170626,08:20:00,215.5,8.7,1875,218.0,8.2,1788,25133,16035,47.2,559.0
Station_01,Inv_00,20170626,08:21:00,222.0,8.7,1931,218.0,8.3,1809,25133,16035,48.7,562.0
Station_01,Inv_00,20170626,08:22:00,229.5,8.7,1997,218.0,8.7,1897,25133,16035,49.6,569.0
Station_01,Inv_00,20170626,08:23:00,227.0,8.8,1998,218.0,8.7,1897,25133,16035,50.0,572.0
Station_01,Inv_00,20170626,08:24:00,205.5,9.1,1870,218.0,8.2,1788,25133,16035,51.1,575.0
Station_01,Inv_00,20170626,08:25:00,223.5,9.1,2034,219.0,8.7,1905,25133,16035,49.5,597.0
Station_01,Inv_00,20170626,08:26:00,220.5,9.1,2007,219.0,8.7,1905,25133,16035,49.4,590.0
Station_01,Inv_00,20170626,08:27:00,220.5,9.3,2051,219.0,8.8,1927,25133,16035,51.1,595.0
Station_01,Inv_00,20170626,08:28:00,219.5,9.3,2041,219.0,8.8,1927,25133,16035,50.4,593.0
Station_01,Inv_00,20170626,08:29:00,232.0,8.9,2065,219.0,8.8,1927,25133,16035,51.2,589.0
Station_01,Inv_00,20170626,08:30:00,230.0,9.0,2070,218.0,9.0,1962,25133,16035,51.0,594.0
Station_01,Inv_00,20170626,08:31:00,228.5,9.1,2079,218.0,8.9,1940,25133,16035,51.4,596.0
Station_01,Inv_00,20170626,08:32:00,228.0,9.2,2097,218.0,9.1,1984,25133,16035,52.4,597.0
Station_01,Inv_00,20170626,08:33:00,224.0,9.4,2106,217.0,9.2,1996,25133,16035,51.0,609.0
Station_01,Inv_00,20170626,08:34:00,223.0,9.5,2119,217.0,9.2,1996,25133,16035,51.3,609.0
Station_01,Inv_00,20170626,08:35:00,223.5,9.5,2123,218.0,9.2,2006,25133,16035,52.2,606.0
Station_01,Inv_00,20170626,08:36:00,210.5,9.7,2042,217.0,8.9,1931,25133,16035,51.7,612.0
Station_01,Inv_00,20170626,08:37:00,209.5,9.8,2053,217.0,8.9,1931,25133,16035,52.8,610.0
Station_01,Inv_00,20170626,08:38:00,209.5,10.1,2116,217.0,9.2,1996,25133,16035,52.7,630.0
Station_01,Inv_00,20170626,08:39:00,209.5,10.2,2137,217.0,9.3,2018,25133,16035,53.2,633.0
Station_01,Inv_00,20170626,08:40:00,209.5,10.4,2179,217.0,9.4,2040,25134,16035,53.3,644.0
Station_01,Inv_00,20170626,08:41:00,209.5,10.3,2158,217.0,9.3,2018,25134,16035,52.6,643.0
Station_01,Inv_00,20170626,08:42:00,210.0,10.4,2184,219.0,9.4,2059,25134,16035,52.5,646.0
Station_01,Inv_00,20170626,08:43:00,209.0,10.6,2215,219.0,9.5,2081,25134,16035,53.1,655.0
Station_01,Inv_00,20170626,08:44:00,210.5,10.7,2252,218.0,9.8,2136,25134,16035,52.6,668.0
Station_01,Inv_00,20170626,08:45:00,209.5,10.9,2284,219.0,9.8,2146,25134,16035,53.3,675.0
Station_01,Inv_00,20170626,08:46:00,220.0,10.9,2398,218.0,10.3,2245,25134,16035,53.9,689.0
Station_01,Inv_00,20170626,08:47:00,223.0,11.1,2475,218.0,10.8,2354,25134,16035,54.0,707.0
Station_01,Inv_00,20170626,08:48:00,226.5,10.9,2469,218.0,10.7,2333,25134,16035,53.9,716.0
Station_01,Inv_00,20170626,08:49:00,212.5,11.1,2359,218.0,10.2,2224,25134,16035,54.1,705.0
Station_01,Inv_00,20170626,08:50:00,220.0,11.1,2442,219.0,10.6,2321,25134,16035,54.2,714.0
Station_01,Inv_00,20170626,08:51:00,219.5,11.1,2436,219.0,10.5,2300,25134,16035,52.6,717.0
Station_01,Inv_00,20170626,08:52:00,220.0,11.1,2442,219.0,10.4,2278,25134,16035,52.6,712.0
Station_01,Inv_00,20170626,08:53:00,184.0,2.6,478,218.0,2.3,501,25134,16035,52.3,373.0
Station_01,Inv_00,20170626,08:54:00,226.0,10.7,2418,220.0,10.5,2310,25134,16035,50.7,698.0
Station_01,Inv_00,20170626,08:55:00,223.5,11.1,2481,220.0,10.7,2354,25134,16035,51.2,718.0
Station_01,Inv_00,20170626,08:56:00,220.0,11.2,2464,219.0,10.7,2343,25134,16035,51.5,727.0
Station_01,Inv_00,20170626,08:57:00,226.0,11.3,2554,219.0,11.0,2409,25134,16035,50.6,731.0
Station_01,Inv_00,20170626,08:58:00,222.5,11.5,2559,219.0,11.1,2431,25134,16035,50.6,750.0
Station_01,Inv_00,20170626,08:59:00,225.4,11.3,2547,219.0,10.9,2387,25134,16035,52.3,740.0
Station_01,Inv_00,20170626,09:00:00,224.0,11.3,2531,219.0,10.9,2387,25134,16035,52.5,742.0
Station_01,Inv_00,20170626,09:01:00,222.5,11.6,2581,219.0,11.1,2431,25134,16035,51.3,752.0
Station_01,Inv_00,20170626,09:02:00,222.5,11.5,2559,218.0,11.1,2420,25134,16035,53.6,752.0
Station_01,Inv_00,20170626,09:03:00,222.0,11.5,2553,219.0,11.0,2409,25134,16035,52.7,749.0
Station_01,Inv_00,20170626,09:04:00,221.5,11.5,2547,219.0,11.0,2409,25134,16035,54.6,765.0
Station_01,Inv_00,20170626,09:05:00,222.5,11.2,2492,218.0,10.8,2354,25135,16036,55.0,733.0
Station_01,Inv_00,20170626,09:06:00,220.5,11.4,2513,218.0,10.9,2376,25135,16036,55.5,738.0
Station_01,Inv_00,20170626,09:07:00,220.0,11.5,2530,218.0,11.0,2398,25135,16036,56.4,745.0
Station_01,Inv_00,20170626,09:08:00,221.0,11.6,2563,218.0,11.1,2420,25135,16036,56.2,755.0
Station_01,Inv_00,20170626,09:09:00,214.5,11.8,2531,218.0,11.0,2398,25135,16036,56.0,752.0
Station_01,Inv_00,20170626,09:10:00,217.5,11.7,2545,218.0,11.0,2398,25135,16036,55.7,756.0
Station_01,Inv_00,20170626,09:11:00,221.5,11.4,2525,218.0,10.9,2376,25135,16036,57.7,750.0
Station_01,Inv_00,20170626,09:12:00,215.5,11.5,2478,218.0,10.8,2354,25135,16036,57.1,757.0
Station_01,Inv_00,20170626,09:13:00,214.5,11.6,2488,218.0,10.8,2354,25135,16036,55.7,744.0
Station_01,Inv_00,20170626,09:14:00,220.4,11.5,2535,218.0,11.0,2398,25135,16036,56.8,747.0
Station_01,Inv_00,20170626,09:15:00,219.5,11.6,2546,219.0,11.0,2409,25135,16036,57.0,753.0
Station_01,Inv_00,20170626,09:16:00,216.5,11.9,2576,218.0,11.1,2420,25135,16036,57.0,757.0
Station_01,Inv_00,20170626,09:17:00,221.0,11.7,2586,218.0,11.2,2442,25135,16036,55.4,765.0
Station_01,Inv_00,20170626,09:18:00,218.5,11.8,2578,217.0,11.2,2430,25135,16036,57.1,760.0
Station_01,Inv_00,20170626,09:19:00,216.0,11.9,2570,218.0,11.2,2442,25135,16036,57.1,760.0
Station_01,Inv_00,20170626,09:20:00,217.0,12.1,2626,217.0,11.3,2452,25135,16036,55.5,776.0
Station_01,Inv_00,20170626,09:21:00,217.0,12.2,2647,218.0,11.5,2507,25135,16036,57.0,783.0
Station_01,Inv_00,20170626,09:22:00,220.0,12.0,2640,218.0,11.5,2507,25135,16036,56.8,783.0
Station_01,Inv_00,20170626,09:23:00,217.0,12.2,2647,217.0,11.4,2474,25135,16036,57.8,780.0
Station_01,Inv_00,20170626,09:24:00,216.5,12.2,2641,218.0,11.4,2485,25135,16036,57.3,779.0
Station_01,Inv_00,20170626,09:25:00,213.5,12.3,2626,219.0,11.3,2475,25135,16036,58.6,781.0
Station_01,Inv_00,20170626,09:26:00,217.0,12.4,2691,219.0,11.5,2519,25135,16036,59.6,788.0
Station_01,Inv_00,20170626,09:27:00,216.5,12.3,2663,220.0,11.4,2508,25135,16036,59.1,789.0
Station_01,Inv_00,20170626,09:28:00,218.0,12.2,2659,219.0,11.4,2497,25136,16037,60.1,790.0
Station_01,Inv_00,20170626,09:29:00,211.0,12.7,2680,219.0,11.5,2519,25136,16037,59.9,794.0
Station_01,Inv_00,20170626,09:30:00,215.0,13.0,2795,219.0,12.0,2628,25136,16037,58.1,828.0
Station_01,Inv_00,20170626,09:31:00,216.5,13.3,2879,219.0,12.3,2694,25136,16037,57.2,840.0
Station_01,Inv_00,20170626,09:32:00,213.5,3.0,641,217.0,2.9,629,25136,16037,53.6,201.0
Station_01,Inv_00,20170626,09:33:00,218.5,13.1,2862,219.0,12.4,2716,25136,16037,55.6,824.0
Station_01,Inv_00,20170626,09:34:00,217.0,13.1,2843,218.0,12.2,2660,25136,16037,56.0,832.0
Station_01,Inv_00,20170626,09:35:00,212.5,13.1,2784,219.0,11.9,2606,25136,16037,57.0,825.0
Station_01,Inv_00,20170626,09:36:00,216.0,12.7,2743,219.0,11.8,2584,25136,16037,57.7,812.0
Station_01,Inv_00,20170626,09:37:00,214.5,12.8,2746,219.0,11.8,2584,25136,16037,58.1,806.0
Station_01,Inv_00,20170626,09:38:00,219.0,12.5,2738,219.0,11.8,2584,25136,16037,59.5,811.0
Station_01,Inv_00,20170626,09:39:00,211.0,13.2,2785,218.0,12.0,2616,25136,16037,59.3,819.0
Station_01,Inv_00,20170626,09:40:00,215.5,12.9,2780,219.0,11.9,2606,25136,16037,60.3,818.0
Station_01,Inv_00,20170626,09:41:00,216.5,12.9,2793,218.0,12.1,2638,25136,16037,60.5,828.0
Station_01,Inv_00,20170626,09:42:00,215.5,13.1,2823,219.0,12.2,2672,25136,16037,60.9,839.0
Station_01,Inv_00,20170626,09:43:00,215.0,13.2,2838,219.0,12.3,2694,25136,16037,62.8,842.0
Station_01,Inv_00,20170626,09:44:00,211.0,13.6,2869,218.0,12.4,2703,25136,16037,63.1,848.0
Station_01,Inv_00,20170626,09:45:00,210.0,13.5,2835,219.0,12.2,2672,25136,16037,65.0,849.0
Station_01,Inv_00,20170626,09:46:00,211.0,13.4,2827,219.0,12.2,2672,25136,16037,63.8,851.0
Station_01,Inv_00,20170626,09:47:00,212.0,13.2,2798,218.0,12.1,2638,25136,16037,63.6,848.0
Station_01,Inv_00,20170626,09:48:00,213.4,13.3,2839,218.0,12.2,2660,25136,16037,64.4,845.0
Station_01,Inv_00,20170626,09:49:00,212.5,13.4,2848,218.0,12.2,2660,25136,16037,64.6,846.0
Station_01,Inv_00,20170626,09:50:00,213.5,13.2,2818,218.0,12.2,2660,25136,16037,65.5,844.0
Station_01,Inv_00,20170626,09:51:00,210.5,13.5,2842,218.0,12.2,2660,25137,16037,64.9,845.0
Station_01,Inv_00,20170626,09:52:00,206.5,13.8,2850,218.0,12.3,2681,25137,16037,65.6,854.0
Station_01,Inv_00,20170626,09:53:00,212.5,13.5,2869,218.0,12.4,2703,25137,16037,63.8,866.0
Station_01,Inv_00,20170626,09:54:00,207.5,14.0,2905,218.0,12.5,2725,25137,16037,64.3,801.0
Station_01,Inv_00,20170626,09:55:00,208.9,10.0,2089,218.0,8.6,1875,25137,16037,61.3,467.0
Station_01,Inv_00,20170626,09:56:00,210.0,13.3,2793,218.0,12.0,2616,25137,16037,60.2,821.0
Station_01,Inv_00,20170626,09:57:00,215.5,13.0,2801,219.0,12.1,2650,25137,16037,61.4,825.0
Station_01,Inv_00,20170626,09:58:00,213.5,13.3,2840,219.0,12.3,2694,25137,16037,59.7,839.0
Station_01,Inv_00,20170626,09:59:00,213.5,13.5,2882,219.0,12.4,2716,25137,16037,58.0,854.0
Station_01,Inv_00,20170626,10:00:00,218.0,13.3,2899,219.0,12.5,2738,25137,16037,58.8,823.0
Station_01,Inv_00,20170626,10:01:00,214.5,13.9,2982,219.0,12.8,2803,25137,16037,59.2,865.0
Station_01,Inv_00,20170626,10:02:00,215.5,14.0,3017,219.0,12.9,2825,25137,16037,59.0,882.0
Station_01,Inv_00,20170626,10:03:00,210.0,14.1,2961,219.0,12.7,2781,25137,16037,60.0,875.0
Station_01,Inv_00,20170626,10:04:00,205.5,14.7,3021,219.0,12.9,2825,25137,16037,61.9,840.0
Station_01,Inv_00,20170626,10:05:00,205.0,10.3,2111,218.0,9.3,2027,25137,16037,61.2,890.0
Station_01,Inv_00,20170626,10:06:00,142.9,3.3,472,217.0,2.9,629,25137,16037,59.8,542.0
Station_01,Inv_00,20170626,10:07:00,218.5,11.7,2557,218.0,7.9,1722,25137,16037,55.6,329.0
Station_01,Inv_00,20170626,10:08:00,211.5,14.1,2982,219.0,12.9,2825,25137,16037,57.2,880.0
Station_01,Inv_00,20170626,10:09:00,218.9,12.9,2824,219.0,11.8,2584,25137,16037,55.0,428.0
Station_01,Inv_00,20170626,10:10:00,211.5,13.6,2876,218.0,12.2,2660,25137,16037,56.1,830.0
Station_01,Inv_00,20170626,10:11:00,213.0,13.9,2961,218.0,13.1,2856,25137,16037,57.8,887.0
Station_01,Inv_00,20170626,10:12:00,206.0,12.6,2595,218.0,11.4,2485,25137,16037,56.2,824.0
Station_01,Inv_00,20170626,10:13:00,218.1,9.3,2028,217.0,8.2,1779,25137,16037,55.8,700.0
Station_01,Inv_00,20170626,10:14:00,218.5,14.2,3103,218.0,13.4,2921,25138,16038,55.6,906.0
Station_01,Inv_00,20170626,10:15:00,206.0,14.8,3049,218.0,13.2,2878,25138,16038,56.9,914.0
Station_01,Inv_00,20170626,10:16:00,206.0,14.7,3028,217.0,13.2,2864,25138,16038,57.5,914.0
Station_01,Inv_00,20170626,10:17:00,210.4,14.7,3094,218.0,13.4,2921,25138,16038,59.0,909.0
Station_01,Inv_00,20170626,10:18:00,213.5,14.3,3053,218.0,13.2,2878,25138,16038,56.6,864.0
Station_01,Inv_00,20170626,10:19:00,214.9,14.5,3117,218.0,13.4,2921,25138,16038,59.8,920.0
Station_01,Inv_00,20170626,10:20:00,184.6,4.9,905,217.0,4.1,890,25138,16038,59.1,574.0
Station_01,Inv_00,20170626,10:21:00,214.5,14.7,3153,218.0,13.6,2965,25138,16038,58.9,910.0
Station_01,Inv_00,20170626,10:22:00,218.8,8.5,1860,217.0,7.5,1628,25138,16038,57.5,431.0
Station_01,Inv_00,20170626,10:23:00,223.4,10.5,2345,217.0,10.0,2170,25138,16038,56.9,416.0
Station_01,Inv_00,20170626,10:24:00,214.0,12.9,2760,217.0,12.5,2713,25138,16038,57.2,878.0
Station_01,Inv_00,20170626,10:25:00,219.5,13.8,3029,217.0,13.2,2864,25138,16038,57.8,902.0
Station_01,Inv_00,20170626,10:26:00,215.0,14.2,3053,217.0,13.2,2864,25138,16038,57.6,898.0
Station_01,Inv_00,20170626,10:27:00,214.0,14.2,3039,217.0,13.2,2864,25138,16038,59.6,899.0
Station_01,Inv_00,20170626,10:28:00,205.5,14.6,3000,217.0,12.9,2799,25138,16038,59.6,903.0
Station_01,Inv_00,20170626,10:29:00,204.0,14.7,2999,218.0,12.9,2812,25138,16038,58.3,912.0
Station_01,Inv_00,20170626,10:30:00,204.0,14.8,3019,219.0,12.9,2825,25138,16038,60.8,918.0
Station_01,Inv_00,20170626,10:31:00,205.5,14.7,3021,219.0,12.9,2825,25138,16038,61.5,917.0
Station_01,Inv_00,20170626,10:32:00,204.0,14.7,2999,219.0,12.8,2803,25138,16038,62.3,913.0
Station_01,Inv_00,20170626,10:33:00,206.5,14.0,2891,219.0,12.2,2672,25138,16038,64.4,891.0
Station_01,Inv_00,20170626,10:34:00,206.5,7.6,1570,218.0,6.6,1439,25138,16038,62.0,586.0
Station_01,Inv_00,20170626,10:35:00,211.0,14.2,2996,219.0,12.9,2825,25139,16039,63.3,922.0
Station_01,Inv_00,20170626,10:36:00,205.0,14.6,2992,219.0,12.9,2825,25139,16039,61.4,921.0
Station_01,Inv_00,20170626,10:37:00,216.5,10.1,2187,218.0,7.6,1657,25139,16039,60.5,840.0
Station_01,Inv_00,20170626,10:38:00,213.5,14.2,3031,219.0,13.0,2847,25139,16039,62.1,903.0
Station_01,Inv_00,20170626,10:39:00,210.5,14.6,3073,219.0,13.1,2869,25139,16039,61.3,878.0
Station_01,Inv_00,20170626,10:40:00,209.4,14.8,3100,219.0,13.3,2913,25139,16039,62.3,943.0
Station_01,Inv_00,20170626,10:41:00,210.5,14.5,3053,220.0,13.0,2860,25139,16039,62.0,953.0
Station_01,Inv_00,20170626,10:42:00,208.5,14.9,3106,219.0,13.3,2913,25139,16039,61.7,958.0
Station_01,Inv_00,20170626,10:43:00,210.0,14.5,3046,219.0,13.0,2847,25139,16039,62.8,967.0
Station_01,Inv_00,20170626,10:44:00,209.0,14.9,3114,219.0,13.3,2913,25139,16039,61.3,961.0
Station_01,Inv_00,20170626,10:45:00,209.0,15.0,3135,219.0,13.4,2935,25139,16039,63.5,950.0
Station_01,Inv_00,20170626,10:46:00,198.5,15.6,3096,219.0,13.3,2913,25139,16039,59.9,953.0
Station_01,Inv_00,20170626,10:47:00,197.9,15.5,3068,219.0,13.1,2869,25139,16039,61.4,950.0
Station_01,Inv_00,20170626,10:48:00,210.5,14.7,3094,219.0,13.3,2913,25139,16039,62.6,943.0
Station_01,Inv_00,20170626,10:49:00,210.0,14.8,3108,219.0,13.4,2935,25139,16039,64.6,942.0
Station_01,Inv_00,20170626,10:50:00,210.0,14.9,3129,219.0,13.4,2935,25139,16039,63.9,948.0
Station_01,Inv_00,20170626,10:51:00,208.5,15.0,3127,219.0,13.4,2935,25139,16039,65.0,955.0
Station_01,Inv_00,20170626,10:52:00,211.0,14.8,3122,218.0,13.4,2921,25139,16039,65.1,964.0
Station_01,Inv_00,20170626,10:53:00,204.0,15.2,3100,218.0,13.4,2921,25139,16039,67.4,950.0
Station_01,Inv_00,20170626,10:54:00,198.5,15.2,3017,217.0,13.0,2821,25139,16039,67.4,938.0
Station_01,Inv_00,20170626,10:55:00,206.5,14.7,3036,217.0,13.1,2843,25140,16039,66.8,936.0
Station_01,Inv_00,20170626,10:56:00,206.0,14.5,2987,218.0,12.9,2812,25140,16039,66.0,923.0
Station_01,Inv_00,20170626,10:57:00,209.0,14.3,2988,218.0,12.9,2812,25140,16039,65.5,910.0
Station_01,Inv_00,20170626,10:58:00,201.0,15.0,3015,219.0,12.9,2825,25140,16039,65.6,922.0
Station_01,Inv_00,20170626,10:59:00,211.5,14.5,3067,219.0,13.1,2869,25140,16039,65.5,927.0
Station_01,Inv_00,20170626,11:00:00,191.5,15.7,3007,219.0,12.9,2825,25140,16039,64.3,946.0
Station_01,Inv_00,20170626,11:01:00,192.5,15.4,2964,219.0,12.7,2781,25140,16039,66.7,933.0
Station_01,Inv_00,20170626,11:02:00,191.5,15.7,3007,218.0,12.9,2812,25140,16039,64.5,941.0
Station_01,Inv_00,20170626,11:03:00,208.5,15.0,3127,218.0,13.4,2921,25140,16039,63.9,950.0
Station_01,Inv_00,20170626,11:04:00,209.5,14.9,3122,219.0,13.4,2935,25140,16039,64.2,945.0
Station_01,Inv_00,20170626,11:05:00,206.5,15.0,3097,219.0,13.4,2935,25140,16039,62.7,950.0
Station_01,Inv_00,20170626,11:06:00,207.0,15.1,3126,219.0,13.4,2935,25140,16039,63.8,957.0
Station_01,Inv_00,20170626,11:07:00,207.5,15.2,3154,219.0,13.5,2957,25140,16039,62.2,962.0
Station_01,Inv_00,20170626,11:08:00,206.5,15.5,3201,219.0,13.7,3000,25140,16039,63.8,960.0
Station_01,Inv_00,20170626,11:09:00,206.5,15.8,3263,219.0,13.9,3044,25140,16039,63.5,981.0
Station_01,Inv_00,20170626,11:10:00,211.5,15.5,3278,218.0,14.2,3096,25140,16039,64.4,995.0
Station_01,Inv_00,20170626,11:11:00,205.0,16.7,3424,219.0,14.6,3197,25140,16039,64.2,1023.0
Station_01,Inv_00,20170626,11:12:00,205.4,11.8,2424,218.0,9.2,2006,25140,16039,61.2,665.0
Station_01,Inv_00,20170626,11:13:00,219.5,4.0,878,218.0,3.9,850,25140,16039,56.2,280.0
Station_01,Inv_00,20170626,11:14:00,219.0,4.0,876,217.0,4.0,868,25140,16039,55.3,277.0
Station_01,Inv_00,20170626,11:15:00,217.0,16.7,3624,219.0,15.5,3395,25140,16039,55.2,883.0
Station_01,Inv_00,20170626,11:16:00,220.5,15.7,3462,219.0,14.8,3241,25141,16040,57.4,1019.0
Station_01,Inv_00,20170626,11:17:00,201.5,16.6,3344,219.0,14.4,3154,25141,16040,58.4,1020.0
Station_01,Inv_00,20170626,11:18:00,215.5,15.2,3275,219.0,14.1,3088,25141,16040,59.5,990.0
Station_01,Inv_00,20170626,11:19:00,201.0,15.6,3135,218.0,13.5,2943,25141,16040,60.7,966.0
Station_01,Inv_00,20170626,11:20:00,213.4,14.9,3180,218.0,13.7,2987,25141,16040,59.7,959.0
Station_01,Inv_00,20170626,11:21:00,215.5,15.0,3233,218.0,13.9,3030,25141,16040,60.6,974.0
Station_01,Inv_00,20170626,11:22:00,211.5,15.2,3215,218.0,13.8,3008,25141,16040,62.4,964.0
Station_01,Inv_00,20170626,11:23:00,209.5,15.2,3184,218.0,13.7,2987,25141,16040,61.5,962.0
Station_01,Inv_00,20170626,11:24:00,211.0,15.0,3165,218.0,13.7,2987,25141,16040,62.0,962.0
Station_01,Inv_00,20170626,11:25:00,207.5,15.1,3133,218.0,13.5,2943,25141,16040,63.1,951.0
Station_01,Inv_00,20170626,11:26:00,212.5,14.9,3166,218.0,13.6,2965,25141,16040,61.5,952.0
Station_01,Inv_00,20170626,11:27:00,199.0,15.7,3124,218.0,13.4,2921,25141,16040,60.7,959.0
Station_01,Inv_00,20170626,11:28:00,199.5,15.7,3132,218.0,13.3,2899,25141,16040,60.5,954.0
Station_01,Inv_00,20170626,11:29:00,199.0,15.7,3124,218.0,13.3,2899,25141,16040,61.4,954.0
Station_01,Inv_00,20170626,11:30:00,207.5,15.3,3175,218.0,13.6,2965,25141,16040,62.3,956.0
Station_01,Inv_00,20170626,11:31:00,214.0,14.8,3167,218.0,13.6,2965,25141,16040,59.8,954.0
Station_01,Inv_00,20170626,11:32:00,210.5,15.2,3199,219.0,13.7,3000,25141,16040,61.4,959.0
Station_01,Inv_00,20170626,11:33:00,210.0,15.2,3192,218.0,13.7,2987,25141,16040,60.1,962.0
Station_01,Inv_00,20170626,11:34:00,207.5,15.5,3216,219.0,13.9,3044,25141,16040,60.9,973.0
Station_01,Inv_00,20170626,11:35:00,212.0,15.0,3180,219.0,13.6,2978,25142,16041,61.5,957.0
Station_01,Inv_00,20170626,11:36:00,211.5,15.2,3215,219.0,13.8,3022,25142,16041,63.0,970.0
Station_01,Inv_00,20170626,11:37:00,200.0,15.8,3160,218.0,13.5,2943,25142,16041,64.2,955.0
Station_01,Inv_00,20170626,11:38:00,201.0,15.8,3176,218.0,13.6,2965,25142,16041,64.8,971.0
Station_01,Inv_00,20170626,11:39:00,202.0,15.9,3211,218.0,13.8,3008,25142,16041,64.6,973.0
Station_01,Inv_00,20170626,11:40:00,203.5,14.2,2889,218.0,12.3,2681,25142,16041,62.1,647.0
Station_01,Inv_00,20170626,11:41:00,209.9,15.7,3296,219.0,14.2,3110,25142,16041,62.7,947.0
Station_01,Inv_00,20170626,11:42:00,210.1,12.1,2543,218.0,10.1,2202,25142,16041,62.5,758.0
Station_01,Inv_00,20170626,11:43:00,209.9,15.7,3296,218.0,14.1,3074,25142,16041,63.0,986.0
Station_01,Inv_00,20170626,11:44:00,214.0,13.8,2953,218.0,12.9,2812,25142,16041,63.5,959.0
Station_01,Inv_00,20170626,11:45:00,207.0,15.2,3146,219.0,13.5,2957,25142,16041,62.6,952.0
Station_01,Inv_00,20170626,11:46:00,213.5,14.9,3181,219.0,13.7,3000,25142,16041,62.8,961.0
Station_01,Inv_00,20170626,11:47:00,207.0,15.5,3209,219.0,13.8,3022,25142,16041,60.9,969.0
Station_01,Inv_00,20170626,11:48:00,212.0,15.6,3307,219.0,14.1,3088,25142,16041,62.1,982.0
Station_01,Inv_00,20170626,11:49:00,207.0,16.4,3395,220.0,14.4,3168,25142,16041,61.3,1025.0
Station_01,Inv_00,20170626,11:50:00,196.6,9.5,1868,218.0,8.2,1788,25142,16041,61.3,848.0
Station_01,Inv_00,20170626,11:51:00,217.9,4.0,872,217.0,3.9,846,25142,16041,57.7,281.0
Station_01,Inv_00,20170626,11:52:00,222.5,9.8,2180,218.0,10.5,2289,25142,16041,55.9,658.0
Station_01,Inv_00,20170626,11:53:00,216.5,16.6,3594,219.0,15.2,3329,25142,16041,57.7,1036.0
Station_01,Inv_00,20170626,11:54:00,211.0,16.6,3502,219.0,14.9,3263,25142,16041,57.8,1049.0
Station_01,Inv_00,20170626,11:55:00,218.0,15.9,3466,219.0,14.8,3241,25143,16041,59.3,1040.0
Station_01,Inv_00,20170626,11:56:00,214.0,16.3,3488,220.0,14.8,3256,25143,16041,59.0,1032.0
Station_01,Inv_00,20170626,11:57:00,205.0,15.2,3116,220.0,13.8,3036,25143,16041,60.4,1060.0
Station_01,Inv_00,20170626,11:58:00,209.5,16.6,3477,217.0,14.9,3233,25143,16041,57.9,536.0
Station_01,Inv_00,20170626,11:59:00,204.4,16.9,3455,218.0,15.0,3270,25143,16041,58.4,1026.0
Station_01,Inv_00,20170626,12:00:00,203.0,17.1,3471,218.0,14.9,3248,25143,16041,61.1,1039.0
Station_01,Inv_00,20170626,12:01:00,205.5,17.2,3534,218.0,15.3,3335,25143,16041,59.6,1073.0
Station_01,Inv_00,20170626,12:02:00,211.0,16.7,3523,218.0,15.1,3292,25143,16041,63.0,1071.0
Station_01,Inv_00,20170626,12:03:00,210.0,17.5,3675,218.0,15.9,3466,25143,16041,62.1,978.0
Station_01,Inv_00,20170626,12:04:00,209.0,17.4,3637,219.0,15.6,3416,25143,16041,63.5,1101.0
Station_01,Inv_00,20170626,12:05:00,198.5,13.5,2680,218.0,12.1,2638,25143,16041,64.9,1103.0
Station_01,Inv_00,20170626,12:06:00,217.4,4.9,1065,217.0,4.5,977,25143,16041,58.9,340.0
Station_01,Inv_00,20170626,12:07:00,220.9,17.0,3756,218.0,16.2,3532,25143,16041,57.6,940.0
Station_01,Inv_00,20170626,12:08:00,213.5,16.7,3565,218.0,15.3,3335,25143,16041,59.8,1062.0
Station_01,Inv_00,20170626,12:09:00,213.0,16.5,3515,218.0,15.1,3292,25143,16041,60.7,1051.0
Station_01,Inv_00,20170626,12:10:00,207.0,16.8,3477,218.0,14.9,3248,25143,16041,61.5,1048.0
Station_01,Inv_00,20170626,12:11:00,209.0,17.0,3553,219.0,15.3,3351,25143,16041,62.3,1058.0
Station_01,Inv_00,20170626,12:12:00,206.5,17.4,3593,219.0,15.3,3351,25143,16041,63.0,1067.0
Station_01,Inv_00,20170626,12:13:00,210.1,14.4,3026,219.0,13.0,2847,25143,16041,61.9,930.0
Station_01,Inv_00,20170626,12:14:00,208.5,18.0,3753,219.0,16.0,3504,25144,16042,65.1,1136.0
Station_01,Inv_00,20170626,12:15:00,209.5,13.7,2870,218.0,12.8,2790,25144,16042,63.7,985.0
Station_01,Inv_00,20170626,12:16:00,209.5,10.7,2242,218.0,9.8,2136,25144,16042,61.7,576.0
Station_01,Inv_00,20170626,12:17:00,206.5,17.4,3593,218.0,15.4,3357,25144,16042,62.3,1050.0
Station_01,Inv_00,20170626,12:18:00,214.0,5.3,1134,216.0,4.9,1058,25144,16042,58.6,463.0
Station_01,Inv_00,20170626,12:19:00,206.5,17.1,3531,218.0,15.1,3292,25144,16042,59.1,1034.0
Station_01,Inv_00,20170626,12:20:00,208.0,16.8,3494,218.0,14.9,3248,25144,16042,61.9,1044.0
Station_01,Inv_00,20170626,12:21:00,205.0,16.7,3424,218.0,14.7,3205,25144,16042,63.2,1035.0
Station_01,Inv_00,20170626,12:22:00,207.5,16.5,3424,218.0,14.8,3226,25144,16042,64.2,1037.0
Station_01,Inv_00,20170626,12:23:00,208.5,16.5,3440,218.0,14.8,3226,25144,16042,63.9,1046.0
Station_01,Inv_00,20170626,12:24:00,174.9,5.6,979,216.0,4.8,1037,25144,16042,66.1,1013.0
Station_01,Inv_00,20170626,12:25:00,212.0,16.8,3562,218.0,15.4,3357,25144,16042,65.0,953.0
Station_01,Inv_00,20170626,12:26:00,206.5,16.8,3469,218.0,14.9,3248,25144,16042,65.4,1047.0
Station_01,Inv_00,20170626,12:27:00,210.0,16.0,3360,218.0,14.4,3139,25144,16042,63.4,1021.0
Station_01,Inv_00,20170626,12:28:00,210.0,15.8,3318,218.0,14.3,3117,25144,16042,62.2,1008.0
Station_01,Inv_00,20170626,12:29:00,211.0,15.8,3334,218.0,14.4,3139,25144,16042,62.9,1011.0
Station_01,Inv_00,20170626,12:30:00,209.5,15.9,3331,218.0,14.3,3117,25144,16042,63.1,1004.0
Station_01,Inv_00,20170626,12:31:00,205.5,15.1,3103,217.0,13.0,2821,25144,16042,64.2,756.0
Station_01,Inv_00,20170626,12:32:00,207.0,15.6,3229,218.0,13.9,3030,25144,16042,63.9,977.0
Station_01,Inv_00,20170626,12:33:00,208.4,15.5,3231,218.0,14.0,3052,25144,16042,61.8,979.0
Station_01,Inv_00,20170626,12:34:00,208.5,15.6,3252,217.0,14.0,3038,25145,16043,61.2,977.0
Station_01,Inv_00,20170626,12:35:00,208.5,15.6,3253,218.0,14.0,3052,25145,16043,62.1,971.0
Station_01,Inv_00,20170626,12:36:00,213.9,15.2,3251,218.0,14.0,3052,25145,16043,61.9,973.0
Station_01,Inv_00,20170626,12:37:00,212.0,15.2,3222,218.0,13.9,3030,25145,16043,60.1,959.0
Station_01,Inv_00,20170626,12:38:00,211.5,15.3,3236,218.0,13.9,3030,25145,16043,58.5,964.0
Station_01,Inv_00,20170626,12:39:00,213.4,15.1,3223,218.0,14.0,3052,25145,16043,58.3,966.0
Station_01,Inv_00,20170626,12:40:00,214.0,15.2,3253,218.0,14.0,3052,25145,16043,58.2,969.0
Station_01,Inv_00,20170626,12:41:00,214.4,15.1,3238,218.0,14.0,3052,25145,16043,59.8,966.0
Station_01,Inv_00,20170626,12:42:00,210.5,15.6,3284,218.0,14.2,3096,25145,16043,61.1,977.0
Station_01,Inv_00,20170626,12:43:00,213.5,15.5,3309,218.0,14.4,3139,25145,16043,63.2,992.0
Station_01,Inv_00,20170626,12:44:00,211.4,15.7,3320,219.0,14.3,3132,25145,16043,62.5,1002.0
Station_01,Inv_00,20170626,12:45:00,209.5,16.1,3373,218.0,14.5,3161,25145,16043,62.5,1010.0
Station_01,Inv_00,20170626,12:46:00,211.5,16.0,3384,219.0,14.5,3176,25145,16043,63.0,1007.0
Station_01,Inv_00,20170626,12:47:00,212.5,15.8,3357,218.0,14.4,3139,25145,16043,62.2,1008.0
Station_01,Inv_00,20170626,12:48:00,209.5,15.9,3331,218.0,14.4,3139,25145,16043,63.0,1005.0
Station_01,Inv_00,20170626,12:49:00,214.0,15.4,3295,218.0,14.2,3096,25145,16043,63.9,1001.0
Station_01,Inv_00,20170626,12:50:00,205.0,15.7,3218,218.0,13.9,3030,25145,16043,64.7,974.0
Station_01,Inv_00,20170626,12:51:00,209.0,15.4,3218,218.0,13.9,3030,25145,16043,64.6,967.0
Station_01,Inv_00,20170626,12:52:00,212.0,14.8,3137,218.0,13.6,2965,25146,16043,65.2,953.0
Station_01,Inv_00,20170626,12:53:00,209.0,15.1,3156,218.0,13.6,2965,25146,16043,62.7,950.0
Station_01,Inv_00,20170626,12:54:00,208.0,15.2,3161,218.0,13.7,2987,25146,16043,62.5,950.0
Station_01,Inv_00,20170626,12:55:00,206.5,15.4,3180,218.0,13.8,3008,25146,16043,62.9,957.0
Station_01,Inv_00,20170626,12:56:00,208.5,12.9,2690,217.0,12.8,2778,25146,16043,62.9,925.0
Station_01,Inv_00,20170626,12:57:00,209.5,15.2,3184,217.0,13.8,2995,25146,16043,63.0,956.0
Station_01,Inv_00,20170626,12:58:00,208.0,15.3,3182,217.0,13.8,2995,25146,16043,62.7,954.0
Station_01,Inv_00,20170626,12:59:00,206.0,15.5,3193,217.0,13.9,3016,25146,16043,64.1,953.0
Station_01,Inv_00,20170626,13:00:00,209.5,15.3,3205,216.0,14.0,3024,25146,16043,65.9,968.0
Station_01,Inv_00,20170626,13:01:00,210.0,15.5,3255,218.0,14.0,3052,25146,16043,66.0,979.0
Station_01,Inv_00,20170626,13:02:00,209.5,4.8,1006,217.0,4.1,890,25146,16043,59.9,256.0
Station_01,Inv_00,20170626,13:03:00,180.9,5.3,959,216.0,4.5,972,25146,16043,57.2,423.0
Station_01,Inv_00,20170626,13:04:00,193.0,4.9,946,216.0,4.0,864,25146,16043,58.3,493.0
Station_01,Inv_00,20170626,13:05:00,206.0,6.2,1277,216.0,5.2,1123,25146,16043,54.5,307.0
Station_01,Inv_00,20170626,13:06:00,206.5,17.0,3510,218.0,14.9,3248,25146,16043,56.4,802.0
Station_01,Inv_00,20170626,13:07:00,213.0,12.9,2748,218.0,12.2,2660,25146,16043,58.2,918.0
Station_01,Inv_00,20170626,13:08:00,221.9,7.9,1753,218.0,7.1,1548,25146,16043,53.5,420.0
Station_01,Inv_00,20170626,13:09:00,221.8,6.3,1397,217.0,6.1,1324,25146,16043,52.3,435.0
Station_01,Inv_00,20170626,13:10:00,218.9,15.3,3350,219.0,14.4,3154,25146,16043,54.0,861.0
Station_01,Inv_00,20170626,13:11:00,214.0,15.1,3231,219.0,13.8,3022,25146,16043,55.5,945.0
Station_01,Inv_00,20170626,13:12:00,216.0,15.0,3240,219.0,13.9,3044,25146,16043,57.0,952.0
Station_01,Inv_00,20170626,13:13:00,200.5,13.0,2607,219.0,11.8,2584,25146,16043,57.1,966.0
Station_01,Inv_00,20170626,13:14:00,200.6,10.8,2167,219.0,11.0,2409,25146,16043,55.1,709.0
Station_01,Inv_00,20170626,13:15:00,214.9,7.9,1698,218.0,7.0,1526,25147,16044,56.1,621.0
Station_01,Inv_00,20170626,13:16:00,217.3,5.6,1217,217.0,5.3,1150,25147,16044,54.0,406.0
Station_01,Inv_00,20170626,13:17:00,213.5,15.9,3395,219.0,14.4,3154,25147,16044,56.6,912.0
Station_01,Inv_00,20170626,13:18:00,212.0,7.7,1632,218.0,7.0,1526,25147,16044,55.6,604.0
Station_01,Inv_00,20170626,13:19:00,214.5,15.2,3260,219.0,13.9,3044,25147,16044,58.1,945.0
Station_01,Inv_00,20170626,13:20:00,216.0,14.7,3175,219.0,13.7,3000,25147,16044,58.3,929.0
Station_01,Inv_00,20170626,13:21:00,218.4,14.5,3167,219.0,13.6,2978,25147,16044,58.9,905.0
Station_01,Inv_00,20170626,13:22:00,215.5,14.3,3082,219.0,13.4,2935,25147,16044,58.9,909.0
Station_01,Inv_00,20170626,13:23:00,215.4,14.5,3124,219.0,13.4,2935,25147,16044,58.2,923.0
Station_01,Inv_00,20170626,13:24:00,211.5,14.6,3088,219.0,13.3,2913,25147,16044,58.8,911.0
Station_01,Inv_00,20170626,13:25:00,215.0,14.4,3096,219.0,13.4,2935,25147,16044,59.0,908.0
Station_01,Inv_00,20170626,13:26:00,216.5,14.5,3139,219.0,13.5,2957,25147,16044,59.0,923.0
Station_01,Inv_00,20170626,13:27:00,214.5,14.7,3153,218.0,13.6,2965,25147,16044,59.3,920.0
Station_01,Inv_00,20170626,13:28:00,213.0,15.0,3195,219.0,13.7,3000,25147,16044,58.2,933.0
Station_01,Inv_00,20170626,13:29:00,216.0,14.6,3153,220.0,13.6,2992,25147,16044,58.5,928.0
Station_01,Inv_00,20170626,13:30:00,212.0,14.9,3159,219.0,13.6,2978,25147,16044,60.1,927.0
Station_01,Inv_00,20170626,13:31:00,211.5,15.2,3215,219.0,13.8,3022,25147,16044,59.9,945.0
Station_01,Inv_00,20170626,13:32:00,209.5,14.9,3122,219.0,13.4,2935,25147,16044,61.9,928.0
Station_01,Inv_00,20170626,13:33:00,212.0,14.7,3116,219.0,13.4,2935,25147,16044,61.2,921.0
Station_01,Inv_00,20170626,13:34:00,208.0,14.7,3058,218.0,13.1,2856,25147,16044,60.2,905.0
Station_01,Inv_00,20170626,13:35:00,215.5,13.9,2995,219.0,13.0,2847,25148,16044,60.2,890.0
Station_01,Inv_00,20170626,13:36:00,206.5,9.6,1983,217.0,7.6,1649,25148,16044,58.9,803.0
Station_01,Inv_00,20170626,13:37:00,220.9,13.2,2916,218.0,12.9,2812,25148,16044,56.5,833.0
Station_01,Inv_00,20170626,13:38:00,211.0,3.9,823,217.0,3.7,803,25148,16044,54.5,354.0
Station_01,Inv_00,20170626,13:39:00,215.5,12.6,2715,218.0,9.9,2158,25148,16044,54.1,548.0
Station_01,Inv_00,20170626,13:40:00,215.9,13.9,3002,219.0,13.1,2869,25148,16044,56.0,925.0
Station_01,Inv_00,20170626,13:41:00,218.4,14.8,3232,218.0,13.9,3030,25148,16044,55.7,818.0
Station_01,Inv_00,20170626,13:42:00,217.0,14.6,3168,218.0,13.6,2965,25148,16044,57.1,915.0
Station_01,Inv_00,20170626,13:43:00,212.5,14.5,3081,218.0,13.3,2899,25148,16044,57.0,904.0
Station_01,Inv_00,20170626,13:44:00,219.5,13.6,2985,218.0,12.9,2812,25148,16044,56.8,880.0
Station_01,Inv_00,20170626,13:45:00,216.5,13.7,2966,219.0,12.9,2825,25148,16044,58.7,865.0
Station_01,Inv_00,20170626,13:46:00,214.0,13.9,2975,219.0,12.9,2825,25148,16044,57.9,865.0
Station_01,Inv_00,20170626,13:47:00,215.0,14.1,3031,219.0,13.1,2869,25148,16044,58.6,870.0
Station_01,Inv_00,20170626,13:48:00,214.0,14.1,3017,219.0,13.0,2847,25148,16044,58.2,891.0
Station_01,Inv_00,20170626,13:49:00,219.0,13.8,3022,219.0,12.9,2825,25148,16044,59.9,819.0
Station_01,Inv_00,20170626,13:50:00,181.1,4.4,797,217.0,4.8,1042,25148,16044,57.0,491.0
Station_01,Inv_00,20170626,13:51:00,221.0,3.4,751,217.0,3.3,716,25148,16044,54.3,256.0
Station_01,Inv_00,20170626,13:52:00,214.4,13.8,2959,219.0,12.6,2759,25148,16044,54.2,831.0
Station_01,Inv_00,20170626,13:53:00,219.5,13.5,2963,219.0,12.8,2803,25148,16044,55.3,846.0
Station_01,Inv_00,20170626,13:54:00,215.0,13.5,2902,219.0,12.5,2738,25148,16044,58.2,838.0
Station_01,Inv_00,20170626,13:55:00,216.5,13.3,2879,219.0,12.4,2716,25148,16044,58.4,836.0
Station_01,Inv_00,20170626,13:56:00,215.0,13.0,2795,219.0,12.1,2650,25148,16044,58.6,819.0
Station_01,Inv_00,20170626,13:57:00,222.5,12.6,2803,219.0,12.2,2672,25149,16045,58.9,811.0
Station_01,Inv_00,20170626,13:58:00,210.6,10.7,2253,218.0,11.1,2420,25149,16045,58.1,818.0
Station_01,Inv_00,20170626,13:59:00,213.5,13.4,2861,219.0,12.3,2694,25149,16045,58.7,682.0
Station_01,Inv_00,20170626,14:00:00,213.0,13.5,2875,218.0,12.4,2703,25149,16045,58.4,830.0
Station_01,Inv_00,20170626,14:01:00,174.0,4.5,783,217.0,4.1,890,25149,16045,59.5,712.0
Station_01,Inv_00,20170626,14:02:00,216.5,3.7,801,217.0,3.3,716,25149,16045,54.6,226.0
Station_01,Inv_00,20170626,14:03:00,221.0,13.2,2917,218.0,12.7,2769,25149,16045,55.2,814.0
Station_01,Inv_00,20170626,14:04:00,221.5,12.9,2857,219.0,12.4,2716,25149,16045,55.2,816.0
Station_01,Inv_00,20170626,14:05:00,222.5,12.8,2848,219.0,12.4,2716,25149,16045,54.1,808.0
Station_01,Inv_00,20170626,14:06:00,218.0,13.0,2834,219.0,12.2,2672,25149,16045,56.4,809.0
Station_01,Inv_00,20170626,14:07:00,215.0,3.9,839,217.0,3.6,781,25149,16045,53.3,307.0
Station_01,Inv_00,20170626,14:08:00,214.0,13.6,2910,219.0,12.5,2738,25149,16045,55.1,775.0
Station_01,Inv_00,20170626,14:09:00,214.5,13.6,2917,218.0,12.6,2747,25149,16045,55.3,835.0
Station_01,Inv_00,20170626,14:10:00,213.5,13.5,2882,219.0,12.4,2716,25149,16045,54.9,826.0
Station_01,Inv_00,20170626,14:11:00,213.5,13.5,2882,218.0,12.5,2725,25149,16045,54.1,829.0
Station_01,Inv_00,20170626,14:12:00,221.0,13.0,2873,219.0,12.5,2738,25149,16045,54.8,826.0
Station_01,Inv_00,20170626,14:13:00,222.5,12.8,2848,219.0,12.2,2672,25149,16045,55.6,805.0
Station_01,Inv_00,20170626,14:14:00,208.5,13.1,2731,218.0,11.8,2572,25149,16045,55.0,799.0
Station_01,Inv_00,20170626,14:15:00,207.0,13.0,2691,218.0,11.6,2529,25149,16045,55.4,786.0
Station_01,Inv_00,20170626,14:16:00,209.0,12.9,2696,218.0,11.6,2529,25149,16045,54.8,787.0
Station_01,Inv_00,20170626,14:17:00,216.9,12.9,2798,218.0,12.1,2638,25149,16045,54.7,795.0
Station_01,Inv_00,20170626,14:18:00,219.4,12.9,2831,219.0,12.3,2694,25149,16045,56.7,806.0
Station_01,Inv_00,20170626,14:19:00,220.0,12.6,2772,218.0,12.0,2616,25149,16045,55.9,799.0
Station_01,Inv_00,20170626,14:20:00,221.0,12.5,2762,218.0,11.9,2594,25150,16046,55.8,787.0
Station_01,Inv_00,20170626,14:21:00,218.4,12.8,2796,219.0,12.1,2650,25150,16046,54.8,804.0
Station_01,Inv_00,20170626,14:22:00,213.0,13.3,2833,218.0,12.3,2681,25150,16046,57.9,814.0
Station_01,Inv_00,20170626,14:23:00,221.3,4.7,1040,218.0,4.4,959,25150,16046,53.4,324.0
Station_01,Inv_00,20170626,14:24:00,220.0,13.6,2992,219.0,12.9,2825,25150,16046,54.8,832.0
Station_01,Inv_00,20170626,14:25:00,219.0,13.2,2891,219.0,12.5,2738,25150,16046,56.6,835.0
Station_01,Inv_00,20170626,14:26:00,224.0,12.5,2800,218.0,12.1,2638,25150,16046,55.9,805.0
Station_01,Inv_00,20170626,14:27:00,221.5,11.9,2636,218.0,11.3,2463,25150,16046,55.8,764.0
Station_01,Inv_00,20170626,14:28:00,225.0,11.5,2587,218.0,11.3,2463,25150,16046,55.2,743.0
Station_01,Inv_00,20170626,14:29:00,222.5,11.7,2603,218.0,11.3,2463,25150,16046,54.5,741.0
Station_01,Inv_00,20170626,14:30:00,222.0,11.7,2597,219.0,11.2,2453,25150,16046,55.2,736.0
Station_01,Inv_00,20170626,14:31:00,220.0,11.8,2596,218.0,11.2,2442,25150,16046,56.0,738.0
Station_01,Inv_00,20170626,14:32:00,218.5,11.9,2600,218.0,11.3,2463,25150,16046,54.6,754.0
Station_01,Inv_00,20170626,14:33:00,223.4,4.6,1028,217.0,4.2,911,25150,16046,53.6,402.0
Station_01,Inv_00,20170626,14:34:00,223.5,11.6,2592,218.0,11.3,2463,25150,16046,53.4,702.0
Station_01,Inv_00,20170626,14:35:00,222.5,11.3,2514,218.0,10.9,2376,25150,16046,52.8,718.0
Station_01,Inv_00,20170626,14:36:00,220.9,11.4,2519,218.0,10.9,2376,25150,16046,53.0,719.0
Station_01,Inv_00,20170626,14:37:00,219.5,11.6,2546,219.0,11.0,2409,25150,16046,53.2,721.0
Station_01,Inv_00,20170626,14:38:00,221.5,11.3,2503,218.0,10.8,2354,25150,16046,53.6,700.0
Station_01,Inv_00,20170626,14:39:00,223.5,11.3,2526,218.0,11.0,2398,25150,16046,53.8,718.0
Station_01,Inv_00,20170626,14:40:00,224.0,11.4,2554,218.0,11.2,2442,25150,16046,53.2,727.0
Station_01,Inv_00,20170626,14:41:00,226.5,11.4,2582,219.0,11.2,2453,25150,16046,53.7,731.0
Station_01,Inv_00,20170626,14:42:00,225.0,11.2,2520,219.0,11.0,2409,25150,16046,52.7,722.0
Station_01,Inv_00,20170626,14:43:00,225.5,11.1,2503,218.0,10.8,2354,25150,16046,51.7,707.0
Station_01,Inv_00,20170626,14:44:00,227.5,11.0,2502,218.0,10.8,2354,25151,16046,52.3,708.0
Station_01,Inv_00,20170626,14:45:00,223.5,11.3,2526,219.0,10.8,2365,25151,16046,52.8,706.0
Station_01,Inv_00,20170626,14:46:00,223.0,11.3,2520,218.0,10.8,2354,25151,16046,54.6,707.0
Station_01,Inv_00,20170626,14:47:00,225.5,11.1,2503,218.0,10.8,2354,25151,16046,54.3,709.0
Station_01,Inv_00,20170626,14:48:00,227.5,10.7,2434,219.0,10.6,2321,25151,16046,54.4,705.0
Station_01,Inv_00,20170626,14:49:00,220.5,10.9,2403,218.0,10.3,2245,25151,16046,54.5,683.0
Station_01,Inv_00,20170626,14:50:00,220.5,11.1,2448,218.0,10.5,2289,25151,16046,53.1,694.0
Station_01,Inv_00,20170626,14:51:00,226.5,10.7,2424,219.0,10.5,2300,25151,16046,53.1,685.0
Station_01,Inv_00,20170626,14:52:00,223.0,10.7,2386,218.0,10.4,2267,25151,16046,54.0,677.0
Station_01,Inv_00,20170626,14:53:00,220.0,10.9,2398,219.0,10.4,2278,25151,16046,52.9,688.0
Station_01,Inv_00,20170626,14:54:00,217.5,10.8,2349,219.0,10.2,2234,25151,16046,53.7,680.0
Station_01,Inv_00,20170626,14:55:00,221.5,10.3,2281,218.0,9.8,2136,25151,16046,53.2,656.0
Station_01,Inv_00,20170626,14:56:00,224.4,9.6,2155,218.0,9.4,2049,25151,16046,51.5,614.0
Station_01,Inv_00,20170626,14:57:00,224.5,9.8,2200,218.0,9.6,2093,25151,16046,51.9,630.0
Station_01,Inv_00,20170626,14:58:00,227.0,8.1,1838,218.0,8.1,1766,25151,16046,51.0,542.0
Station_01,Inv_00,20170626,14:59:00,226.0,8.9,2011,218.0,8.7,1897,25151,16046,51.0,564.0
Station_01,Inv_00,20170626,15:00:00,217.0,9.7,2105,218.0,9.2,2006,25151,16046,50.8,595.0
Station_01,Inv_00,20170626,15:01:00,228.5,9.1,2079,219.0,9.1,1993,25151,16046,49.8,592.0
Station_01,Inv_00,20170626,15:02:00,226.0,9.2,2079,218.0,9.0,1962,25151,16046,50.1,589.0
Station_01,Inv_00,20170626,15:03:00,227.5,7.4,1684,218.0,7.4,1613,25151,16046,50.3,503.0
Station_01,Inv_00,20170626,15:04:00,228.0,7.5,1710,218.0,7.4,1613,25151,16046,49.1,471.0
Station_01,Inv_00,20170626,15:05:00,227.5,7.2,1638,218.0,7.1,1548,25151,16046,48.9,455.0
Station_01,Inv_00,20170626,15:06:00,229.0,8.4,1924,219.0,8.2,1796,25151,16046,50.3,533.0
Station_01,Inv_00,20170626,15:07:00,232.5,7.5,1744,218.0,7.5,1635,25151,16046,49.6,492.0
Station_01,Inv_00,20170626,15:08:00,233.0,6.5,1514,218.0,6.5,1417,25151,16046,48.1,432.0
Station_01,Inv_00,20170626,15:09:00,231.0,5.8,1340,218.0,5.6,1221,25151,16046,48.5,379.0
Station_01,Inv_00,20170626,15:10:00,231.4,6.2,1435,218.0,6.2,1352,25151,16046,47.4,393.0
Station_01,Inv_00,20170626,15:11:00,231.0,6.4,1478,218.0,6.3,1373,25151,16046,46.7,414.0
Station_01,Inv_00,20170626,15:12:00,231.5,6.2,1435,218.0,6.2,1352,25151,16046,46.5,407.0
Station_01,Inv_00,20170626,15:13:00,225.5,5.7,1285,218.0,5.4,1177,25151,16046,46.1,366.0
Station_01,Inv_00,20170626,15:14:00,230.4,6.8,1567,218.0,6.8,1482,25152,16047,45.4,410.0
Station_01,Inv_00,20170626,15:15:00,236.0,7.3,1723,218.0,7.3,1591,25152,16047,46.0,473.0
Station_01,Inv_00,20170626,15:16:00,231.5,6.5,1505,218.0,6.4,1395,25152,16047,46.4,433.0
Station_01,Inv_00,20170626,15:17:00,238.0,6.1,1452,218.0,6.2,1352,25152,16047,45.7,404.0
Station_01,Inv_00,20170626,15:18:00,233.5,6.0,1401,218.0,5.9,1286,25152,16047,45.8,387.0
Station_01,Inv_00,20170626,15:19:00,227.5,6.2,1410,218.0,6.0,1308,25152,16047,45.5,396.0
Station_01,Inv_00,20170626,15:20:00,232.3,6.0,1394,218.0,5.9,1286,25152,16047,45.3,387.0
Station_01,Inv_00,20170626,15:21:00,236.4,5.8,1371,218.0,5.9,1286,25152,16047,44.6,382.0
Station_01,Inv_00,20170626,15:22:00,229.5,6.5,1492,218.0,6.4,1395,25152,16047,45.1,419.0
Station_01,Inv_00,20170626,15:23:00,236.0,6.2,1463,218.0,6.4,1395,25152,16047,45.1,420.0
Station_01,Inv_00,20170626,15:24:00,227.5,6.9,1570,218.0,6.7,1461,25152,16047,44.8,438.0
Station_01,Inv_00,20170626,15:25:00,236.9,6.8,1611,218.0,7.0,1526,25152,16047,45.7,442.0
Station_01,Inv_00,20170626,15:26:00,236.5,7.1,1679,218.0,7.3,1591,25152,16047,45.7,464.0
Station_01,Inv_00,20170626,15:27:00,237.4,7.0,1662,218.0,7.1,1548,25152,16047,46.2,461.0
Station_01,Inv_00,20170626,15:28:00,235.0,6.9,1621,218.0,7.0,1526,25152,16047,45.1,450.0
Station_01,Inv_00,20170626,15:29:00,234.9,7.2,1692,218.0,7.2,1570,25152,16047,44.8,464.0
Station_01,Inv_00,20170626,15:30:00,229.0,7.3,1672,218.0,7.2,1570,25152,16047,45.5,467.0
Station_01,Inv_00,20170626,15:31:00,234.5,7.1,1665,218.0,7.2,1570,25152,16047,45.2,463.0
Station_01,Inv_00,20170626,15:32:00,236.0,7.1,1676,218.0,7.2,1570,25152,16047,45.5,455.0
Station_01,Inv_00,20170626,15:33:00,234.4,7.2,1688,218.0,7.3,1591,25152,16047,46.5,469.0
Station_01,Inv_00,20170626,15:34:00,238.5,7.4,1765,218.0,7.5,1635,25152,16047,45.7,478.0
Station_01,Inv_00,20170626,15:35:00,230.0,7.2,1656,218.0,7.2,1570,25152,16047,46.2,466.0
Station_01,Inv_00,20170626,15:36:00,234.5,7.3,1712,218.0,7.3,1591,25152,16047,47.0,469.0
Station_01,Inv_00,20170626,15:37:00,235.0,6.9,1621,218.0,6.9,1504,25152,16047,45.9,453.0
Station_01,Inv_00,20170626,15:38:00,237.0,7.1,1683,218.0,7.2,1570,25152,16047,46.2,458.0
Station_01,Inv_00,20170626,15:39:00,236.5,7.3,1726,218.0,7.4,1613,25152,16047,45.5,473.0
Station_01,Inv_00,20170626,15:40:00,239.0,7.1,1697,219.0,7.4,1621,25152,16047,46.4,471.0
Station_01,Inv_00,20170626,15:41:00,235.0,7.2,1692,219.0,7.3,1599,25152,16047,45.9,473.0
Station_01,Inv_00,20170626,15:42:00,234.0,6.9,1614,218.0,6.8,1482,25152,16047,45.2,442.0
Station_01,Inv_00,20170626,15:43:00,236.9,7.2,1706,218.0,7.2,1570,25152,16047,45.3,468.0
Station_01,Inv_00,20170626,15:44:00,235.5,7.0,1648,218.0,7.2,1570,25152,16047,44.6,470.0
Station_01,Inv_00,20170626,15:45:00,235.0,7.0,1645,219.0,7.1,1555,25152,16047,45.8,463.0
Station_01,Inv_00,20170626,15:46:00,235.5,6.9,1625,219.0,7.1,1555,25152,16047,46.6,458.0
Station_01,Inv_00,20170626,15:47:00,236.0,6.6,1558,218.0,6.8,1482,25152,16047,46.1,443.0
Station_01,Inv_00,20170626,15:48:00,238.4,6.7,1598,219.0,6.7,1467,25152,16047,45.5,436.0
Station_01,Inv_00,20170626,15:49:00,230.5,6.9,1590,219.0,6.9,1511,25152,16047,46.0,444.0
Station_01,Inv_00,20170626,15:50:00,232.5,6.9,1604,218.0,6.8,1482,25152,16047,46.4,442.0
Station_01,Inv_00,20170626,15:51:00,232.5,6.6,1535,218.0,6.5,1417,25153,16048,46.9,438.0
Station_01,Inv_00,20170626,15:52:00,235.5,6.3,1484,219.0,6.4,1402,25153,16048,46.5,427.0
Station_01,Inv_00,20170626,15:53:00,226.5,6.7,1518,219.0,6.5,1424,25153,16048,45.3,435.0
Station_01,Inv_00,20170626,15:54:00,230.5,6.8,1567,218.0,6.7,1461,25153,16048,46.2,449.0
Station_01,Inv_00,20170626,15:55:00,232.4,6.9,1604,219.0,6.8,1489,25153,16048,46.0,447.0
Station_01,Inv_00,20170626,15:56:00,232.1,6.6,1532,219.0,6.7,1467,25153,16048,44.8,449.0
Station_01,Inv_00,20170626,15:57:00,234.9,6.4,1503,219.0,6.6,1445,25153,16048,45.6,436.0
Station_01,Inv_00,20170626,15:58:00,233.4,6.5,1517,218.0,6.4,1395,25153,16048,46.1,435.0
Station_01,Inv_00,20170626,15:59:00,223.1,6.7,1495,219.0,6.3,1380,25153,16048,46.2,428.0
Station_01,Inv_00,20170626,16:00:00,228.0,6.4,1459,219.0,6.3,1380,25153,16048,45.2,424.0
Station_01,Inv_00,20170626,16:01:00,228.0,6.4,1459,219.0,6.3,1380,25153,16048,46.1,423.0
Station_01,Inv_00,20170626,16:02:00,222.5,6.6,1468,219.0,6.4,1402,25153,16048,46.6,422.0
Station_01,Inv_00,20170626,16:03:00,220.0,6.5,1430,219.0,6.2,1358,25153,16048,44.7,426.0
Station_01,Inv_00,20170626,16:04:00,225.6,6.5,1466,219.0,6.2,1358,25153,16048,44.7,418.0
Station_01,Inv_00,20170626,16:05:00,229.6,6.4,1469,219.0,6.2,1358,25153,16048,44.7,419.0
Station_01,Inv_00,20170626,16:06:00,227.0,6.4,1453,219.0,6.2,1358,25153,16048,44.5,414.0
Station_01,Inv_00,20170626,16:07:00,229.0,6.2,1420,219.0,6.1,1336,25153,16048,44.6,408.0
Station_01,Inv_00,20170626,16:08:00,228.5,6.6,1508,219.0,6.4,1402,25153,16048,44.2,426.0
Station_01,Inv_00,20170626,16:09:00,229.0,6.4,1466,219.0,6.4,1402,25153,16048,44.1,431.0
Station_01,Inv_00,20170626,16:10:00,227.8,6.5,1481,219.0,6.3,1380,25153,16048,44.6,421.0
Station_01,Inv_00,20170626,16:11:00,227.3,6.3,1432,219.0,6.2,1358,25153,16048,44.1,417.0
Station_01,Inv_00,20170626,16:12:00,230.0,6.2,1426,219.0,6.1,1336,25153,16048,44.4,411.0
Station_01,Inv_00,20170626,16:13:00,227.5,6.2,1411,219.0,6.0,1314,25153,16048,44.1,401.0
Station_01,Inv_00,20170626,16:14:00,230.0,6.0,1380,219.0,6.0,1314,25153,16048,44.9,392.0
Station_01,Inv_00,20170626,16:15:00,231.5,5.9,1366,219.0,5.8,1270,25153,16048,44.8,382.0
Station_01,Inv_00,20170626,16:16:00,235.5,5.6,1319,219.0,5.7,1248,25153,16048,44.2,376.0
Station_01,Inv_00,20170626,16:17:00,238.4,5.6,1335,218.0,5.6,1221,25153,16048,44.7,370.0
Station_01,Inv_00,20170626,16:18:00,235.5,5.7,1342,219.0,5.6,1226,25153,16048,44.6,370.0
Station_01,Inv_00,20170626,16:19:00,234.5,5.7,1336,219.0,5.7,1248,25153,16048,44.0,377.0
Station_01,Inv_00,20170626,16:20:00,234.0,5.8,1357,219.0,5.7,1248,25153,16048,43.3,378.0
Station_01,Inv_00,20170626,16:21:00,212.5,5.7,1211,219.0,5.2,1139,25153,16048,43.5,364.0
Station_01,Inv_00,20170626,16:22:00,235.0,5.5,1292,219.0,5.6,1226,25153,16048,43.1,366.0
Station_01,Inv_00,20170626,16:23:00,233.0,5.6,1305,219.0,5.6,1226,25153,16048,43.4,369.0
Station_01,Inv_00,20170626,16:24:00,238.0,5.6,1333,219.0,5.6,1226,25153,16048,43.5,369.0
Station_01,Inv_00,20170626,16:25:00,238.5,5.4,1288,219.0,5.5,1205,25153,16048,43.6,363.0
Station_01,Inv_00,20170626,16:26:00,235.5,5.3,1248,219.0,5.4,1183,25153,16048,43.4,354.0
Station_01,Inv_00,20170626,16:27:00,232.0,5.2,1206,219.0,5.2,1139,25153,16048,43.5,345.0
Station_01,Inv_00,20170626,16:28:00,237.5,5.0,1188,219.0,5.1,1117,25153,16048,43.6,339.0
Station_01,Inv_00,20170626,16:29:00,237.9,5.0,1189,219.0,5.1,1117,25153,16048,43.1,337.0
Station_01,Inv_00,20170626,16:30:00,238.4,4.9,1168,219.0,4.9,1073,25153,16048,42.2,329.0
Station_01,Inv_00,20170626,16:31:00,233.5,4.7,1097,219.0,4.8,1051,25153,16048,42.7,315.0
Station_01,Inv_00,20170626,16:32:00,234.5,4.7,1102,219.0,4.8,1051,25153,16048,42.3,320.0
Station_01,Inv_00,20170626,16:33:00,238.5,4.6,1097,219.0,4.6,1007,25153,16048,41.5,308.0
Station_01,Inv_00,20170626,16:34:00,235.5,4.7,1107,219.0,4.6,1007,25153,16048,42.0,307.0
Station_01,Inv_00,20170626,16:35:00,240.0,4.3,1032,219.0,4.5,986,25154,16048,41.5,299.0
Station_01,Inv_00,20170626,16:36:00,236.0,4.2,991,217.0,4.3,933,25154,16048,41.5,306.0
Station_01,Inv_00,20170626,16:37:00,239.0,4.1,980,217.0,4.1,890,25154,16048,40.9,280.0
Station_01,Inv_00,20170626,16:38:00,236.0,4.0,944,216.0,4.0,864,25154,16048,40.7,269.0
Station_01,Inv_00,20170626,16:39:00,235.8,3.8,896,217.0,3.9,846,25154,16048,40.7,258.0
Station_01,Inv_00,20170626,16:40:00,226.0,3.8,859,217.0,3.8,825,25154,16048,40.4,252.0
Station_01,Inv_00,20170626,16:41:00,236.5,3.7,875,217.0,3.8,825,25154,16048,40.5,247.0
Station_01,Inv_00,20170626,16:42:00,236.0,3.7,873,216.0,3.8,821,25154,16048,40.1,245.0
Station_01,Inv_00,20170626,16:43:00,237.5,3.5,831,217.0,3.6,781,25154,16048,39.6,240.0
Station_01,Inv_00,20170626,16:44:00,236.3,3.6,851,216.0,3.6,778,25154,16048,39.3,240.0
Station_01,Inv_00,20170626,16:45:00,237.0,3.4,806,217.0,3.6,781,25154,16048,38.8,236.0
Station_01,Inv_00,20170626,16:46:00,234.9,3.7,869,217.0,3.7,803,25154,16048,38.8,243.0
Station_01,Inv_00,20170626,16:47:00,232.0,3.6,835,217.0,3.6,781,25154,16048,38.6,244.0
Station_01,Inv_00,20170626,16:48:00,234.5,3.6,844,217.0,3.6,781,25154,16048,38.1,241.0
Station_01,Inv_00,20170626,16:49:00,233.5,3.6,841,217.0,3.6,781,25154,16048,38.4,239.0
Station_01,Inv_00,20170626,16:50:00,235.0,3.4,799,217.0,3.6,781,25154,16048,38.4,237.0
Station_01,Inv_00,20170626,16:51:00,241.0,3.4,819,217.0,3.6,781,25154,16048,38.1,234.0
Station_01,Inv_00,20170626,16:52:00,234.9,3.4,799,217.0,3.6,781,25154,16048,38.2,231.0
Station_01,Inv_00,20170626,16:53:00,238.0,3.3,785,217.0,3.5,760,25154,16048,37.8,233.0
Station_01,Inv_00,20170626,16:54:00,244.5,3.3,807,217.0,3.5,760,25154,16048,37.9,231.0
Station_01,Inv_00,20170626,16:55:00,234.5,3.3,774,218.0,3.4,741,25154,16048,37.7,227.0
Station_01,Inv_00,20170626,16:56:00,238.5,3.2,763,217.0,3.3,716,25154,16048,37.5,219.0
Station_01,Inv_00,20170626,16:57:00,238.0,3.3,785,218.0,3.4,741,25154,16048,37.3,225.0
Station_01,Inv_00,20170626,16:58:00,239.0,3.2,765,218.0,3.3,719,25154,16048,36.9,221.0
Station_01,Inv_00,20170626,16:59:00,240.5,3.2,770,218.0,3.3,719,25154,16048,37.1,220.0
Station_01,Inv_00,20170626,17:00:00,241.0,3.0,723,218.0,3.2,698,25154,16048,37.3,214.0
Station_01,Inv_00,20170626,17:01:00,241.5,3.0,724,218.0,3.1,676,25154,16048,37.1,212.0
Station_01,Inv_00,20170626,17:02:00,232.0,3.1,719,218.0,3.1,676,25154,16048,37.0,209.0
Station_01,Inv_00,20170626,17:03:00,241.0,2.9,699,218.0,3.1,676,25154,16048,37.2,209.0
Station_01,Inv_00,20170626,17:04:00,236.5,3.0,710,218.0,3.1,676,25154,16048,36.9,207.0
Station_01,Inv_00,20170626,17:05:00,241.3,3.0,724,219.0,3.1,679,25154,16048,36.9,208.0
Station_01,Inv_00,20170626,17:06:00,237.0,3.0,711,218.0,3.1,676,25154,16048,36.9,207.0
Station_01,Inv_00,20170626,17:07:00,237.3,3.0,712,217.0,3.1,673,25154,16048,36.8,207.0
Station_01,Inv_00,20170626,17:08:00,239.0,2.9,693,216.0,3.1,670,25154,16048,36.8,207.0
Station_01,Inv_00,20170626,17:09:00,239.0,2.8,669,217.0,3.0,651,25154,16048,36.7,201.0
Station_01,Inv_00,20170626,17:10:00,241.5,2.7,652,217.0,3.0,651,25154,16048,36.6,197.0
Station_01,Inv_00,20170626,17:11:00,239.5,2.7,647,217.0,3.0,651,25154,16048,36.7,182.0
Station_01,Inv_00,20170626,17:12:00,239.5,2.8,671,217.0,2.9,629,25154,16048,36.8,149.0
Station_01,Inv_00,20170626,17:13:00,235.0,2.7,634,217.0,2.8,608,25154,16048,36.7,133.0
Station_01,Inv_00,20170626,17:14:00,238.2,2.6,619,216.0,2.7,583,25154,16048,36.5,130.0
Station_01,Inv_00,20170626,17:15:00,239.1,2.6,622,216.0,2.6,562,25154,16048,35.9,127.0
Station_01,Inv_00,20170626,17:16:00,241.7,2.4,580,216.0,2.5,540,25154,16048,35.9,134.0
Station_01,Inv_00,20170626,17:17:00,225.0,2.5,563,218.0,2.5,545,25154,16048,35.6,124.0
Station_01,Inv_00,20170626,17:18:00,235.5,2.4,565,217.0,2.4,521,25154,16048,35.2,121.0
Station_01,Inv_00,20170626,17:19:00,227.1,2.5,568,217.0,2.5,543,25154,16048,34.9,121.0
Station_01,Inv_00,20170626,17:20:00,229.0,2.4,550,216.0,2.4,518,25154,16048,34.8,119.0
Station_01,Inv_00,20170626,17:21:00,221.4,2.3,509,216.0,2.4,518,25154,16048,34.8,118.0
Station_01,Inv_00,20170626,17:22:00,226.5,2.2,498,216.0,2.2,475,25154,16048,34.5,117.0
Station_01,Inv_00,20170626,17:23:00,231.4,2.1,486,216.0,2.1,454,25154,16048,34.6,116.0
Station_01,Inv_00,20170626,17:24:00,234.3,2.0,469,216.0,2.0,432,25154,16048,34.3,118.0
Station_01,Inv_00,20170626,17:25:00,237.0,1.9,450,215.0,2.0,430,25154,16048,34.2,114.0
Station_01,Inv_00,20170626,17:26:00,237.2,1.9,451,215.0,2.0,430,25154,16048,34.3,112.0
Station_01,Inv_00,20170626,17:27:00,235.4,1.9,447,216.0,2.0,432,25154,16048,34.1,113.0
Station_01,Inv_00,20170626,17:28:00,247.3,1.8,445,216.0,2.0,432,25154,16048,34.1,113.0
Station_01,Inv_00,20170626,17:29:00,239.6,1.8,431,217.0,2.0,434,25154,16048,33.9,110.0
Station_01,Inv_00,20170626,17:30:00,245.5,1.7,417,218.0,1.9,414,25154,16048,33.9,109.0
Station_01,Inv_00,20170626,17:31:00,244.7,1.7,416,217.0,1.8,391,25154,16048,33.9,108.0
Station_01,Inv_00,20170626,17:32:00,239.3,1.6,383,216.0,1.7,367,25154,16048,33.6,107.0
Station_01,Inv_00,20170626,17:33:00,232.6,1.6,372,215.0,1.7,366,25154,16048,33.7,105.0
Station_01,Inv_00,20170626,17:34:00,239.9,1.6,384,215.0,1.7,366,25154,16048,33.7,104.0
Station_01,Inv_00,20170626,17:35:00,226.7,1.6,363,215.0,1.6,344,25154,16048,33.6,105.0
Station_01,Inv_00,20170626,17:36:00,235.6,1.5,353,216.0,1.5,324,25154,16048,33.5,102.0
Station_01,Inv_00,20170626,17:37:00,228.7,1.5,343,217.0,1.5,326,25154,16048,33.4,101.0
Station_01,Inv_00,20170626,17:38:00,228.4,1.4,320,217.0,1.5,326,25154,16048,33.4,100.0
Station_01,Inv_00,20170626,17:39:00,234.9,1.3,305,215.0,1.4,301,25154,16048,33.3,99.0
Station_01,Inv_00,20170626,17:40:00,241.5,1.3,314,215.0,1.4,301,25154,16048,33.3,97.0
Station_01,Inv_00,20170626,17:41:00,241.7,1.3,314,215.0,1.4,301,25154,16048,33.3,96.0
Station_01,Inv_00,20170626,17:42:00,225.0,1.2,270,215.0,1.3,280,25154,16048,33.4,96.0
Station_01,Inv_00,20170626,17:43:00,236.5,1.2,284,215.0,1.3,280,25154,16048,33.3,94.0
Station_01,Inv_00,20170626,17:44:00,195.8,1.2,235,215.0,1.1,237,25154,16048,33.2,92.0
Station_01,Inv_00,20170626,17:45:00,233.6,1.1,257,215.0,1.3,280,25154,16048,33.2,94.0
Station_01,Inv_00,20170626,17:46:00,238.8,1.1,263,215.0,1.2,258,25154,16048,33.1,89.0
Station_01,Inv_00,20170626,17:47:00,239.5,1.1,263,216.0,1.2,259,25154,16048,33.0,88.0
Station_01,Inv_00,20170626,17:48:00,228.0,1.0,228,215.0,1.2,258,25154,16048,32.9,87.0
Station_01,Inv_00,20170626,17:49:00,231.0,1.0,231,215.0,1.2,258,25154,16048,32.9,86.0
Station_01,Inv_00,20170626,17:50:00,230.2,1.0,230,215.0,1.1,237,25154,16048,32.8,84.0
Station_01,Inv_00,20170626,17:51:00,225.0,1.0,225,215.0,1.1,237,25154,16048,32.7,83.0
Station_01,Inv_00,20170626,17:52:00,206.0,1.0,206,216.0,1.0,216,25154,16048,32.6,81.0
Station_01,Inv_00,20170626,17:53:00,227.0,1.0,227,215.0,1.1,237,25154,16048,32.6,82.0
Station_01,Inv_00,20170626,17:54:00,228.0,0.9,205,215.0,1.0,215,25154,16048,32.6,78.0
Station_01,Inv_00,20170626,17:55:00,231.5,0.8,185,215.0,1.0,215,25154,16048,32.6,78.0
Station_01,Inv_00,20170626,17:56:00,176.4,0.9,159,215.0,0.9,194,25154,16048,32.5,76.0
Station_01,Inv_00,20170626,17:57:00,213.8,0.9,192,215.0,1.0,215,25154,16048,32.5,83.0
Station_01,Inv_00,20170626,17:58:00,226.0,0.8,181,215.0,1.0,215,25154,16048,32.4,75.0
Station_01,Inv_00,20170626,17:59:00,231.0,0.8,185,217.0,1.0,217,25154,16048,32.4,72.0
Station_01,Inv_00,20170626,18:00:00,229.5,0.8,184,217.0,1.0,217,25154,16048,32.3,71.0
Station_01,Inv_00,20170626,18:01:00,157.0,0.8,126,215.0,0.7,151,25154,16048,32.2,71.0
Station_01,Inv_00,20170626,18:02:00,210.0,0.8,168,216.0,0.9,194,25154,16048,32.1,83.0
Station_01,Inv_00,20170626,18:03:00,222.0,0.7,155,216.0,1.0,216,25154,16048,32.0,68.0
Station_01,Inv_00,20170626,18:04:00,149.0,0.8,119,216.0,0.7,151,25154,16048,32.0,70.0
Station_01,Inv_00,20170626,18:05:00,206.3,0.8,165,216.0,0.9,194,25154,16048,32.0,66.0
Station_01,Inv_00,20170626,18:06:00,213.0,0.7,149,215.0,0.9,194,25154,16048,32.0,65.0
Station_01,Inv_00,20170626,18:07:00,227.7,0.7,159,216.0,0.9,194,25154,16048,31.9,64.0
Station_01,Inv_00,20170626,18:08:00,223.3,0.7,156,217.0,0.9,195,25154,16048,31.9,62.0
Station_01,Inv_00,20170626,18:09:00,219.0,0.6,131,217.0,0.8,174,25154,16048,31.8,61.0
Station_01,Inv_00,20170626,18:10:00,225.0,0.6,135,217.0,0.8,174,25154,16048,31.7,74.0
Station_01,Inv_00,20170626,18:11:00,226.5,0.6,136,217.0,0.8,174,25154,16048,31.6,59.0
Station_01,Inv_00,20170626,18:12:00,215.5,0.6,129,216.0,0.7,151,25154,16048,31.5,58.0
Station_01,Inv_00,20170626,18:13:00,226.5,0.6,136,217.0,0.7,152,25154,16048,31.5,57.0
Station_01,Inv_00,20170626,18:14:00,220.0,0.6,132,216.0,0.7,151,25154,16048,31.5,68.0
Station_01,Inv_00,20170626,18:15:00,207.4,0.5,104,215.0,0.7,151,25154,16048,31.4,54.0
Station_01,Inv_00,20170626,18:16:00,218.0,0.5,109,218.0,0.6,131,25154,16048,31.4,53.0
Station_01,Inv_00,20170626,18:17:00,221.0,0.6,133,217.0,0.6,130,25154,16048,31.3,52.0
Station_01,Inv_00,20170626,18:18:00,215.0,0.6,129,218.0,0.6,131,25154,16048,31.2,51.0
Station_01,Inv_00,20170626,18:19:00,206.4,0.5,103,218.0,0.5,109,25154,16048,31.2,49.0
Station_01,Inv_00,20170626,18:20:00,228.0,0.4,91,218.0,0.5,109,25154,16048,31.2,49.0
Station_01,Inv_00,20170626,18:21:00,222.0,0.4,89,218.0,0.5,109,25154,16048,31.1,66.0
Station_01,Inv_00,20170626,18:22:00,214.0,0.5,107,218.0,0.5,109,25154,16048,31.1,61.0
Station_01,Inv_00,20170626,18:23:00,215.0,0.4,86,217.0,0.5,109,25154,16048,30.9,47.0
Station_01,Inv_00,20170626,18:24:00,220.5,0.4,88,218.0,0.5,109,25154,16048,30.9,43.0
Station_01,Inv_00,20170626,18:25:00,211.0,0.3,63,217.0,0.5,109,25154,16048,30.9,41.0
Station_01,Inv_00,20170626,18:26:00,220.0,0.3,66,217.0,0.5,109,25154,16048,30.8,40.0
Station_01,Inv_00,20170626,18:27:00,199.0,0.3,60,217.0,0.5,109,25154,16048,30.7,39.0
Station_01,Inv_00,20170626,18:28:00,164.0,0.3,49,218.0,0.4,87,25154,16048,30.7,49.0
Station_01,Inv_00,20170626,18:29:00,151.0,0.2,30,218.0,0.4,87,25154,16048,30.5,36.0
Station_01,Inv_00,20170626,18:30:00,153.0,0.3,46,218.0,0.4,87,25154,16048,30.5,35.0
Station_01,Inv_00,20170626,18:31:00,155.7,0.3,47,218.0,0.4,87,25154,16048,30.4,37.0
Station_01,Inv_00,20170626,18:32:00,172.5,0.2,35,218.0,0.4,87,25154,16048,30.4,34.0
Station_01,Inv_00,20170626,18:33:00,165.0,0.1,17,218.0,0.4,87,25154,16048,30.3,31.0
Station_01,Inv_00,20170626,18:34:00,185.0,0.2,37,219.0,0.4,88,25154,16048,30.1,30.0
Station_01,Inv_00,20170626,18:35:00,184.0,0.2,37,219.0,0.4,88,25154,16048,30.2,29.0
Station_01,Inv_00,20170626,18:36:00,208.0,0.2,42,218.0,0.4,87,25154,16048,30.1,30.0
Station_01,Inv_00,20170626,18:37:00,0.0,0.0,0,217.0,0.4,87,25154,16048,30.0,29.0
Station_01,Inv_00,20170626,18:38:00,0.0,0.0,0,217.0,0.4,87,25154,16048,30.1,556.0
Station_01,Inv_00,20170626,18:39:00,0.0,0.0,0,217.0,0.4,87,25154,16048,30.0,25.0
Station_01,Inv_00,20170626,18:40:00,0.0,0.0,0,217.0,0.4,87,25154,16048,29.9,24.0
Station_01,Inv_00,20170626,18:41:00,0.0,0.0,0,217.0,0.4,87,25154,16048,29.8,23.0
Station_01,Inv_00,20170626,18:42:00,0.0,0.0,0,216.0,0.4,86,25154,16048,29.7,22.0
Station_01,Inv_00,20170626,18:43:00,0.0,0.0,0,216.0,0.4,86,25154,16048,29.6,22.0
Station_01,Inv_00,20170626,18:44:00,0.0,0.0,0,216.0,0.4,86,25154,16048,29.5,21.0
Station_01,Inv_00,20170626,18:45:00,0.0,0.0,0,216.0,0.4,86,25154,16048,29.5,20.0
Station_01,Inv_00,20170626,18:46:00,0.0,0.0,0,216.0,0.4,86,25154,16048,29.4,25.0
Station_01,Inv_00,20170626,18:47:00,0.0,0.0,0,216.0,0.4,86,25154,16048,29.4,19.0
Station_01,Inv_00,20170626,18:48:00,0.0,0.0,0,216.0,0.4,86,25154,16048,29.3,20.0
Station_01,Inv_00,20170626,18:49:00,0.0,0.0,0,216.0,0.4,86,25154,16048,29.2,19.0
Station_01,Inv_00,20170626,18:50:00,0.0,0.0,0,216.0,0.4,86,25154,16048,29.2,34.0
Station_01,Inv_00,20170626,18:51:00,0.0,0.0,0,216.0,0.4,86,25154,16048,29.2,18.0
Station_01,Inv_00,20170626,18:52:00,0.0,0.0,0,216.0,0.4,86,25154,16048,29.2,18.0
Station_01,Inv_00,20170626,18:53:00,0.0,0.0,0,216.0,0.4,86,25154,16048,29.1,18.0
Station_01,Inv_00,20170626,18:54:00,0.0,0.0,0,216.0,0.4,86,25154,16048,29.1,18.0
Station_01,Inv_00,20170626,18:55:00,0.0,0.0,0,216.0,0.4,86,25154,16048,29.1,18.0
Station_01,Inv_00,20170626,18:56:00,0.0,0.0,0,216.0,0.4,86,25154,16048,29.1,18.0
Station_01,Inv_00,20170626,18:57:00,0.0,0.0,0,216.0,0.4,86,25154,16048,28.9,18.0
Station_01,Inv_00,20170626,18:58:00,0.0,0.0,0,216.0,0.4,86,25154,16048,28.9,18.0
Station_01,Inv_00,20170626,18:59:00,0.0,0.0,0,216.0,0.4,86,25154,16048,29.0,17.0
Station_01,Inv_00,20170626,19:00:00,0.0,0.0,0,216.0,0.4,86,25154,16048,28.9,18.0
Station_01,Inv_00,20170626,19:01:00,0.0,0.0,0,216.0,0.4,86,25154,16048,28.9,18.0
Station_01,Inv_00,20170626,19:02:00,0.0,0.0,0,216.0,0.4,86,25154,16048,28.8,19.0
Station_01,Inv_00,20170626,19:03:00,0.0,0.0,0,216.0,0.4,86,25154,16048,28.7,17.0
Station_01,Inv_00,20170626,19:04:00,0.0,0.0,0,216.0,0.4,86,25154,16048,28.7,17.0
Station_01,Inv_00,20170626,19:05:00,0.0,0.0,0,216.0,0.4,86,25154,16048,28.6,17.0
Station_01,Inv_00,20170626,19:06:00,0.0,0.0,0,216.0,0.4,86,25154,16048,28.6,18.0
Station_01,Inv_00,20170626,19:07:00,0.0,0.0,0,216.0,0.4,86,25154,16048,28.6,17.0
Station_01,Inv_00,20170626,19:08:00,0.0,0.0,0,216.0,0.4,86,25154,16048,28.6,17.0
Station_01,Inv_00,20170626,19:09:00,0.0,0.0,0,216.0,0.4,86,25154,16048,28.6,17.0
Station_01,Inv_00,20170626,19:10:00,0.0,0.0,0,216.0,0.4,86,25154,16048,28.5,19.0
Station_01,Inv_00,20170626,19:11:00,0.0,0.0,0,216.0,0.4,86,25154,16048,28.4,17.0
Station_01,Inv_00,20170626,19:12:00,0.0,0.0,0,216.0,0.4,86,25154,16048,28.5,18.0
Station_01,Inv_00,20170626,19:13:00,0.0,0.0,0,216.0,0.4,86,25154,16048,28.5,17.0
Station_01,Inv_00,20170626,19:14:00,0.0,0.0,0,216.0,0.4,86,25154,16048,28.5,24.0
Station_01,Inv_00,20170626,19:15:00,0.0,0.0,0,216.0,0.4,86,25154,16048,28.5,17.0
Station_01,Inv_00,20170626,19:16:00,0.0,0.0,0,216.0,0.4,86,25154,16048,28.5,18.0
Station_01,Inv_00,20170626,19:17:00,0.0,0.0,0,216.0,0.4,86,25154,16048,28.6,23.0
Station_01,Inv_00,20170626,19:18:00,0.0,0.0,0,216.0,0.4,86,25154,16048,28.5,18.0
Station_01,Inv_00,20170626,19:19:00,0.0,0.0,0,216.0,0.4,86,25154,16048,28.5,17.0
Station_01,Inv_00,20170626,19:20:00,0.0,0.0,0,216.0,0.4,86,25154,16048,28.5,18.0
Station_01,Inv_00,20170626,19:21:00,0.0,0.0,0,216.0,0.4,86,25154,16048,28.5,17.0
Station_01,Inv_00,20170626,19:22:00,0.0,0.0,0,216.0,0.4,86,25154,16048,28.5,17.0
Station_01,Inv_00,20170626,19:23:00,0.0,0.0,0,216.0,0.4,86,25154,16048,28.6,19.0
Station_01,Inv_00,20170626,19:24:00,0.0,0.0,0,216.0,0.4,86,25154,16048,28.6,19.0
Station_01,Inv_00,20170626,19:25:00,0.0,0.0,0,216.0,0.4,86,25154,16048,28.7,17.0
Station_01,Inv_00,20170626,19:26:00,0.0,0.0,0,216.0,0.4,86,25154,16048,28.8,17.0
Station_01,Inv_00,20170626,19:27:00,0.0,0.0,0,216.0,0.4,86,25154,16048,28.6,17.0
Station_01,Inv_00,20170626,19:28:00,0.0,0.0,0,216.0,0.4,86,25154,16048,28.7,17.0
Station_01,Inv_00,20170626,19:29:00,0.0,0.0,0,216.0,0.4,86,25154,16048,28.7,17.0
Station_01,Inv_00,20170626,19:30:00,0.0,0.0,0,216.0,0.4,86,25154,16048,28.6,17.0
Station_01,Inv_00,20170626,19:31:00,0.0,0.0,0,216.0,0.4,86,25154,16048,28.6,17.0
Station_01,Inv_00,20170626,19:32:00,0.0,0.0,0,216.0,0.4,86,25154,16048,28.6,17.0
Station_01,Inv_00,20170626,19:33:00,0.0,0.0,0,216.0,0.4,86,25154,16048,28.6,17.0
Station_01,Inv_00,20170626,19:34:00,0.0,0.0,0,216.0,0.4,86,25154,16048,28.6,18.0
Station_01,Inv_00,20170626,19:35:00,0.0,0.0,0,216.0,0.4,86,25154,16048,28.6,19.0
Station_01,Inv_00,20170626,19:36:00,0.0,0.0,0,216.0,0.4,86,25154,16048,28.6,17.0
Station_01,Inv_00,20170626,19:37:00,0.0,0.0,0,216.0,0.4,86,25154,16048,28.7,18.0
Station_01,Inv_00,20170626,19:38:00,0.0,0.0,0,216.0,0.4,86,25154,16048,28.6,17.0
Station_01,Inv_00,20170626,19:39:00,0.0,0.0,0,216.0,0.4,86,25154,16048,28.5,18.0
Station_01,Inv_00,20170626,19:40:00,0.0,0.0,0,216.0,0.4,86,25154,16048,28.6,20.0
Station_01,Inv_00,20170626,19:41:00,0.0,0.0,0,216.0,0.4,86,25154,16048,28.6,18.0
Station_01,Inv_00,20170626,19:42:00,0.0,0.0,0,216.0,0.4,86,25154,16048,28.5,17.0
Station_01,Inv_00,20170626,19:43:00,0.0,0.0,0,216.0,0.4,86,25154,16048,28.5,17.0
Station_01,Inv_00,20170626,19:44:00,0.0,0.0,0,216.0,0.4,86,25154,16048,28.5,17.0
Station_01,Inv_00,20170626,19:45:00,0.0,0.0,0,216.0,0.4,86,25154,16048,28.6,17.0
Station_01,Inv_00,20170626,19:46:00,0.0,0.0,0,216.0,0.4,86,25154,16048,28.6,17.0
Station_01,Inv_00,20170626,19:47:00,0.0,0.0,0,216.0,0.4,86,25154,16048,28.5,17.0
Station_01,Inv_00,20170626,19:48:00,0.0,0.0,0,216.0,0.4,86,25154,16048,28.6,18.0
Station_01,Inv_00,20170626,19:49:00,0.0,0.0,0,216.0,0.4,86,25154,16048,28.6,17.0
Station_01,Inv_00,20170626,19:50:00,0.0,0.0,0,216.0,0.4,86,25154,16048,28.7,18.0
Station_01,Inv_00,20170626,19:51:00,0.0,0.0,0,216.0,0.4,86,25154,16048,28.6,17.0
Station_01,Inv_00,20170626,19:52:00,0.0,0.0,0,216.0,0.4,86,25154,16048,28.6,17.0
Station_01,Inv_00,20170626,19:53:00,0.0,0.0,0,216.0,0.4,86,25154,16048,28.5,17.0
Station_01,Inv_00,20170626,19:54:00,0.0,0.0,0,216.0,0.4,86,25154,16048,28.5,17.0
Station_01,Inv_00,20170626,19:55:00,0.0,0.0,0,216.0,0.4,86,25154,16048,28.5,17.0
Station_01,Inv_00,20170626,19:56:00,0.0,0.0,0,216.0,0.4,86,25154,16048,28.6,17.0
Station_01,Inv_00,20170626,19:57:00,0.0,0.0,0,216.0,0.4,86,25154,16048,28.6,17.0
Station_01,Inv_00,20170626,19:58:00,0.0,0.0,0,216.0,0.4,86,25154,16048,28.6,17.0
Station_01,Inv_00,20170626,19:59:00,0.0,0.0,0,216.0,0.4,86,25154,16048,28.6,18.0
Station_01,Inv_00,20170626,20:00:00,0.0,0.0,0,216.0,0.4,86,25154,16048,28.6,17.0
