Station_01,Inv_00,20170707,05:00:00,0.0,0.0,0,220.0,0.2,44,25328,16159,24.0,19.0
Station_01,Inv_00,20170707,05:01:00,0.0,0.0,0,220.0,0.2,44,25328,16159,24.0,19.0
Station_01,Inv_00,20170707,05:02:00,0.0,0.0,0,220.0,0.2,44,25328,16159,23.9,19.0
Station_01,Inv_00,20170707,05:03:00,0.0,0.0,0,220.0,0.2,44,25328,16159,24.1,19.0
Station_01,Inv_00,20170707,05:04:00,0.0,0.0,0,220.0,0.2,44,25328,16159,24.4,19.0
Station_01,Inv_00,20170707,05:05:00,0.0,0.0,0,220.0,0.2,44,25328,16159,24.4,19.0
Station_01,Inv_00,20170707,05:06:00,0.0,0.0,0,220.0,0.2,44,25328,16159,24.4,19.0
Station_01,Inv_00,20170707,05:07:00,0.0,0.0,0,220.0,0.2,44,25328,16159,24.4,20.0
Station_01,Inv_00,20170707,05:08:00,0.0,0.0,0,220.0,0.2,44,25328,16159,24.4,19.0
Station_01,Inv_00,20170707,05:09:00,0.0,0.0,0,220.0,0.2,44,25328,16159,24.3,19.0
Station_01,Inv_00,20170707,05:10:00,0.0,0.0,0,220.0,0.2,44,25328,16159,24.3,19.0
Station_01,Inv_00,20170707,05:11:00,0.0,0.0,0,220.0,0.2,44,25328,16159,24.3,19.0
Station_01,Inv_00,20170707,05:12:00,0.0,0.0,0,220.0,0.2,44,25328,16159,24.4,19.0
Station_01,Inv_00,20170707,05:13:00,0.0,0.0,0,220.0,0.2,44,25328,16159,24.3,20.0
Station_01,Inv_00,20170707,05:14:00,0.0,0.0,0,220.0,0.2,44,25328,16159,24.2,20.0
Station_01,Inv_00,20170707,05:15:00,0.0,0.0,0,220.0,0.2,44,25328,16159,24.3,20.0
Station_01,Inv_00,20170707,05:16:00,0.0,0.0,0,220.0,0.2,44,25328,16159,24.4,451.0
Station_01,Inv_00,20170707,05:17:00,0.0,0.0,0,220.0,0.2,44,25328,16159,24.4,21.0
Station_01,Inv_00,20170707,05:18:00,0.0,0.0,0,220.0,0.2,44,25328,16159,24.5,21.0
Station_01,Inv_00,20170707,05:19:00,0.0,0.0,0,220.0,0.2,44,25328,16159,24.4,21.0
Station_01,Inv_00,20170707,05:20:00,0.0,0.0,0,220.0,0.2,44,25328,16159,24.4,22.0
Station_01,Inv_00,20170707,05:21:00,0.0,0.0,0,220.0,0.2,44,25328,16159,24.4,22.0
Station_01,Inv_00,20170707,05:22:00,0.0,0.0,0,220.0,0.2,44,25328,16159,24.5,453.0
Station_01,Inv_00,20170707,05:23:00,0.0,0.0,0,220.0,0.2,44,25328,16159,24.6,23.0
Station_01,Inv_00,20170707,05:24:00,0.0,0.0,0,220.0,0.2,44,25328,16159,24.5,24.0
Station_01,Inv_00,20170707,05:25:00,0.0,0.0,0,220.0,0.2,44,25328,16159,24.5,25.0
Station_01,Inv_00,20170707,05:26:00,0.0,0.0,0,220.0,0.2,44,25328,16159,24.6,26.0
Station_01,Inv_00,20170707,05:27:00,0.0,0.0,0,220.0,0.2,44,25328,16159,24.7,27.0
Station_01,Inv_00,20170707,05:28:00,0.0,0.0,0,222.0,0.5,111,25328,16159,24.8,28.0
Station_01,Inv_00,20170707,05:29:00,0.0,0.0,0,222.0,0.5,111,25328,16159,24.8,29.0
Station_01,Inv_00,20170707,05:30:00,0.0,0.0,0,222.0,0.5,111,25328,16159,24.9,30.0
Station_01,Inv_00,20170707,05:31:00,0.0,0.0,0,221.0,0.5,111,25328,16159,24.9,31.0
Station_01,Inv_00,20170707,05:32:00,0.0,0.0,0,221.0,0.5,111,25328,16159,25.0,32.0
Station_01,Inv_00,20170707,05:33:00,255.0,0.2,51,216.0,0.8,173,25328,16159,25.0,463.0
Station_01,Inv_00,20170707,05:34:00,226.0,0.1,23,216.0,0.4,86,25328,16159,25.0,34.0
Station_01,Inv_00,20170707,05:35:00,202.0,0.3,61,215.0,0.4,86,25328,16159,25.0,35.0
Station_01,Inv_00,20170707,05:36:00,201.0,0.3,60,215.0,0.4,86,25328,16159,25.1,36.0
Station_01,Inv_00,20170707,05:37:00,198.3,0.3,60,216.0,0.5,108,25328,16159,25.1,37.0
Station_01,Inv_00,20170707,05:38:00,197.7,0.3,59,216.0,0.5,108,25328,16159,25.2,38.0
Station_01,Inv_00,20170707,05:39:00,213.0,0.3,64,216.0,0.5,108,25328,16159,25.2,39.0
Station_01,Inv_00,20170707,05:40:00,214.7,0.3,64,216.0,0.5,108,25328,16159,25.3,41.0
Station_01,Inv_00,20170707,05:41:00,215.0,0.3,65,216.0,0.5,108,25328,16159,25.3,42.0
Station_01,Inv_00,20170707,05:42:00,231.5,0.4,93,217.0,0.5,109,25328,16159,25.5,44.0
Station_01,Inv_00,20170707,05:43:00,212.0,0.4,85,216.0,0.5,108,25328,16159,25.4,45.0
Station_01,Inv_00,20170707,05:44:00,206.0,0.4,82,216.0,0.5,108,25328,16159,25.5,46.0
Station_01,Inv_00,20170707,05:45:00,204.0,0.5,102,217.0,0.5,109,25328,16159,25.6,48.0
Station_01,Inv_00,20170707,05:46:00,206.4,0.5,103,216.0,0.5,108,25328,16159,25.6,50.0
Station_01,Inv_00,20170707,05:47:00,222.0,0.4,89,216.0,0.6,130,25328,16159,25.7,52.0
Station_01,Inv_00,20170707,05:48:00,223.8,0.5,112,216.0,0.6,130,25328,16159,25.9,53.0
Station_01,Inv_00,20170707,05:49:00,218.5,0.6,131,216.0,0.6,130,25328,16159,25.9,55.0
Station_01,Inv_00,20170707,05:50:00,221.5,0.6,133,216.0,0.7,151,25328,16159,26.0,57.0
Station_01,Inv_00,20170707,05:51:00,187.4,0.5,94,216.0,0.6,130,25328,16159,26.0,59.0
Station_01,Inv_00,20170707,05:52:00,224.5,0.6,135,217.0,0.8,174,25328,16159,26.1,60.0
Station_01,Inv_00,20170707,05:53:00,219.0,0.7,153,217.0,0.8,174,25328,16159,26.2,62.0
Station_01,Inv_00,20170707,05:54:00,236.0,0.7,165,216.0,0.9,194,25328,16159,26.4,64.0
Station_01,Inv_00,20170707,05:55:00,233.0,0.7,163,216.0,0.9,194,25328,16159,26.5,66.0
Station_01,Inv_00,20170707,05:56:00,232.6,0.7,163,216.0,0.9,194,25328,16159,26.6,67.0
Station_01,Inv_00,20170707,05:57:00,235.1,0.7,165,217.0,0.9,195,25328,16159,26.7,69.0
Station_01,Inv_00,20170707,05:58:00,237.5,0.8,190,217.0,1.0,217,25328,16159,26.8,71.0
Station_01,Inv_00,20170707,05:59:00,235.0,0.8,188,217.0,1.0,217,25328,16159,26.9,72.0
Station_01,Inv_00,20170707,06:00:00,233.0,0.8,186,218.0,1.0,218,25328,16159,27.0,74.0
Station_01,Inv_00,20170707,06:01:00,226.2,0.9,204,216.0,1.0,216,25328,16159,27.2,75.0
Station_01,Inv_00,20170707,06:02:00,239.4,0.9,216,216.0,1.0,216,25328,16159,27.3,77.0
Station_01,Inv_00,20170707,06:03:00,237.7,0.9,214,216.0,1.0,216,25328,16159,27.3,79.0
Station_01,Inv_00,20170707,06:04:00,236.0,0.9,212,216.0,1.0,216,25328,16159,27.4,80.0
Station_01,Inv_00,20170707,06:05:00,238.0,1.0,238,215.0,1.1,237,25328,16159,27.6,82.0
Station_01,Inv_00,20170707,06:06:00,230.0,1.0,230,216.0,1.1,238,25328,16159,27.7,84.0
Station_01,Inv_00,20170707,06:07:00,233.0,1.0,233,215.0,1.1,237,25328,16159,27.8,85.0
Station_01,Inv_00,20170707,06:08:00,232.5,1.1,256,216.0,1.1,238,25328,16159,27.9,87.0
Station_01,Inv_00,20170707,06:09:00,231.0,1.0,231,216.0,1.1,238,25328,16159,28.0,88.0
Station_01,Inv_00,20170707,06:10:00,238.0,1.0,238,216.0,1.2,259,25328,16159,28.1,90.0
Station_01,Inv_00,20170707,06:11:00,233.8,1.1,257,216.0,1.2,259,25328,16159,28.2,92.0
Station_01,Inv_00,20170707,06:12:00,243.7,1.1,268,216.0,1.2,259,25328,16159,28.3,93.0
Station_01,Inv_00,20170707,06:13:00,232.5,1.1,256,215.0,1.3,280,25328,16159,28.4,95.0
Station_01,Inv_00,20170707,06:14:00,235.1,1.2,282,215.0,1.3,280,25328,16159,28.6,97.0
Station_01,Inv_00,20170707,06:15:00,237.0,1.2,284,215.0,1.3,280,25328,16159,28.6,99.0
Station_01,Inv_00,20170707,06:16:00,241.0,1.1,265,215.0,1.4,301,25328,16159,28.7,100.0
Station_01,Inv_00,20170707,06:17:00,241.8,1.3,314,216.0,1.4,302,25328,16159,28.7,102.0
Station_01,Inv_00,20170707,06:18:00,225.0,1.3,293,216.0,1.4,302,25328,16159,28.8,103.0
Station_01,Inv_00,20170707,06:19:00,239.4,1.3,311,216.0,1.5,324,25328,16159,28.9,105.0
Station_01,Inv_00,20170707,06:20:00,232.0,1.3,302,216.0,1.4,302,25328,16159,28.9,107.0
Station_01,Inv_00,20170707,06:21:00,239.0,1.4,335,216.0,1.5,324,25328,16159,29.0,109.0
Station_01,Inv_00,20170707,06:22:00,236.5,1.4,331,216.0,1.5,324,25328,16159,29.1,111.0
Station_01,Inv_00,20170707,06:23:00,241.5,1.4,338,217.0,1.5,326,25328,16159,29.1,113.0
Station_01,Inv_00,20170707,06:24:00,234.5,1.5,352,217.0,1.5,326,25328,16159,29.1,115.0
Station_01,Inv_00,20170707,06:25:00,242.3,1.5,364,217.0,1.6,347,25328,16159,29.3,118.0
Station_01,Inv_00,20170707,06:26:00,247.5,1.5,371,218.0,1.6,349,25328,16159,29.4,121.0
Station_01,Inv_00,20170707,06:27:00,234.0,1.6,374,216.0,1.6,346,25328,16159,29.5,124.0
Station_01,Inv_00,20170707,06:28:00,233.0,1.7,396,217.0,1.7,369,25328,16159,29.6,127.0
Station_01,Inv_00,20170707,06:29:00,243.8,1.7,415,215.0,1.7,366,25328,16159,29.7,130.0
Station_01,Inv_00,20170707,06:30:00,239.5,1.7,407,215.0,1.8,387,25328,16159,29.8,132.0
Station_01,Inv_00,20170707,06:31:00,243.5,1.6,390,215.0,1.8,387,25328,16159,29.8,134.0
Station_01,Inv_00,20170707,06:32:00,242.0,1.7,411,215.0,1.9,409,25328,16159,29.9,136.0
Station_01,Inv_00,20170707,06:33:00,242.9,1.8,437,215.0,1.9,409,25328,16159,30.2,139.0
Station_01,Inv_00,20170707,06:34:00,232.3,1.9,441,216.0,2.0,432,25328,16159,30.3,141.0
Station_01,Inv_00,20170707,06:35:00,241.3,1.9,459,216.0,2.0,432,25328,16159,30.5,144.0
Station_01,Inv_00,20170707,06:36:00,228.0,2.0,456,216.0,2.0,432,25328,16159,30.7,147.0
Station_01,Inv_00,20170707,06:37:00,230.2,2.0,460,216.0,2.0,432,25328,16159,30.9,150.0
Station_01,Inv_00,20170707,06:38:00,239.5,2.0,479,216.0,2.1,454,25328,16159,31.0,151.0
Station_01,Inv_00,20170707,06:39:00,243.5,2.0,487,215.0,2.1,452,25328,16159,31.0,154.0
Station_01,Inv_00,20170707,06:40:00,241.0,2.0,482,216.0,2.2,475,25328,16159,31.2,157.0
Station_01,Inv_00,20170707,06:41:00,241.5,2.1,507,216.0,2.2,475,25328,16159,31.3,161.0
Station_01,Inv_00,20170707,06:42:00,239.0,2.2,526,215.0,2.3,494,25328,16159,31.5,164.0
Station_01,Inv_00,20170707,06:43:00,241.5,2.1,507,215.0,2.3,494,25328,16159,31.7,165.0
Station_01,Inv_00,20170707,06:44:00,241.4,2.3,555,215.0,2.4,516,25328,16159,31.8,167.0
Station_01,Inv_00,20170707,06:45:00,246.5,2.2,542,214.0,2.4,514,25328,16159,32.1,169.0
Station_01,Inv_00,20170707,06:46:00,244.4,2.3,562,215.0,2.5,538,25328,16159,32.2,172.0
Station_01,Inv_00,20170707,06:47:00,230.2,2.4,553,216.0,2.4,518,25328,16159,32.6,175.0
Station_01,Inv_00,20170707,06:48:00,243.5,2.4,584,216.0,2.5,540,25328,16159,32.7,177.0
Station_01,Inv_00,20170707,06:49:00,236.0,2.5,590,215.0,2.5,538,25328,16159,33.0,179.0
Station_01,Inv_00,20170707,06:50:00,243.0,2.4,583,215.0,2.5,538,25328,16159,33.1,180.0
Station_01,Inv_00,20170707,06:51:00,244.5,2.4,587,214.0,2.6,556,25328,16159,33.2,181.0
Station_01,Inv_00,20170707,06:52:00,246.0,2.4,590,215.0,2.6,559,25328,16159,33.3,183.0
Station_01,Inv_00,20170707,06:53:00,233.4,2.6,607,215.0,2.6,559,25328,16159,33.3,186.0
Station_01,Inv_00,20170707,06:54:00,241.0,2.6,627,215.0,2.8,602,25328,16159,33.5,191.0
Station_01,Inv_00,20170707,06:55:00,239.0,2.6,621,215.0,2.9,624,25328,16159,33.5,196.0
Station_01,Inv_00,20170707,06:56:00,246.5,2.8,690,216.0,3.0,648,25328,16159,33.9,204.0
Station_01,Inv_00,20170707,06:57:00,242.5,2.8,679,216.0,3.1,670,25328,16159,34.1,212.0
Station_01,Inv_00,20170707,06:58:00,241.5,3.0,725,216.0,3.1,670,25328,16159,34.4,216.0
Station_01,Inv_00,20170707,06:59:00,245.0,3.0,735,215.0,3.2,688,25328,16159,34.3,220.0
Station_01,Inv_00,20170707,07:00:00,244.0,3.0,732,215.0,3.3,710,25328,16159,34.5,225.0
Station_01,Inv_00,20170707,07:01:00,244.5,3.3,807,214.0,3.5,749,25328,16159,34.8,231.0
Station_01,Inv_00,20170707,07:02:00,240.5,3.4,818,214.0,3.6,770,25328,16159,35.2,239.0
Station_01,Inv_00,20170707,07:03:00,245.0,3.4,833,214.0,3.5,749,25328,16159,35.4,241.0
Station_01,Inv_00,20170707,07:04:00,243.0,3.5,851,215.0,3.6,774,25328,16159,35.5,246.0
Station_01,Inv_00,20170707,07:05:00,245.0,3.5,857,215.0,3.7,796,25328,16159,35.7,248.0
Station_01,Inv_00,20170707,07:06:00,242.0,3.6,871,217.0,3.7,803,25328,16159,36.0,252.0
Station_01,Inv_00,20170707,07:07:00,242.0,3.4,823,217.0,3.7,803,25328,16159,36.4,251.0
Station_01,Inv_00,20170707,07:08:00,244.5,3.5,856,217.0,3.8,825,25328,16159,36.5,255.0
Station_01,Inv_00,20170707,07:09:00,241.4,3.8,917,217.0,3.9,846,25328,16159,36.8,264.0
Station_01,Inv_00,20170707,07:10:00,241.0,3.7,892,217.0,4.0,868,25328,16159,36.8,267.0
Station_01,Inv_00,20170707,07:11:00,241.0,3.7,892,216.0,3.9,842,25328,16159,36.9,268.0
Station_01,Inv_00,20170707,07:12:00,240.5,3.9,938,217.0,4.0,868,25328,16159,37.4,273.0
Station_01,Inv_00,20170707,07:13:00,241.0,3.8,916,217.0,4.0,868,25328,16159,37.7,273.0
Station_01,Inv_00,20170707,07:14:00,242.5,3.7,897,216.0,3.9,842,25328,16159,37.9,271.0
Station_01,Inv_00,20170707,07:15:00,241.0,3.8,916,217.0,3.9,846,25328,16159,38.2,269.0
Station_01,Inv_00,20170707,07:16:00,242.5,3.7,897,217.0,3.9,846,25328,16159,38.3,267.0
Station_01,Inv_00,20170707,07:17:00,236.5,3.7,875,218.0,4.0,872,25328,16159,38.5,268.0
Station_01,Inv_00,20170707,07:18:00,231.5,3.8,880,217.0,3.9,846,25328,16159,38.5,271.0
Station_01,Inv_00,20170707,07:19:00,246.0,3.7,910,217.0,4.0,868,25328,16159,38.9,273.0
Station_01,Inv_00,20170707,07:20:00,242.0,3.9,944,217.0,4.0,868,25328,16159,39.1,273.0
Station_01,Inv_00,20170707,07:21:00,238.0,3.8,904,217.0,3.9,846,25328,16159,39.0,273.0
Station_01,Inv_00,20170707,07:22:00,239.4,3.8,910,218.0,4.0,872,25328,16159,39.2,273.0
Station_01,Inv_00,20170707,07:23:00,244.0,4.0,976,218.0,4.1,894,25328,16159,39.2,280.0
Station_01,Inv_00,20170707,07:24:00,245.5,4.1,1007,219.0,4.1,898,25328,16159,39.3,288.0
Station_01,Inv_00,20170707,07:25:00,235.5,4.3,1013,220.0,4.2,924,25328,16159,39.0,295.0
Station_01,Inv_00,20170707,07:26:00,240.0,4.3,1032,220.0,4.4,968,25328,16159,39.2,304.0
Station_01,Inv_00,20170707,07:27:00,239.5,4.5,1078,219.0,4.5,986,25328,16159,39.6,314.0
Station_01,Inv_00,20170707,07:28:00,243.0,4.4,1069,219.0,4.5,986,25328,16159,39.4,307.0
Station_01,Inv_00,20170707,07:29:00,239.0,4.2,1004,219.0,4.4,964,25328,16159,39.5,304.0
Station_01,Inv_00,20170707,07:30:00,241.4,4.1,990,219.0,4.3,942,25328,16159,39.7,298.0
Station_01,Inv_00,20170707,07:31:00,244.0,4.3,1049,219.0,4.3,942,25328,16159,39.8,300.0
Station_01,Inv_00,20170707,07:32:00,244.0,4.1,1000,218.0,4.3,937,25328,16159,40.0,299.0
Station_01,Inv_00,20170707,07:33:00,240.5,4.1,986,218.0,4.2,916,25328,16159,39.8,295.0
Station_01,Inv_00,20170707,07:34:00,238.0,4.2,1000,218.0,4.1,894,25328,16159,40.0,289.0
Station_01,Inv_00,20170707,07:35:00,237.5,4.3,1021,218.0,4.2,916,25329,16160,40.5,292.0
Station_01,Inv_00,20170707,07:36:00,243.5,4.1,998,218.0,4.3,937,25329,16160,40.5,298.0
Station_01,Inv_00,20170707,07:37:00,237.5,4.4,1045,219.0,4.3,942,25329,16160,40.7,300.0
Station_01,Inv_00,20170707,07:38:00,241.5,4.3,1038,219.0,4.5,986,25329,16160,40.4,307.0
Station_01,Inv_00,20170707,07:39:00,239.5,4.2,1006,220.0,4.3,946,25329,16160,40.8,301.0
Station_01,Inv_00,20170707,07:40:00,238.0,4.4,1047,219.0,4.5,986,25329,16160,40.8,307.0
Station_01,Inv_00,20170707,07:41:00,239.0,4.4,1052,220.0,4.4,968,25329,16160,40.8,305.0
Station_01,Inv_00,20170707,07:42:00,241.0,4.4,1060,218.0,4.5,981,25329,16160,41.1,302.0
Station_01,Inv_00,20170707,07:43:00,239.0,4.3,1028,217.0,4.5,977,25329,16160,41.2,306.0
Station_01,Inv_00,20170707,07:44:00,239.9,4.4,1056,217.0,4.6,998,25329,16160,41.6,307.0
Station_01,Inv_00,20170707,07:45:00,241.0,4.6,1109,217.0,4.6,998,25329,16160,41.4,315.0
Station_01,Inv_00,20170707,07:46:00,240.0,4.6,1104,217.0,4.6,998,25329,16160,41.8,317.0
Station_01,Inv_00,20170707,07:47:00,227.0,4.6,1044,216.0,4.5,972,25329,16160,41.8,314.0
Station_01,Inv_00,20170707,07:48:00,236.0,4.6,1086,217.0,4.7,1020,25329,16160,41.9,321.0
Station_01,Inv_00,20170707,07:49:00,231.0,4.8,1109,216.0,4.8,1037,25329,16160,41.3,327.0
Station_01,Inv_00,20170707,07:50:00,234.0,5.0,1170,216.0,5.1,1102,25329,16160,42.2,341.0
Station_01,Inv_00,20170707,07:51:00,235.5,5.2,1225,217.0,5.3,1150,25329,16160,42.1,349.0
Station_01,Inv_00,20170707,07:52:00,241.0,5.3,1277,217.0,5.4,1172,25329,16160,42.0,361.0
Station_01,Inv_00,20170707,07:53:00,237.5,4.9,1164,217.0,5.1,1107,25329,16160,41.6,341.0
Station_01,Inv_00,20170707,07:54:00,239.0,4.7,1123,216.0,4.9,1058,25329,16160,42.7,330.0
Station_01,Inv_00,20170707,07:55:00,239.0,4.8,1147,216.0,5.0,1080,25329,16160,42.9,332.0
Station_01,Inv_00,20170707,07:56:00,230.5,5.2,1199,216.0,5.1,1102,25329,16160,43.2,341.0
Station_01,Inv_00,20170707,07:57:00,236.5,5.5,1301,219.0,5.5,1205,25329,16160,43.4,364.0
Station_01,Inv_00,20170707,07:58:00,236.0,5.4,1274,219.0,5.4,1183,25329,16160,44.2,369.0
Station_01,Inv_00,20170707,07:59:00,232.5,5.3,1232,218.0,5.2,1134,25329,16160,44.3,358.0
Station_01,Inv_00,20170707,08:00:00,235.5,5.3,1248,218.0,5.4,1177,25329,16160,44.4,366.0
Station_01,Inv_00,20170707,08:01:00,236.5,5.5,1301,218.0,5.6,1221,25329,16160,44.9,374.0
Station_01,Inv_00,20170707,08:02:00,232.0,5.5,1276,218.0,5.5,1199,25329,16160,44.6,374.0
Station_01,Inv_00,20170707,08:03:00,237.3,5.6,1329,217.0,5.6,1215,25329,16160,45.3,375.0
Station_01,Inv_00,20170707,08:04:00,236.0,5.5,1298,216.0,5.6,1210,25329,16160,45.4,376.0
Station_01,Inv_00,20170707,08:05:00,236.9,5.2,1232,217.0,5.4,1172,25329,16160,45.7,366.0
Station_01,Inv_00,20170707,08:06:00,232.0,5.1,1183,216.0,5.1,1102,25329,16160,45.3,344.0
Station_01,Inv_00,20170707,08:07:00,231.0,5.2,1201,217.0,5.1,1107,25329,16160,45.9,351.0
Station_01,Inv_00,20170707,08:08:00,233.5,5.4,1261,217.0,5.5,1194,25329,16160,45.8,363.0
Station_01,Inv_00,20170707,08:09:00,237.5,5.5,1306,216.0,5.7,1231,25329,16160,46.0,378.0
Station_01,Inv_00,20170707,08:10:00,232.9,5.9,1374,216.0,6.0,1296,25329,16160,46.1,389.0
Station_01,Inv_00,20170707,08:11:00,233.5,5.9,1377,215.0,5.9,1269,25329,16160,46.4,391.0
Station_01,Inv_00,20170707,08:12:00,233.5,5.8,1354,216.0,5.9,1274,25329,16160,46.4,397.0
Station_01,Inv_00,20170707,08:13:00,234.5,5.8,1360,216.0,6.0,1296,25329,16160,46.6,400.0
Station_01,Inv_00,20170707,08:14:00,236.0,5.9,1392,216.0,6.0,1296,25329,16160,46.2,401.0
Station_01,Inv_00,20170707,08:15:00,232.5,6.3,1465,215.0,6.3,1355,25329,16160,46.4,415.0
Station_01,Inv_00,20170707,08:16:00,233.5,6.1,1424,216.0,6.2,1339,25329,16160,46.4,408.0
Station_01,Inv_00,20170707,08:17:00,237.0,5.7,1351,216.0,5.8,1253,25329,16160,46.5,401.0
Station_01,Inv_00,20170707,08:18:00,230.5,6.1,1406,216.0,6.2,1339,25329,16160,47.1,411.0
Station_01,Inv_00,20170707,08:19:00,219.5,6.7,1471,216.0,6.5,1404,25329,16160,47.3,434.0
Station_01,Inv_00,20170707,08:20:00,220.5,6.9,1521,216.0,6.6,1426,25329,16160,46.6,456.0
Station_01,Inv_00,20170707,08:21:00,221.0,7.0,1547,217.0,6.7,1454,25329,16160,46.9,459.0
Station_01,Inv_00,20170707,08:22:00,221.0,7.2,1591,217.0,6.8,1476,25329,16160,47.3,464.0
Station_01,Inv_00,20170707,08:23:00,221.0,7.4,1635,217.0,7.0,1519,25329,16160,47.8,480.0
Station_01,Inv_00,20170707,08:24:00,221.0,7.5,1658,218.0,7.2,1570,25330,16161,47.4,490.0
Station_01,Inv_00,20170707,08:25:00,221.0,7.6,1680,217.0,7.2,1562,25330,16161,47.6,492.0
Station_01,Inv_00,20170707,08:26:00,220.0,8.0,1760,218.0,7.6,1657,25330,16161,46.7,510.0
Station_01,Inv_00,20170707,08:27:00,228.4,8.2,1873,217.0,8.2,1779,25330,16161,47.9,543.0
Station_01,Inv_00,20170707,08:28:00,225.0,8.5,1913,217.0,8.3,1801,25330,16161,48.4,559.0
Station_01,Inv_00,20170707,08:29:00,226.0,8.7,1966,217.0,8.5,1845,25330,16161,48.7,566.0
Station_01,Inv_00,20170707,08:30:00,232.0,8.3,1926,216.0,8.4,1814,25330,16161,48.4,556.0
Station_01,Inv_00,20170707,08:31:00,213.5,8.5,1815,215.0,8.0,1720,25330,16161,49.0,566.0
Station_01,Inv_00,20170707,08:32:00,214.0,9.1,1947,215.0,8.5,1828,25330,16161,49.2,583.0
Station_01,Inv_00,20170707,08:33:00,214.0,8.7,1862,215.0,8.1,1742,25330,16161,49.5,570.0
Station_01,Inv_00,20170707,08:34:00,208.5,8.7,1814,215.0,7.8,1677,25330,16161,49.2,572.0
Station_01,Inv_00,20170707,08:35:00,208.5,8.3,1730,215.0,7.6,1634,25330,16161,50.4,540.0
Station_01,Inv_00,20170707,08:36:00,208.5,8.5,1772,215.0,7.8,1677,25330,16161,50.5,546.0
Station_01,Inv_00,20170707,08:37:00,209.0,8.9,1860,215.0,8.2,1763,25330,16161,49.6,570.0
Station_01,Inv_00,20170707,08:38:00,227.5,8.5,1934,215.0,8.5,1828,25330,16161,50.6,564.0
Station_01,Inv_00,20170707,08:39:00,226.5,8.9,2016,215.0,8.9,1914,25330,16161,50.5,582.0
Station_01,Inv_00,20170707,08:40:00,230.0,8.5,1955,216.0,8.6,1858,25330,16161,51.0,587.0
Station_01,Inv_00,20170707,08:41:00,220.0,8.5,1870,216.0,8.2,1771,25330,16161,51.0,543.0
Station_01,Inv_00,20170707,08:42:00,228.0,8.4,1915,216.0,8.4,1814,25330,16161,50.4,563.0
Station_01,Inv_00,20170707,08:43:00,220.5,8.9,1962,215.0,8.5,1828,25330,16161,49.7,570.0
Station_01,Inv_00,20170707,08:44:00,229.0,8.7,1992,215.0,8.7,1870,25330,16161,49.6,589.0
Station_01,Inv_00,20170707,08:45:00,228.4,8.4,1919,215.0,8.5,1828,25330,16161,50.1,568.0
Station_01,Inv_00,20170707,08:46:00,229.0,8.9,2038,215.0,8.8,1892,25330,16161,50.4,577.0
Station_01,Inv_00,20170707,08:47:00,226.5,8.7,1970,215.0,8.7,1870,25330,16161,49.2,583.0
Station_01,Inv_00,20170707,08:48:00,229.0,8.3,1901,215.0,8.3,1785,25330,16161,49.4,574.0
Station_01,Inv_00,20170707,08:49:00,221.9,8.8,1953,215.0,8.6,1849,25330,16161,49.9,576.0
Station_01,Inv_00,20170707,08:50:00,228.5,8.5,1942,215.0,8.5,1828,25330,16161,49.1,578.0
Station_01,Inv_00,20170707,08:51:00,228.5,8.6,1965,216.0,8.6,1858,25330,16161,49.2,581.0
Station_01,Inv_00,20170707,08:52:00,220.5,8.5,1874,216.0,8.2,1771,25330,16161,49.1,573.0
Station_01,Inv_00,20170707,08:53:00,220.0,8.5,1870,216.0,8.2,1771,25330,16161,48.8,565.0
Station_01,Inv_00,20170707,08:54:00,230.0,8.5,1955,216.0,8.4,1814,25330,16161,48.3,570.0
Station_01,Inv_00,20170707,08:55:00,223.0,9.1,2029,215.0,8.8,1892,25331,16161,49.4,589.0
Station_01,Inv_00,20170707,08:56:00,224.0,9.2,2061,216.0,9.0,1944,25331,16161,50.5,603.0
Station_01,Inv_00,20170707,08:57:00,229.5,9.0,2065,216.0,9.0,1944,25331,16161,50.1,599.0
Station_01,Inv_00,20170707,08:58:00,227.8,8.9,2027,216.0,8.9,1922,25331,16161,51.2,606.0
Station_01,Inv_00,20170707,08:59:00,225.5,9.0,2030,216.0,8.8,1901,25331,16161,51.0,603.0
Station_01,Inv_00,20170707,09:00:00,225.5,9.0,2030,215.0,8.9,1914,25331,16161,51.6,594.0
Station_01,Inv_00,20170707,09:01:00,228.5,9.1,2079,216.0,9.1,1966,25331,16161,51.1,602.0
Station_01,Inv_00,20170707,09:02:00,225.5,9.3,2097,216.0,9.2,1987,25331,16161,51.6,612.0
Station_01,Inv_00,20170707,09:03:00,224.0,9.3,2083,216.0,9.1,1966,25331,16161,52.3,602.0
Station_01,Inv_00,20170707,09:04:00,231.4,9.2,2129,216.0,9.3,2009,25331,16161,52.2,630.0
Station_01,Inv_00,20170707,09:05:00,227.5,9.5,2161,216.0,9.4,2030,25331,16161,52.1,634.0
Station_01,Inv_00,20170707,09:06:00,227.0,9.5,2156,216.0,9.5,2052,25331,16161,52.2,632.0
Station_01,Inv_00,20170707,09:07:00,228.0,9.8,2234,216.0,9.8,2117,25331,16161,52.9,647.0
Station_01,Inv_00,20170707,09:08:00,226.5,9.9,2242,215.0,9.8,2107,25331,16161,53.7,659.0
Station_01,Inv_00,20170707,09:09:00,215.0,10.1,2171,215.0,9.5,2043,25331,16161,52.0,653.0
Station_01,Inv_00,20170707,09:10:00,198.0,10.3,2039,214.0,8.9,1905,25331,16161,52.2,650.0
Station_01,Inv_00,20170707,09:11:00,198.0,10.5,2079,215.0,9.2,1978,25331,16161,52.2,666.0
Station_01,Inv_00,20170707,09:12:00,197.5,10.5,2074,215.0,9.1,1957,25331,16161,52.7,656.0
Station_01,Inv_00,20170707,09:13:00,199.0,10.6,2109,215.0,9.2,1978,25331,16161,53.0,671.0
Station_01,Inv_00,20170707,09:14:00,218.9,10.2,2233,215.0,9.8,2107,25331,16161,52.3,666.0
Station_01,Inv_00,20170707,09:15:00,218.0,10.3,2245,215.0,9.8,2107,25331,16161,52.0,665.0
Station_01,Inv_00,20170707,09:16:00,216.5,10.2,2208,215.0,9.7,2086,25331,16161,52.3,662.0
Station_01,Inv_00,20170707,09:17:00,225.5,9.8,2210,215.0,9.7,2086,25331,16161,51.5,661.0
Station_01,Inv_00,20170707,09:18:00,225.0,9.8,2205,215.0,9.8,2107,25331,16161,51.9,659.0
Station_01,Inv_00,20170707,09:19:00,222.5,9.9,2203,215.0,9.8,2107,25331,16161,50.2,665.0
Station_01,Inv_00,20170707,09:20:00,228.0,9.7,2212,215.0,9.7,2086,25331,16161,51.6,652.0
Station_01,Inv_00,20170707,09:21:00,226.0,10.1,2283,215.0,10.0,2150,25331,16161,51.4,675.0
Station_01,Inv_00,20170707,09:22:00,228.0,10.1,2303,215.0,10.1,2172,25331,16161,51.6,681.0
Station_01,Inv_00,20170707,09:23:00,223.9,10.0,2239,215.0,9.9,2129,25332,16162,52.5,675.0
Station_01,Inv_00,20170707,09:24:00,226.0,9.9,2237,216.0,9.8,2117,25332,16162,52.6,658.0
Station_01,Inv_00,20170707,09:25:00,216.5,10.3,2230,216.0,9.8,2117,25332,16162,53.2,659.0
Station_01,Inv_00,20170707,09:26:00,218.5,10.7,2338,217.0,10.1,2192,25332,16162,53.7,698.0
Station_01,Inv_00,20170707,09:27:00,205.0,11.1,2276,216.0,9.8,2117,25332,16162,54.2,692.0
Station_01,Inv_00,20170707,09:28:00,222.5,10.6,2358,217.0,10.3,2235,25332,16162,54.8,699.0
Station_01,Inv_00,20170707,09:29:00,221.0,11.0,2431,217.0,10.5,2279,25332,16162,54.8,712.0
Station_01,Inv_00,20170707,09:30:00,225.5,10.9,2458,217.0,10.8,2344,25332,16162,53.8,729.0
Station_01,Inv_00,20170707,09:31:00,224.5,11.1,2492,217.0,10.9,2365,25332,16162,53.6,740.0
Station_01,Inv_00,20170707,09:32:00,221.0,11.3,2497,217.0,10.8,2344,25332,16162,52.9,746.0
Station_01,Inv_00,20170707,09:33:00,222.5,10.6,2358,217.0,10.3,2235,25332,16162,53.8,706.0
Station_01,Inv_00,20170707,09:34:00,212.0,11.1,2353,217.0,10.3,2235,25332,16162,53.4,713.0
Station_01,Inv_00,20170707,09:35:00,221.0,11.3,2497,217.0,10.8,2344,25332,16162,55.3,725.0
Station_01,Inv_00,20170707,09:36:00,222.0,11.1,2464,217.0,10.7,2322,25332,16162,54.7,735.0
Station_01,Inv_00,20170707,09:37:00,220.5,11.3,2492,217.0,10.8,2344,25332,16162,54.0,737.0
Station_01,Inv_00,20170707,09:38:00,218.5,11.1,2425,217.0,10.5,2279,25332,16162,54.9,717.0
Station_01,Inv_00,20170707,09:39:00,224.0,11.0,2464,217.0,10.8,2344,25332,16162,54.8,734.0
Station_01,Inv_00,20170707,09:40:00,223.5,11.3,2525,217.0,11.0,2387,25332,16162,55.6,744.0
Station_01,Inv_00,20170707,09:41:00,223.5,11.4,2548,217.0,11.0,2387,25332,16162,55.7,758.0
Station_01,Inv_00,20170707,09:42:00,222.0,11.5,2553,217.0,11.0,2387,25332,16162,56.7,749.0
Station_01,Inv_00,20170707,09:43:00,221.0,11.7,2586,217.0,11.3,2452,25332,16162,56.5,778.0
Station_01,Inv_00,20170707,09:44:00,216.0,11.2,2419,217.0,10.6,2300,25332,16162,56.6,743.0
Station_01,Inv_00,20170707,09:45:00,219.5,11.2,2458,217.0,10.7,2322,25332,16162,57.3,737.0
Station_01,Inv_00,20170707,09:46:00,222.5,11.0,2447,217.0,10.8,2344,25332,16162,57.8,734.0
Station_01,Inv_00,20170707,09:47:00,219.5,11.1,2436,216.0,10.6,2290,25332,16162,57.2,720.0
Station_01,Inv_00,20170707,09:48:00,217.0,11.0,2387,217.0,10.3,2235,25333,16162,57.6,738.0
Station_01,Inv_00,20170707,09:49:00,218.9,10.7,2342,217.0,10.2,2213,25333,16162,56.3,715.0
Station_01,Inv_00,20170707,09:50:00,211.5,10.7,2263,216.0,9.8,2117,25333,16162,54.8,694.0
Station_01,Inv_00,20170707,09:51:00,219.0,10.7,2343,217.0,10.3,2235,25333,16162,56.4,703.0
Station_01,Inv_00,20170707,09:52:00,218.0,10.6,2311,217.0,10.1,2192,25333,16162,55.4,682.0
Station_01,Inv_00,20170707,09:53:00,221.5,10.8,2392,216.0,10.5,2268,25333,16162,55.0,718.0
Station_01,Inv_00,20170707,09:54:00,222.5,11.2,2492,217.0,10.9,2365,25333,16162,55.4,731.0
Station_01,Inv_00,20170707,09:55:00,216.9,11.8,2560,217.0,11.2,2430,25333,16162,54.3,767.0
Station_01,Inv_00,20170707,09:56:00,220.0,12.1,2662,217.0,11.6,2517,25333,16162,56.3,778.0
Station_01,Inv_00,20170707,09:57:00,223.0,11.5,2564,217.0,11.1,2409,25333,16162,56.5,769.0
Station_01,Inv_00,20170707,09:58:00,219.0,10.8,2365,217.0,10.3,2235,25333,16162,55.0,718.0
Station_01,Inv_00,20170707,09:59:00,224.0,11.1,2486,217.0,10.8,2344,25333,16162,55.4,731.0
Station_01,Inv_00,20170707,10:00:00,221.5,11.1,2459,217.0,10.7,2322,25333,16162,54.9,726.0
Station_01,Inv_00,20170707,10:01:00,224.0,10.7,2397,216.0,10.4,2246,25333,16162,55.9,715.0
Station_01,Inv_00,20170707,10:02:00,222.5,11.0,2447,216.0,10.8,2333,25333,16162,55.8,710.0
Station_01,Inv_00,20170707,10:03:00,220.0,11.5,2530,217.0,11.0,2387,25333,16162,54.9,728.0
Station_01,Inv_00,20170707,10:04:00,222.5,11.3,2514,217.0,11.0,2387,25333,16162,55.2,741.0
Station_01,Inv_00,20170707,10:05:00,224.5,10.8,2425,217.0,10.6,2300,25333,16162,55.7,709.0
Station_01,Inv_00,20170707,10:06:00,218.9,11.0,2408,216.0,10.5,2268,25333,16162,54.4,721.0
Station_01,Inv_00,20170707,10:07:00,218.9,11.6,2540,217.0,11.0,2387,25333,16162,56.3,753.0
Station_01,Inv_00,20170707,10:08:00,216.0,12.3,2657,217.0,11.6,2517,25333,16162,56.0,781.0
Station_01,Inv_00,20170707,10:09:00,215.0,12.7,2730,216.0,11.8,2549,25333,16162,55.5,800.0
Station_01,Inv_00,20170707,10:10:00,221.0,13.1,2895,217.0,12.6,2734,25333,16162,55.9,838.0
Station_01,Inv_00,20170707,10:11:00,220.5,12.7,2800,217.0,12.1,2626,25333,16162,57.1,831.0
Station_01,Inv_00,20170707,10:12:00,218.0,13.2,2877,217.0,12.4,2691,25334,16163,58.2,842.0
Station_01,Inv_00,20170707,10:13:00,218.4,12.7,2774,217.0,12.1,2626,25334,16163,57.4,839.0
Station_01,Inv_00,20170707,10:14:00,207.0,13.6,2815,217.0,12.2,2647,25334,16163,56.1,840.0
Station_01,Inv_00,20170707,10:15:00,219.5,13.2,2897,217.0,12.6,2734,25334,16163,56.8,853.0
Station_01,Inv_00,20170707,10:16:00,199.5,14.1,2813,216.0,12.3,2657,25334,16163,57.2,868.0
Station_01,Inv_00,20170707,10:17:00,217.0,13.3,2886,216.0,12.5,2700,25334,16163,58.6,860.0
Station_01,Inv_00,20170707,10:18:00,213.5,13.3,2839,217.0,12.3,2669,25334,16163,58.5,832.0
Station_01,Inv_00,20170707,10:19:00,207.0,13.7,2836,217.0,12.3,2669,25334,16163,58.9,853.0
Station_01,Inv_00,20170707,10:20:00,213.5,13.6,2903,217.0,12.5,2713,25334,16163,57.7,857.0
Station_01,Inv_00,20170707,10:21:00,216.5,14.2,3074,216.0,13.3,2873,25334,16163,58.5,902.0
Station_01,Inv_00,20170707,10:22:00,213.5,14.3,3053,216.0,13.3,2873,25334,16163,58.6,924.0
Station_01,Inv_00,20170707,10:23:00,214.5,14.5,3110,217.0,13.5,2930,25334,16163,57.9,937.0
Station_01,Inv_00,20170707,10:24:00,213.5,14.5,3096,216.0,13.4,2894,25334,16163,58.8,927.0
Station_01,Inv_00,20170707,10:25:00,214.5,14.3,3067,216.0,13.3,2873,25334,16163,58.9,920.0
Station_01,Inv_00,20170707,10:26:00,208.5,15.1,3148,216.0,13.6,2938,25334,16163,60.0,933.0
Station_01,Inv_00,20170707,10:27:00,214.5,14.9,3196,216.0,13.8,2981,25334,16163,59.8,946.0
Station_01,Inv_00,20170707,10:28:00,211.5,15.0,3172,216.0,13.8,2981,25334,16163,60.0,949.0
Station_01,Inv_00,20170707,10:29:00,215.0,15.0,3225,217.0,13.9,3016,25334,16163,61.3,951.0
Station_01,Inv_00,20170707,10:30:00,213.0,14.9,3174,217.0,13.8,2995,25334,16163,59.2,957.0
Station_01,Inv_00,20170707,10:31:00,213.0,14.5,3088,217.0,13.4,2908,25334,16163,61.1,934.0
Station_01,Inv_00,20170707,10:32:00,211.9,15.1,3200,216.0,13.8,2981,25335,16164,60.7,948.0
Station_01,Inv_00,20170707,10:33:00,212.0,15.1,3201,216.0,13.9,3002,25335,16164,60.7,967.0
Station_01,Inv_00,20170707,10:34:00,212.0,15.8,3350,216.0,14.4,3110,25335,16164,61.3,999.0
Station_01,Inv_00,20170707,10:35:00,212.0,16.0,3392,216.0,14.6,3154,25335,16164,63.2,1015.0
Station_01,Inv_00,20170707,10:36:00,209.5,16.1,3373,216.0,14.5,3132,25335,16164,64.0,1006.0
Station_01,Inv_00,20170707,10:37:00,206.0,16.2,3337,216.0,14.5,3132,25335,16164,64.2,1024.0
Station_01,Inv_00,20170707,10:38:00,209.9,15.3,3212,216.0,13.9,3002,25335,16164,64.7,991.0
Station_01,Inv_00,20170707,10:39:00,209.0,15.6,3260,216.0,14.1,3046,25335,16164,63.8,990.0
Station_01,Inv_00,20170707,10:40:00,209.0,16.1,3365,216.0,14.5,3132,25335,16164,65.6,1018.0
Station_01,Inv_00,20170707,10:41:00,208.5,16.6,3461,217.0,14.9,3233,25335,16164,65.8,1049.0
Station_01,Inv_00,20170707,10:42:00,208.0,16.3,3390,217.0,14.6,3168,25335,16164,66.1,1038.0
Station_01,Inv_00,20170707,10:43:00,206.5,16.1,3325,217.0,14.5,3147,25335,16164,65.8,1026.0
Station_01,Inv_00,20170707,10:44:00,206.5,16.1,3325,217.0,14.4,3125,25335,16164,65.4,1025.0
Station_01,Inv_00,20170707,10:45:00,209.5,15.5,3247,217.0,14.1,3060,25335,16164,65.6,1016.0
Station_01,Inv_00,20170707,10:46:00,201.4,15.8,3182,217.0,13.9,3016,25335,16164,66.0,1032.0
Station_01,Inv_00,20170707,10:47:00,202.5,15.7,3179,216.0,13.8,2981,25335,16164,65.2,977.0
Station_01,Inv_00,20170707,10:48:00,193.4,16.7,3230,216.0,13.9,3002,25335,16164,64.0,1004.0
Station_01,Inv_00,20170707,10:49:00,202.5,16.5,3341,216.0,14.5,3132,25335,16164,65.4,1042.0
Station_01,Inv_00,20170707,10:50:00,205.0,16.9,3464,217.0,14.9,3233,25336,16164,64.7,991.0
Station_01,Inv_00,20170707,10:51:00,206.5,14.2,2932,216.0,12.8,2765,25336,16164,63.7,903.0
Station_01,Inv_00,20170707,10:52:00,210.0,14.0,2940,216.0,12.7,2743,25336,16164,62.9,866.0
Station_01,Inv_00,20170707,10:53:00,212.0,12.7,2692,216.0,11.8,2549,25336,16164,62.8,865.0
Station_01,Inv_00,20170707,10:54:00,216.0,9.4,2030,216.0,9.0,1944,25336,16164,60.1,651.0
Station_01,Inv_00,20170707,10:55:00,216.5,11.1,2403,216.0,10.5,2268,25336,16164,61.0,680.0
Station_01,Inv_00,20170707,10:56:00,218.0,13.5,2943,216.0,12.7,2743,25336,16164,59.4,750.0
Station_01,Inv_00,20170707,10:57:00,214.5,14.7,3153,216.0,13.7,2959,25336,16164,60.8,907.0
Station_01,Inv_00,20170707,10:58:00,217.5,10.2,2219,216.0,9.8,2117,25336,16164,59.9,686.0
Station_01,Inv_00,20170707,10:59:00,219.0,11.4,2496,216.0,10.8,2333,25336,16164,60.5,733.0
Station_01,Inv_00,20170707,11:00:00,220.0,14.6,3212,216.0,14.0,3024,25336,16164,61.4,985.0
Station_01,Inv_00,20170707,11:01:00,213.5,16.1,3437,216.0,14.9,3218,25336,16164,61.4,1045.0
Station_01,Inv_00,20170707,11:02:00,207.9,14.8,3078,215.0,13.5,2903,25336,16164,62.7,1030.0
Station_01,Inv_00,20170707,11:03:00,205.9,15.2,3129,215.0,13.5,2903,25336,16164,61.9,952.0
Station_01,Inv_00,20170707,11:04:00,205.5,12.1,2486,216.0,10.9,2354,25336,16164,63.4,959.0
Station_01,Inv_00,20170707,11:05:00,212.4,14.4,3059,216.0,13.2,2851,25336,16164,62.3,796.0
Station_01,Inv_00,20170707,11:06:00,214.5,15.5,3324,216.0,14.4,3110,25336,16164,61.7,996.0
Station_01,Inv_00,20170707,11:07:00,211.5,17.4,3680,216.0,16.0,3456,25336,16164,62.6,1132.0
Station_01,Inv_00,20170707,11:08:00,206.5,17.5,3614,216.0,15.7,3391,25336,16164,63.5,1103.0
Station_01,Inv_00,20170707,11:09:00,207.5,17.0,3527,216.0,15.3,3305,25336,16164,63.8,1074.0
Station_01,Inv_00,20170707,11:10:00,207.5,16.4,3403,216.0,14.8,3197,25337,16165,65.0,1060.0
Station_01,Inv_00,20170707,11:11:00,207.5,15.9,3299,216.0,14.3,3089,25337,16165,64.3,973.0
Station_01,Inv_00,20170707,11:12:00,197.5,16.9,3338,216.0,14.4,3110,25337,16165,62.9,1040.0
Station_01,Inv_00,20170707,11:13:00,198.5,17.1,3394,217.0,14.6,3168,25337,16165,65.3,1035.0
Station_01,Inv_00,20170707,11:14:00,194.5,17.3,3365,216.0,14.4,3110,25337,16165,65.2,1052.0
Station_01,Inv_00,20170707,11:15:00,208.5,16.4,3419,216.0,14.6,3154,25337,16165,65.1,1044.0
Station_01,Inv_00,20170707,11:16:00,196.5,17.0,3340,216.0,14.4,3110,25337,16165,65.2,1053.0
Station_01,Inv_00,20170707,11:17:00,200.5,16.9,3388,216.0,14.7,3175,25337,16165,65.0,1052.0
Station_01,Inv_00,20170707,11:18:00,205.5,16.8,3452,216.0,14.9,3218,25337,16165,63.8,1061.0
Station_01,Inv_00,20170707,11:19:00,208.0,16.7,3474,215.0,15.1,3247,25337,16165,62.1,1075.0
Station_01,Inv_00,20170707,11:20:00,210.0,16.4,3444,216.0,14.9,3218,25337,16165,62.9,1069.0
Station_01,Inv_00,20170707,11:21:00,202.0,16.9,3414,216.0,14.8,3197,25337,16165,63.7,1055.0
Station_01,Inv_00,20170707,11:22:00,198.5,14.7,2918,216.0,12.6,2722,25337,16165,64.2,960.0
Station_01,Inv_00,20170707,11:23:00,198.5,11.2,2223,216.0,9.7,2095,25337,16165,61.8,665.0
Station_01,Inv_00,20170707,11:24:00,199.0,13.2,2626,215.0,11.6,2494,25337,16165,63.5,904.0
Station_01,Inv_00,20170707,11:25:00,204.4,16.1,3291,216.0,14.1,3046,25337,16165,62.4,935.0
Station_01,Inv_00,20170707,11:26:00,204.0,17.0,3468,216.0,15.2,3283,25337,16165,64.1,1093.0
Station_01,Inv_00,20170707,11:27:00,207.0,16.7,3457,216.0,15.0,3240,25337,16165,64.1,1076.0
Station_01,Inv_00,20170707,11:28:00,205.0,17.7,3628,216.0,15.7,3391,25337,16165,63.7,1099.0
Station_01,Inv_00,20170707,11:29:00,207.5,12.8,2656,215.0,11.8,2537,25338,16166,62.0,885.0
Station_01,Inv_00,20170707,11:30:00,213.0,9.3,1981,215.0,8.8,1892,25338,16166,57.7,573.0
Station_01,Inv_00,20170707,11:31:00,216.0,14.7,3175,216.0,13.9,3002,25338,16166,59.2,835.0
Station_01,Inv_00,20170707,11:32:00,214.5,15.0,3217,216.0,13.8,2981,25338,16166,62.5,951.0
Station_01,Inv_00,20170707,11:33:00,213.0,16.5,3514,215.0,15.3,3290,25338,16166,62.3,1067.0
Station_01,Inv_00,20170707,11:34:00,211.0,16.3,3439,216.0,14.8,3197,25338,16166,61.7,1056.0
Station_01,Inv_00,20170707,11:35:00,208.5,14.9,3106,216.0,13.6,2938,25338,16166,60.2,1049.0
Station_01,Inv_00,20170707,11:36:00,213.5,13.2,2818,216.0,12.3,2657,25338,16166,60.0,863.0
Station_01,Inv_00,20170707,11:37:00,208.0,13.8,2870,216.0,12.5,2700,25338,16166,59.5,900.0
Station_01,Inv_00,20170707,11:38:00,212.4,15.1,3208,216.0,13.9,3002,25338,16166,58.8,1008.0
Station_01,Inv_00,20170707,11:39:00,211.0,16.0,3376,216.0,14.6,3154,25338,16166,59.5,1036.0
Station_01,Inv_00,20170707,11:40:00,212.5,15.8,3358,216.0,14.5,3132,25338,16166,57.0,1034.0
Station_01,Inv_00,20170707,11:41:00,202.5,16.3,3301,216.0,14.3,3089,25338,16166,56.1,1033.0
Station_01,Inv_00,20170707,11:42:00,202.0,16.3,3293,216.0,14.2,3067,25338,16166,58.0,1023.0
Station_01,Inv_00,20170707,11:43:00,202.0,16.2,3272,217.0,14.1,3060,25338,16166,59.5,1017.0
Station_01,Inv_00,20170707,11:44:00,201.5,16.2,3264,217.0,14.1,3060,25338,16166,59.0,1010.0
Station_01,Inv_00,20170707,11:45:00,201.5,16.2,3264,217.0,14.0,3038,25338,16166,61.0,1009.0
Station_01,Inv_00,20170707,11:46:00,202.0,16.0,3232,217.0,14.0,3038,25338,16166,59.8,1015.0
Station_01,Inv_00,20170707,11:47:00,202.0,16.1,3252,217.0,14.1,3060,25338,16166,61.3,1017.0
Station_01,Inv_00,20170707,11:48:00,202.5,16.3,3301,217.0,14.2,3081,25339,16166,61.2,1024.0
Station_01,Inv_00,20170707,11:49:00,202.0,16.3,3293,217.0,14.2,3081,25339,16166,61.2,1031.0
Station_01,Inv_00,20170707,11:50:00,208.5,15.5,3232,217.0,13.9,3016,25339,16166,62.2,1007.0
Station_01,Inv_00,20170707,11:51:00,212.0,15.6,3307,216.0,14.4,3110,25339,16166,63.3,1019.0
Station_01,Inv_00,20170707,11:52:00,210.5,15.7,3305,217.0,14.3,3103,25339,16166,63.6,1022.0
Station_01,Inv_00,20170707,11:53:00,210.5,15.6,3284,217.0,14.3,3103,25339,16166,64.4,1007.0
Station_01,Inv_00,20170707,11:54:00,204.0,15.8,3223,217.0,13.9,3016,25339,16166,61.8,1029.0
Station_01,Inv_00,20170707,11:55:00,191.9,13.3,2553,217.0,11.2,2430,25339,16166,62.4,826.0
Station_01,Inv_00,20170707,11:56:00,187.8,12.1,2273,217.0,10.0,2170,25339,16166,63.1,872.0
Station_01,Inv_00,20170707,11:57:00,201.9,13.3,2685,217.0,11.7,2539,25339,16166,62.6,858.0
Station_01,Inv_00,20170707,11:58:00,206.0,18.1,3728,218.0,15.8,3444,25339,16166,60.4,708.0
Station_01,Inv_00,20170707,11:59:00,207.5,13.4,2781,218.0,12.0,2616,25339,16166,62.5,922.0
Station_01,Inv_00,20170707,12:00:00,210.1,4.1,861,218.0,3.8,828,25339,16166,60.0,418.0
Station_01,Inv_00,20170707,12:01:00,216.9,6.4,1388,218.0,5.9,1286,25339,16166,57.1,289.0
Station_01,Inv_00,20170707,12:02:00,218.0,3.2,698,218.0,3.2,698,25339,16166,55.8,248.0
Station_01,Inv_00,20170707,12:03:00,221.0,3.5,774,218.0,3.4,741,25339,16166,52.5,242.0
Station_01,Inv_00,20170707,12:04:00,203.5,11.7,2381,219.0,10.4,2278,25339,16166,54.3,958.0
Station_01,Inv_00,20170707,12:05:00,214.5,17.6,3775,219.0,16.1,3526,25339,16166,57.3,1097.0
Station_01,Inv_00,20170707,12:06:00,214.5,5.2,1115,217.0,4.7,1020,25339,16166,57.4,663.0
Station_01,Inv_00,20170707,12:07:00,215.6,9.6,2069,218.0,9.4,2049,25339,16166,55.8,434.0
Station_01,Inv_00,20170707,12:08:00,202.0,6.7,1354,217.0,5.4,1172,25339,16166,59.7,893.0
Station_01,Inv_00,20170707,12:09:00,199.6,11.8,2355,218.0,8.9,1940,25339,16166,59.1,859.0
Station_01,Inv_00,20170707,12:10:00,197.5,4.8,948,217.0,4.0,868,25339,16166,58.0,504.0
Station_01,Inv_00,20170707,12:11:00,223.0,4.3,959,217.0,4.1,890,25339,16166,55.1,301.0
Station_01,Inv_00,20170707,12:12:00,220.5,17.4,3837,219.0,16.4,3592,25340,16167,57.7,1019.0
Station_01,Inv_00,20170707,12:13:00,157.0,4.6,722,218.0,8.0,1744,25340,16167,56.8,991.0
Station_01,Inv_00,20170707,12:14:00,218.5,3.9,852,218.0,3.7,807,25340,16167,52.5,264.0
Station_01,Inv_00,20170707,12:15:00,216.0,17.4,3758,219.0,16.0,3504,25340,16167,55.9,1080.0
Station_01,Inv_00,20170707,12:16:00,209.4,12.6,2638,218.0,12.2,2660,25340,16167,55.8,658.0
Station_01,Inv_00,20170707,12:17:00,212.5,17.6,3740,219.0,16.0,3504,25340,16167,58.8,914.0
Station_01,Inv_00,20170707,12:18:00,177.5,6.0,1065,217.0,6.1,1324,25340,16167,59.0,1058.0
Station_01,Inv_00,20170707,12:19:00,206.5,18.6,3841,219.0,16.4,3592,25340,16167,58.1,1096.0
Station_01,Inv_00,20170707,12:20:00,214.0,17.8,3809,219.0,16.0,3504,25340,16167,60.8,1121.0
Station_01,Inv_00,20170707,12:21:00,199.8,6.2,1239,217.0,5.7,1237,25340,16167,57.0,524.0
Station_01,Inv_00,20170707,12:22:00,205.3,17.1,3510,218.0,15.0,3270,25340,16167,59.0,998.0
Station_01,Inv_00,20170707,12:23:00,212.5,16.8,3570,219.0,15.3,3351,25340,16167,59.5,1064.0
Station_01,Inv_00,20170707,12:24:00,212.0,17.0,3604,219.0,15.4,3373,25340,16167,62.2,1073.0
Station_01,Inv_00,20170707,12:25:00,207.0,16.7,3457,219.0,14.8,3241,25340,16167,64.1,1048.0
Station_01,Inv_00,20170707,12:26:00,211.4,4.0,846,218.0,3.7,807,25340,16167,58.8,343.0
Station_01,Inv_00,20170707,12:27:00,218.5,3.4,743,218.0,3.4,741,25340,16167,56.9,245.0
Station_01,Inv_00,20170707,12:28:00,208.0,10.4,2163,219.0,10.6,2321,25340,16167,55.0,522.0
Station_01,Inv_00,20170707,12:29:00,213.5,16.5,3523,220.0,15.1,3322,25340,16167,57.6,1034.0
Station_01,Inv_00,20170707,12:30:00,204.5,17.5,3579,220.0,15.3,3366,25340,16167,57.9,1057.0
Station_01,Inv_00,20170707,12:31:00,205.0,14.7,3013,219.0,13.7,3000,25340,16167,58.5,878.0
Station_01,Inv_00,20170707,12:32:00,214.0,16.5,3531,219.0,15.0,3285,25340,16167,60.1,1038.0
Station_01,Inv_00,20170707,12:33:00,211.5,16.2,3426,217.0,14.8,3212,25340,16167,61.4,1013.0
Station_01,Inv_00,20170707,12:34:00,213.0,16.1,3429,217.0,14.7,3190,25341,16168,61.5,1011.0
Station_01,Inv_00,20170707,12:35:00,203.0,17.0,3451,217.0,14.9,3233,25341,16168,60.6,1061.0
Station_01,Inv_00,20170707,12:36:00,211.5,16.0,3384,217.0,14.6,3168,25341,16168,62.1,1041.0
Station_01,Inv_00,20170707,12:37:00,207.5,16.2,3361,216.0,14.5,3132,25341,16168,63.5,1022.0
Station_01,Inv_00,20170707,12:38:00,204.9,16.3,3341,217.0,14.4,3125,25341,16168,64.6,1029.0
Station_01,Inv_00,20170707,12:39:00,206.0,16.3,3358,217.0,14.5,3147,25341,16168,64.1,1031.0
Station_01,Inv_00,20170707,12:40:00,202.5,16.7,3382,216.0,14.6,3154,25341,16168,65.0,1043.0
Station_01,Inv_00,20170707,12:41:00,193.5,17.3,3347,216.0,14.5,3132,25341,16168,65.1,1056.0
Station_01,Inv_00,20170707,12:42:00,207.5,16.6,3444,216.0,14.9,3218,25341,16168,66.0,1046.0
Station_01,Inv_00,20170707,12:43:00,212.9,4.5,958,214.0,4.1,877,25341,16168,62.2,379.0
Station_01,Inv_00,20170707,12:44:00,209.9,4.4,924,217.0,4.0,868,25341,16168,59.5,283.0
Station_01,Inv_00,20170707,12:45:00,204.0,15.5,3162,218.0,13.6,2965,25341,16168,60.0,950.0
Station_01,Inv_00,20170707,12:46:00,213.4,4.8,1024,216.0,4.3,929,25341,16168,58.8,416.0
Station_01,Inv_00,20170707,12:47:00,206.5,5.0,1033,217.0,4.6,998,25341,16168,56.8,344.0
Station_01,Inv_00,20170707,12:48:00,209.0,15.0,3135,218.0,12.9,2812,25341,16168,57.8,858.0
Station_01,Inv_00,20170707,12:49:00,212.4,14.9,3166,218.0,13.6,2965,25341,16168,59.2,921.0
Station_01,Inv_00,20170707,12:50:00,180.0,6.1,1098,216.0,5.4,1166,25341,16168,58.5,814.0
Station_01,Inv_00,20170707,12:51:00,215.0,13.6,2923,218.0,12.2,2660,25341,16168,55.1,495.0
Station_01,Inv_00,20170707,12:52:00,212.0,16.3,3456,218.0,14.9,3248,25341,16168,57.3,1003.0
Station_01,Inv_00,20170707,12:53:00,143.0,3.3,472,216.0,2.4,518,25341,16168,54.5,424.0
Station_01,Inv_00,20170707,12:54:00,220.0,2.8,616,216.0,2.8,605,25341,16168,51.7,205.0
Station_01,Inv_00,20170707,12:55:00,222.0,3.1,688,216.0,3.0,648,25341,16168,50.0,221.0
Station_01,Inv_00,20170707,12:56:00,222.5,2.6,578,216.0,2.6,562,25341,16168,48.1,191.0
Station_01,Inv_00,20170707,12:57:00,226.0,2.3,520,216.0,2.3,497,25341,16168,46.1,170.0
Station_01,Inv_00,20170707,12:58:00,228.5,2.0,457,216.0,2.1,454,25341,16168,44.8,157.0
Station_01,Inv_00,20170707,12:59:00,225.4,1.8,406,216.0,1.8,389,25341,16168,43.1,147.0
Station_01,Inv_00,20170707,13:00:00,224.0,1.8,403,215.0,1.7,366,25341,16168,41.2,131.0
Station_01,Inv_00,20170707,13:01:00,233.0,1.4,326,214.0,1.6,342,25341,16168,39.9,123.0
Station_01,Inv_00,20170707,13:02:00,236.0,1.4,330,214.0,1.5,321,25341,16168,38.1,117.0
Station_01,Inv_00,20170707,13:03:00,235.0,1.4,329,214.0,1.6,342,25341,16168,37.1,120.0
Station_01,Inv_00,20170707,13:04:00,238.4,1.6,382,214.0,1.6,342,25341,16168,35.8,123.0
Station_01,Inv_00,20170707,13:05:00,234.1,1.6,375,214.0,1.6,342,25341,16168,35.0,133.0
Station_01,Inv_00,20170707,13:06:00,237.0,1.4,332,214.0,1.6,342,25342,16168,34.4,135.0
Station_01,Inv_00,20170707,13:07:00,233.0,1.6,373,214.0,1.7,364,25342,16168,33.7,126.0
Station_01,Inv_00,20170707,13:08:00,239.6,1.5,359,216.0,1.7,367,25342,16168,33.5,126.0
Station_01,Inv_00,20170707,13:09:00,238.5,1.6,382,216.0,1.7,367,25342,16168,33.3,142.0
Station_01,Inv_00,20170707,13:10:00,239.4,1.6,383,216.0,1.8,389,25342,16168,33.2,129.0
Station_01,Inv_00,20170707,13:11:00,243.5,1.6,390,216.0,1.8,389,25342,16168,33.2,138.0
Station_01,Inv_00,20170707,13:12:00,242.0,1.6,387,217.0,1.8,391,25342,16168,32.8,143.0
Station_01,Inv_00,20170707,13:13:00,237.4,1.7,404,217.0,1.9,412,25342,16168,32.5,149.0
Station_01,Inv_00,20170707,13:14:00,237.0,1.8,427,216.0,2.0,432,25342,16168,32.7,152.0
Station_01,Inv_00,20170707,13:15:00,237.1,1.9,451,216.0,2.0,432,25342,16168,32.7,145.0
Station_01,Inv_00,20170707,13:16:00,240.5,2.1,505,216.0,2.2,475,25342,16168,32.9,165.0
Station_01,Inv_00,20170707,13:17:00,238.0,2.2,524,217.0,2.3,499,25342,16168,32.7,159.0
Station_01,Inv_00,20170707,13:18:00,242.5,2.2,533,217.0,2.4,521,25342,16168,32.9,172.0
Station_01,Inv_00,20170707,13:19:00,237.6,2.3,546,217.0,2.4,521,25342,16168,33.0,175.0
Station_01,Inv_00,20170707,13:20:00,235.0,2.3,541,216.0,2.5,540,25342,16168,33.1,182.0
Station_01,Inv_00,20170707,13:21:00,235.4,2.5,589,217.0,2.5,543,25342,16168,33.1,175.0
Station_01,Inv_00,20170707,13:22:00,240.0,2.6,624,217.0,2.7,586,25342,16168,33.3,192.0
Station_01,Inv_00,20170707,13:23:00,239.0,2.5,598,217.0,2.6,564,25342,16168,33.5,192.0
Station_01,Inv_00,20170707,13:24:00,242.0,2.4,581,217.0,2.6,564,25342,16168,33.9,175.0
Station_01,Inv_00,20170707,13:25:00,239.5,2.4,575,217.0,2.5,543,25342,16168,33.9,175.0
Station_01,Inv_00,20170707,13:26:00,239.0,2.5,598,217.0,2.5,543,25342,16168,33.9,176.0
Station_01,Inv_00,20170707,13:27:00,233.6,2.5,584,217.0,2.5,543,25342,16168,34.1,190.0
Station_01,Inv_00,20170707,13:28:00,244.4,2.4,587,217.0,2.6,564,25342,16168,34.2,190.0
Station_01,Inv_00,20170707,13:29:00,236.5,2.4,568,217.0,2.5,543,25342,16168,34.4,177.0
Station_01,Inv_00,20170707,13:30:00,238.0,2.2,524,217.0,2.3,499,25342,16168,34.3,165.0
Station_01,Inv_00,20170707,13:31:00,236.5,2.0,473,216.0,2.1,454,25342,16168,34.1,162.0
Station_01,Inv_00,20170707,13:32:00,241.5,2.0,483,216.0,2.0,432,25342,16168,34.1,163.0
Station_01,Inv_00,20170707,13:33:00,230.0,1.8,414,216.0,1.9,410,25342,16168,34.0,155.0
Station_01,Inv_00,20170707,13:34:00,226.0,1.7,384,216.0,1.7,367,25342,16168,34.0,141.0
Station_01,Inv_00,20170707,13:35:00,226.5,1.7,385,217.0,1.6,347,25342,16168,33.8,138.0
Station_01,Inv_00,20170707,13:36:00,240.0,1.6,384,216.0,1.8,389,25342,16168,33.6,128.0
Station_01,Inv_00,20170707,13:37:00,226.1,1.9,430,216.0,2.0,432,25342,16168,33.8,151.0
Station_01,Inv_00,20170707,13:38:00,235.9,2.2,519,217.0,2.3,499,25342,16168,33.8,166.0
Station_01,Inv_00,20170707,13:39:00,235.4,2.4,565,217.0,2.5,543,25342,16168,34.0,186.0
Station_01,Inv_00,20170707,13:40:00,234.0,2.7,632,217.0,2.8,608,25342,16168,34.3,200.0
Station_01,Inv_00,20170707,13:41:00,240.1,2.7,648,216.0,2.8,605,25342,16168,34.6,206.0
Station_01,Inv_00,20170707,13:42:00,239.5,2.6,623,217.0,2.7,586,25342,16168,34.6,200.0
Station_01,Inv_00,20170707,13:43:00,241.5,2.4,580,217.0,2.5,543,25342,16168,34.9,192.0
Station_01,Inv_00,20170707,13:44:00,240.0,2.2,528,216.0,2.5,540,25342,16168,35.0,183.0
Station_01,Inv_00,20170707,13:45:00,241.5,2.2,531,217.0,2.3,499,25342,16168,35.1,177.0
Station_01,Inv_00,20170707,13:46:00,235.5,2.2,518,216.0,2.3,497,25342,16168,34.8,171.0
Station_01,Inv_00,20170707,13:47:00,239.0,2.1,502,217.0,2.2,477,25342,16168,35.0,169.0
Station_01,Inv_00,20170707,13:48:00,237.0,2.0,474,216.0,2.2,475,25342,16168,34.8,167.0
Station_01,Inv_00,20170707,13:49:00,237.0,2.1,498,216.0,2.2,475,25342,16168,34.6,167.0
Station_01,Inv_00,20170707,13:50:00,241.8,2.2,532,216.0,2.3,497,25342,16168,34.5,170.0
Station_01,Inv_00,20170707,13:51:00,240.0,2.2,528,216.0,2.4,518,25342,16168,34.6,175.0
Station_01,Inv_00,20170707,13:52:00,240.4,2.3,553,217.0,2.4,521,25342,16168,34.4,177.0
Station_01,Inv_00,20170707,13:53:00,242.9,2.3,559,217.0,2.5,543,25342,16168,34.5,181.0
Station_01,Inv_00,20170707,13:54:00,240.0,2.4,576,217.0,2.5,543,25342,16168,34.5,182.0
Station_01,Inv_00,20170707,13:55:00,243.5,2.2,536,217.0,2.5,543,25342,16168,34.7,183.0
Station_01,Inv_00,20170707,13:56:00,246.0,2.4,590,217.0,2.5,543,25342,16168,34.7,185.0
Station_01,Inv_00,20170707,13:57:00,242.5,2.4,582,217.0,2.5,543,25342,16168,34.5,188.0
Station_01,Inv_00,20170707,13:58:00,244.5,2.4,587,217.0,2.6,564,25342,16168,34.8,190.0
Station_01,Inv_00,20170707,13:59:00,243.9,2.5,610,216.0,2.6,562,25342,16168,34.6,192.0
Station_01,Inv_00,20170707,14:00:00,247.0,2.5,618,217.0,2.7,586,25342,16168,34.9,195.0
Station_01,Inv_00,20170707,14:01:00,247.5,2.6,644,217.0,2.8,608,25342,16168,34.8,200.0
Station_01,Inv_00,20170707,14:02:00,244.4,2.7,660,217.0,3.0,651,25342,16168,34.9,206.0
Station_01,Inv_00,20170707,14:03:00,242.0,2.8,678,217.0,3.1,673,25342,16168,35.2,211.0
Station_01,Inv_00,20170707,14:04:00,240.0,2.9,696,216.0,3.1,670,25342,16168,35.4,214.0
Station_01,Inv_00,20170707,14:05:00,243.3,3.0,730,217.0,3.2,694,25342,16168,35.6,220.0
Station_01,Inv_00,20170707,14:06:00,242.0,3.2,774,217.0,3.3,716,25342,16168,35.8,225.0
Station_01,Inv_00,20170707,14:07:00,236.5,3.2,757,217.0,3.4,738,25342,16168,35.5,232.0
Station_01,Inv_00,20170707,14:08:00,243.0,3.4,826,217.0,3.6,781,25342,16168,35.9,238.0
Station_01,Inv_00,20170707,14:09:00,244.9,3.4,833,217.0,3.6,781,25342,16168,36.1,242.0
Station_01,Inv_00,20170707,14:10:00,239.9,3.5,840,216.0,3.6,778,25342,16168,36.4,244.0
Station_01,Inv_00,20170707,14:11:00,240.5,3.6,866,217.0,3.7,803,25342,16168,36.3,248.0
Station_01,Inv_00,20170707,14:12:00,229.0,3.7,847,217.0,3.7,803,25342,16168,36.5,249.0
Station_01,Inv_00,20170707,14:13:00,233.9,3.6,842,216.0,3.8,821,25342,16168,36.7,252.0
Station_01,Inv_00,20170707,14:14:00,242.4,3.8,921,217.0,3.9,846,25342,16168,36.7,254.0
Station_01,Inv_00,20170707,14:15:00,235.5,4.0,942,217.0,4.0,868,25342,16168,37.3,249.0
Station_01,Inv_00,20170707,14:16:00,239.4,4.0,958,216.0,4.1,886,25342,16168,37.2,253.0
Station_01,Inv_00,20170707,14:17:00,240.5,4.1,986,217.0,4.1,890,25342,16168,37.6,258.0
Station_01,Inv_00,20170707,14:18:00,241.0,4.0,964,216.0,4.2,907,25342,16168,37.6,258.0
Station_01,Inv_00,20170707,14:19:00,241.5,4.1,990,217.0,4.1,890,25342,16168,37.9,264.0
Station_01,Inv_00,20170707,14:20:00,239.5,4.0,958,216.0,4.1,886,25342,16168,37.6,249.0
Station_01,Inv_00,20170707,14:21:00,246.4,3.7,912,217.0,3.9,846,25342,16168,37.1,241.0
Station_01,Inv_00,20170707,14:22:00,231.4,3.7,856,217.0,3.7,803,25342,16168,36.7,229.0
Station_01,Inv_00,20170707,14:23:00,235.9,3.5,826,217.0,3.6,781,25342,16168,36.8,235.0
Station_01,Inv_00,20170707,14:24:00,236.5,3.3,780,217.0,3.5,760,25342,16168,36.4,209.0
Station_01,Inv_00,20170707,14:25:00,237.0,3.2,758,217.0,3.3,716,25342,16168,36.3,201.0
Station_01,Inv_00,20170707,14:26:00,243.9,3.0,732,217.0,3.2,694,25342,16168,36.2,191.0
Station_01,Inv_00,20170707,14:27:00,236.5,2.9,686,217.0,3.1,673,25342,16168,36.0,184.0
Station_01,Inv_00,20170707,14:28:00,238.5,2.7,644,217.0,2.9,629,25342,16168,35.6,176.0
Station_01,Inv_00,20170707,14:29:00,237.5,2.6,618,218.0,2.8,610,25342,16168,35.2,172.0
Station_01,Inv_00,20170707,14:30:00,241.0,2.4,578,217.0,2.6,564,25342,16168,34.9,176.0
Station_01,Inv_00,20170707,14:31:00,241.8,2.4,580,217.0,2.5,543,25342,16168,34.9,154.0
Station_01,Inv_00,20170707,14:32:00,238.8,2.2,525,217.0,2.4,521,25342,16168,34.8,158.0
Station_01,Inv_00,20170707,14:33:00,236.0,2.1,496,217.0,2.2,477,25342,16168,34.5,142.0
Station_01,Inv_00,20170707,14:34:00,239.5,2.0,479,217.0,2.1,456,25342,16168,34.4,134.0
Station_01,Inv_00,20170707,14:35:00,227.0,2.0,454,217.0,2.0,434,25342,16168,34.3,141.0
Station_01,Inv_00,20170707,14:36:00,235.0,1.8,423,217.0,1.9,412,25342,16168,34.0,122.0
Station_01,Inv_00,20170707,14:37:00,238.4,1.6,382,217.0,1.7,369,25342,16168,33.9,113.0
Station_01,Inv_00,20170707,14:38:00,228.0,1.4,319,217.0,1.5,326,25342,16168,33.6,104.0
Station_01,Inv_00,20170707,14:39:00,224.5,1.2,269,217.0,1.4,304,25342,16168,33.4,94.0
Station_01,Inv_00,20170707,14:40:00,231.0,1.0,231,216.0,1.2,259,25342,16168,33.1,82.0
Station_01,Inv_00,20170707,14:41:00,234.0,1.0,234,217.0,1.2,260,25342,16168,32.9,80.0
Station_01,Inv_00,20170707,14:42:00,236.9,0.9,213,217.0,1.0,217,25342,16168,32.6,74.0
Station_01,Inv_00,20170707,14:43:00,226.0,0.7,158,215.0,1.0,215,25342,16168,32.7,66.0
Station_01,Inv_00,20170707,14:44:00,227.0,0.6,136,215.0,0.8,172,25342,16168,32.4,58.0
Station_01,Inv_00,20170707,14:45:00,224.5,0.6,135,214.0,0.8,171,25342,16168,32.1,56.0
Station_01,Inv_00,20170707,14:46:00,224.5,0.8,180,214.0,1.0,214,25342,16168,32.0,73.0
Station_01,Inv_00,20170707,14:47:00,235.0,1.0,235,216.0,1.1,238,25342,16168,32.0,77.0
Station_01,Inv_00,20170707,14:48:01,206.0,1.2,247,217.0,1.1,239,25342,16168,32.0,82.0
Station_01,Inv_00,20170707,14:49:00,232.0,0.9,209,218.0,1.1,240,25342,16168,32.0,75.0
Station_01,Inv_00,20170707,14:50:01,185.0,1.0,185,218.0,1.0,218,25342,16168,32.0,73.0
Station_01,Inv_00,20170707,14:51:00,231.5,1.0,232,218.0,1.1,240,25342,16168,31.8,77.0
Station_01,Inv_00,20170707,14:52:00,229.0,1.0,229,217.0,1.1,239,25342,16168,31.8,74.0
Station_01,Inv_00,20170707,14:53:00,227.0,1.1,250,218.0,1.1,240,25342,16168,31.7,77.0
Station_01,Inv_00,20170707,14:54:00,222.6,1.0,223,218.0,1.1,240,25342,16168,31.7,82.0
Station_01,Inv_00,20170707,14:55:00,234.0,1.0,234,218.0,1.1,240,25342,16168,31.7,83.0
Station_01,Inv_00,20170707,14:56:01,224.4,0.9,202,218.0,1.0,218,25342,16168,31.5,89.0
Station_01,Inv_00,20170707,14:57:00,157.0,0.9,141,218.0,0.8,174,25342,16168,31.4,87.0
Station_01,Inv_00,20170707,14:58:00,195.5,0.8,156,218.0,0.9,196,25342,16168,31.3,81.0
Station_01,Inv_00,20170707,14:59:00,227.5,0.8,182,218.0,1.0,218,25343,16169,31.2,66.0
Station_01,Inv_00,20170707,15:00:00,228.4,0.8,183,218.0,0.9,196,25343,16169,31.1,82.0
Station_01,Inv_00,20170707,15:01:01,196.0,0.8,157,218.0,0.8,174,25343,16169,30.9,79.0
Station_01,Inv_00,20170707,15:02:00,218.9,0.7,153,218.0,0.9,196,25343,16169,30.9,75.0
Station_01,Inv_00,20170707,15:03:00,217.5,0.6,131,218.0,0.8,174,25343,16169,30.7,76.0
Station_01,Inv_00,20170707,15:04:00,222.0,0.6,133,218.0,0.8,174,25343,16169,30.7,68.0
Station_01,Inv_00,20170707,15:05:00,220.5,0.6,132,218.0,0.8,174,25343,16169,30.6,70.0
Station_01,Inv_00,20170707,15:06:00,222.5,0.6,134,218.0,0.7,153,25343,16169,30.6,70.0
Station_01,Inv_00,20170707,15:07:00,214.5,0.6,129,218.0,0.7,153,25343,16169,30.5,66.0
Station_01,Inv_00,20170707,15:08:00,214.5,0.6,129,218.0,0.7,153,25343,16169,30.4,63.0
Station_01,Inv_00,20170707,15:09:00,222.5,0.6,134,217.0,0.7,152,25343,16169,30.4,69.0
Station_01,Inv_00,20170707,15:10:00,222.5,0.6,134,217.0,0.7,152,25343,16169,30.3,68.0
Station_01,Inv_00,20170707,15:11:00,223.5,0.6,134,218.0,0.7,153,25343,16169,30.2,61.0
Station_01,Inv_00,20170707,15:12:00,212.0,0.5,106,218.0,0.6,131,25343,16169,30.2,58.0
Station_01,Inv_00,20170707,15:13:00,211.6,0.5,106,218.0,0.7,153,25343,16169,30.1,57.0
Station_01,Inv_00,20170707,15:14:00,223.0,0.5,112,217.0,0.6,130,25343,16169,30.1,64.0
Station_01,Inv_00,20170707,15:15:00,223.4,0.5,112,217.0,0.6,130,25343,16169,30.0,66.0
Station_01,Inv_00,20170707,15:16:00,228.0,0.5,114,217.0,0.6,130,25343,16169,29.9,66.0
Station_01,Inv_00,20170707,15:17:00,220.4,0.5,110,217.0,0.6,130,25343,16169,29.8,67.0
Station_01,Inv_00,20170707,15:18:00,233.0,0.5,117,218.0,0.6,131,25343,16169,29.7,61.0
Station_01,Inv_00,20170707,15:19:00,226.0,0.5,113,218.0,0.6,131,25343,16169,29.6,64.0
Station_01,Inv_00,20170707,15:20:00,242.0,0.3,73,217.0,0.5,109,25343,16169,29.5,66.0
Station_01,Inv_00,20170707,15:21:00,213.4,0.5,107,217.0,0.6,130,25343,16169,29.5,65.0
Station_01,Inv_00,20170707,15:22:00,218.4,0.5,109,217.0,0.6,130,25343,16169,29.4,65.0
Station_01,Inv_00,20170707,15:23:00,222.0,0.4,89,218.0,0.6,131,25343,16169,29.3,66.0
Station_01,Inv_00,20170707,15:24:00,212.0,0.5,106,218.0,0.6,131,25343,16169,29.3,65.0
Station_01,Inv_00,20170707,15:25:00,222.6,0.5,111,218.0,0.6,131,25343,16169,29.2,61.0
Station_01,Inv_00,20170707,15:26:00,229.0,0.4,92,218.0,0.6,131,25343,16169,29.1,64.0
Station_01,Inv_00,20170707,15:27:00,222.5,0.4,89,218.0,0.6,131,25343,16169,29.0,56.0
Station_01,Inv_00,20170707,15:28:00,212.0,0.5,106,218.0,0.6,131,25343,16169,29.0,60.0
Station_01,Inv_00,20170707,15:29:00,210.0,0.4,84,218.0,0.5,109,25343,16169,29.0,63.0
Station_01,Inv_00,20170707,15:30:00,231.0,0.3,69,218.0,0.5,109,25343,16169,28.9,63.0
Station_01,Inv_00,20170707,15:31:00,178.0,0.5,89,218.0,0.5,109,25343,16169,28.8,50.0
Station_01,Inv_00,20170707,15:32:00,206.0,0.4,82,218.0,0.5,109,25343,16169,28.8,57.0
Station_01,Inv_00,20170707,15:33:00,215.5,0.4,86,218.0,0.5,109,25343,16169,28.8,60.0
Station_01,Inv_00,20170707,15:34:00,150.0,0.4,60,218.0,0.5,109,25343,16169,28.8,60.0
Station_01,Inv_00,20170707,15:35:00,194.0,0.4,78,219.0,0.5,110,25343,16169,28.7,59.0
Station_01,Inv_00,20170707,15:36:01,172.0,0.3,52,219.0,0.5,110,25343,16169,28.7,55.0
Station_01,Inv_00,20170707,15:37:01,205.3,0.3,62,216.0,0.5,108,25343,16169,28.6,52.0
Station_01,Inv_00,20170707,15:38:00,210.0,0.4,84,216.0,0.5,108,25343,16169,28.6,49.0
Station_01,Inv_00,20170707,15:39:00,182.0,0.3,55,216.0,0.5,108,25343,16169,28.6,58.0
Station_01,Inv_00,20170707,15:40:00,199.0,0.3,60,215.0,0.5,108,25343,16169,28.6,50.0
Station_01,Inv_00,20170707,15:41:00,210.0,0.3,63,216.0,0.5,108,25343,16169,28.6,52.0
Station_01,Inv_00,20170707,15:42:00,150.0,0.3,45,216.0,0.4,86,25343,16169,28.6,45.0
Station_01,Inv_00,20170707,15:43:00,202.0,0.3,61,215.0,0.5,108,25343,16169,28.5,55.0
Station_01,Inv_00,20170707,15:44:00,212.7,0.3,64,216.0,0.4,86,25343,16169,28.5,55.0
Station_01,Inv_00,20170707,15:45:00,214.3,0.3,64,215.0,0.5,108,25343,16169,28.5,53.0
Station_01,Inv_00,20170707,15:46:00,204.0,0.3,61,215.0,0.5,108,25343,16169,28.4,51.0
Station_01,Inv_00,20170707,15:47:00,214.0,0.2,43,215.0,0.5,108,25343,16169,28.4,44.0
Station_01,Inv_00,20170707,15:48:00,204.3,0.3,61,215.0,0.5,108,25343,16169,28.3,52.0
Station_01,Inv_00,20170707,15:49:00,214.0,0.2,43,215.0,0.5,108,25343,16169,28.3,55.0
Station_01,Inv_00,20170707,15:50:00,201.0,0.2,40,215.0,0.4,86,25343,16169,28.3,54.0
Station_01,Inv_00,20170707,15:51:00,183.7,0.3,55,215.0,0.4,86,25343,16169,28.3,54.0
Station_01,Inv_00,20170707,15:52:00,215.0,0.3,65,215.0,0.4,86,25343,16169,28.3,52.0
Station_01,Inv_00,20170707,15:53:00,209.0,0.2,42,216.0,0.4,86,25343,16169,28.3,54.0
Station_01,Inv_00,20170707,15:54:00,207.0,0.2,41,216.0,0.5,108,25343,16169,28.3,54.0
Station_01,Inv_00,20170707,15:55:00,181.3,0.3,54,216.0,0.4,86,25343,16169,28.2,53.0
Station_01,Inv_00,20170707,15:56:00,157.0,0.3,47,216.0,0.4,86,25343,16169,28.2,49.0
Station_01,Inv_00,20170707,15:57:00,193.0,0.2,39,216.0,0.4,86,25343,16169,28.1,49.0
Station_01,Inv_00,20170707,15:58:00,215.0,0.2,43,216.0,0.4,86,25343,16169,27.9,39.0
Station_01,Inv_00,20170707,15:59:01,202.0,0.2,40,216.0,0.4,86,25343,16169,27.7,43.0
Station_01,Inv_00,20170707,16:00:00,191.0,0.2,38,216.0,0.4,86,25343,16169,27.5,42.0
Station_01,Inv_00,20170707,16:01:00,207.7,0.3,62,215.0,0.4,86,25343,16169,27.3,48.0
Station_01,Inv_00,20170707,16:02:00,235.5,0.2,47,216.0,0.4,86,25343,16169,27.2,37.0
Station_01,Inv_00,20170707,16:03:00,236.5,0.2,47,216.0,0.4,86,25343,16169,27.1,42.0
Station_01,Inv_00,20170707,16:04:01,220.0,0.1,22,216.0,0.4,86,25343,16169,27.0,37.0
Station_01,Inv_00,20170707,16:05:00,204.0,0.1,20,216.0,0.4,86,25343,16169,27.0,38.0
Station_01,Inv_00,20170707,16:06:00,232.0,0.2,46,216.0,0.4,86,25343,16169,26.9,39.0
Station_01,Inv_00,20170707,16:07:00,178.3,0.3,54,216.0,0.4,86,25343,16169,27.0,41.0
Station_01,Inv_00,20170707,16:08:00,214.0,0.2,43,215.0,0.4,86,25343,16169,26.9,37.0
Station_01,Inv_00,20170707,16:09:00,221.0,0.2,44,216.0,0.4,86,25343,16169,26.9,41.0
Station_01,Inv_00,20170707,16:10:00,161.0,0.2,32,215.0,0.4,86,25343,16169,26.9,35.0
Station_01,Inv_00,20170707,16:11:00,175.0,0.2,35,215.0,0.4,86,25343,16169,26.9,34.0
Station_01,Inv_00,20170707,16:12:00,213.5,0.2,43,216.0,0.4,86,25343,16169,26.8,34.0
Station_01,Inv_00,20170707,16:13:00,221.5,0.2,44,216.0,0.4,86,25343,16169,26.9,35.0
Station_01,Inv_00,20170707,16:14:00,0.0,0.0,0,216.0,0.6,130,25343,16169,26.8,33.0
Station_01,Inv_00,20170707,16:15:00,256.5,0.2,51,216.0,0.5,108,25343,16169,26.7,34.0
Station_01,Inv_00,20170707,16:16:00,0.0,0.0,0,221.0,0.2,44,25343,16169,26.9,34.0
Station_01,Inv_00,20170707,16:17:00,223.0,0.2,45,216.0,0.5,108,25343,16169,26.8,34.0
Station_01,Inv_00,20170707,16:18:00,0.0,0.0,0,216.0,0.5,108,25343,16169,26.8,34.0
Station_01,Inv_00,20170707,16:19:00,257.5,0.2,52,0.0,0.0,0,25343,16169,26.8,34.0
Station_01,Inv_00,20170707,16:20:00,0.0,0.0,0,0.0,0.0,0,25343,16169,26.8,43.0
Station_01,Inv_00,20170707,16:21:00,223.0,0.2,45,217.0,0.5,109,25343,16169,26.7,45.0
Station_01,Inv_00,20170707,16:22:00,0.0,0.0,0,216.0,0.6,130,25343,16169,26.8,36.0
Station_01,Inv_00,20170707,16:23:00,255.0,0.2,51,0.0,0.0,0,25343,16169,26.8,32.0
Station_01,Inv_00,20170707,16:24:00,256.0,0.2,51,0.0,0.0,0,25343,16169,26.9,34.0
Station_01,Inv_00,20170707,16:25:00,220.0,0.2,44,216.0,0.5,108,25343,16169,26.8,31.0
Station_01,Inv_00,20170707,16:26:00,0.0,0.0,0,216.0,0.5,108,25343,16169,26.9,30.0
Station_01,Inv_00,20170707,16:27:00,252.0,0.2,50,0.0,0.0,0,25343,16169,27.0,42.0
Station_01,Inv_00,20170707,16:28:00,0.0,0.0,0,0.0,0.0,0,25343,16169,27.0,29.0
Station_01,Inv_00,20170707,16:29:00,218.0,0.2,44,217.0,0.5,109,25343,16169,26.9,31.0
Station_01,Inv_00,20170707,16:30:00,0.0,0.0,0,217.0,0.6,130,25343,16169,26.9,30.0
Station_01,Inv_00,20170707,16:31:00,242.5,0.2,49,0.0,0.0,0,25343,16169,26.9,29.0
Station_01,Inv_00,20170707,16:32:00,0.0,0.0,0,216.0,0.4,86,25343,16169,26.8,26.0
Station_01,Inv_00,20170707,16:33:00,0.0,0.0,0,216.0,0.5,108,25343,16169,26.7,25.0
Station_01,Inv_00,20170707,16:34:00,0.0,0.0,0,0.0,0.0,0,25343,16169,26.7,26.0
Station_01,Inv_00,20170707,16:35:00,0.0,0.0,0,0.0,0.0,0,25343,16169,26.7,26.0
Station_01,Inv_00,20170707,16:36:00,213.5,0.2,43,216.0,0.5,108,25343,16169,26.7,494.0
Station_01,Inv_00,20170707,16:37:00,0.0,0.0,0,216.0,0.6,130,25343,16169,26.6,29.0
Station_01,Inv_00,20170707,16:38:00,248.0,0.2,50,0.0,0.0,0,25343,16169,26.5,33.0
Station_01,Inv_00,20170707,16:39:00,216.5,0.2,43,216.0,0.4,86,25343,16169,26.6,29.0
Station_01,Inv_00,20170707,16:40:00,217.0,0.2,43,215.0,0.5,108,25343,16169,26.4,30.0
Station_01,Inv_00,20170707,16:41:00,250.0,0.2,50,216.0,1.1,238,25343,16169,26.4,29.0
Station_01,Inv_00,20170707,16:42:00,251.0,0.2,50,0.0,0.0,0,25343,16169,26.3,29.0
Station_01,Inv_00,20170707,16:43:00,254.0,0.2,51,0.0,0.0,0,25343,16169,26.3,485.0
Station_01,Inv_00,20170707,16:44:00,219.0,0.2,44,216.0,0.5,108,25343,16169,26.1,483.0
Station_01,Inv_00,20170707,16:45:00,253.5,0.2,51,216.0,1.0,216,25343,16169,26.1,32.0
Station_01,Inv_00,20170707,16:46:00,254.5,0.2,51,0.0,0.0,0,25343,16169,26.0,39.0
Station_01,Inv_00,20170707,16:47:00,221.0,0.2,44,216.0,0.4,86,25343,16169,26.0,36.0
Station_01,Inv_00,20170707,16:48:00,221.0,0.2,44,217.0,0.5,109,25343,16169,25.8,478.0
Station_01,Inv_00,20170707,16:49:00,254.5,0.2,51,216.0,0.8,173,25343,16169,25.7,32.0
Station_01,Inv_00,20170707,16:50:00,255.0,0.2,51,0.0,0.0,0,25343,16169,25.5,32.0
Station_01,Inv_00,20170707,16:51:00,221.0,0.2,44,217.0,0.4,87,25343,16169,25.6,44.0
Station_01,Inv_00,20170707,16:52:00,0.0,0.0,0,217.0,0.5,109,25343,16169,25.5,43.0
Station_01,Inv_00,20170707,16:53:00,256.5,0.2,51,218.0,0.7,153,25343,16169,25.4,30.0
Station_01,Inv_00,20170707,16:54:00,0.0,0.0,0,0.0,0.0,0,25343,16169,25.5,32.0
Station_01,Inv_00,20170707,16:55:00,222.0,0.2,44,215.0,0.5,108,25343,16169,25.4,470.0
Station_01,Inv_00,20170707,16:56:00,0.0,0.0,0,215.0,0.5,108,25343,16169,25.3,31.0
Station_01,Inv_00,20170707,16:57:00,258.0,0.2,52,0.0,0.0,0,25343,16169,25.3,44.0
Station_01,Inv_00,20170707,16:58:00,0.0,0.0,0,219.0,0.3,66,25343,16169,25.4,50.0
Station_01,Inv_00,20170707,16:59:00,224.0,0.2,45,215.0,0.4,86,25343,16169,25.3,48.0
Station_01,Inv_00,20170707,17:00:00,0.0,0.0,0,215.0,0.6,129,25343,16169,25.2,51.0
Station_01,Inv_00,20170707,17:01:00,258.0,0.2,52,0.0,0.0,0,25343,16169,25.2,48.0
Station_01,Inv_00,20170707,17:02:00,259.5,0.2,52,0.0,0.0,0,25343,16169,25.2,51.0
Station_01,Inv_00,20170707,17:03:00,223.0,0.2,45,214.0,0.5,107,25343,16169,25.1,49.0
Station_01,Inv_00,20170707,17:04:00,0.0,0.0,0,214.0,0.5,107,25343,16169,25.1,50.0
Station_01,Inv_00,20170707,17:05:00,259.5,0.2,52,0.0,0.0,0,25343,16169,25.1,51.0
Station_01,Inv_00,20170707,17:06:00,0.0,0.0,0,0.0,0.0,0,25343,16169,25.2,50.0
Station_01,Inv_00,20170707,17:07:00,225.0,0.2,45,216.0,0.5,108,25343,16169,25.1,46.0
Station_01,Inv_00,20170707,17:08:00,0.0,0.0,0,216.0,0.5,108,25343,16169,25.1,34.0
Station_01,Inv_00,20170707,17:09:00,260.5,0.2,52,0.0,0.0,0,25343,16169,25.1,47.0
Station_01,Inv_00,20170707,17:10:00,262.0,0.2,52,0.0,0.0,0,25343,16169,25.2,50.0
Station_01,Inv_00,20170707,17:11:00,225.0,0.2,45,215.0,0.5,108,25343,16169,25.1,36.0
Station_01,Inv_00,20170707,17:12:00,0.0,0.0,0,216.0,0.5,108,25343,16169,25.1,33.0
Station_01,Inv_00,20170707,17:13:00,0.0,0.0,0,220.0,0.1,22,25343,16169,25.1,39.0
Station_01,Inv_00,20170707,17:14:00,261.0,0.2,52,0.0,0.0,0,25343,16169,25.1,39.0
Station_01,Inv_00,20170707,17:15:00,224.0,0.2,45,216.0,0.5,108,25343,16169,25.1,41.0
Station_01,Inv_00,20170707,17:16:00,0.0,0.0,0,215.0,0.6,129,25343,16169,25.0,48.0
Station_01,Inv_00,20170707,17:17:00,257.5,0.2,52,0.0,0.0,0,25343,16169,25.0,49.0
Station_01,Inv_00,20170707,17:18:00,223.0,0.2,45,214.0,0.4,86,25343,16169,25.1,45.0
Station_01,Inv_00,20170707,17:19:01,223.0,0.2,45,214.0,0.5,107,25343,16169,25.0,41.0
Station_01,Inv_00,20170707,17:20:00,254.5,0.2,51,215.0,0.6,129,25343,16169,25.0,46.0
Station_01,Inv_00,20170707,17:21:00,0.0,0.0,0,0.0,0.0,0,25343,16169,25.0,46.0
Station_01,Inv_00,20170707,17:22:00,219.5,0.2,44,215.0,0.4,86,25343,16169,25.0,35.0
Station_01,Inv_00,20170707,17:23:00,0.0,0.0,0,216.0,0.5,108,25343,16169,24.9,48.0
Station_01,Inv_00,20170707,17:24:00,251.0,0.2,50,215.0,1.0,215,25343,16169,24.9,41.0
Station_01,Inv_00,20170707,17:25:00,0.0,0.0,0,0.0,0.0,0,25343,16169,24.9,47.0
Station_01,Inv_00,20170707,17:26:00,218.0,0.2,44,217.0,0.4,87,25343,16169,24.9,46.0
Station_01,Inv_00,20170707,17:27:00,0.0,0.0,0,216.0,0.5,108,25343,16169,24.9,45.0
Station_01,Inv_00,20170707,17:28:00,249.0,0.2,50,0.0,0.0,0,25343,16169,24.9,35.0
Station_01,Inv_00,20170707,17:29:00,250.5,0.2,50,0.0,0.0,0,25343,16169,25.0,38.0
Station_01,Inv_00,20170707,17:30:00,216.0,0.2,43,214.0,0.5,107,25343,16169,24.9,47.0
Station_01,Inv_00,20170707,17:31:00,0.0,0.0,0,215.0,0.6,129,25343,16169,24.8,32.0
Station_01,Inv_00,20170707,17:32:00,248.0,0.2,50,0.0,0.0,0,25343,16169,24.8,28.0
Station_01,Inv_00,20170707,17:33:00,251.0,0.2,50,0.0,0.0,0,25343,16169,24.8,29.0
Station_01,Inv_00,20170707,17:34:00,216.0,0.2,43,214.0,0.5,107,25343,16169,24.8,30.0
Station_01,Inv_00,20170707,17:35:00,0.0,0.0,0,215.0,0.6,129,25343,16169,24.8,31.0
Station_01,Inv_00,20170707,17:36:00,247.5,0.2,50,0.0,0.0,0,25343,16169,24.8,30.0
Station_01,Inv_00,20170707,17:37:00,247.0,0.2,49,0.0,0.0,0,25343,16169,24.9,28.0
Station_01,Inv_00,20170707,17:38:00,0.0,0.0,0,215.0,0.5,108,25343,16169,24.8,27.0
Station_01,Inv_00,20170707,17:39:00,0.0,0.0,0,215.0,0.6,129,25343,16169,24.7,29.0
Station_01,Inv_00,20170707,17:40:00,245.0,0.2,49,0.0,0.0,0,25343,16169,24.7,457.0
Station_01,Inv_00,20170707,17:41:00,213.0,0.2,43,216.0,0.4,86,25343,16169,24.7,458.0
Station_01,Inv_00,20170707,17:42:00,0.0,0.0,0,215.0,0.5,108,25343,16169,24.7,30.0
Station_01,Inv_00,20170707,17:43:00,244.0,0.2,49,0.0,0.0,0,25343,16169,24.8,27.0
Station_01,Inv_00,20170707,17:44:00,247.0,0.2,49,0.0,0.0,0,25343,16169,24.7,31.0
Station_01,Inv_00,20170707,17:45:00,212.0,0.2,42,215.0,0.4,86,25343,16169,24.7,457.0
Station_01,Inv_00,20170707,17:46:00,202.0,0.2,40,215.0,0.5,108,25343,16169,24.7,30.0
Station_01,Inv_00,20170707,17:47:00,243.0,0.2,49,215.0,0.6,129,25343,16169,24.7,28.0
Station_01,Inv_00,20170707,17:48:00,0.0,0.0,0,0.0,0.0,0,25343,16169,24.7,29.0
Station_01,Inv_00,20170707,17:49:00,0.0,0.0,0,215.0,0.4,86,25343,16169,24.7,31.0
Station_01,Inv_00,20170707,17:50:00,0.0,0.0,0,217.0,0.5,109,25343,16169,24.7,457.0
Station_01,Inv_00,20170707,17:51:00,242.0,0.2,48,216.0,0.8,173,25343,16169,24.6,41.0
Station_01,Inv_00,20170707,17:52:00,0.0,0.0,0,0.0,0.0,0,25343,16169,24.7,32.0
Station_01,Inv_00,20170707,17:53:00,0.0,0.0,0,215.0,0.4,86,25343,16169,24.8,28.0
Station_01,Inv_00,20170707,17:54:00,0.0,0.0,0,215.0,0.5,108,25343,16169,24.7,33.0
Station_01,Inv_00,20170707,17:55:00,242.0,0.2,48,0.0,0.0,0,25343,16169,24.8,29.0
Station_01,Inv_00,20170707,17:56:00,0.0,0.0,0,220.0,0.1,22,25343,16169,24.7,458.0
Station_01,Inv_00,20170707,17:57:00,0.0,0.0,0,215.0,0.5,108,25343,16169,24.8,29.0
Station_01,Inv_00,20170707,17:58:00,0.0,0.0,0,216.0,0.5,108,25343,16169,24.8,44.0
Station_01,Inv_00,20170707,17:59:00,0.0,0.0,0,0.0,0.0,0,25343,16169,24.8,458.0
Station_01,Inv_00,20170707,18:00:00,0.0,0.0,0,215.0,0.4,86,25343,16169,24.7,457.0
Station_01,Inv_00,20170707,18:01:00,0.0,0.0,0,216.0,0.5,108,25343,16169,24.8,33.0
Station_01,Inv_00,20170707,18:02:00,0.0,0.0,0,0.0,0.0,0,25343,16169,24.7,42.0
Station_01,Inv_00,20170707,18:03:00,210.0,0.2,42,215.0,0.5,108,25343,16169,24.7,36.0
Station_01,Inv_00,20170707,18:04:00,0.0,0.0,0,0.0,0.0,0,25343,16169,24.7,457.0
Station_01,Inv_00,20170707,18:05:00,0.0,0.0,0,215.0,0.4,86,25343,16169,24.7,28.0
Station_01,Inv_00,20170707,18:06:00,231.5,0.2,46,216.0,0.7,151,25343,16169,24.7,27.0
Station_01,Inv_00,20170707,18:07:00,0.0,0.0,0,215.0,0.5,108,25343,16169,24.7,29.0
Station_01,Inv_00,20170707,18:08:00,0.0,0.0,0,216.0,0.4,86,25343,16169,24.7,27.0
Station_01,Inv_00,20170707,18:09:00,0.0,0.0,0,0.0,0.0,0,25343,16169,24.7,31.0
Station_01,Inv_00,20170707,18:10:00,0.0,0.0,0,0.0,0.0,0,25343,16169,24.7,28.0
Station_01,Inv_00,20170707,18:11:00,0.0,0.0,0,0.0,0.0,0,25343,16169,24.7,25.0
Station_01,Inv_00,20170707,18:12:00,0.0,0.0,0,0.0,0.0,0,25343,16169,24.6,28.0
Station_01,Inv_00,20170707,18:13:00,0.0,0.0,0,0.0,0.0,0,25343,16169,24.6,26.0
Station_01,Inv_00,20170707,18:14:00,0.0,0.0,0,0.0,0.0,0,25343,16169,24.5,43.0
Station_01,Inv_00,20170707,18:15:00,0.0,0.0,0,0.0,0.0,0,25343,16169,24.5,36.0
Station_01,Inv_00,20170707,18:16:00,0.0,0.0,0,0.0,0.0,0,25343,16169,24.4,452.0
Station_01,Inv_00,20170707,18:17:00,0.0,0.0,0,0.0,0.0,0,25343,16169,24.4,25.0
Station_01,Inv_00,20170707,18:18:00,0.0,0.0,0,0.0,0.0,0,25343,16169,24.4,24.0
Station_01,Inv_00,20170707,18:19:00,0.0,0.0,0,0.0,0.0,0,25343,16169,24.4,30.0
Station_01,Inv_00,20170707,18:20:00,0.0,0.0,0,0.0,0.0,0,25343,16169,24.5,28.0
Station_01,Inv_00,20170707,18:21:00,0.0,0.0,0,0.0,0.0,0,25343,16169,24.5,24.0
Station_01,Inv_00,20170707,18:22:00,0.0,0.0,0,0.0,0.0,0,25343,16169,24.5,25.0
Station_01,Inv_00,20170707,18:23:00,0.0,0.0,0,0.0,0.0,0,25343,16169,24.5,26.0
Station_01,Inv_00,20170707,18:24:00,0.0,0.0,0,0.0,0.0,0,25343,16169,24.4,24.0
Station_01,Inv_00,20170707,18:25:00,0.0,0.0,0,0.0,0.0,0,25343,16169,24.5,35.0
Station_01,Inv_00,20170707,18:26:00,0.0,0.0,0,0.0,0.0,0,25343,16169,24.5,25.0
Station_01,Inv_00,20170707,18:27:00,0.0,0.0,0,0.0,0.0,0,25343,16169,24.5,25.0
Station_01,Inv_00,20170707,18:28:00,0.0,0.0,0,0.0,0.0,0,25343,16169,24.5,453.0
Station_01,Inv_00,20170707,18:29:00,0.0,0.0,0,0.0,0.0,0,25343,16169,24.5,28.0
Station_01,Inv_00,20170707,18:30:00,0.0,0.0,0,0.0,0.0,0,25343,16169,24.5,27.0
Station_01,Inv_00,20170707,18:31:00,0.0,0.0,0,0.0,0.0,0,25343,16169,24.5,23.0
Station_01,Inv_00,20170707,18:32:00,0.0,0.0,0,0.0,0.0,0,25343,16169,24.5,23.0
Station_01,Inv_00,20170707,18:33:00,0.0,0.0,0,0.0,0.0,0,25343,16169,24.5,23.0
Station_01,Inv_00,20170707,18:34:00,0.0,0.0,0,0.0,0.0,0,25343,16169,24.5,23.0
Station_01,Inv_00,20170707,18:35:00,0.0,0.0,0,0.0,0.0,0,25343,16169,24.6,23.0
Station_01,Inv_00,20170707,18:36:00,0.0,0.0,0,0.0,0.0,0,25343,16169,24.5,22.0
Station_01,Inv_00,20170707,18:37:00,0.0,0.0,0,0.0,0.0,0,25343,16169,24.5,21.0
Station_01,Inv_00,20170707,18:38:00,0.0,0.0,0,0.0,0.0,0,25343,16169,24.6,22.0
Station_01,Inv_00,20170707,18:39:00,0.0,0.0,0,0.0,0.0,0,25343,16169,24.5,22.0
Station_01,Inv_00,20170707,18:40:00,0.0,0.0,0,0.0,0.0,0,25343,16169,24.5,22.0
Station_01,Inv_00,20170707,18:41:00,0.0,0.0,0,0.0,0.0,0,25343,16169,24.5,21.0
Station_01,Inv_00,20170707,18:42:00,0.0,0.0,0,0.0,0.0,0,25343,16169,24.5,20.0
Station_01,Inv_00,20170707,18:43:00,0.0,0.0,0,0.0,0.0,0,25343,16169,24.5,20.0
Station_01,Inv_00,20170707,18:44:00,0.0,0.0,0,0.0,0.0,0,25343,16169,24.6,20.0
Station_01,Inv_00,20170707,18:45:00,0.0,0.0,0,0.0,0.0,0,25343,16169,24.5,19.0
Station_01,Inv_00,20170707,18:46:00,0.0,0.0,0,0.0,0.0,0,25343,16169,24.5,29.0
Station_01,Inv_00,20170707,18:47:00,0.0,0.0,0,0.0,0.0,0,25343,16169,24.5,19.0
Station_01,Inv_00,20170707,18:48:00,0.0,0.0,0,0.0,0.0,0,25343,16169,24.5,20.0
Station_01,Inv_00,20170707,18:49:00,0.0,0.0,0,0.0,0.0,0,25343,16169,24.6,19.0
Station_01,Inv_00,20170707,18:50:00,0.0,0.0,0,0.0,0.0,0,25343,16169,24.6,19.0
Station_01,Inv_00,20170707,18:51:00,0.0,0.0,0,0.0,0.0,0,25343,16169,24.5,19.0
Station_01,Inv_00,20170707,18:52:00,0.0,0.0,0,0.0,0.0,0,25343,16169,24.5,19.0
Station_01,Inv_00,20170707,18:53:00,0.0,0.0,0,0.0,0.0,0,25343,16169,24.5,33.0
Station_01,Inv_00,20170707,18:54:00,0.0,0.0,0,0.0,0.0,0,25343,16169,24.5,19.0
Station_01,Inv_00,20170707,18:55:00,0.0,0.0,0,0.0,0.0,0,25343,16169,24.5,19.0
Station_01,Inv_00,20170707,18:56:00,0.0,0.0,0,0.0,0.0,0,25343,16169,24.5,19.0
Station_01,Inv_00,20170707,18:57:00,0.0,0.0,0,0.0,0.0,0,25343,16169,24.5,19.0
Station_01,Inv_00,20170707,18:58:00,0.0,0.0,0,0.0,0.0,0,25343,16169,24.5,19.0
Station_01,Inv_00,20170707,18:59:00,0.0,0.0,0,0.0,0.0,0,25343,16169,24.4,19.0
Station_01,Inv_00,20170707,19:00:00,0.0,0.0,0,0.0,0.0,0,25343,16169,24.4,19.0
Station_01,Inv_00,20170707,19:01:00,0.0,0.0,0,0.0,0.0,0,25343,16169,24.4,19.0
Station_01,Inv_00,20170707,19:02:00,0.0,0.0,0,0.0,0.0,0,25343,16169,24.4,20.0
Station_01,Inv_00,20170707,19:03:00,0.0,0.0,0,0.0,0.0,0,25343,16169,24.4,20.0
Station_01,Inv_00,20170707,19:04:00,0.0,0.0,0,0.0,0.0,0,25343,16169,24.4,19.0
Station_01,Inv_00,20170707,19:05:00,0.0,0.0,0,0.0,0.0,0,25343,16169,24.4,19.0
Station_01,Inv_00,20170707,19:06:00,0.0,0.0,0,0.0,0.0,0,25343,16169,24.4,19.0
Station_01,Inv_00,20170707,19:07:00,0.0,0.0,0,0.0,0.0,0,25343,16169,24.4,19.0
Station_01,Inv_00,20170707,19:08:00,0.0,0.0,0,0.0,0.0,0,25343,16169,24.4,19.0
Station_01,Inv_00,20170707,19:09:00,0.0,0.0,0,0.0,0.0,0,25343,16169,24.4,19.0
Station_01,Inv_00,20170707,19:10:00,0.0,0.0,0,0.0,0.0,0,25343,16169,24.4,19.0
Station_01,Inv_00,20170707,19:11:00,0.0,0.0,0,0.0,0.0,0,25343,16169,24.4,19.0
Station_01,Inv_00,20170707,19:12:00,0.0,0.0,0,0.0,0.0,0,25343,16169,24.4,20.0
Station_01,Inv_00,20170707,19:13:00,0.0,0.0,0,0.0,0.0,0,25343,16169,24.4,19.0
Station_01,Inv_00,20170707,19:14:00,0.0,0.0,0,0.0,0.0,0,25343,16169,24.4,19.0
Station_01,Inv_00,20170707,19:15:00,0.0,0.0,0,0.0,0.0,0,25343,16169,24.3,19.0
Station_01,Inv_00,20170707,19:16:00,0.0,0.0,0,0.0,0.0,0,25343,16169,24.3,21.0
Station_01,Inv_00,20170707,19:17:00,0.0,0.0,0,0.0,0.0,0,25343,16169,24.4,19.0
Station_01,Inv_00,20170707,19:18:00,0.0,0.0,0,0.0,0.0,0,25343,16169,24.4,19.0
Station_01,Inv_00,20170707,19:19:00,0.0,0.0,0,0.0,0.0,0,25343,16169,24.4,20.0
Station_01,Inv_00,20170707,19:20:00,0.0,0.0,0,0.0,0.0,0,25343,16169,24.4,19.0
Station_01,Inv_00,20170707,19:21:00,0.0,0.0,0,0.0,0.0,0,25343,16169,24.4,19.0
Station_01,Inv_00,20170707,19:22:00,0.0,0.0,0,0.0,0.0,0,25343,16169,24.4,19.0
Station_01,Inv_00,20170707,19:23:00,0.0,0.0,0,0.0,0.0,0,25343,16169,24.4,19.0
Station_01,Inv_00,20170707,19:24:00,0.0,0.0,0,0.0,0.0,0,25343,16169,24.4,20.0
Station_01,Inv_00,20170707,19:25:00,0.0,0.0,0,0.0,0.0,0,25343,16169,24.4,25.0
Station_01,Inv_00,20170707,19:26:00,0.0,0.0,0,0.0,0.0,0,25343,16169,24.4,19.0
Station_01,Inv_00,20170707,19:27:00,0.0,0.0,0,0.0,0.0,0,25343,16169,24.4,19.0
Station_01,Inv_00,20170707,19:28:00,0.0,0.0,0,0.0,0.0,0,25343,16169,24.4,20.0
Station_01,Inv_00,20170707,19:29:00,0.0,0.0,0,0.0,0.0,0,25343,16169,24.4,19.0
Station_01,Inv_00,20170707,19:30:00,0.0,0.0,0,0.0,0.0,0,25343,16169,24.4,19.0
Station_01,Inv_00,20170707,19:31:00,0.0,0.0,0,0.0,0.0,0,25343,16169,24.5,19.0
Station_01,Inv_00,20170707,19:32:00,0.0,0.0,0,0.0,0.0,0,25343,16169,24.5,19.0
Station_01,Inv_00,20170707,19:33:00,0.0,0.0,0,0.0,0.0,0,25343,16169,24.5,19.0
Station_01,Inv_00,20170707,19:34:00,0.0,0.0,0,0.0,0.0,0,25343,16169,24.5,19.0
Station_01,Inv_00,20170707,19:35:00,0.0,0.0,0,0.0,0.0,0,25343,16169,24.6,19.0
Station_01,Inv_00,20170707,19:36:00,0.0,0.0,0,0.0,0.0,0,25343,16169,24.5,19.0
Station_01,Inv_00,20170707,19:37:00,0.0,0.0,0,0.0,0.0,0,25343,16169,24.6,18.0
Station_01,Inv_00,20170707,19:38:00,0.0,0.0,0,0.0,0.0,0,25343,16169,24.6,18.0
Station_01,Inv_00,20170707,19:39:00,0.0,0.0,0,0.0,0.0,0,25343,16169,24.7,19.0
Station_01,Inv_00,20170707,19:40:00,0.0,0.0,0,0.0,0.0,0,25343,16169,24.5,19.0
Station_01,Inv_00,20170707,19:41:00,0.0,0.0,0,0.0,0.0,0,25343,16169,24.6,19.0
Station_01,Inv_00,20170707,19:42:00,0.0,0.0,0,0.0,0.0,0,25343,16169,24.7,19.0
Station_01,Inv_00,20170707,19:43:00,0.0,0.0,0,0.0,0.0,0,25343,16169,24.7,21.0
Station_01,Inv_00,20170707,19:44:00,0.0,0.0,0,0.0,0.0,0,25343,16169,24.6,22.0
Station_01,Inv_00,20170707,19:45:00,0.0,0.0,0,0.0,0.0,0,25343,16169,24.8,20.0
Station_01,Inv_00,20170707,19:46:00,0.0,0.0,0,0.0,0.0,0,25343,16169,24.8,20.0
Station_01,Inv_00,20170707,19:47:00,0.0,0.0,0,0.0,0.0,0,25343,16169,24.7,20.0
Station_01,Inv_00,20170707,19:48:00,0.0,0.0,0,0.0,0.0,0,25343,16169,24.8,21.0
Station_01,Inv_00,20170707,19:49:00,0.0,0.0,0,0.0,0.0,0,25343,16169,24.9,20.0
Station_01,Inv_00,20170707,19:50:00,0.0,0.0,0,0.0,0.0,0,25343,16169,24.9,21.0
Station_01,Inv_00,20170707,19:51:00,0.0,0.0,0,0.0,0.0,0,25343,16169,24.9,20.0
Station_01,Inv_00,20170707,19:52:00,0.0,0.0,0,0.0,0.0,0,25343,16169,25.0,21.0
Station_01,Inv_00,20170707,19:53:00,0.0,0.0,0,0.0,0.0,0,25343,16169,25.1,21.0
Station_01,Inv_00,20170707,19:54:00,0.0,0.0,0,0.0,0.0,0,25343,16169,25.2,21.0
Station_01,Inv_00,20170707,19:55:00,0.0,0.0,0,0.0,0.0,0,25343,16169,25.2,21.0
Station_01,Inv_00,20170707,19:56:00,0.0,0.0,0,0.0,0.0,0,25343,16169,25.3,21.0
Station_01,Inv_00,20170707,19:57:00,0.0,0.0,0,0.0,0.0,0,25343,16169,25.4,21.0
Station_01,Inv_00,20170707,19:58:00,0.0,0.0,0,0.0,0.0,0,25343,16169,25.4,21.0
Station_01,Inv_00,20170707,19:59:00,0.0,0.0,0,0.0,0.0,0,25343,16169,25.4,21.0
Station_01,Inv_00,20170707,20:00:00,0.0,0.0,0,0.0,0.0,0,25343,16169,25.4,22.0
