Station_01,Inv_00,20170803,05:00:00,0.0,0.0,0,0.0,0.0,0,25752,16430,25.0,18.0
Station_01,Inv_00,20170803,05:01:00,0.0,0.0,0,0.0,0.0,0,25752,16430,25.0,18.0
Station_01,Inv_00,20170803,05:02:00,0.0,0.0,0,0.0,0.0,0,25752,16430,25.0,17.0
Station_01,Inv_00,20170803,05:03:00,0.0,0.0,0,0.0,0.0,0,25752,16430,25.0,17.0
Station_01,Inv_00,20170803,05:04:00,0.0,0.0,0,0.0,0.0,0,25752,16430,25.0,17.0
Station_01,Inv_00,20170803,05:05:00,0.0,0.0,0,0.0,0.0,0,25752,16430,25.0,17.0
Station_01,Inv_00,20170803,05:06:00,0.0,0.0,0,0.0,0.0,0,25752,16430,25.0,17.0
Station_01,Inv_00,20170803,05:07:00,0.0,0.0,0,0.0,0.0,0,25752,16430,24.9,17.0
Station_01,Inv_00,20170803,05:08:00,0.0,0.0,0,0.0,0.0,0,25752,16430,24.9,17.0
Station_01,Inv_00,20170803,05:09:00,0.0,0.0,0,0.0,0.0,0,25752,16430,24.9,17.0
Station_01,Inv_00,20170803,05:10:00,0.0,0.0,0,0.0,0.0,0,25752,16430,24.9,17.0
Station_01,Inv_00,20170803,05:11:00,0.0,0.0,0,0.0,0.0,0,25752,16430,24.9,17.0
Station_01,Inv_00,20170803,05:12:00,0.0,0.0,0,0.0,0.0,0,25752,16430,25.0,18.0
Station_01,Inv_00,20170803,05:13:00,0.0,0.0,0,0.0,0.0,0,25752,16430,24.9,18.0
Station_01,Inv_00,20170803,05:14:00,0.0,0.0,0,0.0,0.0,0,25752,16430,24.9,18.0
Station_01,Inv_00,20170803,05:15:00,0.0,0.0,0,0.0,0.0,0,25752,16430,24.8,18.0
Station_01,Inv_00,20170803,05:16:00,0.0,0.0,0,0.0,0.0,0,25752,16430,24.8,18.0
Station_01,Inv_00,20170803,05:17:00,0.0,0.0,0,0.0,0.0,0,25752,16430,24.7,19.0
Station_01,Inv_00,20170803,05:18:00,0.0,0.0,0,0.0,0.0,0,25752,16430,24.7,19.0
Station_01,Inv_00,20170803,05:19:00,0.0,0.0,0,0.0,0.0,0,25752,16430,24.7,20.0
Station_01,Inv_00,20170803,05:20:00,0.0,0.0,0,0.0,0.0,0,25752,16430,24.7,20.0
Station_01,Inv_00,20170803,05:21:00,0.0,0.0,0,0.0,0.0,0,25752,16430,24.7,20.0
Station_01,Inv_00,20170803,05:22:00,0.0,0.0,0,0.0,0.0,0,25752,16430,24.7,21.0
Station_01,Inv_00,20170803,05:23:00,0.0,0.0,0,0.0,0.0,0,25752,16430,24.7,21.0
Station_01,Inv_00,20170803,05:24:00,0.0,0.0,0,0.0,0.0,0,25752,16430,24.7,21.0
Station_01,Inv_00,20170803,05:25:00,0.0,0.0,0,0.0,0.0,0,25752,16430,24.7,21.0
Station_01,Inv_00,20170803,05:26:00,0.0,0.0,0,0.0,0.0,0,25752,16430,24.7,22.0
Station_01,Inv_00,20170803,05:27:00,0.0,0.0,0,0.0,0.0,0,25752,16430,24.7,22.0
Station_01,Inv_00,20170803,05:28:00,0.0,0.0,0,0.0,0.0,0,25752,16430,24.7,23.0
Station_01,Inv_00,20170803,05:29:00,0.0,0.0,0,0.0,0.0,0,25752,16430,24.7,23.0
Station_01,Inv_00,20170803,05:30:00,0.0,0.0,0,0.0,0.0,0,25752,16430,24.7,23.0
Station_01,Inv_00,20170803,05:31:00,0.0,0.0,0,0.0,0.0,0,25752,16430,24.7,24.0
Station_01,Inv_00,20170803,05:32:00,0.0,0.0,0,0.0,0.0,0,25752,16430,24.7,25.0
Station_01,Inv_00,20170803,05:33:00,0.0,0.0,0,0.0,0.0,0,25752,16430,24.7,25.0
Station_01,Inv_00,20170803,05:34:00,0.0,0.0,0,0.0,0.0,0,25752,16430,24.7,26.0
Station_01,Inv_00,20170803,05:35:00,0.0,0.0,0,0.0,0.0,0,25752,16430,24.7,457.0
Station_01,Inv_00,20170803,05:36:00,0.0,0.0,0,222.0,0.5,111,25752,16430,24.7,27.0
Station_01,Inv_00,20170803,05:37:00,0.0,0.0,0,222.0,0.5,111,25752,16430,24.7,28.0
Station_01,Inv_00,20170803,05:38:00,0.0,0.0,0,222.0,0.5,111,25752,16430,24.8,29.0
Station_01,Inv_00,20170803,05:39:00,0.0,0.0,0,223.0,0.5,112,25752,16430,24.8,29.0
Station_01,Inv_00,20170803,05:40:00,0.0,0.0,0,223.0,0.5,112,25752,16430,24.8,31.0
Station_01,Inv_00,20170803,05:41:00,0.0,0.0,0,222.0,0.5,111,25752,16430,24.9,31.0
Station_01,Inv_00,20170803,05:42:00,220.0,0.2,44,217.0,0.4,87,25752,16430,24.9,460.0
Station_01,Inv_00,20170803,05:43:00,213.0,0.2,43,217.0,0.5,109,25752,16430,24.8,33.0
Station_01,Inv_00,20170803,05:44:00,209.0,0.1,21,218.0,0.4,87,25752,16430,24.9,34.0
Station_01,Inv_00,20170803,05:45:00,211.7,0.3,64,217.0,0.5,109,25752,16430,25.0,35.0
Station_01,Inv_00,20170803,05:46:00,215.0,0.3,65,218.0,0.5,109,25752,16430,25.0,37.0
Station_01,Inv_00,20170803,05:47:00,222.3,0.3,67,217.0,0.5,109,25752,16430,25.1,38.0
Station_01,Inv_00,20170803,05:48:00,219.0,0.3,66,217.0,0.5,109,25752,16430,25.1,40.0
Station_01,Inv_00,20170803,05:49:00,226.7,0.3,68,218.0,0.5,109,25752,16430,25.1,41.0
Station_01,Inv_00,20170803,05:50:00,203.0,0.4,81,217.0,0.5,109,25752,16430,25.1,43.0
Station_01,Inv_00,20170803,05:51:00,224.0,0.4,90,219.0,0.5,110,25752,16430,25.2,44.0
Station_01,Inv_00,20170803,05:52:00,210.5,0.4,84,219.0,0.5,110,25752,16430,25.3,44.0
Station_01,Inv_00,20170803,05:53:00,219.0,0.4,88,219.0,0.5,110,25752,16430,25.4,45.0
Station_01,Inv_00,20170803,05:54:00,215.0,0.4,86,219.0,0.5,110,25752,16430,25.4,48.0
Station_01,Inv_00,20170803,05:55:00,212.0,0.5,106,219.0,0.5,110,25752,16430,25.5,52.0
Station_01,Inv_00,20170803,05:56:00,237.5,0.4,95,219.0,0.6,131,25752,16430,25.6,54.0
Station_01,Inv_00,20170803,05:57:00,222.0,0.4,89,218.0,0.6,131,25752,16430,25.7,57.0
Station_01,Inv_00,20170803,05:58:00,231.0,0.5,116,218.0,0.6,131,25752,16430,25.8,59.0
Station_01,Inv_00,20170803,05:59:00,236.0,0.6,142,217.0,0.7,152,25752,16430,25.9,61.0
Station_01,Inv_00,20170803,06:00:00,229.5,0.6,138,218.0,0.7,153,25752,16430,26.0,63.0
Station_01,Inv_00,20170803,06:01:00,236.4,0.5,118,217.0,0.7,152,25752,16430,26.1,65.0
Station_01,Inv_00,20170803,06:02:00,231.0,0.6,139,216.0,0.8,173,25752,16430,26.3,67.0
Station_01,Inv_00,20170803,06:03:00,229.5,0.6,138,217.0,0.8,174,25752,16430,26.4,68.0
Station_01,Inv_00,20170803,06:04:00,238.6,0.7,167,217.0,0.8,174,25752,16430,26.5,71.0
Station_01,Inv_00,20170803,06:05:00,236.7,0.7,166,217.0,0.9,195,25752,16430,26.6,74.0
Station_01,Inv_00,20170803,06:06:00,231.9,0.7,162,217.0,0.9,195,25752,16430,26.8,77.0
Station_01,Inv_00,20170803,06:07:00,240.9,0.7,169,217.0,0.9,195,25752,16430,27.0,79.0
Station_01,Inv_00,20170803,06:08:00,199.0,0.8,159,217.0,0.9,195,25752,16430,27.1,80.0
Station_01,Inv_00,20170803,06:09:00,219.5,0.8,176,217.0,0.9,195,25752,16430,27.2,80.0
Station_01,Inv_00,20170803,06:10:00,231.5,0.8,185,216.0,1.0,216,25752,16430,27.3,79.0
Station_01,Inv_00,20170803,06:11:00,229.0,0.9,206,216.0,1.0,216,25752,16430,27.4,85.0
Station_01,Inv_00,20170803,06:12:00,233.5,0.8,187,218.0,1.0,218,25752,16430,27.6,85.0
Station_01,Inv_00,20170803,06:13:00,236.0,0.8,189,216.0,1.0,216,25752,16430,27.6,74.0
Station_01,Inv_00,20170803,06:14:00,233.0,0.8,186,216.0,0.9,194,25752,16430,27.6,70.0
Station_01,Inv_00,20170803,06:15:00,219.0,0.9,197,214.0,0.9,193,25752,16430,27.7,77.0
Station_01,Inv_00,20170803,06:16:00,239.0,1.0,239,215.0,1.1,237,25752,16430,28.0,92.0
Station_01,Inv_00,20170803,06:17:00,242.0,1.0,242,215.0,1.2,258,25752,16430,28.2,104.0
Station_01,Inv_00,20170803,06:18:00,242.5,1.0,243,215.0,1.2,258,25752,16430,28.4,102.0
Station_01,Inv_00,20170803,06:19:00,239.0,1.0,239,215.0,1.2,258,25752,16430,28.5,99.0
Station_01,Inv_00,20170803,06:20:00,243.9,1.1,268,215.0,1.3,280,25752,16430,28.7,110.0
Station_01,Inv_00,20170803,06:21:00,243.0,1.2,292,215.0,1.3,280,25752,16430,28.9,118.0
Station_01,Inv_00,20170803,06:22:00,243.4,1.3,316,214.0,1.4,300,25752,16430,29.1,122.0
Station_01,Inv_00,20170803,06:23:00,248.0,1.2,298,214.0,1.4,300,25752,16430,29.4,127.0
Station_01,Inv_00,20170803,06:24:00,245.5,1.4,344,214.0,1.4,300,25752,16430,29.5,130.0
Station_01,Inv_00,20170803,06:25:00,246.0,1.4,344,217.0,1.5,326,25752,16430,29.7,134.0
Station_01,Inv_00,20170803,06:26:00,244.5,1.4,342,218.0,1.5,327,25752,16430,30.0,137.0
Station_01,Inv_00,20170803,06:27:00,240.8,1.5,361,218.0,1.5,327,25752,16430,30.1,140.0
Station_01,Inv_00,20170803,06:28:00,245.6,1.5,368,217.0,1.6,347,25752,16430,30.4,143.0
Station_01,Inv_00,20170803,06:29:00,233.9,1.6,374,217.0,1.6,347,25752,16430,30.6,146.0
Station_01,Inv_00,20170803,06:30:00,247.0,1.6,395,217.0,1.7,369,25752,16430,30.9,150.0
Station_01,Inv_00,20170803,06:31:00,243.9,1.7,415,216.0,1.8,389,25752,16430,31.0,154.0
Station_01,Inv_00,20170803,06:32:00,234.0,1.8,421,217.0,1.8,391,25752,16430,31.3,157.0
Station_01,Inv_00,20170803,06:33:00,244.8,1.8,441,217.0,1.9,412,25752,16430,31.5,161.0
Station_01,Inv_00,20170803,06:34:00,248.0,1.8,446,217.0,2.0,434,25752,16430,31.7,165.0
Station_01,Inv_00,20170803,06:35:00,239.9,1.9,456,217.0,2.0,434,25752,16430,31.9,168.0
Station_01,Inv_00,20170803,06:36:00,244.0,2.0,488,217.0,2.0,434,25752,16430,32.2,171.0
Station_01,Inv_00,20170803,06:37:00,243.0,2.0,486,217.0,2.1,456,25752,16430,32.4,174.0
Station_01,Inv_00,20170803,06:38:00,229.0,2.1,481,217.0,2.1,456,25752,16430,32.6,178.0
Station_01,Inv_00,20170803,06:39:00,249.5,2.1,524,217.0,2.2,477,25752,16430,32.7,182.0
Station_01,Inv_00,20170803,06:40:00,246.0,2.2,541,216.0,2.3,497,25752,16430,33.1,186.0
Station_01,Inv_00,20170803,06:41:00,244.9,2.1,514,217.0,2.4,521,25752,16430,33.2,190.0
Station_01,Inv_00,20170803,06:42:00,247.3,2.3,569,217.0,2.4,521,25752,16430,33.4,193.0
Station_01,Inv_00,20170803,06:43:00,247.5,2.2,545,216.0,2.5,540,25752,16430,33.7,196.0
Station_01,Inv_00,20170803,06:44:00,244.5,2.4,587,218.0,2.5,545,25752,16430,34.0,199.0
Station_01,Inv_00,20170803,06:45:00,243.0,2.4,583,216.0,2.6,562,25752,16430,34.1,202.0
Station_01,Inv_00,20170803,06:46:00,242.5,2.5,606,216.0,2.6,562,25752,16430,34.2,205.0
Station_01,Inv_00,20170803,06:47:00,250.0,2.5,625,217.0,2.7,586,25752,16430,34.6,209.0
Station_01,Inv_00,20170803,06:48:00,246.0,2.6,640,217.0,2.7,586,25752,16430,34.7,212.0
Station_01,Inv_00,20170803,06:49:00,244.5,2.7,660,216.0,2.8,605,25752,16430,34.8,214.0
Station_01,Inv_00,20170803,06:50:00,249.5,2.6,649,218.0,2.8,610,25752,16430,35.1,216.0
Station_01,Inv_00,20170803,06:51:00,243.0,2.8,680,218.0,2.9,632,25752,16430,35.4,221.0
Station_01,Inv_00,20170803,06:52:00,246.0,2.8,689,218.0,3.0,654,25752,16430,35.5,225.0
Station_01,Inv_00,20170803,06:53:00,245.0,2.9,711,218.0,3.1,676,25752,16430,35.6,229.0
Station_01,Inv_00,20170803,06:54:00,246.0,2.9,713,218.0,3.1,676,25752,16430,35.7,231.0
Station_01,Inv_00,20170803,06:55:00,245.0,3.0,735,217.0,3.1,673,25752,16430,35.7,234.0
Station_01,Inv_00,20170803,06:56:00,240.5,3.0,722,217.0,3.1,673,25752,16430,35.9,236.0
Station_01,Inv_00,20170803,06:57:00,247.5,3.1,767,216.0,3.3,713,25752,16430,36.2,243.0
Station_01,Inv_00,20170803,06:58:00,242.4,3.1,752,216.0,3.4,734,25752,16430,36.4,248.0
Station_01,Inv_00,20170803,06:59:00,239.5,3.3,790,216.0,3.5,756,25752,16430,36.6,254.0
Station_01,Inv_00,20170803,07:00:00,244.5,3.3,807,216.0,3.6,778,25752,16430,37.0,259.0
Station_01,Inv_00,20170803,07:01:00,244.9,3.4,833,216.0,3.6,778,25752,16430,37.1,263.0
Station_01,Inv_00,20170803,07:02:00,245.5,3.5,859,215.0,3.8,817,25752,16430,37.6,268.0
Station_01,Inv_00,20170803,07:03:00,244.0,3.5,854,215.0,3.8,817,25752,16430,37.7,273.0
Station_01,Inv_00,20170803,07:04:00,246.5,3.7,912,216.0,3.9,842,25752,16430,37.6,279.0
Station_01,Inv_00,20170803,07:05:00,245.0,3.7,907,216.0,4.0,864,25752,16430,38.3,284.0
Station_01,Inv_00,20170803,07:06:00,246.0,3.7,910,216.0,4.0,864,25752,16430,38.6,287.0
Station_01,Inv_00,20170803,07:07:00,243.0,3.8,923,215.0,4.0,860,25752,16430,39.0,290.0
Station_01,Inv_00,20170803,07:08:00,244.9,3.9,955,217.0,4.0,868,25752,16430,38.9,291.0
Station_01,Inv_00,20170803,07:09:00,245.5,3.8,933,217.0,4.1,890,25752,16430,39.0,292.0
Station_01,Inv_00,20170803,07:10:00,238.0,3.8,904,217.0,4.0,868,25752,16430,39.2,289.0
Station_01,Inv_00,20170803,07:11:00,235.0,3.6,846,216.0,3.7,799,25752,16430,39.0,272.0
Station_01,Inv_00,20170803,07:12:00,237.0,3.5,830,216.0,3.6,778,25752,16430,38.7,257.0
Station_01,Inv_00,20170803,07:13:00,241.5,3.4,821,216.0,3.5,756,25752,16430,38.6,254.0
Station_01,Inv_00,20170803,07:14:00,239.0,3.3,789,216.0,3.5,756,25752,16430,38.5,246.0
Station_01,Inv_00,20170803,07:15:00,241.5,3.6,869,216.0,3.7,799,25752,16430,38.8,258.0
Station_01,Inv_00,20170803,07:16:00,242.9,4.1,996,216.0,4.1,886,25752,16430,38.7,291.0
Station_01,Inv_00,20170803,07:17:00,241.0,4.4,1060,217.0,4.5,977,25752,16430,39.2,324.0
Station_01,Inv_00,20170803,07:18:00,240.5,4.5,1082,216.0,4.7,1015,25752,16430,39.4,331.0
Station_01,Inv_00,20170803,07:19:00,242.0,4.5,1089,217.0,4.7,1020,25752,16430,40.1,335.0
Station_01,Inv_00,20170803,07:20:00,241.0,4.5,1084,218.0,4.7,1025,25752,16430,40.0,333.0
Station_01,Inv_00,20170803,07:21:00,241.0,4.7,1133,218.0,4.7,1025,25752,16430,40.2,336.0
Station_01,Inv_00,20170803,07:22:00,239.5,4.6,1102,220.0,4.7,1034,25752,16430,40.5,339.0
Station_01,Inv_00,20170803,07:23:00,236.0,4.7,1109,220.0,4.8,1056,25752,16430,40.6,343.0
Station_01,Inv_00,20170803,07:24:00,238.0,4.8,1142,218.0,5.0,1090,25752,16430,40.8,349.0
Station_01,Inv_00,20170803,07:25:00,242.5,4.8,1164,219.0,5.0,1095,25752,16430,41.2,353.0
Station_01,Inv_00,20170803,07:26:00,236.0,4.9,1156,219.0,5.0,1095,25752,16430,41.4,354.0
Station_01,Inv_00,20170803,07:27:00,239.5,5.0,1198,219.0,5.1,1117,25752,16430,41.5,360.0
Station_01,Inv_00,20170803,07:28:00,239.0,5.1,1219,219.0,5.2,1139,25752,16430,42.0,367.0
Station_01,Inv_00,20170803,07:29:00,235.5,5.3,1248,220.0,5.3,1166,25752,16430,42.2,376.0
Station_01,Inv_00,20170803,07:30:00,236.5,5.4,1277,219.0,5.5,1205,25752,16430,42.5,381.0
Station_01,Inv_00,20170803,07:31:00,238.5,5.5,1312,219.0,5.6,1226,25752,16430,43.0,388.0
Station_01,Inv_00,20170803,07:32:00,239.5,5.6,1341,219.0,5.8,1270,25752,16430,43.3,399.0
Station_01,Inv_00,20170803,07:33:00,234.5,5.9,1384,219.0,6.0,1314,25753,16430,44.0,410.0
Station_01,Inv_00,20170803,07:34:00,238.0,6.1,1452,219.0,6.1,1336,25753,16430,44.4,418.0
Station_01,Inv_00,20170803,07:35:00,239.9,5.6,1343,219.0,5.7,1248,25753,16430,44.5,408.0
Station_01,Inv_00,20170803,07:36:00,239.4,5.0,1197,220.0,5.1,1122,25753,16430,44.8,356.0
Station_01,Inv_00,20170803,07:37:00,232.0,4.9,1137,220.0,4.9,1078,25753,16430,44.6,343.0
Station_01,Inv_00,20170803,07:38:00,232.5,4.9,1139,219.0,4.9,1073,25753,16430,44.6,336.0
Station_01,Inv_00,20170803,07:39:00,232.0,5.4,1253,219.0,5.3,1161,25753,16430,44.0,354.0
Station_01,Inv_00,20170803,07:40:00,233.0,5.2,1212,220.0,5.2,1144,25753,16430,44.3,370.0
Station_01,Inv_00,20170803,07:41:00,236.0,5.1,1204,220.0,5.1,1122,25753,16430,44.4,347.0
Station_01,Inv_00,20170803,07:42:00,237.0,5.6,1327,220.0,5.5,1210,25753,16430,44.2,368.0
Station_01,Inv_00,20170803,07:43:00,238.0,5.8,1380,220.0,5.8,1276,25753,16430,44.4,404.0
Station_01,Inv_00,20170803,07:44:00,235.9,5.4,1274,222.0,5.4,1199,25753,16430,44.8,382.0
Station_01,Inv_00,20170803,07:45:00,239.0,4.7,1123,221.0,4.8,1061,25753,16430,44.6,338.0
Station_01,Inv_00,20170803,07:46:00,238.5,4.7,1121,219.0,4.6,1007,25753,16430,44.2,312.0
Station_01,Inv_00,20170803,07:47:00,230.0,4.4,1012,217.0,4.4,955,25753,16430,44.0,301.0
Station_01,Inv_00,20170803,07:48:00,234.0,4.3,1006,217.0,4.4,955,25753,16430,43.5,300.0
Station_01,Inv_00,20170803,07:49:00,233.0,4.4,1025,216.0,4.5,972,25753,16430,43.5,300.0
Station_01,Inv_00,20170803,07:50:00,234.0,4.4,1030,219.0,4.2,920,25753,16430,43.2,297.0
Station_01,Inv_00,20170803,07:51:00,236.8,4.4,1042,218.0,4.3,937,25753,16430,42.8,294.0
Station_01,Inv_00,20170803,07:52:00,236.5,4.4,1041,218.0,4.4,959,25753,16430,43.2,312.0
Station_01,Inv_00,20170803,07:53:00,231.0,4.9,1132,217.0,4.7,1020,25753,16430,43.0,310.0
Station_01,Inv_00,20170803,07:54:00,231.5,5.3,1227,217.0,5.2,1128,25753,16430,42.8,367.0
Station_01,Inv_00,20170803,07:55:00,236.0,5.1,1204,217.0,5.2,1128,25753,16430,43.6,353.0
Station_01,Inv_00,20170803,07:56:00,237.5,5.3,1259,216.0,5.5,1188,25753,16430,43.3,359.0
Station_01,Inv_00,20170803,07:57:00,229.4,5.0,1147,217.0,5.0,1085,25753,16430,43.0,345.0
Station_01,Inv_00,20170803,07:58:00,235.5,5.5,1295,216.0,5.5,1188,25753,16430,43.3,353.0
Station_01,Inv_00,20170803,07:59:00,236.0,6.6,1558,216.0,6.8,1469,25753,16430,44.0,454.0
Station_01,Inv_00,20170803,08:00:00,236.0,6.0,1416,216.0,6.2,1339,25753,16430,44.4,430.0
Station_01,Inv_00,20170803,08:01:00,226.9,6.3,1430,215.0,6.1,1312,25753,16430,44.6,420.0
Station_01,Inv_00,20170803,08:02:00,224.5,5.8,1302,218.0,5.6,1221,25753,16430,44.5,436.0
Station_01,Inv_00,20170803,08:03:00,225.0,6.0,1350,218.0,5.9,1286,25753,16430,45.4,393.0
Station_01,Inv_00,20170803,08:04:00,235.5,5.2,1225,217.0,5.3,1150,25753,16430,45.5,366.0
Station_01,Inv_00,20170803,08:05:00,234.4,4.7,1102,219.0,4.7,1029,25753,16430,45.7,338.0
Station_01,Inv_00,20170803,08:06:00,236.5,4.8,1135,218.0,4.9,1068,25753,16430,45.3,327.0
Station_01,Inv_00,20170803,08:07:00,235.4,7.2,1695,218.0,7.4,1613,25753,16430,45.5,446.0
Station_01,Inv_00,20170803,08:08:00,233.5,6.1,1424,218.0,6.0,1308,25753,16430,45.4,386.0
Station_01,Inv_00,20170803,08:09:00,235.0,5.0,1175,217.0,5.1,1107,25753,16430,44.9,344.0
Station_01,Inv_00,20170803,08:10:00,232.0,5.6,1299,217.0,5.6,1215,25753,16430,45.3,361.0
Station_01,Inv_00,20170803,08:11:00,236.0,6.6,1558,218.0,6.9,1504,25753,16430,45.1,456.0
Station_01,Inv_00,20170803,08:12:00,236.0,6.1,1440,218.0,6.1,1330,25753,16430,44.8,413.0
Station_01,Inv_00,20170803,08:13:00,236.0,6.8,1605,218.0,6.8,1482,25753,16430,45.2,422.0
Station_01,Inv_00,20170803,08:14:00,234.0,4.9,1147,217.0,5.0,1085,25753,16430,45.9,357.0
Station_01,Inv_00,20170803,08:15:00,234.0,4.4,1030,218.0,4.3,937,25753,16430,45.3,307.0
Station_01,Inv_00,20170803,08:16:00,209.5,4.6,964,218.0,4.1,894,25753,16430,44.7,308.0
Station_01,Inv_00,20170803,08:17:00,211.0,4.7,992,218.0,4.1,894,25753,16430,44.4,364.0
Station_01,Inv_00,20170803,08:18:00,230.9,5.7,1316,219.0,5.6,1226,25753,16430,44.2,347.0
Station_01,Inv_00,20170803,08:19:00,235.4,5.2,1224,220.0,5.3,1166,25753,16430,44.1,404.0
Station_01,Inv_00,20170803,08:20:00,230.5,5.5,1268,218.0,5.4,1177,25753,16430,44.8,379.0
Station_01,Inv_00,20170803,08:21:00,218.0,6.9,1504,218.0,6.5,1417,25753,16430,45.1,430.0
Station_01,Inv_00,20170803,08:22:00,224.5,8.3,1863,219.0,8.0,1752,25754,16431,46.2,512.0
Station_01,Inv_00,20170803,08:23:00,232.5,8.1,1883,219.0,8.1,1774,25754,16431,47.4,541.0
Station_01,Inv_00,20170803,08:24:00,231.4,8.1,1875,220.0,8.1,1782,25754,16431,48.2,554.0
Station_01,Inv_00,20170803,08:25:00,232.0,8.8,2041,220.0,8.8,1936,25754,16431,47.9,580.0
Station_01,Inv_00,20170803,08:26:00,229.5,9.1,2088,220.0,9.1,2002,25754,16431,49.7,601.0
Station_01,Inv_00,20170803,08:27:00,231.0,9.1,2102,220.0,8.9,1958,25754,16431,50.8,596.0
Station_01,Inv_00,20170803,08:28:00,220.5,9.3,2051,220.0,8.7,1914,25754,16431,51.3,590.0
Station_01,Inv_00,20170803,08:29:00,220.0,9.5,2090,220.0,8.9,1958,25754,16431,52.1,601.0
Station_01,Inv_00,20170803,08:30:00,226.5,9.2,2084,220.0,9.0,1980,25754,16431,52.7,604.0
Station_01,Inv_00,20170803,08:31:00,227.5,9.4,2138,220.0,9.2,2024,25754,16431,53.4,608.0
Station_01,Inv_00,20170803,08:32:00,212.0,10.1,2141,219.0,9.2,2015,25754,16431,54.1,625.0
Station_01,Inv_00,20170803,08:33:00,212.5,10.1,2146,219.0,9.2,2015,25754,16431,55.0,628.0
Station_01,Inv_00,20170803,08:34:00,214.0,10.3,2204,220.0,9.3,2046,25754,16431,54.8,638.0
Station_01,Inv_00,20170803,08:35:00,214.5,10.5,2252,221.0,9.6,2122,25754,16431,55.5,653.0
Station_01,Inv_00,20170803,08:36:00,216.0,10.4,2246,220.0,9.6,2112,25754,16431,55.6,652.0
Station_01,Inv_00,20170803,08:37:00,222.5,10.1,2247,219.0,9.7,2124,25754,16431,56.8,651.0
Station_01,Inv_00,20170803,08:38:00,224.0,10.3,2307,220.0,9.9,2178,25754,16431,56.1,673.0
Station_01,Inv_00,20170803,08:39:00,219.5,10.6,2326,219.0,10.0,2190,25754,16431,57.1,677.0
Station_01,Inv_00,20170803,08:40:00,211.5,11.1,2348,220.0,10.0,2200,25754,16431,57.5,687.0
Station_01,Inv_00,20170803,08:41:00,212.0,11.2,2374,220.0,10.1,2222,25754,16431,58.8,689.0
Station_01,Inv_00,20170803,08:42:00,219.5,11.0,2414,220.0,10.3,2266,25754,16431,58.6,702.0
Station_01,Inv_00,20170803,08:43:00,216.0,11.0,2376,219.0,10.2,2234,25754,16431,59.5,696.0
Station_01,Inv_00,20170803,08:44:00,217.5,10.9,2371,220.0,10.1,2222,25754,16431,59.8,686.0
Station_01,Inv_00,20170803,08:45:00,216.4,10.4,2251,220.0,9.6,2112,25754,16431,60.7,668.0
Station_01,Inv_00,20170803,08:46:00,213.0,10.5,2237,220.0,9.6,2112,25754,16431,61.0,660.0
Station_01,Inv_00,20170803,08:47:00,216.5,8.4,1818,220.0,7.6,1672,25754,16431,60.1,560.0
Station_01,Inv_00,20170803,08:48:00,219.0,10.3,2256,220.0,9.7,2134,25754,16431,58.4,658.0
Station_01,Inv_00,20170803,08:49:00,220.0,9.8,2156,219.0,9.3,2037,25755,16432,59.4,637.0
Station_01,Inv_00,20170803,08:50:00,221.5,6.6,1462,218.0,6.3,1373,25755,16432,58.3,326.0
Station_01,Inv_00,20170803,08:51:00,218.4,3.8,830,218.0,3.6,785,25755,16432,56.4,246.0
Station_01,Inv_00,20170803,08:52:00,220.2,3.4,749,218.0,3.4,741,25755,16432,54.3,233.0
Station_01,Inv_00,20170803,08:53:00,219.9,3.6,792,218.0,3.4,741,25755,16432,51.6,222.0
Station_01,Inv_00,20170803,08:54:00,224.5,3.3,741,219.0,3.2,701,25755,16432,50.4,225.0
Station_01,Inv_00,20170803,08:55:00,230.0,3.0,690,218.0,3.1,676,25755,16432,49.5,211.0
Station_01,Inv_00,20170803,08:56:00,229.0,3.2,733,218.0,3.2,698,25755,16432,48.5,221.0
Station_01,Inv_00,20170803,08:57:00,232.0,3.2,742,218.0,3.4,741,25755,16432,47.4,229.0
Station_01,Inv_00,20170803,08:58:00,230.0,3.6,828,219.0,3.6,788,25755,16432,46.8,233.0
Station_01,Inv_00,20170803,08:59:00,224.0,11.1,2486,220.0,10.7,2354,25755,16432,49.1,670.0
Station_01,Inv_00,20170803,09:00:00,226.5,11.1,2514,219.0,10.8,2365,25755,16432,51.0,705.0
Station_01,Inv_00,20170803,09:01:00,192.0,3.9,749,218.0,3.4,741,25755,16432,51.4,615.0
Station_01,Inv_00,20170803,09:02:00,228.5,2.4,548,217.0,2.4,521,25755,16432,49.4,183.0
Station_01,Inv_00,20170803,09:03:00,232.0,2.2,510,218.0,2.2,480,25755,16432,48.2,163.0
Station_01,Inv_00,20170803,09:04:00,231.5,2.0,463,217.0,2.0,434,25755,16432,46.3,154.0
Station_01,Inv_00,20170803,09:05:00,227.3,2.0,455,217.0,2.0,434,25755,16432,45.3,148.0
Station_01,Inv_00,20170803,09:06:00,236.0,2.0,472,217.0,2.0,434,25755,16432,44.7,148.0
Station_01,Inv_00,20170803,09:07:00,212.0,2.0,424,217.0,1.9,412,25755,16432,43.5,150.0
Station_01,Inv_00,20170803,09:08:00,235.0,2.0,470,218.0,2.0,436,25755,16432,42.7,150.0
Station_01,Inv_00,20170803,09:09:00,233.0,1.9,443,219.0,2.0,438,25755,16432,42.1,147.0
Station_01,Inv_00,20170803,09:10:00,237.5,1.9,451,217.0,2.0,434,25755,16432,41.1,146.0
Station_01,Inv_00,20170803,09:11:00,237.5,1.8,428,217.0,2.0,434,25755,16432,40.7,143.0
Station_01,Inv_00,20170803,09:12:00,221.0,1.8,398,217.0,1.8,391,25755,16432,40.3,140.0
Station_01,Inv_00,20170803,09:13:00,221.9,1.8,399,217.0,1.8,391,25755,16432,39.6,140.0
Station_01,Inv_00,20170803,09:14:00,237.0,1.8,427,218.0,1.9,414,25755,16432,39.4,140.0
Station_01,Inv_00,20170803,09:15:00,238.1,1.8,429,218.0,2.0,436,25755,16432,38.9,143.0
Station_01,Inv_00,20170803,09:16:00,237.5,2.0,475,217.0,2.0,434,25755,16432,38.8,148.0
Station_01,Inv_00,20170803,09:17:00,234.0,2.1,491,219.0,2.1,460,25755,16432,38.5,156.0
Station_01,Inv_00,20170803,09:18:00,238.0,2.2,524,221.0,2.3,508,25755,16432,38.3,163.0
Station_01,Inv_00,20170803,09:19:00,242.0,2.3,557,217.0,2.4,521,25755,16432,38.3,170.0
Station_01,Inv_00,20170803,09:20:00,241.0,2.3,554,217.0,2.5,543,25755,16432,38.1,172.0
Station_01,Inv_00,20170803,09:21:00,241.5,2.2,531,217.0,2.4,521,25755,16432,38.1,169.0
Station_01,Inv_00,20170803,09:22:00,241.0,2.3,554,216.0,2.4,518,25755,16432,38.1,170.0
Station_01,Inv_00,20170803,09:23:00,242.0,2.3,557,217.0,2.5,543,25755,16432,38.1,172.0
Station_01,Inv_00,20170803,09:24:00,245.4,2.4,589,217.0,2.5,543,25755,16432,38.0,180.0
Station_01,Inv_00,20170803,09:25:00,238.8,2.6,621,218.0,2.7,589,25755,16432,38.0,188.0
Station_01,Inv_00,20170803,09:26:00,241.5,2.8,676,218.0,2.9,632,25755,16432,38.2,196.0
Station_01,Inv_00,20170803,09:27:00,241.5,3.0,724,218.0,3.1,676,25755,16432,38.4,208.0
Station_01,Inv_00,20170803,09:28:00,239.5,3.2,766,217.0,3.4,738,25755,16432,38.6,221.0
Station_01,Inv_00,20170803,09:29:00,241.5,3.4,821,216.0,3.6,778,25755,16432,39.0,236.0
Station_01,Inv_00,20170803,09:30:00,241.5,3.6,869,217.0,3.8,825,25755,16432,39.4,247.0
Station_01,Inv_00,20170803,09:31:00,240.5,3.7,890,216.0,3.9,842,25755,16432,39.6,259.0
Station_01,Inv_00,20170803,09:32:00,240.0,4.0,960,216.0,4.1,886,25755,16432,39.9,271.0
Station_01,Inv_00,20170803,09:33:00,240.0,4.2,1008,217.0,4.2,911,25755,16432,40.1,281.0
Station_01,Inv_00,20170803,09:34:00,237.0,4.2,995,216.0,4.3,929,25755,16432,40.3,288.0
Station_01,Inv_00,20170803,09:35:00,240.5,4.1,986,217.0,4.3,933,25755,16432,40.8,292.0
Station_01,Inv_00,20170803,09:36:00,240.0,5.1,1224,216.0,5.2,1123,25755,16432,41.5,320.0
Station_01,Inv_00,20170803,09:37:00,236.5,14.5,3429,218.0,14.7,3205,25755,16432,44.7,833.0
Station_01,Inv_00,20170803,09:38:00,236.9,5.1,1208,217.0,5.1,1107,25755,16432,45.6,413.0
Station_01,Inv_00,20170803,09:39:00,233.5,4.8,1121,216.0,4.9,1058,25755,16432,45.6,329.0
Station_01,Inv_00,20170803,09:40:00,237.5,4.9,1164,217.0,5.1,1107,25755,16432,45.8,335.0
Station_01,Inv_00,20170803,09:41:00,235.0,5.2,1222,217.0,5.1,1107,25755,16432,46.1,338.0
Station_01,Inv_00,20170803,09:42:00,236.5,5.9,1395,217.0,6.0,1302,25755,16432,46.1,364.0
Station_01,Inv_00,20170803,09:43:00,230.0,6.6,1518,217.0,6.7,1454,25755,16432,46.9,447.0
Station_01,Inv_00,20170803,09:44:00,235.0,8.0,1880,218.0,8.1,1766,25755,16432,47.3,517.0
Station_01,Inv_00,20170803,09:45:00,231.5,8.9,2060,219.0,8.8,1927,25755,16432,48.8,547.0
Station_01,Inv_00,20170803,09:46:00,229.0,12.6,2885,219.0,12.3,2694,25755,16432,50.8,736.0
Station_01,Inv_00,20170803,09:47:00,228.0,11.7,2667,218.0,11.5,2507,25755,16432,53.0,773.0
Station_01,Inv_00,20170803,09:48:00,227.0,9.8,2225,219.0,9.6,2102,25755,16432,53.6,657.0
Station_01,Inv_00,20170803,09:49:00,224.9,10.8,2429,219.0,10.6,2321,25756,16432,53.9,692.0
Station_01,Inv_00,20170803,09:50:00,220.5,8.5,1874,218.0,8.2,1788,25756,16432,55.4,638.0
Station_01,Inv_00,20170803,09:51:00,223.9,5.7,1277,218.0,5.5,1199,25756,16432,53.3,402.0
Station_01,Inv_00,20170803,09:52:00,227.5,5.4,1228,218.0,5.1,1112,25756,16432,52.2,350.0
Station_01,Inv_00,20170803,09:53:00,228.0,5.2,1186,218.0,5.1,1112,25756,16432,51.5,343.0
Station_01,Inv_00,20170803,09:54:00,233.0,5.1,1188,217.0,5.1,1107,25756,16432,50.2,342.0
Station_01,Inv_00,20170803,09:55:00,225.0,5.2,1170,218.0,5.1,1112,25756,16432,50.2,339.0
Station_01,Inv_00,20170803,09:56:00,233.5,4.9,1144,218.0,5.0,1090,25756,16432,49.4,334.0
Station_01,Inv_00,20170803,09:57:00,230.4,4.8,1106,218.0,4.7,1025,25756,16432,48.9,321.0
Station_01,Inv_00,20170803,09:58:00,233.5,4.7,1097,218.0,4.8,1046,25756,16432,48.3,316.0
Station_01,Inv_00,20170803,09:59:00,230.5,5.2,1199,218.0,5.1,1112,25756,16432,48.2,333.0
Station_01,Inv_00,20170803,10:00:00,225.5,11.3,2548,219.0,10.9,2387,25756,16432,49.7,675.0
Station_01,Inv_00,20170803,10:01:00,225.0,12.1,2723,219.0,12.0,2628,25756,16432,51.9,776.0
Station_01,Inv_00,20170803,10:02:00,228.9,5.8,1328,218.0,5.6,1221,25756,16432,51.1,388.0
Station_01,Inv_00,20170803,10:03:00,228.4,7.2,1645,218.0,7.2,1570,25756,16432,51.2,433.0
Station_01,Inv_00,20170803,10:04:00,228.5,14.8,3382,219.0,14.5,3176,25756,16432,53.6,911.0
Station_01,Inv_00,20170803,10:05:00,218.5,13.9,3037,219.0,13.7,3000,25756,16432,56.0,934.0
Station_01,Inv_00,20170803,10:06:00,227.0,5.3,1203,218.0,5.1,1112,25756,16432,52.6,377.0
Station_01,Inv_00,20170803,10:07:00,229.4,5.4,1239,218.0,5.3,1155,25756,16432,51.4,360.0
Station_01,Inv_00,20170803,10:08:00,227.0,6.0,1362,218.0,5.9,1286,25756,16432,50.6,383.0
Station_01,Inv_00,20170803,10:09:00,228.5,8.7,1988,218.0,8.7,1897,25756,16432,50.9,493.0
Station_01,Inv_00,20170803,10:10:00,226.9,5.5,1248,218.0,5.3,1155,25756,16432,50.5,372.0
Station_01,Inv_00,20170803,10:11:00,229.0,4.9,1122,217.0,4.9,1063,25756,16432,50.3,336.0
Station_01,Inv_00,20170803,10:12:00,231.0,4.6,1063,218.0,4.5,981,25756,16432,49.2,312.0
Station_01,Inv_00,20170803,10:13:00,227.5,4.6,1047,217.0,4.4,955,25756,16432,48.7,302.0
Station_01,Inv_00,20170803,10:14:00,230.0,4.5,1035,217.0,4.5,977,25756,16432,48.7,303.0
Station_01,Inv_00,20170803,10:15:00,232.4,4.6,1069,217.0,4.5,977,25756,16432,48.4,301.0
Station_01,Inv_00,20170803,10:16:00,232.4,4.6,1069,217.0,4.6,998,25756,16432,48.0,305.0
Station_01,Inv_00,20170803,10:17:00,228.0,4.8,1094,217.0,4.7,1020,25756,16432,46.7,316.0
Station_01,Inv_00,20170803,10:18:00,230.0,4.8,1104,217.0,4.8,1042,25756,16432,46.1,319.0
Station_01,Inv_00,20170803,10:19:00,231.5,5.0,1157,216.0,4.9,1058,25756,16432,45.1,324.0
Station_01,Inv_00,20170803,10:20:00,231.5,5.0,1157,217.0,5.1,1107,25756,16432,45.2,331.0
Station_01,Inv_00,20170803,10:21:00,233.5,5.1,1191,217.0,5.1,1107,25756,16432,44.9,340.0
Station_01,Inv_00,20170803,10:22:00,234.4,5.4,1266,216.0,5.5,1188,25756,16432,44.3,357.0
Station_01,Inv_00,20170803,10:23:00,236.5,5.9,1395,216.0,5.9,1274,25756,16432,43.8,382.0
Station_01,Inv_00,20170803,10:24:00,234.5,6.5,1524,216.0,6.7,1447,25756,16432,44.8,446.0
Station_01,Inv_00,20170803,10:25:00,229.0,7.9,1809,216.0,7.7,1663,25756,16432,45.1,452.0
Station_01,Inv_00,20170803,10:26:00,228.0,14.2,3238,218.0,13.8,3008,25756,16432,48.7,836.0
Station_01,Inv_00,20170803,10:27:00,218.5,17.0,3715,218.0,16.1,3510,25756,16432,52.5,1101.0
Station_01,Inv_00,20170803,10:28:00,218.4,16.9,3692,218.0,15.9,3466,25757,16433,55.5,1079.0
Station_01,Inv_00,20170803,10:29:00,213.0,17.3,3685,218.0,15.8,3444,25757,16433,58.4,1068.0
Station_01,Inv_00,20170803,10:30:00,208.5,12.3,2564,218.0,11.5,2507,25757,16433,60.2,931.0
Station_01,Inv_00,20170803,10:31:00,212.4,11.8,2507,217.0,10.5,2279,25757,16433,59.4,629.0
Station_01,Inv_00,20170803,10:32:00,207.0,17.2,3560,218.0,15.3,3335,25757,16433,61.9,1062.0
Station_01,Inv_00,20170803,10:33:00,211.0,16.8,3544,217.0,15.3,3320,25757,16433,65.0,1063.0
Station_01,Inv_00,20170803,10:34:00,209.9,16.8,3526,217.0,15.2,3298,25757,16433,65.9,1077.0
Station_01,Inv_00,20170803,10:35:00,204.0,15.5,3162,217.0,13.7,2973,25757,16433,68.0,1079.0
Station_01,Inv_00,20170803,10:36:00,209.5,16.0,3352,217.0,14.4,3125,25757,16433,66.2,1008.0
Station_01,Inv_00,20170803,10:37:00,208.0,14.3,2974,217.0,12.9,2799,25757,16433,65.1,904.0
Station_01,Inv_00,20170803,10:38:00,204.0,15.1,3080,217.0,13.4,2908,25757,16433,67.9,1028.0
Station_01,Inv_00,20170803,10:39:00,210.4,7.2,1515,216.0,6.4,1382,25757,16433,65.1,464.0
Station_01,Inv_00,20170803,10:40:00,212.8,11.7,2490,217.0,10.8,2344,25757,16433,64.3,681.0
Station_01,Inv_00,20170803,10:41:00,211.4,12.7,2685,217.0,11.7,2539,25757,16433,65.9,835.0
Station_01,Inv_00,20170803,10:42:00,209.5,15.8,3310,217.0,14.1,3060,25757,16433,66.6,1015.0
Station_01,Inv_00,20170803,10:43:00,204.5,16.8,3435,217.0,14.8,3212,25757,16433,67.9,1063.0
Station_01,Inv_00,20170803,10:44:00,199.0,14.8,2945,216.0,12.6,2722,25757,16433,68.0,835.0
Station_01,Inv_00,20170803,10:45:00,202.0,16.4,3313,217.0,14.3,3103,25757,16433,68.6,994.0
Station_01,Inv_00,20170803,10:46:00,202.4,16.2,3279,217.0,14.1,3060,25757,16433,68.5,953.0
Station_01,Inv_00,20170803,10:47:00,206.0,15.5,3193,217.0,13.8,2995,25758,16434,69.0,997.0
Station_01,Inv_00,20170803,10:48:00,205.5,15.2,3123,217.0,13.5,2930,25758,16434,70.3,975.0
Station_01,Inv_00,20170803,10:49:00,206.0,15.0,3090,217.0,13.3,2886,25758,16434,71.1,961.0
Station_01,Inv_00,20170803,10:50:00,205.5,15.0,3082,217.0,13.3,2886,25758,16434,70.9,958.0
Station_01,Inv_00,20170803,10:51:00,201.9,15.3,3090,217.0,13.3,2886,25758,16434,71.7,958.0
Station_01,Inv_00,20170803,10:52:00,198.0,15.4,3049,217.0,13.0,2821,25758,16434,71.6,950.0
Station_01,Inv_00,20170803,10:53:00,205.5,14.9,3062,216.0,13.3,2873,25758,16434,68.3,935.0
Station_01,Inv_00,20170803,10:54:00,200.0,15.5,3100,217.0,13.4,2908,25758,16434,70.8,932.0
Station_01,Inv_00,20170803,10:55:00,201.0,15.5,3116,217.0,13.4,2908,25758,16434,71.3,936.0
Station_01,Inv_00,20170803,10:56:00,205.0,15.3,3137,217.0,13.5,2930,25758,16434,72.6,955.0
Station_01,Inv_00,20170803,10:57:00,197.5,16.0,3160,217.0,13.6,2951,25758,16434,73.5,975.0
Station_01,Inv_00,20170803,10:58:00,197.5,16.2,3199,217.0,13.7,2973,25758,16434,74.2,981.0
Station_01,Inv_00,20170803,10:59:00,197.0,16.2,3191,217.0,13.8,2995,25758,16434,75.0,988.0
Station_01,Inv_00,20170803,11:00:00,201.5,15.6,3143,217.0,13.5,2930,25758,16434,75.0,979.0
Station_01,Inv_00,20170803,11:01:00,202.0,14.6,2949,216.0,12.8,2765,25758,16434,75.0,935.0
Station_01,Inv_00,20170803,11:02:00,200.5,3.2,642,215.0,2.8,602,25758,16434,71.3,220.0
Station_01,Inv_00,20170803,11:03:00,203.5,3.0,610,215.0,2.7,581,25758,16434,66.0,191.0
Station_01,Inv_00,20170803,11:04:00,216.0,2.6,562,215.0,2.5,538,25758,16434,63.4,178.0
Station_01,Inv_00,20170803,11:05:00,214.0,2.6,556,215.0,2.5,538,25758,16434,59.6,175.0
Station_01,Inv_00,20170803,11:06:00,211.5,2.8,592,215.0,2.5,538,25758,16434,57.9,177.0
Station_01,Inv_00,20170803,11:07:00,217.5,3.0,653,215.0,2.9,624,25758,16434,55.6,191.0
Station_01,Inv_00,20170803,11:08:00,221.0,3.1,685,215.0,3.1,667,25758,16434,54.7,203.0
Station_01,Inv_00,20170803,11:09:00,227.0,3.2,726,215.0,3.3,710,25758,16434,52.9,214.0
Station_01,Inv_00,20170803,11:10:00,221.5,4.7,1041,215.0,4.1,881,25758,16434,52.2,247.0
Station_01,Inv_00,20170803,11:11:00,221.9,3.8,843,215.0,3.8,817,25758,16434,51.8,276.0
Station_01,Inv_00,20170803,11:12:00,214.5,3.4,729,215.0,3.2,688,25758,16434,50.2,226.0
Station_01,Inv_00,20170803,11:13:00,225.0,3.2,720,215.0,3.1,667,25758,16434,49.4,213.0
Station_01,Inv_00,20170803,11:14:00,220.5,3.4,750,215.0,3.4,731,25758,16434,48.7,217.0
Station_01,Inv_00,20170803,11:15:00,225.0,9.0,2025,216.0,8.1,1750,25758,16434,48.6,364.0
Station_01,Inv_00,20170803,11:16:00,222.5,4.6,1023,215.0,4.3,925,25758,16434,49.3,326.0
Station_01,Inv_00,20170803,11:17:00,220.0,6.0,1320,215.0,5.9,1269,25758,16434,49.9,494.0
Station_01,Inv_00,20170803,11:18:00,230.9,6.4,1478,215.0,6.4,1376,25759,16434,49.8,399.0
Station_01,Inv_00,20170803,11:19:00,232.5,12.9,2999,216.0,12.9,2786,25759,16434,51.7,706.0
Station_01,Inv_00,20170803,11:20:00,224.0,15.6,3494,216.0,15.1,3262,25759,16434,55.3,996.0
Station_01,Inv_00,20170803,11:21:00,220.9,16.4,3623,216.0,15.6,3370,25759,16434,57.6,998.0
Station_01,Inv_00,20170803,11:22:00,205.5,17.3,3555,216.0,15.4,3326,25759,16434,60.0,1043.0
Station_01,Inv_00,20170803,11:23:00,214.0,16.3,3488,216.0,15.1,3262,25759,16434,63.0,1025.0
Station_01,Inv_00,20170803,11:24:00,211.0,16.9,3566,217.0,15.5,3364,25759,16434,63.8,1054.0
Station_01,Inv_00,20170803,11:25:00,207.0,17.4,3602,217.0,15.5,3364,25759,16434,65.4,1070.0
Station_01,Inv_00,20170803,11:26:00,206.9,16.7,3456,217.0,14.9,3233,25759,16434,67.3,1024.0
Station_01,Inv_00,20170803,11:27:00,197.5,16.7,3298,217.0,14.3,3103,25759,16434,69.2,996.0
Station_01,Inv_00,20170803,11:28:00,205.5,16.3,3350,217.0,14.4,3125,25759,16434,69.4,1008.0
Station_01,Inv_00,20170803,11:29:00,205.0,16.3,3341,216.0,14.4,3110,25759,16434,71.8,1004.0
Station_01,Inv_00,20170803,11:30:00,201.0,16.6,3336,216.0,14.4,3110,25759,16434,73.2,1006.0
Station_01,Inv_00,20170803,11:31:00,201.0,16.8,3376,217.0,14.5,3147,25759,16434,74.6,1022.0
Station_01,Inv_00,20170803,11:32:00,197.5,16.4,3239,216.0,14.0,3024,25759,16434,75.0,996.0
Station_01,Inv_00,20170803,11:33:00,198.2,16.2,3211,216.0,13.9,3002,25759,16434,74.8,992.0
Station_01,Inv_00,20170803,11:34:00,187.5,16.4,3075,216.0,13.4,2894,25759,16434,74.9,976.0
Station_01,Inv_00,20170803,11:35:00,203.5,15.5,3154,219.0,13.5,2957,25759,16434,74.9,981.0
Station_01,Inv_00,20170803,11:36:00,194.0,16.6,3220,219.0,13.8,3022,25759,16434,75.0,1004.0
Station_01,Inv_00,20170803,11:37:00,198.5,16.0,3176,219.0,13.6,2978,25760,16435,75.0,1001.0
Station_01,Inv_00,20170803,11:38:00,195.0,17.2,3354,218.0,14.3,3117,25760,16435,75.0,1042.0
Station_01,Inv_00,20170803,11:39:00,192.5,16.5,3176,219.0,13.5,2957,25760,16435,75.0,1008.0
Station_01,Inv_00,20170803,11:40:00,192.0,17.0,3264,219.0,13.9,3044,25760,16435,75.0,1016.0
Station_01,Inv_00,20170803,11:41:00,199.4,14.4,2871,219.0,12.0,2628,25760,16435,75.0,823.0
Station_01,Inv_00,20170803,11:42:00,191.0,16.8,3209,219.0,13.6,2978,25760,16435,75.0,962.0
Station_01,Inv_00,20170803,11:43:00,192.0,5.6,1075,218.0,4.6,1003,25760,16435,71.4,436.0
Station_01,Inv_00,20170803,11:44:00,199.4,5.1,1017,218.0,4.3,937,25760,16435,67.6,316.0
Station_01,Inv_00,20170803,11:45:00,207.5,5.1,1058,218.0,4.5,981,25760,16435,65.1,318.0
Station_01,Inv_00,20170803,11:46:00,207.0,5.3,1097,218.0,4.6,1003,25760,16435,62.1,312.0
Station_01,Inv_00,20170803,11:47:00,209.2,10.5,2196,219.0,9.7,2124,25760,16435,62.5,588.0
Station_01,Inv_00,20170803,11:48:00,197.5,14.8,2923,219.0,13.5,2957,25760,16435,64.8,1011.0
Station_01,Inv_00,20170803,11:49:00,204.0,14.1,2876,219.0,12.3,2694,25760,16435,66.0,889.0
Station_01,Inv_00,20170803,11:50:00,194.1,8.0,1552,219.0,7.5,1643,25760,16435,65.0,642.0
Station_01,Inv_00,20170803,11:51:00,211.0,4.2,886,219.0,3.9,854,25760,16435,61.7,284.0
Station_01,Inv_00,20170803,11:52:00,213.3,7.9,1685,219.0,6.5,1424,25760,16435,60.4,337.0
Station_01,Inv_00,20170803,11:53:00,216.0,5.2,1123,217.0,4.9,1063,25760,16435,57.7,341.0
Station_01,Inv_00,20170803,11:54:00,214.8,16.1,3459,218.0,14.8,3226,25760,16435,60.9,929.0
Station_01,Inv_00,20170803,11:55:00,210.5,16.4,3452,218.0,14.9,3248,25760,16435,63.4,1005.0
Station_01,Inv_00,20170803,11:56:00,204.0,6.4,1306,216.0,5.7,1231,25760,16435,63.1,590.0
Station_01,Inv_00,20170803,11:57:00,205.0,12.5,2563,218.0,12.3,2681,25760,16435,62.1,818.0
Station_01,Inv_00,20170803,11:58:00,206.0,15.4,3172,218.0,13.7,2987,25760,16435,62.0,902.0
Station_01,Inv_00,20170803,11:59:00,206.5,13.7,2829,218.0,12.2,2660,25760,16435,60.8,715.0
Station_01,Inv_00,20170803,12:00:00,204.5,16.1,3293,218.0,14.1,3074,25760,16435,64.0,977.0
Station_01,Inv_00,20170803,12:01:00,203.0,13.6,2761,218.0,12.2,2660,25760,16435,65.5,788.0
Station_01,Inv_00,20170803,12:02:00,197.4,6.7,1323,217.0,6.2,1345,25761,16436,65.7,716.0
Station_01,Inv_00,20170803,12:03:00,202.0,5.0,1010,217.0,4.3,933,25761,16436,62.7,324.0
Station_01,Inv_00,20170803,12:04:00,201.0,5.0,1005,217.0,4.4,955,25761,16436,60.3,356.0
Station_01,Inv_00,20170803,12:05:00,201.4,4.4,886,218.0,4.0,872,25761,16436,57.8,290.0
Station_01,Inv_00,20170803,12:06:00,215.2,4.2,904,217.0,3.9,846,25761,16436,54.6,272.0
Station_01,Inv_00,20170803,12:07:00,217.9,4.2,915,217.0,4.0,868,25761,16436,54.0,272.0
Station_01,Inv_00,20170803,12:08:00,221.4,4.6,1019,217.0,4.3,933,25761,16436,53.3,301.0
Station_01,Inv_00,20170803,12:09:00,222.3,5.0,1112,217.0,4.7,1020,25761,16436,52.7,318.0
Station_01,Inv_00,20170803,12:10:00,224.3,5.0,1121,217.0,4.8,1042,25761,16436,52.3,330.0
Station_01,Inv_00,20170803,12:11:00,222.8,6.0,1337,217.0,5.8,1259,25761,16436,52.1,373.0
Station_01,Inv_00,20170803,12:12:00,222.8,5.6,1248,217.0,5.3,1150,25761,16436,52.3,371.0
Station_01,Inv_00,20170803,12:13:00,222.9,12.4,2764,219.0,11.6,2540,25761,16436,52.8,489.0
Station_01,Inv_00,20170803,12:14:00,222.8,6.0,1337,218.0,5.9,1286,25761,16436,54.0,441.0
Station_01,Inv_00,20170803,12:15:00,224.1,14.4,3226,218.0,13.4,2921,25761,16436,55.8,815.0
Station_01,Inv_00,20170803,12:16:00,206.5,17.5,3614,219.0,15.4,3373,25761,16436,59.6,1061.0
Station_01,Inv_00,20170803,12:17:00,209.0,16.8,3511,218.0,15.0,3270,25761,16436,61.9,1040.0
Station_01,Inv_00,20170803,12:18:00,208.0,17.3,3598,219.0,15.4,3373,25761,16436,64.4,1082.0
Station_01,Inv_00,20170803,12:19:00,205.9,16.6,3419,218.0,14.7,3205,25761,16436,65.3,1046.0
Station_01,Inv_00,20170803,12:20:00,189.5,10.3,1952,217.0,8.7,1888,25761,16436,67.7,966.0
Station_01,Inv_00,20170803,12:21:00,198.0,16.7,3307,218.0,14.0,3052,25761,16436,67.4,815.0
Station_01,Inv_00,20170803,12:22:00,201.8,15.9,3209,218.0,13.7,2987,25761,16436,68.8,816.0
Station_01,Inv_00,20170803,12:23:00,206.5,6.4,1322,217.0,5.6,1215,25761,16436,66.5,446.0
Station_01,Inv_00,20170803,12:24:00,213.0,6.5,1385,217.0,5.8,1259,25761,16436,65.1,410.0
Station_01,Inv_00,20170803,12:25:00,207.0,16.3,3374,218.0,14.4,3139,25761,16436,67.3,1002.0
Station_01,Inv_00,20170803,12:26:00,206.4,16.2,3344,219.0,14.4,3154,25761,16436,68.0,1019.0
Station_01,Inv_00,20170803,12:27:00,205.0,16.4,3362,219.0,14.4,3154,25761,16436,68.2,1017.0
Station_01,Inv_00,20170803,12:28:00,203.0,16.3,3308,219.0,14.2,3110,25761,16436,68.0,1004.0
Station_01,Inv_00,20170803,12:29:00,201.2,12.9,2596,218.0,11.7,2551,25761,16436,67.2,777.0
Station_01,Inv_00,20170803,12:30:00,205.3,7.3,1499,218.0,6.4,1395,25761,16436,62.9,474.0
Station_01,Inv_00,20170803,12:31:00,206.8,12.2,2523,218.0,11.0,2398,25762,16436,63.6,778.0
Station_01,Inv_00,20170803,12:32:00,211.9,5.6,1187,218.0,5.1,1112,25762,16436,61.2,379.0
Station_01,Inv_00,20170803,12:33:00,213.8,5.2,1112,217.0,4.8,1042,25762,16436,60.3,339.0
Station_01,Inv_00,20170803,12:34:00,218.8,4.6,1007,217.0,4.3,933,25762,16436,58.3,300.0
Station_01,Inv_00,20170803,12:35:00,219.0,4.4,963,217.0,4.1,890,25762,16436,56.5,282.0
Station_01,Inv_00,20170803,12:36:00,215.3,4.4,947,217.0,4.1,890,25762,16436,55.5,277.0
Station_01,Inv_00,20170803,12:37:00,219.8,4.2,923,217.0,4.0,868,25762,16436,54.5,269.0
Station_01,Inv_00,20170803,12:38:00,221.0,4.2,928,217.0,4.0,868,25762,16436,53.5,268.0
Station_01,Inv_00,20170803,12:39:00,222.0,4.5,999,217.0,4.4,955,25762,16436,51.3,289.0
Station_01,Inv_00,20170803,12:40:00,222.9,5.1,1137,217.0,4.7,1020,25762,16436,50.1,309.0
Station_01,Inv_00,20170803,12:41:00,214.0,5.5,1177,217.0,5.1,1107,25762,16436,50.4,352.0
Station_01,Inv_00,20170803,12:42:00,226.1,10.9,2464,218.0,10.0,2180,25762,16436,50.9,424.0
Station_01,Inv_00,20170803,12:43:00,223.6,11.5,2571,218.0,10.9,2376,25762,16436,51.5,453.0
Station_01,Inv_00,20170803,12:44:00,216.0,16.2,3499,218.0,14.9,3248,25762,16436,55.5,989.0
Station_01,Inv_00,20170803,12:45:00,211.5,16.7,3532,218.0,15.1,3292,25762,16436,58.9,1020.0
Station_01,Inv_00,20170803,12:46:00,209.5,16.8,3520,219.0,15.0,3285,25762,16436,61.6,1025.0
Station_01,Inv_00,20170803,12:47:00,206.8,15.2,3144,218.0,13.8,3008,25762,16436,62.7,927.0
Station_01,Inv_00,20170803,12:48:00,212.9,6.4,1362,217.0,5.9,1280,25762,16436,59.5,443.0
Station_01,Inv_00,20170803,12:49:00,219.0,6.5,1423,217.0,6.2,1345,25762,16436,57.8,416.0
Station_01,Inv_00,20170803,12:50:00,217.5,14.4,3132,218.0,12.8,2790,25762,16436,57.8,825.0
Station_01,Inv_00,20170803,12:51:00,218.9,7.0,1532,218.0,6.6,1439,25762,16436,57.9,464.0
Station_01,Inv_00,20170803,12:52:00,216.0,12.4,2678,218.0,11.3,2463,25762,16436,58.8,762.0
Station_01,Inv_00,20170803,12:53:00,210.5,8.8,1852,218.0,8.0,1744,25762,16436,59.3,657.0
Station_01,Inv_00,20170803,12:54:00,213.0,13.7,2919,218.0,12.8,2790,25762,16436,58.1,780.0
Station_01,Inv_00,20170803,12:55:00,211.5,14.5,3067,218.0,13.5,2943,25762,16436,59.9,839.0
Station_01,Inv_00,20170803,12:56:00,214.5,11.7,2509,218.0,11.1,2420,25762,16436,61.8,816.0
Station_01,Inv_00,20170803,12:57:00,212.2,6.0,1273,217.0,5.5,1194,25762,16436,59.0,414.0
Station_01,Inv_00,20170803,12:58:00,210.9,8.0,1687,217.0,7.3,1584,25762,16436,58.3,464.0
Station_01,Inv_00,20170803,12:59:00,218.4,5.2,1136,216.0,4.9,1058,25762,16436,57.7,344.0
Station_01,Inv_00,20170803,13:00:00,218.9,5.0,1095,216.0,4.8,1037,25762,16436,56.1,331.0
Station_01,Inv_00,20170803,13:01:00,221.8,5.0,1109,215.0,4.8,1032,25762,16436,54.9,329.0
Station_01,Inv_00,20170803,13:02:00,224.8,4.6,1034,215.0,4.6,989,25762,16436,53.8,314.0
Station_01,Inv_00,20170803,13:03:00,225.1,4.5,1013,218.0,4.4,959,25762,16436,52.6,309.0
Station_01,Inv_00,20170803,13:04:00,223.3,4.6,1027,218.0,4.4,959,25762,16436,51.6,303.0
Station_01,Inv_00,20170803,13:05:00,222.8,4.6,1025,217.0,4.3,933,25763,16437,51.0,297.0
Station_01,Inv_00,20170803,13:06:00,222.8,4.4,980,217.0,4.2,911,25763,16437,50.6,292.0
Station_01,Inv_00,20170803,13:07:00,223.3,4.8,1072,217.0,4.6,998,25763,16437,49.9,309.0
Station_01,Inv_00,20170803,13:08:00,225.9,5.5,1243,218.0,5.2,1134,25763,16437,49.7,344.0
Station_01,Inv_00,20170803,13:09:00,223.5,16.2,3621,219.0,15.5,3395,25763,16437,52.2,827.0
Station_01,Inv_00,20170803,13:10:00,222.0,14.5,3219,218.0,13.8,3008,25763,16437,54.0,783.0
Station_01,Inv_00,20170803,13:11:00,217.0,15.3,3320,219.0,14.4,3154,25763,16437,58.2,964.0
Station_01,Inv_00,20170803,13:12:00,212.5,16.0,3400,219.0,14.6,3197,25763,16437,60.3,987.0
Station_01,Inv_00,20170803,13:13:00,213.8,5.8,1240,218.0,5.3,1155,25763,16437,59.2,397.0
Station_01,Inv_00,20170803,13:14:00,217.0,14.9,3233,219.0,13.9,3044,25763,16437,59.0,673.0
Station_01,Inv_00,20170803,13:15:00,216.5,14.9,3226,218.0,13.9,3030,25763,16437,61.9,923.0
Station_01,Inv_00,20170803,13:16:00,216.5,10.6,2295,218.0,9.8,2136,25763,16437,60.9,657.0
Station_01,Inv_00,20170803,13:17:00,201.8,6.4,1292,218.0,8.2,1788,25763,16437,60.9,829.0
Station_01,Inv_00,20170803,13:18:00,217.3,5.2,1130,217.0,4.9,1063,25763,16437,57.5,349.0
Station_01,Inv_00,20170803,13:19:00,219.4,7.2,1580,217.0,6.9,1497,25763,16437,54.4,405.0
Station_01,Inv_00,20170803,13:20:00,215.5,15.2,3276,219.0,14.1,3088,25763,16437,58.1,937.0
Station_01,Inv_00,20170803,13:21:00,212.5,15.9,3379,219.0,14.4,3154,25763,16437,60.8,977.0
Station_01,Inv_00,20170803,13:22:00,213.4,15.6,3330,219.0,14.3,3132,25763,16437,62.9,973.0
Station_01,Inv_00,20170803,13:23:00,211.5,15.6,3299,219.0,14.2,3110,25763,16437,63.8,977.0
Station_01,Inv_00,20170803,13:24:00,210.5,12.9,2716,218.0,11.7,2551,25763,16437,60.5,768.0
Station_01,Inv_00,20170803,13:25:00,206.5,15.8,3263,218.0,14.0,3052,25763,16437,63.8,950.0
Station_01,Inv_00,20170803,13:26:00,207.5,14.4,2988,218.0,12.9,2812,25763,16437,64.5,937.0
Station_01,Inv_00,20170803,13:27:00,204.5,11.8,2413,218.0,10.3,2245,25763,16437,63.8,617.0
Station_01,Inv_00,20170803,13:28:00,196.0,12.7,2489,218.0,10.8,2354,25763,16437,64.3,747.0
Station_01,Inv_00,20170803,13:29:00,202.5,16.1,3260,219.0,13.9,3044,25763,16437,66.2,956.0
Station_01,Inv_00,20170803,13:30:00,198.2,14.7,2914,219.0,12.6,2759,25764,16437,66.9,876.0
Station_01,Inv_00,20170803,13:31:00,205.5,15.3,3144,218.0,13.5,2943,25764,16437,66.6,955.0
Station_01,Inv_00,20170803,13:32:00,203.0,15.5,3146,218.0,13.5,2943,25764,16437,69.4,946.0
Station_01,Inv_00,20170803,13:33:00,203.5,15.5,3155,218.0,13.6,2965,25764,16437,71.0,962.0
Station_01,Inv_00,20170803,13:34:00,200.0,15.9,3180,218.0,13.7,2987,25764,16437,71.6,979.0
Station_01,Inv_00,20170803,13:35:00,203.9,15.6,3181,218.0,13.6,2965,25764,16437,73.0,984.0
Station_01,Inv_00,20170803,13:36:00,200.0,15.3,3060,218.0,13.3,2899,25764,16437,72.8,953.0
Station_01,Inv_00,20170803,13:37:00,192.5,15.4,2965,218.0,12.8,2790,25764,16437,72.4,927.0
Station_01,Inv_00,20170803,13:38:00,193.0,15.7,3030,218.0,12.9,2812,25764,16437,73.9,935.0
Station_01,Inv_00,20170803,13:39:00,192.0,15.7,3014,218.0,12.9,2812,25764,16437,72.5,943.0
Station_01,Inv_00,20170803,13:40:00,193.0,15.0,2895,218.0,12.4,2703,25764,16437,72.4,902.0
Station_01,Inv_00,20170803,13:41:00,200.5,14.4,2887,218.0,12.4,2703,25764,16437,72.1,882.0
Station_01,Inv_00,20170803,13:42:00,198.4,8.5,1687,217.0,7.4,1606,25764,16437,68.2,485.0
Station_01,Inv_00,20170803,13:43:00,203.0,5.2,1056,217.0,4.6,998,25764,16437,64.6,356.0
Station_01,Inv_00,20170803,13:44:00,210.3,5.0,1051,217.0,4.6,998,25764,16437,60.5,320.0
Station_01,Inv_00,20170803,13:45:00,213.8,13.1,2801,218.0,11.9,2594,25764,16437,62.1,627.0
Station_01,Inv_00,20170803,13:46:00,212.8,5.2,1107,217.0,4.7,1020,25764,16437,60.5,430.0
Station_01,Inv_00,20170803,13:47:00,211.5,14.9,3151,218.0,13.5,2943,25764,16437,60.9,806.0
Station_01,Inv_00,20170803,13:48:00,206.0,14.9,3070,218.0,13.3,2899,25764,16437,63.1,897.0
Station_01,Inv_00,20170803,13:49:00,208.9,14.4,3008,218.0,12.8,2790,25764,16437,64.4,859.0
Station_01,Inv_00,20170803,13:50:00,210.4,14.0,2946,218.0,12.8,2790,25764,16437,65.2,868.0
Station_01,Inv_00,20170803,13:51:00,205.5,8.4,1726,218.0,7.6,1657,25764,16437,65.2,717.0
Station_01,Inv_00,20170803,13:52:00,203.5,6.4,1302,218.0,5.7,1243,25765,16438,62.8,649.0
Station_01,Inv_00,20170803,13:53:00,211.3,7.3,1543,217.0,6.9,1497,25765,16438,62.0,479.0
Station_01,Inv_00,20170803,13:54:00,214.0,9.8,2097,217.0,9.0,1953,25765,16438,59.8,484.0
Station_01,Inv_00,20170803,13:55:00,211.5,13.1,2770,218.0,12.0,2616,25765,16438,62.4,853.0
Station_01,Inv_00,20170803,13:56:00,207.0,6.5,1346,218.0,5.7,1243,25765,16438,61.0,439.0
Station_01,Inv_00,20170803,13:57:00,217.9,5.7,1242,217.0,5.3,1150,25765,16438,59.5,361.0
Station_01,Inv_00,20170803,13:58:00,218.9,5.7,1248,217.0,5.3,1150,25765,16438,57.4,351.0
Station_01,Inv_00,20170803,13:59:00,220.0,5.5,1210,217.0,5.2,1128,25765,16438,56.8,350.0
Station_01,Inv_00,20170803,14:00:00,222.4,5.6,1245,216.0,5.3,1145,25765,16438,55.0,347.0
Station_01,Inv_00,20170803,14:01:00,222.1,5.5,1222,216.0,5.1,1102,25765,16438,54.6,342.0
Station_01,Inv_00,20170803,14:02:00,225.4,5.3,1195,217.0,5.1,1107,25765,16438,53.8,333.0
Station_01,Inv_00,20170803,14:03:00,221.8,5.4,1198,216.0,5.1,1102,25765,16438,53.1,334.0
Station_01,Inv_00,20170803,14:04:00,224.3,5.4,1211,217.0,5.3,1150,25765,16438,51.2,342.0
Station_01,Inv_00,20170803,14:05:00,226.5,5.3,1200,217.0,5.1,1107,25765,16438,51.6,340.0
Station_01,Inv_00,20170803,14:06:00,225.8,5.2,1174,217.0,5.0,1085,25765,16438,51.0,327.0
Station_01,Inv_00,20170803,14:07:00,227.9,5.9,1345,217.0,5.6,1215,25765,16438,50.6,341.0
Station_01,Inv_00,20170803,14:08:00,227.9,4.9,1117,217.0,4.7,1020,25765,16438,50.6,316.0
Station_01,Inv_00,20170803,14:09:00,226.8,4.8,1089,217.0,4.6,998,25765,16438,50.3,303.0
Station_01,Inv_00,20170803,14:10:00,220.8,4.8,1060,217.0,4.5,977,25765,16438,50.2,299.0
Station_01,Inv_00,20170803,14:11:00,218.5,4.6,1005,217.0,4.3,933,25765,16438,50.0,288.0
Station_01,Inv_00,20170803,14:12:00,227.9,4.7,1071,217.0,4.6,998,25765,16438,49.5,289.0
Station_01,Inv_00,20170803,14:13:00,225.4,4.9,1104,217.0,4.7,1020,25765,16438,50.3,357.0
Station_01,Inv_00,20170803,14:14:00,228.2,4.4,1004,217.0,4.2,911,25765,16438,49.2,283.0
Station_01,Inv_00,20170803,14:15:00,220.4,4.4,970,217.0,4.1,890,25765,16438,48.7,274.0
Station_01,Inv_00,20170803,14:16:00,231.9,4.1,951,217.0,4.0,868,25765,16438,47.3,267.0
Station_01,Inv_00,20170803,14:17:00,229.0,4.2,962,217.0,4.1,890,25765,16438,46.8,265.0
Station_01,Inv_00,20170803,14:18:00,227.8,4.2,957,216.0,4.1,886,25765,16438,46.0,266.0
Station_01,Inv_00,20170803,14:19:00,230.8,4.4,1016,217.0,4.2,911,25765,16438,46.3,271.0
Station_01,Inv_00,20170803,14:20:00,229.2,4.8,1100,217.0,4.6,998,25765,16438,45.9,295.0
Station_01,Inv_00,20170803,14:21:00,231.8,5.0,1159,217.0,5.1,1107,25765,16438,45.5,318.0
Station_01,Inv_00,20170803,14:22:00,229.0,6.5,1488,217.0,6.8,1476,25765,16438,46.7,465.0
Station_01,Inv_00,20170803,14:23:00,230.4,6.3,1452,217.0,6.3,1367,25765,16438,46.5,399.0
Station_01,Inv_00,20170803,14:24:00,225.0,14.1,3172,218.0,13.6,2965,25765,16438,48.6,797.0
Station_01,Inv_00,20170803,14:25:00,223.0,13.8,3077,218.0,13.2,2878,25765,16438,51.2,832.0
Station_01,Inv_00,20170803,14:26:00,223.3,5.8,1295,217.0,5.6,1215,25765,16438,51.4,415.0
Station_01,Inv_00,20170803,14:27:00,225.0,5.5,1237,217.0,5.4,1172,25765,16438,50.7,352.0
Station_01,Inv_00,20170803,14:28:00,226.5,5.7,1291,217.0,5.5,1194,25765,16438,49.7,352.0
Station_01,Inv_00,20170803,14:29:00,225.4,5.9,1330,217.0,5.7,1237,25765,16438,49.3,363.0
Station_01,Inv_00,20170803,14:30:00,220.9,8.2,1811,218.0,8.3,1809,25765,16438,49.4,657.0
Station_01,Inv_00,20170803,14:31:00,224.9,5.0,1125,217.0,4.7,1020,25765,16438,47.6,332.0
Station_01,Inv_00,20170803,14:32:00,221.0,5.1,1127,216.0,4.7,1015,25765,16438,47.5,315.0
Station_01,Inv_00,20170803,14:33:00,230.9,4.9,1131,217.0,5.0,1085,25765,16438,45.9,323.0
Station_01,Inv_00,20170803,14:34:00,228.4,4.8,1096,217.0,4.8,1042,25765,16438,45.6,317.0
Station_01,Inv_00,20170803,14:35:00,230.3,4.6,1059,217.0,4.5,977,25765,16438,45.5,298.0
Station_01,Inv_00,20170803,14:36:00,235.4,4.5,1059,216.0,4.5,972,25765,16438,44.6,296.0
Station_01,Inv_00,20170803,14:37:00,232.5,4.5,1046,217.0,4.6,998,25766,16439,43.8,299.0
Station_01,Inv_00,20170803,14:38:00,230.8,4.8,1108,217.0,4.7,1020,25766,16439,43.7,321.0
Station_01,Inv_00,20170803,14:39:00,231.8,4.6,1066,217.0,4.6,998,25766,16439,44.0,298.0
Station_01,Inv_00,20170803,14:40:00,232.8,4.4,1024,216.0,4.4,950,25766,16439,43.1,285.0
Station_01,Inv_00,20170803,14:41:00,215.0,5.0,1075,217.0,4.6,998,25766,16439,42.8,310.0
Station_01,Inv_00,20170803,14:42:00,225.8,7.4,1671,217.0,7.2,1562,25766,16439,43.5,402.0
Station_01,Inv_00,20170803,14:43:00,226.2,7.7,1742,217.0,7.6,1649,25766,16439,45.4,489.0
Station_01,Inv_00,20170803,14:44:00,230.9,5.9,1362,217.0,5.8,1259,25766,16439,44.8,381.0
Station_01,Inv_00,20170803,14:45:00,228.9,7.3,1671,217.0,7.0,1519,25766,16439,45.5,395.0
Station_01,Inv_00,20170803,14:46:00,230.9,11.6,2678,218.0,11.5,2507,25766,16439,48.1,714.0
Station_01,Inv_00,20170803,14:47:00,228.3,6.6,1507,217.0,6.5,1411,25766,16439,48.4,434.0
Station_01,Inv_00,20170803,14:48:00,227.9,5.9,1345,217.0,5.8,1259,25766,16439,49.0,411.0
Station_01,Inv_00,20170803,14:49:00,229.9,5.8,1333,217.0,5.8,1259,25766,16439,48.3,363.0
Station_01,Inv_00,20170803,14:50:00,228.4,5.1,1165,217.0,4.9,1063,25766,16439,47.5,325.0
Station_01,Inv_00,20170803,14:51:00,226.4,4.8,1087,217.0,4.7,1020,25766,16439,47.0,306.0
Station_01,Inv_00,20170803,14:52:00,228.3,5.0,1141,217.0,4.8,1042,25766,16439,46.4,308.0
Station_01,Inv_00,20170803,14:53:00,230.4,4.9,1129,217.0,4.7,1020,25766,16439,45.0,308.0
Station_01,Inv_00,20170803,14:54:00,226.2,4.8,1086,217.0,4.6,998,25766,16439,45.7,381.0
Station_01,Inv_00,20170803,14:55:00,227.1,4.2,954,217.0,4.1,890,25766,16439,44.4,320.0
Station_01,Inv_00,20170803,14:56:00,225.6,4.1,925,217.0,4.0,868,25766,16439,43.7,290.0
Station_01,Inv_00,20170803,14:57:00,235.4,3.7,871,217.0,3.8,825,25766,16439,42.9,244.0
Station_01,Inv_00,20170803,14:58:00,190.0,3.9,741,217.0,3.3,716,25766,16439,42.1,239.0
Station_01,Inv_00,20170803,14:59:00,187.5,4.0,750,217.0,3.2,694,25766,16439,41.7,244.0
Station_01,Inv_00,20170803,15:00:00,213.5,4.5,961,217.0,4.1,890,25766,16439,41.6,268.0
Station_01,Inv_00,20170803,15:01:00,205.0,5.6,1148,217.0,5.0,1085,25766,16439,42.3,406.0
Station_01,Inv_00,20170803,15:02:00,235.3,5.4,1271,217.0,5.6,1215,25766,16439,40.5,350.0
Station_01,Inv_00,20170803,15:03:00,235.8,5.0,1179,217.0,5.1,1107,25766,16439,36.8,317.0
Station_01,Inv_00,20170803,15:04:00,242.2,4.4,1066,217.0,4.6,998,25766,16439,34.4,273.0
Station_01,Inv_00,20170803,15:05:00,245.7,3.8,934,217.0,4.0,868,25766,16439,33.1,238.0
Station_01,Inv_00,20170803,15:06:00,244.9,3.7,906,217.0,4.0,868,25766,16439,32.6,234.0
Station_01,Inv_00,20170803,15:07:00,243.7,4.0,975,217.0,4.2,911,25766,16439,32.5,250.0
Station_01,Inv_00,20170803,15:08:00,246.2,4.4,1083,217.0,4.7,1020,25766,16439,32.4,275.0
Station_01,Inv_00,20170803,15:09:00,245.0,7.1,1739,217.0,7.3,1584,25766,16439,33.2,368.0
Station_01,Inv_00,20170803,15:10:00,244.9,6.4,1567,217.0,6.7,1454,25766,16439,34.1,396.0
Station_01,Inv_00,20170803,15:11:00,245.0,8.5,2082,218.0,9.0,1962,25766,16439,35.7,535.0
Station_01,Inv_00,20170803,15:12:00,240.4,5.7,1371,217.0,5.9,1280,25766,16439,35.4,375.0
Station_01,Inv_00,20170803,15:13:00,245.0,5.5,1347,217.0,5.7,1237,25766,16439,35.0,353.0
Station_01,Inv_00,20170803,15:14:00,245.8,5.6,1376,217.0,6.0,1302,25766,16439,35.5,359.0
Station_01,Inv_00,20170803,15:15:00,241.8,6.2,1499,217.0,6.4,1389,25766,16439,35.8,384.0
Station_01,Inv_00,20170803,15:16:00,243.9,9.7,2366,218.0,10.3,2245,25766,16439,36.4,508.0
Station_01,Inv_00,20170803,15:17:00,244.3,5.6,1368,217.0,5.9,1280,25766,16439,36.4,415.0
Station_01,Inv_00,20170803,15:18:00,243.9,5.3,1293,217.0,5.5,1194,25766,16439,36.9,345.0
Station_01,Inv_00,20170803,15:19:00,241.9,5.3,1282,217.0,5.5,1194,25766,16439,37.7,357.0
Station_01,Inv_00,20170803,15:20:00,243.4,6.4,1558,217.0,6.7,1454,25766,16439,38.1,394.0
Station_01,Inv_00,20170803,15:21:00,239.2,5.4,1292,217.0,5.6,1215,25766,16439,38.6,359.0
Station_01,Inv_00,20170803,15:22:00,241.3,5.6,1352,217.0,5.7,1237,25766,16439,39.1,361.0
Station_01,Inv_00,20170803,15:23:00,238.3,6.0,1430,218.0,6.2,1352,25767,16439,40.0,382.0
Station_01,Inv_00,20170803,15:24:00,239.3,7.6,1819,218.0,7.7,1679,25767,16439,41.5,515.0
Station_01,Inv_00,20170803,15:25:00,237.4,10.5,2493,218.0,10.8,2354,25767,16439,43.0,655.0
Station_01,Inv_00,20170803,15:26:00,236.0,9.7,2289,218.0,10.0,2180,25767,16439,44.7,646.0
Station_01,Inv_00,20170803,15:27:00,231.5,9.7,2245,218.0,9.9,2158,25767,16439,45.8,663.0
Station_01,Inv_00,20170803,15:28:00,233.0,9.8,2283,218.0,10.0,2180,25767,16439,46.8,653.0
Station_01,Inv_00,20170803,15:29:00,231.4,6.3,1458,217.0,6.3,1367,25767,16439,46.8,446.0
Station_01,Inv_00,20170803,15:30:00,232.4,6.3,1464,218.0,6.2,1352,25767,16439,46.7,403.0
Station_01,Inv_00,20170803,15:31:00,232.8,6.6,1537,218.0,6.7,1461,25767,16439,46.4,462.0
Station_01,Inv_00,20170803,15:32:00,231.9,6.3,1461,217.0,6.2,1345,25767,16439,46.2,404.0
Station_01,Inv_00,20170803,15:33:00,232.4,6.1,1418,217.0,6.1,1324,25767,16439,45.8,395.0
Station_01,Inv_00,20170803,15:34:00,232.3,6.8,1580,217.0,6.7,1454,25767,16439,45.0,410.0
Station_01,Inv_00,20170803,15:35:00,231.9,6.3,1461,217.0,6.2,1345,25767,16439,45.4,397.0
Station_01,Inv_00,20170803,15:36:00,232.5,6.3,1465,217.0,6.4,1389,25767,16439,45.3,392.0
Station_01,Inv_00,20170803,15:37:00,232.5,10.4,2418,217.0,10.6,2300,25767,16439,47.0,656.0
Station_01,Inv_00,20170803,15:38:00,227.9,10.8,2461,218.0,10.7,2333,25767,16439,48.6,676.0
Station_01,Inv_00,20170803,15:39:00,228.0,10.7,2439,218.0,10.7,2333,25767,16439,49.5,683.0
Station_01,Inv_00,20170803,15:40:00,226.4,10.5,2378,218.0,10.3,2245,25767,16439,50.8,663.0
Station_01,Inv_00,20170803,15:41:00,225.0,9.8,2205,218.0,9.6,2093,25767,16439,51.6,622.0
Station_01,Inv_00,20170803,15:42:00,226.9,8.9,2020,218.0,8.9,1940,25767,16439,51.3,578.0
Station_01,Inv_00,20170803,15:43:00,226.4,8.3,1880,217.0,8.2,1779,25767,16439,50.5,531.0
Station_01,Inv_00,20170803,15:44:00,227.9,7.7,1755,218.0,7.7,1679,25767,16439,48.8,492.0
Station_01,Inv_00,20170803,15:45:00,228.9,6.8,1556,217.0,6.7,1454,25767,16439,46.7,426.0
Station_01,Inv_00,20170803,15:46:00,227.4,4.9,1114,217.0,4.8,1042,25767,16439,43.3,328.0
Station_01,Inv_00,20170803,15:47:00,231.4,4.1,949,217.0,4.1,890,25767,16439,40.4,248.0
Station_01,Inv_00,20170803,15:48:00,237.9,3.3,785,217.0,3.5,760,25767,16439,38.5,213.0
Station_01,Inv_00,20170803,15:49:00,237.9,3.1,738,217.0,3.2,694,25767,16439,36.5,198.0
Station_01,Inv_00,20170803,15:50:00,239.3,2.8,670,217.0,3.0,651,25767,16439,34.8,183.0
Station_01,Inv_00,20170803,15:51:00,241.5,2.7,652,217.0,2.9,629,25767,16439,33.7,177.0
Station_01,Inv_00,20170803,15:52:00,242.2,2.6,630,217.0,2.8,608,25767,16439,33.1,169.0
Station_01,Inv_00,20170803,15:53:00,238.0,2.6,619,217.0,2.7,586,25767,16439,32.7,163.0
Station_01,Inv_00,20170803,15:54:00,239.5,2.4,575,217.0,2.5,543,25767,16439,32.0,160.0
Station_01,Inv_00,20170803,15:55:00,241.3,2.3,555,218.0,2.5,545,25767,16439,31.5,151.0
Station_01,Inv_00,20170803,15:56:00,236.5,2.3,544,217.0,2.4,521,25767,16439,31.3,150.0
Station_01,Inv_00,20170803,15:57:00,237.9,2.2,523,217.0,2.3,499,25767,16439,31.3,151.0
Station_01,Inv_00,20170803,15:58:00,238.8,2.1,502,217.0,2.2,477,25767,16439,31.3,140.0
Station_01,Inv_00,20170803,15:59:00,235.5,1.9,447,217.0,2.0,434,25767,16439,31.2,131.0
Station_01,Inv_00,20170803,16:00:00,233.4,1.7,397,216.0,1.8,389,25767,16439,31.1,120.0
Station_01,Inv_00,20170803,16:01:00,239.8,1.5,360,216.0,1.6,346,25767,16439,30.8,121.0
Station_01,Inv_00,20170803,16:02:00,230.1,1.5,345,217.0,1.6,347,25767,16439,30.5,115.0
Station_01,Inv_00,20170803,16:03:00,234.9,1.5,352,217.0,1.5,326,25767,16439,30.3,105.0
Station_01,Inv_00,20170803,16:04:00,221.5,1.6,354,217.0,1.6,347,25767,16439,30.1,108.0
Station_01,Inv_00,20170803,16:05:00,237.4,1.6,380,217.0,1.7,369,25767,16439,30.1,112.0
Station_01,Inv_00,20170803,16:06:00,233.4,1.6,373,217.0,1.7,369,25767,16439,30.2,111.0
Station_01,Inv_00,20170803,16:07:00,239.4,1.5,359,217.0,1.6,347,25767,16439,30.2,109.0
Station_01,Inv_00,20170803,16:08:00,237.3,1.4,332,217.0,1.5,326,25767,16439,30.3,103.0
Station_01,Inv_00,20170803,16:09:00,211.0,1.5,317,217.0,1.5,326,25767,16439,30.0,101.0
Station_01,Inv_00,20170803,16:10:00,229.6,1.4,321,217.0,1.5,326,25767,16439,29.9,99.0
Station_01,Inv_00,20170803,16:11:00,231.5,1.3,301,217.0,1.5,326,25767,16439,29.8,98.0
Station_01,Inv_00,20170803,16:12:00,230.8,1.3,300,217.0,1.5,326,25767,16439,29.7,100.0
Station_01,Inv_00,20170803,16:13:00,201.0,1.3,261,217.0,1.3,282,25767,16439,29.7,95.0
Station_01,Inv_00,20170803,16:14:00,231.9,1.3,302,217.0,1.4,304,25767,16439,29.6,93.0
Station_01,Inv_00,20170803,16:15:00,232.4,1.2,279,217.0,1.4,304,25767,16439,29.6,91.0
Station_01,Inv_00,20170803,16:16:00,162.0,1.3,211,217.0,1.0,217,25767,16439,29.7,88.0
Station_01,Inv_00,20170803,16:17:00,209.8,1.2,252,216.0,1.3,281,25767,16439,29.7,88.0
Station_01,Inv_00,20170803,16:18:00,231.4,1.2,278,217.0,1.3,282,25767,16439,29.8,87.0
Station_01,Inv_00,20170803,16:19:00,193.5,1.2,232,217.0,1.1,239,25767,16439,29.8,86.0
Station_01,Inv_00,20170803,16:20:00,226.5,1.0,227,217.0,1.2,260,25767,16439,29.8,82.0
Station_01,Inv_00,20170803,16:21:00,201.0,1.0,201,217.0,1.0,217,25768,16440,29.9,79.0
Station_01,Inv_00,20170803,16:22:00,161.8,1.0,162,217.0,0.9,195,25768,16440,29.9,77.0
Station_01,Inv_00,20170803,16:23:00,219.4,1.0,219,217.0,1.1,239,25768,16440,29.7,76.0
Station_01,Inv_00,20170803,16:24:00,216.5,1.0,217,217.0,1.1,239,25768,16440,29.6,77.0
Station_01,Inv_00,20170803,16:25:00,224.8,1.0,225,217.0,1.1,239,25768,16440,29.6,75.0
Station_01,Inv_00,20170803,16:26:00,229.0,0.9,206,217.0,1.0,217,25768,16440,29.6,72.0
Station_01,Inv_00,20170803,16:27:00,215.4,0.9,194,217.0,1.0,217,25768,16440,29.5,69.0
Station_01,Inv_00,20170803,16:28:00,222.0,0.8,178,217.0,1.0,217,25768,16440,29.4,67.0
Station_01,Inv_00,20170803,16:29:00,220.0,0.8,176,217.0,0.9,195,25768,16440,29.4,64.0
Station_01,Inv_00,20170803,16:30:00,209.5,0.8,168,217.0,0.9,195,25768,16440,29.4,64.0
Station_01,Inv_00,20170803,16:31:00,214.0,0.8,171,217.0,0.9,195,25768,16440,29.4,65.0
Station_01,Inv_00,20170803,16:32:00,208.0,0.8,166,217.0,0.9,195,25768,16440,29.3,66.0
Station_01,Inv_00,20170803,16:33:00,201.3,0.8,161,217.0,0.9,195,25768,16440,29.3,66.0
Station_01,Inv_00,20170803,16:34:00,207.0,0.7,145,217.0,0.9,195,25768,16440,29.2,65.0
Station_01,Inv_00,20170803,16:35:00,197.0,0.8,158,217.0,0.8,174,25768,16440,29.1,62.0
Station_01,Inv_00,20170803,16:36:00,215.5,0.6,129,218.0,0.8,174,25768,16440,29.0,59.0
Station_01,Inv_00,20170803,16:37:00,221.5,0.6,133,218.0,0.7,153,25768,16440,28.9,55.0
Station_01,Inv_00,20170803,16:38:00,205.0,0.5,103,217.0,0.6,130,25768,16440,28.8,52.0
Station_01,Inv_00,20170803,16:39:00,210.0,0.5,105,217.0,0.6,130,25768,16440,28.7,50.0
Station_01,Inv_00,20170803,16:40:00,198.0,0.5,99,217.0,0.6,130,25768,16440,28.7,48.0
Station_01,Inv_00,20170803,16:41:00,197.0,0.5,99,217.0,0.6,130,25768,16440,28.6,47.0
Station_01,Inv_00,20170803,16:42:00,219.0,0.4,88,217.0,0.5,109,25768,16440,28.6,47.0
Station_01,Inv_00,20170803,16:43:00,205.0,0.4,82,217.0,0.6,130,25768,16440,28.6,47.0
Station_01,Inv_00,20170803,16:44:00,203.0,0.5,102,217.0,0.6,130,25768,16440,28.6,49.0
Station_01,Inv_00,20170803,16:45:00,218.5,0.6,131,218.0,0.7,153,25768,16440,28.7,52.0
Station_01,Inv_00,20170803,16:46:00,218.7,0.6,131,218.0,0.8,174,25768,16440,28.7,56.0
Station_01,Inv_00,20170803,16:47:00,224.0,0.6,134,218.0,0.8,174,25768,16440,28.8,60.0
Station_01,Inv_00,20170803,16:48:00,210.0,0.7,147,218.0,0.8,174,25768,16440,28.8,60.0
Station_01,Inv_00,20170803,16:49:00,204.4,0.7,143,218.0,0.7,153,25768,16440,28.8,59.0
Station_01,Inv_00,20170803,16:50:00,217.5,0.6,131,217.0,0.7,152,25768,16440,28.9,54.0
Station_01,Inv_00,20170803,16:51:00,221.4,0.5,111,218.0,0.6,131,25768,16440,28.9,51.0
Station_01,Inv_00,20170803,16:52:00,217.0,0.4,87,218.0,0.6,131,25768,16440,28.9,49.0
Station_01,Inv_00,20170803,16:53:00,217.5,0.4,87,218.0,0.5,109,25768,16440,28.9,47.0
Station_01,Inv_00,20170803,16:54:00,203.0,0.4,81,219.0,0.5,110,25768,16440,28.9,47.0
Station_01,Inv_00,20170803,16:55:00,206.0,0.4,82,220.0,0.5,110,25768,16440,28.8,46.0
Station_01,Inv_00,20170803,16:56:00,149.5,0.4,60,219.0,0.5,110,25768,16440,28.5,45.0
Station_01,Inv_00,20170803,16:57:00,204.0,0.4,82,219.0,0.5,110,25768,16440,28.3,44.0
Station_01,Inv_00,20170803,16:58:00,214.3,0.4,86,217.0,0.5,109,25768,16440,28.2,44.0
Station_01,Inv_00,20170803,16:59:00,196.8,0.4,79,217.0,0.5,109,25768,16440,28.2,44.0
Station_01,Inv_00,20170803,17:00:00,221.0,0.4,88,216.0,0.5,108,25768,16440,28.1,44.0
Station_01,Inv_00,20170803,17:01:00,156.0,0.5,78,216.0,0.5,108,25768,16440,28.0,43.0
Station_01,Inv_00,20170803,17:02:00,190.8,0.4,76,217.0,0.5,109,25768,16440,27.9,42.0
Station_01,Inv_00,20170803,17:03:00,207.7,0.3,62,216.0,0.5,108,25768,16440,27.9,41.0
Station_01,Inv_00,20170803,17:04:00,206.3,0.3,62,216.0,0.5,108,25768,16440,27.8,40.0
Station_01,Inv_00,20170803,17:05:00,207.0,0.3,62,217.0,0.5,109,25768,16440,27.8,40.0
Station_01,Inv_00,20170803,17:06:00,219.3,0.3,66,217.0,0.5,109,25768,16440,27.8,42.0
Station_01,Inv_00,20170803,17:07:00,209.3,0.3,63,217.0,0.5,109,25768,16440,27.9,43.0
Station_01,Inv_00,20170803,17:08:00,212.3,0.3,64,216.0,0.5,108,25768,16440,27.8,41.0
Station_01,Inv_00,20170803,17:09:00,191.0,0.3,57,216.0,0.5,108,25768,16440,27.9,41.0
Station_01,Inv_00,20170803,17:10:00,211.5,0.4,85,216.0,0.5,108,25768,16440,27.9,41.0
Station_01,Inv_00,20170803,17:11:00,211.0,0.4,84,216.0,0.5,108,25768,16440,27.9,43.0
Station_01,Inv_00,20170803,17:12:00,213.5,0.4,85,217.0,0.5,109,25768,16440,27.9,45.0
Station_01,Inv_00,20170803,17:13:00,225.5,0.4,90,216.0,0.5,108,25768,16440,28.0,46.0
Station_01,Inv_00,20170803,17:14:00,153.0,0.5,77,216.0,0.5,108,25768,16440,28.0,46.0
Station_01,Inv_00,20170803,17:15:00,208.5,0.4,83,216.0,0.5,108,25768,16440,28.0,46.0
Station_01,Inv_00,20170803,17:16:00,188.0,0.4,75,216.0,0.5,108,25768,16440,28.0,46.0
Station_01,Inv_00,20170803,17:17:00,215.0,0.4,86,216.0,0.5,108,25768,16440,28.0,46.0
Station_01,Inv_00,20170803,17:18:00,186.0,0.5,93,216.0,0.5,108,25768,16440,28.0,47.0
Station_01,Inv_00,20170803,17:19:00,212.0,0.4,85,216.0,0.5,108,25768,16440,28.0,48.0
Station_01,Inv_00,20170803,17:20:00,217.4,0.5,109,216.0,0.6,130,25768,16440,28.0,49.0
Station_01,Inv_00,20170803,17:21:00,206.0,0.4,82,216.0,0.6,130,25768,16440,27.9,48.0
Station_01,Inv_00,20170803,17:22:00,209.0,0.4,84,217.0,0.5,109,25768,16440,28.0,48.0
Station_01,Inv_00,20170803,17:23:00,212.0,0.4,85,218.0,0.5,109,25768,16440,27.9,49.0
Station_01,Inv_00,20170803,17:24:00,239.7,0.3,72,217.0,0.5,109,25768,16440,27.9,49.0
Station_01,Inv_00,20170803,17:25:00,220.5,0.4,88,216.0,0.6,130,25768,16440,28.0,50.0
Station_01,Inv_00,20170803,17:26:00,214.0,0.5,107,216.0,0.5,108,25768,16440,28.0,49.0
Station_01,Inv_00,20170803,17:27:00,218.2,0.5,109,216.0,0.5,108,25768,16440,28.0,49.0
Station_01,Inv_00,20170803,17:28:00,220.6,0.5,110,216.0,0.5,108,25768,16440,28.0,49.0
Station_01,Inv_00,20170803,17:29:00,212.8,0.4,85,217.0,0.5,109,25768,16440,28.0,48.0
Station_01,Inv_00,20170803,17:30:00,150.0,0.4,60,216.0,0.5,108,25768,16440,28.0,47.0
Station_01,Inv_00,20170803,17:31:00,213.5,0.4,85,216.0,0.5,108,25768,16440,28.0,46.0
Station_01,Inv_00,20170803,17:32:00,217.0,0.4,87,216.0,0.5,108,25768,16440,27.9,46.0
Station_01,Inv_00,20170803,17:33:00,201.3,0.4,81,215.0,0.5,108,25768,16440,27.9,45.0
Station_01,Inv_00,20170803,17:34:00,218.5,0.4,87,217.0,0.5,109,25768,16440,27.9,46.0
Station_01,Inv_00,20170803,17:35:00,208.8,0.4,84,217.0,0.5,109,25768,16440,28.0,45.0
Station_01,Inv_00,20170803,17:36:00,149.0,0.3,45,216.0,0.5,108,25768,16440,28.1,45.0
Station_01,Inv_00,20170803,17:37:00,205.5,0.4,82,216.0,0.5,108,25768,16440,28.2,46.0
Station_01,Inv_00,20170803,17:38:00,199.0,0.4,80,216.0,0.5,108,25768,16440,28.2,47.0
Station_01,Inv_00,20170803,17:39:00,212.4,0.5,106,216.0,0.5,108,25768,16440,28.3,48.0
Station_01,Inv_00,20170803,17:40:00,221.0,0.4,88,216.0,0.5,108,25768,16440,28.3,49.0
Station_01,Inv_00,20170803,17:41:00,220.4,0.5,110,216.0,0.6,130,25768,16440,28.4,49.0
Station_01,Inv_00,20170803,17:42:00,208.5,0.4,83,216.0,0.5,108,25768,16440,28.5,49.0
Station_01,Inv_00,20170803,17:43:00,216.8,0.4,87,217.0,0.5,109,25768,16440,28.5,47.0
Station_01,Inv_00,20170803,17:44:00,223.0,0.3,67,217.0,0.4,87,25768,16440,28.5,46.0
Station_01,Inv_00,20170803,17:45:00,208.0,0.3,62,217.0,0.5,109,25768,16440,28.5,44.0
Station_01,Inv_00,20170803,17:46:00,207.0,0.4,83,216.0,0.5,108,25768,16440,28.5,46.0
Station_01,Inv_00,20170803,17:47:00,215.7,0.3,65,217.0,0.5,109,25768,16440,28.6,42.0
Station_01,Inv_00,20170803,17:48:00,193.0,0.3,58,216.0,0.5,108,25768,16440,28.6,41.0
Station_01,Inv_00,20170803,17:49:00,202.7,0.3,61,217.0,0.5,109,25768,16440,28.6,41.0
Station_01,Inv_00,20170803,17:50:00,178.0,0.3,53,217.0,0.4,87,25768,16440,28.6,40.0
Station_01,Inv_00,20170803,17:51:00,208.0,0.3,62,216.0,0.5,108,25768,16440,28.7,39.0
Station_01,Inv_00,20170803,17:52:00,196.0,0.2,39,216.0,0.4,86,25768,16440,28.7,37.0
Station_01,Inv_00,20170803,17:53:00,178.3,0.3,54,216.0,0.5,108,25768,16440,28.6,36.0
Station_01,Inv_00,20170803,17:54:00,184.7,0.3,55,216.0,0.4,86,25768,16440,28.6,34.0
Station_01,Inv_00,20170803,17:55:00,204.0,0.2,41,216.0,0.4,86,25768,16440,28.6,32.0
Station_01,Inv_00,20170803,17:56:00,218.5,0.2,44,216.0,0.4,86,25768,16440,28.6,31.0
Station_01,Inv_00,20170803,17:57:00,192.5,0.2,39,215.0,0.4,86,25768,16440,28.6,31.0
Station_01,Inv_00,20170803,17:58:00,216.5,0.2,43,217.0,0.4,87,25768,16440,28.6,32.0
Station_01,Inv_00,20170803,17:59:00,215.5,0.2,43,216.0,0.4,86,25768,16440,28.5,32.0
Station_01,Inv_00,20170803,18:00:00,220.0,0.2,44,216.0,0.4,86,25768,16440,28.6,33.0
Station_01,Inv_00,20170803,18:01:00,223.0,0.2,45,216.0,0.4,86,25768,16440,28.5,33.0
Station_01,Inv_00,20170803,18:02:00,213.0,0.2,43,216.0,0.4,86,25768,16440,28.4,33.0
Station_01,Inv_00,20170803,18:03:00,210.0,0.2,42,218.0,0.4,87,25768,16440,28.4,32.0
Station_01,Inv_00,20170803,18:04:00,215.5,0.2,43,216.0,0.4,86,25768,16440,28.4,33.0
Station_01,Inv_00,20170803,18:05:00,219.5,0.2,44,217.0,0.4,87,25768,16440,28.4,33.0
Station_01,Inv_00,20170803,18:06:00,228.5,0.2,46,216.0,0.4,86,25768,16440,28.4,32.0
Station_01,Inv_00,20170803,18:07:00,228.5,0.2,46,216.0,0.4,86,25768,16440,28.4,32.0
Station_01,Inv_00,20170803,18:08:00,230.5,0.2,46,217.0,0.4,87,25768,16440,28.3,33.0
Station_01,Inv_00,20170803,18:09:00,230.5,0.2,46,217.0,0.4,87,25768,16440,28.2,34.0
Station_01,Inv_00,20170803,18:10:00,230.5,0.2,46,217.0,0.4,87,25768,16440,28.2,34.0
Station_01,Inv_00,20170803,18:11:00,230.5,0.2,46,217.0,0.4,87,25768,16440,28.2,34.0
Station_01,Inv_00,20170803,18:12:00,230.5,0.2,46,217.0,0.4,87,25768,16440,28.2,34.0
Station_01,Inv_00,20170803,18:13:00,230.5,0.2,46,217.0,0.4,87,25768,16440,28.2,34.0
Station_01,Inv_00,20170803,18:14:00,227.0,0.1,23,217.0,0.5,109,25768,16440,28.2,37.0
Station_01,Inv_00,20170803,18:15:00,223.3,0.3,67,217.0,0.4,87,25768,16440,28.2,38.0
Station_01,Inv_00,20170803,18:16:00,241.3,0.3,72,217.0,0.4,87,25768,16440,28.2,39.0
Station_01,Inv_00,20170803,18:17:00,225.0,0.3,68,217.0,0.5,109,25768,16440,28.3,40.0
Station_01,Inv_00,20170803,18:18:00,189.0,0.4,76,217.0,0.5,109,25768,16440,28.3,41.0
Station_01,Inv_00,20170803,18:19:00,184.0,0.3,55,216.0,0.5,108,25768,16440,28.4,41.0
Station_01,Inv_00,20170803,18:20:00,188.3,0.3,57,216.0,0.5,108,25768,16440,28.5,41.0
Station_01,Inv_00,20170803,18:21:00,215.7,0.3,65,216.0,0.5,108,25768,16440,28.5,40.0
Station_01,Inv_00,20170803,18:22:00,220.3,0.3,66,216.0,0.5,108,25768,16440,28.6,40.0
Station_01,Inv_00,20170803,18:23:00,160.0,0.3,48,217.0,0.4,87,25768,16440,28.6,39.0
Station_01,Inv_00,20170803,18:24:00,142.0,0.2,28,216.0,0.4,86,25768,16440,28.7,39.0
Station_01,Inv_00,20170803,18:25:00,175.3,0.3,53,216.0,0.4,86,25768,16440,28.7,39.0
Station_01,Inv_00,20170803,18:26:00,196.0,0.3,59,216.0,0.4,86,25768,16440,28.8,39.0
Station_01,Inv_00,20170803,18:27:00,257.5,0.2,52,0.0,0.0,0,25768,16440,28.8,39.0
Station_01,Inv_00,20170803,18:28:00,0.0,0.0,0,0.0,0.0,0,25768,16440,28.8,38.0
Station_01,Inv_00,20170803,18:29:00,221.0,0.2,44,218.0,0.5,109,25768,16440,28.8,36.0
Station_01,Inv_00,20170803,18:30:00,0.0,0.0,0,217.0,0.6,130,25768,16440,28.8,34.0
Station_01,Inv_00,20170803,18:31:00,243.0,0.2,49,0.0,0.0,0,25768,16440,28.7,31.0
Station_01,Inv_00,20170803,18:32:00,236.0,0.2,47,0.0,0.0,0,25768,16440,28.7,29.0
Station_01,Inv_00,20170803,18:33:00,0.0,0.0,0,216.0,0.4,86,25768,16440,28.6,27.0
Station_01,Inv_00,20170803,18:34:00,0.0,0.0,0,0.0,0.0,0,25768,16440,28.5,26.0
Station_01,Inv_00,20170803,18:35:00,0.0,0.0,0,0.0,0.0,0,25768,16440,28.4,25.0
Station_01,Inv_00,20170803,18:36:00,0.0,0.0,0,220.0,0.2,44,25768,16440,28.4,24.0
Station_01,Inv_00,20170803,18:37:00,0.0,0.0,0,220.0,0.2,44,25768,16440,28.3,23.0
Station_01,Inv_00,20170803,18:38:00,0.0,0.0,0,220.0,0.2,44,25768,16440,28.2,22.0
Station_01,Inv_00,20170803,18:39:00,0.0,0.0,0,220.0,0.2,44,25768,16440,28.2,22.0
Station_01,Inv_00,20170803,18:40:00,0.0,0.0,0,220.0,0.2,44,25768,16440,28.1,22.0
Station_01,Inv_00,20170803,18:41:00,0.0,0.0,0,220.0,0.2,44,25768,16440,28.1,22.0
Station_01,Inv_00,20170803,18:42:00,0.0,0.0,0,220.0,0.2,44,25768,16440,28.0,22.0
Station_01,Inv_00,20170803,18:43:00,0.0,0.0,0,220.0,0.2,44,25768,16440,28.0,21.0
Station_01,Inv_00,20170803,18:44:00,0.0,0.0,0,220.0,0.2,44,25768,16440,27.9,21.0
Station_01,Inv_00,20170803,18:45:00,0.0,0.0,0,220.0,0.2,44,25768,16440,27.8,21.0
Station_01,Inv_00,20170803,18:46:00,0.0,0.0,0,220.0,0.2,44,25768,16440,27.8,21.0
Station_01,Inv_00,20170803,18:47:00,0.0,0.0,0,220.0,0.2,44,25768,16440,27.8,21.0
Station_01,Inv_00,20170803,18:48:00,0.0,0.0,0,220.0,0.2,44,25768,16440,27.7,21.0
Station_01,Inv_00,20170803,18:49:00,0.0,0.0,0,220.0,0.2,44,25768,16440,27.6,20.0
Station_01,Inv_00,20170803,18:50:00,0.0,0.0,0,220.0,0.2,44,25768,16440,27.6,20.0
Station_01,Inv_00,20170803,18:51:00,0.0,0.0,0,220.0,0.2,44,25768,16440,27.6,21.0
Station_01,Inv_00,20170803,18:52:00,0.0,0.0,0,220.0,0.2,44,25768,16440,27.6,20.0
Station_01,Inv_00,20170803,18:53:00,0.0,0.0,0,220.0,0.2,44,25768,16440,27.6,20.0
Station_01,Inv_00,20170803,18:54:00,0.0,0.0,0,220.0,0.2,44,25768,16440,27.6,20.0
Station_01,Inv_00,20170803,18:55:00,0.0,0.0,0,220.0,0.2,44,25768,16440,27.6,20.0
Station_01,Inv_00,20170803,18:56:00,0.0,0.0,0,220.0,0.2,44,25768,16440,27.6,21.0
Station_01,Inv_00,20170803,18:57:00,0.0,0.0,0,220.0,0.2,44,25768,16440,27.7,21.0
Station_01,Inv_00,20170803,18:58:00,0.0,0.0,0,220.0,0.2,44,25768,16440,27.6,21.0
Station_01,Inv_00,20170803,18:59:00,0.0,0.0,0,220.0,0.2,44,25768,16440,27.7,21.0
Station_01,Inv_00,20170803,19:00:00,0.0,0.0,0,220.0,0.2,44,25768,16440,27.7,21.0
Station_01,Inv_00,20170803,19:01:00,0.0,0.0,0,220.0,0.2,44,25768,16440,27.7,21.0
Station_01,Inv_00,20170803,19:02:00,0.0,0.0,0,220.0,0.2,44,25768,16440,27.8,21.0
Station_01,Inv_00,20170803,19:03:00,0.0,0.0,0,220.0,0.2,44,25768,16440,27.8,21.0
Station_01,Inv_00,20170803,19:04:00,0.0,0.0,0,220.0,0.2,44,25768,16440,27.9,21.0
Station_01,Inv_00,20170803,19:05:00,0.0,0.0,0,220.0,0.2,44,25768,16440,27.9,30.0
Station_01,Inv_00,20170803,19:06:00,0.0,0.0,0,220.0,0.2,44,25768,16440,27.9,22.0
Station_01,Inv_00,20170803,19:07:00,0.0,0.0,0,220.0,0.2,44,25768,16440,27.9,20.0
Station_01,Inv_00,20170803,19:08:00,0.0,0.0,0,220.0,0.2,44,25768,16440,27.9,22.0
Station_01,Inv_00,20170803,19:09:00,0.0,0.0,0,220.0,0.2,44,25768,16440,27.9,20.0
Station_01,Inv_00,20170803,19:10:00,0.0,0.0,0,220.0,0.2,44,25768,16440,27.9,20.0
Station_01,Inv_00,20170803,19:11:00,0.0,0.0,0,220.0,0.2,44,25768,16440,27.9,20.0
Station_01,Inv_00,20170803,19:12:00,0.0,0.0,0,220.0,0.2,44,25768,16440,27.9,20.0
Station_01,Inv_00,20170803,19:13:00,0.0,0.0,0,220.0,0.2,44,25768,16440,27.9,20.0
Station_01,Inv_00,20170803,19:14:00,0.0,0.0,0,220.0,0.2,44,25768,16440,27.9,20.0
Station_01,Inv_00,20170803,19:15:00,0.0,0.0,0,220.0,0.2,44,25768,16440,27.9,20.0
Station_01,Inv_00,20170803,19:16:00,0.0,0.0,0,220.0,0.2,44,25768,16440,27.9,20.0
Station_01,Inv_00,20170803,19:17:00,0.0,0.0,0,220.0,0.2,44,25768,16440,27.9,20.0
Station_01,Inv_00,20170803,19:18:00,0.0,0.0,0,220.0,0.2,44,25768,16440,27.9,20.0
Station_01,Inv_00,20170803,19:19:00,0.0,0.0,0,220.0,0.2,44,25768,16440,27.9,20.0
Station_01,Inv_00,20170803,19:20:00,0.0,0.0,0,220.0,0.2,44,25768,16440,27.9,20.0
Station_01,Inv_00,20170803,19:21:00,0.0,0.0,0,220.0,0.2,44,25768,16440,27.9,20.0
Station_01,Inv_00,20170803,19:22:00,0.0,0.0,0,220.0,0.2,44,25768,16440,27.9,20.0
Station_01,Inv_00,20170803,19:23:00,0.0,0.0,0,220.0,0.2,44,25768,16440,27.9,20.0
Station_01,Inv_00,20170803,19:24:00,0.0,0.0,0,220.0,0.2,44,25768,16440,27.9,20.0
Station_01,Inv_00,20170803,19:25:00,0.0,0.0,0,220.0,0.2,44,25768,16440,27.9,20.0
Station_01,Inv_00,20170803,19:26:00,0.0,0.0,0,220.0,0.2,44,25768,16440,27.9,20.0
Station_01,Inv_00,20170803,19:27:00,0.0,0.0,0,220.0,0.2,44,25768,16440,27.9,20.0
Station_01,Inv_00,20170803,19:28:00,0.0,0.0,0,220.0,0.2,44,25768,16440,27.8,19.0
Station_01,Inv_00,20170803,19:29:00,0.0,0.0,0,220.0,0.2,44,25768,16440,27.7,18.0
Station_01,Inv_00,20170803,19:30:00,0.0,0.0,0,220.0,0.2,44,25768,16440,27.6,17.0
Station_01,Inv_00,20170803,19:31:00,0.0,0.0,0,220.0,0.2,44,25768,16440,27.5,17.0
Station_01,Inv_00,20170803,19:32:00,0.0,0.0,0,220.0,0.2,44,25768,16440,27.5,18.0
Station_01,Inv_00,20170803,19:33:00,0.0,0.0,0,220.0,0.2,44,25768,16440,27.5,18.0
Station_01,Inv_00,20170803,19:34:00,0.0,0.0,0,220.0,0.2,44,25768,16440,27.5,18.0
Station_01,Inv_00,20170803,19:35:00,0.0,0.0,0,220.0,0.2,44,25768,16440,27.6,19.0
Station_01,Inv_00,20170803,19:36:00,0.0,0.0,0,220.0,0.2,44,25768,16440,27.5,25.0
Station_01,Inv_00,20170803,19:37:00,0.0,0.0,0,220.0,0.2,44,25768,16440,27.4,26.0
Station_01,Inv_00,20170803,19:38:00,0.0,0.0,0,220.0,0.2,44,25768,16440,27.4,19.0
Station_01,Inv_00,20170803,19:39:00,0.0,0.0,0,220.0,0.2,44,25768,16440,27.3,20.0
Station_01,Inv_00,20170803,19:40:00,0.0,0.0,0,220.0,0.2,44,25768,16440,26.8,21.0
Station_01,Inv_00,20170803,19:41:00,0.0,0.0,0,220.0,0.2,44,25768,16440,26.6,19.0
Station_01,Inv_00,20170803,19:42:00,0.0,0.0,0,220.0,0.2,44,25768,16440,26.4,18.0
Station_01,Inv_00,20170803,19:43:00,0.0,0.0,0,220.0,0.2,44,25768,16440,26.3,18.0
Station_01,Inv_00,20170803,19:44:00,0.0,0.0,0,220.0,0.2,44,25768,16440,26.2,16.0
Station_01,Inv_00,20170803,19:45:00,0.0,0.0,0,220.0,0.2,44,25768,16440,26.1,17.0
Station_01,Inv_00,20170803,19:46:00,0.0,0.0,0,220.0,0.2,44,25768,16440,26.2,17.0
Station_01,Inv_00,20170803,19:47:00,0.0,0.0,0,220.0,0.2,44,25768,16440,26.2,17.0
Station_01,Inv_00,20170803,19:48:00,0.0,0.0,0,220.0,0.2,44,25768,16440,26.2,17.0
Station_01,Inv_00,20170803,19:49:00,0.0,0.0,0,220.0,0.2,44,25768,16440,26.3,17.0
Station_01,Inv_00,20170803,19:50:00,0.0,0.0,0,220.0,0.2,44,25768,16440,26.3,17.0
Station_01,Inv_00,20170803,19:51:00,0.0,0.0,0,220.0,0.2,44,25768,16440,26.3,17.0
Station_01,Inv_00,20170803,19:52:00,0.0,0.0,0,220.0,0.2,44,25768,16440,26.3,18.0
Station_01,Inv_00,20170803,19:53:00,0.0,0.0,0,220.0,0.2,44,25768,16440,26.4,17.0
Station_01,Inv_00,20170803,19:54:00,0.0,0.0,0,220.0,0.2,44,25768,16440,26.4,18.0
Station_01,Inv_00,20170803,19:55:00,0.0,0.0,0,220.0,0.2,44,25768,16440,26.4,18.0
Station_01,Inv_00,20170803,19:56:00,0.0,0.0,0,220.0,0.2,44,25768,16440,26.5,18.0
Station_01,Inv_00,20170803,19:57:00,0.0,0.0,0,220.0,0.2,44,25768,16440,26.6,18.0
Station_01,Inv_00,20170803,19:58:00,0.0,0.0,0,220.0,0.2,44,25768,16440,26.6,19.0
Station_01,Inv_00,20170803,19:59:00,0.0,0.0,0,220.0,0.2,44,25768,16440,26.6,19.0
Station_01,Inv_00,20170803,20:00:00,0.0,0.0,0,220.0,0.2,44,25768,16440,26.7,19.0
