Station_01,Inv_00,20170715,05:00:00,0.0,0.0,0,219.0,0.3,66,25469,16249,25.6,18.0
Station_01,Inv_00,20170715,05:01:00,0.0,0.0,0,219.0,0.3,66,25469,16249,25.6,18.0
Station_01,Inv_00,20170715,05:02:00,0.0,0.0,0,219.0,0.3,66,25469,16249,25.5,18.0
Station_01,Inv_00,20170715,05:03:00,0.0,0.0,0,219.0,0.3,66,25469,16249,25.5,18.0
Station_01,Inv_00,20170715,05:04:00,0.0,0.0,0,219.0,0.3,66,25469,16249,25.5,18.0
Station_01,Inv_00,20170715,05:05:00,0.0,0.0,0,219.0,0.3,66,25469,16249,25.5,18.0
Station_01,Inv_00,20170715,05:06:00,0.0,0.0,0,219.0,0.3,66,25469,16249,25.5,18.0
Station_01,Inv_00,20170715,05:07:00,0.0,0.0,0,219.0,0.3,66,25469,16249,25.5,18.0
Station_01,Inv_00,20170715,05:08:00,0.0,0.0,0,219.0,0.3,66,25469,16249,25.5,18.0
Station_01,Inv_00,20170715,05:09:00,0.0,0.0,0,219.0,0.3,66,25469,16249,25.5,18.0
Station_01,Inv_00,20170715,05:10:00,0.0,0.0,0,219.0,0.3,66,25469,16249,25.5,19.0
Station_01,Inv_00,20170715,05:11:00,0.0,0.0,0,219.0,0.3,66,25469,16249,25.5,19.0
Station_01,Inv_00,20170715,05:12:00,0.0,0.0,0,219.0,0.3,66,25469,16249,25.5,19.0
Station_01,Inv_00,20170715,05:13:00,0.0,0.0,0,219.0,0.3,66,25469,16249,25.5,19.0
Station_01,Inv_00,20170715,05:14:00,0.0,0.0,0,219.0,0.3,66,25469,16249,25.5,19.0
Station_01,Inv_00,20170715,05:15:00,0.0,0.0,0,219.0,0.3,66,25469,16249,25.5,19.0
Station_01,Inv_00,20170715,05:16:00,0.0,0.0,0,219.0,0.3,66,25469,16249,25.5,19.0
Station_01,Inv_00,20170715,05:17:00,0.0,0.0,0,219.0,0.3,66,25469,16249,25.5,19.0
Station_01,Inv_00,20170715,05:18:00,0.0,0.0,0,219.0,0.3,66,25469,16249,25.5,20.0
Station_01,Inv_00,20170715,05:19:00,0.0,0.0,0,219.0,0.3,66,25469,16249,25.5,20.0
Station_01,Inv_00,20170715,05:20:00,0.0,0.0,0,219.0,0.3,66,25469,16249,25.5,20.0
Station_01,Inv_00,20170715,05:21:00,0.0,0.0,0,219.0,0.3,66,25469,16249,25.5,21.0
Station_01,Inv_00,20170715,05:22:00,0.0,0.0,0,219.0,0.3,66,25469,16249,25.6,21.0
Station_01,Inv_00,20170715,05:23:00,0.0,0.0,0,219.0,0.3,66,25469,16249,25.6,21.0
Station_01,Inv_00,20170715,05:24:00,0.0,0.0,0,219.0,0.3,66,25469,16249,25.6,22.0
Station_01,Inv_00,20170715,05:25:00,0.0,0.0,0,219.0,0.3,66,25469,16249,25.5,22.0
Station_01,Inv_00,20170715,05:26:00,0.0,0.0,0,219.0,0.3,66,25469,16249,25.5,22.0
Station_01,Inv_00,20170715,05:27:00,0.0,0.0,0,219.0,0.3,66,25469,16249,25.5,23.0
Station_01,Inv_00,20170715,05:28:00,0.0,0.0,0,219.0,0.3,66,25469,16249,25.5,23.0
Station_01,Inv_00,20170715,05:29:00,0.0,0.0,0,219.0,0.3,66,25469,16249,25.5,24.0
Station_01,Inv_00,20170715,05:30:00,0.0,0.0,0,219.0,0.3,66,25469,16249,25.5,24.0
Station_01,Inv_00,20170715,05:31:00,0.0,0.0,0,219.0,0.3,66,25469,16249,25.4,25.0
Station_01,Inv_00,20170715,05:32:00,0.0,0.0,0,219.0,0.3,66,25469,16249,25.4,25.0
Station_01,Inv_00,20170715,05:33:00,0.0,0.0,0,219.0,0.3,66,25469,16249,25.4,26.0
Station_01,Inv_00,20170715,05:34:00,0.0,0.0,0,221.0,0.5,111,25469,16249,25.4,27.0
Station_01,Inv_00,20170715,05:35:00,0.0,0.0,0,221.0,0.5,111,25469,16249,25.5,28.0
Station_01,Inv_00,20170715,05:36:00,0.0,0.0,0,221.0,0.5,111,25469,16249,25.5,29.0
Station_01,Inv_00,20170715,05:37:00,0.0,0.0,0,221.0,0.5,111,25469,16249,25.5,31.0
Station_01,Inv_00,20170715,05:38:00,0.0,0.0,0,221.0,0.5,111,25469,16249,25.5,32.0
Station_01,Inv_00,20170715,05:39:00,210.7,0.3,63,216.0,0.5,108,25469,16249,25.6,34.0
Station_01,Inv_00,20170715,05:40:00,209.0,0.3,63,216.0,0.5,108,25469,16249,25.6,36.0
Station_01,Inv_00,20170715,05:41:00,215.0,0.3,65,216.0,0.5,108,25469,16249,25.6,36.0
Station_01,Inv_00,20170715,05:42:00,217.7,0.3,65,216.0,0.4,86,25469,16249,25.8,37.0
Station_01,Inv_00,20170715,05:43:00,207.0,0.3,62,217.0,0.5,109,25469,16249,25.8,39.0
Station_01,Inv_00,20170715,05:44:00,206.0,0.3,62,217.0,0.5,109,25469,16249,25.8,40.0
Station_01,Inv_00,20170715,05:45:00,217.0,0.4,87,217.0,0.5,109,25469,16249,25.9,41.0
Station_01,Inv_00,20170715,05:46:00,192.3,0.3,58,218.0,0.5,109,25469,16249,26.0,42.0
Station_01,Inv_00,20170715,05:47:00,208.0,0.4,83,217.0,0.5,109,25469,16249,26.1,43.0
Station_01,Inv_00,20170715,05:48:00,218.7,0.3,66,217.0,0.5,109,25469,16249,26.2,51.0
Station_01,Inv_00,20170715,05:49:00,214.0,0.4,86,216.0,0.5,108,25469,16249,26.3,46.0
Station_01,Inv_00,20170715,05:50:00,186.0,0.4,74,216.0,0.5,108,25469,16249,26.3,49.0
Station_01,Inv_00,20170715,05:51:00,205.0,0.5,103,216.0,0.5,108,25469,16249,26.4,51.0
Station_01,Inv_00,20170715,05:52:00,214.2,0.5,107,216.0,0.6,130,25469,16249,26.5,52.0
Station_01,Inv_00,20170715,05:53:00,212.0,0.6,127,216.0,0.6,130,25469,16249,26.5,54.0
Station_01,Inv_00,20170715,05:54:00,228.5,0.6,137,216.0,0.7,151,25469,16249,26.6,61.0
Station_01,Inv_00,20170715,05:55:00,228.0,0.6,137,217.0,0.7,152,25469,16249,26.8,64.0
Station_01,Inv_00,20170715,05:56:00,225.5,0.6,135,216.0,0.8,173,25469,16249,26.9,67.0
Station_01,Inv_00,20170715,05:57:00,222.4,0.7,156,216.0,0.8,173,25469,16249,27.0,70.0
Station_01,Inv_00,20170715,05:58:00,232.9,0.7,163,216.0,0.9,194,25469,16249,27.1,73.0
Station_01,Inv_00,20170715,05:59:00,224.0,0.7,157,216.0,0.8,173,25469,16249,27.2,75.0
Station_01,Inv_00,20170715,06:00:00,215.9,0.7,151,216.0,0.9,194,25469,16249,27.3,78.0
Station_01,Inv_00,20170715,06:01:00,230.5,0.8,184,216.0,0.9,194,25469,16249,27.4,81.0
Station_01,Inv_00,20170715,06:02:00,230.0,0.8,184,216.0,1.0,216,25469,16249,27.5,83.0
Station_01,Inv_00,20170715,06:03:00,233.0,0.8,186,216.0,1.0,216,25469,16249,27.7,86.0
Station_01,Inv_00,20170715,06:04:00,234.0,0.8,187,216.0,1.0,216,25469,16249,27.7,88.0
Station_01,Inv_00,20170715,06:05:00,238.4,0.9,215,217.0,1.0,217,25469,16249,27.8,90.0
Station_01,Inv_00,20170715,06:06:00,232.3,0.9,209,218.0,1.0,218,25469,16249,28.0,91.0
Station_01,Inv_00,20170715,06:07:00,235.4,0.9,212,216.0,1.0,216,25469,16249,28.0,94.0
Station_01,Inv_00,20170715,06:08:00,221.9,0.9,200,216.0,1.0,216,25469,16249,28.2,96.0
Station_01,Inv_00,20170715,06:09:00,224.5,1.0,225,216.0,1.1,238,25469,16249,28.4,99.0
Station_01,Inv_00,20170715,06:10:00,247.0,1.0,247,216.0,1.1,238,25469,16249,28.4,102.0
Station_01,Inv_00,20170715,06:11:00,244.6,1.0,245,216.0,1.2,259,25469,16249,28.5,105.0
Station_01,Inv_00,20170715,06:12:00,234.6,1.1,258,216.0,1.2,259,25469,16249,28.7,107.0
Station_01,Inv_00,20170715,06:13:00,240.5,1.0,241,217.0,1.2,260,25469,16249,28.7,110.0
Station_01,Inv_00,20170715,06:14:00,242.0,1.2,290,217.0,1.3,282,25469,16249,28.9,112.0
Station_01,Inv_00,20170715,06:15:00,241.5,1.2,290,217.0,1.3,282,25469,16249,29.0,116.0
Station_01,Inv_00,20170715,06:16:00,245.5,1.2,295,217.0,1.4,304,25469,16249,29.1,120.0
Station_01,Inv_00,20170715,06:17:00,236.8,1.3,308,216.0,1.4,302,25469,16249,29.2,123.0
Station_01,Inv_00,20170715,06:18:00,234.8,1.3,305,215.0,1.5,323,25469,16249,29.4,125.0
Station_01,Inv_00,20170715,06:19:00,208.5,1.4,292,216.0,1.3,281,25469,16249,29.5,129.0
Station_01,Inv_00,20170715,06:20:00,245.0,1.4,343,216.0,1.5,324,25469,16249,29.6,132.0
Station_01,Inv_00,20170715,06:21:00,244.0,1.4,342,216.0,1.5,324,25469,16249,29.8,136.0
Station_01,Inv_00,20170715,06:22:00,238.5,1.5,358,216.0,1.5,324,25469,16249,29.8,139.0
Station_01,Inv_00,20170715,06:23:00,245.0,1.4,343,216.0,1.6,346,25469,16249,29.9,142.0
Station_01,Inv_00,20170715,06:24:00,243.5,1.5,365,216.0,1.7,367,25469,16249,30.2,145.0
Station_01,Inv_00,20170715,06:25:00,248.5,1.5,373,216.0,1.7,367,25469,16249,30.3,148.0
Station_01,Inv_00,20170715,06:26:00,247.0,1.6,395,216.0,1.7,367,25469,16249,30.4,150.0
Station_01,Inv_00,20170715,06:27:00,247.2,1.7,420,215.0,1.8,387,25469,16249,30.4,152.0
Station_01,Inv_00,20170715,06:28:00,242.0,1.8,436,216.0,1.8,389,25469,16249,30.7,154.0
Station_01,Inv_00,20170715,06:29:00,248.0,1.8,446,216.0,1.9,410,25469,16249,30.6,158.0
Station_01,Inv_00,20170715,06:30:00,247.0,1.8,445,216.0,2.0,432,25469,16249,30.7,161.0
Station_01,Inv_00,20170715,06:31:00,244.4,1.9,464,216.0,2.0,432,25469,16249,31.0,165.0
Station_01,Inv_00,20170715,06:32:00,247.0,1.8,445,215.0,2.0,430,25469,16249,31.0,168.0
Station_01,Inv_00,20170715,06:33:00,244.5,2.0,489,216.0,2.0,432,25469,16249,31.2,171.0
Station_01,Inv_00,20170715,06:34:00,225.5,1.9,428,215.0,2.0,430,25469,16249,31.1,174.0
Station_01,Inv_00,20170715,06:35:00,242.2,2.1,509,217.0,2.1,456,25469,16249,31.1,179.0
Station_01,Inv_00,20170715,06:36:00,247.5,2.2,545,217.0,2.3,499,25469,16249,31.5,185.0
Station_01,Inv_00,20170715,06:37:00,239.5,2.2,527,217.0,2.3,499,25469,16249,31.6,188.0
Station_01,Inv_00,20170715,06:38:00,243.9,2.1,512,216.0,2.4,518,25469,16249,31.6,191.0
Station_01,Inv_00,20170715,06:39:00,247.4,2.3,569,217.0,2.4,521,25469,16249,31.9,194.0
Station_01,Inv_00,20170715,06:40:00,249.0,2.3,573,217.0,2.5,543,25469,16249,32.0,195.0
Station_01,Inv_00,20170715,06:41:00,247.0,2.3,568,216.0,2.5,540,25469,16249,32.1,196.0
Station_01,Inv_00,20170715,06:42:00,246.0,2.4,590,216.0,2.5,540,25469,16249,32.1,199.0
Station_01,Inv_00,20170715,06:43:00,240.4,2.5,601,215.0,2.5,538,25469,16249,32.4,204.0
Station_01,Inv_00,20170715,06:44:00,248.9,2.5,622,215.0,2.6,559,25469,16249,32.4,209.0
Station_01,Inv_00,20170715,06:45:00,245.0,2.6,637,216.0,2.8,605,25469,16249,32.6,215.0
Station_01,Inv_00,20170715,06:46:00,247.0,2.7,667,215.0,2.9,624,25469,16249,32.9,218.0
Station_01,Inv_00,20170715,06:47:00,246.5,2.7,666,216.0,2.9,626,25469,16249,32.9,222.0
Station_01,Inv_00,20170715,06:48:00,248.0,2.8,694,215.0,3.0,645,25469,16249,33.0,226.0
Station_01,Inv_00,20170715,06:49:00,245.5,2.8,687,215.0,3.0,645,25469,16249,33.1,229.0
Station_01,Inv_00,20170715,06:50:00,244.4,2.9,709,215.0,3.1,667,25469,16249,33.4,232.0
Station_01,Inv_00,20170715,06:51:00,247.0,2.8,692,215.0,3.1,667,25469,16249,33.4,235.0
Station_01,Inv_00,20170715,06:52:00,247.5,2.8,693,217.0,3.0,651,25469,16249,33.5,236.0
Station_01,Inv_00,20170715,06:53:00,239.4,2.8,670,216.0,2.9,626,25469,16249,33.5,239.0
Station_01,Inv_00,20170715,06:54:00,239.2,3.1,741,215.0,3.1,667,25469,16249,33.7,243.0
Station_01,Inv_00,20170715,06:55:00,239.0,3.2,765,215.0,3.3,710,25469,16249,33.9,248.0
Station_01,Inv_00,20170715,06:56:00,243.0,3.2,778,215.0,3.5,753,25469,16249,34.2,252.0
Station_01,Inv_00,20170715,06:57:00,248.0,3.2,794,215.0,3.6,774,25469,16249,34.2,258.0
Station_01,Inv_00,20170715,06:58:00,248.0,3.4,843,215.0,3.6,774,25469,16249,34.1,263.0
Station_01,Inv_00,20170715,06:59:00,245.0,3.4,833,215.0,3.7,796,25469,16249,34.5,265.0
Station_01,Inv_00,20170715,07:00:00,247.5,3.5,866,215.0,3.7,796,25469,16249,34.7,267.0
Station_01,Inv_00,20170715,07:01:00,246.0,3.4,836,215.0,3.8,817,25469,16249,34.6,271.0
Station_01,Inv_00,20170715,07:02:00,243.0,3.5,850,215.0,3.8,817,25469,16249,34.5,274.0
Station_01,Inv_00,20170715,07:03:00,246.0,3.5,861,216.0,3.9,842,25469,16249,34.8,278.0
Station_01,Inv_00,20170715,07:04:00,246.0,3.7,910,216.0,3.9,842,25469,16249,35.1,282.0
Station_01,Inv_00,20170715,07:05:00,240.9,3.7,891,217.0,3.9,846,25469,16249,35.5,285.0
Station_01,Inv_00,20170715,07:06:00,245.0,3.8,931,217.0,4.0,868,25469,16249,35.2,288.0
Station_01,Inv_00,20170715,07:07:00,242.5,3.9,946,218.0,4.0,872,25469,16249,35.2,292.0
Station_01,Inv_00,20170715,07:08:00,242.3,4.0,969,218.0,4.0,872,25469,16249,35.7,296.0
Station_01,Inv_00,20170715,07:09:00,245.4,4.0,982,218.0,4.1,894,25469,16249,35.8,300.0
Station_01,Inv_00,20170715,07:10:00,249.0,3.9,971,218.0,4.2,916,25469,16249,35.9,305.0
Station_01,Inv_00,20170715,07:11:00,245.5,4.2,1031,219.0,4.2,920,25469,16249,36.3,310.0
Station_01,Inv_00,20170715,07:12:00,244.0,4.2,1025,219.0,4.3,942,25469,16249,36.3,313.0
Station_01,Inv_00,20170715,07:13:00,236.3,4.2,993,219.0,4.3,942,25469,16249,36.1,316.0
Station_01,Inv_00,20170715,07:14:00,243.4,4.2,1022,218.0,4.5,981,25469,16249,36.8,319.0
Station_01,Inv_00,20170715,07:15:00,240.5,4.3,1034,218.0,4.5,981,25469,16249,36.5,324.0
Station_01,Inv_00,20170715,07:16:00,244.5,4.3,1051,218.0,4.6,1003,25469,16249,36.8,326.0
Station_01,Inv_00,20170715,07:17:00,243.0,4.5,1093,218.0,4.6,1003,25469,16249,36.9,330.0
Station_01,Inv_00,20170715,07:18:00,238.9,4.5,1075,218.0,4.6,1003,25469,16249,37.1,332.0
Station_01,Inv_00,20170715,07:19:00,239.5,4.7,1126,219.0,4.7,1029,25469,16249,37.4,335.0
Station_01,Inv_00,20170715,07:20:00,248.0,4.6,1141,219.0,4.8,1051,25469,16249,37.8,338.0
Station_01,Inv_00,20170715,07:21:00,243.5,4.6,1120,219.0,4.9,1073,25469,16249,37.9,343.0
Station_01,Inv_00,20170715,07:22:00,242.5,4.7,1140,219.0,4.9,1073,25469,16249,38.2,348.0
Station_01,Inv_00,20170715,07:23:00,244.0,4.9,1195,219.0,5.0,1095,25469,16249,38.3,351.0
Station_01,Inv_00,20170715,07:24:00,243.5,4.8,1169,219.0,5.1,1117,25469,16249,38.2,355.0
Station_01,Inv_00,20170715,07:25:00,242.5,4.9,1188,219.0,5.1,1117,25469,16249,38.3,359.0
Station_01,Inv_00,20170715,07:26:00,244.0,4.9,1195,218.0,5.2,1134,25469,16249,38.5,362.0
Station_01,Inv_00,20170715,07:27:00,240.5,5.1,1227,217.0,5.2,1128,25469,16249,38.6,367.0
Station_01,Inv_00,20170715,07:28:00,241.0,5.1,1229,217.0,5.4,1172,25469,16249,38.5,373.0
Station_01,Inv_00,20170715,07:29:00,238.5,5.4,1288,217.0,5.5,1194,25469,16249,39.1,376.0
Station_01,Inv_00,20170715,07:30:00,239.5,5.3,1269,218.0,5.5,1199,25470,16250,39.5,381.0
Station_01,Inv_00,20170715,07:31:00,242.5,5.3,1285,219.0,5.6,1226,25470,16250,40.0,385.0
Station_01,Inv_00,20170715,07:32:00,237.5,5.5,1306,219.0,5.6,1226,25470,16250,40.2,387.0
Station_01,Inv_00,20170715,07:33:00,240.4,5.4,1298,218.0,5.6,1221,25470,16250,39.8,391.0
Station_01,Inv_00,20170715,07:34:00,243.9,5.4,1317,218.0,5.7,1243,25470,16250,40.0,393.0
Station_01,Inv_00,20170715,07:35:00,239.5,5.5,1317,218.0,5.7,1243,25470,16250,40.2,395.0
Station_01,Inv_00,20170715,07:36:00,240.0,5.7,1368,219.0,5.8,1270,25470,16250,40.6,398.0
Station_01,Inv_00,20170715,07:37:00,236.5,5.7,1348,218.0,5.8,1264,25470,16250,40.8,401.0
Station_01,Inv_00,20170715,07:38:00,235.5,5.7,1342,217.0,5.9,1280,25470,16250,41.3,404.0
Station_01,Inv_00,20170715,07:39:00,240.0,5.9,1416,217.0,5.9,1280,25470,16250,41.3,407.0
Station_01,Inv_00,20170715,07:40:00,229.0,6.1,1397,218.0,5.9,1286,25470,16250,41.1,412.0
Station_01,Inv_00,20170715,07:41:00,235.0,6.0,1410,218.0,6.1,1330,25470,16250,41.1,416.0
Station_01,Inv_00,20170715,07:42:00,236.5,6.1,1443,218.0,6.2,1352,25470,16250,40.9,421.0
Station_01,Inv_00,20170715,07:43:00,233.0,6.3,1468,218.0,6.2,1352,25470,16250,41.0,425.0
Station_01,Inv_00,20170715,07:44:00,235.5,6.2,1460,219.0,6.3,1380,25470,16250,41.0,432.0
Station_01,Inv_00,20170715,07:45:00,240.0,6.2,1488,219.0,6.4,1402,25470,16250,40.9,437.0
Station_01,Inv_00,20170715,07:46:00,232.5,6.4,1488,218.0,6.5,1417,25470,16250,41.2,441.0
Station_01,Inv_00,20170715,07:47:00,238.0,6.4,1523,219.0,6.6,1445,25470,16250,40.7,447.0
Station_01,Inv_00,20170715,07:48:00,238.5,6.5,1550,220.0,6.6,1452,25470,16250,41.3,448.0
Station_01,Inv_00,20170715,07:49:00,229.5,6.7,1538,219.0,6.5,1424,25470,16250,42.1,448.0
Station_01,Inv_00,20170715,07:50:00,238.0,6.5,1547,219.0,6.7,1467,25470,16250,41.7,452.0
Station_01,Inv_00,20170715,07:51:00,240.0,6.5,1560,219.0,6.7,1467,25470,16250,41.1,456.0
Station_01,Inv_00,20170715,07:52:00,238.9,6.6,1577,218.0,6.8,1482,25470,16250,41.6,459.0
Station_01,Inv_00,20170715,07:53:00,238.5,6.8,1622,219.0,6.8,1489,25470,16250,41.1,463.0
Station_01,Inv_00,20170715,07:54:00,233.0,6.8,1584,219.0,6.9,1511,25470,16250,41.7,465.0
Station_01,Inv_00,20170715,07:55:00,239.5,6.7,1605,219.0,6.9,1511,25470,16250,41.8,468.0
Station_01,Inv_00,20170715,07:56:00,235.5,6.9,1625,218.0,7.0,1526,25470,16250,41.6,471.0
Station_01,Inv_00,20170715,07:57:00,232.5,6.9,1604,218.0,7.0,1526,25470,16250,41.9,474.0
Station_01,Inv_00,20170715,07:58:00,241.0,6.9,1663,218.0,7.1,1548,25470,16250,41.7,475.0
Station_01,Inv_00,20170715,07:59:00,236.5,7.2,1703,218.0,7.2,1570,25470,16250,42.3,481.0
Station_01,Inv_00,20170715,08:00:00,235.0,7.2,1692,219.0,7.3,1599,25470,16250,42.6,491.0
Station_01,Inv_00,20170715,08:01:00,235.9,7.2,1699,219.0,7.3,1599,25470,16250,42.3,495.0
Station_01,Inv_00,20170715,08:02:00,240.5,7.3,1756,218.0,7.5,1635,25470,16250,42.7,499.0
Station_01,Inv_00,20170715,08:03:00,238.5,7.3,1741,217.0,7.6,1649,25470,16250,42.6,506.0
Station_01,Inv_00,20170715,08:04:00,235.5,7.5,1766,217.0,7.7,1671,25470,16250,42.1,509.0
Station_01,Inv_00,20170715,08:05:00,239.0,7.5,1792,217.0,7.7,1671,25470,16250,42.1,506.0
Station_01,Inv_00,20170715,08:06:00,241.5,7.4,1787,217.0,7.8,1693,25470,16250,42.5,518.0
Station_01,Inv_00,20170715,08:07:00,237.5,7.5,1781,217.0,7.8,1693,25470,16250,42.7,518.0
Station_01,Inv_00,20170715,08:08:00,238.0,7.6,1809,217.0,7.8,1693,25470,16250,42.9,519.0
Station_01,Inv_00,20170715,08:09:00,236.5,7.7,1821,218.0,7.8,1700,25471,16250,43.0,522.0
Station_01,Inv_00,20170715,08:10:00,234.5,7.7,1805,220.0,7.8,1716,25471,16250,43.4,526.0
Station_01,Inv_00,20170715,08:11:00,234.5,7.8,1829,220.0,7.9,1738,25471,16250,43.8,528.0
Station_01,Inv_00,20170715,08:12:00,235.5,7.9,1860,219.0,8.0,1752,25471,16250,43.2,533.0
Station_01,Inv_00,20170715,08:13:00,234.5,7.9,1853,218.0,8.0,1744,25471,16250,42.4,536.0
Station_01,Inv_00,20170715,08:14:00,234.5,8.1,1899,218.0,8.2,1788,25471,16250,43.1,542.0
Station_01,Inv_00,20170715,08:15:00,226.0,8.3,1876,219.0,8.1,1774,25471,16250,42.8,547.0
Station_01,Inv_00,20170715,08:16:00,233.0,8.3,1934,219.0,8.2,1796,25471,16250,42.9,549.0
Station_01,Inv_00,20170715,08:17:00,239.0,8.1,1936,219.0,8.3,1818,25471,16250,43.6,552.0
Station_01,Inv_00,20170715,08:18:00,237.0,8.1,1920,219.0,8.3,1818,25471,16250,43.9,555.0
Station_01,Inv_00,20170715,08:19:00,232.5,8.4,1953,218.0,8.4,1831,25471,16250,43.4,559.0
Station_01,Inv_00,20170715,08:20:00,235.0,8.3,1950,218.0,8.5,1853,25471,16250,43.4,563.0
Station_01,Inv_00,20170715,08:21:00,231.0,8.5,1964,218.0,8.5,1853,25471,16250,43.5,567.0
Station_01,Inv_00,20170715,08:22:00,232.9,8.6,2003,219.0,8.6,1883,25471,16250,44.1,570.0
Station_01,Inv_00,20170715,08:23:00,232.0,8.5,1972,219.0,8.6,1883,25471,16250,44.4,569.0
Station_01,Inv_00,20170715,08:24:00,229.0,8.6,1969,219.0,8.5,1862,25471,16250,45.4,570.0
Station_01,Inv_00,20170715,08:25:00,235.0,8.5,1997,218.0,8.7,1897,25471,16250,45.3,573.0
Station_01,Inv_00,20170715,08:26:00,228.0,8.8,2006,219.0,8.7,1905,25471,16250,45.0,583.0
Station_01,Inv_00,20170715,08:27:00,228.5,8.8,2011,220.0,8.7,1914,25471,16250,45.2,582.0
Station_01,Inv_00,20170715,08:28:00,237.5,8.6,2042,220.0,8.7,1914,25471,16250,45.8,582.0
Station_01,Inv_00,20170715,08:29:00,225.5,8.9,2007,220.0,8.7,1914,25471,16250,45.6,585.0
Station_01,Inv_00,20170715,08:30:00,235.0,8.8,2068,220.0,8.9,1958,25471,16250,46.1,590.0
Station_01,Inv_00,20170715,08:31:00,229.5,8.9,2043,220.0,8.8,1936,25471,16250,46.1,594.0
Station_01,Inv_00,20170715,08:32:00,231.0,9.0,2079,219.0,9.0,1971,25471,16250,45.0,598.0
Station_01,Inv_00,20170715,08:33:00,228.0,9.2,2098,219.0,9.0,1971,25471,16250,45.3,600.0
Station_01,Inv_00,20170715,08:34:00,233.5,9.0,2101,221.0,9.0,1989,25471,16250,46.4,601.0
Station_01,Inv_00,20170715,08:35:00,231.0,9.1,2102,221.0,9.1,2011,25471,16250,46.3,603.0
Station_01,Inv_00,20170715,08:36:00,229.5,9.1,2088,221.0,9.0,1989,25471,16250,46.3,602.0
Station_01,Inv_00,20170715,08:37:00,227.4,9.2,2093,221.0,9.1,2011,25471,16250,46.3,608.0
Station_01,Inv_00,20170715,08:38:00,227.0,9.3,2111,220.0,9.1,2002,25471,16250,46.4,610.0
Station_01,Inv_00,20170715,08:39:00,228.0,9.4,2143,221.0,9.2,2033,25472,16251,46.6,613.0
Station_01,Inv_00,20170715,08:40:00,230.0,9.3,2139,220.0,9.3,2046,25472,16251,46.5,616.0
Station_01,Inv_00,20170715,08:41:00,232.0,9.3,2158,220.0,9.3,2046,25472,16251,46.7,616.0
Station_01,Inv_00,20170715,08:42:00,226.5,9.7,2197,219.0,9.4,2059,25472,16251,47.1,628.0
Station_01,Inv_00,20170715,08:43:00,229.0,9.5,2175,219.0,9.4,2059,25472,16251,46.5,623.0
Station_01,Inv_00,20170715,08:44:00,230.4,9.4,2166,219.0,9.3,2037,25472,16251,45.3,629.0
Station_01,Inv_00,20170715,08:45:00,229.0,9.7,2221,219.0,9.6,2102,25472,16251,46.1,632.0
Station_01,Inv_00,20170715,08:46:00,232.5,9.5,2209,219.0,9.6,2102,25472,16251,46.2,636.0
Station_01,Inv_00,20170715,08:47:00,233.0,9.6,2237,219.0,9.7,2124,25472,16251,46.7,640.0
Station_01,Inv_00,20170715,08:48:00,230.0,9.6,2208,219.0,9.6,2102,25472,16251,45.8,635.0
Station_01,Inv_00,20170715,08:49:00,232.5,9.7,2255,220.0,9.7,2134,25472,16251,45.6,640.0
Station_01,Inv_00,20170715,08:50:00,228.0,9.9,2257,219.0,9.7,2124,25472,16251,46.3,643.0
Station_01,Inv_00,20170715,08:51:00,228.5,10.0,2285,220.0,9.8,2156,25472,16251,45.8,648.0
Station_01,Inv_00,20170715,08:52:00,225.5,10.1,2277,220.0,9.8,2156,25472,16251,44.9,658.0
Station_01,Inv_00,20170715,08:53:00,232.0,10.0,2320,220.0,10.0,2200,25472,16251,46.1,657.0
Station_01,Inv_00,20170715,08:54:00,231.5,10.1,2338,220.0,10.0,2200,25472,16251,47.1,662.0
Station_01,Inv_00,20170715,08:55:00,228.5,10.1,2308,220.0,9.9,2178,25472,16251,46.4,659.0
Station_01,Inv_00,20170715,08:56:00,231.0,10.0,2310,220.0,10.0,2200,25472,16251,48.1,660.0
Station_01,Inv_00,20170715,08:57:00,233.0,10.0,2330,220.0,10.1,2222,25472,16251,48.0,664.0
Station_01,Inv_00,20170715,08:58:00,230.0,10.3,2369,219.0,10.1,2212,25472,16251,48.3,670.0
Station_01,Inv_00,20170715,08:59:00,228.5,10.3,2353,220.0,10.2,2244,25472,16251,47.7,675.0
Station_01,Inv_00,20170715,09:00:00,227.5,10.5,2389,220.0,10.3,2266,25472,16251,47.0,677.0
Station_01,Inv_00,20170715,09:01:00,230.5,10.3,2374,220.0,10.2,2244,25472,16251,48.3,674.0
Station_01,Inv_00,20170715,09:02:00,229.5,10.4,2387,221.0,10.3,2276,25472,16251,47.0,679.0
Station_01,Inv_00,20170715,09:03:00,232.0,10.3,2390,221.0,10.3,2276,25472,16251,47.3,676.0
Station_01,Inv_00,20170715,09:04:00,224.5,10.7,2402,220.0,10.2,2244,25472,16251,47.6,682.0
Station_01,Inv_00,20170715,09:05:00,232.0,10.4,2413,220.0,10.4,2288,25473,16252,48.5,688.0
Station_01,Inv_00,20170715,09:06:00,229.0,10.5,2404,220.0,10.3,2266,25473,16252,48.7,683.0
Station_01,Inv_00,20170715,09:07:00,233.0,10.2,2376,220.0,10.2,2244,25473,16252,48.6,692.0
Station_01,Inv_00,20170715,09:08:00,229.0,10.5,2404,220.0,10.3,2266,25473,16252,48.3,682.0
Station_01,Inv_00,20170715,09:09:00,229.0,10.6,2427,220.0,10.4,2288,25473,16252,48.5,706.0
Station_01,Inv_00,20170715,09:10:00,228.4,10.6,2421,221.0,10.4,2298,25473,16252,49.0,690.0
Station_01,Inv_00,20170715,09:11:00,230.5,10.4,2397,220.0,10.3,2266,25473,16252,49.0,688.0
Station_01,Inv_00,20170715,09:12:00,227.5,10.3,2343,220.0,10.1,2222,25473,16252,48.7,674.0
Station_01,Inv_00,20170715,09:13:00,232.0,10.0,2320,220.0,10.0,2200,25473,16252,48.9,662.0
Station_01,Inv_00,20170715,09:14:00,228.5,9.9,2262,219.0,9.7,2124,25473,16252,49.6,647.0
Station_01,Inv_00,20170715,09:15:00,229.5,10.1,2318,220.0,10.0,2200,25473,16252,48.3,659.0
Station_01,Inv_00,20170715,09:16:00,228.0,9.9,2257,220.0,9.7,2134,25473,16252,47.5,646.0
Station_01,Inv_00,20170715,09:17:00,229.4,10.0,2295,220.0,9.8,2156,25473,16252,47.0,648.0
Station_01,Inv_00,20170715,09:18:00,231.0,9.7,2241,220.0,9.6,2112,25473,16252,48.0,638.0
Station_01,Inv_00,20170715,09:19:00,228.5,10.1,2308,219.0,10.0,2190,25473,16252,46.9,651.0
Station_01,Inv_00,20170715,09:20:00,226.5,10.7,2424,220.0,10.3,2266,25473,16252,47.3,678.0
Station_01,Inv_00,20170715,09:21:00,223.0,10.8,2408,220.0,10.3,2266,25473,16252,47.9,684.0
Station_01,Inv_00,20170715,09:22:00,224.5,10.9,2447,220.0,10.4,2288,25473,16252,49.1,688.0
Station_01,Inv_00,20170715,09:23:00,224.5,11.0,2469,220.0,10.6,2332,25473,16252,48.3,705.0
Station_01,Inv_00,20170715,09:24:00,226.5,11.0,2491,220.0,10.7,2354,25473,16252,49.1,705.0
Station_01,Inv_00,20170715,09:25:00,229.5,10.9,2501,220.0,10.7,2354,25473,16252,48.8,707.0
Station_01,Inv_00,20170715,09:26:00,226.0,11.2,2531,219.0,10.9,2387,25473,16252,48.5,718.0
Station_01,Inv_00,20170715,09:27:00,224.5,11.3,2537,220.0,10.9,2398,25473,16252,49.0,720.0
Station_01,Inv_00,20170715,09:28:00,221.0,11.4,2519,221.0,10.8,2387,25473,16252,49.8,724.0
Station_01,Inv_00,20170715,09:29:00,228.0,11.2,2553,220.0,11.0,2420,25473,16252,48.0,725.0
Station_01,Inv_00,20170715,09:30:00,229.5,11.2,2570,222.0,10.9,2420,25474,16252,48.4,727.0
Station_01,Inv_00,20170715,09:31:00,228.0,11.3,2576,220.0,11.1,2442,25474,16252,48.5,738.0
Station_01,Inv_00,20170715,09:32:00,226.0,11.5,2599,221.0,11.2,2475,25474,16252,48.1,742.0
Station_01,Inv_00,20170715,09:33:00,229.0,11.5,2634,221.0,11.2,2475,25474,16252,48.6,749.0
Station_01,Inv_00,20170715,09:34:00,226.0,11.7,2644,220.0,11.3,2486,25474,16252,48.4,750.0
Station_01,Inv_00,20170715,09:35:00,230.0,11.5,2645,221.0,11.4,2519,25474,16252,48.6,759.0
Station_01,Inv_00,20170715,09:36:00,227.0,11.7,2656,221.0,11.4,2519,25474,16252,48.5,761.0
Station_01,Inv_00,20170715,09:37:00,225.5,11.7,2638,221.0,11.3,2497,25474,16252,48.6,762.0
Station_01,Inv_00,20170715,09:38:00,227.0,11.7,2656,221.0,11.3,2497,25474,16252,49.1,762.0
Station_01,Inv_00,20170715,09:39:00,226.0,11.7,2644,220.0,11.3,2486,25474,16252,50.4,759.0
Station_01,Inv_00,20170715,09:40:00,229.5,11.6,2662,220.0,11.4,2508,25474,16252,50.7,759.0
Station_01,Inv_00,20170715,09:41:00,223.5,11.7,2615,220.0,11.3,2486,25474,16252,49.7,752.0
Station_01,Inv_00,20170715,09:42:00,222.5,11.7,2603,220.0,11.3,2486,25474,16252,51.7,753.0
Station_01,Inv_00,20170715,09:43:00,228.5,11.3,2582,219.0,11.2,2453,25474,16252,50.5,752.0
Station_01,Inv_00,20170715,09:44:00,229.5,11.4,2616,219.0,11.3,2475,25474,16252,51.2,754.0
Station_01,Inv_00,20170715,09:45:00,226.0,11.7,2644,219.0,11.4,2497,25474,16252,50.8,759.0
Station_01,Inv_00,20170715,09:46:00,225.0,11.9,2677,219.0,11.5,2519,25474,16252,50.7,767.0
Station_01,Inv_00,20170715,09:47:00,225.5,11.9,2683,219.0,11.5,2519,25474,16252,50.7,765.0
Station_01,Inv_00,20170715,09:48:00,222.0,12.3,2731,221.0,11.7,2586,25474,16252,51.3,787.0
Station_01,Inv_00,20170715,09:49:00,225.4,12.1,2727,221.0,11.7,2586,25474,16252,51.8,784.0
Station_01,Inv_00,20170715,09:50:00,219.8,8.3,1825,220.0,8.2,1804,25474,16252,51.2,696.0
Station_01,Inv_00,20170715,09:51:00,224.5,12.3,2761,220.0,11.8,2596,25474,16252,50.8,766.0
Station_01,Inv_00,20170715,09:52:00,227.5,12.3,2798,220.0,11.9,2618,25474,16252,52.2,796.0
Station_01,Inv_00,20170715,09:53:00,225.5,12.3,2774,220.0,11.9,2618,25475,16253,52.8,793.0
Station_01,Inv_00,20170715,09:54:00,224.0,12.3,2755,220.0,11.9,2618,25475,16253,52.2,797.0
Station_01,Inv_00,20170715,09:55:00,225.5,12.1,2729,220.0,11.8,2596,25475,16253,53.9,790.0
Station_01,Inv_00,20170715,09:56:00,221.5,12.8,2835,220.0,12.1,2662,25475,16253,52.6,812.0
Station_01,Inv_00,20170715,09:57:00,225.0,12.4,2790,220.0,11.9,2618,25475,16253,52.8,814.0
Station_01,Inv_00,20170715,09:58:00,223.0,12.5,2788,220.0,11.9,2618,25475,16253,52.1,809.0
Station_01,Inv_00,20170715,09:59:00,221.5,12.8,2835,221.0,12.1,2674,25475,16253,52.7,824.0
Station_01,Inv_00,20170715,10:00:00,220.5,12.9,2844,220.0,12.1,2662,25475,16253,53.5,818.0
Station_01,Inv_00,20170715,10:01:00,220.0,12.9,2838,220.0,12.0,2640,25475,16253,53.1,816.0
Station_01,Inv_00,20170715,10:02:00,222.5,13.0,2892,220.0,12.4,2728,25475,16253,52.0,841.0
Station_01,Inv_00,20170715,10:03:00,222.5,13.1,2915,219.0,12.5,2738,25475,16253,52.9,844.0
Station_01,Inv_00,20170715,10:04:00,224.0,13.1,2934,219.0,12.5,2738,25475,16253,52.7,852.0
Station_01,Inv_00,20170715,10:05:00,223.5,10.5,2346,219.0,10.1,2212,25475,16253,52.5,767.0
Station_01,Inv_00,20170715,10:06:00,220.5,12.2,2690,220.0,12.1,2662,25475,16253,50.6,764.0
Station_01,Inv_00,20170715,10:07:00,222.0,13.2,2930,220.0,12.5,2750,25475,16253,53.0,839.0
Station_01,Inv_00,20170715,10:08:00,222.0,13.5,2997,220.0,12.9,2838,25475,16253,52.5,864.0
Station_01,Inv_00,20170715,10:09:00,223.0,13.3,2966,221.0,12.6,2785,25475,16253,51.7,858.0
Station_01,Inv_00,20170715,10:10:00,219.0,13.7,3000,220.0,12.8,2816,25475,16253,54.6,865.0
Station_01,Inv_00,20170715,10:11:00,214.5,9.1,1952,219.0,8.2,1796,25475,16253,53.6,581.0
Station_01,Inv_00,20170715,10:12:00,221.9,13.7,3041,219.0,13.0,2847,25475,16253,53.7,885.0
Station_01,Inv_00,20170715,10:13:00,217.5,9.1,1979,219.0,9.2,2015,25475,16253,53.4,458.0
Station_01,Inv_00,20170715,10:14:00,223.0,4.7,1048,218.0,4.4,959,25475,16253,49.7,322.0
Station_01,Inv_00,20170715,10:15:00,214.5,5.8,1244,218.0,5.4,1177,25475,16253,47.9,398.0
Station_01,Inv_00,20170715,10:16:00,228.5,4.8,1097,218.0,4.6,1003,25475,16253,45.9,337.0
Station_01,Inv_00,20170715,10:17:00,231.0,11.5,2656,219.0,10.8,2365,25476,16254,47.7,727.0
Station_01,Inv_00,20170715,10:18:00,231.4,4.8,1111,218.0,4.6,1003,25476,16254,47.4,463.0
Station_01,Inv_00,20170715,10:19:00,229.0,12.5,2863,219.0,12.2,2672,25476,16254,47.5,699.0
Station_01,Inv_00,20170715,10:20:00,214.5,6.9,1480,218.0,7.4,1613,25476,16254,49.1,811.0
Station_01,Inv_00,20170715,10:21:00,226.5,12.8,2899,219.0,12.7,2781,25476,16254,49.3,875.0
Station_01,Inv_00,20170715,10:22:00,222.9,13.7,3054,219.0,13.0,2847,25476,16254,50.7,846.0
Station_01,Inv_00,20170715,10:23:00,232.0,4.6,1067,218.0,4.6,1003,25476,16254,49.5,370.0
Station_01,Inv_00,20170715,10:24:00,231.0,12.0,2772,219.0,11.7,2562,25476,16254,48.2,559.0
Station_01,Inv_00,20170715,10:25:00,224.5,13.7,3076,220.0,13.2,2904,25476,16254,51.2,871.0
Station_01,Inv_00,20170715,10:26:00,225.5,13.6,3067,219.0,13.2,2891,25476,16254,52.1,878.0
Station_01,Inv_00,20170715,10:27:00,225.0,13.4,3015,220.0,12.9,2838,25476,16254,52.8,868.0
Station_01,Inv_00,20170715,10:28:00,223.0,13.4,2988,220.0,12.9,2838,25476,16254,53.3,867.0
Station_01,Inv_00,20170715,10:29:00,220.0,13.5,2970,219.0,12.7,2781,25476,16254,54.4,859.0
Station_01,Inv_00,20170715,10:30:00,217.0,13.6,2951,221.0,12.6,2785,25476,16254,55.2,859.0
Station_01,Inv_00,20170715,10:31:00,221.5,13.4,2968,220.0,12.7,2794,25476,16254,55.4,862.0
Station_01,Inv_00,20170715,10:32:00,217.5,13.4,2914,220.0,12.4,2728,25476,16254,55.4,848.0
Station_01,Inv_00,20170715,10:33:00,214.0,13.9,2975,220.0,12.7,2794,25476,16254,55.8,864.0
Station_01,Inv_00,20170715,10:34:00,222.0,13.1,2908,220.0,12.4,2728,25476,16254,56.1,850.0
Station_01,Inv_00,20170715,10:35:00,213.5,13.6,2904,220.0,12.5,2750,25476,16254,57.2,853.0
Station_01,Inv_00,20170715,10:36:00,222.0,12.5,2775,219.0,11.7,2562,25476,16254,55.5,773.0
Station_01,Inv_00,20170715,10:37:00,216.5,13.8,2988,219.0,12.8,2803,25476,16254,54.5,869.0
Station_01,Inv_00,20170715,10:38:00,220.0,13.8,3036,219.0,13.1,2869,25476,16254,54.2,887.0
Station_01,Inv_00,20170715,10:39:00,221.0,13.8,3050,218.0,13.1,2856,25477,16254,54.9,888.0
Station_01,Inv_00,20170715,10:40:00,220.0,13.8,3036,218.0,13.0,2834,25477,16254,55.2,884.0
Station_01,Inv_00,20170715,10:41:00,217.0,13.8,2994,218.0,12.9,2812,25477,16254,53.9,881.0
Station_01,Inv_00,20170715,10:42:00,217.5,13.6,2958,219.0,12.7,2781,25477,16254,54.8,876.0
Station_01,Inv_00,20170715,10:43:00,217.4,12.2,2653,218.0,10.8,2354,25477,16254,54.4,694.0
Station_01,Inv_00,20170715,10:44:00,209.9,6.4,1343,217.0,5.6,1215,25477,16254,53.5,566.0
Station_01,Inv_00,20170715,10:45:00,214.5,14.9,3196,219.0,13.6,2978,25477,16254,56.5,919.0
Station_01,Inv_00,20170715,10:46:00,211.5,7.9,1671,219.0,7.0,1533,25477,16254,57.0,612.0
Station_01,Inv_00,20170715,10:47:00,223.4,11.4,2547,220.0,10.7,2354,25477,16254,54.1,526.0
Station_01,Inv_00,20170715,10:48:00,216.5,14.4,3117,219.0,13.4,2935,25477,16254,55.6,919.0
Station_01,Inv_00,20170715,10:49:00,218.0,14.4,3139,219.0,13.4,2935,25477,16254,54.6,919.0
Station_01,Inv_00,20170715,10:50:00,213.5,14.6,3117,219.0,13.4,2935,25477,16254,54.3,931.0
Station_01,Inv_00,20170715,10:51:00,220.0,6.5,1430,218.0,6.1,1330,25477,16254,53.9,431.0
Station_01,Inv_00,20170715,10:52:00,217.0,14.4,3125,219.0,13.2,2891,25477,16254,53.1,722.0
Station_01,Inv_00,20170715,10:53:00,209.0,14.9,3114,218.0,13.4,2921,25477,16254,55.4,927.0
Station_01,Inv_00,20170715,10:54:00,215.0,14.8,3181,218.0,13.7,2987,25477,16254,57.1,930.0
Station_01,Inv_00,20170715,10:55:00,218.0,14.7,3205,218.0,13.8,3008,25477,16254,56.7,944.0
Station_01,Inv_00,20170715,10:56:00,225.5,11.0,2480,217.0,10.7,2322,25477,16254,56.2,489.0
Station_01,Inv_00,20170715,10:57:00,213.5,14.9,3181,219.0,13.7,3000,25477,16254,57.3,933.0
Station_01,Inv_00,20170715,10:58:00,206.0,15.6,3213,219.0,13.8,3022,25477,16254,57.0,948.0
Station_01,Inv_00,20170715,10:59:00,216.5,5.0,1083,219.0,4.7,1029,25477,16254,53.6,482.0
Station_01,Inv_00,20170715,11:00:00,218.5,15.1,3299,219.0,14.2,3110,25477,16254,54.5,674.0
Station_01,Inv_00,20170715,11:01:00,205.7,9.2,1893,217.0,9.7,2105,25478,16255,53.9,814.0
Station_01,Inv_00,20170715,11:02:00,213.0,15.2,3237,219.0,13.6,2978,25478,16255,53.8,755.0
Station_01,Inv_00,20170715,11:03:00,218.5,15.6,3408,219.0,14.6,3197,25478,16255,54.3,981.0
Station_01,Inv_00,20170715,11:04:00,214.8,12.6,2706,219.0,12.2,2672,25478,16255,55.2,952.0
Station_01,Inv_00,20170715,11:05:00,224.4,9.7,2176,218.0,9.4,2049,25478,16255,51.7,650.0
Station_01,Inv_00,20170715,11:06:00,221.4,14.1,3122,219.0,13.4,2935,25478,16255,52.9,902.0
Station_01,Inv_00,20170715,11:07:00,217.0,14.9,3233,220.0,13.8,3036,25478,16255,54.0,930.0
Station_01,Inv_00,20170715,11:08:00,212.5,14.8,3145,219.0,13.4,2935,25478,16255,53.7,930.0
Station_01,Inv_00,20170715,11:09:00,219.5,14.8,3248,219.0,13.9,3044,25478,16255,54.6,953.0
Station_01,Inv_00,20170715,11:10:00,204.5,16.0,3272,219.0,14.0,3066,25478,16255,54.9,981.0
Station_01,Inv_00,20170715,11:11:00,218.0,14.7,3205,219.0,13.8,3022,25478,16255,55.8,965.0
Station_01,Inv_00,20170715,11:12:00,214.4,14.7,3152,219.0,13.6,2978,25478,16255,58.1,942.0
Station_01,Inv_00,20170715,11:13:00,215.0,14.7,3160,218.0,13.6,2965,25478,16255,57.4,938.0
Station_01,Inv_00,20170715,11:14:00,204.5,15.5,3170,219.0,13.6,2978,25478,16255,58.3,954.0
Station_01,Inv_00,20170715,11:15:00,204.5,15.3,3129,219.0,13.4,2935,25478,16255,60.0,946.0
Station_01,Inv_00,20170715,11:16:00,207.5,14.9,3092,219.0,13.3,2913,25478,16255,58.9,934.0
Station_01,Inv_00,20170715,11:17:00,213.5,6.1,1302,219.0,5.8,1270,25478,16255,57.6,530.0
Station_01,Inv_00,20170715,11:18:00,213.5,6.6,1409,218.0,5.8,1264,25478,16255,55.8,365.0
Station_01,Inv_00,20170715,11:19:00,215.5,14.5,3125,220.0,13.4,2948,25478,16255,56.5,924.0
Station_01,Inv_00,20170715,11:20:00,221.5,14.9,3300,220.0,14.0,3080,25478,16255,57.3,969.0
Station_01,Inv_00,20170715,11:21:00,216.5,8.9,1927,219.0,8.7,1905,25478,16255,56.3,721.0
Station_01,Inv_00,20170715,11:22:00,220.9,15.0,3313,220.0,14.1,3102,25479,16256,55.4,955.0
Station_01,Inv_00,20170715,11:23:00,209.0,15.9,3323,221.0,14.1,3116,25479,16256,56.8,996.0
Station_01,Inv_00,20170715,11:24:00,217.0,5.8,1258,219.0,5.3,1161,25479,16256,53.4,386.0
Station_01,Inv_00,20170715,11:25:00,212.0,12.6,2671,219.0,11.2,2453,25479,16256,55.3,808.0
Station_01,Inv_00,20170715,11:26:00,220.0,15.0,3300,220.0,14.0,3080,25479,16256,56.0,960.0
Station_01,Inv_00,20170715,11:27:00,217.5,15.3,3328,220.0,14.1,3102,25479,16256,57.2,968.0
Station_01,Inv_00,20170715,11:28:00,217.0,14.3,3103,220.0,13.3,2926,25479,16256,58.1,938.0
Station_01,Inv_00,20170715,11:29:00,215.0,14.7,3161,220.0,13.4,2948,25479,16256,58.1,928.0
Station_01,Inv_00,20170715,11:30:00,212.5,15.0,3187,219.0,13.6,2978,25479,16256,59.7,954.0
Station_01,Inv_00,20170715,11:31:00,212.0,15.2,3222,221.0,13.8,3050,25479,16256,59.6,960.0
Station_01,Inv_00,20170715,11:32:00,211.5,15.3,3236,221.0,13.8,3050,25479,16256,59.5,965.0
Station_01,Inv_00,20170715,11:33:00,211.0,15.1,3186,220.0,13.7,3014,25479,16256,59.7,954.0
Station_01,Inv_00,20170715,11:34:00,207.5,15.3,3175,220.0,13.5,2970,25479,16256,59.3,960.0
Station_01,Inv_00,20170715,11:35:00,210.5,15.1,3179,221.0,13.5,2984,25479,16256,59.4,953.0
Station_01,Inv_00,20170715,11:36:00,213.5,14.8,3159,221.0,13.4,2961,25479,16256,59.8,944.0
Station_01,Inv_00,20170715,11:37:00,211.0,14.8,3122,220.0,13.4,2948,25479,16256,58.5,940.0
Station_01,Inv_00,20170715,11:38:00,213.0,14.5,3088,219.0,13.3,2913,25479,16256,59.4,931.0
Station_01,Inv_00,20170715,11:39:00,207.5,15.1,3133,219.0,13.4,2935,25479,16256,61.4,934.0
Station_01,Inv_00,20170715,11:40:00,213.5,14.6,3117,219.0,13.4,2935,25479,16256,61.4,942.0
Station_01,Inv_00,20170715,11:41:00,211.4,14.8,3128,219.0,13.4,2935,25479,16256,62.4,943.0
Station_01,Inv_00,20170715,11:42:00,211.5,14.6,3087,219.0,13.3,2913,25480,16256,61.1,928.0
Station_01,Inv_00,20170715,11:43:00,212.0,14.7,3116,219.0,13.4,2935,25480,16256,62.7,933.0
Station_01,Inv_00,20170715,11:44:00,212.5,14.4,3060,219.0,13.2,2891,25480,16256,63.1,922.0
Station_01,Inv_00,20170715,11:45:00,208.5,14.4,3002,219.0,12.9,2825,25480,16256,61.4,925.0
Station_01,Inv_00,20170715,11:46:00,212.0,15.4,3264,220.0,13.9,3058,25480,16256,60.8,978.0
Station_01,Inv_00,20170715,11:47:00,213.9,10.9,2332,220.0,9.3,2046,25480,16256,59.2,720.0
Station_01,Inv_00,20170715,11:48:00,206.5,10.9,2251,220.0,11.4,2508,25480,16256,60.4,783.0
Station_01,Inv_00,20170715,11:49:00,217.0,10.4,2257,219.0,8.7,1905,25480,16256,56.8,532.0
Station_01,Inv_00,20170715,11:50:00,212.0,10.2,2162,218.0,9.8,2136,25480,16256,55.4,587.0
Station_01,Inv_00,20170715,11:51:00,213.5,15.7,3352,219.0,14.3,3132,25480,16256,55.5,837.0
Station_01,Inv_00,20170715,11:52:00,211.5,15.4,3257,220.0,13.9,3058,25480,16256,55.8,960.0
Station_01,Inv_00,20170715,11:53:00,218.9,14.7,3218,220.0,13.8,3036,25480,16256,57.5,941.0
Station_01,Inv_00,20170715,11:54:00,216.5,14.7,3183,219.0,13.6,2978,25480,16256,57.9,941.0
Station_01,Inv_00,20170715,11:55:00,215.0,14.1,3032,219.0,13.0,2847,25480,16256,57.4,914.0
Station_01,Inv_00,20170715,11:56:00,211.0,14.5,3059,220.0,13.1,2882,25480,16256,58.5,905.0
Station_01,Inv_00,20170715,11:57:00,208.0,15.0,3120,219.0,13.4,2935,25480,16256,60.2,922.0
Station_01,Inv_00,20170715,11:58:00,212.0,15.0,3180,221.0,13.6,3006,25480,16256,58.8,945.0
Station_01,Inv_00,20170715,11:59:00,213.0,15.0,3195,221.0,13.5,2984,25480,16256,58.8,939.0
Station_01,Inv_00,20170715,12:00:00,207.0,15.5,3209,221.0,13.7,3028,25480,16256,59.7,964.0
Station_01,Inv_00,20170715,12:01:00,209.0,15.8,3302,218.0,14.2,3096,25480,16256,58.5,985.0
Station_01,Inv_00,20170715,12:02:00,207.5,15.9,3299,218.0,14.2,3096,25481,16257,59.8,989.0
Station_01,Inv_00,20170715,12:03:00,207.5,15.5,3216,218.0,13.9,3030,25481,16257,60.2,952.0
Station_01,Inv_00,20170715,12:04:00,214.5,15.7,3368,218.0,14.4,3139,25481,16257,58.1,999.0
Station_01,Inv_00,20170715,12:05:00,210.5,15.8,3326,218.0,14.3,3117,25481,16257,61.2,995.0
Station_01,Inv_00,20170715,12:06:00,209.0,15.6,3260,218.0,13.9,3030,25481,16257,60.6,999.0
Station_01,Inv_00,20170715,12:07:00,211.5,9.7,2051,219.0,9.3,2037,25481,16257,59.5,724.0
Station_01,Inv_00,20170715,12:08:00,217.9,15.8,3443,219.0,14.7,3219,25481,16257,59.5,859.0
Station_01,Inv_00,20170715,12:09:00,208.8,8.6,1796,218.0,7.9,1722,25481,16257,56.7,614.0
Station_01,Inv_00,20170715,12:10:00,216.9,10.8,2343,218.0,10.0,2180,25481,16257,55.5,508.0
Station_01,Inv_00,20170715,12:11:00,218.5,15.5,3387,218.0,14.6,3183,25481,16257,56.7,982.0
Station_01,Inv_00,20170715,12:12:00,218.5,15.1,3299,218.0,14.1,3074,25481,16257,58.8,963.0
Station_01,Inv_00,20170715,12:13:00,206.5,15.9,3283,219.0,14.1,3088,25481,16257,59.0,974.0
Station_01,Inv_00,20170715,12:14:00,215.5,15.0,3232,218.0,14.0,3052,25481,16257,61.2,963.0
Station_01,Inv_00,20170715,12:15:00,213.5,15.2,3245,218.0,14.0,3052,25481,16257,63.3,969.0
Station_01,Inv_00,20170715,12:16:00,212.5,14.2,3017,218.0,13.0,2834,25481,16257,63.6,934.0
Station_01,Inv_00,20170715,12:17:00,209.5,7.0,1466,217.0,6.6,1432,25481,16257,61.4,662.0
Station_01,Inv_00,20170715,12:18:00,213.9,12.3,2631,217.0,11.5,2496,25481,16257,60.0,758.0
Station_01,Inv_00,20170715,12:19:00,217.5,14.6,3175,217.0,13.7,2973,25481,16257,59.6,929.0
Station_01,Inv_00,20170715,12:20:00,216.5,14.0,3031,218.0,13.2,2878,25481,16257,58.4,916.0
Station_01,Inv_00,20170715,12:21:00,211.5,14.4,3045,218.0,13.3,2899,25481,16257,57.1,909.0
Station_01,Inv_00,20170715,12:22:00,211.5,12.1,2559,218.0,10.5,2289,25481,16257,57.4,856.0
Station_01,Inv_00,20170715,12:23:00,222.0,6.0,1332,218.0,5.8,1264,25482,16258,55.2,442.0
Station_01,Inv_00,20170715,12:24:00,204.0,15.8,3223,219.0,13.8,3022,25482,16258,55.8,917.0
Station_01,Inv_00,20170715,12:25:00,215.5,15.6,3361,218.0,14.4,3139,25482,16258,58.6,1000.0
Station_01,Inv_00,20170715,12:26:00,216.0,5.4,1166,217.0,5.0,1085,25482,16258,55.8,377.0
Station_01,Inv_00,20170715,12:27:00,224.0,4.7,1053,216.0,4.5,972,25482,16258,53.6,316.0
Station_01,Inv_00,20170715,12:28:00,219.0,4.4,963,217.0,4.1,890,25482,16258,51.4,291.0
Station_01,Inv_00,20170715,12:29:00,217.6,4.3,936,218.0,4.0,872,25482,16258,50.5,279.0
Station_01,Inv_00,20170715,12:30:00,227.4,4.2,955,218.0,4.0,872,25482,16258,49.2,276.0
Station_01,Inv_00,20170715,12:31:00,227.0,4.2,953,218.0,4.1,894,25482,16258,47.9,282.0
Station_01,Inv_00,20170715,12:32:00,226.4,4.3,974,218.0,4.1,894,25482,16258,46.9,284.0
Station_01,Inv_00,20170715,12:33:00,230.5,4.2,968,218.0,4.1,894,25482,16258,45.6,283.0
Station_01,Inv_00,20170715,12:34:00,216.9,4.6,998,217.0,4.4,955,25482,16258,44.1,299.0
Station_01,Inv_00,20170715,12:35:00,220.5,6.0,1323,218.0,5.5,1199,25482,16258,43.6,412.0
Station_01,Inv_00,20170715,12:36:00,226.5,15.6,3533,219.0,15.1,3307,25482,16258,46.9,948.0
Station_01,Inv_00,20170715,12:37:00,221.0,16.8,3713,218.0,16.0,3488,25482,16258,50.4,1040.0
Station_01,Inv_00,20170715,12:38:00,213.5,17.4,3715,218.0,15.9,3466,25482,16258,52.3,1057.0
Station_01,Inv_00,20170715,12:39:00,221.0,16.0,3536,218.0,15.3,3335,25482,16258,55.6,1031.0
Station_01,Inv_00,20170715,12:40:00,217.7,10.6,2308,219.0,10.7,2343,25482,16258,54.8,790.0
Station_01,Inv_00,20170715,12:41:00,215.9,15.4,3325,220.0,14.0,3080,25482,16258,54.2,747.0
Station_01,Inv_00,20170715,12:42:00,219.5,6.1,1339,219.0,5.8,1270,25482,16258,52.0,412.0
Station_01,Inv_00,20170715,12:43:00,225.4,5.6,1262,219.0,5.3,1161,25482,16258,50.3,368.0
Station_01,Inv_00,20170715,12:44:00,228.0,5.5,1254,219.0,5.3,1161,25482,16258,47.7,355.0
Station_01,Inv_00,20170715,12:45:00,226.5,7.5,1699,219.0,7.3,1599,25482,16258,47.2,417.0
Station_01,Inv_00,20170715,12:46:00,231.5,5.8,1343,219.0,5.6,1226,25482,16258,46.7,379.0
Station_01,Inv_00,20170715,12:47:00,233.0,6.1,1421,220.0,6.2,1364,25482,16258,46.7,421.0
Station_01,Inv_00,20170715,12:48:00,229.4,6.1,1400,220.0,5.9,1298,25482,16258,45.7,397.0
Station_01,Inv_00,20170715,12:49:00,225.5,6.2,1398,219.0,5.9,1292,25482,16258,46.5,392.0
Station_01,Inv_00,20170715,12:50:00,232.5,6.2,1441,219.0,6.1,1336,25482,16258,46.2,399.0
Station_01,Inv_00,20170715,12:51:00,234.4,6.6,1547,219.0,6.6,1445,25482,16258,45.9,428.0
Station_01,Inv_00,20170715,12:52:00,231.0,15.6,3603,220.0,15.4,3388,25482,16258,49.0,909.0
Station_01,Inv_00,20170715,12:53:00,222.5,15.8,3515,220.0,15.0,3300,25482,16258,51.7,995.0
Station_01,Inv_00,20170715,12:54:00,221.0,15.9,3514,220.0,14.9,3278,25483,16258,52.1,992.0
Station_01,Inv_00,20170715,12:55:00,215.4,14.5,3123,219.0,13.5,2957,25483,16258,53.6,960.0
Station_01,Inv_00,20170715,12:56:00,213.0,8.1,1725,218.0,7.5,1635,25483,16258,54.4,614.0
Station_01,Inv_00,20170715,12:57:00,204.5,14.6,2986,221.0,13.5,2984,25483,16258,55.0,927.0
Station_01,Inv_00,20170715,12:58:00,213.4,7.4,1579,220.0,6.9,1518,25483,16258,54.8,529.0
Station_01,Inv_00,20170715,12:59:00,224.9,6.4,1440,218.0,6.2,1352,25483,16258,52.1,421.0
Station_01,Inv_00,20170715,13:00:00,222.8,5.9,1315,218.0,5.6,1221,25483,16258,51.0,378.0
Station_01,Inv_00,20170715,13:01:00,220.0,5.5,1210,217.0,5.3,1150,25483,16258,49.8,357.0
Station_01,Inv_00,20170715,13:02:00,222.0,5.5,1221,218.0,5.2,1134,25483,16258,48.9,350.0
Station_01,Inv_00,20170715,13:03:00,220.0,5.6,1232,218.0,5.4,1177,25483,16258,47.9,358.0
Station_01,Inv_00,20170715,13:04:00,228.4,6.1,1393,218.0,5.9,1286,25483,16258,47.2,382.0
Station_01,Inv_00,20170715,13:05:00,221.5,15.4,3411,219.0,14.6,3197,25483,16258,49.9,899.0
Station_01,Inv_00,20170715,13:06:00,221.5,15.2,3366,218.0,14.4,3139,25483,16258,53.3,941.0
Station_01,Inv_00,20170715,13:07:00,222.5,6.5,1446,219.0,6.3,1380,25483,16258,53.6,554.0
Station_01,Inv_00,20170715,13:08:00,224.5,13.7,3076,220.0,13.1,2882,25483,16258,54.1,807.0
Station_01,Inv_00,20170715,13:09:00,215.4,15.1,3253,220.0,13.9,3058,25483,16258,56.6,933.0
Station_01,Inv_00,20170715,13:10:00,217.0,6.4,1389,218.0,6.1,1330,25483,16258,53.9,439.0
Station_01,Inv_00,20170715,13:11:00,213.0,6.3,1342,218.0,5.8,1264,25483,16258,52.7,399.0
Station_01,Inv_00,20170715,13:12:00,226.5,6.1,1382,219.0,5.8,1270,25483,16258,51.6,388.0
Station_01,Inv_00,20170715,13:13:00,224.5,5.6,1257,219.0,5.5,1205,25483,16258,50.9,366.0
Station_01,Inv_00,20170715,13:14:00,227.0,5.0,1135,218.0,4.9,1068,25483,16258,49.7,329.0
Station_01,Inv_00,20170715,13:15:00,229.3,4.4,1009,219.0,4.2,920,25483,16258,47.8,290.0
Station_01,Inv_00,20170715,13:16:00,231.5,3.9,903,217.0,3.9,846,25483,16258,45.5,259.0
Station_01,Inv_00,20170715,13:17:00,231.4,3.4,787,218.0,3.6,785,25483,16258,45.1,233.0
Station_01,Inv_00,20170715,13:18:00,231.5,3.3,764,218.0,3.4,741,25483,16258,44.0,223.0
Station_01,Inv_00,20170715,13:19:00,231.9,3.2,742,217.0,3.3,716,25483,16258,42.6,216.0
Station_01,Inv_00,20170715,13:20:00,219.0,3.3,723,218.0,3.1,676,25483,16258,42.3,213.0
Station_01,Inv_00,20170715,13:21:00,234.4,3.4,797,218.0,3.6,785,25483,16258,41.6,226.0
Station_01,Inv_00,20170715,13:22:00,234.5,4.0,938,218.0,3.9,850,25483,16258,40.8,252.0
Station_01,Inv_00,20170715,13:23:00,231.5,4.5,1042,218.0,4.3,937,25483,16258,41.0,282.0
Station_01,Inv_00,20170715,13:24:00,239.4,4.6,1101,219.0,4.7,1029,25483,16258,40.8,304.0
Station_01,Inv_00,20170715,13:25:00,237.5,4.7,1116,219.0,4.7,1029,25483,16258,40.7,306.0
Station_01,Inv_00,20170715,13:26:00,237.3,6.7,1590,219.0,6.8,1489,25483,16258,41.3,387.0
Station_01,Inv_00,20170715,13:27:00,234.9,5.2,1222,218.0,5.1,1112,25483,16258,41.8,339.0
Station_01,Inv_00,20170715,13:28:00,237.0,5.3,1256,218.0,5.3,1155,25483,16258,41.2,334.0
Station_01,Inv_00,20170715,13:29:00,238.5,6.3,1502,220.0,6.5,1430,25483,16258,41.2,382.0
Station_01,Inv_00,20170715,13:30:00,234.5,12.7,2978,221.0,12.8,2829,25483,16258,43.9,796.0
Station_01,Inv_00,20170715,13:31:00,231.0,13.2,3049,220.0,12.9,2838,25484,16259,45.8,822.0
Station_01,Inv_00,20170715,13:32:00,229.5,9.9,2272,219.0,9.8,2146,25484,16259,45.9,634.0
Station_01,Inv_00,20170715,13:33:00,212.0,5.0,1060,218.0,4.7,1025,25484,16259,46.9,460.0
Station_01,Inv_00,20170715,13:34:00,233.0,4.2,978,219.0,4.1,898,25484,16259,45.4,284.0
Station_01,Inv_00,20170715,13:35:00,230.0,3.8,874,219.0,3.9,854,25484,16259,44.2,258.0
Station_01,Inv_00,20170715,13:36:00,236.0,3.3,779,220.0,3.5,770,25484,16259,43.3,231.0
Station_01,Inv_00,20170715,13:37:00,233.0,3.0,699,220.0,3.1,682,25484,16259,42.5,210.0
Station_01,Inv_00,20170715,13:38:00,228.0,2.8,638,219.0,2.8,613,25484,16259,42.1,194.0
Station_01,Inv_00,20170715,13:39:00,230.5,2.8,645,219.0,2.8,613,25484,16259,41.9,190.0
Station_01,Inv_00,20170715,13:40:00,236.5,2.6,615,219.0,2.7,591,25484,16259,41.3,183.0
Station_01,Inv_00,20170715,13:41:00,232.5,2.5,581,219.0,2.5,548,25484,16259,40.3,177.0
Station_01,Inv_00,20170715,13:42:00,232.5,2.4,558,219.0,2.5,548,25484,16259,40.0,171.0
Station_01,Inv_00,20170715,13:43:00,234.9,2.4,564,218.0,2.5,545,25484,16259,39.6,170.0
Station_01,Inv_00,20170715,13:44:00,234.8,2.6,611,219.0,2.6,569,25484,16259,39.3,174.0
Station_01,Inv_00,20170715,13:45:00,240.0,2.5,600,219.0,2.6,569,25484,16259,39.1,174.0
Station_01,Inv_00,20170715,13:46:00,233.4,2.5,583,219.0,2.5,548,25484,16259,39.2,172.0
Station_01,Inv_00,20170715,13:47:00,232.7,2.6,605,219.0,2.5,548,25484,16259,39.1,173.0
Station_01,Inv_00,20170715,13:48:00,233.2,2.6,606,219.0,2.7,591,25484,16259,38.0,182.0
Station_01,Inv_00,20170715,13:49:00,236.4,3.0,709,219.0,3.1,679,25484,16259,38.0,198.0
Station_01,Inv_00,20170715,13:50:00,220.0,3.3,726,219.0,3.1,679,25484,16259,38.1,214.0
Station_01,Inv_00,20170715,13:51:00,239.0,3.5,836,219.0,3.6,788,25484,16259,38.3,232.0
Station_01,Inv_00,20170715,13:52:00,233.7,3.8,888,220.0,3.9,858,25484,16259,38.3,256.0
Station_01,Inv_00,20170715,13:53:00,243.4,4.1,998,219.0,4.1,898,25484,16259,38.8,272.0
Station_01,Inv_00,20170715,13:54:00,236.5,4.3,1017,219.0,4.2,920,25484,16259,38.7,282.0
Station_01,Inv_00,20170715,13:55:00,241.5,4.2,1014,219.0,4.3,942,25484,16259,39.0,281.0
Station_01,Inv_00,20170715,13:56:00,243.0,4.8,1166,220.0,4.9,1078,25484,16259,39.3,308.0
Station_01,Inv_00,20170715,13:57:00,240.8,6.6,1589,220.0,6.9,1518,25484,16259,40.3,516.0
Station_01,Inv_00,20170715,13:58:00,240.0,4.4,1056,220.0,4.6,1012,25484,16259,40.3,305.0
Station_01,Inv_00,20170715,13:59:00,239.0,4.2,1004,220.0,4.1,902,25484,16259,39.8,283.0
Station_01,Inv_00,20170715,14:00:00,239.0,3.9,932,219.0,3.9,854,25484,16259,39.8,264.0
Station_01,Inv_00,20170715,14:01:00,238.0,3.9,928,220.0,4.0,880,25484,16259,39.8,258.0
Station_01,Inv_00,20170715,14:02:00,236.0,4.0,944,221.0,4.0,884,25484,16259,39.6,261.0
Station_01,Inv_00,20170715,14:03:00,243.5,4.0,974,220.0,4.1,902,25484,16259,39.4,270.0
Station_01,Inv_00,20170715,14:04:00,239.0,4.2,1004,220.0,4.1,902,25484,16259,39.8,276.0
Station_01,Inv_00,20170715,14:05:00,238.5,4.3,1026,218.0,4.3,937,25484,16259,39.9,279.0
Station_01,Inv_00,20170715,14:06:00,238.0,4.2,999,218.0,4.3,937,25484,16259,40.2,283.0
Station_01,Inv_00,20170715,14:07:00,238.3,4.4,1049,218.0,4.4,959,25484,16259,40.5,286.0
Station_01,Inv_00,20170715,14:08:00,232.8,4.8,1118,217.0,4.8,1042,25484,16259,40.7,305.0
Station_01,Inv_00,20170715,14:09:00,235.0,5.4,1269,218.0,5.5,1199,25484,16259,41.2,339.0
Station_01,Inv_00,20170715,14:10:00,231.5,9.1,2107,218.0,9.1,1984,25484,16259,42.0,430.0
Station_01,Inv_00,20170715,14:11:00,234.0,7.8,1825,219.0,8.1,1774,25484,16259,45.4,635.0
Station_01,Inv_00,20170715,14:12:00,231.5,8.6,1991,219.0,8.4,1840,25484,16259,46.2,570.0
Station_01,Inv_00,20170715,14:13:00,233.4,10.0,2335,219.0,10.2,2234,25484,16259,47.8,662.0
Station_01,Inv_00,20170715,14:14:00,237.4,9.5,2256,219.0,9.7,2124,25484,16259,50.1,636.0
Station_01,Inv_00,20170715,14:15:00,232.7,6.9,1606,219.0,6.9,1511,25484,16259,49.8,453.0
Station_01,Inv_00,20170715,14:16:00,231.5,6.2,1435,218.0,6.2,1352,25484,16259,46.8,403.0
Station_01,Inv_00,20170715,14:17:00,234.5,5.9,1384,218.0,6.0,1308,25484,16259,44.9,384.0
Station_01,Inv_00,20170715,14:18:00,227.5,6.1,1388,218.0,5.9,1286,25484,16259,44.8,377.0
Station_01,Inv_00,20170715,14:19:00,233.4,6.1,1424,218.0,6.0,1308,25484,16259,44.0,380.0
Station_01,Inv_00,20170715,14:20:00,230.5,5.9,1360,218.0,5.9,1286,25484,16259,44.4,379.0
Station_01,Inv_00,20170715,14:21:00,236.5,5.7,1348,219.0,5.7,1248,25484,16259,43.9,364.0
Station_01,Inv_00,20170715,14:22:00,237.5,5.9,1401,218.0,5.9,1286,25484,16259,42.8,370.0
Station_01,Inv_00,20170715,14:23:00,235.0,5.8,1363,217.0,5.8,1259,25485,16259,42.5,373.0
Station_01,Inv_00,20170715,14:24:00,229.0,5.5,1260,217.0,5.3,1150,25485,16259,42.1,346.0
Station_01,Inv_00,20170715,14:25:00,231.3,5.2,1203,217.0,5.1,1107,25485,16259,42.8,325.0
Station_01,Inv_00,20170715,14:26:00,238.4,4.8,1144,217.0,4.9,1063,25485,16259,42.7,313.0
Station_01,Inv_00,20170715,14:27:00,235.9,4.4,1038,217.0,4.4,955,25485,16259,43.2,291.0
Station_01,Inv_00,20170715,14:28:00,235.0,4.3,1011,217.0,4.2,911,25485,16259,42.8,278.0
Station_01,Inv_00,20170715,14:29:00,234.5,4.2,985,218.0,4.1,894,25485,16259,42.1,268.0
Station_01,Inv_00,20170715,14:30:00,234.3,4.0,937,217.0,4.1,890,25485,16259,40.5,269.0
Station_01,Inv_00,20170715,14:31:00,238.5,3.8,906,215.0,3.9,839,25485,16259,40.0,250.0
Station_01,Inv_00,20170715,14:32:00,232.5,3.9,907,218.0,4.0,872,25485,16259,39.5,247.0
Station_01,Inv_00,20170715,14:33:00,235.0,3.7,870,218.0,3.8,828,25485,16259,39.4,237.0
Station_01,Inv_00,20170715,14:34:00,239.5,4.1,982,218.0,4.1,894,25485,16259,39.5,260.0
Station_01,Inv_00,20170715,14:35:00,235.9,4.6,1085,218.0,4.7,1025,25485,16259,40.1,291.0
Station_01,Inv_00,20170715,14:36:00,236.4,9.3,2198,219.0,9.5,2081,25485,16259,41.2,513.0
Station_01,Inv_00,20170715,14:37:00,233.2,4.2,979,218.0,4.1,894,25485,16259,40.9,317.0
Station_01,Inv_00,20170715,14:38:00,237.0,4.0,948,218.0,4.0,872,25485,16259,40.5,259.0
Station_01,Inv_00,20170715,14:39:00,229.5,4.0,918,218.0,3.9,850,25485,16259,39.5,264.0
Station_01,Inv_00,20170715,14:40:00,240.4,4.0,962,217.0,4.1,890,25485,16259,39.1,265.0
Station_01,Inv_00,20170715,14:41:00,237.5,4.4,1045,218.0,4.5,981,25485,16259,39.3,286.0
Station_01,Inv_00,20170715,14:42:00,237.5,5.0,1188,218.0,5.1,1112,25485,16259,39.7,315.0
Station_01,Inv_00,20170715,14:43:00,239.0,5.3,1267,219.0,5.5,1205,25485,16259,40.2,346.0
Station_01,Inv_00,20170715,14:44:00,236.5,5.4,1277,218.0,5.6,1221,25485,16259,40.2,393.0
Station_01,Inv_00,20170715,14:45:00,242.5,6.0,1455,220.0,6.1,1342,25485,16259,41.1,381.0
Station_01,Inv_00,20170715,14:46:00,237.5,5.8,1378,219.0,5.9,1292,25485,16259,41.2,373.0
Station_01,Inv_00,20170715,14:47:00,238.0,8.5,2023,219.0,8.6,1883,25485,16259,42.8,574.0
Station_01,Inv_00,20170715,14:48:00,233.5,8.2,1914,218.0,7.9,1722,25485,16259,42.9,450.0
Station_01,Inv_00,20170715,14:49:00,234.5,10.5,2462,219.0,10.5,2300,25485,16259,44.0,661.0
Station_01,Inv_00,20170715,14:50:00,235.0,7.3,1715,219.0,7.6,1664,25485,16259,45.2,534.0
Station_01,Inv_00,20170715,14:51:00,231.4,12.1,2800,219.0,12.0,2628,25485,16259,45.6,737.0
Station_01,Inv_00,20170715,14:52:00,230.5,12.0,2766,219.0,11.8,2584,25485,16259,47.6,765.0
Station_01,Inv_00,20170715,14:53:00,235.0,9.1,2139,219.0,9.2,2015,25485,16259,47.4,602.0
Station_01,Inv_00,20170715,14:54:00,231.5,9.9,2292,219.0,9.8,2146,25485,16259,47.5,659.0
Station_01,Inv_00,20170715,14:55:00,226.0,10.7,2418,219.0,10.4,2278,25485,16259,50.0,677.0
Station_01,Inv_00,20170715,14:56:00,219.5,11.7,2568,221.0,10.9,2409,25485,16259,48.9,709.0
Station_01,Inv_00,20170715,14:57:00,219.5,11.9,2612,219.0,11.3,2475,25485,16259,49.7,741.0
Station_01,Inv_00,20170715,14:58:00,225.5,10.9,2458,219.0,10.7,2343,25485,16259,50.1,708.0
Station_01,Inv_00,20170715,14:59:00,224.5,10.6,2380,219.0,10.3,2256,25485,16259,49.8,697.0
Station_01,Inv_00,20170715,15:00:00,226.5,11.2,2537,220.0,10.9,2398,25485,16259,50.4,702.0
Station_01,Inv_00,20170715,15:01:00,225.5,11.1,2503,220.0,10.8,2376,25486,16260,49.8,701.0
Station_01,Inv_00,20170715,15:02:00,226.0,11.5,2599,219.0,11.2,2453,25486,16260,50.8,714.0
Station_01,Inv_00,20170715,15:03:00,225.0,11.8,2655,219.0,11.4,2497,25486,16260,50.8,732.0
Station_01,Inv_00,20170715,15:04:00,227.5,11.4,2594,219.0,11.1,2431,25486,16260,49.7,714.0
Station_01,Inv_00,20170715,15:05:00,221.5,11.7,2591,221.0,11.0,2431,25486,16260,50.0,714.0
Station_01,Inv_00,20170715,15:06:00,224.5,11.7,2627,221.0,11.3,2497,25486,16260,51.2,721.0
Station_01,Inv_00,20170715,15:07:00,221.5,11.7,2592,220.0,11.2,2464,25486,16260,52.1,721.0
Station_01,Inv_00,20170715,15:08:00,226.5,11.3,2559,220.0,11.0,2420,25486,16260,52.5,709.0
Station_01,Inv_00,20170715,15:09:00,226.5,7.2,1631,219.0,6.9,1511,25486,16260,51.9,477.0
Station_01,Inv_00,20170715,15:10:00,223.5,10.9,2436,219.0,10.5,2300,25486,16260,51.4,673.0
Station_01,Inv_00,20170715,15:11:00,225.0,9.7,2183,219.0,9.5,2081,25486,16260,52.9,622.0
Station_01,Inv_00,20170715,15:12:00,226.5,8.2,1857,219.0,8.1,1774,25486,16260,51.2,544.0
Station_01,Inv_00,20170715,15:13:00,229.4,5.7,1308,220.0,5.6,1232,25486,16260,49.4,372.0
Station_01,Inv_00,20170715,15:14:00,233.0,4.8,1118,219.0,4.6,1007,25486,16260,49.2,313.0
Station_01,Inv_00,20170715,15:15:00,229.9,4.8,1104,218.0,4.7,1025,25486,16260,47.3,301.0
Station_01,Inv_00,20170715,15:16:00,231.4,5.0,1157,219.0,4.8,1051,25486,16260,47.2,306.0
Station_01,Inv_00,20170715,15:17:00,230.3,5.0,1152,219.0,4.8,1051,25486,16260,46.1,306.0
Station_01,Inv_00,20170715,15:18:00,228.9,5.6,1282,219.0,5.3,1161,25486,16260,45.5,337.0
Station_01,Inv_00,20170715,15:19:00,221.9,5.2,1154,219.0,5.0,1095,25486,16260,45.0,336.0
Station_01,Inv_00,20170715,15:20:00,237.9,5.3,1261,219.0,5.1,1117,25486,16260,44.2,311.0
Station_01,Inv_00,20170715,15:21:00,233.0,6.7,1561,220.0,6.6,1452,25486,16260,43.7,404.0
Station_01,Inv_00,20170715,15:22:00,236.4,4.7,1111,219.0,4.8,1051,25486,16260,43.2,340.0
Station_01,Inv_00,20170715,15:23:00,233.2,5.1,1189,219.0,5.0,1095,25486,16260,41.5,342.0
Station_01,Inv_00,20170715,15:24:00,227.3,5.4,1228,220.0,5.3,1166,25486,16260,40.6,336.0
Station_01,Inv_00,20170715,15:25:00,239.0,4.8,1147,219.0,4.8,1051,25486,16260,40.0,295.0
Station_01,Inv_00,20170715,15:26:00,240.0,4.3,1032,220.0,4.3,946,25486,16260,39.1,269.0
Station_01,Inv_00,20170715,15:27:00,241.0,4.0,964,218.0,4.1,894,25486,16260,38.4,253.0
Station_01,Inv_00,20170715,15:28:00,230.0,3.8,874,219.0,3.8,832,25486,16260,37.8,230.0
Station_01,Inv_00,20170715,15:29:00,206.4,3.6,743,219.0,3.2,701,25486,16260,36.4,217.0
Station_01,Inv_00,20170715,15:30:00,229.5,3.3,757,219.0,3.3,723,25486,16260,35.8,204.0
Station_01,Inv_00,20170715,15:31:00,229.5,3.2,734,220.0,3.2,704,25486,16260,35.9,197.0
Station_01,Inv_00,20170715,15:32:00,240.5,3.0,721,220.0,3.2,704,25486,16260,35.4,192.0
Station_01,Inv_00,20170715,15:33:00,243.9,2.8,683,220.0,3.1,682,25486,16260,35.3,185.0
Station_01,Inv_00,20170715,15:34:00,238.5,2.8,668,220.0,2.9,638,25486,16260,35.2,177.0
Station_01,Inv_00,20170715,15:35:00,233.5,2.6,607,220.0,2.6,572,25486,16260,35.5,162.0
Station_01,Inv_00,20170715,15:36:00,238.0,2.2,524,220.0,2.4,528,25486,16260,35.2,147.0
Station_01,Inv_00,20170715,15:37:00,237.7,2.0,475,219.0,2.2,482,25486,16260,34.8,140.0
Station_01,Inv_00,20170715,15:38:00,236.6,1.9,450,219.0,2.0,438,25486,16260,34.2,131.0
Station_01,Inv_00,20170715,15:39:00,235.5,1.8,424,218.0,1.9,414,25486,16260,33.3,122.0
Station_01,Inv_00,20170715,15:40:00,209.2,1.8,377,218.0,1.7,371,25486,16260,33.1,115.0
Station_01,Inv_00,20170715,15:41:00,237.6,1.5,356,218.0,1.6,349,25486,16260,32.7,105.0
Station_01,Inv_00,20170715,15:42:00,227.5,1.2,273,218.0,1.3,283,25486,16260,32.1,86.0
Station_01,Inv_00,20170715,15:43:00,234.2,0.9,211,218.0,1.1,240,25486,16260,31.5,70.0
Station_01,Inv_00,20170715,15:44:00,225.1,0.8,180,219.0,1.0,219,25486,16260,31.0,60.0
Station_01,Inv_00,20170715,15:45:00,221.0,0.6,133,218.0,0.8,174,25486,16260,30.5,54.0
Station_01,Inv_00,20170715,15:46:00,214.5,0.6,129,219.0,0.8,175,25486,16260,29.9,53.0
Station_01,Inv_00,20170715,15:47:00,223.0,0.5,112,218.0,0.7,153,25486,16260,29.5,50.0
Station_01,Inv_00,20170715,15:48:00,227.4,0.5,114,220.0,0.7,154,25486,16260,28.9,49.0
Station_01,Inv_00,20170715,15:49:00,203.3,0.4,81,219.0,0.5,110,25486,16260,28.5,46.0
Station_01,Inv_00,20170715,15:50:00,215.0,0.4,86,219.0,0.5,110,25486,16260,28.2,41.0
Station_01,Inv_00,20170715,15:51:00,222.5,0.4,89,218.0,0.5,109,25486,16260,28.0,38.0
Station_01,Inv_00,20170715,15:52:00,211.3,0.3,63,218.0,0.5,109,25486,16260,27.7,40.0
Station_01,Inv_00,20170715,15:53:00,165.0,0.3,50,218.0,0.5,109,25486,16260,27.2,38.0
Station_01,Inv_00,20170715,15:54:00,196.7,0.3,59,218.0,0.5,109,25486,16260,26.9,39.0
Station_01,Inv_00,20170715,15:55:00,221.3,0.4,89,218.0,0.5,109,25486,16260,26.7,40.0
Station_01,Inv_00,20170715,15:56:00,220.5,0.4,88,219.0,0.5,110,25486,16260,26.5,42.0
Station_01,Inv_00,20170715,15:57:00,228.3,0.3,69,220.0,0.5,110,25486,16260,26.3,42.0
Station_01,Inv_00,20170715,15:58:00,223.0,0.4,89,220.0,0.5,110,25486,16260,26.2,41.0
Station_01,Inv_00,20170715,15:59:00,226.5,0.4,91,218.0,0.5,109,25486,16260,26.1,42.0
Station_01,Inv_00,20170715,16:00:00,232.0,0.4,93,218.0,0.5,109,25486,16260,26.0,44.0
Station_01,Inv_00,20170715,16:01:00,190.0,0.4,76,218.0,0.5,109,25486,16260,25.9,45.0
Station_01,Inv_00,20170715,16:02:00,171.8,0.5,86,218.0,0.5,109,25486,16260,25.9,48.0
Station_01,Inv_00,20170715,16:03:00,220.5,0.6,132,218.0,0.7,153,25486,16260,25.9,50.0
Station_01,Inv_00,20170715,16:04:00,231.5,0.6,139,219.0,0.7,153,25486,16260,25.8,52.0
Station_01,Inv_00,20170715,16:05:00,230.0,0.6,138,219.0,0.7,153,25486,16260,25.8,52.0
Station_01,Inv_00,20170715,16:06:00,232.4,0.5,116,220.0,0.7,154,25486,16260,25.6,51.0
Station_01,Inv_00,20170715,16:07:00,227.0,0.5,114,218.0,0.6,131,25486,16260,25.6,50.0
Station_01,Inv_00,20170715,16:08:00,219.0,0.6,131,218.0,0.6,131,25486,16260,25.5,48.0
Station_01,Inv_00,20170715,16:09:00,170.3,0.4,68,218.0,0.5,109,25486,16260,25.3,47.0
Station_01,Inv_00,20170715,16:10:00,211.6,0.5,106,218.0,0.6,131,25486,16260,25.2,48.0
Station_01,Inv_00,20170715,16:11:00,217.4,0.5,109,218.0,0.6,131,25486,16260,25.1,49.0
Station_01,Inv_00,20170715,16:12:00,211.4,0.5,106,218.0,0.6,131,25486,16260,25.0,50.0
Station_01,Inv_00,20170715,16:13:00,216.6,0.5,108,219.0,0.6,131,25486,16260,24.9,52.0
Station_01,Inv_00,20170715,16:14:00,233.0,0.5,117,218.0,0.6,131,25486,16260,24.8,50.0
Station_01,Inv_00,20170715,16:15:00,222.4,0.5,111,218.0,0.6,131,25487,16261,24.8,50.0
Station_01,Inv_00,20170715,16:16:00,222.8,0.5,111,218.0,0.6,131,25487,16261,24.8,49.0
Station_01,Inv_00,20170715,16:17:00,220.0,0.6,132,218.0,0.6,131,25487,16261,24.7,48.0
Station_01,Inv_00,20170715,16:18:00,226.0,0.5,113,218.0,0.6,131,25487,16261,24.7,48.0
Station_01,Inv_00,20170715,16:19:00,225.0,0.4,90,218.0,0.6,131,25487,16261,24.8,48.0
Station_01,Inv_00,20170715,16:20:00,215.0,0.4,86,218.0,0.6,131,25487,16261,24.8,48.0
Station_01,Inv_00,20170715,16:21:00,214.4,0.5,107,218.0,0.6,131,25487,16261,24.8,48.0
Station_01,Inv_00,20170715,16:22:00,213.0,0.5,107,218.0,0.5,109,25487,16261,24.9,48.0
Station_01,Inv_00,20170715,16:23:00,230.0,0.5,115,220.0,0.6,132,25487,16261,25.0,48.0
Station_01,Inv_00,20170715,16:24:00,235.0,0.5,118,220.0,0.6,132,25487,16261,25.0,48.0
Station_01,Inv_00,20170715,16:25:00,222.0,0.5,111,218.0,0.6,131,25487,16261,25.0,49.0
Station_01,Inv_00,20170715,16:26:00,219.5,0.6,132,219.0,0.6,131,25487,16261,25.1,48.0
Station_01,Inv_00,20170715,16:27:00,229.0,0.4,92,218.0,0.6,131,25487,16261,25.1,49.0
Station_01,Inv_00,20170715,16:28:00,223.8,0.5,112,220.0,0.6,132,25487,16261,25.2,49.0
Station_01,Inv_00,20170715,16:29:00,222.4,0.5,111,220.0,0.6,132,25487,16261,25.3,49.0
Station_01,Inv_00,20170715,16:30:00,226.0,0.4,90,220.0,0.6,132,25487,16261,25.5,49.0
Station_01,Inv_00,20170715,16:31:00,224.0,0.5,112,220.0,0.5,110,25487,16261,25.5,49.0
Station_01,Inv_00,20170715,16:32:00,226.6,0.5,113,220.0,0.6,132,25487,16261,25.6,49.0
Station_01,Inv_00,20170715,16:33:00,200.0,0.5,100,220.0,0.6,132,25487,16261,25.6,48.0
Station_01,Inv_00,20170715,16:34:00,210.0,0.5,105,219.0,0.6,131,25487,16261,25.6,48.0
Station_01,Inv_00,20170715,16:35:00,225.5,0.4,90,219.0,0.5,110,25487,16261,25.6,47.0
Station_01,Inv_00,20170715,16:36:00,218.5,0.4,87,218.0,0.5,109,25487,16261,25.6,45.0
Station_01,Inv_00,20170715,16:37:00,222.0,0.4,89,218.0,0.5,109,25487,16261,25.5,45.0
Station_01,Inv_00,20170715,16:38:00,221.0,0.4,88,218.0,0.5,109,25487,16261,25.5,44.0
Station_01,Inv_00,20170715,16:39:00,227.0,0.4,91,219.0,0.5,110,25487,16261,25.6,44.0
Station_01,Inv_00,20170715,16:40:00,233.0,0.4,93,218.0,0.5,109,25487,16261,25.6,51.0
Station_01,Inv_00,20170715,16:41:00,224.0,0.4,90,218.0,0.5,109,25487,16261,25.6,45.0
Station_01,Inv_00,20170715,16:42:00,224.0,0.4,90,219.0,0.5,110,25487,16261,25.6,45.0
Station_01,Inv_00,20170715,16:43:00,222.0,0.4,89,218.0,0.5,109,25487,16261,25.6,46.0
Station_01,Inv_00,20170715,16:44:00,218.0,0.4,87,219.0,0.5,110,25487,16261,25.7,44.0
Station_01,Inv_00,20170715,16:45:00,205.0,0.4,82,220.0,0.5,110,25487,16261,25.7,43.0
Station_01,Inv_00,20170715,16:46:00,217.0,0.3,65,219.0,0.5,110,25487,16261,25.7,42.0
Station_01,Inv_00,20170715,16:47:00,205.0,0.4,82,218.0,0.5,109,25487,16261,25.7,41.0
Station_01,Inv_00,20170715,16:48:00,225.5,0.4,90,218.0,0.5,109,25487,16261,25.7,42.0
Station_01,Inv_00,20170715,16:49:00,211.0,0.4,84,218.0,0.5,109,25487,16261,25.8,43.0
Station_01,Inv_00,20170715,16:50:00,219.0,0.4,88,218.0,0.5,109,25487,16261,25.7,43.0
Station_01,Inv_00,20170715,16:51:00,223.3,0.3,67,217.0,0.5,109,25487,16261,25.7,44.0
Station_01,Inv_00,20170715,16:52:00,216.0,0.4,86,217.0,0.5,109,25487,16261,25.7,43.0
Station_01,Inv_00,20170715,16:53:00,213.0,0.4,85,218.0,0.5,109,25487,16261,25.7,58.0
Station_01,Inv_00,20170715,16:54:00,220.5,0.4,88,218.0,0.5,109,25487,16261,25.7,43.0
Station_01,Inv_00,20170715,16:55:00,216.0,0.4,86,218.0,0.5,109,25487,16261,25.6,43.0
Station_01,Inv_00,20170715,16:56:00,220.0,0.4,88,220.0,0.5,110,25487,16261,25.7,43.0
Station_01,Inv_00,20170715,16:57:00,221.5,0.4,89,219.0,0.5,110,25487,16261,25.6,60.0
Station_01,Inv_00,20170715,16:58:00,231.0,0.4,92,218.0,0.5,109,25487,16261,25.6,43.0
Station_01,Inv_00,20170715,16:59:00,210.0,0.4,84,218.0,0.5,109,25487,16261,25.6,43.0
Station_01,Inv_00,20170715,17:00:00,230.0,0.4,92,218.0,0.5,109,25487,16261,25.6,43.0
Station_01,Inv_00,20170715,17:01:00,219.0,0.4,88,218.0,0.5,109,25487,16261,25.6,54.0
Station_01,Inv_00,20170715,17:02:00,219.5,0.4,88,218.0,0.5,109,25487,16261,25.6,43.0
Station_01,Inv_00,20170715,17:03:00,211.5,0.4,85,219.0,0.5,110,25487,16261,25.7,45.0
Station_01,Inv_00,20170715,17:04:00,226.5,0.4,91,220.0,0.5,110,25487,16261,25.6,44.0
Station_01,Inv_00,20170715,17:05:00,220.0,0.4,88,220.0,0.5,110,25487,16261,25.6,43.0
Station_01,Inv_00,20170715,17:06:00,220.0,0.4,88,217.0,0.5,109,25487,16261,25.6,56.0
Station_01,Inv_00,20170715,17:07:00,211.0,0.4,84,216.0,0.5,108,25487,16261,25.7,47.0
Station_01,Inv_00,20170715,17:08:00,214.0,0.4,86,216.0,0.5,108,25487,16261,25.6,57.0
Station_01,Inv_00,20170715,17:09:00,226.5,0.4,91,216.0,0.5,108,25487,16261,25.6,56.0
Station_01,Inv_00,20170715,17:10:00,205.5,0.4,82,216.0,0.5,108,25487,16261,25.6,58.0
Station_01,Inv_00,20170715,17:11:00,226.5,0.4,91,216.0,0.5,108,25487,16261,25.6,44.0
Station_01,Inv_00,20170715,17:12:00,208.0,0.4,83,216.0,0.5,108,25487,16261,25.6,45.0
Station_01,Inv_00,20170715,17:13:00,220.8,0.4,88,216.0,0.5,108,25487,16261,25.7,45.0
Station_01,Inv_00,20170715,17:14:00,210.0,0.4,84,217.0,0.5,109,25487,16261,25.7,45.0
Station_01,Inv_00,20170715,17:15:00,225.0,0.5,113,216.0,0.5,108,25487,16261,25.8,45.0
Station_01,Inv_00,20170715,17:16:00,222.0,0.4,89,216.0,0.5,108,25487,16261,25.8,45.0
Station_01,Inv_00,20170715,17:17:00,228.0,0.4,91,216.0,0.5,108,25487,16261,25.9,46.0
Station_01,Inv_00,20170715,17:18:00,224.5,0.4,90,216.0,0.5,108,25487,16261,25.9,47.0
Station_01,Inv_00,20170715,17:19:00,214.0,0.5,107,216.0,0.5,108,25487,16261,26.0,48.0
Station_01,Inv_00,20170715,17:20:00,230.0,0.4,92,216.0,0.5,108,25487,16261,26.1,47.0
Station_01,Inv_00,20170715,17:21:00,216.0,0.4,86,216.0,0.5,108,25487,16261,26.3,47.0
Station_01,Inv_00,20170715,17:22:00,226.8,0.5,113,216.0,0.5,108,25487,16261,26.4,47.0
Station_01,Inv_00,20170715,17:23:00,221.0,0.4,88,216.0,0.5,108,25487,16261,26.5,47.0
Station_01,Inv_00,20170715,17:24:00,230.0,0.4,92,217.0,0.5,109,25487,16261,26.6,46.0
Station_01,Inv_00,20170715,17:25:00,227.0,0.4,91,217.0,0.5,109,25487,16261,26.7,46.0
Station_01,Inv_00,20170715,17:26:00,226.0,0.4,90,216.0,0.5,108,25487,16261,26.8,46.0
Station_01,Inv_00,20170715,17:27:00,215.5,0.4,86,216.0,0.5,108,25487,16261,26.9,46.0
Station_01,Inv_00,20170715,17:28:00,226.0,0.4,90,216.0,0.5,108,25487,16261,27.0,46.0
Station_01,Inv_00,20170715,17:29:00,206.0,0.4,82,217.0,0.5,109,25487,16261,27.1,45.0
Station_01,Inv_00,20170715,17:30:00,217.0,0.4,87,217.0,0.5,109,25487,16261,27.2,45.0
Station_01,Inv_00,20170715,17:31:00,204.0,0.4,82,217.0,0.5,109,25487,16261,27.3,45.0
Station_01,Inv_00,20170715,17:32:00,219.3,0.3,66,217.0,0.5,109,25487,16261,27.5,44.0
Station_01,Inv_00,20170715,17:33:00,217.0,0.3,65,217.0,0.5,109,25487,16261,27.5,44.0
Station_01,Inv_00,20170715,17:34:00,199.0,0.4,80,217.0,0.5,109,25487,16261,27.5,44.0
Station_01,Inv_00,20170715,17:35:00,216.3,0.3,65,215.0,0.5,108,25487,16261,27.5,44.0
Station_01,Inv_00,20170715,17:36:00,201.0,0.4,80,215.0,0.5,108,25487,16261,27.6,45.0
Station_01,Inv_00,20170715,17:37:00,189.0,0.4,76,215.0,0.5,108,25487,16261,27.6,45.0
Station_01,Inv_00,20170715,17:38:00,173.3,0.3,52,216.0,0.5,108,25487,16261,27.6,58.0
Station_01,Inv_00,20170715,17:39:00,214.3,0.3,64,216.0,0.5,108,25487,16261,27.5,45.0
Station_01,Inv_00,20170715,17:40:00,219.0,0.3,66,216.0,0.5,108,25487,16261,27.5,44.0
Station_01,Inv_00,20170715,17:41:00,183.8,0.4,74,217.0,0.5,109,25487,16261,27.5,44.0
Station_01,Inv_00,20170715,17:42:00,186.5,0.4,75,216.0,0.5,108,25487,16261,27.5,44.0
Station_01,Inv_00,20170715,17:43:00,218.5,0.4,87,217.0,0.5,109,25487,16261,27.5,45.0
Station_01,Inv_00,20170715,17:44:00,226.0,0.4,90,217.0,0.5,109,25487,16261,27.5,45.0
Station_01,Inv_00,20170715,17:45:00,215.5,0.4,86,216.0,0.5,108,25487,16261,27.4,46.0
Station_01,Inv_00,20170715,17:46:00,218.0,0.4,87,217.0,0.5,109,25487,16261,27.4,46.0
Station_01,Inv_00,20170715,17:47:00,150.0,0.4,60,217.0,0.5,109,25487,16261,27.5,46.0
Station_01,Inv_00,20170715,17:48:00,199.8,0.5,100,217.0,0.5,109,25487,16261,27.5,47.0
Station_01,Inv_00,20170715,17:49:00,210.0,0.4,84,216.0,0.5,108,25487,16261,27.5,48.0
Station_01,Inv_00,20170715,17:50:00,229.0,0.4,92,216.0,0.6,130,25487,16261,27.6,49.0
Station_01,Inv_00,20170715,17:51:00,215.8,0.5,108,217.0,0.6,130,25487,16261,27.6,50.0
Station_01,Inv_00,20170715,17:52:00,221.4,0.5,111,218.0,0.6,131,25487,16261,27.7,52.0
Station_01,Inv_00,20170715,17:53:00,205.0,0.5,103,216.0,0.6,130,25487,16261,27.7,52.0
Station_01,Inv_00,20170715,17:54:00,214.2,0.5,107,217.0,0.6,130,25487,16261,27.7,53.0
Station_01,Inv_00,20170715,17:55:00,217.7,0.6,131,217.0,0.7,152,25487,16261,27.8,54.0
Station_01,Inv_00,20170715,17:56:00,214.0,0.6,128,217.0,0.7,152,25487,16261,27.8,55.0
Station_01,Inv_00,20170715,17:57:00,226.4,0.7,159,217.0,0.8,174,25487,16261,27.9,56.0
Station_01,Inv_00,20170715,17:58:00,215.0,0.7,151,216.0,0.8,173,25487,16261,27.9,57.0
Station_01,Inv_00,20170715,17:59:00,200.0,0.7,140,216.0,0.8,173,25487,16261,27.9,58.0
Station_01,Inv_00,20170715,18:00:00,213.0,0.7,149,218.0,0.8,174,25487,16261,28.0,59.0
Station_01,Inv_00,20170715,18:01:00,226.0,0.7,158,218.0,0.9,196,25487,16261,28.1,59.0
Station_01,Inv_00,20170715,18:02:00,221.4,0.7,155,217.0,0.9,195,25487,16261,28.1,61.0
Station_01,Inv_00,20170715,18:03:00,219.4,0.7,154,217.0,1.0,217,25487,16261,28.3,65.0
Station_01,Inv_00,20170715,18:04:00,230.9,0.9,208,217.0,1.0,217,25487,16261,28.3,69.0
Station_01,Inv_00,20170715,18:05:00,225.5,1.0,226,217.0,1.1,239,25487,16261,28.5,73.0
Station_01,Inv_00,20170715,18:06:00,230.2,1.1,253,217.0,1.2,260,25487,16261,28.6,79.0
Station_01,Inv_00,20170715,18:07:00,237.0,1.2,284,217.0,1.3,282,25487,16261,28.7,85.0
Station_01,Inv_00,20170715,18:08:00,234.7,1.3,305,217.0,1.4,304,25487,16261,28.8,90.0
Station_01,Inv_00,20170715,18:09:00,237.8,1.3,309,216.0,1.4,302,25487,16261,29.0,95.0
Station_01,Inv_00,20170715,18:10:00,233.3,1.4,327,216.0,1.5,324,25487,16261,29.1,99.0
Station_01,Inv_00,20170715,18:11:00,229.1,1.5,344,217.0,1.5,326,25487,16261,29.3,102.0
Station_01,Inv_00,20170715,18:12:00,239.5,1.6,383,216.0,1.6,346,25487,16261,29.5,105.0
Station_01,Inv_00,20170715,18:13:00,242.5,1.6,388,217.0,1.7,369,25487,16261,29.7,107.0
Station_01,Inv_00,20170715,18:14:00,243.5,1.6,390,217.0,1.7,369,25487,16261,29.8,111.0
Station_01,Inv_00,20170715,18:15:00,241.9,1.7,411,217.0,1.8,391,25487,16261,30.0,114.0
Station_01,Inv_00,20170715,18:16:00,230.3,1.8,415,216.0,1.9,410,25487,16261,30.2,119.0
Station_01,Inv_00,20170715,18:17:00,239.5,1.9,455,216.0,2.0,432,25487,16261,30.4,122.0
Station_01,Inv_00,20170715,18:18:00,239.5,2.0,479,216.0,2.0,432,25487,16261,30.6,127.0
Station_01,Inv_00,20170715,18:19:00,237.5,2.0,475,216.0,2.0,432,25487,16261,30.8,131.0
Station_01,Inv_00,20170715,18:20:00,246.5,2.0,493,218.0,2.1,458,25487,16261,30.9,132.0
Station_01,Inv_00,20170715,18:21:00,237.5,2.1,499,217.0,2.1,456,25487,16261,31.1,133.0
Station_01,Inv_00,20170715,18:22:00,239.9,2.1,504,217.0,2.2,477,25487,16261,31.3,132.0
Station_01,Inv_00,20170715,18:23:00,237.0,2.1,498,217.0,2.2,477,25487,16261,31.2,131.0
Station_01,Inv_00,20170715,18:24:00,242.5,2.0,485,217.0,2.1,456,25487,16261,31.3,129.0
Station_01,Inv_00,20170715,18:25:00,241.5,2.0,483,218.0,2.1,458,25487,16261,31.3,128.0
Station_01,Inv_00,20170715,18:26:00,237.0,1.9,450,217.0,2.1,456,25487,16261,31.4,127.0
Station_01,Inv_00,20170715,18:27:00,239.5,1.9,455,218.0,2.0,436,25487,16261,31.5,124.0
Station_01,Inv_00,20170715,18:28:00,240.3,1.9,457,218.0,2.0,436,25487,16261,31.6,121.0
Station_01,Inv_00,20170715,18:29:00,236.5,1.8,426,218.0,1.9,414,25487,16261,31.6,117.0
Station_01,Inv_00,20170715,18:30:00,234.0,1.8,421,218.0,1.8,392,25487,16261,31.5,113.0
Station_01,Inv_00,20170715,18:31:00,218.0,1.7,371,217.0,1.7,369,25487,16261,31.5,108.0
Station_01,Inv_00,20170715,18:32:00,240.0,1.6,384,217.0,1.6,347,25487,16261,31.5,103.0
Station_01,Inv_00,20170715,18:33:00,228.5,1.5,343,217.0,1.5,326,25487,16261,31.5,98.0
Station_01,Inv_00,20170715,18:34:00,229.1,1.4,321,216.0,1.5,324,25487,16261,31.5,94.0
Station_01,Inv_00,20170715,18:35:00,222.5,1.3,289,217.0,1.4,304,25487,16261,31.5,89.0
Station_01,Inv_00,20170715,18:36:00,237.1,1.2,285,216.0,1.4,302,25487,16261,31.5,84.0
Station_01,Inv_00,20170715,18:37:00,237.5,1.2,285,216.0,1.3,281,25487,16261,31.4,80.0
Station_01,Inv_00,20170715,18:38:00,223.0,1.1,245,218.0,1.2,262,25487,16261,31.2,75.0
Station_01,Inv_00,20170715,18:39:00,234.0,0.9,211,218.0,1.1,240,25487,16261,31.0,70.0
Station_01,Inv_00,20170715,18:40:00,234.5,0.8,188,217.0,1.0,217,25487,16261,30.9,65.0
Station_01,Inv_00,20170715,18:41:00,232.4,0.7,163,217.0,1.0,217,25487,16261,30.7,60.0
Station_01,Inv_00,20170715,18:42:00,227.0,0.7,159,216.0,0.9,194,25487,16261,30.5,57.0
Station_01,Inv_00,20170715,18:43:00,220.0,0.6,132,216.0,0.8,173,25487,16261,30.4,53.0
Station_01,Inv_00,20170715,18:44:00,224.0,0.5,112,216.0,0.7,151,25487,16261,30.2,49.0
Station_01,Inv_00,20170715,18:45:00,215.0,0.4,86,216.0,0.6,130,25487,16261,29.9,45.0
Station_01,Inv_00,20170715,18:46:00,218.0,0.4,87,216.0,0.5,108,25487,16261,29.8,40.0
Station_01,Inv_00,20170715,18:47:00,192.0,0.4,77,217.0,0.5,109,25487,16261,29.6,36.0
Station_01,Inv_00,20170715,18:48:00,204.0,0.2,41,218.0,0.4,87,25487,16261,29.3,32.0
Station_01,Inv_00,20170715,18:49:00,210.0,0.2,42,216.0,0.4,86,25487,16261,29.2,28.0
Station_01,Inv_00,20170715,18:50:00,0.0,0.0,0,216.0,0.4,86,25487,16261,29.0,26.0
Station_01,Inv_00,20170715,18:51:00,0.0,0.0,0,216.0,0.3,65,25487,16261,28.9,25.0
Station_01,Inv_00,20170715,18:52:00,0.0,0.0,0,216.0,0.4,86,25487,16261,28.6,25.0
Station_01,Inv_00,20170715,18:53:00,0.0,0.0,0,220.0,0.5,110,25487,16261,28.6,529.0
Station_01,Inv_00,20170715,18:54:00,0.0,0.0,0,0.0,0.0,0,25487,16261,28.3,25.0
Station_01,Inv_00,20170715,18:55:00,0.0,0.0,0,0.0,0.0,0,25487,16261,28.2,522.0
Station_01,Inv_00,20170715,18:56:00,0.0,0.0,0,0.0,0.0,0,25487,16261,28.1,23.0
Station_01,Inv_00,20170715,18:57:00,0.0,0.0,0,0.0,0.0,0,25487,16261,27.9,22.0
Station_01,Inv_00,20170715,18:58:00,0.0,0.0,0,220.0,0.2,44,25487,16261,27.8,515.0
Station_01,Inv_00,20170715,18:59:00,0.0,0.0,0,220.0,0.2,44,25487,16261,27.7,20.0
Station_01,Inv_00,20170715,19:00:00,0.0,0.0,0,220.0,0.2,44,25487,16261,27.6,19.0
Station_01,Inv_00,20170715,19:01:00,0.0,0.0,0,220.0,0.2,44,25487,16261,27.5,19.0
Station_01,Inv_00,20170715,19:02:00,0.0,0.0,0,220.0,0.2,44,25487,16261,27.4,19.0
Station_01,Inv_00,20170715,19:03:00,0.0,0.0,0,220.0,0.2,44,25487,16261,27.3,19.0
Station_01,Inv_00,20170715,19:04:00,0.0,0.0,0,220.0,0.2,44,25487,16261,27.2,19.0
Station_01,Inv_00,20170715,19:05:00,0.0,0.0,0,220.0,0.2,44,25487,16261,27.2,19.0
Station_01,Inv_00,20170715,19:06:00,0.0,0.0,0,220.0,0.2,44,25487,16261,27.1,18.0
Station_01,Inv_00,20170715,19:07:00,0.0,0.0,0,220.0,0.2,44,25487,16261,27.0,18.0
Station_01,Inv_00,20170715,19:08:00,0.0,0.0,0,220.0,0.2,44,25487,16261,27.0,18.0
Station_01,Inv_00,20170715,19:09:00,0.0,0.0,0,220.0,0.2,44,25487,16261,26.9,18.0
Station_01,Inv_00,20170715,19:10:00,0.0,0.0,0,220.0,0.2,44,25487,16261,26.8,18.0
Station_01,Inv_00,20170715,19:11:00,0.0,0.0,0,220.0,0.2,44,25487,16261,26.8,18.0
Station_01,Inv_00,20170715,19:12:00,0.0,0.0,0,220.0,0.2,44,25487,16261,26.8,18.0
Station_01,Inv_00,20170715,19:13:00,0.0,0.0,0,220.0,0.2,44,25487,16261,26.7,18.0
Station_01,Inv_00,20170715,19:14:00,0.0,0.0,0,220.0,0.2,44,25487,16261,26.7,18.0
Station_01,Inv_00,20170715,19:15:00,0.0,0.0,0,220.0,0.2,44,25487,16261,26.6,18.0
Station_01,Inv_00,20170715,19:16:00,0.0,0.0,0,220.0,0.2,44,25487,16261,26.6,18.0
Station_01,Inv_00,20170715,19:17:00,0.0,0.0,0,220.0,0.2,44,25487,16261,26.6,18.0
Station_01,Inv_00,20170715,19:18:00,0.0,0.0,0,220.0,0.2,44,25487,16261,26.6,18.0
Station_01,Inv_00,20170715,19:19:00,0.0,0.0,0,220.0,0.2,44,25487,16261,26.5,18.0
Station_01,Inv_00,20170715,19:20:00,0.0,0.0,0,220.0,0.2,44,25487,16261,26.5,18.0
Station_01,Inv_00,20170715,19:21:00,0.0,0.0,0,220.0,0.2,44,25487,16261,26.5,18.0
Station_01,Inv_00,20170715,19:22:00,0.0,0.0,0,220.0,0.2,44,25487,16261,26.5,18.0
Station_01,Inv_00,20170715,19:23:00,0.0,0.0,0,220.0,0.2,44,25487,16261,26.5,18.0
Station_01,Inv_00,20170715,19:24:00,0.0,0.0,0,220.0,0.2,44,25487,16261,26.6,19.0
Station_01,Inv_00,20170715,19:25:00,0.0,0.0,0,220.0,0.2,44,25487,16261,26.6,19.0
Station_01,Inv_00,20170715,19:26:00,0.0,0.0,0,220.0,0.2,44,25487,16261,26.6,18.0
Station_01,Inv_00,20170715,19:27:00,0.0,0.0,0,220.0,0.2,44,25487,16261,26.6,20.0
Station_01,Inv_00,20170715,19:28:00,0.0,0.0,0,220.0,0.2,44,25487,16261,26.7,19.0
Station_01,Inv_00,20170715,19:29:00,0.0,0.0,0,220.0,0.2,44,25487,16261,26.7,19.0
Station_01,Inv_00,20170715,19:30:00,0.0,0.0,0,220.0,0.2,44,25487,16261,26.8,19.0
Station_01,Inv_00,20170715,19:31:00,0.0,0.0,0,220.0,0.2,44,25487,16261,26.8,19.0
Station_01,Inv_00,20170715,19:32:00,0.0,0.0,0,220.0,0.2,44,25487,16261,26.8,19.0
Station_01,Inv_00,20170715,19:33:00,0.0,0.0,0,220.0,0.2,44,25487,16261,26.8,19.0
Station_01,Inv_00,20170715,19:34:00,0.0,0.0,0,220.0,0.2,44,25487,16261,26.9,19.0
Station_01,Inv_00,20170715,19:35:00,0.0,0.0,0,220.0,0.2,44,25487,16261,26.9,19.0
Station_01,Inv_00,20170715,19:36:00,0.0,0.0,0,220.0,0.2,44,25487,16261,26.9,18.0
Station_01,Inv_00,20170715,19:37:00,0.0,0.0,0,220.0,0.2,44,25487,16261,26.9,18.0
Station_01,Inv_00,20170715,19:38:00,0.0,0.0,0,220.0,0.2,44,25487,16261,26.9,18.0
Station_01,Inv_00,20170715,19:39:00,0.0,0.0,0,220.0,0.2,44,25487,16261,26.9,18.0
Station_01,Inv_00,20170715,19:40:00,0.0,0.0,0,220.0,0.2,44,25487,16261,27.0,18.0
Station_01,Inv_00,20170715,19:41:00,0.0,0.0,0,220.0,0.2,44,25487,16261,26.9,18.0
Station_01,Inv_00,20170715,19:42:00,0.0,0.0,0,220.0,0.2,44,25487,16261,26.9,18.0
Station_01,Inv_00,20170715,19:43:00,0.0,0.0,0,220.0,0.2,44,25487,16261,26.9,18.0
Station_01,Inv_00,20170715,19:44:00,0.0,0.0,0,220.0,0.2,44,25487,16261,26.8,18.0
Station_01,Inv_00,20170715,19:45:00,0.0,0.0,0,220.0,0.2,44,25487,16261,26.8,18.0
Station_01,Inv_00,20170715,19:46:00,0.0,0.0,0,220.0,0.2,44,25487,16261,26.8,19.0
Station_01,Inv_00,20170715,19:47:00,0.0,0.0,0,220.0,0.2,44,25487,16261,26.8,18.0
Station_01,Inv_00,20170715,19:48:00,0.0,0.0,0,220.0,0.2,44,25487,16261,26.7,31.0
Station_01,Inv_00,20170715,19:49:00,0.0,0.0,0,220.0,0.2,44,25487,16261,26.7,31.0
Station_01,Inv_00,20170715,19:50:00,0.0,0.0,0,220.0,0.2,44,25487,16261,26.7,24.0
Station_01,Inv_00,20170715,19:51:00,0.0,0.0,0,220.0,0.2,44,25487,16261,26.7,28.0
Station_01,Inv_00,20170715,19:52:00,0.0,0.0,0,220.0,0.2,44,25487,16261,26.6,32.0
Station_01,Inv_00,20170715,19:53:00,0.0,0.0,0,220.0,0.2,44,25487,16261,26.6,30.0
Station_01,Inv_00,20170715,19:54:00,0.0,0.0,0,220.0,0.2,44,25487,16261,26.6,18.0
Station_01,Inv_00,20170715,19:55:00,0.0,0.0,0,220.0,0.2,44,25487,16261,26.5,22.0
Station_01,Inv_00,20170715,19:56:00,0.0,0.0,0,220.0,0.2,44,25487,16261,26.5,21.0
Station_01,Inv_00,20170715,19:57:00,0.0,0.0,0,220.0,0.2,44,25487,16261,26.4,18.0
Station_01,Inv_00,20170715,19:58:00,0.0,0.0,0,220.0,0.2,44,25487,16261,26.4,18.0
Station_01,Inv_00,20170715,19:59:00,0.0,0.0,0,220.0,0.2,44,25487,16261,26.4,18.0
Station_01,Inv_00,20170715,20:00:00,0.0,0.0,0,220.0,0.2,44,25487,16261,26.4,18.0
