Station_01,Inv_00,20170624,05:00:00,0.0,0.0,0,221.0,0.2,44,25090,16007,25.2,18.0
Station_01,Inv_00,20170624,05:01:00,0.0,0.0,0,221.0,0.2,44,25090,16007,25.2,18.0
Station_01,Inv_00,20170624,05:02:00,0.0,0.0,0,221.0,0.2,44,25090,16007,25.4,18.0
Station_01,Inv_00,20170624,05:03:00,0.0,0.0,0,221.0,0.2,44,25090,16007,25.5,18.0
Station_01,Inv_00,20170624,05:04:00,0.0,0.0,0,221.0,0.2,44,25090,16007,25.5,18.0
Station_01,Inv_00,20170624,05:05:00,0.0,0.0,0,221.0,0.2,44,25090,16007,25.6,18.0
Station_01,Inv_00,20170624,05:06:00,0.0,0.0,0,221.0,0.2,44,25090,16007,25.6,18.0
Station_01,Inv_00,20170624,05:07:00,0.0,0.0,0,221.0,0.2,44,25090,16007,25.7,18.0
Station_01,Inv_00,20170624,05:08:00,0.0,0.0,0,221.0,0.2,44,25090,16007,25.6,19.0
Station_01,Inv_00,20170624,05:09:00,0.0,0.0,0,221.0,0.2,44,25090,16007,25.6,19.0
Station_01,Inv_00,20170624,05:10:00,0.0,0.0,0,221.0,0.2,44,25090,16007,25.5,19.0
Station_01,Inv_00,20170624,05:11:00,0.0,0.0,0,221.0,0.2,44,25090,16007,25.6,20.0
Station_01,Inv_00,20170624,05:12:00,0.0,0.0,0,221.0,0.2,44,25090,16007,25.6,20.0
Station_01,Inv_00,20170624,05:13:00,0.0,0.0,0,221.0,0.2,44,25090,16007,25.7,20.0
Station_01,Inv_00,20170624,05:14:00,0.0,0.0,0,221.0,0.2,44,25090,16007,25.7,21.0
Station_01,Inv_00,20170624,05:15:00,0.0,0.0,0,221.0,0.2,44,25090,16007,25.7,21.0
Station_01,Inv_00,20170624,05:16:00,0.0,0.0,0,221.0,0.2,44,25090,16007,25.7,22.0
Station_01,Inv_00,20170624,05:17:00,0.0,0.0,0,221.0,0.2,44,25090,16007,25.8,23.0
Station_01,Inv_00,20170624,05:18:00,0.0,0.0,0,221.0,0.2,44,25090,16007,25.9,23.0
Station_01,Inv_00,20170624,05:19:00,0.0,0.0,0,221.0,0.2,44,25090,16007,25.9,24.0
Station_01,Inv_00,20170624,05:20:00,0.0,0.0,0,221.0,0.2,44,25090,16007,25.9,25.0
Station_01,Inv_00,20170624,05:21:00,0.0,0.0,0,221.0,0.2,44,25090,16007,26.0,26.0
Station_01,Inv_00,20170624,05:22:00,0.0,0.0,0,224.0,0.5,112,25090,16007,26.0,482.0
Station_01,Inv_00,20170624,05:23:00,0.0,0.0,0,223.0,0.5,112,25090,16007,26.1,28.0
Station_01,Inv_00,20170624,05:24:00,0.0,0.0,0,223.0,0.5,112,25090,16007,26.1,28.0
Station_01,Inv_00,20170624,05:25:00,0.0,0.0,0,221.0,0.5,111,25090,16007,26.1,29.0
Station_01,Inv_00,20170624,05:26:00,0.0,0.0,0,220.0,0.5,110,25090,16007,26.1,483.0
Station_01,Inv_00,20170624,05:27:00,217.5,0.2,44,216.0,0.5,108,25090,16007,26.1,31.0
Station_01,Inv_00,20170624,05:28:00,227.0,0.2,45,217.0,0.4,87,25090,16007,26.1,31.0
Station_01,Inv_00,20170624,05:29:00,227.5,0.2,46,217.0,0.4,87,25090,16007,26.2,32.0
Station_01,Inv_00,20170624,05:30:00,230.0,0.2,46,217.0,0.4,87,25090,16007,26.2,33.0
Station_01,Inv_00,20170624,05:31:00,230.5,0.2,46,216.0,0.4,86,25090,16007,26.2,34.0
Station_01,Inv_00,20170624,05:32:00,216.0,0.3,65,216.0,0.4,86,25090,16007,26.2,35.0
Station_01,Inv_00,20170624,05:33:00,209.0,0.3,63,216.0,0.5,108,25090,16007,26.2,36.0
Station_01,Inv_00,20170624,05:34:00,218.7,0.3,66,216.0,0.4,86,25090,16007,26.2,38.0
Station_01,Inv_00,20170624,05:35:00,213.3,0.3,64,216.0,0.4,86,25090,16007,26.2,39.0
Station_01,Inv_00,20170624,05:36:00,229.0,0.3,69,216.0,0.5,108,25090,16007,26.3,40.0
Station_01,Inv_00,20170624,05:37:00,208.0,0.3,62,216.0,0.5,108,25090,16007,26.3,42.0
Station_01,Inv_00,20170624,05:38:00,182.0,0.3,55,217.0,0.5,109,25090,16007,26.3,44.0
Station_01,Inv_00,20170624,05:39:00,153.5,0.4,61,217.0,0.5,109,25090,16007,26.4,47.0
Station_01,Inv_00,20170624,05:40:00,193.0,0.4,77,217.0,0.5,109,25090,16007,26.3,49.0
Station_01,Inv_00,20170624,05:41:00,196.3,0.3,59,216.0,0.5,108,25090,16007,26.4,51.0
Station_01,Inv_00,20170624,05:42:00,219.3,0.3,66,216.0,0.5,108,25090,16007,26.4,54.0
Station_01,Inv_00,20170624,05:43:00,205.5,0.4,82,216.0,0.5,108,25090,16007,26.5,56.0
Station_01,Inv_00,20170624,05:44:00,226.5,0.4,91,217.0,0.5,109,25090,16007,26.5,60.0
Station_01,Inv_00,20170624,05:45:00,233.5,0.4,93,217.0,0.6,130,25090,16007,26.6,64.0
Station_01,Inv_00,20170624,05:46:00,227.6,0.5,114,217.0,0.6,130,25090,16007,26.7,65.0
Station_01,Inv_00,20170624,05:47:00,228.6,0.5,114,217.0,0.5,109,25090,16007,26.7,64.0
Station_01,Inv_00,20170624,05:48:00,233.4,0.5,117,217.0,0.7,152,25090,16007,26.7,66.0
Station_01,Inv_00,20170624,05:49:00,235.4,0.5,118,218.0,0.7,153,25090,16007,26.8,71.0
Station_01,Inv_00,20170624,05:50:00,228.0,0.5,114,218.0,0.7,153,25090,16007,26.9,76.0
Station_01,Inv_00,20170624,05:51:00,233.5,0.6,140,218.0,0.8,174,25090,16007,27.0,80.0
Station_01,Inv_00,20170624,05:52:00,208.9,0.7,146,217.0,0.7,152,25090,16007,27.1,83.0
Station_01,Inv_00,20170624,05:53:00,237.9,0.7,167,217.0,0.8,174,25090,16007,27.3,86.0
Station_01,Inv_00,20170624,05:54:00,195.0,0.7,137,216.0,0.8,173,25090,16007,27.4,87.0
Station_01,Inv_00,20170624,05:55:00,162.0,0.7,113,215.0,0.7,151,25090,16007,27.5,90.0
Station_01,Inv_00,20170624,05:56:00,173.7,0.7,122,216.0,0.7,151,25090,16007,27.6,94.0
Station_01,Inv_00,20170624,05:57:00,197.4,0.8,158,215.0,0.8,172,25090,16007,27.7,96.0
Station_01,Inv_00,20170624,05:58:00,243.0,0.8,194,217.0,1.0,217,25090,16007,27.9,98.0
Station_01,Inv_00,20170624,05:59:00,243.6,0.8,195,217.0,1.0,217,25090,16007,27.9,99.0
Station_01,Inv_00,20170624,06:00:00,236.8,0.9,213,216.0,1.0,216,25090,16007,28.0,102.0
Station_01,Inv_00,20170624,06:01:00,246.5,0.8,197,217.0,1.0,217,25090,16007,28.2,104.0
Station_01,Inv_00,20170624,06:02:00,246.2,0.9,222,216.0,1.0,216,25090,16007,28.3,106.0
Station_01,Inv_00,20170624,06:03:00,192.0,1.0,192,216.0,1.0,216,25090,16007,28.4,109.0
Station_01,Inv_00,20170624,06:04:00,158.2,1.0,158,216.0,0.9,194,25090,16007,28.4,113.0
Station_01,Inv_00,20170624,06:05:00,225.7,0.9,203,216.0,1.1,238,25090,16007,28.6,117.0
Station_01,Inv_00,20170624,06:06:00,247.5,1.0,248,216.0,1.2,259,25090,16007,28.8,119.0
Station_01,Inv_00,20170624,06:07:00,235.5,1.1,259,216.0,1.2,259,25090,16007,28.9,119.0
Station_01,Inv_00,20170624,06:08:00,224.9,1.1,247,217.0,1.1,239,25090,16007,28.9,118.0
Station_01,Inv_00,20170624,06:09:00,243.5,1.1,268,216.0,1.2,259,25090,16007,29.0,120.0
Station_01,Inv_00,20170624,06:10:00,226.0,1.2,271,217.0,1.2,260,25090,16007,29.1,126.0
Station_01,Inv_00,20170624,06:11:00,160.0,1.2,192,216.0,1.0,216,25090,16007,29.2,133.0
Station_01,Inv_00,20170624,06:12:00,215.0,1.2,258,215.0,1.3,280,25090,16007,29.5,139.0
Station_01,Inv_00,20170624,06:13:00,227.0,1.3,295,215.0,1.5,323,25090,16007,29.6,144.0
Station_01,Inv_00,20170624,06:14:00,249.0,1.4,349,215.0,1.5,323,25090,16007,29.8,149.0
Station_01,Inv_00,20170624,06:15:00,239.5,1.4,335,216.0,1.5,324,25090,16007,29.9,153.0
Station_01,Inv_00,20170624,06:16:00,169.0,1.6,270,216.0,1.3,281,25090,16007,30.1,156.0
Station_01,Inv_00,20170624,06:17:00,201.0,1.6,322,216.0,1.4,302,25090,16007,30.1,159.0
Station_01,Inv_00,20170624,06:18:00,211.9,1.7,360,215.0,1.6,344,25090,16007,30.3,163.0
Station_01,Inv_00,20170624,06:19:00,239.5,1.7,407,215.0,1.8,387,25090,16007,30.6,166.0
Station_01,Inv_00,20170624,06:20:00,247.5,1.7,421,215.0,1.9,409,25090,16007,30.7,169.0
Station_01,Inv_00,20170624,06:21:00,245.4,1.7,417,215.0,1.9,409,25090,16007,30.7,172.0
Station_01,Inv_00,20170624,06:22:00,249.5,1.8,449,215.0,2.0,430,25090,16007,31.0,175.0
Station_01,Inv_00,20170624,06:23:00,251.5,1.8,453,216.0,2.0,432,25090,16007,31.4,178.0
Station_01,Inv_00,20170624,06:24:00,251.5,1.9,478,216.0,2.0,432,25090,16007,31.6,182.0
Station_01,Inv_00,20170624,06:25:00,252.8,1.9,480,215.0,2.1,452,25090,16007,31.7,186.0
Station_01,Inv_00,20170624,06:26:00,251.5,2.0,503,215.0,2.2,473,25090,16007,32.1,189.0
Station_01,Inv_00,20170624,06:27:00,245.8,2.1,516,214.0,2.2,471,25090,16007,32.3,192.0
Station_01,Inv_00,20170624,06:28:00,243.8,2.1,512,215.0,2.3,494,25090,16007,32.3,195.0
Station_01,Inv_00,20170624,06:29:00,250.5,2.0,501,217.0,2.3,499,25090,16007,32.4,197.0
Station_01,Inv_00,20170624,06:30:00,247.0,2.1,519,217.0,2.4,521,25090,16007,32.4,199.0
Station_01,Inv_00,20170624,06:31:00,246.9,2.3,568,217.0,2.4,521,25090,16007,32.6,202.0
Station_01,Inv_00,20170624,06:32:00,246.9,2.3,568,217.0,2.5,543,25090,16007,32.8,206.0
Station_01,Inv_00,20170624,06:33:00,250.0,2.4,600,217.0,2.5,543,25090,16007,32.8,210.0
Station_01,Inv_00,20170624,06:34:00,235.4,2.5,589,217.0,2.5,543,25090,16007,33.2,213.0
Station_01,Inv_00,20170624,06:35:00,243.5,2.5,609,217.0,2.6,564,25090,16007,33.0,216.0
Station_01,Inv_00,20170624,06:36:00,251.4,2.5,629,218.0,2.7,589,25090,16007,33.2,219.0
Station_01,Inv_00,20170624,06:37:00,251.3,2.5,628,218.0,2.7,589,25090,16007,33.3,222.0
Station_01,Inv_00,20170624,06:38:00,245.5,2.7,663,218.0,2.8,610,25090,16007,33.8,225.0
Station_01,Inv_00,20170624,06:39:00,243.5,2.7,657,217.0,2.9,629,25090,16007,34.0,228.0
Station_01,Inv_00,20170624,06:40:00,234.9,2.8,658,217.0,2.9,629,25090,16007,34.0,233.0
Station_01,Inv_00,20170624,06:41:00,245.0,2.8,686,216.0,3.0,648,25090,16007,33.9,236.0
Station_01,Inv_00,20170624,06:42:00,233.4,2.9,677,216.0,3.0,648,25090,16007,34.0,239.0
Station_01,Inv_00,20170624,06:43:00,241.0,2.8,675,217.0,3.1,673,25090,16007,34.3,242.0
Station_01,Inv_00,20170624,06:44:00,244.5,2.9,709,216.0,3.1,670,25090,16007,34.3,246.0
Station_01,Inv_00,20170624,06:45:00,247.9,3.1,769,217.0,3.3,716,25090,16007,34.4,250.0
Station_01,Inv_00,20170624,06:46:00,246.5,3.0,740,217.0,3.3,716,25090,16007,34.7,254.0
Station_01,Inv_00,20170624,06:47:00,250.0,3.2,800,216.0,3.4,734,25090,16007,35.4,257.0
Station_01,Inv_00,20170624,06:48:00,234.0,3.3,772,216.0,3.4,734,25090,16007,35.2,260.0
Station_01,Inv_00,20170624,06:49:00,241.5,3.3,797,217.0,3.5,760,25090,16007,35.7,262.0
Station_01,Inv_00,20170624,06:50:00,241.5,3.4,821,216.0,3.5,756,25090,16007,35.9,265.0
Station_01,Inv_00,20170624,06:51:00,239.9,3.3,792,216.0,3.6,778,25090,16007,36.3,267.0
Station_01,Inv_00,20170624,06:52:00,242.5,3.4,825,216.0,3.6,778,25090,16007,36.6,271.0
Station_01,Inv_00,20170624,06:53:00,245.0,3.4,833,217.0,3.7,803,25090,16007,36.8,274.0
Station_01,Inv_00,20170624,06:54:00,245.0,3.6,882,217.0,3.8,825,25090,16007,36.4,278.0
Station_01,Inv_00,20170624,06:55:00,246.0,3.6,886,218.0,3.9,850,25090,16007,36.9,282.0
Station_01,Inv_00,20170624,06:56:00,235.5,3.8,895,217.0,3.9,846,25090,16007,37.1,284.0
Station_01,Inv_00,20170624,06:57:00,249.0,3.7,921,217.0,3.9,846,25090,16007,36.9,288.0
Station_01,Inv_00,20170624,06:58:00,244.5,3.7,905,217.0,4.0,868,25090,16007,37.4,291.0
Station_01,Inv_00,20170624,06:59:00,250.0,3.8,950,218.0,4.0,872,25090,16007,37.5,295.0
Station_01,Inv_00,20170624,07:00:00,239.0,3.9,932,218.0,4.0,872,25090,16007,37.6,298.0
Station_01,Inv_00,20170624,07:01:00,238.0,4.1,976,218.0,4.1,894,25090,16007,38.1,302.0
Station_01,Inv_00,20170624,07:02:00,242.0,4.1,992,218.0,4.1,894,25090,16007,38.2,303.0
Station_01,Inv_00,20170624,07:03:00,237.0,4.2,995,218.0,4.1,894,25090,16007,38.5,306.0
Station_01,Inv_00,20170624,07:04:00,238.5,4.2,1002,217.0,4.2,911,25090,16007,38.7,308.0
Station_01,Inv_00,20170624,07:05:00,237.0,4.1,972,218.0,4.2,916,25090,16007,38.6,312.0
Station_01,Inv_00,20170624,07:06:00,244.0,4.1,1000,218.0,4.4,959,25090,16007,38.5,315.0
Station_01,Inv_00,20170624,07:07:00,242.5,4.2,1019,218.0,4.4,959,25090,16007,38.6,318.0
Station_01,Inv_00,20170624,07:08:00,241.4,4.3,1038,217.0,4.5,977,25090,16007,39.1,323.0
Station_01,Inv_00,20170624,07:09:00,240.0,4.4,1056,217.0,4.5,977,25090,16007,39.2,328.0
Station_01,Inv_00,20170624,07:10:00,243.0,4.5,1093,217.0,4.7,1020,25090,16007,39.5,334.0
Station_01,Inv_00,20170624,07:11:00,239.0,4.6,1099,216.0,4.7,1015,25090,16007,39.4,340.0
Station_01,Inv_00,20170624,07:12:00,234.0,4.7,1100,216.0,4.8,1037,25090,16007,39.7,345.0
Station_01,Inv_00,20170624,07:13:00,241.5,4.9,1183,216.0,5.0,1080,25090,16007,40.0,352.0
Station_01,Inv_00,20170624,07:14:00,241.5,4.8,1159,217.0,5.1,1107,25090,16007,40.5,354.0
Station_01,Inv_00,20170624,07:15:00,238.4,4.9,1168,215.0,5.1,1097,25090,16007,40.7,357.0
Station_01,Inv_00,20170624,07:16:00,243.0,4.9,1191,216.0,5.2,1123,25090,16007,40.4,362.0
Station_01,Inv_00,20170624,07:17:00,243.5,4.9,1193,216.0,5.2,1123,25090,16007,40.9,362.0
Station_01,Inv_00,20170624,07:18:00,234.0,5.3,1240,216.0,5.2,1123,25090,16007,41.2,366.0
Station_01,Inv_00,20170624,07:19:00,242.9,5.2,1263,218.0,5.3,1155,25090,16007,41.1,370.0
Station_01,Inv_00,20170624,07:20:00,243.5,5.1,1242,218.0,5.4,1177,25090,16007,40.5,375.0
Station_01,Inv_00,20170624,07:21:00,240.5,5.2,1251,218.0,5.4,1177,25090,16007,40.5,379.0
Station_01,Inv_00,20170624,07:22:00,241.5,5.4,1304,217.0,5.5,1194,25091,16008,40.8,382.0
Station_01,Inv_00,20170624,07:23:00,244.0,5.3,1293,218.0,5.6,1221,25091,16008,40.9,385.0
Station_01,Inv_00,20170624,07:24:00,237.5,5.6,1330,217.0,5.6,1215,25091,16008,41.2,386.0
Station_01,Inv_00,20170624,07:25:00,242.0,5.4,1307,217.0,5.7,1237,25091,16008,41.3,390.0
Station_01,Inv_00,20170624,07:26:00,236.5,5.7,1348,217.0,5.6,1215,25091,16008,41.5,394.0
Station_01,Inv_00,20170624,07:27:00,240.0,5.7,1368,218.0,5.8,1264,25091,16008,41.7,398.0
Station_01,Inv_00,20170624,07:28:00,240.5,5.7,1371,218.0,5.8,1264,25091,16008,41.7,398.0
Station_01,Inv_00,20170624,07:29:00,242.0,5.8,1404,218.0,5.9,1286,25091,16008,42.0,405.0
Station_01,Inv_00,20170624,07:30:00,239.5,5.7,1365,218.0,6.0,1308,25091,16008,42.0,409.0
Station_01,Inv_00,20170624,07:31:00,235.4,5.8,1365,219.0,5.9,1292,25091,16008,42.3,409.0
Station_01,Inv_00,20170624,07:32:00,235.5,5.9,1389,219.0,6.1,1336,25091,16008,42.7,416.0
Station_01,Inv_00,20170624,07:33:00,229.0,6.1,1397,218.0,6.0,1308,25091,16008,42.6,417.0
Station_01,Inv_00,20170624,07:34:00,231.5,6.2,1435,218.0,6.1,1330,25091,16008,42.8,421.0
Station_01,Inv_00,20170624,07:35:00,237.5,6.1,1449,217.0,6.2,1345,25091,16008,43.2,422.0
Station_01,Inv_00,20170624,07:36:00,233.5,6.3,1471,218.0,6.2,1352,25091,16008,43.4,428.0
Station_01,Inv_00,20170624,07:37:00,230.0,6.3,1449,218.0,6.3,1373,25091,16008,43.5,429.0
Station_01,Inv_00,20170624,07:38:00,239.0,6.3,1506,218.0,6.5,1417,25091,16008,43.1,438.0
Station_01,Inv_00,20170624,07:39:00,238.4,6.2,1478,218.0,6.4,1395,25091,16008,43.6,435.0
Station_01,Inv_00,20170624,07:40:00,224.5,6.5,1459,218.0,6.3,1373,25091,16008,43.2,440.0
Station_01,Inv_00,20170624,07:41:00,237.0,6.5,1540,218.0,6.7,1461,25091,16008,43.1,446.0
Station_01,Inv_00,20170624,07:42:00,236.5,6.5,1537,218.0,6.5,1417,25091,16008,43.2,447.0
Station_01,Inv_00,20170624,07:43:00,228.0,6.7,1528,218.0,6.6,1439,25091,16008,43.3,455.0
Station_01,Inv_00,20170624,07:44:00,241.0,6.7,1615,218.0,6.8,1482,25091,16008,43.2,459.0
Station_01,Inv_00,20170624,07:45:00,233.0,6.7,1561,218.0,6.8,1482,25091,16008,43.7,459.0
Station_01,Inv_00,20170624,07:46:00,236.5,6.8,1608,218.0,7.0,1526,25091,16008,44.0,467.0
Station_01,Inv_00,20170624,07:47:00,234.0,6.9,1614,218.0,7.0,1526,25091,16008,43.5,471.0
Station_01,Inv_00,20170624,07:48:00,238.0,6.9,1642,218.0,7.1,1548,25091,16008,44.2,471.0
Station_01,Inv_00,20170624,07:49:00,240.4,7.0,1683,218.0,7.2,1570,25091,16008,44.2,479.0
Station_01,Inv_00,20170624,07:50:00,237.5,7.0,1663,218.0,7.2,1570,25091,16008,45.0,479.0
Station_01,Inv_00,20170624,07:51:00,230.0,7.1,1633,218.0,7.2,1570,25091,16008,44.6,484.0
Station_01,Inv_00,20170624,07:52:00,236.0,7.1,1675,218.0,7.2,1570,25091,16008,44.9,480.0
Station_01,Inv_00,20170624,07:53:00,238.0,7.1,1690,218.0,7.4,1613,25091,16008,45.6,492.0
Station_01,Inv_00,20170624,07:54:00,236.0,7.2,1699,217.0,7.3,1584,25091,16008,44.7,495.0
Station_01,Inv_00,20170624,07:55:00,227.0,7.4,1680,219.0,7.2,1577,25091,16008,45.7,495.0
Station_01,Inv_00,20170624,07:56:00,228.5,7.5,1714,220.0,7.4,1628,25091,16008,45.8,502.0
Station_01,Inv_00,20170624,07:57:00,230.9,7.6,1755,220.0,7.6,1672,25091,16008,45.5,508.0
Station_01,Inv_00,20170624,07:58:00,237.0,7.7,1825,220.0,7.7,1694,25091,16008,44.6,516.0
Station_01,Inv_00,20170624,07:59:00,230.0,7.4,1702,220.0,7.3,1606,25091,16008,45.3,502.0
Station_01,Inv_00,20170624,08:00:00,238.5,7.5,1789,220.0,7.7,1694,25091,16008,46.1,515.0
Station_01,Inv_00,20170624,08:01:00,234.0,7.7,1802,220.0,7.7,1694,25092,16009,45.7,520.0
Station_01,Inv_00,20170624,08:02:00,234.0,7.7,1802,220.0,7.7,1694,25092,16009,45.8,520.0
Station_01,Inv_00,20170624,08:03:00,229.5,7.8,1790,220.0,7.7,1694,25092,16009,46.3,522.0
Station_01,Inv_00,20170624,08:04:00,233.0,7.9,1841,220.0,7.8,1716,25092,16009,45.7,528.0
Station_01,Inv_00,20170624,08:05:00,229.5,8.0,1836,219.0,8.0,1752,25092,16009,46.4,531.0
Station_01,Inv_00,20170624,08:06:00,224.0,8.1,1814,219.0,7.9,1730,25092,16009,46.2,533.0
Station_01,Inv_00,20170624,08:07:00,235.0,7.9,1856,219.0,8.0,1752,25092,16009,46.8,532.0
Station_01,Inv_00,20170624,08:08:00,229.0,8.3,1901,219.0,8.2,1796,25092,16009,45.3,551.0
Station_01,Inv_00,20170624,08:09:00,227.5,8.1,1843,218.0,8.1,1766,25092,16009,46.2,545.0
Station_01,Inv_00,20170624,08:10:00,235.9,8.0,1888,218.0,8.2,1788,25092,16009,46.4,544.0
Station_01,Inv_00,20170624,08:11:00,235.0,8.3,1950,218.0,8.3,1809,25092,16009,46.6,549.0
Station_01,Inv_00,20170624,08:12:00,235.5,8.2,1931,218.0,8.3,1809,25092,16009,45.6,555.0
Station_01,Inv_00,20170624,08:13:00,232.5,8.3,1930,218.0,8.3,1809,25092,16009,46.7,553.0
Station_01,Inv_00,20170624,08:14:00,228.5,8.5,1942,219.0,8.3,1818,25092,16009,47.0,557.0
Station_01,Inv_00,20170624,08:15:00,231.0,8.5,1963,219.0,8.5,1862,25092,16009,46.3,568.0
Station_01,Inv_00,20170624,08:16:00,231.0,8.5,1963,219.0,8.5,1862,25092,16009,46.8,567.0
Station_01,Inv_00,20170624,08:17:00,233.0,8.5,1980,218.0,8.6,1875,25092,16009,46.0,570.0
Station_01,Inv_00,20170624,08:18:00,227.0,8.7,1975,218.0,8.5,1853,25092,16009,47.5,568.0
Station_01,Inv_00,20170624,08:19:00,232.0,8.7,2018,218.0,8.7,1897,25092,16009,47.7,571.0
Station_01,Inv_00,20170624,08:20:00,229.5,8.9,2043,218.0,8.7,1897,25092,16009,47.1,583.0
Station_01,Inv_00,20170624,08:21:00,229.0,8.9,2038,221.0,8.7,1923,25092,16009,46.8,586.0
Station_01,Inv_00,20170624,08:22:00,235.0,8.7,2045,220.0,8.7,1914,25092,16009,48.1,582.0
Station_01,Inv_00,20170624,08:23:00,232.0,8.7,2018,221.0,8.7,1923,25092,16009,47.9,579.0
Station_01,Inv_00,20170624,08:24:00,232.0,8.7,2018,221.0,8.7,1923,25092,16009,49.0,583.0
Station_01,Inv_00,20170624,08:25:00,228.0,9.1,2075,220.0,8.8,1936,25092,16009,48.9,589.0
Station_01,Inv_00,20170624,08:26:00,232.5,8.9,2069,222.0,8.8,1954,25092,16009,49.0,589.0
Station_01,Inv_00,20170624,08:27:00,226.0,9.1,2057,221.0,8.8,1945,25092,16009,49.2,593.0
Station_01,Inv_00,20170624,08:28:00,226.0,9.1,2057,220.0,8.8,1936,25092,16009,50.6,591.0
Station_01,Inv_00,20170624,08:29:00,229.9,9.2,2115,221.0,9.0,1989,25092,16009,50.2,600.0
Station_01,Inv_00,20170624,08:30:00,229.5,9.1,2088,220.0,9.0,1980,25092,16009,49.9,595.0
Station_01,Inv_00,20170624,08:31:00,227.0,9.3,2111,221.0,9.1,2011,25092,16009,49.7,601.0
Station_01,Inv_00,20170624,08:32:00,227.0,9.3,2111,220.0,9.1,2002,25093,16009,49.5,607.0
Station_01,Inv_00,20170624,08:33:00,232.0,9.2,2134,220.0,9.3,2046,25093,16009,50.1,609.0
Station_01,Inv_00,20170624,08:34:00,229.5,9.5,2180,220.0,9.4,2068,25093,16009,50.1,619.0
Station_01,Inv_00,20170624,08:35:00,227.9,9.6,2188,222.0,9.3,2065,25093,16009,50.0,619.0
Station_01,Inv_00,20170624,08:36:00,222.5,9.9,2203,221.0,9.3,2055,25093,16009,49.8,633.0
Station_01,Inv_00,20170624,08:37:00,232.0,9.6,2227,220.0,9.6,2112,25093,16009,50.3,636.0
Station_01,Inv_00,20170624,08:38:00,229.4,9.8,2248,221.0,9.6,2122,25093,16009,49.4,642.0
Station_01,Inv_00,20170624,08:39:00,228.0,9.9,2257,220.0,9.7,2134,25093,16009,49.6,640.0
Station_01,Inv_00,20170624,08:40:00,224.0,9.8,2195,220.0,9.5,2090,25093,16009,50.6,635.0
Station_01,Inv_00,20170624,08:41:00,218.0,10.1,2202,220.0,9.5,2090,25093,16009,50.6,640.0
Station_01,Inv_00,20170624,08:42:00,219.0,10.1,2212,220.0,9.4,2068,25093,16009,49.5,641.0
Station_01,Inv_00,20170624,08:43:00,229.0,9.7,2221,220.0,9.7,2134,25093,16009,48.7,645.0
Station_01,Inv_00,20170624,08:44:00,227.0,9.7,2202,222.0,9.4,2087,25093,16009,50.1,631.0
Station_01,Inv_00,20170624,08:45:00,226.5,10.0,2265,221.0,9.8,2166,25093,16009,51.2,646.0
Station_01,Inv_00,20170624,08:46:00,226.5,10.0,2265,221.0,9.8,2166,25093,16009,50.4,650.0
Station_01,Inv_00,20170624,08:47:00,227.5,10.1,2298,220.0,9.8,2156,25093,16009,50.1,651.0
Station_01,Inv_00,20170624,08:48:00,226.0,10.2,2305,220.0,9.9,2178,25093,16009,50.7,664.0
Station_01,Inv_00,20170624,08:49:00,232.5,9.9,2302,220.0,9.8,2156,25093,16009,51.2,656.0
Station_01,Inv_00,20170624,08:50:00,227.5,10.2,2320,221.0,9.9,2188,25093,16009,50.6,659.0
Station_01,Inv_00,20170624,08:51:00,217.0,10.6,2300,221.0,9.8,2166,25093,16009,51.2,662.0
Station_01,Inv_00,20170624,08:52:00,229.0,10.2,2336,222.0,10.0,2220,25093,16009,52.3,667.0
Station_01,Inv_00,20170624,08:53:00,227.0,10.3,2338,221.0,10.0,2210,25093,16009,52.2,673.0
Station_01,Inv_00,20170624,08:54:00,223.0,10.6,2364,222.0,10.0,2220,25093,16009,52.3,672.0
Station_01,Inv_00,20170624,08:55:00,227.9,10.4,2371,222.0,10.1,2242,25093,16009,51.5,683.0
Station_01,Inv_00,20170624,08:56:00,224.5,10.5,2357,222.0,10.1,2242,25093,16009,51.2,678.0
Station_01,Inv_00,20170624,08:57:00,228.5,10.4,2376,219.0,10.3,2256,25093,16009,50.7,684.0
Station_01,Inv_00,20170624,08:58:00,227.0,10.7,2429,219.0,10.4,2278,25093,16009,50.5,691.0
Station_01,Inv_00,20170624,08:59:00,227.0,10.6,2406,219.0,10.4,2278,25094,16010,51.1,692.0
Station_01,Inv_00,20170624,09:00:00,226.0,10.5,2373,219.0,10.3,2256,25094,16010,52.5,688.0
Station_01,Inv_00,20170624,09:01:00,223.0,10.9,2431,218.0,10.5,2289,25094,16010,51.4,696.0
Station_01,Inv_00,20170624,09:02:00,228.5,10.7,2445,217.0,10.6,2300,25094,16010,53.1,700.0
Station_01,Inv_00,20170624,09:03:00,224.5,10.9,2447,220.0,10.5,2310,25094,16010,52.1,705.0
Station_01,Inv_00,20170624,09:04:00,228.0,10.8,2462,221.0,10.6,2343,25094,16010,51.9,711.0
Station_01,Inv_00,20170624,09:05:00,224.0,11.0,2464,221.0,10.6,2343,25094,16010,50.7,709.0
Station_01,Inv_00,20170624,09:06:00,225.5,11.1,2503,220.0,10.7,2354,25094,16010,53.0,712.0
Station_01,Inv_00,20170624,09:07:00,225.0,11.1,2498,221.0,10.7,2365,25094,16010,53.4,714.0
Station_01,Inv_00,20170624,09:08:00,218.5,11.5,2513,220.0,10.7,2354,25094,16010,53.4,719.0
Station_01,Inv_00,20170624,09:09:00,214.5,11.5,2467,220.0,10.6,2332,25094,16010,53.9,719.0
Station_01,Inv_00,20170624,09:10:00,224.5,11.3,2537,220.0,10.8,2376,25094,16010,54.5,723.0
Station_01,Inv_00,20170624,09:11:00,222.5,11.3,2514,221.0,10.8,2387,25094,16010,54.3,722.0
Station_01,Inv_00,20170624,09:12:00,221.5,11.2,2480,221.0,10.7,2365,25094,16010,54.8,722.0
Station_01,Inv_00,20170624,09:13:00,218.0,11.6,2528,220.0,10.8,2376,25094,16010,55.6,732.0
Station_01,Inv_00,20170624,09:14:00,222.5,11.2,2492,220.0,10.7,2354,25094,16010,55.8,721.0
Station_01,Inv_00,20170624,09:15:00,215.9,11.6,2505,221.0,10.8,2387,25094,16010,56.0,734.0
Station_01,Inv_00,20170624,09:16:00,225.5,11.3,2548,221.0,10.8,2387,25094,16010,56.9,731.0
Station_01,Inv_00,20170624,09:17:00,216.0,11.7,2527,221.0,10.8,2387,25094,16010,55.0,742.0
Station_01,Inv_00,20170624,09:18:00,225.0,11.3,2542,221.0,10.9,2409,25094,16010,55.8,733.0
Station_01,Inv_00,20170624,09:19:00,222.5,11.4,2536,221.0,10.8,2387,25094,16010,55.7,735.0
Station_01,Inv_00,20170624,09:20:00,220.0,11.7,2574,220.0,11.0,2420,25094,16010,54.3,748.0
Station_01,Inv_00,20170624,09:21:00,216.0,11.7,2527,220.0,10.9,2398,25094,16010,55.6,751.0
Station_01,Inv_00,20170624,09:22:00,218.5,11.8,2578,220.0,11.1,2442,25094,16010,55.0,746.0
Station_01,Inv_00,20170624,09:23:00,221.0,12.1,2674,220.0,11.4,2508,25095,16011,56.4,774.0
Station_01,Inv_00,20170624,09:24:00,221.5,11.8,2614,220.0,11.3,2486,25095,16011,54.9,674.0
Station_01,Inv_00,20170624,09:25:00,222.0,12.0,2664,221.0,11.3,2497,25095,16011,55.3,782.0
Station_01,Inv_00,20170624,09:26:00,223.5,11.9,2660,221.0,11.3,2497,25095,16011,54.9,759.0
Station_01,Inv_00,20170624,09:27:00,219.0,12.1,2650,220.0,11.3,2486,25095,16011,56.5,763.0
Station_01,Inv_00,20170624,09:28:00,223.0,11.9,2654,220.0,11.3,2486,25095,16011,57.0,762.0
Station_01,Inv_00,20170624,09:29:00,223.0,11.9,2654,220.0,11.4,2508,25095,16011,57.2,771.0
Station_01,Inv_00,20170624,09:30:00,212.0,12.4,2628,220.0,11.2,2464,25095,16011,57.1,777.0
Station_01,Inv_00,20170624,09:31:00,219.0,12.0,2628,220.0,11.3,2486,25095,16011,56.1,770.0
Station_01,Inv_00,20170624,09:32:00,199.0,13.0,2587,219.0,11.1,2431,25095,16011,55.5,790.0
Station_01,Inv_00,20170624,09:33:00,206.3,12.7,2621,220.0,11.2,2464,25095,16011,54.5,722.0
Station_01,Inv_00,20170624,09:34:00,218.5,12.5,2731,220.0,11.7,2574,25095,16011,55.3,789.0
Station_01,Inv_00,20170624,09:35:00,0.0,0.0,0,223.0,0.6,134,25095,16011,52.8,527.0
Station_01,Inv_00,20170624,09:36:00,0.0,0.0,0,0.0,0.0,0,25095,16011,54.8,777.0
Station_01,Inv_00,20170624,09:37:00,0.0,0.0,0,0.0,0.0,0,25095,16011,54.4,792.0
Station_01,Inv_00,20170624,09:38:00,0.0,0.0,0,0.0,0.0,0,25095,16011,53.9,807.0
Station_01,Inv_00,20170624,09:39:00,0.0,0.0,0,0.0,0.0,0,25095,16011,54.4,815.0
Station_01,Inv_00,20170624,09:40:00,0.0,0.0,0,223.0,0.2,45,25095,16011,54.0,821.0
Station_01,Inv_00,20170624,09:41:00,232.5,11.7,2720,221.0,11.6,2564,25095,16011,54.0,819.0
Station_01,Inv_00,20170624,09:42:00,211.5,13.0,2750,221.0,11.7,2586,25095,16011,53.1,808.0
Station_01,Inv_00,20170624,09:43:00,219.0,12.5,2737,221.0,11.6,2564,25095,16011,54.3,798.0
Station_01,Inv_00,20170624,09:44:00,220.5,12.8,2822,221.0,12.0,2652,25095,16011,53.4,814.0
Station_01,Inv_00,20170624,09:45:00,222.5,12.5,2781,221.0,12.0,2652,25095,16011,54.6,818.0
Station_01,Inv_00,20170624,09:46:00,214.5,13.2,2831,221.0,12.0,2652,25095,16011,56.0,827.0
Station_01,Inv_00,20170624,09:47:00,220.0,13.1,2882,221.0,12.3,2718,25095,16011,55.6,844.0
Station_01,Inv_00,20170624,09:48:00,220.4,13.1,2888,221.0,12.4,2740,25095,16011,54.2,564.0
Station_01,Inv_00,20170624,09:49:00,214.5,13.3,2853,220.0,12.2,2684,25095,16011,55.7,829.0
Station_01,Inv_00,20170624,09:50:00,217.0,13.1,2843,221.0,12.0,2652,25095,16011,56.8,826.0
Station_01,Inv_00,20170624,09:51:00,220.5,12.9,2844,222.0,12.1,2686,25096,16011,56.2,843.0
Station_01,Inv_00,20170624,09:52:00,212.0,13.4,2841,222.0,12.0,2664,25096,16011,55.8,838.0
Station_01,Inv_00,20170624,09:53:00,210.5,13.6,2863,221.0,12.2,2696,25096,16011,55.9,844.0
Station_01,Inv_00,20170624,09:54:00,214.5,13.4,2874,222.0,12.3,2731,25096,16011,57.6,846.0
Station_01,Inv_00,20170624,09:55:00,211.0,13.7,2891,220.0,12.2,2684,25096,16011,58.1,849.0
Station_01,Inv_00,20170624,09:56:00,220.9,12.2,2695,220.0,10.6,2332,25096,16011,58.9,816.0
Station_01,Inv_00,20170624,09:57:00,217.0,13.3,2886,221.0,12.3,2718,25096,16011,58.4,847.0
Station_01,Inv_00,20170624,09:58:00,205.0,13.8,2829,221.0,12.0,2652,25096,16011,59.5,848.0
Station_01,Inv_00,20170624,09:59:00,214.5,13.4,2874,221.0,12.3,2718,25096,16011,59.3,850.0
Station_01,Inv_00,20170624,10:00:00,217.5,13.2,2871,221.0,12.2,2696,25096,16011,60.0,846.0
Station_01,Inv_00,20170624,10:01:00,215.0,13.4,2881,221.0,12.3,2718,25096,16011,59.4,856.0
Station_01,Inv_00,20170624,10:02:00,211.0,13.7,2891,221.0,12.4,2740,25096,16011,59.8,858.0
Station_01,Inv_00,20170624,10:03:00,0.0,0.0,0,223.0,0.1,22,25096,16011,55.8,835.0
Station_01,Inv_00,20170624,10:04:00,0.0,0.0,0,224.0,0.1,22,25096,16011,56.3,868.0
Station_01,Inv_00,20170624,10:05:00,0.0,0.0,0,0.0,0.0,0,25096,16011,58.6,877.0
Station_01,Inv_00,20170624,10:06:00,0.0,0.0,0,0.0,0.0,0,25096,16011,56.1,901.0
Station_01,Inv_00,20170624,10:07:00,0.0,0.0,0,0.0,0.0,0,25096,16011,58.1,899.0
Station_01,Inv_00,20170624,10:08:00,246.0,10.5,2583,220.0,11.1,2442,25096,16011,57.1,876.0
Station_01,Inv_00,20170624,10:09:00,214.0,13.6,2910,221.0,12.4,2740,25096,16011,56.6,871.0
Station_01,Inv_00,20170624,10:10:00,216.0,13.8,2981,220.0,12.6,2772,25096,16011,55.8,877.0
Station_01,Inv_00,20170624,10:11:00,216.5,13.3,2879,220.0,12.3,2706,25096,16011,55.5,878.0
Station_01,Inv_00,20170624,10:12:00,219.5,13.5,2963,220.0,12.6,2772,25096,16011,56.3,869.0
Station_01,Inv_00,20170624,10:13:00,214.4,13.4,2873,220.0,12.3,2706,25096,16011,57.6,865.0
Station_01,Inv_00,20170624,10:14:00,215.5,13.5,2909,220.0,12.4,2728,25096,16011,57.1,880.0
Station_01,Inv_00,20170624,10:15:00,214.0,14.1,3017,220.0,12.8,2816,25096,16011,57.3,906.0
Station_01,Inv_00,20170624,10:16:00,212.5,13.9,2954,220.0,12.5,2750,25096,16011,58.0,871.0
Station_01,Inv_00,20170624,10:17:00,220.5,13.8,3043,220.0,13.1,2882,25097,16012,56.1,876.0
Station_01,Inv_00,20170624,10:18:00,215.4,1.9,409,219.0,1.9,416,25097,16012,51.1,180.0
Station_01,Inv_00,20170624,10:19:00,216.0,14.3,3089,222.0,13.0,2886,25097,16012,52.9,858.0
Station_01,Inv_00,20170624,10:20:00,214.5,14.4,3089,221.0,13.1,2895,25097,16012,53.7,918.0
Station_01,Inv_00,20170624,10:21:00,215.5,14.2,3060,219.0,13.1,2869,25097,16012,56.1,915.0
Station_01,Inv_00,20170624,10:22:00,213.5,14.3,3053,218.0,13.1,2856,25097,16012,56.0,896.0
Station_01,Inv_00,20170624,10:23:00,215.5,14.0,3017,218.0,13.0,2834,25097,16012,58.1,907.0
Station_01,Inv_00,20170624,10:24:00,217.0,14.0,3038,218.0,13.0,2834,25097,16012,59.2,894.0
Station_01,Inv_00,20170624,10:25:00,216.0,14.0,3024,218.0,13.0,2834,25097,16012,60.9,899.0
Station_01,Inv_00,20170624,10:26:00,212.5,14.2,3018,218.0,13.0,2834,25097,16012,61.8,899.0
Station_01,Inv_00,20170624,10:27:00,211.0,14.2,2996,218.0,12.9,2812,25097,16012,60.5,902.0
Station_01,Inv_00,20170624,10:28:00,210.3,13.9,2923,218.0,12.8,2790,25097,16012,58.0,802.0
Station_01,Inv_00,20170624,10:29:00,210.5,14.4,3031,218.0,13.0,2834,25097,16012,61.0,903.0
Station_01,Inv_00,20170624,10:30:00,213.5,14.2,3032,218.0,13.1,2856,25097,16012,59.3,908.0
Station_01,Inv_00,20170624,10:31:00,196.5,14.9,2928,219.0,12.5,2738,25097,16012,59.7,903.0
Station_01,Inv_00,20170624,10:32:00,212.9,14.3,3045,218.0,13.1,2856,25097,16012,57.5,912.0
Station_01,Inv_00,20170624,10:33:00,217.5,14.1,3067,218.0,13.2,2878,25097,16012,56.6,916.0
Station_01,Inv_00,20170624,10:34:00,212.5,14.4,3060,217.0,13.2,2864,25097,16012,58.4,921.0
Station_01,Inv_00,20170624,10:35:00,212.5,14.2,3017,218.0,13.0,2834,25097,16012,57.0,911.0
Station_01,Inv_00,20170624,10:36:00,214.9,14.3,3074,218.0,13.2,2878,25097,16012,59.1,913.0
Station_01,Inv_00,20170624,10:37:00,214.5,14.4,3088,218.0,13.4,2921,25097,16012,60.1,919.0
Station_01,Inv_00,20170624,10:38:00,217.5,14.2,3088,217.0,13.3,2886,25098,16013,58.9,926.0
Station_01,Inv_00,20170624,10:39:00,217.4,14.1,3066,217.0,13.3,2886,25098,16013,59.1,917.0
Station_01,Inv_00,20170624,10:40:00,212.9,14.5,3088,217.0,13.3,2886,25098,16013,59.5,923.0
Station_01,Inv_00,20170624,10:41:00,211.5,14.5,3067,218.0,13.2,2878,25098,16013,59.6,919.0
Station_01,Inv_00,20170624,10:42:00,198.0,15.0,2970,217.0,12.8,2778,25098,16013,60.6,914.0
Station_01,Inv_00,20170624,10:43:00,216.0,14.2,3067,217.0,13.3,2886,25098,16013,61.5,913.0
Station_01,Inv_00,20170624,10:44:00,214.0,14.5,3103,217.0,13.3,2886,25098,16013,61.1,926.0
Station_01,Inv_00,20170624,10:45:00,212.0,14.6,3095,217.0,13.4,2908,25098,16013,62.0,928.0
Station_01,Inv_00,20170624,10:46:00,212.0,14.7,3116,217.0,13.4,2908,25098,16013,61.1,940.0
Station_01,Inv_00,20170624,10:47:00,211.5,14.7,3109,217.0,13.4,2908,25098,16013,59.5,943.0
Station_01,Inv_00,20170624,10:48:00,214.0,14.5,3103,220.0,13.3,2926,25098,16013,62.4,933.0
Station_01,Inv_00,20170624,10:49:00,209.5,14.7,3080,220.0,13.1,2882,25098,16013,62.8,931.0
Station_01,Inv_00,20170624,10:50:00,197.5,15.3,3022,219.0,12.9,2825,25098,16013,60.9,940.0
Station_01,Inv_00,20170624,10:51:00,211.5,14.6,3088,219.0,13.2,2891,25098,16013,62.6,932.0
Station_01,Inv_00,20170624,10:52:00,204.5,15.1,3088,220.0,13.2,2904,25098,16013,63.1,935.0
Station_01,Inv_00,20170624,10:53:00,207.5,14.8,3071,220.0,13.1,2882,25098,16013,60.8,945.0
Station_01,Inv_00,20170624,10:54:00,200.0,15.3,3060,220.0,13.0,2860,25098,16013,61.4,938.0
Station_01,Inv_00,20170624,10:55:00,215.0,14.5,3117,220.0,13.4,2948,25098,16013,60.0,943.0
Station_01,Inv_00,20170624,10:56:00,207.9,14.9,3098,220.0,13.2,2904,25098,16013,61.0,936.0
Station_01,Inv_00,20170624,10:57:00,215.0,14.5,3117,221.0,13.3,2939,25098,16013,58.3,936.0
Station_01,Inv_00,20170624,10:58:00,197.5,15.5,3061,220.0,13.0,2860,25099,16013,61.4,943.0
Station_01,Inv_00,20170624,10:59:00,213.9,14.7,3145,219.0,13.4,2935,25099,16013,61.5,946.0
Station_01,Inv_00,20170624,11:00:00,207.0,15.0,3105,219.0,13.3,2913,25099,16013,62.6,916.0
Station_01,Inv_00,20170624,11:01:00,197.5,15.3,3022,220.0,12.9,2838,25099,16013,61.6,941.0
Station_01,Inv_00,20170624,11:02:00,209.0,14.8,3093,220.0,13.3,2926,25099,16013,61.8,937.0
Station_01,Inv_00,20170624,11:03:00,210.0,15.0,3150,220.0,13.4,2948,25099,16013,62.0,953.0
Station_01,Inv_00,20170624,11:04:00,208.0,15.3,3182,220.0,13.6,2992,25099,16013,62.4,965.0
Station_01,Inv_00,20170624,11:05:00,199.0,15.4,3064,220.0,13.0,2860,25099,16013,63.3,940.0
Station_01,Inv_00,20170624,11:06:00,203.0,15.0,3045,220.0,13.0,2860,25099,16013,64.7,935.0
Station_01,Inv_00,20170624,11:07:00,209.0,14.4,3009,220.0,12.9,2838,25099,16013,61.2,915.0
Station_01,Inv_00,20170624,11:08:00,201.0,15.5,3115,221.0,13.3,2939,25099,16013,59.6,954.0
Station_01,Inv_00,20170624,11:09:00,214.5,15.1,3239,220.0,13.8,3036,25099,16013,60.8,972.0
Station_01,Inv_00,20170624,11:10:00,213.5,15.3,3266,220.0,13.9,3058,25099,16013,60.1,973.0
Station_01,Inv_00,20170624,11:11:00,206.0,11.6,2389,220.0,12.2,2684,25099,16013,61.2,864.0
Station_01,Inv_00,20170624,11:12:00,220.7,4.1,905,218.0,4.0,872,25099,16013,56.5,294.0
Station_01,Inv_00,20170624,11:13:00,213.5,16.1,3437,219.0,14.6,3197,25099,16013,57.5,834.0
Station_01,Inv_00,20170624,11:14:00,217.0,15.6,3385,220.0,14.4,3168,25099,16013,58.3,995.0
Station_01,Inv_00,20170624,11:15:00,208.9,16.3,3406,219.0,14.5,3176,25099,16013,59.8,1009.0
Station_01,Inv_00,20170624,11:16:00,212.5,16.0,3400,219.0,14.5,3176,25099,16013,59.0,1004.0
Station_01,Inv_00,20170624,11:17:00,215.0,4.2,903,217.0,3.9,846,25099,16013,57.9,467.0
Station_01,Inv_00,20170624,11:18:00,213.5,3.9,833,218.0,3.7,807,25099,16013,52.8,271.0
Station_01,Inv_00,20170624,11:19:00,219.4,4.0,878,218.0,3.9,850,25099,16013,51.3,263.0
Station_01,Inv_00,20170624,11:20:00,224.0,15.4,3449,220.0,14.8,3256,25100,16014,51.3,906.0
Station_01,Inv_00,20170624,11:21:00,220.5,14.7,3241,220.0,13.8,3036,25100,16014,53.7,948.0
Station_01,Inv_00,20170624,11:22:00,220.0,15.5,3409,221.0,14.4,3182,25100,16014,53.7,988.0
Station_01,Inv_00,20170624,11:23:00,218.0,16.1,3510,220.0,14.9,3278,25100,16014,55.8,1004.0
Station_01,Inv_00,20170624,11:24:00,210.5,14.6,3073,220.0,13.5,2970,25100,16014,58.7,1001.0
Station_01,Inv_00,20170624,11:25:00,215.0,14.3,3074,220.0,13.3,2926,25100,16014,57.7,936.0
Station_01,Inv_00,20170624,11:26:00,208.5,13.9,2898,220.0,12.4,2728,25100,16014,59.3,888.0
Station_01,Inv_00,20170624,11:27:00,217.0,4.2,911,218.0,4.0,872,25100,16014,55.8,402.0
Station_01,Inv_00,20170624,11:28:00,214.0,15.0,3210,220.0,13.7,3014,25100,16014,55.4,890.0
Station_01,Inv_00,20170624,11:29:00,219.0,14.2,3110,220.0,13.3,2926,25100,16014,56.8,919.0
Station_01,Inv_00,20170624,11:30:00,217.5,13.9,3023,221.0,12.9,2851,25100,16014,58.4,887.0
Station_01,Inv_00,20170624,11:31:00,214.0,14.6,3124,220.0,13.4,2948,25100,16014,57.4,927.0
Station_01,Inv_00,20170624,11:32:00,216.5,14.5,3139,221.0,13.3,2939,25100,16014,58.0,926.0
Station_01,Inv_00,20170624,11:33:00,216.5,14.8,3204,220.0,13.7,3014,25100,16014,58.7,958.0
Station_01,Inv_00,20170624,11:34:00,214.5,14.9,3196,221.0,13.6,3006,25100,16014,58.4,944.0
Station_01,Inv_00,20170624,11:35:00,215.0,14.9,3204,220.0,13.7,3014,25100,16014,59.5,950.0
Station_01,Inv_00,20170624,11:36:00,218.0,14.9,3248,219.0,13.8,3022,25100,16014,59.9,951.0
Station_01,Inv_00,20170624,11:37:00,215.0,15.2,3268,220.0,13.9,3058,25100,16014,60.8,960.0
Station_01,Inv_00,20170624,11:38:00,212.0,15.5,3286,220.0,14.0,3080,25100,16014,59.8,978.0
Station_01,Inv_00,20170624,11:39:00,212.0,14.8,3137,219.0,13.4,2935,25101,16014,59.8,943.0
Station_01,Inv_00,20170624,11:40:00,214.5,14.6,3131,219.0,13.4,2935,25101,16014,59.1,941.0
Station_01,Inv_00,20170624,11:41:00,216.9,14.3,3102,219.0,13.2,2891,25101,16014,59.5,914.0
Station_01,Inv_00,20170624,11:42:00,213.0,14.0,2982,219.0,12.8,2803,25101,16014,58.9,890.0
Station_01,Inv_00,20170624,11:43:00,217.0,13.8,2994,219.0,12.8,2803,25101,16014,57.3,871.0
Station_01,Inv_00,20170624,11:44:00,215.5,14.8,3189,219.0,13.7,3000,25101,16014,59.7,935.0
Station_01,Inv_00,20170624,11:45:00,209.5,15.4,3226,220.0,13.8,3036,25101,16014,59.7,955.0
Station_01,Inv_00,20170624,11:46:00,206.5,15.5,3201,219.0,13.6,2978,25101,16014,60.9,957.0
Station_01,Inv_00,20170624,11:47:00,213.5,14.9,3181,219.0,13.5,2957,25101,16014,60.3,928.0
Station_01,Inv_00,20170624,11:48:00,214.0,15.0,3209,220.0,13.7,3014,25101,16014,59.0,957.0
Station_01,Inv_00,20170624,11:49:00,212.8,14.2,3022,220.0,13.1,2882,25101,16014,60.5,931.0
Station_01,Inv_00,20170624,11:50:00,215.1,14.0,3011,220.0,12.8,2816,25101,16014,59.5,886.0
Station_01,Inv_00,20170624,11:51:00,213.5,15.7,3352,220.0,14.2,3124,25101,16014,60.3,992.0
Station_01,Inv_00,20170624,11:52:00,212.5,11.7,2486,219.0,10.9,2387,25101,16014,61.5,861.0
Station_01,Inv_00,20170624,11:53:00,213.5,15.3,3267,220.0,13.9,3058,25101,16014,58.2,895.0
Station_01,Inv_00,20170624,11:54:00,213.0,15.3,3259,220.0,14.0,3080,25101,16014,60.0,981.0
Station_01,Inv_00,20170624,11:55:00,214.0,15.2,3252,219.0,13.9,3044,25101,16014,59.0,974.0
Station_01,Inv_00,20170624,11:56:00,209.5,15.6,3268,219.0,13.9,3044,25101,16014,60.5,979.0
Station_01,Inv_00,20170624,11:57:00,213.5,15.9,3395,221.0,14.4,3182,25101,16014,61.0,1002.0
Station_01,Inv_00,20170624,11:58:00,212.0,14.8,3137,217.0,13.6,2951,25101,16014,63.6,982.0
Station_01,Inv_00,20170624,11:59:00,215.5,6.2,1336,216.0,5.7,1231,25102,16015,61.9,499.0
Station_01,Inv_00,20170624,12:00:00,212.0,11.1,2353,217.0,9.3,2018,25102,16015,60.4,515.0
Station_01,Inv_00,20170624,12:01:00,202.5,7.0,1417,218.0,6.1,1330,25102,16015,59.1,522.0
Station_01,Inv_00,20170624,12:02:00,205.0,16.1,3300,220.0,13.9,3058,25102,16015,60.5,904.0
Station_01,Inv_00,20170624,12:03:00,215.0,5.4,1161,218.0,4.9,1068,25102,16015,56.9,379.0
Station_01,Inv_00,20170624,12:04:00,215.5,5.3,1142,218.0,4.8,1046,25102,16015,55.5,341.0
Station_01,Inv_00,20170624,12:05:00,208.0,5.4,1123,218.0,4.9,1068,25102,16015,52.6,370.0
Station_01,Inv_00,20170624,12:06:00,223.4,5.7,1274,218.0,5.4,1177,25102,16015,51.5,368.0
Station_01,Inv_00,20170624,12:07:00,229.0,15.1,3457,219.0,14.8,3241,25102,16015,52.7,823.0
Station_01,Inv_00,20170624,12:08:00,220.0,16.0,3520,219.0,15.1,3307,25102,16015,54.5,1007.0
Station_01,Inv_00,20170624,12:09:00,218.0,15.7,3423,218.0,14.7,3205,25102,16015,57.1,1018.0
Station_01,Inv_00,20170624,12:10:00,213.5,15.7,3352,218.0,14.4,3139,25102,16015,57.7,969.0
Station_01,Inv_00,20170624,12:11:00,207.4,11.6,2406,217.0,10.4,2257,25102,16015,58.5,856.0
Station_01,Inv_00,20170624,12:12:00,217.4,4.2,913,217.0,3.9,846,25102,16015,54.7,328.0
Station_01,Inv_00,20170624,12:13:00,218.9,4.0,876,217.0,3.8,825,25102,16015,52.9,265.0
Station_01,Inv_00,20170624,12:14:00,224.0,4.0,896,217.0,3.9,846,25102,16015,50.8,274.0
Station_01,Inv_00,20170624,12:15:00,231.5,5.2,1204,217.0,5.1,1107,25102,16015,48.8,327.0
Station_01,Inv_00,20170624,12:16:00,221.5,16.4,3633,219.0,15.5,3395,25102,16015,50.4,929.0
Station_01,Inv_00,20170624,12:17:00,222.0,15.7,3485,219.0,14.9,3263,25102,16015,53.7,994.0
Station_01,Inv_00,20170624,12:18:00,212.0,16.2,3434,219.0,14.7,3219,25102,16015,55.0,998.0
Station_01,Inv_00,20170624,12:19:00,215.5,16.2,3491,218.0,15.0,3270,25102,16015,56.8,1016.0
Station_01,Inv_00,20170624,12:20:00,217.0,5.6,1215,217.0,5.1,1107,25102,16015,54.5,540.0
Station_01,Inv_00,20170624,12:21:00,214.0,16.5,3531,220.0,15.0,3300,25102,16015,55.3,879.0
Station_01,Inv_00,20170624,12:22:00,220.5,15.7,3461,218.0,14.9,3248,25102,16015,57.5,1013.0
Station_01,Inv_00,20170624,12:23:00,216.8,7.3,1582,217.0,6.7,1454,25102,16015,56.1,654.0
Station_01,Inv_00,20170624,12:24:00,215.9,15.3,3304,218.0,14.0,3052,25102,16015,58.2,999.0
Station_01,Inv_00,20170624,12:25:00,213.0,16.4,3493,218.0,15.0,3270,25103,16016,59.8,993.0
Station_01,Inv_00,20170624,12:26:00,206.0,16.9,3481,218.0,15.0,3270,25103,16016,60.5,999.0
Station_01,Inv_00,20170624,12:27:00,216.5,5.5,1191,217.0,5.1,1107,25103,16016,57.4,382.0
Station_01,Inv_00,20170624,12:28:00,221.5,15.7,3478,218.0,14.9,3248,25103,16016,58.2,847.0
Station_01,Inv_00,20170624,12:29:00,212.0,17.0,3604,220.0,15.5,3410,25103,16016,58.3,1039.0
Station_01,Inv_00,20170624,12:30:00,199.0,17.6,3502,219.0,14.9,3263,25103,16016,59.8,1022.0
Station_01,Inv_00,20170624,12:31:00,206.0,17.2,3543,218.0,15.1,3292,25103,16016,59.2,973.0
Station_01,Inv_00,20170624,12:32:00,214.9,5.7,1225,217.0,5.2,1128,25103,16016,55.5,423.0
Station_01,Inv_00,20170624,12:33:00,202.5,9.3,1883,218.0,8.6,1875,25103,16016,57.9,768.0
Station_01,Inv_00,20170624,12:34:00,216.5,15.9,3442,218.0,14.7,3205,25103,16016,57.0,922.0
Station_01,Inv_00,20170624,12:35:00,216.5,15.6,3377,219.0,14.4,3154,25103,16016,58.5,970.0
Station_01,Inv_00,20170624,12:36:00,208.5,16.4,3419,219.0,14.6,3197,25103,16016,58.7,996.0
Station_01,Inv_00,20170624,12:37:00,210.0,16.1,3381,218.0,14.4,3139,25103,16016,59.2,989.0
Station_01,Inv_00,20170624,12:38:00,212.5,15.6,3315,219.0,14.3,3132,25103,16016,59.0,976.0
Station_01,Inv_00,20170624,12:39:00,214.0,15.5,3317,218.0,14.2,3096,25103,16016,58.7,972.0
Station_01,Inv_00,20170624,12:40:00,214.5,15.3,3282,218.0,14.1,3074,25103,16016,58.9,968.0
Station_01,Inv_00,20170624,12:41:00,214.5,15.4,3303,218.0,14.1,3074,25103,16016,60.8,970.0
Station_01,Inv_00,20170624,12:42:00,209.5,15.1,3163,218.0,13.6,2965,25103,16016,60.1,944.0
Station_01,Inv_00,20170624,12:43:00,204.0,15.1,3080,218.0,13.3,2899,25103,16016,60.7,916.0
Station_01,Inv_00,20170624,12:44:00,214.0,14.3,3060,219.0,13.0,2847,25103,16016,60.3,903.0
Station_01,Inv_00,20170624,12:45:00,213.0,14.2,3024,219.0,13.0,2847,25104,16016,59.2,901.0
Station_01,Inv_00,20170624,12:46:00,215.0,14.2,3052,218.0,13.1,2856,25104,16016,58.8,897.0
Station_01,Inv_00,20170624,12:47:00,216.0,14.0,3024,218.0,13.1,2856,25104,16016,59.4,896.0
Station_01,Inv_00,20170624,12:48:00,214.5,14.3,3067,218.0,13.2,2878,25104,16016,61.2,896.0
Station_01,Inv_00,20170624,12:49:00,214.0,14.3,3060,218.0,13.2,2878,25104,16016,59.4,903.0
Station_01,Inv_00,20170624,12:50:00,203.6,5.7,1160,217.0,5.0,1085,25104,16016,57.0,560.0
Station_01,Inv_00,20170624,12:51:00,218.0,14.5,3161,218.0,13.6,2965,25104,16016,59.0,899.0
Station_01,Inv_00,20170624,12:52:00,210.9,14.9,3143,218.0,13.6,2965,25104,16016,59.7,930.0
Station_01,Inv_00,20170624,12:53:00,219.0,14.8,3241,217.0,13.9,3016,25104,16016,59.6,946.0
Station_01,Inv_00,20170624,12:54:00,214.0,15.1,3231,218.0,13.9,3030,25104,16016,59.3,948.0
Station_01,Inv_00,20170624,12:55:00,215.5,15.0,3232,220.0,13.8,3036,25104,16016,62.2,942.0
Station_01,Inv_00,20170624,12:56:00,211.5,14.5,3067,221.0,13.5,2984,25104,16016,60.0,947.0
Station_01,Inv_00,20170624,12:57:00,222.0,11.2,2486,219.0,10.4,2278,25104,16016,56.4,414.0
Station_01,Inv_00,20170624,12:58:00,216.0,6.3,1361,219.0,5.6,1226,25104,16016,56.4,513.0
Station_01,Inv_00,20170624,12:59:00,225.4,5.6,1262,219.0,5.2,1139,25104,16016,54.0,375.0
Station_01,Inv_00,20170624,13:00:00,222.0,14.7,3263,220.0,13.9,3058,25104,16016,55.1,785.0
Station_01,Inv_00,20170624,13:01:00,221.9,14.7,3263,220.0,13.9,3058,25104,16016,56.8,932.0
Station_01,Inv_00,20170624,13:02:00,214.5,14.9,3196,220.0,13.7,3014,25104,16016,57.0,943.0
Station_01,Inv_00,20170624,13:03:00,218.5,14.6,3190,220.0,13.6,2992,25104,16016,57.6,935.0
Station_01,Inv_00,20170624,13:04:00,210.5,14.7,3094,220.0,13.3,2926,25104,16016,59.4,918.0
Station_01,Inv_00,20170624,13:05:00,217.0,14.3,3103,220.0,13.3,2926,25104,16016,60.1,912.0
Station_01,Inv_00,20170624,13:06:00,218.5,13.9,3037,219.0,13.0,2847,25105,16017,58.7,908.0
Station_01,Inv_00,20170624,13:07:00,214.5,14.3,3067,219.0,13.1,2869,25105,16017,59.6,887.0
Station_01,Inv_00,20170624,13:08:00,215.0,14.0,3010,219.0,12.9,2825,25105,16017,60.6,887.0
Station_01,Inv_00,20170624,13:09:00,217.5,13.9,3023,219.0,12.9,2825,25105,16017,59.9,885.0
Station_01,Inv_00,20170624,13:10:00,217.0,13.8,2994,219.0,12.9,2825,25105,16017,60.4,887.0
Station_01,Inv_00,20170624,13:11:00,218.0,13.5,2943,219.0,12.8,2803,25105,16017,61.6,874.0
Station_01,Inv_00,20170624,13:12:00,215.0,13.7,2946,219.0,12.8,2803,25105,16017,60.6,872.0
Station_01,Inv_00,20170624,13:13:00,206.0,13.7,2822,218.0,12.1,2638,25105,16017,60.8,830.0
Station_01,Inv_00,20170624,13:14:00,210.0,13.9,2918,219.0,12.5,2738,25105,16017,62.5,861.0
Station_01,Inv_00,20170624,13:15:00,214.0,13.4,2868,219.0,12.3,2694,25105,16017,61.9,848.0
Station_01,Inv_00,20170624,13:16:00,213.0,14.2,3025,220.0,12.9,2838,25105,16017,61.1,880.0
Station_01,Inv_00,20170624,13:17:00,205.0,6.5,1332,218.0,5.9,1286,25105,16017,59.2,518.0
Station_01,Inv_00,20170624,13:18:00,216.9,14.3,3102,219.0,13.4,2935,25105,16017,58.8,841.0
Station_01,Inv_00,20170624,13:19:00,213.5,14.5,3096,219.0,13.2,2891,25105,16017,58.6,892.0
Station_01,Inv_00,20170624,13:20:00,211.0,14.4,3038,219.0,12.9,2825,25105,16017,58.8,880.0
Station_01,Inv_00,20170624,13:21:00,218.5,14.2,3102,218.0,13.4,2921,25105,16017,58.7,882.0
Station_01,Inv_00,20170624,13:22:00,216.0,4.4,950,218.0,4.1,894,25105,16017,55.7,404.0
Station_01,Inv_00,20170624,13:23:00,224.5,3.8,853,217.0,3.8,825,25105,16017,53.7,272.0
Station_01,Inv_00,20170624,13:24:00,224.5,4.0,898,217.0,3.9,846,25105,16017,52.1,263.0
Station_01,Inv_00,20170624,13:25:00,225.0,14.4,3240,218.0,13.8,3008,25105,16017,53.4,820.0
Station_01,Inv_00,20170624,13:26:00,216.0,14.6,3153,219.0,13.5,2957,25105,16017,55.5,892.0
Station_01,Inv_00,20170624,13:27:00,212.5,9.1,1934,219.0,9.1,1993,25105,16017,56.6,791.0
Station_01,Inv_00,20170624,13:28:00,209.4,5.2,1089,219.0,4.5,986,25105,16017,52.2,334.0
Station_01,Inv_00,20170624,13:29:00,220.5,14.2,3131,219.0,13.4,2935,25105,16017,54.3,875.0
Station_01,Inv_00,20170624,13:30:00,220.5,14.0,3087,219.0,13.3,2913,25106,16018,54.5,878.0
Station_01,Inv_00,20170624,13:31:00,223.0,13.7,3055,219.0,13.1,2869,25106,16018,57.4,869.0
Station_01,Inv_00,20170624,13:32:00,218.0,13.8,3008,219.0,12.9,2825,25106,16018,58.9,861.0
Station_01,Inv_00,20170624,13:33:00,227.8,5.4,1230,218.0,5.1,1112,25106,16018,56.3,349.0
Station_01,Inv_00,20170624,13:34:00,224.7,4.4,989,217.0,4.1,890,25106,16018,53.9,291.0
Station_01,Inv_00,20170624,13:35:00,222.5,13.8,3071,219.0,13.2,2891,25106,16018,56.1,855.0
Station_01,Inv_00,20170624,13:36:00,221.5,14.0,3101,219.0,13.3,2913,25106,16018,56.4,851.0
Station_01,Inv_00,20170624,13:37:00,220.9,11.6,2562,218.0,10.8,2354,25106,16018,55.6,704.0
Station_01,Inv_00,20170624,13:38:00,221.5,13.6,3012,219.0,12.9,2825,25106,16018,55.4,852.0
Station_01,Inv_00,20170624,13:39:00,221.0,13.4,2961,219.0,12.7,2781,25106,16018,57.2,842.0
Station_01,Inv_00,20170624,13:40:00,217.0,13.8,2994,219.0,12.9,2825,25106,16018,57.0,854.0
Station_01,Inv_00,20170624,13:41:00,207.5,4.8,996,217.0,4.1,890,25106,16018,57.0,659.0
Station_01,Inv_00,20170624,13:42:00,221.0,4.8,1061,218.0,4.6,1003,25106,16018,54.0,340.0
Station_01,Inv_00,20170624,13:43:00,225.0,5.0,1125,218.0,4.8,1046,25106,16018,51.3,336.0
Station_01,Inv_00,20170624,13:44:00,226.5,14.8,3352,219.0,14.4,3154,25106,16018,51.3,584.0
Station_01,Inv_00,20170624,13:45:00,221.5,15.0,3322,220.0,14.2,3124,25106,16018,52.4,933.0
Station_01,Inv_00,20170624,13:46:00,225.0,14.2,3195,219.0,13.7,3000,25106,16018,55.3,891.0
Station_01,Inv_00,20170624,13:47:00,220.5,14.3,3153,219.0,13.5,2957,25106,16018,55.1,888.0
Station_01,Inv_00,20170624,13:48:00,220.4,6.0,1322,219.0,5.8,1270,25106,16018,53.8,476.0
Station_01,Inv_00,20170624,13:49:00,221.4,8.4,1859,219.0,7.9,1730,25106,16018,53.1,605.0
Station_01,Inv_00,20170624,13:50:00,224.9,14.3,3217,220.0,13.7,3014,25106,16018,52.4,880.0
Station_01,Inv_00,20170624,13:51:00,225.0,13.9,3127,219.0,13.4,2935,25106,16018,53.5,879.0
Station_01,Inv_00,20170624,13:52:00,217.5,14.1,3067,220.0,13.1,2882,25106,16018,53.4,851.0
Station_01,Inv_00,20170624,13:53:00,221.0,13.5,2983,219.0,12.9,2825,25106,16018,55.5,851.0
Station_01,Inv_00,20170624,13:54:00,213.5,13.1,2797,220.0,12.1,2662,25107,16018,56.7,815.0
Station_01,Inv_00,20170624,13:55:00,218.0,12.7,2768,220.0,11.9,2618,25107,16018,57.2,799.0
Station_01,Inv_00,20170624,13:56:00,218.5,12.3,2688,220.0,11.5,2530,25107,16018,57.4,777.0
Station_01,Inv_00,20170624,13:57:00,219.5,12.3,2700,219.0,11.5,2519,25107,16018,57.5,773.0
Station_01,Inv_00,20170624,13:58:00,215.5,12.5,2694,219.0,11.6,2540,25107,16018,57.9,777.0
Station_01,Inv_00,20170624,13:59:00,218.0,12.5,2725,219.0,11.7,2562,25107,16018,57.8,783.0
Station_01,Inv_00,20170624,14:00:00,220.0,12.2,2684,219.0,11.6,2540,25107,16018,58.3,775.0
Station_01,Inv_00,20170624,14:01:00,217.0,12.3,2669,219.0,11.5,2519,25107,16018,59.3,775.0
Station_01,Inv_00,20170624,14:02:00,216.0,12.0,2592,218.0,11.3,2463,25107,16018,58.5,774.0
Station_01,Inv_00,20170624,14:03:00,214.0,12.6,2696,218.0,11.6,2529,25107,16018,58.8,780.0
Station_01,Inv_00,20170624,14:04:00,218.0,12.4,2703,219.0,11.7,2562,25107,16018,56.7,777.0
Station_01,Inv_00,20170624,14:05:00,218.0,12.6,2747,219.0,11.8,2584,25107,16018,57.6,784.0
Station_01,Inv_00,20170624,14:06:00,220.5,12.5,2756,219.0,11.8,2584,25107,16018,56.8,789.0
Station_01,Inv_00,20170624,14:07:00,220.5,12.8,2822,219.0,12.1,2650,25107,16018,56.7,806.0
Station_01,Inv_00,20170624,14:08:00,217.5,9.2,2001,218.0,8.9,1940,25107,16018,54.7,707.0
Station_01,Inv_00,20170624,14:09:00,215.5,11.0,2371,218.0,10.3,2245,25107,16018,54.4,687.0
Station_01,Inv_00,20170624,14:10:00,215.6,11.8,2544,219.0,10.7,2343,25107,16018,54.9,731.0
Station_01,Inv_00,20170624,14:11:00,218.0,12.9,2812,219.0,12.1,2650,25107,16018,55.0,808.0
Station_01,Inv_00,20170624,14:12:00,220.5,10.2,2249,219.0,9.7,2124,25107,16018,52.8,677.0
Station_01,Inv_00,20170624,14:13:00,222.0,12.9,2864,219.0,12.4,2716,25107,16018,53.5,805.0
Station_01,Inv_00,20170624,14:14:00,224.0,12.8,2867,219.0,12.4,2716,25107,16018,52.3,812.0
Station_01,Inv_00,20170624,14:15:00,219.0,11.3,2475,218.0,10.8,2354,25107,16018,53.3,765.0
Station_01,Inv_00,20170624,14:16:00,222.5,12.7,2826,219.0,12.4,2716,25108,16019,55.6,842.0
Station_01,Inv_00,20170624,14:17:00,227.5,11.9,2707,219.0,11.7,2562,25108,16019,54.6,761.0
Station_01,Inv_00,20170624,14:18:00,223.5,7.9,1766,218.0,7.6,1657,25108,16019,53.7,574.0
Station_01,Inv_00,20170624,14:19:00,220.0,11.6,2552,218.0,11.1,2420,25108,16019,52.7,706.0
Station_01,Inv_00,20170624,14:20:00,224.5,11.9,2672,219.0,11.6,2540,25108,16019,53.7,773.0
Station_01,Inv_00,20170624,14:21:00,222.0,3.8,844,217.0,3.7,803,25108,16019,50.9,299.0
Station_01,Inv_00,20170624,14:22:00,225.0,3.6,810,218.0,3.6,785,25108,16019,47.8,255.0
Station_01,Inv_00,20170624,14:23:00,227.5,4.0,910,218.0,3.9,850,25108,16019,45.9,268.0
Station_01,Inv_00,20170624,14:24:00,222.5,9.5,2113,220.0,8.7,1914,25108,16019,45.6,385.0
Station_01,Inv_00,20170624,14:25:00,232.5,12.4,2883,219.0,12.4,2716,25108,16019,47.3,783.0
Station_01,Inv_00,20170624,14:26:00,229.4,12.3,2822,219.0,12.1,2650,25108,16019,49.4,784.0
Station_01,Inv_00,20170624,14:27:00,228.5,12.0,2742,218.0,11.8,2572,25108,16019,50.3,769.0
Station_01,Inv_00,20170624,14:28:00,226.0,12.0,2712,219.0,11.7,2562,25108,16019,50.6,763.0
Station_01,Inv_00,20170624,14:29:00,222.0,11.9,2642,218.0,11.4,2485,25108,16019,51.1,751.0
Station_01,Inv_00,20170624,14:30:00,222.5,11.9,2648,219.0,11.4,2497,25108,16019,51.5,748.0
Station_01,Inv_00,20170624,14:31:00,224.5,11.7,2627,218.0,11.4,2485,25108,16019,51.6,748.0
Station_01,Inv_00,20170624,14:32:00,221.0,11.9,2630,219.0,11.3,2475,25108,16019,52.5,747.0
Station_01,Inv_00,20170624,14:33:00,225.5,11.7,2638,219.0,11.4,2497,25108,16019,52.9,742.0
Station_01,Inv_00,20170624,14:34:00,223.9,9.1,2037,218.0,8.3,1809,25108,16019,52.3,404.0
Station_01,Inv_00,20170624,14:35:00,226.0,11.7,2644,220.0,11.4,2508,25108,16019,53.3,743.0
Station_01,Inv_00,20170624,14:36:00,224.0,11.9,2666,219.0,11.5,2519,25108,16019,53.2,748.0
Station_01,Inv_00,20170624,14:37:00,211.0,4.8,1013,218.0,4.2,916,25108,16019,51.7,486.0
Station_01,Inv_00,20170624,14:38:00,224.8,10.2,2293,218.0,9.8,2136,25108,16019,53.3,624.0
Station_01,Inv_00,20170624,14:39:00,223.5,12.2,2726,219.0,11.8,2584,25108,16019,53.9,769.0
Station_01,Inv_00,20170624,14:40:00,220.9,10.0,2209,219.0,9.6,2102,25108,16019,52.8,657.0
Station_01,Inv_00,20170624,14:41:00,225.2,4.3,968,217.0,4.1,890,25108,16019,50.6,311.0
Station_01,Inv_00,20170624,14:42:00,217.9,4.2,915,218.0,4.0,872,25109,16020,49.5,278.0
Station_01,Inv_00,20170624,14:43:00,233.0,6.1,1421,219.0,5.9,1292,25109,16020,47.2,336.0
Station_01,Inv_00,20170624,14:44:00,234.0,5.4,1264,218.0,5.4,1177,25109,16020,47.7,395.0
Station_01,Inv_00,20170624,14:45:00,225.5,5.3,1195,219.0,5.2,1139,25109,16020,46.5,344.0
Station_01,Inv_00,20170624,14:46:00,221.5,7.4,1639,218.0,7.0,1526,25109,16020,47.6,428.0
Station_01,Inv_00,20170624,14:47:00,219.4,8.5,1865,219.0,7.9,1730,25109,16020,49.0,571.0
Station_01,Inv_00,20170624,14:48:00,235.0,8.2,1927,219.0,8.0,1752,25109,16020,47.4,404.0
Station_01,Inv_00,20170624,14:49:00,213.0,5.7,1214,220.0,7.4,1628,25109,16020,50.6,699.0
Station_01,Inv_00,20170624,14:50:00,231.5,4.6,1065,219.0,4.5,986,25109,16020,48.1,313.0
Station_01,Inv_00,20170624,14:51:00,230.9,5.0,1155,220.0,5.0,1100,25109,16020,45.7,322.0
Station_01,Inv_00,20170624,14:52:00,222.5,5.6,1246,219.0,5.4,1183,25109,16020,47.2,416.0
Station_01,Inv_00,20170624,14:53:00,232.0,12.6,2923,221.0,12.5,2763,25109,16020,47.2,664.0
Station_01,Inv_00,20170624,14:54:00,219.5,6.2,1361,220.0,6.1,1342,25109,16020,48.5,668.0
Station_01,Inv_00,20170624,14:55:00,222.5,13.1,2915,220.0,12.5,2750,25109,16020,48.7,757.0
Station_01,Inv_00,20170624,14:56:00,232.0,7.3,1693,219.0,7.2,1577,25109,16020,46.6,423.0
Station_01,Inv_00,20170624,14:57:00,230.8,13.2,3047,220.0,13.1,2882,25109,16020,47.8,751.0
Station_01,Inv_00,20170624,14:58:00,231.0,12.9,2980,220.0,12.7,2794,25109,16020,49.1,816.0
Station_01,Inv_00,20170624,14:59:00,225.0,6.9,1553,219.0,6.6,1445,25109,16020,47.5,528.0
Station_01,Inv_00,20170624,15:00:00,224.0,13.1,2934,220.0,12.6,2772,25109,16020,49.6,794.0
Station_01,Inv_00,20170624,15:01:00,224.0,6.1,1366,219.0,6.0,1314,25109,16020,48.2,479.0
Station_01,Inv_00,20170624,15:02:00,228.0,5.2,1186,218.0,5.1,1112,25109,16020,46.7,352.0
Station_01,Inv_00,20170624,15:03:00,235.5,5.3,1248,218.0,5.4,1177,25109,16020,45.1,392.0
Station_01,Inv_00,20170624,15:04:00,229.4,6.0,1377,219.0,5.7,1248,25109,16020,44.9,368.0
Station_01,Inv_00,20170624,15:05:00,233.4,8.4,1961,220.0,7.0,1540,25109,16020,44.9,514.0
Station_01,Inv_00,20170624,15:06:00,217.5,7.0,1523,219.0,6.5,1424,25109,16020,44.8,416.0
Station_01,Inv_00,20170624,15:07:00,228.0,9.2,2098,219.0,8.4,1840,25109,16020,46.3,683.0
Station_01,Inv_00,20170624,15:08:00,227.4,8.2,1865,219.0,8.4,1840,25109,16020,45.5,542.0
Station_01,Inv_00,20170624,15:09:00,232.5,6.7,1558,218.0,6.7,1461,25109,16020,45.1,433.0
Station_01,Inv_00,20170624,15:10:00,235.5,6.5,1531,218.0,6.5,1417,25109,16020,44.3,416.0
Station_01,Inv_00,20170624,15:11:00,237.5,6.5,1544,219.0,6.5,1424,25109,16020,44.6,418.0
Station_01,Inv_00,20170624,15:12:00,235.5,6.7,1578,218.0,6.7,1461,25109,16020,45.1,431.0
Station_01,Inv_00,20170624,15:13:00,233.4,12.0,2801,219.0,12.1,2650,25109,16020,46.5,736.0
Station_01,Inv_00,20170624,15:14:00,223.5,6.4,1430,219.0,6.2,1358,25110,16020,47.2,525.0
Station_01,Inv_00,20170624,15:15:00,228.7,5.9,1349,219.0,5.6,1226,25110,16020,46.2,381.0
Station_01,Inv_00,20170624,15:16:00,224.5,6.0,1347,219.0,5.6,1226,25110,16020,46.1,373.0
Station_01,Inv_00,20170624,15:17:00,228.0,11.5,2622,219.0,11.3,2475,25110,16020,46.3,498.0
Station_01,Inv_00,20170624,15:18:00,227.5,9.7,2207,219.0,9.4,2059,25110,16020,47.3,641.0
Station_01,Inv_00,20170624,15:19:00,227.5,11.1,2525,219.0,10.8,2365,25110,16020,47.6,692.0
Station_01,Inv_00,20170624,15:20:00,231.5,10.7,2477,220.0,10.7,2354,25110,16020,48.5,680.0
Station_01,Inv_00,20170624,15:21:00,230.0,10.6,2438,220.0,10.6,2332,25110,16020,48.6,675.0
Station_01,Inv_00,20170624,15:22:00,224.5,10.9,2447,220.0,10.5,2310,25110,16020,48.0,670.0
Station_01,Inv_00,20170624,15:23:00,231.0,10.6,2448,220.0,10.6,2332,25110,16020,49.8,669.0
Station_01,Inv_00,20170624,15:24:00,227.0,10.8,2452,220.0,10.5,2310,25110,16020,50.0,674.0
Station_01,Inv_00,20170624,15:25:00,227.0,10.8,2452,219.0,10.6,2321,25110,16020,49.7,672.0
Station_01,Inv_00,20170624,15:26:00,229.4,10.8,2478,220.0,10.6,2332,25110,16020,49.7,675.0
Station_01,Inv_00,20170624,15:27:00,225.0,10.9,2453,221.0,10.5,2321,25110,16020,51.3,671.0
Station_01,Inv_00,20170624,15:28:00,227.5,10.8,2457,220.0,10.5,2310,25110,16020,50.1,673.0
Station_01,Inv_00,20170624,15:29:00,226.0,10.9,2463,220.0,10.5,2310,25110,16020,50.8,673.0
Station_01,Inv_00,20170624,15:30:00,223.0,10.9,2431,220.0,10.5,2310,25110,16020,51.3,667.0
Station_01,Inv_00,20170624,15:31:00,226.5,10.8,2446,220.0,10.4,2288,25110,16020,49.8,668.0
Station_01,Inv_00,20170624,15:32:00,225.0,10.9,2452,220.0,10.5,2310,25110,16020,51.4,669.0
Station_01,Inv_00,20170624,15:33:00,230.5,10.7,2466,220.0,10.5,2310,25110,16020,50.7,670.0
Station_01,Inv_00,20170624,15:34:00,221.5,11.1,2459,219.0,10.5,2300,25110,16020,50.1,674.0
Station_01,Inv_00,20170624,15:35:00,225.0,10.9,2452,219.0,10.6,2321,25110,16020,49.4,674.0
Station_01,Inv_00,20170624,15:36:00,225.5,10.9,2458,220.0,10.4,2288,25110,16020,49.1,669.0
Station_01,Inv_00,20170624,15:37:00,227.5,7.8,1775,219.0,7.7,1686,25110,16020,49.2,637.0
Station_01,Inv_00,20170624,15:38:00,229.0,6.3,1443,219.0,6.1,1336,25110,16020,48.1,407.0
Station_01,Inv_00,20170624,15:39:00,230.0,10.5,2415,219.0,10.3,2256,25110,16020,49.6,652.0
Station_01,Inv_00,20170624,15:40:00,223.0,9.9,2208,220.0,9.5,2090,25110,16020,49.4,605.0
Station_01,Inv_00,20170624,15:41:00,228.5,8.8,2011,220.0,8.6,1892,25111,16021,48.4,405.0
Station_01,Inv_00,20170624,15:42:00,227.9,7.6,1732,220.0,7.5,1650,25111,16021,48.4,487.0
Station_01,Inv_00,20170624,15:43:00,228.5,7.5,1714,219.0,7.5,1643,25111,16021,48.2,481.0
Station_01,Inv_00,20170624,15:44:00,229.5,8.8,2019,220.0,8.6,1892,25111,16021,47.8,516.0
Station_01,Inv_00,20170624,15:45:00,224.5,9.5,2133,219.0,9.2,2015,25111,16021,47.1,533.0
Station_01,Inv_00,20170624,15:46:00,224.0,8.7,1949,219.0,8.5,1862,25111,16021,47.8,567.0
Station_01,Inv_00,20170624,15:47:00,223.5,7.1,1587,220.0,6.8,1496,25111,16021,47.7,437.0
Station_01,Inv_00,20170624,15:48:00,228.9,6.2,1419,219.0,6.1,1336,25111,16021,47.6,392.0
Station_01,Inv_00,20170624,15:49:00,233.0,6.1,1421,219.0,6.1,1336,25111,16021,45.3,385.0
Station_01,Inv_00,20170624,15:50:00,229.5,5.5,1262,220.0,5.4,1188,25111,16021,44.8,339.0
Station_01,Inv_00,20170624,15:51:00,231.5,6.9,1597,220.0,6.8,1496,25111,16021,45.4,409.0
Station_01,Inv_00,20170624,15:52:00,232.9,6.7,1560,220.0,6.7,1474,25111,16021,46.5,421.0
Station_01,Inv_00,20170624,15:53:00,231.5,6.1,1412,220.0,6.1,1342,25111,16021,45.7,393.0
Station_01,Inv_00,20170624,15:54:00,233.5,6.3,1471,219.0,6.4,1402,25111,16021,44.8,397.0
Station_01,Inv_00,20170624,15:55:00,228.0,6.7,1527,220.0,6.5,1430,25111,16021,44.4,402.0
Station_01,Inv_00,20170624,15:56:00,229.9,5.6,1288,220.0,5.5,1210,25111,16021,43.4,360.0
Station_01,Inv_00,20170624,15:57:00,232.4,6.0,1395,220.0,5.9,1298,25111,16021,43.8,361.0
Station_01,Inv_00,20170624,15:58:00,232.9,5.3,1235,220.0,5.1,1122,25111,16021,43.5,306.0
Station_01,Inv_00,20170624,15:59:00,234.0,4.2,983,220.0,4.1,902,25111,16021,43.1,275.0
Station_01,Inv_00,20170624,16:00:00,234.0,4.8,1123,220.0,4.6,1012,25111,16021,41.7,282.0
Station_01,Inv_00,20170624,16:01:00,240.5,4.1,986,220.0,4.1,902,25111,16021,41.8,272.0
Station_01,Inv_00,20170624,16:02:00,233.4,4.8,1121,220.0,4.8,1056,25111,16021,41.9,298.0
Station_01,Inv_00,20170624,16:03:00,236.5,5.1,1206,220.0,5.2,1144,25111,16021,42.4,322.0
Station_01,Inv_00,20170624,16:04:00,235.0,5.2,1222,220.0,5.3,1166,25111,16021,42.8,329.0
Station_01,Inv_00,20170624,16:05:00,236.5,5.3,1253,220.0,5.4,1188,25111,16021,43.1,334.0
Station_01,Inv_00,20170624,16:06:00,234.0,5.5,1287,220.0,5.5,1210,25111,16021,43.3,341.0
Station_01,Inv_00,20170624,16:07:00,232.0,5.9,1369,220.0,5.7,1254,25111,16021,43.3,359.0
Station_01,Inv_00,20170624,16:08:00,231.9,5.2,1206,220.0,5.6,1232,25111,16021,43.5,358.0
Station_01,Inv_00,20170624,16:09:00,226.5,5.1,1155,220.0,5.1,1122,25111,16021,43.1,337.0
Station_01,Inv_00,20170624,16:10:00,212.0,4.8,1018,220.0,4.3,946,25111,16021,42.7,274.0
Station_01,Inv_00,20170624,16:11:00,218.0,4.4,959,220.0,4.3,946,25111,16021,42.4,308.0
Station_01,Inv_00,20170624,16:12:00,237.5,3.7,879,219.0,3.8,832,25111,16021,42.0,236.0
Station_01,Inv_00,20170624,16:13:00,239.3,3.4,814,219.0,3.6,788,25111,16021,41.6,223.0
Station_01,Inv_00,20170624,16:14:00,216.0,3.3,713,217.0,3.1,673,25111,16021,41.6,207.0
Station_01,Inv_00,20170624,16:15:00,238.0,3.0,714,217.0,3.2,694,25111,16021,40.7,198.0
Station_01,Inv_00,20170624,16:16:00,239.0,3.0,717,218.0,3.1,676,25111,16021,39.6,195.0
Station_01,Inv_00,20170624,16:17:00,237.9,3.0,714,217.0,3.1,673,25111,16021,39.5,195.0
Station_01,Inv_00,20170624,16:18:00,192.9,4.0,772,218.0,3.4,741,25111,16021,39.5,237.0
Station_01,Inv_00,20170624,16:19:00,152.0,3.6,547,217.0,2.4,521,25111,16021,39.0,218.0
Station_01,Inv_00,20170624,16:20:00,200.5,3.8,762,218.0,3.4,741,25111,16021,38.8,241.0
Station_01,Inv_00,20170624,16:21:00,237.9,3.9,928,218.0,4.0,872,25111,16021,38.9,245.0
Station_01,Inv_00,20170624,16:22:00,240.0,4.2,1008,218.0,4.3,937,25111,16021,38.7,266.0
Station_01,Inv_00,20170624,16:23:00,223.5,4.6,1028,217.0,4.5,977,25111,16021,39.3,286.0
Station_01,Inv_00,20170624,16:24:00,239.5,4.6,1102,218.0,4.7,1025,25111,16021,39.5,295.0
Station_01,Inv_00,20170624,16:25:00,196.4,5.0,982,218.0,4.3,937,25111,16021,39.6,308.0
Station_01,Inv_00,20170624,16:26:00,185.9,5.3,986,217.0,4.2,911,25111,16021,40.3,324.0
Station_01,Inv_00,20170624,16:27:00,236.3,5.4,1276,218.0,5.5,1199,25111,16021,40.8,336.0
Station_01,Inv_00,20170624,16:28:00,206.5,5.8,1198,218.0,5.1,1112,25111,16021,41.1,350.0
Station_01,Inv_00,20170624,16:29:00,241.0,5.2,1253,218.0,5.5,1199,25111,16021,40.7,341.0
Station_01,Inv_00,20170624,16:30:00,238.4,3.3,787,218.0,3.4,741,25112,16021,39.9,223.0
Station_01,Inv_00,20170624,16:31:00,229.2,3.2,733,217.0,3.2,694,25112,16021,39.1,205.0
Station_01,Inv_00,20170624,16:32:00,218.9,4.6,1007,217.0,4.5,977,25112,16021,39.3,298.0
Station_01,Inv_00,20170624,16:33:00,220.0,4.3,946,218.0,4.1,894,25112,16021,39.1,279.0
Station_01,Inv_00,20170624,16:34:00,239.5,4.6,1102,218.0,4.6,1003,25112,16021,39.4,292.0
Station_01,Inv_00,20170624,16:35:00,222.5,4.6,1023,218.0,4.4,959,25112,16021,39.1,291.0
Station_01,Inv_00,20170624,16:36:00,223.0,4.4,981,217.0,4.1,890,25112,16021,38.9,276.0
Station_01,Inv_00,20170624,16:37:00,238.8,4.0,955,218.0,4.1,894,25112,16021,39.0,263.0
Station_01,Inv_00,20170624,16:38:00,235.4,4.2,989,218.0,4.1,894,25112,16021,38.7,263.0
Station_01,Inv_00,20170624,16:39:00,237.0,4.2,995,217.0,4.2,911,25112,16021,39.0,266.0
Station_01,Inv_00,20170624,16:40:00,237.5,3.6,855,217.0,3.9,846,25112,16021,39.1,245.0
Station_01,Inv_00,20170624,16:41:00,238.5,3.3,787,217.0,3.5,760,25112,16021,39.1,218.0
Station_01,Inv_00,20170624,16:42:00,199.0,3.5,697,217.0,3.0,651,25112,16021,39.2,212.0
Station_01,Inv_00,20170624,16:43:00,238.9,3.3,788,217.0,3.4,738,25112,16021,39.6,211.0
Station_01,Inv_00,20170624,16:44:00,196.0,3.7,725,217.0,3.2,694,25112,16021,39.8,229.0
Station_01,Inv_00,20170624,16:45:00,169.5,3.4,576,216.0,2.5,540,25112,16021,39.4,206.0
Station_01,Inv_00,20170624,16:46:00,216.0,3.6,778,217.0,3.4,738,25112,16021,39.1,229.0
Station_01,Inv_00,20170624,16:47:00,238.0,3.5,833,217.0,3.6,781,25112,16021,39.7,225.0
Station_01,Inv_00,20170624,16:48:00,239.0,3.6,860,217.0,3.7,803,25112,16021,39.0,234.0
Station_01,Inv_00,20170624,16:49:00,228.5,3.7,845,217.0,3.8,825,25112,16021,38.3,240.0
Station_01,Inv_00,20170624,16:50:00,237.4,3.7,878,217.0,3.8,825,25112,16021,38.4,244.0
Station_01,Inv_00,20170624,16:51:00,237.0,3.8,901,217.0,3.9,846,25112,16021,38.1,238.0
Station_01,Inv_00,20170624,16:52:00,228.5,2.8,640,216.0,2.9,626,25112,16021,37.9,184.0
Station_01,Inv_00,20170624,16:53:00,240.9,2.6,626,216.0,2.7,583,25112,16021,37.4,172.0
Station_01,Inv_00,20170624,16:54:00,237.4,2.5,594,216.0,2.5,540,25112,16021,36.9,162.0
Station_01,Inv_00,20170624,16:55:00,239.0,3.4,813,217.0,3.5,760,25112,16021,37.1,212.0
Station_01,Inv_00,20170624,16:56:00,237.5,2.4,570,216.0,2.5,540,25112,16021,36.7,160.0
Station_01,Inv_00,20170624,16:57:00,237.0,2.5,592,216.0,2.5,540,25112,16021,36.7,164.0
Station_01,Inv_00,20170624,16:58:00,237.0,2.5,593,215.0,2.5,538,25112,16021,36.4,159.0
Station_01,Inv_00,20170624,16:59:00,237.0,2.5,593,217.0,2.6,564,25112,16021,36.2,162.0
Station_01,Inv_00,20170624,17:00:00,235.2,2.6,611,217.0,2.7,586,25112,16021,36.2,167.0
Station_01,Inv_00,20170624,17:01:00,238.4,2.7,644,217.0,2.8,608,25112,16021,36.4,173.0
Station_01,Inv_00,20170624,17:02:00,242.5,2.7,655,217.0,2.9,629,25112,16021,35.9,177.0
Station_01,Inv_00,20170624,17:03:00,237.0,3.0,711,217.0,3.1,673,25112,16021,36.0,184.0
Station_01,Inv_00,20170624,17:04:00,244.5,4.1,1002,218.0,4.2,916,25112,16021,36.1,256.0
Station_01,Inv_00,20170624,17:05:00,243.3,3.8,925,219.0,3.9,854,25112,16021,36.2,243.0
Station_01,Inv_00,20170624,17:06:00,210.9,3.3,696,219.0,3.0,657,25112,16021,36.4,212.0
Station_01,Inv_00,20170624,17:07:00,237.9,3.0,714,218.0,3.1,676,25112,16021,36.0,195.0
Station_01,Inv_00,20170624,17:08:00,237.5,2.9,689,218.0,3.0,654,25112,16021,36.2,186.0
Station_01,Inv_00,20170624,17:09:00,235.5,2.6,612,218.0,2.7,589,25112,16021,36.1,174.0
Station_01,Inv_00,20170624,17:10:00,239.2,3.4,813,218.0,3.6,785,25112,16021,36.2,218.0
Station_01,Inv_00,20170624,17:11:00,236.5,3.4,804,218.0,3.5,763,25112,16021,36.4,197.0
Station_01,Inv_00,20170624,17:12:00,229.0,2.4,550,219.0,2.5,548,25112,16021,36.4,166.0
Station_01,Inv_00,20170624,17:13:00,236.5,2.4,568,219.0,2.5,548,25112,16021,36.1,155.0
Station_01,Inv_00,20170624,17:14:00,227.0,2.4,545,219.0,2.4,526,25112,16021,35.7,153.0
Station_01,Inv_00,20170624,17:15:00,172.0,2.3,396,218.0,1.8,392,25112,16021,35.7,153.0
Station_01,Inv_00,20170624,17:16:00,162.0,2.4,389,218.0,1.7,371,25112,16021,35.7,152.0
Station_01,Inv_00,20170624,17:17:00,177.5,2.4,426,218.0,1.9,414,25112,16021,35.4,151.0
Station_01,Inv_00,20170624,17:18:00,195.0,2.6,507,219.0,2.3,504,25112,16021,35.5,155.0
Station_01,Inv_00,20170624,17:19:00,232.9,2.5,582,219.0,2.5,548,25112,16021,35.3,153.0
Station_01,Inv_00,20170624,17:20:00,239.0,2.3,550,218.0,2.4,523,25112,16021,35.2,150.0
Station_01,Inv_00,20170624,17:21:00,237.2,2.2,522,218.0,2.2,480,25112,16021,35.4,146.0
Station_01,Inv_00,20170624,17:22:00,238.0,2.1,500,218.0,2.2,480,25112,16021,35.2,143.0
Station_01,Inv_00,20170624,17:23:00,228.0,2.2,502,218.0,2.2,480,25112,16021,35.2,140.0
Station_01,Inv_00,20170624,17:24:00,226.0,2.1,475,218.0,2.0,436,25112,16021,34.8,138.0
Station_01,Inv_00,20170624,17:25:00,235.0,2.0,470,218.0,2.0,436,25112,16021,34.7,135.0
Station_01,Inv_00,20170624,17:26:00,224.5,2.1,471,218.0,2.0,436,25112,16021,34.6,134.0
Station_01,Inv_00,20170624,17:27:00,233.5,2.0,467,218.0,2.0,436,25112,16021,34.4,134.0
Station_01,Inv_00,20170624,17:28:00,238.0,2.0,476,218.0,2.0,436,25112,16021,34.1,136.0
Station_01,Inv_00,20170624,17:29:00,228.0,2.1,479,218.0,2.0,436,25112,16021,34.2,137.0
Station_01,Inv_00,20170624,17:30:00,237.0,2.0,474,217.0,2.0,434,25112,16021,34.1,136.0
Station_01,Inv_00,20170624,17:31:00,234.0,2.0,468,218.0,2.0,436,25112,16021,34.1,132.0
Station_01,Inv_00,20170624,17:32:00,230.9,1.9,439,218.0,2.0,436,25112,16021,34.0,130.0
Station_01,Inv_00,20170624,17:33:00,239.4,1.8,431,218.0,1.9,414,25112,16021,34.0,128.0
Station_01,Inv_00,20170624,17:34:00,237.0,1.7,403,217.0,1.9,412,25112,16021,33.7,129.0
Station_01,Inv_00,20170624,17:35:00,233.3,1.8,420,218.0,1.8,392,25112,16021,33.7,123.0
Station_01,Inv_00,20170624,17:36:00,231.0,1.8,416,218.0,1.8,392,25112,16021,33.6,121.0
Station_01,Inv_00,20170624,17:37:00,237.0,1.7,403,218.0,1.8,392,25112,16021,33.7,120.0
Station_01,Inv_00,20170624,17:38:00,239.5,1.6,383,218.0,1.7,371,25112,16021,33.6,118.0
Station_01,Inv_00,20170624,17:39:00,221.0,1.6,354,217.0,1.6,347,25112,16021,33.5,117.0
Station_01,Inv_00,20170624,17:40:00,231.5,1.6,370,218.0,1.7,371,25112,16021,33.6,114.0
Station_01,Inv_00,20170624,17:41:00,228.5,1.5,343,218.0,1.5,327,25112,16021,33.6,109.0
Station_01,Inv_00,20170624,17:42:00,231.0,1.3,300,218.0,1.5,327,25112,16021,33.6,103.0
Station_01,Inv_00,20170624,17:43:00,228.5,1.4,320,218.0,1.5,327,25112,16021,33.2,100.0
Station_01,Inv_00,20170624,17:44:00,232.2,1.3,302,218.0,1.5,327,25112,16021,33.2,98.0
Station_01,Inv_00,20170624,17:45:00,214.9,1.3,279,218.0,1.4,305,25112,16021,33.2,96.0
Station_01,Inv_00,20170624,17:46:00,234.9,1.2,282,218.0,1.4,305,25112,16021,33.2,93.0
Station_01,Inv_00,20170624,17:47:00,225.5,1.2,271,219.0,1.3,285,25112,16021,33.1,92.0
Station_01,Inv_00,20170624,17:48:00,231.5,1.2,278,218.0,1.4,305,25112,16021,33.1,93.0
Station_01,Inv_00,20170624,17:49:00,238.5,1.2,286,218.0,1.4,305,25112,16021,33.0,93.0
Station_01,Inv_00,20170624,17:50:00,230.0,1.1,253,218.0,1.3,283,25112,16021,32.9,90.0
Station_01,Inv_00,20170624,17:51:00,237.4,1.1,261,218.0,1.2,262,25112,16021,32.9,87.0
Station_01,Inv_00,20170624,17:52:00,224.2,1.1,247,218.0,1.2,262,25112,16021,32.7,85.0
Station_01,Inv_00,20170624,17:53:00,185.5,1.1,204,219.0,1.1,241,25112,16021,32.8,86.0
Station_01,Inv_00,20170624,17:54:00,223.8,1.2,269,218.0,1.2,262,25112,16021,32.9,88.0
Station_01,Inv_00,20170624,17:55:00,219.2,1.2,263,218.0,1.3,283,25112,16021,32.8,90.0
Station_01,Inv_00,20170624,17:56:00,224.0,1.3,291,217.0,1.3,282,25112,16021,32.7,93.0
Station_01,Inv_00,20170624,17:57:00,228.0,1.2,274,217.0,1.3,282,25112,16021,32.7,92.0
Station_01,Inv_00,20170624,17:58:00,222.0,1.3,289,217.0,1.3,282,25112,16021,32.7,93.0
Station_01,Inv_00,20170624,17:59:00,225.2,1.3,293,217.0,1.3,282,25112,16021,32.6,96.0
Station_01,Inv_00,20170624,18:00:00,237.5,1.2,285,218.0,1.4,305,25112,16021,32.6,97.0
Station_01,Inv_00,20170624,18:01:00,203.0,1.2,244,217.0,1.2,260,25112,16021,32.5,92.0
Station_01,Inv_00,20170624,18:02:00,202.0,1.1,222,217.0,1.1,239,25112,16021,32.6,89.0
Station_01,Inv_00,20170624,18:03:00,215.0,1.2,258,218.0,1.2,262,25112,16021,32.4,99.0
Station_01,Inv_00,20170624,18:04:00,226.4,1.1,249,218.0,1.2,262,25112,16021,32.5,85.0
Station_01,Inv_00,20170624,18:05:00,223.7,1.1,246,218.0,1.2,262,25112,16021,32.3,85.0
Station_01,Inv_00,20170624,18:06:00,235.5,1.0,236,218.0,1.2,262,25112,16021,32.2,84.0
Station_01,Inv_00,20170624,18:07:00,207.0,1.1,228,217.0,1.1,239,25112,16021,32.1,84.0
Station_01,Inv_00,20170624,18:08:00,227.1,1.1,250,217.0,1.2,260,25112,16021,32.0,83.0
Station_01,Inv_00,20170624,18:09:00,226.0,1.0,226,217.0,1.1,239,25112,16021,31.9,81.0
Station_01,Inv_00,20170624,18:10:00,233.5,1.0,234,217.0,1.1,239,25112,16021,31.9,80.0
Station_01,Inv_00,20170624,18:11:00,222.6,1.0,223,217.0,1.1,239,25112,16021,31.8,76.0
Station_01,Inv_00,20170624,18:12:00,223.0,0.9,201,217.0,1.0,217,25112,16021,31.7,74.0
Station_01,Inv_00,20170624,18:13:00,208.1,0.9,187,217.0,1.0,217,25112,16021,31.6,71.0
Station_01,Inv_00,20170624,18:14:00,191.0,0.8,153,217.0,0.9,195,25112,16021,31.6,68.0
Station_01,Inv_00,20170624,18:15:00,228.7,0.7,160,218.0,0.9,196,25112,16021,31.5,64.0
Station_01,Inv_00,20170624,18:16:00,227.0,0.6,136,218.0,0.8,174,25112,16021,31.5,61.0
Station_01,Inv_00,20170624,18:17:00,212.0,0.7,148,218.0,0.8,174,25112,16021,31.4,59.0
Station_01,Inv_00,20170624,18:18:00,223.5,0.6,134,218.0,0.7,153,25112,16021,31.3,56.0
Station_01,Inv_00,20170624,18:19:00,217.5,0.6,131,218.0,0.7,153,25112,16021,31.3,55.0
Station_01,Inv_00,20170624,18:20:00,217.0,0.6,130,218.0,0.7,153,25112,16021,31.2,55.0
Station_01,Inv_00,20170624,18:21:00,216.7,0.6,130,218.0,0.7,153,25112,16021,31.2,54.0
Station_01,Inv_00,20170624,18:22:00,222.8,0.5,111,217.0,0.7,152,25112,16021,31.1,65.0
Station_01,Inv_00,20170624,18:23:00,229.0,0.5,115,217.0,0.6,130,25112,16021,31.0,52.0
Station_01,Inv_00,20170624,18:24:00,226.2,0.5,113,217.0,0.6,130,25112,16021,30.9,51.0
Station_01,Inv_00,20170624,18:25:00,212.0,0.5,106,217.0,0.6,130,25112,16021,30.8,51.0
Station_01,Inv_00,20170624,18:26:00,203.0,0.4,81,217.0,0.5,109,25112,16021,30.7,58.0
Station_01,Inv_00,20170624,18:27:00,200.0,0.4,80,217.0,0.5,109,25112,16021,30.6,56.0
Station_01,Inv_00,20170624,18:28:00,208.3,0.4,83,217.0,0.5,109,25112,16021,30.5,54.0
Station_01,Inv_00,20170624,18:29:00,187.0,0.4,75,217.0,0.5,109,25112,16021,30.3,54.0
Station_01,Inv_00,20170624,18:30:00,188.3,0.3,57,217.0,0.5,109,25112,16021,30.3,39.0
Station_01,Inv_00,20170624,18:31:00,173.7,0.3,52,217.0,0.5,109,25112,16021,30.2,37.0
Station_01,Inv_00,20170624,18:32:00,148.0,0.3,44,217.0,0.4,87,25112,16021,30.2,36.0
Station_01,Inv_00,20170624,18:33:00,187.5,0.2,38,217.0,0.4,87,25112,16021,30.1,34.0
Station_01,Inv_00,20170624,18:34:00,196.3,0.3,59,217.0,0.4,87,25112,16021,30.0,32.0
Station_01,Inv_00,20170624,18:35:00,211.0,0.2,42,216.0,0.4,86,25112,16021,30.0,30.0
Station_01,Inv_00,20170624,18:36:00,211.0,0.2,42,217.0,0.4,87,25112,16021,30.0,29.0
Station_01,Inv_00,20170624,18:37:00,197.0,0.2,39,217.0,0.4,87,25112,16021,29.9,28.0
Station_01,Inv_00,20170624,18:38:00,0.0,0.0,0,216.0,0.4,86,25112,16021,29.9,28.0
Station_01,Inv_00,20170624,18:39:00,212.0,0.2,42,216.0,0.4,86,25112,16021,29.8,552.0
Station_01,Inv_00,20170624,18:40:00,0.0,0.0,0,217.0,0.4,87,25112,16021,29.7,25.0
Station_01,Inv_00,20170624,18:41:00,0.0,0.0,0,0.0,0.0,0,25112,16021,29.7,23.0
Station_01,Inv_00,20170624,18:42:00,0.0,0.0,0,0.0,0.0,0,25112,16021,29.5,23.0
Station_01,Inv_00,20170624,18:43:00,0.0,0.0,0,0.0,0.0,0,25112,16021,29.5,22.0
Station_01,Inv_00,20170624,18:44:00,0.0,0.0,0,221.0,0.2,44,25112,16021,29.4,21.0
Station_01,Inv_00,20170624,18:45:00,0.0,0.0,0,221.0,0.2,44,25112,16021,29.4,20.0
Station_01,Inv_00,20170624,18:46:00,0.0,0.0,0,221.0,0.2,44,25112,16021,29.2,19.0
Station_01,Inv_00,20170624,18:47:00,0.0,0.0,0,221.0,0.2,44,25112,16021,29.2,19.0
Station_01,Inv_00,20170624,18:48:00,0.0,0.0,0,221.0,0.2,44,25112,16021,29.1,29.0
Station_01,Inv_00,20170624,18:49:00,0.0,0.0,0,221.0,0.2,44,25112,16021,29.1,19.0
Station_01,Inv_00,20170624,18:50:00,0.0,0.0,0,221.0,0.2,44,25112,16021,29.0,18.0
Station_01,Inv_00,20170624,18:51:00,0.0,0.0,0,221.0,0.2,44,25112,16021,28.9,21.0
Station_01,Inv_00,20170624,18:52:00,0.0,0.0,0,221.0,0.2,44,25112,16021,28.9,18.0
Station_01,Inv_00,20170624,18:53:00,0.0,0.0,0,221.0,0.2,44,25112,16021,28.9,18.0
Station_01,Inv_00,20170624,18:54:00,0.0,0.0,0,221.0,0.2,44,25112,16021,28.8,18.0
Station_01,Inv_00,20170624,18:55:00,0.0,0.0,0,221.0,0.2,44,25112,16021,28.8,19.0
Station_01,Inv_00,20170624,18:56:00,0.0,0.0,0,221.0,0.2,44,25112,16021,28.7,18.0
Station_01,Inv_00,20170624,18:57:00,0.0,0.0,0,221.0,0.2,44,25112,16021,28.7,19.0
Station_01,Inv_00,20170624,18:58:00,0.0,0.0,0,221.0,0.2,44,25112,16021,28.7,18.0
Station_01,Inv_00,20170624,18:59:00,0.0,0.0,0,221.0,0.2,44,25112,16021,28.7,18.0
Station_01,Inv_00,20170624,19:00:00,0.0,0.0,0,221.0,0.2,44,25112,16021,28.6,18.0
Station_01,Inv_00,20170624,19:01:00,0.0,0.0,0,221.0,0.2,44,25112,16021,28.7,19.0
Station_01,Inv_00,20170624,19:02:00,0.0,0.0,0,221.0,0.2,44,25112,16021,28.6,18.0
Station_01,Inv_00,20170624,19:03:00,0.0,0.0,0,221.0,0.2,44,25112,16021,28.6,18.0
Station_01,Inv_00,20170624,19:04:00,0.0,0.0,0,221.0,0.2,44,25112,16021,28.5,18.0
Station_01,Inv_00,20170624,19:05:00,0.0,0.0,0,221.0,0.2,44,25112,16021,28.5,17.0
Station_01,Inv_00,20170624,19:06:00,0.0,0.0,0,221.0,0.2,44,25112,16021,28.5,18.0
Station_01,Inv_00,20170624,19:07:00,0.0,0.0,0,221.0,0.2,44,25112,16021,28.4,18.0
Station_01,Inv_00,20170624,19:08:00,0.0,0.0,0,221.0,0.2,44,25112,16021,28.3,18.0
Station_01,Inv_00,20170624,19:09:00,0.0,0.0,0,221.0,0.2,44,25112,16021,28.4,17.0
Station_01,Inv_00,20170624,19:10:00,0.0,0.0,0,221.0,0.2,44,25112,16021,28.3,18.0
Station_01,Inv_00,20170624,19:11:00,0.0,0.0,0,221.0,0.2,44,25112,16021,28.3,18.0
Station_01,Inv_00,20170624,19:12:00,0.0,0.0,0,221.0,0.2,44,25112,16021,28.3,17.0
Station_01,Inv_00,20170624,19:13:00,0.0,0.0,0,221.0,0.2,44,25112,16021,28.2,18.0
Station_01,Inv_00,20170624,19:14:00,0.0,0.0,0,221.0,0.2,44,25112,16021,28.2,18.0
Station_01,Inv_00,20170624,19:15:00,0.0,0.0,0,221.0,0.2,44,25112,16021,28.1,17.0
Station_01,Inv_00,20170624,19:16:00,0.0,0.0,0,221.0,0.2,44,25112,16021,28.1,18.0
Station_01,Inv_00,20170624,19:17:00,0.0,0.0,0,221.0,0.2,44,25112,16021,28.1,18.0
Station_01,Inv_00,20170624,19:18:00,0.0,0.0,0,221.0,0.2,44,25112,16021,28.1,18.0
Station_01,Inv_00,20170624,19:19:00,0.0,0.0,0,221.0,0.2,44,25112,16021,28.1,18.0
Station_01,Inv_00,20170624,19:20:00,0.0,0.0,0,221.0,0.2,44,25112,16021,28.1,17.0
Station_01,Inv_00,20170624,19:21:00,0.0,0.0,0,221.0,0.2,44,25112,16021,28.1,19.0
Station_01,Inv_00,20170624,19:22:00,0.0,0.0,0,221.0,0.2,44,25112,16021,28.1,18.0
Station_01,Inv_00,20170624,19:23:00,0.0,0.0,0,221.0,0.2,44,25112,16021,28.1,18.0
Station_01,Inv_00,20170624,19:24:00,0.0,0.0,0,221.0,0.2,44,25112,16021,28.1,17.0
Station_01,Inv_00,20170624,19:25:00,0.0,0.0,0,221.0,0.2,44,25112,16021,28.1,20.0
Station_01,Inv_00,20170624,19:26:00,0.0,0.0,0,221.0,0.2,44,25112,16021,28.2,18.0
Station_01,Inv_00,20170624,19:27:00,0.0,0.0,0,221.0,0.2,44,25112,16021,28.2,18.0
Station_01,Inv_00,20170624,19:28:00,0.0,0.0,0,221.0,0.2,44,25112,16021,28.2,18.0
Station_01,Inv_00,20170624,19:29:00,0.0,0.0,0,221.0,0.2,44,25112,16021,28.3,17.0
Station_01,Inv_00,20170624,19:30:00,0.0,0.0,0,221.0,0.2,44,25112,16021,28.3,18.0
Station_01,Inv_00,20170624,19:31:00,0.0,0.0,0,221.0,0.2,44,25112,16021,28.3,17.0
Station_01,Inv_00,20170624,19:32:00,0.0,0.0,0,221.0,0.2,44,25112,16021,28.3,17.0
Station_01,Inv_00,20170624,19:33:00,0.0,0.0,0,221.0,0.2,44,25112,16021,28.3,17.0
Station_01,Inv_00,20170624,19:34:00,0.0,0.0,0,221.0,0.2,44,25112,16021,28.3,17.0
Station_01,Inv_00,20170624,19:35:00,0.0,0.0,0,221.0,0.2,44,25112,16021,28.2,17.0
Station_01,Inv_00,20170624,19:36:00,0.0,0.0,0,221.0,0.2,44,25112,16021,28.2,17.0
Station_01,Inv_00,20170624,19:37:00,0.0,0.0,0,221.0,0.2,44,25112,16021,28.2,17.0
Station_01,Inv_00,20170624,19:38:00,0.0,0.0,0,221.0,0.2,44,25112,16021,28.1,17.0
Station_01,Inv_00,20170624,19:39:00,0.0,0.0,0,221.0,0.2,44,25112,16021,28.1,17.0
Station_01,Inv_00,20170624,19:40:00,0.0,0.0,0,221.0,0.2,44,25112,16021,28.2,17.0
Station_01,Inv_00,20170624,19:41:00,0.0,0.0,0,221.0,0.2,44,25112,16021,28.1,17.0
Station_01,Inv_00,20170624,19:42:00,0.0,0.0,0,221.0,0.2,44,25112,16021,28.0,17.0
Station_01,Inv_00,20170624,19:43:00,0.0,0.0,0,221.0,0.2,44,25112,16021,28.0,17.0
Station_01,Inv_00,20170624,19:44:00,0.0,0.0,0,221.0,0.2,44,25112,16021,28.0,17.0
Station_01,Inv_00,20170624,19:45:00,0.0,0.0,0,221.0,0.2,44,25112,16021,28.0,17.0
Station_01,Inv_00,20170624,19:46:00,0.0,0.0,0,221.0,0.2,44,25112,16021,28.0,17.0
Station_01,Inv_00,20170624,19:47:00,0.0,0.0,0,221.0,0.2,44,25112,16021,28.0,20.0
Station_01,Inv_00,20170624,19:48:00,0.0,0.0,0,221.0,0.2,44,25112,16021,28.0,17.0
Station_01,Inv_00,20170624,19:49:00,0.0,0.0,0,221.0,0.2,44,25112,16021,27.9,17.0
Station_01,Inv_00,20170624,19:50:00,0.0,0.0,0,221.0,0.2,44,25112,16021,27.9,17.0
Station_01,Inv_00,20170624,19:51:00,0.0,0.0,0,221.0,0.2,44,25112,16021,27.8,19.0
Station_01,Inv_00,20170624,19:52:00,0.0,0.0,0,221.0,0.2,44,25112,16021,27.9,17.0
Station_01,Inv_00,20170624,19:53:00,0.0,0.0,0,221.0,0.2,44,25112,16021,27.8,18.0
Station_01,Inv_00,20170624,19:54:00,0.0,0.0,0,221.0,0.2,44,25112,16021,27.8,18.0
Station_01,Inv_00,20170624,19:55:00,0.0,0.0,0,221.0,0.2,44,25112,16021,27.8,17.0
Station_01,Inv_00,20170624,19:56:00,0.0,0.0,0,221.0,0.2,44,25112,16021,27.8,18.0
Station_01,Inv_00,20170624,19:57:00,0.0,0.0,0,221.0,0.2,44,25112,16021,27.7,20.0
Station_01,Inv_00,20170624,19:58:00,0.0,0.0,0,221.0,0.2,44,25112,16021,27.7,17.0
Station_01,Inv_00,20170624,19:59:00,0.0,0.0,0,221.0,0.2,44,25112,16021,27.7,17.0
Station_01,Inv_00,20170624,20:00:00,0.0,0.0,0,221.0,0.2,44,25112,16021,27.6,17.0
