Station_01,Inv_00,20170719,05:00:00,0.0,0.0,0,217.0,0.4,87,25536,16292,24.3,18.0
Station_01,Inv_00,20170719,05:01:00,0.0,0.0,0,217.0,0.4,87,25536,16292,24.4,18.0
Station_01,Inv_00,20170719,05:02:00,0.0,0.0,0,217.0,0.4,87,25536,16292,24.3,18.0
Station_01,Inv_00,20170719,05:03:00,0.0,0.0,0,217.0,0.4,87,25536,16292,24.3,18.0
Station_01,Inv_00,20170719,05:04:00,0.0,0.0,0,217.0,0.4,87,25536,16292,24.3,18.0
Station_01,Inv_00,20170719,05:05:00,0.0,0.0,0,217.0,0.4,87,25536,16292,24.4,18.0
Station_01,Inv_00,20170719,05:06:00,0.0,0.0,0,217.0,0.4,87,25536,16292,24.4,19.0
Station_01,Inv_00,20170719,05:07:00,0.0,0.0,0,217.0,0.4,87,25536,16292,24.4,19.0
Station_01,Inv_00,20170719,05:08:00,0.0,0.0,0,217.0,0.4,87,25536,16292,24.4,19.0
Station_01,Inv_00,20170719,05:09:00,0.0,0.0,0,217.0,0.4,87,25536,16292,24.3,19.0
Station_01,Inv_00,20170719,05:10:00,0.0,0.0,0,217.0,0.4,87,25536,16292,24.3,20.0
Station_01,Inv_00,20170719,05:11:00,0.0,0.0,0,217.0,0.4,87,25536,16292,24.4,20.0
Station_01,Inv_00,20170719,05:12:00,0.0,0.0,0,217.0,0.4,87,25536,16292,24.3,20.0
Station_01,Inv_00,20170719,05:13:00,0.0,0.0,0,217.0,0.4,87,25536,16292,24.4,20.0
Station_01,Inv_00,20170719,05:14:00,0.0,0.0,0,217.0,0.4,87,25536,16292,24.4,20.0
Station_01,Inv_00,20170719,05:15:00,0.0,0.0,0,217.0,0.4,87,25536,16292,24.4,21.0
Station_01,Inv_00,20170719,05:16:00,0.0,0.0,0,217.0,0.4,87,25536,16292,24.4,21.0
Station_01,Inv_00,20170719,05:17:00,0.0,0.0,0,217.0,0.4,87,25536,16292,24.3,21.0
Station_01,Inv_00,20170719,05:18:00,0.0,0.0,0,217.0,0.4,87,25536,16292,24.4,21.0
Station_01,Inv_00,20170719,05:19:00,0.0,0.0,0,217.0,0.4,87,25536,16292,24.4,21.0
Station_01,Inv_00,20170719,05:20:00,0.0,0.0,0,217.0,0.4,87,25536,16292,24.4,21.0
Station_01,Inv_00,20170719,05:21:00,0.0,0.0,0,217.0,0.4,87,25536,16292,24.3,22.0
Station_01,Inv_00,20170719,05:22:00,0.0,0.0,0,217.0,0.4,87,25536,16292,24.3,23.0
Station_01,Inv_00,20170719,05:23:00,0.0,0.0,0,217.0,0.4,87,25536,16292,24.3,23.0
Station_01,Inv_00,20170719,05:24:00,0.0,0.0,0,217.0,0.4,87,25536,16292,24.3,24.0
Station_01,Inv_00,20170719,05:25:00,0.0,0.0,0,217.0,0.4,87,25536,16292,24.4,24.0
Station_01,Inv_00,20170719,05:26:00,0.0,0.0,0,217.0,0.4,87,25536,16292,24.4,25.0
Station_01,Inv_00,20170719,05:27:00,0.0,0.0,0,217.0,0.4,87,25536,16292,24.5,25.0
Station_01,Inv_00,20170719,05:28:00,0.0,0.0,0,221.0,0.5,111,25536,16292,24.6,26.0
Station_01,Inv_00,20170719,05:29:00,0.0,0.0,0,221.0,0.5,111,25536,16292,24.6,27.0
Station_01,Inv_00,20170719,05:30:00,0.0,0.0,0,220.0,0.5,110,25536,16292,24.7,28.0
Station_01,Inv_00,20170719,05:31:00,0.0,0.0,0,220.0,0.5,110,25536,16292,24.7,29.0
Station_01,Inv_00,20170719,05:32:00,0.0,0.0,0,220.0,0.5,110,25536,16292,24.7,30.0
Station_01,Inv_00,20170719,05:33:00,0.0,0.0,0,220.0,0.5,110,25536,16292,24.8,459.0
Station_01,Inv_00,20170719,05:34:00,220.0,0.2,44,215.0,0.4,86,25536,16292,24.7,32.0
Station_01,Inv_00,20170719,05:35:00,208.0,0.2,42,216.0,0.4,86,25536,16292,24.7,32.0
Station_01,Inv_00,20170719,05:36:00,198.0,0.2,40,215.0,0.5,108,25536,16292,24.7,34.0
Station_01,Inv_00,20170719,05:37:00,206.0,0.3,62,216.0,0.4,86,25536,16292,24.7,34.0
Station_01,Inv_00,20170719,05:38:00,216.0,0.2,43,215.0,0.4,86,25536,16292,24.8,34.0
Station_01,Inv_00,20170719,05:39:00,203.0,0.2,41,216.0,0.4,86,25536,16292,24.8,35.0
Station_01,Inv_00,20170719,05:40:00,215.0,0.3,65,216.0,0.5,108,25536,16292,24.8,36.0
Station_01,Inv_00,20170719,05:41:00,220.7,0.3,66,216.0,0.5,108,25536,16292,24.8,38.0
Station_01,Inv_00,20170719,05:42:00,193.3,0.3,58,216.0,0.5,108,25536,16292,24.9,40.0
Station_01,Inv_00,20170719,05:43:00,216.0,0.3,65,216.0,0.5,108,25536,16292,24.9,42.0
Station_01,Inv_00,20170719,05:44:00,225.5,0.4,90,217.0,0.5,109,25536,16292,24.9,43.0
Station_01,Inv_00,20170719,05:45:00,219.0,0.4,88,217.0,0.5,109,25536,16292,25.0,45.0
Station_01,Inv_00,20170719,05:46:00,223.0,0.4,89,217.0,0.5,109,25536,16292,25.0,48.0
Station_01,Inv_00,20170719,05:47:00,228.0,0.4,91,217.0,0.5,109,25536,16292,25.1,50.0
Station_01,Inv_00,20170719,05:48:00,210.6,0.5,105,216.0,0.6,130,25536,16292,25.1,52.0
Station_01,Inv_00,20170719,05:49:00,213.0,0.5,107,216.0,0.6,130,25536,16292,25.3,54.0
Station_01,Inv_00,20170719,05:50:00,212.0,0.5,106,216.0,0.6,130,25536,16292,25.4,56.0
Station_01,Inv_00,20170719,05:51:00,224.6,0.5,112,216.0,0.6,130,25536,16292,25.4,57.0
Station_01,Inv_00,20170719,05:52:00,228.0,0.6,137,216.0,0.7,151,25536,16292,25.5,59.0
Station_01,Inv_00,20170719,05:53:00,234.8,0.5,117,216.0,0.7,151,25536,16292,25.6,61.0
Station_01,Inv_00,20170719,05:54:00,223.5,0.6,134,217.0,0.7,152,25536,16292,25.6,62.0
Station_01,Inv_00,20170719,05:55:00,223.0,0.5,112,217.0,0.7,152,25536,16292,25.6,64.0
Station_01,Inv_00,20170719,05:56:00,233.5,0.6,140,215.0,0.8,172,25536,16292,25.8,66.0
Station_01,Inv_00,20170719,05:57:00,225.0,0.7,158,215.0,0.8,172,25536,16292,25.8,68.0
Station_01,Inv_00,20170719,05:58:00,233.4,0.7,163,215.0,0.8,172,25536,16292,25.8,71.0
Station_01,Inv_00,20170719,05:59:00,193.0,0.7,135,215.0,0.8,172,25536,16292,25.9,73.0
Station_01,Inv_00,20170719,06:00:00,242.0,0.7,169,214.0,0.9,193,25536,16292,26.0,76.0
Station_01,Inv_00,20170719,06:01:00,199.0,0.8,159,215.0,0.8,172,25536,16292,26.0,78.0
Station_01,Inv_00,20170719,06:02:00,242.7,0.7,170,215.0,1.0,215,25536,16292,26.1,80.0
Station_01,Inv_00,20170719,06:03:00,240.4,0.7,168,215.0,1.0,215,25536,16292,26.1,83.0
Station_01,Inv_00,20170719,06:04:00,232.5,0.8,186,216.0,1.0,216,25536,16292,26.2,85.0
Station_01,Inv_00,20170719,06:05:00,237.9,0.9,214,214.0,1.0,214,25536,16292,26.2,87.0
Station_01,Inv_00,20170719,06:06:00,241.4,0.9,217,215.0,1.0,215,25536,16292,26.3,90.0
Station_01,Inv_00,20170719,06:07:00,237.4,0.9,214,214.0,1.0,214,25536,16292,26.4,92.0
Station_01,Inv_00,20170719,06:08:00,223.4,0.9,201,214.0,1.0,214,25536,16292,26.5,94.0
Station_01,Inv_00,20170719,06:09:00,237.8,0.9,214,214.0,1.1,235,25536,16292,26.6,97.0
Station_01,Inv_00,20170719,06:10:00,236.0,1.0,236,217.0,1.1,239,25536,16292,26.7,100.0
Station_01,Inv_00,20170719,06:11:00,197.0,1.1,217,217.0,1.0,217,25536,16292,26.8,103.0
Station_01,Inv_00,20170719,06:12:00,234.3,1.1,258,217.0,1.2,260,25536,16292,26.9,106.0
Station_01,Inv_00,20170719,06:13:00,234.6,1.1,258,217.0,1.2,260,25536,16292,27.1,110.0
Station_01,Inv_00,20170719,06:14:00,252.3,1.1,278,217.0,1.3,282,25536,16292,27.2,113.0
Station_01,Inv_00,20170719,06:15:00,255.0,1.1,281,217.0,1.3,282,25536,16292,27.5,117.0
Station_01,Inv_00,20170719,06:16:00,205.0,1.3,267,217.0,1.2,260,25536,16292,27.7,120.0
Station_01,Inv_00,20170719,06:17:00,237.8,1.3,309,217.0,1.4,304,25536,16292,27.9,123.0
Station_01,Inv_00,20170719,06:18:00,247.0,1.3,321,217.0,1.5,326,25536,16292,28.1,126.0
Station_01,Inv_00,20170719,06:19:00,243.0,1.3,316,217.0,1.5,326,25536,16292,28.3,129.0
Station_01,Inv_00,20170719,06:20:00,248.0,1.4,347,217.0,1.5,326,25536,16292,28.5,132.0
Station_01,Inv_00,20170719,06:21:00,220.0,1.5,330,217.0,1.5,326,25536,16292,28.7,135.0
Station_01,Inv_00,20170719,06:22:00,246.0,1.5,369,217.0,1.5,326,25536,16292,28.9,139.0
Station_01,Inv_00,20170719,06:23:00,243.5,1.4,341,217.0,1.6,347,25536,16292,29.1,142.0
Station_01,Inv_00,20170719,06:24:00,247.0,1.6,395,217.0,1.7,369,25536,16292,29.2,145.0
Station_01,Inv_00,20170719,06:25:00,233.0,1.6,373,217.0,1.6,347,25536,16292,29.5,148.0
Station_01,Inv_00,20170719,06:26:00,235.0,1.7,400,217.0,1.7,369,25536,16292,29.7,152.0
Station_01,Inv_00,20170719,06:27:00,249.0,1.7,423,217.0,1.8,391,25536,16292,29.9,156.0
Station_01,Inv_00,20170719,06:28:00,248.5,1.6,398,219.0,1.9,416,25536,16292,30.2,159.0
Station_01,Inv_00,20170719,06:29:00,250.0,1.8,450,218.0,2.0,436,25536,16292,30.3,162.0
Station_01,Inv_00,20170719,06:30:00,233.2,1.9,443,217.0,2.0,434,25536,16292,30.5,167.0
Station_01,Inv_00,20170719,06:31:00,253.9,1.9,483,217.0,2.0,434,25536,16292,30.6,171.0
Station_01,Inv_00,20170719,06:32:00,242.2,2.0,484,217.0,2.1,456,25536,16292,30.7,174.0
Station_01,Inv_00,20170719,06:33:00,227.4,2.1,478,217.0,2.0,434,25536,16292,30.9,177.0
Station_01,Inv_00,20170719,06:34:00,242.9,2.1,510,218.0,2.2,480,25536,16292,30.8,181.0
Station_01,Inv_00,20170719,06:35:00,249.3,2.1,524,217.0,2.3,499,25536,16292,31.2,184.0
Station_01,Inv_00,20170719,06:36:00,230.0,2.1,483,218.0,2.2,480,25536,16292,31.4,186.0
Station_01,Inv_00,20170719,06:37:00,239.8,2.3,552,218.0,2.3,501,25536,16292,31.7,190.0
Station_01,Inv_00,20170719,06:38:00,213.5,2.3,491,218.0,2.2,480,25536,16292,31.9,195.0
Station_01,Inv_00,20170719,06:39:00,245.9,2.3,566,218.0,2.5,545,25536,16292,32.0,199.0
Station_01,Inv_00,20170719,06:40:00,245.0,2.4,588,218.0,2.5,545,25536,16292,32.2,202.0
Station_01,Inv_00,20170719,06:41:00,215.0,2.4,516,218.0,2.4,523,25536,16292,32.4,206.0
Station_01,Inv_00,20170719,06:42:00,247.5,2.5,619,218.0,2.7,589,25536,16292,32.5,210.0
Station_01,Inv_00,20170719,06:43:00,246.5,2.5,616,217.0,2.8,608,25536,16292,32.9,214.0
Station_01,Inv_00,20170719,06:44:00,250.0,2.6,650,217.0,2.8,608,25536,16292,33.0,216.0
Station_01,Inv_00,20170719,06:45:00,239.0,2.7,645,217.0,2.8,608,25536,16292,33.5,217.0
Station_01,Inv_00,20170719,06:46:00,245.0,2.7,662,217.0,2.9,629,25536,16292,33.7,221.0
Station_01,Inv_00,20170719,06:47:00,233.9,2.7,632,216.0,2.9,626,25536,16292,33.8,225.0
Station_01,Inv_00,20170719,06:48:00,244.1,2.7,659,216.0,3.1,670,25536,16292,34.1,228.0
Station_01,Inv_00,20170719,06:49:00,245.5,2.9,712,216.0,3.1,670,25536,16292,34.3,231.0
Station_01,Inv_00,20170719,06:50:00,244.0,3.0,732,218.0,3.1,676,25536,16292,34.8,235.0
Station_01,Inv_00,20170719,06:51:00,243.5,3.0,731,218.0,3.1,676,25536,16292,34.7,237.0
Station_01,Inv_00,20170719,06:52:00,248.3,3.0,745,217.0,3.2,694,25536,16292,35.2,241.0
Station_01,Inv_00,20170719,06:53:00,248.0,3.1,769,216.0,3.3,713,25536,16292,35.3,244.0
Station_01,Inv_00,20170719,06:54:00,241.0,3.2,771,217.0,3.3,716,25536,16292,35.7,247.0
Station_01,Inv_00,20170719,06:55:00,241.5,3.3,797,216.0,3.5,756,25536,16292,36.0,250.0
Station_01,Inv_00,20170719,06:56:00,245.0,3.3,808,216.0,3.5,756,25536,16292,36.4,254.0
Station_01,Inv_00,20170719,06:57:00,241.0,3.4,819,216.0,3.6,778,25536,16292,36.7,258.0
Station_01,Inv_00,20170719,06:58:00,240.5,3.3,794,216.0,3.6,778,25536,16292,36.9,261.0
Station_01,Inv_00,20170719,06:59:00,244.5,3.5,856,217.0,3.6,781,25536,16292,37.0,265.0
Station_01,Inv_00,20170719,07:00:00,227.9,3.6,820,216.0,3.6,778,25536,16292,37.0,268.0
Station_01,Inv_00,20170719,07:01:00,241.0,3.5,844,217.0,3.8,825,25536,16292,37.5,271.0
Station_01,Inv_00,20170719,07:02:00,243.5,3.5,852,217.0,3.8,825,25536,16292,37.7,275.0
Station_01,Inv_00,20170719,07:03:00,225.9,3.7,836,216.0,3.8,821,25536,16292,38.0,279.0
Station_01,Inv_00,20170719,07:04:00,233.0,3.7,862,216.0,3.9,842,25536,16292,38.2,282.0
Station_01,Inv_00,20170719,07:05:00,245.0,3.7,906,216.0,4.0,864,25536,16292,38.5,286.0
Station_01,Inv_00,20170719,07:06:00,243.0,3.9,948,216.0,4.0,864,25536,16292,38.8,288.0
Station_01,Inv_00,20170719,07:07:00,242.5,3.9,946,216.0,4.1,886,25536,16292,39.0,292.0
Station_01,Inv_00,20170719,07:08:00,245.4,3.9,957,217.0,4.0,868,25536,16292,39.2,294.0
Station_01,Inv_00,20170719,07:09:00,243.0,4.0,972,216.0,4.1,886,25536,16292,39.3,297.0
Station_01,Inv_00,20170719,07:10:00,240.0,4.0,960,216.0,4.1,886,25536,16292,39.5,301.0
Station_01,Inv_00,20170719,07:11:00,225.5,4.3,970,216.0,4.0,864,25536,16292,39.9,305.0
Station_01,Inv_00,20170719,07:12:00,244.0,4.2,1025,217.0,4.3,933,25536,16292,40.0,310.0
Station_01,Inv_00,20170719,07:13:00,240.3,4.2,1009,216.0,4.4,950,25536,16292,40.3,315.0
Station_01,Inv_00,20170719,07:14:00,242.0,4.4,1065,218.0,4.4,959,25536,16292,40.1,319.0
Station_01,Inv_00,20170719,07:15:00,240.4,4.3,1034,217.0,4.5,977,25536,16292,40.3,322.0
Station_01,Inv_00,20170719,07:16:00,244.0,4.5,1098,217.0,4.6,998,25536,16292,40.4,325.0
Station_01,Inv_00,20170719,07:17:00,240.5,4.6,1106,217.0,4.6,998,25536,16292,40.3,328.0
Station_01,Inv_00,20170719,07:18:00,243.0,4.5,1093,216.0,4.7,1015,25536,16292,40.0,332.0
Station_01,Inv_00,20170719,07:19:00,241.0,4.7,1133,217.0,4.7,1020,25536,16292,40.6,336.0
Station_01,Inv_00,20170719,07:20:00,239.5,4.8,1150,217.0,4.8,1042,25536,16292,40.6,339.0
Station_01,Inv_00,20170719,07:21:00,236.5,4.9,1159,217.0,4.9,1063,25536,16292,40.9,342.0
Station_01,Inv_00,20170719,07:22:00,236.0,4.8,1133,217.0,4.9,1063,25536,16292,41.0,345.0
Station_01,Inv_00,20170719,07:23:00,240.0,4.8,1152,218.0,5.0,1090,25536,16292,41.2,349.0
Station_01,Inv_00,20170719,07:24:00,240.0,4.9,1176,219.0,5.1,1117,25536,16292,41.5,355.0
Station_01,Inv_00,20170719,07:25:00,239.0,5.1,1219,217.0,5.1,1107,25536,16292,41.8,356.0
Station_01,Inv_00,20170719,07:26:00,238.5,5.0,1192,218.0,5.2,1134,25536,16292,42.1,359.0
Station_01,Inv_00,20170719,07:27:00,232.9,5.3,1234,217.0,5.1,1107,25536,16292,42.5,363.0
Station_01,Inv_00,20170719,07:28:00,238.9,5.3,1266,218.0,5.3,1155,25536,16292,42.0,368.0
Station_01,Inv_00,20170719,07:29:00,239.4,5.2,1245,218.0,5.4,1177,25537,16293,42.4,371.0
Station_01,Inv_00,20170719,07:30:00,229.0,5.4,1237,219.0,5.2,1139,25537,16293,42.8,374.0
Station_01,Inv_00,20170719,07:31:00,234.5,5.5,1290,219.0,5.4,1183,25537,16293,42.9,378.0
Station_01,Inv_00,20170719,07:32:00,234.5,5.5,1290,219.0,5.5,1205,25537,16293,43.3,382.0
Station_01,Inv_00,20170719,07:33:00,242.4,5.3,1285,219.0,5.6,1226,25537,16293,43.4,384.0
Station_01,Inv_00,20170719,07:34:00,240.5,5.6,1347,218.0,5.6,1221,25537,16293,43.8,390.0
Station_01,Inv_00,20170719,07:35:00,241.0,5.5,1325,218.0,5.7,1243,25537,16293,43.4,393.0
Station_01,Inv_00,20170719,07:36:00,226.5,5.7,1291,219.0,5.6,1226,25537,16293,43.8,396.0
Station_01,Inv_00,20170719,07:37:00,237.0,5.7,1351,219.0,5.8,1270,25537,16293,44.0,398.0
Station_01,Inv_00,20170719,07:38:00,234.5,5.9,1384,218.0,5.8,1264,25537,16293,43.7,400.0
Station_01,Inv_00,20170719,07:39:00,241.0,5.8,1398,217.0,5.9,1280,25537,16293,44.7,401.0
Station_01,Inv_00,20170719,07:40:00,238.5,5.9,1407,218.0,6.0,1308,25537,16293,45.1,406.0
Station_01,Inv_00,20170719,07:41:00,235.5,5.9,1389,218.0,6.0,1308,25537,16293,44.2,410.0
Station_01,Inv_00,20170719,07:42:00,236.0,6.1,1439,218.0,6.1,1330,25537,16293,45.3,414.0
Station_01,Inv_00,20170719,07:43:00,231.0,6.1,1409,218.0,6.2,1352,25537,16293,45.8,419.0
Station_01,Inv_00,20170719,07:44:00,233.5,6.1,1424,218.0,6.2,1352,25537,16293,45.7,421.0
Station_01,Inv_00,20170719,07:45:00,235.5,6.1,1437,219.0,6.2,1358,25537,16293,44.4,424.0
Station_01,Inv_00,20170719,07:46:00,238.9,6.2,1481,219.0,6.2,1358,25537,16293,45.6,424.0
Station_01,Inv_00,20170719,07:47:00,236.4,6.2,1466,219.0,6.3,1380,25537,16293,45.9,425.0
Station_01,Inv_00,20170719,07:48:00,231.5,6.3,1458,218.0,6.3,1373,25537,16293,46.5,430.0
Station_01,Inv_00,20170719,07:49:00,234.5,6.3,1477,219.0,6.4,1402,25537,16293,46.7,433.0
Station_01,Inv_00,20170719,07:50:00,237.5,6.3,1496,220.0,6.5,1430,25537,16293,46.6,439.0
Station_01,Inv_00,20170719,07:51:00,218.0,6.6,1439,220.0,6.2,1364,25537,16293,47.0,443.0
Station_01,Inv_00,20170719,07:52:00,237.9,6.6,1570,220.0,6.6,1452,25537,16293,47.3,446.0
Station_01,Inv_00,20170719,07:53:00,228.5,6.7,1531,220.0,6.6,1452,25537,16293,46.5,451.0
Station_01,Inv_00,20170719,07:54:00,235.0,6.6,1551,220.0,6.7,1474,25537,16293,47.4,455.0
Station_01,Inv_00,20170719,07:55:00,236.0,6.7,1581,220.0,6.7,1474,25537,16293,48.1,455.0
Station_01,Inv_00,20170719,07:56:00,227.0,6.9,1566,219.0,6.7,1467,25537,16293,48.0,458.0
Station_01,Inv_00,20170719,07:57:00,234.5,6.9,1618,220.0,6.8,1496,25537,16293,48.2,465.0
Station_01,Inv_00,20170719,07:58:00,232.5,6.9,1604,219.0,7.0,1533,25537,16293,48.6,470.0
Station_01,Inv_00,20170719,07:59:00,232.0,6.9,1601,219.0,6.8,1489,25537,16293,48.8,475.0
Station_01,Inv_00,20170719,08:00:00,228.9,7.0,1603,220.0,6.9,1518,25537,16293,48.4,479.0
Station_01,Inv_00,20170719,08:01:00,227.5,7.1,1615,220.0,7.0,1540,25537,16293,48.6,479.0
Station_01,Inv_00,20170719,08:02:00,226.4,7.1,1607,218.0,7.0,1526,25537,16293,49.1,482.0
Station_01,Inv_00,20170719,08:03:00,223.4,7.3,1631,217.0,7.0,1519,25537,16293,49.5,485.0
Station_01,Inv_00,20170719,08:04:00,230.6,7.2,1660,217.0,7.2,1562,25537,16293,48.7,487.0
Station_01,Inv_00,20170719,08:05:00,221.5,7.5,1661,218.0,7.2,1570,25537,16293,48.7,488.0
Station_01,Inv_00,20170719,08:06:00,231.5,7.3,1690,218.0,7.3,1591,25537,16293,49.5,492.0
Station_01,Inv_00,20170719,08:07:00,223.0,7.7,1717,218.0,7.4,1613,25537,16293,50.0,497.0
Station_01,Inv_00,20170719,08:08:00,216.5,7.7,1667,218.0,7.2,1570,25537,16293,50.4,497.0
Station_01,Inv_00,20170719,08:09:00,217.5,7.8,1697,218.0,7.3,1591,25538,16293,50.9,504.0
Station_01,Inv_00,20170719,08:10:00,214.5,7.8,1673,218.0,7.3,1591,25538,16293,50.8,507.0
Station_01,Inv_00,20170719,08:11:00,207.0,8.0,1656,218.0,7.2,1570,25538,16293,51.3,513.0
Station_01,Inv_00,20170719,08:12:00,183.5,8.2,1505,217.0,6.5,1411,25538,16293,51.3,519.0
Station_01,Inv_00,20170719,08:13:00,186.0,8.3,1544,219.0,6.6,1445,25538,16293,51.8,524.0
Station_01,Inv_00,20170719,08:14:00,191.0,8.3,1585,218.0,6.8,1482,25538,16293,52.2,528.0
Station_01,Inv_00,20170719,08:15:00,191.0,8.3,1585,218.0,6.9,1504,25538,16293,52.2,526.0
Station_01,Inv_00,20170719,08:16:00,191.0,8.4,1604,218.0,6.9,1504,25538,16293,52.0,529.0
Station_01,Inv_00,20170719,08:17:00,192.0,8.5,1632,218.0,7.0,1526,25538,16293,51.9,537.0
Station_01,Inv_00,20170719,08:18:00,192.5,8.6,1656,218.0,7.1,1548,25538,16293,51.7,544.0
Station_01,Inv_00,20170719,08:19:00,192.0,8.6,1651,218.0,7.2,1570,25538,16293,52.3,546.0
Station_01,Inv_00,20170719,08:20:00,191.0,8.7,1662,218.0,7.1,1548,25538,16293,53.0,545.0
Station_01,Inv_00,20170719,08:21:00,191.0,8.7,1662,218.0,7.2,1570,25538,16293,53.5,546.0
Station_01,Inv_00,20170719,08:22:00,191.0,8.8,1681,219.0,7.2,1577,25538,16293,53.8,550.0
Station_01,Inv_00,20170719,08:23:00,191.5,8.8,1685,220.0,7.2,1584,25538,16293,54.2,549.0
Station_01,Inv_00,20170719,08:24:00,192.0,8.9,1709,219.0,7.2,1577,25538,16293,54.0,552.0
Station_01,Inv_00,20170719,08:25:00,201.0,8.9,1789,220.0,7.7,1694,25538,16293,54.8,558.0
Station_01,Inv_00,20170719,08:26:00,225.0,8.6,1935,219.0,8.3,1818,25538,16293,54.2,562.0
Station_01,Inv_00,20170719,08:27:00,229.4,8.4,1927,220.0,8.3,1826,25538,16293,54.9,563.0
Station_01,Inv_00,20170719,08:28:00,224.5,8.7,1953,220.0,8.3,1826,25538,16293,53.8,566.0
Station_01,Inv_00,20170719,08:29:00,226.5,8.7,1970,220.0,8.4,1848,25538,16293,54.7,569.0
Station_01,Inv_00,20170719,08:30:00,213.5,9.1,1943,220.0,8.3,1826,25538,16293,55.1,570.0
Station_01,Inv_00,20170719,08:31:00,224.0,8.8,1971,220.0,8.5,1870,25538,16293,55.7,574.0
Station_01,Inv_00,20170719,08:32:00,216.0,9.1,1965,220.0,8.4,1848,25538,16293,55.9,578.0
Station_01,Inv_00,20170719,08:33:00,226.0,8.9,2011,220.0,8.7,1914,25538,16293,56.3,581.0
Station_01,Inv_00,20170719,08:34:00,223.9,9.1,2038,220.0,8.8,1936,25538,16293,56.7,594.0
Station_01,Inv_00,20170719,08:35:00,223.5,9.1,2034,221.0,8.7,1923,25538,16293,56.5,588.0
Station_01,Inv_00,20170719,08:36:00,222.0,9.1,2020,220.0,8.7,1914,25538,16293,57.2,585.0
Station_01,Inv_00,20170719,08:37:00,210.5,9.5,2000,220.0,8.5,1870,25538,16293,56.5,591.0
Station_01,Inv_00,20170719,08:38:00,209.0,9.4,1965,220.0,8.5,1870,25538,16293,56.7,589.0
Station_01,Inv_00,20170719,08:39:00,209.5,9.6,2011,218.0,8.7,1897,25538,16293,56.8,596.0
Station_01,Inv_00,20170719,08:40:00,210.5,9.7,2042,217.0,8.7,1888,25538,16293,55.7,603.0
Station_01,Inv_00,20170719,08:41:00,210.0,9.7,2037,217.0,8.8,1910,25538,16293,54.4,608.0
Station_01,Inv_00,20170719,08:42:00,209.0,9.7,2027,217.0,8.7,1888,25539,16294,54.9,607.0
Station_01,Inv_00,20170719,08:43:00,210.0,9.8,2058,217.0,8.9,1931,25539,16294,55.3,612.0
Station_01,Inv_00,20170719,08:44:00,210.0,9.9,2079,217.0,8.9,1931,25539,16294,55.6,614.0
Station_01,Inv_00,20170719,08:45:00,210.5,9.9,2084,218.0,9.0,1962,25539,16294,56.2,615.0
Station_01,Inv_00,20170719,08:46:00,210.0,9.8,2058,217.0,9.0,1953,25539,16294,55.2,615.0
Station_01,Inv_00,20170719,08:47:00,209.5,9.9,2074,217.0,9.0,1953,25539,16294,55.3,621.0
Station_01,Inv_00,20170719,08:48:00,210.5,10.0,2105,218.0,9.1,1984,25539,16294,56.3,622.0
Station_01,Inv_00,20170719,08:49:00,210.5,10.1,2126,218.0,9.2,2006,25539,16294,55.7,628.0
Station_01,Inv_00,20170719,08:50:00,210.0,10.2,2142,218.0,9.3,2027,25539,16294,55.1,634.0
Station_01,Inv_00,20170719,08:51:00,210.0,10.1,2121,219.0,9.2,2015,25539,16294,55.5,634.0
Station_01,Inv_00,20170719,08:52:00,210.5,10.1,2126,218.0,9.2,2006,25539,16294,55.0,634.0
Station_01,Inv_00,20170719,08:53:00,210.5,10.3,2168,217.0,9.3,2018,25539,16294,55.3,637.0
Station_01,Inv_00,20170719,08:54:00,210.0,10.4,2184,217.0,9.4,2040,25539,16294,55.5,649.0
Station_01,Inv_00,20170719,08:55:00,209.0,10.5,2194,217.0,9.5,2062,25539,16294,54.7,653.0
Station_01,Inv_00,20170719,08:56:00,210.0,10.6,2226,217.0,9.7,2105,25539,16294,54.1,662.0
Station_01,Inv_00,20170719,08:57:00,210.0,10.6,2226,217.0,9.7,2105,25539,16294,54.7,662.0
Station_01,Inv_00,20170719,08:58:00,211.0,10.6,2237,217.0,9.7,2105,25539,16294,54.0,661.0
Station_01,Inv_00,20170719,08:59:00,210.5,10.6,2231,217.0,9.7,2105,25539,16294,54.6,659.0
Station_01,Inv_00,20170719,09:00:00,210.5,10.7,2252,217.0,9.8,2127,25539,16294,55.2,664.0
Station_01,Inv_00,20170719,09:01:00,210.5,10.7,2252,217.0,9.8,2127,25539,16294,55.6,663.0
Station_01,Inv_00,20170719,09:02:00,211.0,10.7,2258,218.0,9.8,2136,25539,16294,55.1,663.0
Station_01,Inv_00,20170719,09:03:00,210.5,10.7,2252,218.0,9.8,2136,25539,16294,54.4,671.0
Station_01,Inv_00,20170719,09:04:00,210.5,10.7,2252,217.0,9.8,2127,25539,16294,55.0,671.0
Station_01,Inv_00,20170719,09:05:00,211.0,10.9,2300,217.0,9.9,2148,25539,16294,54.3,677.0
Station_01,Inv_00,20170719,09:06:00,210.0,11.0,2310,216.0,10.1,2182,25539,16294,55.3,683.0
Station_01,Inv_00,20170719,09:07:00,210.0,11.1,2331,216.0,10.2,2203,25539,16294,56.0,688.0
Station_01,Inv_00,20170719,09:08:00,221.5,10.7,2370,216.0,10.4,2246,25539,16294,56.4,692.0
Station_01,Inv_00,20170719,09:09:00,224.0,10.6,2374,217.0,10.4,2257,25539,16294,54.6,696.0
Station_01,Inv_00,20170719,09:10:00,213.0,11.0,2343,217.0,10.2,2213,25540,16295,53.6,692.0
Station_01,Inv_00,20170719,09:11:00,212.0,11.1,2353,216.0,10.3,2225,25540,16295,53.8,693.0
Station_01,Inv_00,20170719,09:12:00,212.0,11.2,2374,217.0,10.3,2235,25540,16295,54.1,698.0
Station_01,Inv_00,20170719,09:13:00,223.0,11.0,2453,216.0,10.7,2311,25540,16295,55.1,707.0
Station_01,Inv_00,20170719,09:14:00,222.0,11.1,2464,216.0,10.8,2333,25540,16295,55.0,713.0
Station_01,Inv_00,20170719,09:15:00,209.5,11.5,2409,216.0,10.5,2268,25540,16295,55.3,713.0
Station_01,Inv_00,20170719,09:16:00,222.5,11.1,2470,216.0,10.8,2333,25540,16295,54.5,712.0
Station_01,Inv_00,20170719,09:17:00,222.0,11.2,2486,216.0,10.8,2333,25540,16295,53.7,720.0
Station_01,Inv_00,20170719,09:18:00,221.5,11.3,2503,216.0,10.9,2354,25540,16295,54.2,723.0
Station_01,Inv_00,20170719,09:19:00,212.0,11.6,2459,216.0,10.7,2311,25540,16295,53.9,723.0
Station_01,Inv_00,20170719,09:20:00,224.5,11.1,2492,216.0,10.9,2354,25540,16295,54.8,723.0
Station_01,Inv_00,20170719,09:21:00,219.5,11.5,2524,216.0,11.0,2376,25540,16295,55.1,727.0
Station_01,Inv_00,20170719,09:22:00,220.0,11.5,2530,216.0,11.1,2398,25540,16295,55.6,734.0
Station_01,Inv_00,20170719,09:23:00,220.0,11.5,2530,217.0,11.1,2409,25540,16295,55.4,738.0
Station_01,Inv_00,20170719,09:24:00,213.0,11.9,2535,217.0,11.0,2387,25540,16295,54.2,743.0
Station_01,Inv_00,20170719,09:25:00,222.0,11.5,2553,217.0,11.1,2409,25540,16295,54.4,741.0
Station_01,Inv_00,20170719,09:26:00,219.5,11.7,2568,217.0,11.2,2430,25540,16295,54.7,745.0
Station_01,Inv_00,20170719,09:27:00,221.5,11.7,2592,217.0,11.3,2452,25540,16295,54.1,750.0
Station_01,Inv_00,20170719,09:28:00,212.0,12.1,2565,217.0,11.1,2409,25540,16295,54.9,752.0
Station_01,Inv_00,20170719,09:29:00,218.0,12.0,2616,217.0,11.3,2452,25540,16295,55.2,752.0
Station_01,Inv_00,20170719,09:30:00,213.0,12.1,2577,217.0,11.2,2430,25540,16295,55.2,754.0
Station_01,Inv_00,20170719,09:31:00,213.0,12.0,2556,216.0,11.1,2398,25540,16295,55.6,753.0
Station_01,Inv_00,20170719,09:32:00,213.0,12.0,2556,217.0,11.2,2430,25540,16295,55.1,755.0
Station_01,Inv_00,20170719,09:33:00,213.0,12.1,2577,217.0,11.2,2430,25540,16295,56.4,757.0
Station_01,Inv_00,20170719,09:34:00,212.5,12.2,2593,218.0,11.2,2442,25541,16295,57.4,761.0
Station_01,Inv_00,20170719,09:35:00,213.5,12.1,2583,218.0,11.3,2463,25541,16295,56.5,763.0
Station_01,Inv_00,20170719,09:36:00,213.5,12.1,2583,218.0,11.2,2442,25541,16295,57.2,762.0
Station_01,Inv_00,20170719,09:37:00,213.0,12.2,2599,217.0,11.3,2452,25541,16295,57.7,763.0
Station_01,Inv_00,20170719,09:38:00,202.5,12.6,2552,217.0,11.1,2409,25541,16295,57.1,775.0
Station_01,Inv_00,20170719,09:39:00,192.5,12.8,2464,218.0,10.7,2333,25541,16295,56.4,777.0
Station_01,Inv_00,20170719,09:40:00,216.5,12.3,2663,217.0,11.5,2496,25541,16295,58.0,776.0
Station_01,Inv_00,20170719,09:41:00,220.5,11.9,2624,217.0,11.4,2474,25541,16295,59.6,772.0
Station_01,Inv_00,20170719,09:42:00,217.0,12.2,2647,217.0,11.5,2496,25541,16295,57.2,775.0
Station_01,Inv_00,20170719,09:43:00,219.5,12.0,2634,217.0,11.4,2474,25541,16295,56.4,776.0
Station_01,Inv_00,20170719,09:44:00,218.0,12.2,2659,218.0,11.4,2485,25541,16295,57.9,774.0
Station_01,Inv_00,20170719,09:45:00,219.0,12.1,2650,218.0,11.5,2507,25541,16295,59.5,775.0
Station_01,Inv_00,20170719,09:46:00,218.5,12.0,2622,217.0,11.5,2496,25541,16295,60.4,775.0
Station_01,Inv_00,20170719,09:47:00,208.5,12.6,2627,218.0,11.3,2463,25541,16295,59.9,780.0
Station_01,Inv_00,20170719,09:48:00,207.0,12.6,2608,217.0,11.3,2452,25541,16295,60.8,780.0
Station_01,Inv_00,20170719,09:49:00,207.0,12.7,2629,217.0,11.4,2474,25541,16295,59.9,787.0
Station_01,Inv_00,20170719,09:50:00,215.0,12.4,2666,218.0,11.6,2529,25541,16295,59.1,788.0
Station_01,Inv_00,20170719,09:51:00,211.5,12.8,2707,218.0,11.7,2551,25541,16295,59.4,794.0
Station_01,Inv_00,20170719,09:52:00,214.5,12.7,2724,218.0,11.7,2551,25541,16295,58.8,802.0
Station_01,Inv_00,20170719,09:53:00,212.5,12.7,2699,218.0,11.7,2551,25541,16295,59.5,801.0
Station_01,Inv_00,20170719,09:54:00,214.0,12.7,2718,218.0,11.8,2572,25541,16295,60.6,799.0
Station_01,Inv_00,20170719,09:55:00,205.5,13.0,2671,217.0,11.6,2517,25541,16295,59.8,801.0
Station_01,Inv_00,20170719,09:56:00,206.5,12.9,2664,217.0,11.6,2517,25542,16296,59.4,802.0
Station_01,Inv_00,20170719,09:57:00,206.5,12.9,2664,217.0,11.5,2496,25542,16296,59.5,796.0
Station_01,Inv_00,20170719,09:58:00,206.5,12.9,2664,217.0,11.5,2496,25542,16296,58.9,796.0
Station_01,Inv_00,20170719,09:59:00,206.5,13.1,2705,217.0,11.7,2539,25542,16296,57.0,800.0
Station_01,Inv_00,20170719,10:00:00,206.0,13.2,2719,217.0,11.8,2561,25542,16296,58.9,805.0
Station_01,Inv_00,20170719,10:01:00,206.5,13.3,2746,217.0,11.9,2582,25542,16296,58.9,814.0
Station_01,Inv_00,20170719,10:02:00,207.0,13.3,2753,217.0,11.8,2561,25542,16296,59.8,816.0
Station_01,Inv_00,20170719,10:03:00,205.5,13.5,2774,217.0,11.9,2582,25542,16296,59.1,820.0
Station_01,Inv_00,20170719,10:04:00,205.5,13.5,2774,217.0,12.0,2604,25542,16296,59.8,820.0
Station_01,Inv_00,20170719,10:05:00,205.5,13.5,2774,217.0,12.1,2626,25542,16296,61.1,824.0
Station_01,Inv_00,20170719,10:06:00,196.0,13.5,2646,217.0,11.5,2496,25542,16296,61.5,821.0
Station_01,Inv_00,20170719,10:07:00,217.5,12.6,2740,217.0,11.8,2561,25542,16296,61.4,812.0
Station_01,Inv_00,20170719,10:08:00,202.5,13.3,2693,217.0,11.7,2539,25542,16296,62.3,812.0
Station_01,Inv_00,20170719,10:09:00,203.0,13.3,2700,217.0,11.7,2539,25542,16296,60.8,810.0
Station_01,Inv_00,20170719,10:10:00,202.5,13.5,2734,217.0,11.8,2561,25542,16296,62.3,812.0
Station_01,Inv_00,20170719,10:11:00,202.0,13.7,2767,217.0,11.9,2582,25542,16296,60.4,826.0
Station_01,Inv_00,20170719,10:12:00,203.5,13.5,2747,216.0,12.0,2592,25542,16296,60.9,822.0
Station_01,Inv_00,20170719,10:13:00,202.5,13.6,2754,217.0,11.9,2582,25542,16296,59.7,826.0
Station_01,Inv_00,20170719,10:14:00,199.5,13.7,2733,217.0,11.8,2561,25542,16296,59.5,833.0
Station_01,Inv_00,20170719,10:15:00,216.5,13.1,2836,217.0,12.3,2669,25542,16296,60.3,846.0
Station_01,Inv_00,20170719,10:16:00,207.0,13.6,2815,217.0,12.1,2626,25542,16296,62.0,839.0
Station_01,Inv_00,20170719,10:17:00,206.5,13.7,2829,216.0,12.2,2635,25542,16296,63.0,840.0
Station_01,Inv_00,20170719,10:18:00,207.0,13.7,2836,217.0,12.3,2669,25543,16296,63.2,845.0
Station_01,Inv_00,20170719,10:19:00,207.0,13.7,2836,217.0,12.3,2669,25543,16296,61.7,853.0
Station_01,Inv_00,20170719,10:20:00,207.0,13.6,2815,217.0,12.3,2669,25543,16296,60.4,850.0
Station_01,Inv_00,20170719,10:21:00,213.5,13.3,2840,217.0,12.4,2691,25543,16296,60.0,846.0
Station_01,Inv_00,20170719,10:22:00,203.5,13.7,2788,217.0,12.3,2669,25543,16296,61.5,849.0
Station_01,Inv_00,20170719,10:23:00,209.5,13.8,2891,217.0,12.4,2691,25543,16296,61.3,859.0
Station_01,Inv_00,20170719,10:24:00,205.6,12.8,2631,217.0,11.3,2452,25543,16296,62.2,857.0
Station_01,Inv_00,20170719,10:25:00,208.7,12.2,2546,217.0,10.8,2344,25543,16296,62.5,855.0
Station_01,Inv_00,20170719,10:26:00,214.9,13.0,2794,217.0,12.1,2626,25543,16296,63.9,859.0
Station_01,Inv_00,20170719,10:27:00,206.9,13.8,2855,217.0,12.1,2626,25543,16296,63.4,867.0
Station_01,Inv_00,20170719,10:28:00,211.5,13.7,2898,217.0,12.6,2734,25543,16296,64.1,864.0
Station_01,Inv_00,20170719,10:29:00,210.5,13.7,2884,217.0,12.5,2713,25543,16296,62.9,870.0
Station_01,Inv_00,20170719,10:30:00,208.5,13.7,2856,217.0,12.4,2691,25543,16296,65.7,858.0
Station_01,Inv_00,20170719,10:31:00,207.5,13.8,2863,216.0,12.4,2678,25543,16296,65.0,862.0
Station_01,Inv_00,20170719,10:32:00,214.5,13.4,2874,217.0,12.4,2691,25543,16296,63.4,869.0
Station_01,Inv_00,20170719,10:33:00,212.0,13.6,2883,217.0,12.5,2713,25543,16296,63.3,865.0
Station_01,Inv_00,20170719,10:34:00,204.9,13.5,2767,216.0,12.1,2614,25543,16296,65.8,855.0
Station_01,Inv_00,20170719,10:35:00,209.5,13.8,2891,216.0,12.6,2722,25543,16296,65.1,863.0
Station_01,Inv_00,20170719,10:36:00,207.5,14.1,2926,216.0,12.7,2743,25543,16296,65.0,866.0
Station_01,Inv_00,20170719,10:37:00,212.5,13.5,2869,217.0,12.9,2799,25543,16296,65.2,871.0
Station_01,Inv_00,20170719,10:38:00,218.9,13.8,3021,217.0,13.0,2821,25543,16296,66.8,870.0
Station_01,Inv_00,20170719,10:39:00,217.5,14.0,3045,216.0,13.2,2851,25543,16296,63.1,879.0
Station_01,Inv_00,20170719,10:40:00,219.0,13.8,3022,216.0,13.2,2851,25544,16297,60.0,876.0
Station_01,Inv_00,20170719,10:41:00,222.0,13.3,2953,217.0,12.8,2778,25544,16297,61.5,827.0
Station_01,Inv_00,20170719,10:42:00,217.5,12.7,2762,216.0,12.2,2635,25544,16297,62.4,833.0
Station_01,Inv_00,20170719,10:43:00,217.5,13.7,2980,216.0,13.0,2808,25544,16297,61.2,857.0
Station_01,Inv_00,20170719,10:44:00,221.0,13.6,3005,216.0,13.0,2808,25544,16297,62.7,849.0
Station_01,Inv_00,20170719,10:45:00,215.5,13.7,2952,216.0,12.9,2786,25544,16297,63.1,850.0
Station_01,Inv_00,20170719,10:46:00,217.0,14.1,3060,217.0,13.3,2886,25544,16297,65.5,883.0
Station_01,Inv_00,20170719,10:47:00,218.0,14.7,3204,216.0,13.9,3002,25544,16297,66.3,899.0
Station_01,Inv_00,20170719,10:48:00,216.5,14.3,3096,217.0,13.4,2908,25544,16297,66.3,889.0
Station_01,Inv_00,20170719,10:49:00,218.0,13.0,2834,216.0,12.4,2678,25544,16297,67.6,833.0
Station_01,Inv_00,20170719,10:50:00,215.8,13.0,2805,217.0,12.2,2647,25544,16297,67.6,818.0
Station_01,Inv_00,20170719,10:51:00,218.0,13.5,2943,216.0,12.8,2765,25544,16297,66.3,830.0
Station_01,Inv_00,20170719,10:52:00,212.4,13.6,2889,217.0,12.7,2756,25544,16297,67.1,870.0
Station_01,Inv_00,20170719,10:53:00,211.4,13.6,2876,216.0,12.5,2700,25544,16297,67.4,868.0
Station_01,Inv_00,20170719,10:54:00,213.0,14.3,3046,216.0,13.1,2830,25544,16297,67.7,883.0
Station_01,Inv_00,20170719,10:55:00,212.5,14.0,2975,216.0,13.1,2830,25544,16297,69.2,890.0
Station_01,Inv_00,20170719,10:56:00,202.5,14.8,2997,217.0,13.0,2821,25544,16297,68.4,892.0
Station_01,Inv_00,20170719,10:57:00,208.5,14.2,2960,216.0,12.9,2786,25544,16297,69.7,882.0
Station_01,Inv_00,20170719,10:58:00,208.5,14.0,2919,216.0,12.7,2743,25544,16297,69.0,896.0
Station_01,Inv_00,20170719,10:59:00,208.0,13.9,2891,217.0,12.6,2734,25544,16297,69.1,871.0
Station_01,Inv_00,20170719,11:00:00,206.0,14.0,2884,216.0,12.6,2722,25545,16298,70.2,886.0
Station_01,Inv_00,20170719,11:01:00,204.5,13.8,2822,216.0,12.3,2657,25545,16298,71.0,857.0
Station_01,Inv_00,20170719,11:02:00,0.0,0.0,0,0.0,0.0,0,25545,16298,71.5,857.0
Station_01,Inv_00,20170719,11:03:00,0.0,0.0,0,219.0,0.1,22,25545,16298,72.2,874.0
Station_01,Inv_00,20170719,11:04:00,0.0,0.0,0,219.0,0.1,22,25545,16298,72.0,882.0
Station_01,Inv_00,20170719,11:05:00,0.0,0.0,0,219.0,0.1,22,25545,16298,72.9,885.0
Station_01,Inv_00,20170719,11:06:00,0.0,0.0,0,219.0,0.1,22,25545,16298,72.5,917.0
Station_01,Inv_00,20170719,11:07:00,0.0,0.0,0,219.0,0.1,22,25545,16298,72.5,883.0
Station_01,Inv_00,20170719,11:08:00,240.4,9.9,2380,216.0,10.7,2311,25545,16298,72.6,891.0
Station_01,Inv_00,20170719,11:09:00,207.0,14.7,3043,216.0,13.1,2830,25545,16298,73.2,905.0
Station_01,Inv_00,20170719,11:10:00,202.4,15.1,3057,216.0,13.3,2873,25545,16298,72.3,926.0
Station_01,Inv_00,20170719,11:11:00,201.5,15.4,3103,216.0,13.4,2894,25545,16298,71.6,948.0
Station_01,Inv_00,20170719,11:12:00,204.0,15.2,3101,216.0,13.4,2894,25545,16298,71.6,948.0
Station_01,Inv_00,20170719,11:13:00,203.5,15.0,3052,215.0,13.3,2860,25545,16298,71.0,911.0
Station_01,Inv_00,20170719,11:14:00,198.0,15.5,3069,216.0,13.3,2873,25545,16298,70.4,914.0
Station_01,Inv_00,20170719,11:15:00,204.5,15.1,3088,216.0,13.4,2894,25545,16298,68.5,912.0
Station_01,Inv_00,20170719,11:16:00,207.0,15.2,3146,216.0,13.6,2938,25545,16298,69.3,924.0
Station_01,Inv_00,20170719,11:17:00,207.5,15.1,3133,216.0,13.6,2938,25545,16298,69.7,911.0
Station_01,Inv_00,20170719,11:18:00,207.5,15.3,3174,216.0,13.7,2959,25545,16298,70.8,924.0
Station_01,Inv_00,20170719,11:19:00,201.5,15.5,3123,216.0,13.6,2938,25545,16298,70.2,918.0
Station_01,Inv_00,20170719,11:20:00,206.5,15.1,3118,215.0,13.6,2924,25545,16298,71.6,914.0
Station_01,Inv_00,20170719,11:21:00,207.0,15.1,3126,216.0,13.6,2938,25545,16298,71.4,910.0
Station_01,Inv_00,20170719,11:22:00,200.0,15.2,3040,216.0,13.2,2851,25545,16298,72.1,918.0
Station_01,Inv_00,20170719,11:23:00,204.5,14.9,3047,216.0,13.2,2851,25545,16298,73.8,921.0
Station_01,Inv_00,20170719,11:24:00,200.5,14.1,2827,215.0,12.3,2645,25545,16298,72.6,862.0
Station_01,Inv_00,20170719,11:25:00,202.5,14.6,2956,216.0,12.8,2765,25545,16298,70.8,906.0
Station_01,Inv_00,20170719,11:26:00,201.5,14.9,3002,216.0,13.1,2830,25546,16298,73.3,915.0
Station_01,Inv_00,20170719,11:27:00,204.5,14.4,2945,216.0,12.8,2765,25546,16298,73.4,902.0
Station_01,Inv_00,20170719,11:28:00,202.0,15.2,3070,216.0,13.3,2873,25546,16298,73.3,934.0
Station_01,Inv_00,20170719,11:29:00,200.5,15.2,3047,216.0,13.2,2851,25546,16298,73.5,943.0
Station_01,Inv_00,20170719,11:30:00,202.0,14.7,2969,216.0,12.9,2786,25546,16298,72.6,919.0
Station_01,Inv_00,20170719,11:31:00,201.0,14.4,2894,216.0,12.5,2700,25546,16298,73.1,881.0
Station_01,Inv_00,20170719,11:32:00,200.5,14.0,2807,216.0,12.3,2657,25546,16298,70.2,865.0
Station_01,Inv_00,20170719,11:33:00,203.5,13.8,2808,215.0,12.3,2645,25546,16298,71.3,840.0
Station_01,Inv_00,20170719,11:34:00,205.5,14.2,2918,216.0,12.7,2743,25546,16298,68.9,856.0
Station_01,Inv_00,20170719,11:35:00,198.5,15.1,2997,216.0,12.9,2786,25546,16298,68.1,889.0
Station_01,Inv_00,20170719,11:36:00,205.0,14.7,3013,216.0,13.0,2808,25546,16298,67.3,881.0
Station_01,Inv_00,20170719,11:37:00,204.0,15.1,3080,216.0,13.3,2873,25546,16298,69.1,897.0
Station_01,Inv_00,20170719,11:38:00,204.0,14.7,2999,216.0,13.0,2808,25546,16298,69.4,889.0
Station_01,Inv_00,20170719,11:39:00,207.5,14.4,2988,216.0,13.0,2808,25546,16298,70.0,884.0
Station_01,Inv_00,20170719,11:40:00,205.0,14.0,2870,216.0,12.4,2678,25546,16298,70.5,851.0
Station_01,Inv_00,20170719,11:41:00,205.0,14.7,3013,216.0,13.0,2808,25546,16298,70.8,889.0
Station_01,Inv_00,20170719,11:42:00,199.0,15.1,3005,216.0,13.0,2808,25546,16298,70.0,892.0
Station_01,Inv_00,20170719,11:43:00,206.0,14.2,2925,215.0,12.8,2752,25546,16298,70.1,874.0
Station_01,Inv_00,20170719,11:44:00,205.5,14.0,2877,216.0,12.6,2722,25546,16298,70.7,865.0
Station_01,Inv_00,20170719,11:45:00,205.5,13.4,2753,215.0,12.0,2580,25546,16298,71.0,812.0
Station_01,Inv_00,20170719,11:46:00,208.0,13.4,2787,216.0,12.1,2614,25547,16299,70.1,837.0
Station_01,Inv_00,20170719,11:47:00,204.5,15.0,3067,216.0,13.3,2873,25547,16299,69.4,890.0
Station_01,Inv_00,20170719,11:48:00,202.4,14.3,2895,216.0,12.6,2722,25547,16299,70.9,865.0
Station_01,Inv_00,20170719,11:49:00,207.9,12.9,2682,216.0,11.4,2462,25547,16299,71.0,784.0
Station_01,Inv_00,20170719,11:50:00,206.5,14.0,2891,216.0,12.5,2700,25547,16299,70.8,857.0
Station_01,Inv_00,20170719,11:51:00,204.4,11.9,2433,215.0,10.4,2236,25547,16299,69.0,678.0
Station_01,Inv_00,20170719,11:52:00,200.5,14.9,2987,216.0,12.9,2786,25547,16299,68.8,878.0
Station_01,Inv_00,20170719,11:53:00,201.0,15.4,3095,216.0,13.4,2894,25547,16299,68.6,902.0
Station_01,Inv_00,20170719,11:54:00,205.0,14.6,2993,216.0,13.0,2808,25547,16299,69.3,897.0
Station_01,Inv_00,20170719,11:55:00,204.0,16.4,3345,217.0,14.4,3125,25547,16299,70.0,963.0
Station_01,Inv_00,20170719,11:56:00,204.0,16.1,3284,217.0,14.1,3060,25547,16299,69.6,953.0
Station_01,Inv_00,20170719,11:57:00,202.0,16.3,3293,217.0,14.2,3081,25547,16299,69.4,941.0
Station_01,Inv_00,20170719,11:58:00,196.5,17.1,3359,218.0,14.4,3139,25547,16299,69.3,975.0
Station_01,Inv_00,20170719,11:59:00,200.5,12.0,2406,218.0,10.2,2224,25547,16299,72.0,867.0
Station_01,Inv_00,20170719,12:00:00,207.5,7.0,1452,217.0,6.2,1345,25547,16299,65.5,433.0
Station_01,Inv_00,20170719,12:01:00,198.4,6.4,1270,217.0,5.7,1237,25547,16299,62.1,682.0
Station_01,Inv_00,20170719,12:02:00,216.0,5.8,1253,217.0,5.4,1172,25547,16299,61.5,375.0
Station_01,Inv_00,20170719,12:03:00,212.5,6.6,1403,218.0,6.0,1308,25547,16299,59.9,376.0
Station_01,Inv_00,20170719,12:04:00,220.9,5.4,1193,218.0,5.1,1112,25547,16299,60.1,393.0
Station_01,Inv_00,20170719,12:05:00,221.0,5.2,1149,217.0,4.9,1063,25547,16299,58.8,335.0
Station_01,Inv_00,20170719,12:06:00,222.0,5.0,1110,217.0,4.7,1020,25547,16299,56.9,319.0
Station_01,Inv_00,20170719,12:07:00,220.4,4.8,1058,217.0,4.5,977,25547,16299,56.3,305.0
Station_01,Inv_00,20170719,12:08:00,221.9,4.6,1021,217.0,4.4,955,25547,16299,55.5,296.0
Station_01,Inv_00,20170719,12:09:00,222.5,4.6,1023,217.0,4.4,955,25547,16299,54.7,290.0
Station_01,Inv_00,20170719,12:10:00,225.0,4.6,1035,217.0,4.4,955,25547,16299,54.3,287.0
Station_01,Inv_00,20170719,12:11:00,227.5,4.5,1024,217.0,4.4,955,25547,16299,53.4,286.0
Station_01,Inv_00,20170719,12:12:00,222.9,4.7,1048,217.0,4.5,977,25547,16299,52.6,293.0
Station_01,Inv_00,20170719,12:13:00,228.0,4.9,1117,217.0,4.7,1020,25547,16299,51.6,305.0
Station_01,Inv_00,20170719,12:14:00,227.5,5.3,1206,217.0,5.1,1107,25547,16299,51.6,329.0
Station_01,Inv_00,20170719,12:15:00,230.5,5.3,1222,217.0,5.2,1128,25548,16300,50.9,338.0
Station_01,Inv_00,20170719,12:16:00,232.0,5.3,1230,217.0,5.2,1128,25548,16300,50.8,340.0
Station_01,Inv_00,20170719,12:17:00,230.0,5.2,1196,217.0,5.2,1128,25548,16300,49.8,336.0
Station_01,Inv_00,20170719,12:18:00,230.0,5.1,1173,216.0,5.1,1102,25548,16300,49.7,332.0
Station_01,Inv_00,20170719,12:19:00,228.0,5.2,1186,217.0,5.2,1128,25548,16300,50.2,334.0
Station_01,Inv_00,20170719,12:20:00,231.0,5.7,1317,216.0,5.6,1210,25548,16300,50.3,352.0
Station_01,Inv_00,20170719,12:21:00,228.0,9.6,2188,218.0,9.3,2027,25548,16300,50.3,475.0
Station_01,Inv_00,20170719,12:22:00,229.5,12.9,2960,218.0,12.6,2747,25548,16300,53.8,801.0
Station_01,Inv_00,20170719,12:23:00,203.0,14.6,2963,218.0,12.7,2769,25548,16300,56.7,858.0
Station_01,Inv_00,20170719,12:24:00,210.5,14.5,3052,218.0,13.1,2856,25548,16300,58.7,876.0
Station_01,Inv_00,20170719,12:25:00,210.0,14.3,3003,219.0,12.9,2825,25548,16300,61.1,868.0
Station_01,Inv_00,20170719,12:26:00,211.0,13.3,2806,218.0,12.2,2660,25548,16300,62.3,834.0
Station_01,Inv_00,20170719,12:27:00,210.0,12.3,2583,218.0,11.2,2442,25548,16300,62.2,780.0
Station_01,Inv_00,20170719,12:28:00,212.0,11.7,2480,218.0,10.8,2354,25548,16300,62.9,737.0
Station_01,Inv_00,20170719,12:29:00,214.5,12.0,2574,218.0,11.1,2420,25548,16300,64.0,752.0
Station_01,Inv_00,20170719,12:30:00,213.0,12.3,2620,218.0,11.3,2463,25548,16300,64.5,774.0
Station_01,Inv_00,20170719,12:31:00,211.9,7.6,1611,217.0,7.0,1519,25548,16300,64.6,583.0
Station_01,Inv_00,20170719,12:32:00,211.5,11.7,2475,218.0,10.7,2333,25548,16300,64.5,700.0
Station_01,Inv_00,20170719,12:33:00,218.4,6.2,1354,217.0,5.8,1259,25548,16300,63.3,416.0
Station_01,Inv_00,20170719,12:34:00,218.4,6.0,1311,217.0,5.6,1215,25548,16300,61.9,376.0
Station_01,Inv_00,20170719,12:35:00,214.5,5.8,1244,217.0,5.4,1172,25548,16300,60.4,362.0
Station_01,Inv_00,20170719,12:36:01,214.5,5.8,1244,217.0,5.5,1194,25548,16300,58.7,360.0
Station_01,Inv_00,20170719,12:37:00,213.5,6.2,1324,217.0,5.6,1215,25548,16300,58.2,371.0
Station_01,Inv_00,20170719,12:38:00,222.4,9.0,2002,217.0,8.8,1910,25548,16300,58.1,561.0
Station_01,Inv_00,20170719,12:39:00,220.0,10.1,2222,217.0,9.7,2105,25548,16300,58.8,658.0
Station_01,Inv_00,20170719,12:40:00,218.4,11.5,2512,218.0,10.9,2376,25548,16300,59.5,723.0
Station_01,Inv_00,20170719,12:41:00,218.9,11.9,2605,218.0,11.2,2442,25548,16300,60.4,744.0
Station_01,Inv_00,20170719,12:42:00,218.0,11.3,2463,218.0,10.8,2354,25548,16300,62.1,747.0
Station_01,Inv_00,20170719,12:43:00,215.5,7.3,1573,217.0,6.9,1497,25548,16300,61.2,537.0
Station_01,Inv_00,20170719,12:44:00,219.0,6.5,1424,217.0,6.2,1345,25548,16300,60.1,413.0
Station_01,Inv_00,20170719,12:45:00,222.5,6.1,1357,217.0,5.9,1280,25549,16300,58.6,391.0
Station_01,Inv_00,20170719,12:46:00,225.9,6.0,1356,217.0,6.0,1302,25549,16300,57.3,383.0
Station_01,Inv_00,20170719,12:47:00,215.5,6.4,1379,217.0,5.9,1280,25549,16300,54.4,387.0
Station_01,Inv_00,20170719,12:48:00,216.0,6.8,1469,217.0,6.3,1367,25549,16300,54.8,408.0
Station_01,Inv_00,20170719,12:49:00,221.9,7.0,1553,217.0,6.7,1454,25549,16300,54.2,437.0
Station_01,Inv_00,20170719,12:50:00,228.0,7.1,1619,217.0,7.1,1541,25549,16300,54.0,434.0
Station_01,Inv_00,20170719,12:51:00,228.5,7.6,1736,217.0,7.5,1628,25549,16300,53.4,487.0
Station_01,Inv_00,20170719,12:52:00,228.5,8.3,1896,217.0,8.1,1758,25549,16300,51.6,471.0
Station_01,Inv_00,20170719,12:53:00,227.0,10.8,2452,217.0,10.6,2300,25549,16300,51.7,647.0
Station_01,Inv_00,20170719,12:54:00,225.0,12.9,2902,217.0,12.5,2713,25549,16300,52.8,811.0
Station_01,Inv_00,20170719,12:55:00,219.5,13.2,2897,217.0,12.6,2734,25549,16300,53.7,822.0
Station_01,Inv_00,20170719,12:56:00,222.0,13.0,2885,217.0,12.5,2713,25549,16300,55.8,816.0
Station_01,Inv_00,20170719,12:57:00,218.0,13.3,2899,217.0,12.5,2713,25549,16300,56.9,822.0
Station_01,Inv_00,20170719,12:58:00,205.5,14.5,2980,217.0,12.8,2778,25549,16300,55.6,854.0
Station_01,Inv_00,20170719,12:59:00,205.5,14.1,2898,216.0,12.6,2722,25549,16300,56.3,845.0
Station_01,Inv_00,20170719,13:00:00,206.5,14.6,3015,216.0,13.0,2808,25549,16300,59.5,862.0
Station_01,Inv_00,20170719,13:01:00,206.0,14.1,2905,216.0,12.7,2743,25549,16300,61.2,860.0
Station_01,Inv_00,20170719,13:02:00,205.5,13.6,2795,215.0,12.3,2645,25549,16300,62.5,833.0
Station_01,Inv_00,20170719,13:03:00,206.5,13.3,2746,218.0,11.8,2572,25549,16300,64.1,816.0
Station_01,Inv_00,20170719,13:04:00,207.0,12.6,2608,218.0,11.3,2463,25549,16300,63.4,786.0
Station_01,Inv_00,20170719,13:05:00,206.5,12.3,2540,217.0,11.0,2387,25549,16300,64.4,749.0
Station_01,Inv_00,20170719,13:06:00,210.5,7.1,1495,216.0,6.5,1404,25549,16300,61.8,458.0
Station_01,Inv_00,20170719,13:07:00,209.5,7.0,1467,216.0,6.3,1361,25549,16300,58.8,426.0
Station_01,Inv_00,20170719,13:08:00,209.5,6.8,1425,216.0,6.2,1339,25549,16300,55.1,421.0
Station_01,Inv_00,20170719,13:09:00,210.0,6.8,1428,216.0,6.2,1339,25549,16300,53.7,419.0
Station_01,Inv_00,20170719,13:10:00,209.5,6.8,1425,216.0,6.2,1339,25549,16300,51.6,412.0
Station_01,Inv_00,20170719,13:11:00,209.5,7.0,1467,216.0,6.4,1382,25549,16300,50.5,422.0
Station_01,Inv_00,20170719,13:12:00,211.0,9.0,1899,217.0,8.2,1779,25549,16300,51.9,541.0
Station_01,Inv_00,20170719,13:13:00,220.0,14.0,3080,217.0,13.4,2908,25550,16301,56.1,862.0
Station_01,Inv_00,20170719,13:14:00,216.0,12.4,2678,216.0,11.8,2549,25550,16301,55.2,791.0
Station_01,Inv_00,20170719,13:15:00,217.5,12.7,2762,217.0,11.8,2561,25550,16301,57.2,742.0
Station_01,Inv_00,20170719,13:16:00,214.0,13.0,2782,217.0,12.1,2626,25550,16301,59.4,812.0
Station_01,Inv_00,20170719,13:17:00,216.0,8.9,1922,217.0,8.2,1779,25550,16301,58.9,602.0
Station_01,Inv_00,20170719,13:18:00,212.0,7.3,1548,217.0,6.8,1476,25550,16301,55.9,468.0
Station_01,Inv_00,20170719,13:19:00,222.0,6.7,1487,216.0,6.5,1404,25550,16301,55.7,429.0
Station_01,Inv_00,20170719,13:20:00,216.5,6.6,1429,217.0,6.2,1345,25550,16301,54.2,407.0
Station_01,Inv_00,20170719,13:21:00,215.5,6.0,1293,217.0,5.6,1215,25550,16301,53.5,378.0
Station_01,Inv_00,20170719,13:22:00,223.5,5.6,1252,217.0,5.4,1172,25550,16301,51.9,359.0
Station_01,Inv_00,20170719,13:23:00,220.5,5.4,1191,217.0,5.2,1128,25550,16301,51.3,347.0
Station_01,Inv_00,20170719,13:24:00,225.5,5.4,1218,217.0,5.1,1107,25550,16301,51.6,336.0
Station_01,Inv_00,20170719,13:25:00,227.0,5.2,1180,217.0,5.1,1107,25550,16301,51.1,335.0
Station_01,Inv_00,20170719,13:26:00,217.5,5.5,1196,218.0,5.1,1112,25550,16301,51.4,344.0
Station_01,Inv_00,20170719,13:27:00,219.9,6.2,1363,218.0,5.9,1286,25550,16301,50.8,370.0
Station_01,Inv_00,20170719,13:28:00,227.9,6.2,1413,217.0,6.0,1302,25550,16301,50.4,397.0
Station_01,Inv_00,20170719,13:29:00,221.9,6.2,1376,218.0,6.0,1308,25550,16301,49.8,387.0
Station_01,Inv_00,20170719,13:30:00,216.9,8.4,1822,217.0,8.2,1779,25550,16301,51.6,570.0
Station_01,Inv_00,20170719,13:31:00,223.0,7.6,1695,217.0,7.3,1584,25550,16301,51.4,479.0
Station_01,Inv_00,20170719,13:32:00,226.5,12.5,2831,218.0,12.1,2638,25550,16301,53.7,754.0
Station_01,Inv_00,20170719,13:33:00,225.0,12.7,2857,218.0,12.3,2681,25550,16301,55.9,798.0
Station_01,Inv_00,20170719,13:34:00,204.5,13.7,2802,217.0,12.1,2626,25550,16301,57.6,813.0
Station_01,Inv_00,20170719,13:35:00,214.0,13.8,2953,218.0,12.8,2790,25550,16301,59.6,841.0
Station_01,Inv_00,20170719,13:36:00,206.5,14.2,2932,217.0,12.7,2756,25550,16301,60.6,851.0
Station_01,Inv_00,20170719,13:37:00,206.5,14.2,2932,218.0,12.6,2747,25550,16301,62.6,848.0
Station_01,Inv_00,20170719,13:38:00,207.5,14.1,2926,218.0,12.5,2725,25550,16301,64.3,852.0
Station_01,Inv_00,20170719,13:39:00,206.5,13.8,2849,217.0,12.4,2691,25550,16301,65.6,836.0
Station_01,Inv_00,20170719,13:40:00,206.5,13.8,2849,217.0,12.4,2691,25550,16301,65.5,838.0
Station_01,Inv_00,20170719,13:41:00,206.5,13.8,2850,218.0,12.3,2681,25550,16301,66.0,831.0
Station_01,Inv_00,20170719,13:42:00,207.0,13.6,2815,218.0,12.2,2660,25551,16302,63.7,827.0
Station_01,Inv_00,20170719,13:43:00,206.5,13.6,2808,217.0,12.2,2647,25551,16302,64.9,822.0
Station_01,Inv_00,20170719,13:44:00,206.5,13.8,2849,218.0,12.2,2660,25551,16302,64.4,827.0
Station_01,Inv_00,20170719,13:45:00,207.5,12.6,2614,218.0,11.3,2463,25551,16302,63.4,786.0
Station_01,Inv_00,20170719,13:46:00,211.5,11.7,2475,217.0,10.8,2344,25551,16302,63.8,730.0
Station_01,Inv_00,20170719,13:47:00,216.0,12.1,2614,218.0,11.3,2463,25551,16302,63.8,765.0
Station_01,Inv_00,20170719,13:48:00,197.5,13.3,2627,218.0,11.3,2463,25551,16302,63.2,780.0
Station_01,Inv_00,20170719,13:49:00,205.0,11.8,2419,217.0,10.5,2279,25551,16302,62.7,719.0
Station_01,Inv_00,20170719,13:50:00,214.4,12.8,2745,218.0,11.8,2572,25551,16302,62.4,779.0
Station_01,Inv_00,20170719,13:51:00,215.0,12.9,2773,217.0,12.0,2604,25551,16302,63.3,807.0
Station_01,Inv_00,20170719,13:52:00,202.4,12.8,2591,217.0,11.3,2452,25551,16302,63.4,785.0
Station_01,Inv_00,20170719,13:53:00,201.0,12.5,2512,217.0,10.9,2365,25551,16302,61.4,753.0
Station_01,Inv_00,20170719,13:54:00,214.0,12.1,2589,217.0,11.2,2430,25551,16302,63.2,750.0
Station_01,Inv_00,20170719,13:55:00,208.0,12.2,2537,217.0,11.0,2387,25551,16302,62.4,747.0
Station_01,Inv_00,20170719,13:56:00,215.0,11.9,2558,217.0,11.1,2409,25551,16302,63.7,738.0
Station_01,Inv_00,20170719,13:57:00,214.5,11.7,2510,218.0,10.9,2376,25551,16302,63.7,727.0
Station_01,Inv_00,20170719,13:58:00,216.5,11.7,2533,217.0,11.0,2387,25551,16302,65.1,729.0
Station_01,Inv_00,20170719,13:59:00,213.0,12.4,2641,217.0,11.4,2474,25551,16302,64.1,760.0
Station_01,Inv_00,20170719,14:00:00,214.0,12.7,2718,217.0,11.8,2561,25551,16302,63.1,778.0
Station_01,Inv_00,20170719,14:01:00,213.5,12.7,2711,217.0,11.8,2561,25551,16302,60.4,784.0
Station_01,Inv_00,20170719,14:02:00,214.5,12.5,2681,217.0,11.7,2539,25551,16302,58.5,773.0
Station_01,Inv_00,20170719,14:03:00,215.0,11.4,2451,217.0,10.7,2322,25551,16302,59.1,740.0
Station_01,Inv_00,20170719,14:04:00,215.0,7.3,1569,216.0,6.9,1490,25551,16302,57.2,475.0
Station_01,Inv_00,20170719,14:05:00,216.5,6.7,1450,217.0,6.3,1367,25552,16302,54.7,424.0
Station_01,Inv_00,20170719,14:06:00,216.5,6.2,1342,217.0,5.9,1280,25552,16302,53.9,389.0
Station_01,Inv_00,20170719,14:07:00,212.0,5.8,1229,216.0,5.3,1145,25552,16302,52.8,361.0
Station_01,Inv_00,20170719,14:08:00,228.5,5.2,1188,216.0,5.1,1102,25552,16302,51.0,337.0
Station_01,Inv_00,20170719,14:09:00,225.4,5.0,1127,216.0,4.9,1058,25552,16302,48.6,320.0
Station_01,Inv_00,20170719,14:10:00,224.4,4.6,1032,216.0,4.5,972,25552,16302,47.9,297.0
Station_01,Inv_00,20170719,14:11:00,228.5,4.3,983,217.0,4.2,911,25552,16302,47.6,276.0
Station_01,Inv_00,20170719,14:12:00,223.0,4.3,959,216.0,4.1,886,25552,16302,46.7,267.0
Station_01,Inv_00,20170719,14:13:00,227.9,4.0,912,216.0,4.0,864,25552,16302,45.8,261.0
Station_01,Inv_00,20170719,14:14:00,232.5,4.2,977,216.0,4.1,886,25552,16302,44.9,268.0
Station_01,Inv_00,20170719,14:15:00,237.0,4.2,995,216.0,4.3,929,25552,16302,43.3,276.0
Station_01,Inv_00,20170719,14:16:00,231.0,4.5,1040,216.0,4.4,950,25552,16302,43.2,280.0
Station_01,Inv_00,20170719,14:17:00,232.5,4.4,1023,216.0,4.5,972,25552,16302,44.0,284.0
Station_01,Inv_00,20170719,14:18:00,236.0,4.4,1038,216.0,4.6,994,25552,16302,43.9,288.0
Station_01,Inv_00,20170719,14:19:00,227.0,4.6,1044,216.0,4.6,994,25552,16302,44.0,294.0
Station_01,Inv_00,20170719,14:20:00,234.4,5.1,1196,216.0,5.1,1102,25552,16302,43.8,327.0
Station_01,Inv_00,20170719,14:21:00,232.4,5.1,1185,216.0,5.0,1080,25552,16302,43.7,303.0
Station_01,Inv_00,20170719,14:22:00,231.0,6.3,1455,217.0,6.4,1389,25552,16302,44.1,410.0
Station_01,Inv_00,20170719,14:23:00,233.0,5.1,1188,216.0,5.2,1123,25552,16302,43.2,353.0
Station_01,Inv_00,20170719,14:24:00,228.5,4.4,1005,217.0,4.2,911,25552,16302,42.9,322.0
Station_01,Inv_00,20170719,14:25:00,232.9,4.3,1002,216.0,4.4,950,25552,16302,42.8,278.0
Station_01,Inv_00,20170719,14:26:00,235.0,4.3,1010,216.0,4.5,972,25552,16302,41.9,281.0
Station_01,Inv_00,20170719,14:27:00,233.0,4.8,1118,217.0,4.9,1063,25552,16302,41.5,298.0
Station_01,Inv_00,20170719,14:28:00,234.0,7.8,1825,217.0,8.0,1736,25552,16302,42.5,475.0
Station_01,Inv_00,20170719,14:29:00,237.5,8.1,1924,217.0,8.2,1779,25552,16302,44.2,526.0
Station_01,Inv_00,20170719,14:30:00,230.4,8.3,1913,217.0,8.3,1801,25552,16302,44.7,525.0
Station_01,Inv_00,20170719,14:31:00,230.0,9.2,2116,217.0,9.2,1996,25552,16302,45.4,586.0
Station_01,Inv_00,20170719,14:32:00,230.4,8.4,1935,217.0,8.4,1823,25552,16302,46.5,547.0
Station_01,Inv_00,20170719,14:33:00,234.5,6.2,1454,217.0,6.2,1345,25552,16302,45.6,399.0
Station_01,Inv_00,20170719,14:34:00,230.0,5.6,1288,217.0,5.6,1215,25552,16302,46.2,362.0
Station_01,Inv_00,20170719,14:35:00,233.0,5.1,1188,217.0,5.1,1107,25552,16302,45.7,333.0
Station_01,Inv_00,20170719,14:36:00,233.0,4.7,1095,217.0,4.8,1042,25552,16302,43.9,314.0
Station_01,Inv_00,20170719,14:37:00,235.4,4.7,1107,217.0,4.8,1042,25552,16302,44.2,309.0
Station_01,Inv_00,20170719,14:38:00,235.0,5.2,1222,217.0,5.1,1107,25552,16302,42.7,330.0
Station_01,Inv_00,20170719,14:39:00,232.0,5.5,1276,217.0,5.4,1172,25552,16302,43.1,348.0
Station_01,Inv_00,20170719,14:40:00,235.0,4.9,1151,217.0,4.9,1063,25552,16302,42.7,314.0
Station_01,Inv_00,20170719,14:41:01,236.0,4.7,1109,217.0,4.6,998,25552,16302,41.9,310.0
Station_01,Inv_00,20170719,14:42:00,236.5,4.2,993,217.0,4.3,933,25552,16302,41.5,282.0
Station_01,Inv_00,20170719,14:43:00,234.4,4.0,938,217.0,4.0,868,25552,16302,41.4,257.0
Station_01,Inv_00,20170719,14:44:00,234.4,3.6,844,217.0,3.7,803,25552,16302,41.5,233.0
Station_01,Inv_00,20170719,14:45:00,232.0,3.2,742,217.0,3.4,738,25552,16302,41.4,213.0
Station_01,Inv_00,20170719,14:46:00,236.9,3.1,735,217.0,3.2,694,25552,16302,41.3,203.0
Station_01,Inv_00,20170719,14:47:00,234.5,3.5,821,217.0,3.6,781,25552,16302,41.1,217.0
Station_01,Inv_00,20170719,14:48:00,232.0,4.0,928,218.0,4.0,872,25552,16302,41.2,241.0
Station_01,Inv_00,20170719,14:49:00,237.0,4.4,1043,217.0,4.5,977,25552,16302,41.5,274.0
Station_01,Inv_00,20170719,14:50:00,237.0,4.8,1138,217.0,4.9,1063,25552,16302,41.3,302.0
Station_01,Inv_00,20170719,14:51:00,234.5,5.3,1243,218.0,5.4,1177,25552,16302,41.9,333.0
Station_01,Inv_00,20170719,14:52:00,229.5,5.3,1216,217.0,5.3,1150,25552,16302,41.8,336.0
Station_01,Inv_00,20170719,14:53:00,234.5,4.4,1032,217.0,4.3,933,25552,16302,40.6,292.0
Station_01,Inv_00,20170719,14:54:00,238.6,3.9,931,217.0,4.0,868,25552,16302,39.9,271.0
Station_01,Inv_00,20170719,14:55:00,225.9,3.0,678,217.0,3.0,651,25553,16303,38.4,196.0
Station_01,Inv_00,20170719,14:56:00,238.4,2.5,596,217.0,2.6,564,25553,16303,37.2,167.0
Station_01,Inv_00,20170719,14:57:00,229.5,2.1,482,217.0,2.1,456,25553,16303,36.5,139.0
Station_01,Inv_00,20170719,14:58:00,228.3,1.6,365,217.0,1.7,369,25553,16303,36.1,115.0
Station_01,Inv_00,20170719,14:59:00,234.0,1.4,328,217.0,1.5,326,25553,16303,36.0,104.0
Station_01,Inv_00,20170719,15:00:00,227.5,1.4,319,217.0,1.5,326,25553,16303,35.6,100.0
Station_01,Inv_00,20170719,15:01:00,233.4,1.4,327,217.0,1.5,326,25553,16303,35.7,99.0
Station_01,Inv_00,20170719,15:02:00,179.0,1.5,269,217.0,1.4,304,25553,16303,35.5,106.0
Station_01,Inv_00,20170719,15:03:00,175.5,1.8,316,217.0,1.4,304,25553,16303,35.6,114.0
Station_01,Inv_00,20170719,15:04:00,204.9,1.8,369,217.0,1.7,369,25553,16303,35.7,123.0
Station_01,Inv_00,20170719,15:05:00,231.5,2.0,463,217.0,2.0,434,25553,16303,35.8,132.0
Station_01,Inv_00,20170719,15:06:00,234.7,2.0,469,217.0,2.2,477,25553,16303,36.1,142.0
Station_01,Inv_00,20170719,15:07:00,241.0,2.2,530,218.0,2.3,501,25553,16303,36.1,151.0
Station_01,Inv_00,20170719,15:08:00,200.5,2.5,501,217.0,2.2,477,25553,16303,36.4,157.0
Station_01,Inv_00,20170719,15:09:00,232.0,2.5,580,218.0,2.5,545,25553,16303,36.6,165.0
Station_01,Inv_00,20170719,15:10:00,233.4,2.6,607,217.0,2.6,564,25553,16303,36.8,172.0
Station_01,Inv_00,20170719,15:11:00,239.8,2.6,623,217.0,2.7,586,25553,16303,36.9,175.0
Station_01,Inv_00,20170719,15:12:00,232.9,2.9,675,217.0,2.9,629,25553,16303,37.2,187.0
Station_01,Inv_00,20170719,15:13:00,242.5,3.5,849,218.0,3.6,785,25553,16303,37.2,225.0
Station_01,Inv_00,20170719,15:14:00,198.0,3.6,713,217.0,3.3,716,25553,16303,37.8,236.0
Station_01,Inv_00,20170719,15:15:00,223.2,3.4,759,217.0,3.3,716,25553,16303,37.9,223.0
Station_01,Inv_00,20170719,15:16:00,231.3,2.8,648,218.0,3.0,654,25553,16303,37.9,196.0
Station_01,Inv_00,20170719,15:17:00,230.9,2.4,554,217.0,2.5,543,25553,16303,38.3,163.0
Station_01,Inv_00,20170719,15:18:00,228.5,2.2,503,217.0,2.3,499,25553,16303,38.1,153.0
Station_01,Inv_00,20170719,15:19:00,235.0,2.5,588,218.0,2.5,545,25553,16303,38.1,163.0
Station_01,Inv_00,20170719,15:20:00,238.9,2.6,621,218.0,2.8,610,25553,16303,38.2,177.0
Station_01,Inv_00,20170719,15:21:00,239.0,2.5,597,218.0,2.6,567,25553,16303,38.0,171.0
Station_01,Inv_00,20170719,15:22:00,232.0,2.2,510,218.0,2.4,523,25553,16303,37.8,159.0
Station_01,Inv_00,20170719,15:23:00,234.5,2.0,469,217.0,2.1,456,25553,16303,37.6,141.0
Station_01,Inv_00,20170719,15:24:00,234.0,2.0,468,217.0,2.0,434,25553,16303,37.6,136.0
Station_01,Inv_00,20170719,15:25:00,231.9,1.8,417,217.0,2.0,434,25553,16303,37.5,129.0
Station_01,Inv_00,20170719,15:26:00,228.3,1.7,388,217.0,1.8,391,25553,16303,36.9,122.0
Station_01,Inv_00,20170719,15:27:00,221.9,1.4,311,217.0,1.5,326,25553,16303,37.0,102.0
Station_01,Inv_00,20170719,15:28:00,227.0,1.1,250,217.0,1.3,282,25553,16303,36.5,89.0
Station_01,Inv_00,20170719,15:29:00,224.8,1.0,225,217.0,1.2,260,25553,16303,36.3,82.0
Station_01,Inv_00,20170719,15:30:00,187.8,1.0,188,217.0,1.0,217,25553,16303,36.0,79.0
Station_01,Inv_00,20170719,15:31:00,219.5,1.1,241,217.0,1.1,239,25553,16303,36.0,78.0
Station_01,Inv_00,20170719,15:32:00,221.9,1.1,244,217.0,1.2,260,25553,16303,35.8,81.0
Station_01,Inv_00,20170719,15:33:00,222.0,1.1,244,217.0,1.3,282,25553,16303,35.8,85.0
Station_01,Inv_00,20170719,15:34:00,233.4,1.1,257,217.0,1.3,282,25553,16303,35.7,89.0
Station_01,Inv_00,20170719,15:35:00,206.8,1.3,269,217.0,1.2,260,25553,16303,35.2,90.0
Station_01,Inv_00,20170719,15:36:00,206.8,1.3,269,217.0,1.2,260,25553,16303,35.2,90.0
Station_01,Inv_00,20170719,15:37:00,206.8,1.3,269,217.0,1.2,260,25553,16303,35.2,90.0
Station_01,Inv_00,20170719,15:38:00,206.8,1.3,269,217.0,1.2,260,25553,16303,33.0,83.0
Station_01,Inv_00,20170719,15:39:00,206.8,1.3,269,217.0,1.2,260,25553,16303,33.0,79.0
Station_01,Inv_00,20170719,15:40:00,206.8,1.3,269,217.0,1.2,260,25553,16303,33.0,79.0
Station_01,Inv_00,20170719,15:41:00,198.5,0.8,159,217.0,1.0,217,25553,16303,32.2,67.0
Station_01,Inv_00,20170719,15:42:00,223.6,0.8,179,217.0,1.0,217,25553,16303,31.9,65.0
Station_01,Inv_00,20170719,15:43:00,199.0,0.8,159,217.0,0.9,195,25553,16303,31.8,59.0
Station_01,Inv_00,20170719,15:44:00,227.0,0.6,136,217.0,0.8,174,25553,16303,31.6,55.0
Station_01,Inv_00,20170719,15:45:00,221.5,0.6,133,217.0,0.8,174,25553,16303,31.5,54.0
Station_01,Inv_00,20170719,15:46:00,201.0,0.6,121,217.0,0.7,152,25553,16303,31.4,54.0
Station_01,Inv_00,20170719,15:47:00,226.0,0.6,136,217.0,0.8,174,25553,16303,31.2,54.0
Station_01,Inv_00,20170719,15:48:00,230.0,0.5,115,217.0,0.7,152,25553,16303,31.0,53.0
Station_01,Inv_00,20170719,15:49:00,199.0,0.6,119,218.0,0.7,153,25553,16303,30.8,52.0
Station_01,Inv_00,20170719,15:50:00,224.5,0.6,135,217.0,0.7,152,25553,16303,30.7,52.0
Station_01,Inv_00,20170719,15:51:00,208.5,0.6,125,218.0,0.8,174,25553,16303,30.6,55.0
Station_01,Inv_00,20170719,15:52:00,224.5,0.6,135,218.0,0.9,196,25553,16303,30.5,57.0
Station_01,Inv_00,20170719,15:53:00,226.4,0.7,159,218.0,0.9,196,25553,16303,30.5,61.0
Station_01,Inv_00,20170719,15:54:00,230.5,0.8,184,217.0,1.0,217,25553,16303,30.4,64.0
Station_01,Inv_00,20170719,15:55:00,228.6,0.8,183,217.0,1.0,217,25553,16303,30.3,69.0
Station_01,Inv_00,20170719,15:56:00,227.0,0.9,204,218.0,1.0,218,25553,16303,30.3,72.0
Station_01,Inv_00,20170719,15:57:00,233.5,1.0,234,217.0,1.1,239,25553,16303,30.1,76.0
Station_01,Inv_00,20170719,15:58:00,225.0,1.1,248,217.0,1.1,239,25553,16303,30.2,78.0
Station_01,Inv_00,20170719,15:59:00,229.0,1.1,252,217.0,1.2,260,25553,16303,30.1,81.0
Station_01,Inv_00,20170719,16:00:00,239.8,1.0,240,217.0,1.2,260,25553,16303,30.1,85.0
Station_01,Inv_00,20170719,16:01:00,232.0,1.2,278,217.0,1.2,260,25553,16303,30.1,84.0
Station_01,Inv_00,20170719,16:02:00,235.6,1.1,259,217.0,1.3,282,25553,16303,30.3,85.0
Station_01,Inv_00,20170719,16:03:00,229.9,1.1,253,218.0,1.2,262,25553,16303,30.1,84.0
Station_01,Inv_00,20170719,16:04:00,220.9,1.2,265,218.0,1.2,262,25553,16303,30.2,83.0
Station_01,Inv_00,20170719,16:05:00,219.5,1.2,263,217.0,1.2,260,25553,16303,30.2,82.0
Station_01,Inv_00,20170719,16:06:00,208.0,1.1,229,218.0,1.2,262,25553,16303,30.2,83.0
Station_01,Inv_00,20170719,16:07:00,235.8,1.1,259,218.0,1.3,283,25553,16303,30.3,85.0
Station_01,Inv_00,20170719,16:08:00,232.5,1.1,256,217.0,1.3,282,25553,16303,30.2,88.0
Station_01,Inv_00,20170719,16:09:00,233.0,1.3,303,218.0,1.4,305,25553,16303,30.3,90.0
Station_01,Inv_00,20170719,16:10:00,225.6,1.3,293,218.0,1.4,305,25553,16303,30.4,92.0
Station_01,Inv_00,20170719,16:11:00,239.8,1.2,288,218.0,1.4,305,25553,16303,30.6,93.0
Station_01,Inv_00,20170719,16:12:00,212.5,1.3,276,217.0,1.4,304,25553,16303,30.5,94.0
Station_01,Inv_00,20170719,16:13:00,237.7,1.3,309,217.0,1.5,326,25553,16303,30.3,95.0
Station_01,Inv_00,20170719,16:14:00,239.5,1.2,287,218.0,1.5,327,25553,16303,30.0,94.0
Station_01,Inv_00,20170719,16:15:00,234.2,1.3,305,218.0,1.4,305,25553,16303,29.8,94.0
Station_01,Inv_00,20170719,16:16:00,227.5,1.4,319,218.0,1.5,327,25553,16303,29.5,95.0
Station_01,Inv_00,20170719,16:17:00,241.0,1.3,313,218.0,1.5,327,25553,16303,28.9,97.0
Station_01,Inv_00,20170719,16:18:00,244.1,1.4,342,218.0,1.5,327,25553,16303,28.7,98.0
Station_01,Inv_00,20170719,16:19:00,235.5,1.4,330,218.0,1.5,327,25553,16303,28.4,106.0
Station_01,Inv_00,20170719,16:20:00,238.0,1.5,357,219.0,1.6,350,25553,16303,28.2,106.0
Station_01,Inv_00,20170719,16:21:00,237.4,1.4,332,219.0,1.5,329,25553,16303,28.0,103.0
Station_01,Inv_00,20170719,16:22:00,217.7,1.5,327,219.0,1.5,329,25553,16303,27.9,104.0
Station_01,Inv_00,20170719,16:23:00,240.4,1.4,337,219.0,1.5,329,25553,16303,27.8,103.0
Station_01,Inv_00,20170719,16:24:00,244.0,1.4,342,219.0,1.5,329,25553,16303,27.8,102.0
Station_01,Inv_00,20170719,16:25:00,235.0,1.4,329,219.0,1.5,329,25553,16303,27.8,100.0
Station_01,Inv_00,20170719,16:26:00,232.4,1.4,325,219.0,1.5,329,25553,16303,27.8,101.0
Station_01,Inv_00,20170719,16:27:00,230.5,1.4,323,218.0,1.5,327,25553,16303,27.7,97.0
Station_01,Inv_00,20170719,16:28:00,236.6,1.4,331,218.0,1.5,327,25553,16303,27.7,99.0
Station_01,Inv_00,20170719,16:29:00,240.0,1.4,336,218.0,1.5,327,25553,16303,27.6,100.0
Station_01,Inv_00,20170719,16:30:00,244.0,1.4,342,218.0,1.5,327,25553,16303,27.4,101.0
Station_01,Inv_00,20170719,16:31:00,194.4,1.5,292,218.0,1.4,305,25553,16303,27.4,101.0
Station_01,Inv_00,20170719,16:32:00,212.0,1.5,318,218.0,1.5,327,25553,16303,27.3,103.0
Station_01,Inv_00,20170719,16:33:00,239.0,1.5,359,217.0,1.6,347,25553,16303,27.2,106.0
Station_01,Inv_00,20170719,16:34:00,244.1,1.6,391,217.0,1.7,369,25553,16303,27.1,110.0
Station_01,Inv_00,20170719,16:35:00,206.4,1.8,372,217.0,1.6,347,25553,16303,27.0,115.0
Station_01,Inv_00,20170719,16:36:00,241.6,1.8,435,217.0,1.9,412,25553,16303,27.0,121.0
Station_01,Inv_00,20170719,16:37:00,187.0,1.9,355,217.0,1.6,347,25553,16303,27.0,127.0
Station_01,Inv_00,20170719,16:38:00,229.9,2.1,483,217.0,2.1,456,25553,16303,27.1,134.0
Station_01,Inv_00,20170719,16:39:00,247.8,2.1,520,217.0,2.2,477,25553,16303,27.1,141.0
Station_01,Inv_00,20170719,16:40:00,237.5,2.2,523,217.0,2.3,499,25553,16303,27.2,142.0
Station_01,Inv_00,20170719,16:41:00,242.0,2.5,605,217.0,2.6,564,25553,16303,27.3,155.0
Station_01,Inv_00,20170719,16:42:00,244.5,3.2,782,217.0,3.4,738,25553,16303,27.5,195.0
Station_01,Inv_00,20170719,16:43:00,249.0,3.3,822,217.0,3.6,781,25553,16303,28.0,220.0
Station_01,Inv_00,20170719,16:44:00,248.0,3.0,744,217.0,3.2,694,25553,16303,28.2,199.0
Station_01,Inv_00,20170719,16:45:00,251.5,2.6,654,218.0,2.9,632,25553,16303,28.1,180.0
Station_01,Inv_00,20170719,16:46:00,248.0,2.4,595,217.0,2.5,543,25553,16303,27.9,156.0
Station_01,Inv_00,20170719,16:47:00,239.5,2.4,575,218.0,2.5,545,25553,16303,27.8,154.0
Station_01,Inv_00,20170719,16:48:00,246.0,2.5,615,218.0,2.8,610,25553,16303,28.0,166.0
Station_01,Inv_00,20170719,16:49:00,246.0,2.8,689,218.0,3.0,654,25553,16303,28.1,174.0
Station_01,Inv_00,20170719,16:50:00,251.0,3.2,803,218.0,3.6,785,25553,16303,28.5,206.0
Station_01,Inv_00,20170719,16:51:00,243.5,3.5,852,218.0,3.7,807,25553,16303,29.0,219.0
Station_01,Inv_00,20170719,16:52:00,247.5,3.4,842,218.0,3.7,807,25553,16303,29.5,219.0
Station_01,Inv_00,20170719,16:53:00,246.0,3.6,886,219.0,3.8,832,25553,16303,30.0,225.0
Station_01,Inv_00,20170719,16:54:00,238.5,3.6,859,219.0,3.7,810,25553,16303,30.5,228.0
Station_01,Inv_00,20170719,16:55:00,244.0,3.6,878,220.0,3.9,858,25553,16303,30.9,234.0
Station_01,Inv_00,20170719,16:56:00,246.5,3.4,838,220.0,3.8,836,25553,16303,31.4,227.0
Station_01,Inv_00,20170719,16:57:00,244.5,3.5,856,220.0,3.7,814,25553,16303,31.7,220.0
Station_01,Inv_00,20170719,16:58:00,239.0,3.6,860,217.0,3.9,846,25553,16303,31.7,229.0
Station_01,Inv_00,20170719,16:59:00,241.9,3.9,943,217.0,4.0,868,25553,16303,32.0,241.0
Station_01,Inv_00,20170719,17:00:00,251.3,3.8,955,216.0,4.1,886,25553,16303,32.0,246.0
Station_01,Inv_00,20170719,17:01:00,246.0,3.9,959,217.0,4.1,890,25553,16303,32.1,249.0
Station_01,Inv_00,20170719,17:02:00,237.5,4.1,974,217.0,4.1,890,25553,16303,32.7,251.0
Station_01,Inv_00,20170719,17:03:00,244.5,4.2,1027,218.0,4.3,937,25553,16303,32.9,260.0
Station_01,Inv_00,20170719,17:04:00,241.5,4.4,1063,218.0,4.5,981,25553,16303,33.3,270.0
Station_01,Inv_00,20170719,17:05:00,246.5,4.5,1109,218.0,4.8,1046,25553,16303,33.1,289.0
Station_01,Inv_00,20170719,17:06:00,244.9,4.6,1126,217.0,4.9,1063,25553,16303,32.9,294.0
Station_01,Inv_00,20170719,17:07:00,246.5,4.7,1159,217.0,5.1,1107,25553,16303,32.8,302.0
Station_01,Inv_00,20170719,17:08:00,249.5,4.7,1173,218.0,5.1,1112,25553,16303,32.9,301.0
Station_01,Inv_00,20170719,17:09:00,247.0,4.9,1210,218.0,5.1,1112,25554,16303,32.5,300.0
Station_01,Inv_00,20170719,17:10:00,249.5,4.7,1173,218.0,5.1,1112,25554,16303,32.0,298.0
Station_01,Inv_00,20170719,17:11:00,247.0,4.8,1186,218.0,5.0,1090,25554,16303,31.6,293.0
Station_01,Inv_00,20170719,17:12:00,249.0,4.7,1170,218.0,4.9,1068,25554,16303,31.4,275.0
Station_01,Inv_00,20170719,17:13:00,240.5,4.7,1130,218.0,4.7,1025,25554,16303,31.4,249.0
Station_01,Inv_00,20170719,17:14:00,251.5,4.3,1081,218.0,4.7,1025,25554,16303,31.3,240.0
Station_01,Inv_00,20170719,17:15:00,243.7,4.6,1121,217.0,4.7,1020,25554,16303,31.2,239.0
Station_01,Inv_00,20170719,17:16:00,244.7,4.6,1126,217.0,4.7,1020,25554,16303,31.4,236.0
Station_01,Inv_00,20170719,17:17:00,245.5,4.4,1080,217.0,4.6,998,25554,16303,31.5,238.0
Station_01,Inv_00,20170719,17:18:00,254.9,4.4,1121,217.0,4.7,1020,25554,16303,31.7,243.0
Station_01,Inv_00,20170719,17:19:00,243.9,4.1,1000,217.0,4.3,933,25554,16303,31.8,244.0
Station_01,Inv_00,20170719,17:20:00,245.5,4.0,982,218.0,4.2,916,25554,16303,32.1,247.0
Station_01,Inv_00,20170719,17:21:00,251.0,4.1,1029,218.0,4.3,937,25554,16303,32.3,247.0
Station_01,Inv_00,20170719,17:22:00,244.0,4.2,1025,218.0,4.3,937,25554,16303,32.4,245.0
Station_01,Inv_00,20170719,17:23:00,238.5,4.1,978,218.0,4.2,916,25554,16303,32.7,244.0
Station_01,Inv_00,20170719,17:24:00,243.8,4.0,975,218.0,4.2,916,25554,16303,33.3,247.0
Station_01,Inv_00,20170719,17:25:00,245.0,4.1,1004,218.0,4.2,916,25554,16303,33.5,245.0
Station_01,Inv_00,20170719,17:26:00,243.4,4.0,974,219.0,4.1,898,25554,16303,33.9,245.0
Station_01,Inv_00,20170719,17:27:00,240.0,3.9,936,218.0,4.1,894,25554,16303,34.1,242.0
Station_01,Inv_00,20170719,17:28:00,240.0,4.1,984,217.0,4.1,890,25554,16303,34.3,246.0
Station_01,Inv_00,20170719,17:29:00,241.0,4.2,1012,218.0,4.2,916,25554,16303,34.9,246.0
Station_01,Inv_00,20170719,17:30:00,246.0,4.1,1008,218.0,4.2,916,25554,16303,35.0,246.0
Station_01,Inv_00,20170719,17:31:00,242.0,4.1,992,218.0,4.1,894,25554,16303,35.5,243.0
Station_01,Inv_00,20170719,17:32:00,246.5,4.0,986,218.0,4.1,894,25554,16303,35.6,239.0
Station_01,Inv_00,20170719,17:33:00,244.0,3.9,952,217.0,4.0,868,25554,16303,35.8,235.0
Station_01,Inv_00,20170719,17:34:00,247.9,3.7,917,217.0,4.0,868,25554,16303,35.8,228.0
Station_01,Inv_00,20170719,17:35:00,221.5,3.8,842,217.0,3.7,803,25554,16303,35.9,220.0
Station_01,Inv_00,20170719,17:36:00,242.0,3.6,871,217.0,3.8,825,25554,16303,36.2,215.0
Station_01,Inv_00,20170719,17:37:00,241.5,3.5,845,217.0,3.7,803,25554,16303,36.2,208.0
Station_01,Inv_00,20170719,17:38:00,236.5,3.5,828,217.0,3.6,781,25554,16303,36.3,209.0
Station_01,Inv_00,20170719,17:39:00,235.5,3.4,801,218.0,3.5,763,25554,16303,36.4,207.0
Station_01,Inv_00,20170719,17:40:00,238.9,3.3,788,218.0,3.5,763,25554,16303,36.6,206.0
Station_01,Inv_00,20170719,17:41:00,238.4,3.3,787,218.0,3.5,763,25554,16303,36.6,204.0
Station_01,Inv_00,20170719,17:42:00,240.0,3.3,792,217.0,3.5,760,25554,16303,36.6,204.0
Station_01,Inv_00,20170719,17:43:00,242.4,3.3,800,217.0,3.4,738,25554,16303,36.5,202.0
Station_01,Inv_00,20170719,17:44:00,240.5,3.2,770,218.0,3.4,741,25554,16303,36.5,201.0
Station_01,Inv_00,20170719,17:45:00,237.9,3.3,785,218.0,3.4,741,25554,16303,36.4,199.0
Station_01,Inv_00,20170719,17:46:00,237.4,3.2,760,217.0,3.4,738,25554,16303,36.3,199.0
Station_01,Inv_00,20170719,17:47:00,236.9,3.2,758,217.0,3.3,716,25554,16303,36.3,193.0
Station_01,Inv_00,20170719,17:48:00,239.4,3.1,742,217.0,3.2,694,25554,16303,36.2,190.0
Station_01,Inv_00,20170719,17:49:00,239.5,3.1,742,218.0,3.3,719,25554,16303,35.9,193.0
Station_01,Inv_00,20170719,17:50:00,240.0,3.0,720,217.0,3.2,694,25554,16303,35.2,194.0
Station_01,Inv_00,20170719,17:51:00,239.5,3.1,742,217.0,3.2,694,25554,16303,35.1,190.0
Station_01,Inv_00,20170719,17:52:00,242.5,3.0,727,218.0,3.2,698,25554,16303,34.5,191.0
Station_01,Inv_00,20170719,17:53:00,241.0,3.0,723,217.0,3.2,694,25554,16303,35.1,186.0
Station_01,Inv_00,20170719,17:54:00,235.0,3.1,729,217.0,3.1,673,25554,16303,34.6,188.0
Station_01,Inv_00,20170719,17:55:00,229.0,3.1,710,217.0,3.1,673,25554,16303,34.9,186.0
Station_01,Inv_00,20170719,17:56:00,204.5,3.0,614,217.0,2.7,586,25554,16303,34.8,183.0
Station_01,Inv_00,20170719,17:57:00,243.0,3.0,729,217.0,3.1,673,25554,16303,34.6,183.0
Station_01,Inv_00,20170719,17:58:00,232.0,2.9,673,217.0,3.1,673,25554,16303,34.1,182.0
Station_01,Inv_00,20170719,17:59:00,243.5,2.8,682,218.0,3.1,676,25554,16303,33.9,180.0
Station_01,Inv_00,20170719,18:00:00,240.5,2.8,673,217.0,3.0,651,25554,16303,33.8,178.0
Station_01,Inv_00,20170719,18:01:00,243.0,2.8,680,217.0,3.0,651,25554,16303,33.7,177.0
Station_01,Inv_00,20170719,18:02:00,240.5,2.8,673,218.0,3.0,654,25554,16303,33.4,175.0
Station_01,Inv_00,20170719,18:03:00,241.5,2.8,676,218.0,2.9,632,25554,16303,33.5,175.0
Station_01,Inv_00,20170719,18:04:00,238.4,2.8,668,217.0,2.8,608,25554,16303,33.3,168.0
Station_01,Inv_00,20170719,18:05:00,237.0,2.6,616,218.0,2.8,610,25554,16303,33.2,170.0
Station_01,Inv_00,20170719,18:06:00,238.0,2.7,643,218.0,2.8,610,25554,16303,33.3,165.0
Station_01,Inv_00,20170719,18:07:00,241.0,2.6,627,218.0,2.8,610,25554,16303,33.5,163.0
Station_01,Inv_00,20170719,18:08:00,242.3,2.6,630,218.0,2.8,610,25554,16303,33.3,162.0
Station_01,Inv_00,20170719,18:09:00,242.5,2.6,631,218.0,2.7,589,25554,16303,33.6,162.0
Station_01,Inv_00,20170719,18:10:00,241.8,2.5,604,218.0,2.6,567,25554,16303,33.2,159.0
Station_01,Inv_00,20170719,18:11:00,245.5,2.4,589,218.0,2.6,567,25554,16303,33.6,158.0
Station_01,Inv_00,20170719,18:12:00,226.9,2.5,567,218.0,2.5,545,25554,16303,33.4,156.0
Station_01,Inv_00,20170719,18:13:00,243.0,2.2,535,218.0,2.3,501,25554,16303,33.3,143.0
Station_01,Inv_00,20170719,18:14:00,237.5,2.1,499,218.0,2.2,480,25554,16303,32.9,138.0
Station_01,Inv_00,20170719,18:15:00,238.0,2.1,500,218.0,2.2,480,25554,16303,32.9,134.0
Station_01,Inv_00,20170719,18:16:00,234.8,2.0,470,218.0,2.1,458,25554,16303,32.8,131.0
Station_01,Inv_00,20170719,18:17:00,237.0,2.0,474,217.0,2.1,456,25554,16303,32.9,128.0
Station_01,Inv_00,20170719,18:18:00,233.0,2.0,466,217.0,2.0,434,25554,16303,32.7,127.0
Station_01,Inv_00,20170719,18:19:00,236.7,2.0,473,217.0,2.0,434,25554,16303,32.8,124.0
Station_01,Inv_00,20170719,18:20:00,232.4,1.9,442,217.0,2.0,434,25554,16303,32.9,120.0
Station_01,Inv_00,20170719,18:21:00,236.8,1.8,426,217.0,1.9,412,25554,16303,32.8,116.0
Station_01,Inv_00,20170719,18:22:00,203.3,1.8,366,217.0,1.6,347,25554,16303,32.8,113.0
Station_01,Inv_00,20170719,18:23:00,190.5,1.7,324,218.0,1.4,305,25554,16303,32.8,109.0
Station_01,Inv_00,20170719,18:24:00,233.5,1.5,350,217.0,1.6,347,25554,16303,32.8,105.0
Station_01,Inv_00,20170719,18:25:00,233.0,1.5,350,217.0,1.6,347,25555,16304,32.7,101.0
Station_01,Inv_00,20170719,18:26:00,237.5,1.4,333,218.0,1.5,327,25555,16304,32.6,98.0
Station_01,Inv_00,20170719,18:27:00,238.5,1.4,334,217.0,1.5,326,25555,16304,32.5,93.0
Station_01,Inv_00,20170719,18:28:00,234.0,1.2,281,218.0,1.4,305,25555,16304,32.4,89.0
Station_01,Inv_00,20170719,18:29:00,184.0,1.2,221,218.0,1.1,240,25555,16304,32.3,85.0
Station_01,Inv_00,20170719,18:30:00,212.9,1.1,234,218.0,1.2,262,25555,16304,32.2,80.0
Station_01,Inv_00,20170719,18:31:00,228.5,1.0,229,217.0,1.1,239,25555,16304,32.0,73.0
Station_01,Inv_00,20170719,18:32:00,207.4,0.7,145,217.0,0.9,195,25555,16304,31.8,59.0
Station_01,Inv_00,20170719,18:33:00,225.5,0.6,135,217.0,0.7,152,25555,16304,31.5,51.0
Station_01,Inv_00,20170719,18:34:00,218.2,0.5,109,217.0,0.6,130,25555,16304,31.4,47.0
Station_01,Inv_00,20170719,18:35:00,191.8,0.5,96,217.0,0.5,109,25555,16304,31.2,45.0
Station_01,Inv_00,20170719,18:36:00,220.0,0.4,88,216.0,0.6,130,25555,16304,31.0,44.0
Station_01,Inv_00,20170719,18:37:00,180.5,0.4,72,216.0,0.5,108,25555,16304,30.8,44.0
Station_01,Inv_00,20170719,18:38:00,203.0,0.5,102,217.0,0.6,130,25555,16304,30.7,45.0
Station_01,Inv_00,20170719,18:39:00,203.0,0.5,102,217.0,0.6,130,25555,16304,30.6,46.0
Station_01,Inv_00,20170719,18:40:00,200.8,0.5,100,216.0,0.5,108,25555,16304,30.6,45.0
Station_01,Inv_00,20170719,18:41:00,197.5,0.4,79,216.0,0.5,108,25555,16304,30.5,43.0
Station_01,Inv_00,20170719,18:42:00,208.5,0.4,83,216.0,0.5,108,25555,16304,30.5,42.0
Station_01,Inv_00,20170719,18:43:00,215.3,0.3,65,216.0,0.5,108,25555,16304,30.3,39.0
Station_01,Inv_00,20170719,18:44:00,150.0,0.3,45,217.0,0.4,87,25555,16304,30.2,36.0
Station_01,Inv_00,20170719,18:45:00,194.3,0.3,58,216.0,0.5,108,25555,16304,30.1,36.0
Station_01,Inv_00,20170719,18:46:00,206.0,0.3,62,216.0,0.5,108,25555,16304,30.1,37.0
Station_01,Inv_00,20170719,18:47:00,209.0,0.4,84,216.0,0.5,108,25555,16304,30.0,39.0
Station_01,Inv_00,20170719,18:48:00,202.3,0.3,61,216.0,0.5,108,25555,16304,30.0,42.0
Station_01,Inv_00,20170719,18:49:00,219.5,0.2,44,216.0,0.4,86,25555,16304,29.9,35.0
Station_01,Inv_00,20170719,18:50:00,214.5,0.2,43,216.0,0.4,86,25555,16304,29.8,29.0
Station_01,Inv_00,20170719,18:51:00,0.0,0.0,0,216.0,0.4,86,25555,16304,29.7,25.0
Station_01,Inv_00,20170719,18:52:00,0.0,0.0,0,0.0,0.0,0,25555,16304,29.6,22.0
Station_01,Inv_00,20170719,18:53:00,0.0,0.0,0,220.0,0.3,66,25555,16304,29.5,20.0
Station_01,Inv_00,20170719,18:54:00,0.0,0.0,0,220.0,0.3,66,25555,16304,29.3,19.0
Station_01,Inv_00,20170719,18:55:00,0.0,0.0,0,220.0,0.3,66,25555,16304,29.2,19.0
Station_01,Inv_00,20170719,18:56:00,0.0,0.0,0,220.0,0.3,66,25555,16304,29.1,18.0
Station_01,Inv_00,20170719,18:57:00,0.0,0.0,0,220.0,0.3,66,25555,16304,29.0,18.0
Station_01,Inv_00,20170719,18:58:00,0.0,0.0,0,220.0,0.3,66,25555,16304,28.9,18.0
Station_01,Inv_00,20170719,18:59:00,0.0,0.0,0,220.0,0.3,66,25555,16304,28.9,18.0
Station_01,Inv_00,20170719,19:00:00,0.0,0.0,0,220.0,0.3,66,25555,16304,28.8,18.0
Station_01,Inv_00,20170719,19:01:00,0.0,0.0,0,220.0,0.3,66,25555,16304,28.7,18.0
Station_01,Inv_00,20170719,19:02:00,0.0,0.0,0,220.0,0.3,66,25555,16304,28.6,18.0
Station_01,Inv_00,20170719,19:03:00,0.0,0.0,0,220.0,0.3,66,25555,16304,28.6,18.0
Station_01,Inv_00,20170719,19:04:00,0.0,0.0,0,220.0,0.3,66,25555,16304,28.5,17.0
Station_01,Inv_00,20170719,19:05:00,0.0,0.0,0,220.0,0.3,66,25555,16304,28.5,19.0
Station_01,Inv_00,20170719,19:06:00,0.0,0.0,0,220.0,0.3,66,25555,16304,28.4,18.0
Station_01,Inv_00,20170719,19:07:00,0.0,0.0,0,220.0,0.3,66,25555,16304,28.4,18.0
Station_01,Inv_00,20170719,19:08:00,0.0,0.0,0,220.0,0.3,66,25555,16304,28.3,17.0
Station_01,Inv_00,20170719,19:09:00,0.0,0.0,0,220.0,0.3,66,25555,16304,28.2,19.0
Station_01,Inv_00,20170719,19:10:00,0.0,0.0,0,220.0,0.3,66,25555,16304,28.1,17.0
Station_01,Inv_00,20170719,19:11:00,0.0,0.0,0,220.0,0.3,66,25555,16304,28.0,18.0
Station_01,Inv_00,20170719,19:12:00,0.0,0.0,0,220.0,0.3,66,25555,16304,28.0,18.0
Station_01,Inv_00,20170719,19:13:00,0.0,0.0,0,220.0,0.3,66,25555,16304,27.9,17.0
Station_01,Inv_00,20170719,19:14:00,0.0,0.0,0,220.0,0.3,66,25555,16304,27.9,17.0
Station_01,Inv_00,20170719,19:15:00,0.0,0.0,0,220.0,0.3,66,25555,16304,27.8,18.0
Station_01,Inv_00,20170719,19:16:00,0.0,0.0,0,220.0,0.3,66,25555,16304,27.7,17.0
Station_01,Inv_00,20170719,19:17:00,0.0,0.0,0,220.0,0.3,66,25555,16304,27.6,17.0
Station_01,Inv_00,20170719,19:18:00,0.0,0.0,0,220.0,0.3,66,25555,16304,27.6,17.0
Station_01,Inv_00,20170719,19:19:00,0.0,0.0,0,220.0,0.3,66,25555,16304,27.5,17.0
Station_01,Inv_00,20170719,19:20:00,0.0,0.0,0,220.0,0.3,66,25555,16304,27.4,18.0
Station_01,Inv_00,20170719,19:21:00,0.0,0.0,0,220.0,0.3,66,25555,16304,27.4,17.0
Station_01,Inv_00,20170719,19:22:00,0.0,0.0,0,220.0,0.3,66,25555,16304,27.3,17.0
Station_01,Inv_00,20170719,19:23:00,0.0,0.0,0,220.0,0.3,66,25555,16304,27.2,18.0
Station_01,Inv_00,20170719,19:24:00,0.0,0.0,0,220.0,0.3,66,25555,16304,27.2,17.0
Station_01,Inv_00,20170719,19:25:00,0.0,0.0,0,220.0,0.3,66,25555,16304,27.1,18.0
Station_01,Inv_00,20170719,19:26:00,0.0,0.0,0,220.0,0.3,66,25555,16304,27.1,17.0
Station_01,Inv_00,20170719,19:27:00,0.0,0.0,0,220.0,0.3,66,25555,16304,27.1,17.0
Station_01,Inv_00,20170719,19:28:00,0.0,0.0,0,220.0,0.3,66,25555,16304,27.0,22.0
Station_01,Inv_00,20170719,19:29:00,0.0,0.0,0,220.0,0.3,66,25555,16304,27.0,18.0
Station_01,Inv_00,20170719,19:30:00,0.0,0.0,0,220.0,0.3,66,25555,16304,27.0,20.0
Station_01,Inv_00,20170719,19:31:00,0.0,0.0,0,220.0,0.3,66,25555,16304,27.0,18.0
Station_01,Inv_00,20170719,19:32:00,0.0,0.0,0,220.0,0.3,66,25555,16304,27.0,18.0
Station_01,Inv_00,20170719,19:33:00,0.0,0.0,0,220.0,0.3,66,25555,16304,27.0,18.0
Station_01,Inv_00,20170719,19:34:00,0.0,0.0,0,220.0,0.3,66,25555,16304,27.1,18.0
Station_01,Inv_00,20170719,19:35:00,0.0,0.0,0,220.0,0.3,66,25555,16304,27.1,18.0
Station_01,Inv_00,20170719,19:36:00,0.0,0.0,0,220.0,0.3,66,25555,16304,27.1,18.0
Station_01,Inv_00,20170719,19:37:00,0.0,0.0,0,220.0,0.3,66,25555,16304,27.1,18.0
Station_01,Inv_00,20170719,19:38:00,0.0,0.0,0,220.0,0.3,66,25555,16304,27.1,18.0
Station_01,Inv_00,20170719,19:39:00,0.0,0.0,0,220.0,0.3,66,25555,16304,27.1,19.0
Station_01,Inv_00,20170719,19:40:00,0.0,0.0,0,220.0,0.3,66,25555,16304,27.1,18.0
Station_01,Inv_00,20170719,19:41:00,0.0,0.0,0,220.0,0.3,66,25555,16304,27.1,18.0
Station_01,Inv_00,20170719,19:42:00,0.0,0.0,0,220.0,0.3,66,25555,16304,27.1,19.0
Station_01,Inv_00,20170719,19:43:00,0.0,0.0,0,220.0,0.3,66,25555,16304,27.1,19.0
Station_01,Inv_00,20170719,19:44:00,0.0,0.0,0,220.0,0.3,66,25555,16304,27.2,21.0
Station_01,Inv_00,20170719,19:45:00,0.0,0.0,0,220.0,0.3,66,25555,16304,27.2,19.0
Station_01,Inv_00,20170719,19:46:00,0.0,0.0,0,220.0,0.3,66,25555,16304,27.2,19.0
Station_01,Inv_00,20170719,19:47:00,0.0,0.0,0,220.0,0.3,66,25555,16304,27.3,18.0
Station_01,Inv_00,20170719,19:48:00,0.0,0.0,0,220.0,0.3,66,25555,16304,27.3,24.0
Station_01,Inv_00,20170719,19:49:00,0.0,0.0,0,220.0,0.3,66,25555,16304,27.3,19.0
Station_01,Inv_00,20170719,19:50:00,0.0,0.0,0,220.0,0.3,66,25555,16304,27.4,19.0
Station_01,Inv_00,20170719,19:51:00,0.0,0.0,0,220.0,0.3,66,25555,16304,27.3,19.0
Station_01,Inv_00,20170719,19:52:00,0.0,0.0,0,220.0,0.3,66,25555,16304,27.3,21.0
Station_01,Inv_00,20170719,19:53:00,0.0,0.0,0,220.0,0.3,66,25555,16304,27.4,19.0
Station_01,Inv_00,20170719,19:54:00,0.0,0.0,0,220.0,0.3,66,25555,16304,27.3,19.0
Station_01,Inv_00,20170719,19:55:00,0.0,0.0,0,220.0,0.3,66,25555,16304,27.3,19.0
Station_01,Inv_00,20170719,19:56:00,0.0,0.0,0,220.0,0.3,66,25555,16304,27.3,18.0
Station_01,Inv_00,20170719,19:57:00,0.0,0.0,0,220.0,0.3,66,25555,16304,27.3,19.0
Station_01,Inv_00,20170719,19:58:00,0.0,0.0,0,220.0,0.3,66,25555,16304,27.3,19.0
Station_01,Inv_00,20170719,19:59:00,0.0,0.0,0,220.0,0.3,66,25555,16304,27.2,18.0
Station_01,Inv_00,20170719,20:00:00,0.0,0.0,0,220.0,0.3,66,25555,16304,27.2,20.0
