Station_01,Inv_00,20170705,05:00:00,0.0,0.0,0,220.0,0.3,66,25295,16138,24.2,18.0
Station_01,Inv_00,20170705,05:01:00,0.0,0.0,0,220.0,0.3,66,25295,16138,24.2,18.0
Station_01,Inv_00,20170705,05:02:00,0.0,0.0,0,220.0,0.3,66,25295,16138,24.1,19.0
Station_01,Inv_00,20170705,05:03:00,0.0,0.0,0,220.0,0.3,66,25295,16138,24.1,19.0
Station_01,Inv_00,20170705,05:04:00,0.0,0.0,0,220.0,0.3,66,25295,16138,24.1,19.0
Station_01,Inv_00,20170705,05:05:00,0.0,0.0,0,220.0,0.3,66,25295,16138,24.2,19.0
Station_01,Inv_00,20170705,05:06:00,0.0,0.0,0,220.0,0.3,66,25295,16138,24.2,19.0
Station_01,Inv_00,20170705,05:07:00,0.0,0.0,0,220.0,0.3,66,25295,16138,24.1,19.0
Station_01,Inv_00,20170705,05:08:00,0.0,0.0,0,220.0,0.3,66,25295,16138,24.1,20.0
Station_01,Inv_00,20170705,05:09:00,0.0,0.0,0,220.0,0.3,66,25295,16138,24.1,20.0
Station_01,Inv_00,20170705,05:10:00,0.0,0.0,0,220.0,0.3,66,25295,16138,24.0,20.0
Station_01,Inv_00,20170705,05:11:00,0.0,0.0,0,220.0,0.3,66,25295,16138,24.0,20.0
Station_01,Inv_00,20170705,05:12:00,0.0,0.0,0,220.0,0.3,66,25295,16138,24.0,20.0
Station_01,Inv_00,20170705,05:13:00,0.0,0.0,0,220.0,0.3,66,25295,16138,24.0,20.0
Station_01,Inv_00,20170705,05:14:00,0.0,0.0,0,220.0,0.3,66,25295,16138,24.0,20.0
Station_01,Inv_00,20170705,05:15:00,0.0,0.0,0,220.0,0.3,66,25295,16138,23.9,21.0
Station_01,Inv_00,20170705,05:16:00,0.0,0.0,0,220.0,0.3,66,25295,16138,23.9,22.0
Station_01,Inv_00,20170705,05:17:00,0.0,0.0,0,220.0,0.3,66,25295,16138,23.9,22.0
Station_01,Inv_00,20170705,05:18:00,0.0,0.0,0,220.0,0.3,66,25295,16138,23.9,23.0
Station_01,Inv_00,20170705,05:19:00,0.0,0.0,0,220.0,0.3,66,25295,16138,24.0,443.0
Station_01,Inv_00,20170705,05:20:00,0.0,0.0,0,220.0,0.3,66,25295,16138,24.1,23.0
Station_01,Inv_00,20170705,05:21:00,0.0,0.0,0,220.0,0.3,66,25295,16138,24.1,23.0
Station_01,Inv_00,20170705,05:22:00,0.0,0.0,0,220.0,0.3,66,25295,16138,24.0,24.0
Station_01,Inv_00,20170705,05:23:00,0.0,0.0,0,220.0,0.3,66,25295,16138,23.9,25.0
Station_01,Inv_00,20170705,05:24:00,0.0,0.0,0,220.0,0.3,66,25295,16138,23.9,25.0
Station_01,Inv_00,20170705,05:25:00,0.0,0.0,0,220.0,0.3,66,25295,16138,24.0,26.0
Station_01,Inv_00,20170705,05:26:00,0.0,0.0,0,220.0,0.4,88,25295,16138,24.0,27.0
Station_01,Inv_00,20170705,05:27:00,0.0,0.0,0,221.0,0.5,111,25295,16138,24.1,27.0
Station_01,Inv_00,20170705,05:28:00,0.0,0.0,0,220.0,0.5,110,25295,16138,24.1,444.0
Station_01,Inv_00,20170705,05:29:00,0.0,0.0,0,221.0,0.5,111,25295,16138,24.1,29.0
Station_01,Inv_00,20170705,05:30:00,0.0,0.0,0,221.0,0.5,111,25295,16138,24.1,29.0
Station_01,Inv_00,20170705,05:31:00,0.0,0.0,0,0.0,0.0,0,25295,16138,24.2,30.0
Station_01,Inv_00,20170705,05:32:00,227.0,0.2,45,217.0,0.4,87,25295,16138,24.2,447.0
Station_01,Inv_00,20170705,05:33:00,227.0,0.2,45,216.0,0.4,86,25295,16138,24.3,34.0
Station_01,Inv_00,20170705,05:34:00,241.5,0.2,48,216.0,0.5,108,25295,16138,24.3,36.0
Station_01,Inv_00,20170705,05:35:00,232.0,0.2,46,216.0,0.5,108,25295,16138,24.4,37.0
Station_01,Inv_00,20170705,05:36:00,222.0,0.3,67,216.0,0.5,108,25295,16138,24.4,36.0
Station_01,Inv_00,20170705,05:37:00,213.0,0.1,21,216.0,0.4,86,25295,16138,24.3,35.0
Station_01,Inv_00,20170705,05:38:00,226.0,0.1,23,216.0,0.4,86,25295,16138,24.3,37.0
Station_01,Inv_00,20170705,05:39:00,231.0,0.1,23,217.0,0.5,109,25295,16138,24.4,42.0
Station_01,Inv_00,20170705,05:40:00,213.0,0.1,21,215.0,0.5,108,25295,16138,24.4,43.0
Station_01,Inv_00,20170705,05:41:00,231.0,0.1,23,217.0,0.4,87,25295,16138,24.4,52.0
Station_01,Inv_00,20170705,05:42:00,216.3,0.3,65,216.0,0.5,108,25295,16138,24.4,40.0
Station_01,Inv_00,20170705,05:43:00,192.0,0.3,58,217.0,0.4,87,25295,16138,24.4,43.0
Station_01,Inv_00,20170705,05:44:00,216.3,0.3,65,218.0,0.5,109,25295,16138,24.5,48.0
Station_01,Inv_00,20170705,05:45:00,225.3,0.3,68,218.0,0.5,109,25295,16138,24.7,55.0
Station_01,Inv_00,20170705,05:46:00,219.0,0.4,88,217.0,0.5,109,25295,16138,24.8,58.0
Station_01,Inv_00,20170705,05:47:00,194.0,0.4,78,218.0,0.5,109,25295,16138,24.8,59.0
Station_01,Inv_00,20170705,05:48:00,148.0,0.3,44,218.0,0.5,109,25295,16138,25.0,63.0
Station_01,Inv_00,20170705,05:49:00,159.3,0.4,64,217.0,0.5,109,25295,16138,25.1,66.0
Station_01,Inv_00,20170705,05:50:00,198.0,0.5,99,216.0,0.5,108,25295,16138,25.3,69.0
Station_01,Inv_00,20170705,05:51:00,191.0,0.5,96,216.0,0.5,108,25295,16138,25.4,74.0
Station_01,Inv_00,20170705,05:52:00,216.0,0.4,86,216.0,0.6,130,25295,16138,25.6,78.0
Station_01,Inv_00,20170705,05:53:00,204.0,0.5,102,216.0,0.6,130,25295,16138,25.7,81.0
Station_01,Inv_00,20170705,05:54:00,239.0,0.6,143,216.0,0.7,151,25295,16138,25.9,83.0
Station_01,Inv_00,20170705,05:55:00,213.0,0.6,128,216.0,0.7,151,25295,16138,26.0,85.0
Station_01,Inv_00,20170705,05:56:00,241.0,0.6,145,216.0,0.8,173,25295,16138,26.1,88.0
Station_01,Inv_00,20170705,05:57:00,230.5,0.6,138,215.0,0.8,172,25295,16138,26.3,90.0
Station_01,Inv_00,20170705,05:58:00,222.0,0.6,133,215.0,0.8,172,25295,16138,26.4,93.0
Station_01,Inv_00,20170705,05:59:00,180.4,0.7,126,215.0,0.7,151,25295,16138,26.5,96.0
Station_01,Inv_00,20170705,06:00:00,214.0,0.7,150,217.0,0.9,195,25295,16138,26.6,99.0
Station_01,Inv_00,20170705,06:01:00,242.9,0.7,170,217.0,1.0,217,25295,16138,26.8,102.0
Station_01,Inv_00,20170705,06:02:00,244.9,0.7,171,216.0,1.0,216,25295,16138,26.9,105.0
Station_01,Inv_00,20170705,06:03:00,223.3,0.9,201,215.0,1.0,215,25295,16138,27.0,108.0
Station_01,Inv_00,20170705,06:04:00,223.0,0.9,201,215.0,1.0,215,25295,16138,27.1,111.0
Station_01,Inv_00,20170705,06:05:00,221.4,0.9,199,215.0,1.0,215,25295,16138,27.3,114.0
Station_01,Inv_00,20170705,06:06:00,207.4,1.0,207,215.0,1.0,215,25295,16138,27.5,118.0
Station_01,Inv_00,20170705,06:07:00,197.4,0.9,178,215.0,1.0,215,25295,16138,27.6,121.0
Station_01,Inv_00,20170705,06:08:00,241.5,1.0,242,215.0,1.2,258,25295,16138,27.5,124.0
Station_01,Inv_00,20170705,06:09:00,234.9,1.1,258,215.0,1.2,258,25295,16138,27.8,128.0
Station_01,Inv_00,20170705,06:10:00,248.5,1.1,273,215.0,1.3,280,25295,16138,27.9,131.0
Station_01,Inv_00,20170705,06:11:00,245.3,1.2,294,216.0,1.3,281,25295,16138,27.9,134.0
Station_01,Inv_00,20170705,06:12:00,235.0,1.2,282,217.0,1.3,282,25295,16138,28.1,138.0
Station_01,Inv_00,20170705,06:13:00,245.8,1.3,320,217.0,1.4,304,25295,16138,28.3,142.0
Station_01,Inv_00,20170705,06:14:00,240.0,1.1,264,216.0,1.3,281,25295,16138,28.3,137.0
Station_01,Inv_00,20170705,06:15:00,234.6,0.7,164,216.0,0.9,194,25295,16138,27.9,87.0
Station_01,Inv_00,20170705,06:16:00,185.0,1.0,185,216.0,0.9,194,25295,16138,27.7,88.0
Station_01,Inv_00,20170705,06:17:00,237.1,1.5,356,216.0,1.5,324,25295,16138,28.0,146.0
Station_01,Inv_00,20170705,06:18:00,224.9,1.6,360,216.0,1.5,324,25295,16138,28.2,160.0
Station_01,Inv_00,20170705,06:19:00,230.0,1.6,368,215.0,1.6,344,25295,16138,28.6,163.0
Station_01,Inv_00,20170705,06:20:00,244.9,1.7,416,215.0,1.7,366,25295,16138,28.9,167.0
Station_01,Inv_00,20170705,06:21:00,249.2,1.7,424,214.0,1.8,385,25295,16138,29.0,170.0
Station_01,Inv_00,20170705,06:22:00,252.0,1.7,428,216.0,1.9,410,25295,16138,29.2,174.0
Station_01,Inv_00,20170705,06:23:00,245.5,1.8,442,216.0,1.9,410,25295,16138,29.4,178.0
Station_01,Inv_00,20170705,06:24:00,249.8,1.9,475,216.0,2.0,432,25295,16138,29.6,182.0
Station_01,Inv_00,20170705,06:25:00,222.0,2.0,444,216.0,1.9,410,25295,16138,29.8,186.0
Station_01,Inv_00,20170705,06:26:00,221.0,2.0,442,216.0,2.0,432,25295,16138,30.2,189.0
Station_01,Inv_00,20170705,06:27:00,247.3,2.1,519,216.0,2.2,475,25295,16138,30.3,193.0
Station_01,Inv_00,20170705,06:28:00,244.0,2.0,488,215.0,2.2,473,25295,16138,30.4,197.0
Station_01,Inv_00,20170705,06:29:00,251.4,2.1,528,215.0,2.3,494,25295,16138,30.7,200.0
Station_01,Inv_00,20170705,06:30:00,252.4,2.1,530,215.0,2.4,516,25295,16138,30.6,204.0
Station_01,Inv_00,20170705,06:31:00,249.0,2.3,573,215.0,2.5,538,25295,16138,31.0,208.0
Station_01,Inv_00,20170705,06:32:00,248.5,2.4,596,215.0,2.5,538,25295,16138,31.2,212.0
Station_01,Inv_00,20170705,06:33:00,247.0,2.3,568,215.0,2.6,559,25295,16138,31.4,216.0
Station_01,Inv_00,20170705,06:34:00,250.5,2.5,626,215.0,2.7,581,25295,16138,31.5,220.0
Station_01,Inv_00,20170705,06:35:00,244.0,2.5,610,215.0,2.7,581,25295,16138,31.9,223.0
Station_01,Inv_00,20170705,06:36:00,253.0,2.6,658,215.0,2.8,602,25295,16138,32.2,227.0
Station_01,Inv_00,20170705,06:37:00,252.0,2.6,655,217.0,2.9,629,25295,16138,31.9,231.0
Station_01,Inv_00,20170705,06:38:00,251.0,2.6,653,218.0,3.0,654,25295,16138,32.2,235.0
Station_01,Inv_00,20170705,06:39:00,245.0,2.7,661,218.0,3.1,676,25295,16138,32.7,239.0
Station_01,Inv_00,20170705,06:40:00,246.0,2.9,713,218.0,3.1,676,25295,16138,32.9,243.0
Station_01,Inv_00,20170705,06:41:00,252.0,2.8,706,218.0,3.2,698,25295,16138,33.2,247.0
Station_01,Inv_00,20170705,06:42:00,245.5,2.9,712,218.0,3.2,698,25295,16138,33.8,251.0
Station_01,Inv_00,20170705,06:43:00,246.5,3.1,764,218.0,3.3,719,25295,16138,34.3,255.0
Station_01,Inv_00,20170705,06:44:00,245.0,3.2,784,218.0,3.4,741,25295,16138,34.7,259.0
Station_01,Inv_00,20170705,06:45:00,249.0,3.1,772,220.0,3.5,770,25295,16138,34.8,263.0
Station_01,Inv_00,20170705,06:46:00,247.0,3.3,815,216.0,3.6,778,25295,16138,35.3,267.0
Station_01,Inv_00,20170705,06:47:00,244.0,3.3,805,216.0,3.6,778,25295,16138,35.1,271.0
Station_01,Inv_00,20170705,06:48:00,244.5,3.5,856,215.0,3.6,774,25295,16138,35.8,275.0
Station_01,Inv_00,20170705,06:49:00,245.5,3.5,859,216.0,3.8,821,25295,16138,35.7,279.0
Station_01,Inv_00,20170705,06:50:00,243.5,3.5,852,216.0,3.8,821,25295,16138,35.7,284.0
Station_01,Inv_00,20170705,06:51:00,243.9,3.7,903,216.0,3.9,842,25295,16138,36.3,288.0
Station_01,Inv_00,20170705,06:52:00,248.0,3.8,942,216.0,3.9,842,25295,16138,36.3,292.0
Station_01,Inv_00,20170705,06:53:00,243.4,3.9,949,216.0,4.0,864,25295,16138,37.1,296.0
Station_01,Inv_00,20170705,06:54:00,236.8,4.0,947,216.0,4.0,864,25295,16138,36.8,301.0
Station_01,Inv_00,20170705,06:55:00,231.0,4.0,924,215.0,4.0,860,25295,16138,37.6,304.0
Station_01,Inv_00,20170705,06:56:00,238.5,4.0,954,215.0,4.1,881,25295,16138,37.9,309.0
Station_01,Inv_00,20170705,06:57:00,245.5,4.0,982,214.0,4.3,920,25295,16138,37.8,313.0
Station_01,Inv_00,20170705,06:58:00,242.0,4.1,992,217.0,4.3,933,25295,16138,38.7,317.0
Station_01,Inv_00,20170705,06:59:00,243.5,4.2,1023,217.0,4.4,955,25295,16138,38.9,320.0
Station_01,Inv_00,20170705,07:00:00,238.0,4.3,1023,216.0,4.5,972,25295,16138,39.1,325.0
Station_01,Inv_00,20170705,07:01:00,239.4,4.5,1078,216.0,4.5,972,25295,16138,39.1,330.0
Station_01,Inv_00,20170705,07:02:00,241.4,4.4,1062,217.0,4.6,998,25295,16138,39.3,334.0
Station_01,Inv_00,20170705,07:03:00,238.4,4.5,1073,218.0,4.6,1003,25295,16138,39.9,338.0
Station_01,Inv_00,20170705,07:04:00,240.0,4.6,1104,218.0,4.7,1025,25295,16138,40.4,340.0
Station_01,Inv_00,20170705,07:05:00,237.0,4.6,1090,217.0,4.7,1020,25295,16138,40.5,342.0
Station_01,Inv_00,20170705,07:06:00,234.0,4.7,1100,217.0,4.8,1042,25295,16138,40.8,347.0
Station_01,Inv_00,20170705,07:07:00,242.5,4.8,1164,219.0,5.0,1095,25295,16138,40.3,352.0
Station_01,Inv_00,20170705,07:08:00,240.5,4.8,1154,219.0,5.0,1095,25295,16138,41.3,356.0
Station_01,Inv_00,20170705,07:09:00,236.0,5.1,1204,218.0,5.1,1112,25295,16138,41.2,359.0
Station_01,Inv_00,20170705,07:10:00,238.9,5.1,1219,218.0,5.1,1112,25295,16138,41.8,361.0
Station_01,Inv_00,20170705,07:11:00,236.0,5.1,1204,218.0,5.1,1112,25295,16138,41.6,365.0
Station_01,Inv_00,20170705,07:12:00,237.5,5.1,1211,218.0,5.2,1134,25295,16138,41.5,369.0
Station_01,Inv_00,20170705,07:13:00,239.0,5.1,1219,218.0,5.2,1134,25295,16138,42.2,369.0
Station_01,Inv_00,20170705,07:14:00,237.5,5.3,1259,218.0,5.2,1134,25295,16138,42.3,371.0
Station_01,Inv_00,20170705,07:15:00,237.0,5.0,1185,218.0,5.1,1112,25295,16138,42.3,365.0
Station_01,Inv_00,20170705,07:16:00,240.0,4.9,1176,218.0,5.1,1112,25295,16138,42.7,360.0
Station_01,Inv_00,20170705,07:17:00,232.9,5.0,1165,217.0,5.1,1107,25295,16138,42.8,358.0
Station_01,Inv_00,20170705,07:18:00,238.4,4.9,1168,217.0,5.0,1085,25295,16138,42.2,352.0
Station_01,Inv_00,20170705,07:19:00,235.0,4.6,1081,218.0,4.6,1003,25295,16138,42.2,331.0
Station_01,Inv_00,20170705,07:20:00,237.0,4.9,1161,219.0,5.0,1095,25295,16138,42.5,353.0
Station_01,Inv_00,20170705,07:21:00,236.4,5.0,1182,218.0,5.1,1112,25295,16138,43.0,358.0
Station_01,Inv_00,20170705,07:22:00,233.5,5.1,1191,218.0,5.1,1112,25296,16139,42.5,361.0
Station_01,Inv_00,20170705,07:23:00,231.9,5.1,1183,219.0,5.1,1117,25296,16139,42.1,361.0
Station_01,Inv_00,20170705,07:24:00,235.5,4.8,1130,220.0,4.9,1078,25296,16139,42.2,345.0
Station_01,Inv_00,20170705,07:25:00,226.5,5.1,1155,220.0,4.7,1034,25296,16139,41.7,351.0
Station_01,Inv_00,20170705,07:26:00,229.0,5.3,1214,220.0,5.1,1122,25296,16139,42.1,356.0
Station_01,Inv_00,20170705,07:27:00,237.0,5.3,1256,221.0,5.3,1171,25296,16139,42.4,372.0
Station_01,Inv_00,20170705,07:28:00,237.5,5.6,1330,219.0,5.7,1248,25296,16139,42.4,392.0
Station_01,Inv_00,20170705,07:29:00,239.0,5.9,1410,218.0,6.0,1308,25296,16139,42.9,410.0
Station_01,Inv_00,20170705,07:30:00,239.5,6.1,1461,217.0,6.2,1345,25296,16139,43.2,424.0
Station_01,Inv_00,20170705,07:31:00,238.0,5.7,1357,218.0,5.7,1243,25296,16139,43.3,408.0
Station_01,Inv_00,20170705,07:32:00,239.5,3.9,934,217.0,4.1,890,25296,16139,43.0,296.0
Station_01,Inv_00,20170705,07:33:00,213.9,4.3,920,217.0,4.0,868,25296,16139,41.9,293.0
Station_01,Inv_00,20170705,07:34:00,231.0,4.9,1132,217.0,4.9,1063,25296,16139,42.6,336.0
Station_01,Inv_00,20170705,07:35:00,233.5,5.5,1284,218.0,5.4,1177,25296,16139,42.9,363.0
Station_01,Inv_00,20170705,07:36:00,241.0,5.4,1301,218.0,5.6,1221,25296,16139,43.1,386.0
Station_01,Inv_00,20170705,07:37:00,232.0,6.0,1392,217.0,6.1,1324,25296,16139,43.3,408.0
Station_01,Inv_00,20170705,07:38:00,234.5,6.5,1524,217.0,6.5,1411,25296,16139,43.4,436.0
Station_01,Inv_00,20170705,07:39:00,238.5,6.3,1503,217.0,6.4,1389,25296,16139,44.0,434.0
Station_01,Inv_00,20170705,07:40:00,236.0,6.4,1510,217.0,6.6,1432,25296,16139,43.3,441.0
Station_01,Inv_00,20170705,07:41:00,237.0,6.6,1564,216.0,6.8,1469,25296,16139,44.5,456.0
Station_01,Inv_00,20170705,07:42:00,223.5,6.9,1542,217.0,6.7,1454,25296,16139,44.6,461.0
Station_01,Inv_00,20170705,07:43:00,233.0,6.8,1584,217.0,6.9,1497,25296,16139,45.1,464.0
Station_01,Inv_00,20170705,07:44:00,231.4,7.0,1620,216.0,7.0,1512,25296,16139,45.5,469.0
Station_01,Inv_00,20170705,07:45:00,226.0,7.1,1605,217.0,7.0,1519,25296,16139,45.4,476.0
Station_01,Inv_00,20170705,07:46:00,207.8,6.6,1372,217.0,6.0,1302,25296,16139,45.0,459.0
Station_01,Inv_00,20170705,07:47:00,233.5,6.3,1471,218.0,6.3,1373,25296,16139,45.7,410.0
Station_01,Inv_00,20170705,07:48:00,228.0,7.3,1664,218.0,7.3,1591,25296,16139,46.1,490.0
Station_01,Inv_00,20170705,07:49:00,233.5,7.2,1681,217.0,7.2,1562,25296,16139,45.9,488.0
Station_01,Inv_00,20170705,07:50:00,235.4,7.2,1695,217.0,7.3,1584,25296,16139,46.4,489.0
Station_01,Inv_00,20170705,07:51:00,236.4,7.0,1655,217.0,7.2,1562,25296,16139,47.5,486.0
Station_01,Inv_00,20170705,07:52:00,232.0,7.3,1694,218.0,7.4,1613,25296,16139,47.0,493.0
Station_01,Inv_00,20170705,07:53:00,228.9,7.4,1694,218.0,7.4,1613,25296,16139,46.9,497.0
Station_01,Inv_00,20170705,07:54:00,229.5,7.5,1721,218.0,7.4,1613,25296,16139,47.1,498.0
Station_01,Inv_00,20170705,07:55:00,229.5,7.5,1721,218.0,7.5,1635,25296,16139,48.5,499.0
Station_01,Inv_00,20170705,07:56:00,230.9,7.6,1755,218.0,7.6,1657,25296,16139,48.3,505.0
Station_01,Inv_00,20170705,07:57:00,232.0,7.7,1786,217.0,7.7,1671,25296,16139,48.6,510.0
Station_01,Inv_00,20170705,07:58:00,232.0,7.6,1763,216.0,7.7,1663,25296,16139,48.9,512.0
Station_01,Inv_00,20170705,07:59:00,230.0,7.7,1771,216.0,7.7,1663,25296,16139,49.3,513.0
Station_01,Inv_00,20170705,08:00:00,229.0,7.9,1809,216.0,7.8,1685,25296,16139,49.6,517.0
Station_01,Inv_00,20170705,08:01:00,226.0,7.8,1763,216.0,7.7,1663,25296,16139,48.9,519.0
Station_01,Inv_00,20170705,08:02:00,231.5,7.6,1759,215.0,7.7,1656,25297,16139,48.6,511.0
Station_01,Inv_00,20170705,08:03:00,234.0,7.5,1755,216.0,7.5,1620,25297,16139,49.2,498.0
Station_01,Inv_00,20170705,08:04:00,228.5,7.5,1714,216.0,7.4,1598,25297,16139,49.2,497.0
Station_01,Inv_00,20170705,08:05:00,230.0,7.6,1748,217.0,7.5,1628,25297,16139,49.3,492.0
Station_01,Inv_00,20170705,08:06:00,232.0,7.9,1833,216.0,8.0,1728,25297,16139,49.3,523.0
Station_01,Inv_00,20170705,08:07:00,230.4,8.0,1844,216.0,8.1,1750,25297,16139,49.4,535.0
Station_01,Inv_00,20170705,08:08:00,229.5,8.1,1859,217.0,8.1,1758,25297,16139,49.3,537.0
Station_01,Inv_00,20170705,08:09:00,229.5,8.1,1859,217.0,8.2,1779,25297,16139,50.2,542.0
Station_01,Inv_00,20170705,08:10:00,229.0,8.1,1855,216.0,8.2,1771,25297,16139,50.1,543.0
Station_01,Inv_00,20170705,08:11:00,234.9,8.0,1879,216.0,8.2,1771,25297,16139,49.9,538.0
Station_01,Inv_00,20170705,08:12:00,230.0,8.3,1909,216.0,8.3,1793,25297,16139,49.2,550.0
Station_01,Inv_00,20170705,08:13:00,232.0,8.3,1926,217.0,8.4,1823,25297,16139,49.3,553.0
Station_01,Inv_00,20170705,08:14:00,229.5,8.3,1905,216.0,8.3,1793,25297,16139,49.6,547.0
Station_01,Inv_00,20170705,08:15:00,226.0,8.5,1921,216.0,8.4,1814,25297,16139,50.3,552.0
Station_01,Inv_00,20170705,08:16:00,220.0,8.7,1914,216.0,8.2,1771,25297,16139,50.2,555.0
Station_01,Inv_00,20170705,08:17:00,228.5,8.5,1942,216.0,8.4,1814,25297,16139,50.6,560.0
Station_01,Inv_00,20170705,08:18:00,226.0,8.3,1876,216.0,8.2,1771,25297,16139,50.3,547.0
Station_01,Inv_00,20170705,08:19:00,226.0,8.8,1989,216.0,8.7,1879,25297,16139,51.0,572.0
Station_01,Inv_00,20170705,08:20:00,225.5,8.9,2007,215.0,8.7,1870,25297,16139,51.9,577.0
Station_01,Inv_00,20170705,08:21:00,222.0,9.1,2020,216.0,8.8,1901,25297,16139,51.2,588.0
Station_01,Inv_00,20170705,08:22:00,225.5,9.0,2029,216.0,8.8,1901,25297,16139,50.6,587.0
Station_01,Inv_00,20170705,08:23:00,225.5,9.1,2052,217.0,9.0,1953,25297,16139,50.6,595.0
Station_01,Inv_00,20170705,08:24:00,216.5,9.3,2013,217.0,8.8,1910,25297,16139,51.4,595.0
Station_01,Inv_00,20170705,08:25:00,226.5,9.2,2084,216.0,9.1,1966,25297,16139,51.4,596.0
Station_01,Inv_00,20170705,08:26:00,222.4,9.4,2091,218.0,8.9,1940,25297,16139,51.4,601.0
Station_01,Inv_00,20170705,08:27:00,228.5,9.2,2102,217.0,9.1,1975,25297,16139,52.1,602.0
Station_01,Inv_00,20170705,08:28:00,225.0,9.3,2092,217.0,9.2,1996,25297,16139,52.5,602.0
Station_01,Inv_00,20170705,08:29:00,226.0,9.4,2124,218.0,9.2,2006,25297,16139,50.8,609.0
Station_01,Inv_00,20170705,08:30:00,226.0,9.4,2124,218.0,9.3,2027,25297,16139,51.5,612.0
Station_01,Inv_00,20170705,08:31:00,228.5,9.4,2148,218.0,9.3,2027,25297,16139,51.8,614.0
Station_01,Inv_00,20170705,08:32:00,228.0,9.4,2143,217.0,9.3,2018,25297,16139,51.7,618.0
Station_01,Inv_00,20170705,08:33:00,226.5,9.5,2152,218.0,9.3,2027,25298,16140,51.5,621.0
Station_01,Inv_00,20170705,08:34:00,228.0,9.5,2166,218.0,9.4,2049,25298,16140,51.1,627.0
Station_01,Inv_00,20170705,08:35:00,222.5,9.7,2158,217.0,9.4,2040,25298,16140,51.4,630.0
Station_01,Inv_00,20170705,08:36:00,226.5,9.7,2197,218.0,9.5,2071,25298,16140,52.0,634.0
Station_01,Inv_00,20170705,08:37:00,226.0,9.8,2215,218.0,9.6,2093,25298,16140,50.4,638.0
Station_01,Inv_00,20170705,08:38:00,226.4,9.8,2219,218.0,9.6,2093,25298,16140,51.2,640.0
Station_01,Inv_00,20170705,08:39:00,224.0,10.0,2240,218.0,9.6,2093,25298,16140,51.4,641.0
Station_01,Inv_00,20170705,08:40:00,225.0,9.9,2227,218.0,9.7,2115,25298,16140,52.0,643.0
Station_01,Inv_00,20170705,08:41:00,226.5,10.0,2265,219.0,9.8,2146,25298,16140,52.4,646.0
Station_01,Inv_00,20170705,08:42:00,225.0,10.0,2250,218.0,9.8,2136,25298,16140,52.1,648.0
Station_01,Inv_00,20170705,08:43:00,227.0,10.0,2270,218.0,9.8,2136,25298,16140,51.1,651.0
Station_01,Inv_00,20170705,08:44:00,229.0,10.0,2290,218.0,9.9,2158,25298,16140,51.8,655.0
Station_01,Inv_00,20170705,08:45:00,226.5,10.1,2288,218.0,10.0,2180,25298,16140,50.6,660.0
Station_01,Inv_00,20170705,08:46:00,226.5,10.2,2310,218.0,10.0,2180,25298,16140,51.7,661.0
Station_01,Inv_00,20170705,08:47:00,220.0,10.5,2310,218.0,9.9,2158,25298,16140,52.6,664.0
Station_01,Inv_00,20170705,08:48:00,222.0,10.4,2309,218.0,10.0,2180,25298,16140,53.2,667.0
Station_01,Inv_00,20170705,08:49:00,223.5,10.5,2347,218.0,10.1,2202,25298,16140,52.6,670.0
Station_01,Inv_00,20170705,08:50:00,223.5,10.4,2324,218.0,10.1,2202,25298,16140,51.6,672.0
Station_01,Inv_00,20170705,08:51:00,225.0,10.4,2340,218.0,10.1,2202,25298,16140,52.8,670.0
Station_01,Inv_00,20170705,08:52:00,227.0,10.4,2361,218.0,10.2,2224,25298,16140,52.4,670.0
Station_01,Inv_00,20170705,08:53:00,224.5,10.5,2357,217.0,10.3,2235,25298,16140,52.6,675.0
Station_01,Inv_00,20170705,08:54:00,220.5,10.7,2359,218.0,10.3,2245,25298,16140,52.8,681.0
Station_01,Inv_00,20170705,08:55:00,220.5,10.8,2381,218.0,10.3,2245,25298,16140,53.1,683.0
Station_01,Inv_00,20170705,08:56:00,220.0,10.9,2398,218.0,10.3,2245,25298,16140,53.0,685.0
Station_01,Inv_00,20170705,08:57:00,223.0,10.8,2408,218.0,10.4,2267,25298,16140,53.4,691.0
Station_01,Inv_00,20170705,08:58:00,220.0,10.9,2398,218.0,10.4,2267,25298,16140,53.7,690.0
Station_01,Inv_00,20170705,08:59:00,219.0,11.0,2409,219.0,10.4,2278,25299,16141,52.7,698.0
Station_01,Inv_00,20170705,09:00:00,224.0,10.9,2442,218.0,10.5,2289,25299,16141,53.8,699.0
Station_01,Inv_00,20170705,09:01:00,224.5,10.8,2424,218.0,10.5,2289,25299,16141,54.1,699.0
Station_01,Inv_00,20170705,09:02:00,222.0,11.0,2442,218.0,10.6,2311,25299,16141,54.1,702.0
Station_01,Inv_00,20170705,09:03:00,216.5,11.2,2425,218.0,10.5,2289,25299,16141,55.7,702.0
Station_01,Inv_00,20170705,09:04:00,223.0,10.9,2431,217.0,10.6,2300,25299,16141,56.5,708.0
Station_01,Inv_00,20170705,09:05:00,218.5,11.2,2447,218.0,10.6,2311,25299,16141,56.7,706.0
Station_01,Inv_00,20170705,09:06:00,216.5,11.3,2446,217.0,10.6,2300,25299,16141,55.9,711.0
Station_01,Inv_00,20170705,09:07:00,222.5,11.0,2447,217.0,10.7,2322,25299,16141,55.3,714.0
Station_01,Inv_00,20170705,09:08:00,221.4,11.2,2480,217.0,10.8,2344,25299,16141,54.4,718.0
Station_01,Inv_00,20170705,09:09:00,220.0,11.3,2486,217.0,10.8,2344,25299,16141,55.0,723.0
Station_01,Inv_00,20170705,09:10:00,224.0,11.2,2508,217.0,10.9,2365,25299,16141,55.0,725.0
Station_01,Inv_00,20170705,09:11:00,223.0,11.2,2497,217.0,10.8,2344,25299,16141,55.6,729.0
Station_01,Inv_00,20170705,09:12:00,223.5,11.3,2526,217.0,10.9,2365,25299,16141,55.8,727.0
Station_01,Inv_00,20170705,09:13:00,222.0,11.3,2509,217.0,10.9,2365,25299,16141,55.1,733.0
Station_01,Inv_00,20170705,09:14:00,221.0,11.4,2519,217.0,11.0,2387,25299,16141,56.1,735.0
Station_01,Inv_00,20170705,09:15:00,222.5,11.4,2536,217.0,11.1,2409,25299,16141,55.1,741.0
Station_01,Inv_00,20170705,09:16:00,216.0,11.7,2527,217.0,11.1,2409,25299,16141,53.8,744.0
Station_01,Inv_00,20170705,09:17:00,224.5,11.5,2582,217.0,11.2,2430,25299,16141,53.9,745.0
Station_01,Inv_00,20170705,09:18:00,217.0,11.8,2560,217.0,11.1,2409,25299,16141,52.6,746.0
Station_01,Inv_00,20170705,09:19:00,219.5,11.7,2568,216.0,11.3,2441,25299,16141,55.2,749.0
Station_01,Inv_00,20170705,09:20:00,216.5,11.8,2555,217.0,11.2,2430,25299,16141,54.8,757.0
Station_01,Inv_00,20170705,09:21:00,217.5,12.0,2610,217.0,11.3,2452,25299,16141,55.2,754.0
Station_01,Inv_00,20170705,09:22:00,212.5,11.9,2528,217.0,11.1,2409,25299,16141,56.2,755.0
Station_01,Inv_00,20170705,09:23:00,220.5,11.7,2580,217.0,11.3,2452,25300,16141,56.0,759.0
Station_01,Inv_00,20170705,09:24:00,217.8,11.8,2570,217.0,11.2,2430,25300,16141,57.4,759.0
Station_01,Inv_00,20170705,09:25:00,219.5,11.9,2612,217.0,11.3,2452,25300,16141,57.0,761.0
Station_01,Inv_00,20170705,09:26:00,217.0,12.0,2604,217.0,11.3,2452,25300,16141,57.2,763.0
Station_01,Inv_00,20170705,09:27:00,215.5,12.2,2629,217.0,11.3,2452,25300,16141,56.9,770.0
Station_01,Inv_00,20170705,09:28:00,220.0,11.9,2618,217.0,11.4,2474,25300,16141,58.0,768.0
Station_01,Inv_00,20170705,09:29:00,215.5,12.2,2629,217.0,11.4,2474,25300,16141,56.6,771.0
Station_01,Inv_00,20170705,09:30:00,220.5,12.1,2668,217.0,11.5,2496,25300,16141,55.5,778.0
Station_01,Inv_00,20170705,09:31:00,215.5,12.4,2672,217.0,11.5,2496,25300,16141,55.5,780.0
Station_01,Inv_00,20170705,09:32:00,220.5,12.1,2668,217.0,11.6,2517,25300,16141,57.4,778.0
Station_01,Inv_00,20170705,09:33:00,221.0,12.1,2674,217.0,11.7,2539,25300,16141,56.9,782.0
Station_01,Inv_00,20170705,09:34:00,216.0,12.5,2700,217.0,11.7,2539,25300,16141,56.4,787.0
Station_01,Inv_00,20170705,09:35:00,219.0,12.3,2694,217.0,11.8,2561,25300,16141,56.7,789.0
Station_01,Inv_00,20170705,09:36:00,216.5,12.5,2706,217.0,11.8,2561,25300,16141,57.8,792.0
Station_01,Inv_00,20170705,09:37:00,216.0,12.5,2700,216.0,11.8,2549,25300,16141,58.6,788.0
Station_01,Inv_00,20170705,09:38:00,220.0,12.3,2706,217.0,11.8,2561,25300,16141,56.7,809.0
Station_01,Inv_00,20170705,09:39:00,218.4,12.5,2731,216.0,11.9,2570,25300,16141,55.3,813.0
Station_01,Inv_00,20170705,09:40:00,217.0,12.6,2734,216.0,11.9,2570,25300,16141,56.5,803.0
Station_01,Inv_00,20170705,09:41:00,216.0,12.8,2764,216.0,11.9,2570,25300,16141,55.2,809.0
Station_01,Inv_00,20170705,09:42:00,219.0,12.6,2759,216.0,12.0,2592,25300,16141,55.8,815.0
Station_01,Inv_00,20170705,09:43:00,220.5,12.5,2756,217.0,12.0,2604,25300,16141,57.5,811.0
Station_01,Inv_00,20170705,09:44:00,216.0,12.8,2764,217.0,12.0,2604,25300,16141,58.5,811.0
Station_01,Inv_00,20170705,09:45:00,215.5,12.8,2758,216.0,12.0,2592,25300,16141,57.7,812.0
Station_01,Inv_00,20170705,09:46:00,213.0,13.0,2769,216.0,12.0,2592,25301,16142,58.4,812.0
Station_01,Inv_00,20170705,09:47:00,211.4,13.0,2749,216.0,12.0,2592,25301,16142,57.4,813.0
Station_01,Inv_00,20170705,09:48:00,216.5,12.9,2793,216.0,12.1,2614,25301,16142,58.8,814.0
Station_01,Inv_00,20170705,09:49:00,214.0,13.1,2803,216.0,12.2,2635,25301,16142,59.5,816.0
Station_01,Inv_00,20170705,09:50:00,213.5,12.9,2754,216.0,11.9,2570,25301,16142,58.8,822.0
Station_01,Inv_00,20170705,09:51:00,218.5,12.9,2819,216.0,12.3,2657,25301,16142,58.2,827.0
Station_01,Inv_00,20170705,09:52:00,216.0,12.9,2786,216.0,12.2,2635,25301,16142,57.1,823.0
Station_01,Inv_00,20170705,09:53:00,218.0,12.9,2812,216.0,12.3,2657,25301,16142,56.6,825.0
Station_01,Inv_00,20170705,09:54:00,216.5,12.9,2793,216.0,12.2,2635,25301,16142,56.9,823.0
Station_01,Inv_00,20170705,09:55:00,215.0,12.8,2752,216.0,12.0,2592,25301,16142,56.4,811.0
Station_01,Inv_00,20170705,09:56:00,216.0,12.7,2743,216.0,12.0,2592,25301,16142,58.0,810.0
Station_01,Inv_00,20170705,09:57:00,217.0,12.9,2799,216.0,12.2,2635,25301,16142,58.3,825.0
Station_01,Inv_00,20170705,09:58:00,216.0,13.0,2808,216.0,12.3,2657,25301,16142,56.6,834.0
Station_01,Inv_00,20170705,09:59:00,216.0,13.3,2873,216.0,12.4,2678,25301,16142,57.6,838.0
Station_01,Inv_00,20170705,10:00:00,212.5,13.3,2826,216.0,12.4,2678,25301,16142,57.2,839.0
Station_01,Inv_00,20170705,10:01:00,219.0,13.1,2869,216.0,12.5,2700,25301,16142,56.3,846.0
Station_01,Inv_00,20170705,10:02:00,218.0,13.3,2899,216.0,12.6,2722,25301,16142,55.0,848.0
Station_01,Inv_00,20170705,10:03:00,217.5,13.4,2915,216.0,12.6,2722,25301,16142,55.6,847.0
Station_01,Inv_00,20170705,10:04:00,219.5,13.3,2919,216.0,12.7,2743,25301,16142,56.3,850.0
Station_01,Inv_00,20170705,10:05:00,218.0,13.4,2921,216.0,12.8,2765,25301,16142,56.8,856.0
Station_01,Inv_00,20170705,10:06:00,219.0,13.3,2913,216.0,12.8,2765,25301,16142,56.7,858.0
Station_01,Inv_00,20170705,10:07:00,220.5,13.3,2933,216.0,12.7,2743,25302,16143,56.0,861.0
Station_01,Inv_00,20170705,10:08:00,216.5,13.6,2944,217.0,12.8,2778,25302,16143,56.3,865.0
Station_01,Inv_00,20170705,10:09:00,216.5,13.6,2944,217.0,12.8,2778,25302,16143,56.6,865.0
Station_01,Inv_00,20170705,10:10:00,215.5,13.7,2952,217.0,12.8,2778,25302,16143,54.5,868.0
Station_01,Inv_00,20170705,10:11:00,219.0,13.5,2956,216.0,12.9,2786,25302,16143,56.0,870.0
Station_01,Inv_00,20170705,10:12:00,218.5,13.6,2972,216.0,12.9,2786,25302,16143,56.3,868.0
Station_01,Inv_00,20170705,10:13:00,216.0,13.8,2980,216.0,12.9,2786,25302,16143,55.9,869.0
Station_01,Inv_00,20170705,10:14:00,210.0,14.1,2961,217.0,12.8,2778,25302,16143,55.4,873.0
Station_01,Inv_00,20170705,10:15:00,214.5,13.8,2960,217.0,12.9,2799,25302,16143,58.0,874.0
Station_01,Inv_00,20170705,10:16:00,217.5,13.7,2980,216.0,12.9,2786,25302,16143,58.3,872.0
Station_01,Inv_00,20170705,10:17:00,215.0,13.8,2967,216.0,12.9,2786,25302,16143,58.1,876.0
Station_01,Inv_00,20170705,10:18:00,216.0,13.8,2980,216.0,12.9,2786,25302,16143,58.4,882.0
Station_01,Inv_00,20170705,10:19:00,215.0,13.9,2988,217.0,12.9,2799,25302,16143,58.6,882.0
Station_01,Inv_00,20170705,10:20:00,210.5,14.2,2989,217.0,12.9,2799,25302,16143,57.6,886.0
Station_01,Inv_00,20170705,10:21:00,214.0,14.0,2996,217.0,12.9,2799,25302,16143,58.6,884.0
Station_01,Inv_00,20170705,10:22:00,215.0,13.9,2989,216.0,13.0,2808,25302,16143,58.5,888.0
Station_01,Inv_00,20170705,10:23:00,213.5,14.0,2989,216.0,12.9,2786,25302,16143,58.6,888.0
Station_01,Inv_00,20170705,10:24:00,216.0,13.9,3002,216.0,12.9,2786,25302,16143,61.2,888.0
Station_01,Inv_00,20170705,10:25:00,218.0,13.7,2987,217.0,12.9,2799,25302,16143,59.5,888.0
Station_01,Inv_00,20170705,10:26:00,209.0,14.2,2968,216.0,12.9,2786,25302,16143,60.7,889.0
Station_01,Inv_00,20170705,10:27:00,210.5,14.2,2989,216.0,12.9,2786,25303,16143,60.8,890.0
Station_01,Inv_00,20170705,10:28:00,216.0,13.9,3002,216.0,13.0,2808,25303,16143,59.6,890.0
Station_01,Inv_00,20170705,10:29:00,214.5,14.0,3003,216.0,13.0,2808,25303,16143,61.0,893.0
Station_01,Inv_00,20170705,10:30:00,216.0,14.0,3024,216.0,13.1,2830,25303,16143,61.5,892.0
Station_01,Inv_00,20170705,10:31:00,214.5,14.1,3024,216.0,13.1,2830,25303,16143,61.8,909.0
Station_01,Inv_00,20170705,10:32:00,209.5,14.5,3038,216.0,13.2,2851,25303,16143,59.8,907.0
Station_01,Inv_00,20170705,10:33:00,213.0,14.3,3046,216.0,13.2,2851,25303,16143,59.2,919.0
Station_01,Inv_00,20170705,10:34:00,212.5,14.3,3039,216.0,13.3,2873,25303,16143,61.0,907.0
Station_01,Inv_00,20170705,10:35:00,209.5,14.5,3038,216.0,13.2,2851,25303,16143,60.7,910.0
Station_01,Inv_00,20170705,10:36:00,212.5,14.3,3039,216.0,13.3,2873,25303,16143,60.7,914.0
Station_01,Inv_00,20170705,10:37:00,212.5,14.3,3039,216.0,13.2,2851,25303,16143,63.5,901.0
Station_01,Inv_00,20170705,10:38:00,210.0,14.4,3024,216.0,13.1,2830,25303,16143,64.1,902.0
Station_01,Inv_00,20170705,10:39:00,212.0,14.2,3010,216.0,13.0,2808,25303,16143,64.8,905.0
Station_01,Inv_00,20170705,10:40:00,210.0,14.3,3003,216.0,13.0,2808,25303,16143,65.3,901.0
Station_01,Inv_00,20170705,10:41:00,207.5,14.5,3009,217.0,13.0,2821,25303,16143,62.3,906.0
Station_01,Inv_00,20170705,10:42:00,211.0,14.3,3017,218.0,13.0,2834,25303,16143,62.3,912.0
Station_01,Inv_00,20170705,10:43:00,213.5,14.1,3010,218.0,13.0,2834,25303,16143,64.5,907.0
Station_01,Inv_00,20170705,10:44:00,207.5,14.6,3029,218.0,13.0,2834,25303,16143,64.0,912.0
Station_01,Inv_00,20170705,10:45:00,204.0,14.9,3040,218.0,13.0,2834,25303,16143,61.9,920.0
Station_01,Inv_00,20170705,10:46:00,209.0,14.7,3072,218.0,13.2,2878,25303,16143,63.3,917.0
Station_01,Inv_00,20170705,10:47:00,213.9,14.3,3059,218.0,13.2,2878,25304,16144,62.3,922.0
Station_01,Inv_00,20170705,10:48:00,210.0,14.6,3066,218.0,13.2,2878,25304,16144,61.7,928.0
Station_01,Inv_00,20170705,10:49:00,209.5,14.6,3058,218.0,13.2,2878,25304,16144,61.7,924.0
Station_01,Inv_00,20170705,10:50:00,209.0,14.7,3072,218.0,13.3,2899,25304,16144,60.8,926.0
Station_01,Inv_00,20170705,10:51:00,212.5,14.5,3081,218.0,13.3,2899,25304,16144,61.5,925.0
Station_01,Inv_00,20170705,10:52:00,213.5,14.5,3096,218.0,13.4,2921,25304,16144,62.9,923.0
Station_01,Inv_00,20170705,10:53:00,211.0,14.7,3102,218.0,13.3,2899,25304,16144,61.9,937.0
Station_01,Inv_00,20170705,10:54:00,210.5,14.6,3073,218.0,13.3,2899,25304,16144,63.8,938.0
Station_01,Inv_00,20170705,10:55:00,209.0,14.7,3072,218.0,13.3,2899,25304,16144,63.4,939.0
Station_01,Inv_00,20170705,10:56:00,210.0,14.6,3066,218.0,13.3,2899,25304,16144,63.4,931.0
Station_01,Inv_00,20170705,10:57:00,209.5,14.7,3080,218.0,13.2,2878,25304,16144,64.0,932.0
Station_01,Inv_00,20170705,10:58:00,207.0,14.8,3063,217.0,13.2,2864,25304,16144,65.5,931.0
Station_01,Inv_00,20170705,10:59:00,209.4,14.7,3079,217.0,13.3,2886,25304,16144,65.7,940.0
Station_01,Inv_00,20170705,11:00:00,207.0,14.9,3084,217.0,13.3,2886,25304,16144,64.0,939.0
Station_01,Inv_00,20170705,11:01:00,208.9,14.7,3071,217.0,13.3,2886,25304,16144,64.7,946.0
Station_01,Inv_00,20170705,11:02:00,207.5,14.9,3092,217.0,13.4,2908,25304,16144,63.2,946.0
Station_01,Inv_00,20170705,11:03:00,209.0,14.8,3093,216.0,13.4,2894,25304,16144,62.7,940.0
Station_01,Inv_00,20170705,11:04:00,211.5,14.6,3087,217.0,13.4,2908,25304,16144,63.1,943.0
Station_01,Inv_00,20170705,11:05:00,209.0,14.9,3114,217.0,13.4,2908,25304,16144,63.2,945.0
Station_01,Inv_00,20170705,11:06:00,202.0,15.2,3070,217.0,13.3,2886,25305,16145,63.1,947.0
Station_01,Inv_00,20170705,11:07:00,209.0,14.8,3093,217.0,13.4,2908,25305,16145,65.8,942.0
Station_01,Inv_00,20170705,11:08:00,203.5,15.1,3073,217.0,13.3,2886,25305,16145,66.9,947.0
Station_01,Inv_00,20170705,11:09:00,203.5,15.1,3073,216.0,13.3,2873,25305,16145,65.8,943.0
Station_01,Inv_00,20170705,11:10:00,203.0,15.1,3065,217.0,13.3,2886,25305,16145,67.2,938.0
Station_01,Inv_00,20170705,11:11:00,207.0,14.8,3063,217.0,13.3,2886,25305,16145,68.3,940.0
Station_01,Inv_00,20170705,11:12:00,205.0,14.9,3055,216.0,13.2,2851,25305,16145,69.0,936.0
Station_01,Inv_00,20170705,11:13:00,207.5,14.8,3071,217.0,13.3,2886,25305,16145,67.8,938.0
Station_01,Inv_00,20170705,11:14:00,204.0,15.1,3080,217.0,13.3,2886,25305,16145,69.9,942.0
Station_01,Inv_00,20170705,11:15:00,204.5,15.2,3108,217.0,13.4,2908,25305,16145,68.4,963.0
Station_01,Inv_00,20170705,11:16:00,196.5,15.6,3065,216.0,13.3,2873,25305,16145,70.4,945.0
Station_01,Inv_00,20170705,11:17:00,197.5,15.5,3061,217.0,13.3,2886,25305,16145,69.7,944.0
Station_01,Inv_00,20170705,11:18:00,203.5,15.1,3073,216.0,13.3,2873,25305,16145,70.6,933.0
Station_01,Inv_00,20170705,11:19:00,200.0,15.3,3060,216.0,13.3,2873,25305,16145,70.4,935.0
Station_01,Inv_00,20170705,11:20:00,205.0,14.9,3055,217.0,13.3,2886,25305,16145,70.5,943.0
Station_01,Inv_00,20170705,11:21:00,200.0,15.1,3020,217.0,13.0,2821,25305,16145,71.3,931.0
Station_01,Inv_00,20170705,11:22:00,200.5,15.2,3047,217.0,13.1,2843,25305,16145,72.1,930.0
Station_01,Inv_00,20170705,11:23:00,196.5,15.4,3026,217.0,13.0,2821,25305,16145,72.1,932.0
Station_01,Inv_00,20170705,11:24:00,202.5,15.1,3058,217.0,13.2,2864,25305,16145,71.2,929.0
Station_01,Inv_00,20170705,11:25:00,200.5,15.2,3047,217.0,13.2,2864,25305,16145,70.6,928.0
Station_01,Inv_00,20170705,11:26:00,202.0,15.0,3030,217.0,13.1,2843,25306,16145,72.4,924.0
Station_01,Inv_00,20170705,11:27:00,201.9,15.1,3049,217.0,13.1,2843,25306,16145,71.7,931.0
Station_01,Inv_00,20170705,11:28:00,199.0,15.1,3005,217.0,12.9,2799,25306,16145,72.3,926.0
Station_01,Inv_00,20170705,11:29:00,203.5,15.0,3052,217.0,13.1,2843,25306,16145,67.6,942.0
Station_01,Inv_00,20170705,11:30:00,206.0,14.8,3049,218.0,13.2,2878,25306,16145,68.5,938.0
Station_01,Inv_00,20170705,11:31:00,204.5,14.9,3047,217.0,13.1,2843,25306,16145,68.4,919.0
Station_01,Inv_00,20170705,11:32:00,204.0,14.8,3019,217.0,13.0,2821,25306,16145,67.8,913.0
Station_01,Inv_00,20170705,11:33:00,201.5,14.9,3002,217.0,12.9,2799,25306,16145,67.9,907.0
Station_01,Inv_00,20170705,11:34:00,204.0,14.8,3019,217.0,13.1,2843,25306,16145,65.9,905.0
Station_01,Inv_00,20170705,11:35:00,207.0,14.9,3084,217.0,13.3,2886,25306,16145,65.5,911.0
Station_01,Inv_00,20170705,11:36:00,208.9,14.7,3071,217.0,13.3,2886,25306,16145,67.1,924.0
Station_01,Inv_00,20170705,11:37:00,206.5,14.7,3035,217.0,13.1,2843,25306,16145,67.2,918.0
Station_01,Inv_00,20170705,11:38:00,204.5,15.2,3108,217.0,13.4,2908,25306,16145,65.8,937.0
Station_01,Inv_00,20170705,11:39:00,207.5,14.6,3029,217.0,13.1,2843,25306,16145,68.1,929.0
Station_01,Inv_00,20170705,11:40:00,205.5,15.1,3102,217.0,13.4,2908,25306,16145,67.7,940.0
Station_01,Inv_00,20170705,11:41:00,203.0,15.4,3126,217.0,13.4,2908,25306,16145,67.4,939.0
Station_01,Inv_00,20170705,11:42:00,207.0,14.4,2981,217.0,12.9,2799,25306,16145,67.3,911.0
Station_01,Inv_00,20170705,11:43:00,201.0,15.4,3095,217.0,13.4,2908,25306,16145,68.6,944.0
Station_01,Inv_00,20170705,11:44:00,204.9,15.1,3095,217.0,13.4,2908,25306,16145,67.0,951.0
Station_01,Inv_00,20170705,11:45:00,206.5,15.2,3139,218.0,13.5,2943,25306,16145,68.4,946.0
Station_01,Inv_00,20170705,11:46:00,203.0,15.3,3106,218.0,13.4,2921,25307,16146,68.9,949.0
Station_01,Inv_00,20170705,11:47:00,206.5,15.3,3159,217.0,13.6,2951,25307,16146,66.4,965.0
Station_01,Inv_00,20170705,11:48:00,201.5,15.5,3123,218.0,13.4,2921,25307,16146,67.8,949.0
Station_01,Inv_00,20170705,11:49:00,203.0,15.4,3126,217.0,13.4,2908,25307,16146,64.6,937.0
Station_01,Inv_00,20170705,11:50:00,201.0,15.0,3015,217.0,13.0,2821,25307,16146,67.5,909.0
Station_01,Inv_00,20170705,11:51:00,204.5,14.9,3047,217.0,13.3,2886,25307,16146,65.7,921.0
Station_01,Inv_00,20170705,11:52:00,207.0,14.6,3022,218.0,12.9,2812,25307,16146,65.7,901.0
Station_01,Inv_00,20170705,11:53:00,197.5,15.5,3061,218.0,13.1,2856,25307,16146,66.5,922.0
Station_01,Inv_00,20170705,11:54:00,201.0,15.7,3156,219.0,13.4,2935,25307,16146,65.6,954.0
Station_01,Inv_00,20170705,11:55:00,206.0,15.5,3193,219.0,13.6,2978,25307,16146,65.0,957.0
Station_01,Inv_00,20170705,11:56:00,207.0,15.4,3188,219.0,13.7,3000,25307,16146,65.7,963.0
Station_01,Inv_00,20170705,11:57:00,207.5,15.5,3216,217.0,13.9,3016,25307,16146,65.2,976.0
Station_01,Inv_00,20170705,11:58:00,207.0,15.5,3208,217.0,13.9,3016,25307,16146,65.4,970.0
Station_01,Inv_00,20170705,11:59:00,201.5,15.6,3143,217.0,13.7,2973,25307,16146,67.0,953.0
Station_01,Inv_00,20170705,12:00:00,202.9,15.5,3146,217.0,13.6,2951,25307,16146,68.2,954.0
Station_01,Inv_00,20170705,12:01:00,199.0,15.5,3085,217.0,13.5,2930,25307,16146,66.7,956.0
Station_01,Inv_00,20170705,12:02:00,206.0,15.1,3111,216.0,13.5,2916,25307,16146,67.7,947.0
Station_01,Inv_00,20170705,12:03:00,204.0,15.2,3101,217.0,13.4,2908,25307,16146,70.1,947.0
Station_01,Inv_00,20170705,12:04:00,203.0,15.2,3086,216.0,13.3,2873,25307,16146,71.1,951.0
Station_01,Inv_00,20170705,12:05:00,204.0,15.0,3060,216.0,13.3,2873,25308,16147,69.7,948.0
Station_01,Inv_00,20170705,12:06:00,200.5,15.1,3027,216.0,13.1,2830,25308,16147,71.1,931.0
Station_01,Inv_00,20170705,12:07:00,201.0,15.0,3015,216.0,13.1,2830,25308,16147,70.8,920.0
Station_01,Inv_00,20170705,12:08:00,200.0,15.2,3040,216.0,13.1,2830,25308,16147,68.4,925.0
Station_01,Inv_00,20170705,12:09:00,197.0,15.8,3112,216.0,13.4,2894,25308,16147,65.8,948.0
Station_01,Inv_00,20170705,12:10:00,202.0,15.8,3191,215.0,13.9,2989,25308,16147,66.0,967.0
Station_01,Inv_00,20170705,12:11:00,206.5,15.5,3201,215.0,13.9,2989,25308,16147,66.1,974.0
Station_01,Inv_00,20170705,12:12:00,207.0,15.0,3105,217.0,13.4,2908,25308,16147,66.9,953.0
Station_01,Inv_00,20170705,12:13:00,202.0,13.1,2646,218.0,11.5,2507,25308,16147,66.9,834.0
Station_01,Inv_00,20170705,12:14:00,204.0,13.9,2836,218.0,12.2,2660,25308,16147,68.9,854.0
Station_01,Inv_00,20170705,12:15:00,191.5,16.0,3064,219.0,13.1,2869,25308,16147,67.5,932.0
Station_01,Inv_00,20170705,12:16:00,205.5,15.8,3247,219.0,13.9,3044,25308,16147,68.0,992.0
Station_01,Inv_00,20170705,12:17:00,201.0,15.1,3035,219.0,13.0,2847,25308,16147,66.9,979.0
Station_01,Inv_00,20170705,12:18:00,205.0,15.7,3218,219.0,13.8,3022,25308,16147,66.8,983.0
Station_01,Inv_00,20170705,12:19:00,197.5,16.5,3259,219.0,13.9,3044,25308,16147,69.5,994.0
Station_01,Inv_00,20170705,12:20:00,199.5,16.2,3231,219.0,13.8,3022,25308,16147,69.8,994.0
Station_01,Inv_00,20170705,12:21:00,200.5,16.4,3288,218.0,14.0,3052,25308,16147,68.2,1005.0
Station_01,Inv_00,20170705,12:22:00,202.5,15.9,3220,217.0,13.9,3016,25308,16147,70.2,995.0
Station_01,Inv_00,20170705,12:23:00,201.0,16.0,3216,218.0,13.9,3030,25308,16147,67.7,996.0
Station_01,Inv_00,20170705,12:24:00,203.5,15.8,3215,218.0,13.9,3030,25309,16147,69.5,997.0
Station_01,Inv_00,20170705,12:25:00,200.5,15.6,3127,218.0,13.4,2921,25309,16147,68.8,967.0
Station_01,Inv_00,20170705,12:26:00,204.4,14.3,2923,218.0,12.7,2769,25309,16147,70.6,914.0
Station_01,Inv_00,20170705,12:27:00,205.5,14.0,2877,217.0,12.4,2691,25309,16147,66.7,893.0
Station_01,Inv_00,20170705,12:28:00,202.9,15.1,3064,218.0,13.1,2856,25309,16147,69.4,926.0
Station_01,Inv_00,20170705,12:29:00,203.5,14.6,2971,218.0,12.9,2812,25309,16147,69.8,925.0
Station_01,Inv_00,20170705,12:30:00,208.5,14.3,2982,218.0,12.9,2812,25309,16147,70.0,913.0
Station_01,Inv_00,20170705,12:31:00,199.5,15.2,3032,219.0,12.9,2825,25309,16147,70.1,923.0
Station_01,Inv_00,20170705,12:32:00,204.5,15.0,3067,219.0,13.1,2869,25309,16147,70.3,938.0
Station_01,Inv_00,20170705,12:33:00,207.0,14.3,2960,217.0,12.8,2778,25309,16147,69.7,894.0
Station_01,Inv_00,20170705,12:34:00,206.0,13.6,2801,217.0,12.1,2626,25309,16147,68.5,840.0
Station_01,Inv_00,20170705,12:35:00,205.5,13.8,2836,217.0,12.3,2669,25309,16147,66.8,863.0
Station_01,Inv_00,20170705,12:36:00,207.0,13.8,2856,217.0,12.4,2691,25309,16147,67.4,849.0
Station_01,Inv_00,20170705,12:37:00,202.0,13.9,2808,217.0,12.3,2669,25309,16147,68.8,876.0
Station_01,Inv_00,20170705,12:38:00,204.5,14.3,2924,218.0,12.5,2725,25309,16147,68.2,857.0
Station_01,Inv_00,20170705,12:39:00,203.4,15.1,3072,217.0,13.2,2864,25309,16147,68.7,919.0
Station_01,Inv_00,20170705,12:40:00,207.5,15.2,3154,218.0,13.4,2921,25309,16147,69.3,936.0
Station_01,Inv_00,20170705,12:41:00,205.5,15.4,3165,219.0,13.5,2957,25309,16147,65.9,961.0
Station_01,Inv_00,20170705,12:42:00,205.0,15.5,3178,219.0,13.6,2978,25309,16147,63.6,941.0
Station_01,Inv_00,20170705,12:43:00,205.5,15.4,3164,219.0,13.5,2957,25309,16147,65.4,945.0
Station_01,Inv_00,20170705,12:44:00,205.5,15.5,3185,219.0,13.6,2978,25310,16148,69.2,957.0
Station_01,Inv_00,20170705,12:45:00,199.5,15.8,3152,219.0,13.5,2957,25310,16148,70.1,976.0
Station_01,Inv_00,20170705,12:46:00,201.0,15.8,3176,219.0,13.6,2978,25310,16148,69.7,975.0
Station_01,Inv_00,20170705,12:47:00,201.0,15.8,3176,219.0,13.5,2957,25310,16148,71.3,975.0
Station_01,Inv_00,20170705,12:48:00,202.5,15.7,3179,218.0,13.7,2987,25310,16148,68.0,975.0
Station_01,Inv_00,20170705,12:49:00,201.5,16.0,3224,219.0,13.8,3022,25310,16148,70.7,979.0
Station_01,Inv_00,20170705,12:50:00,203.0,16.0,3248,219.0,13.9,3044,25310,16148,69.6,979.0
Station_01,Inv_00,20170705,12:51:00,198.0,16.4,3247,219.0,13.9,3044,25310,16148,67.2,981.0
Station_01,Inv_00,20170705,12:52:00,202.4,16.1,3259,219.0,13.8,3022,25310,16148,69.5,962.0
Station_01,Inv_00,20170705,12:53:00,204.0,15.6,3182,220.0,13.6,2992,25310,16148,68.8,962.0
Station_01,Inv_00,20170705,12:54:00,201.0,15.7,3156,218.0,13.5,2943,25310,16148,66.0,966.0
Station_01,Inv_00,20170705,12:55:00,201.0,15.6,3135,218.0,13.5,2943,25310,16148,66.8,938.0
Station_01,Inv_00,20170705,12:56:00,205.5,15.5,3185,218.0,13.7,2987,25310,16148,65.1,956.0
Station_01,Inv_00,20170705,12:57:00,204.5,15.4,3149,218.0,13.6,2965,25310,16148,67.8,950.0
Station_01,Inv_00,20170705,12:58:00,202.5,15.6,3159,218.0,13.5,2943,25310,16148,70.0,968.0
Station_01,Inv_00,20170705,12:59:00,201.0,15.0,3015,217.0,12.9,2799,25310,16148,71.0,935.0
Station_01,Inv_00,20170705,13:00:00,200.5,15.4,3087,217.0,13.4,2908,25310,16148,69.5,950.0
Station_01,Inv_00,20170705,13:01:00,203.0,14.9,3025,216.0,13.2,2851,25310,16148,69.3,940.0
Station_01,Inv_00,20170705,13:02:00,200.5,14.4,2887,216.0,12.5,2700,25310,16148,68.8,882.0
Station_01,Inv_00,20170705,13:03:00,197.0,15.3,3014,215.0,13.1,2817,25311,16148,65.2,912.0
Station_01,Inv_00,20170705,13:04:00,206.5,14.4,2973,215.0,12.9,2774,25311,16148,64.2,875.0
Station_01,Inv_00,20170705,13:05:00,209.0,14.2,2968,215.0,12.9,2774,25311,16148,63.9,876.0
Station_01,Inv_00,20170705,13:06:00,205.9,4.9,1009,214.0,4.1,877,25311,16148,63.1,425.0
Station_01,Inv_00,20170705,13:07:00,205.0,14.9,3054,217.0,13.2,2864,25311,16148,60.9,784.0
Station_01,Inv_00,20170705,13:08:00,215.9,4.3,929,216.0,4.0,864,25311,16148,58.1,310.0
Station_01,Inv_00,20170705,13:09:00,218.1,5.6,1221,217.0,5.1,1107,25311,16148,56.7,329.0
Station_01,Inv_00,20170705,13:10:00,221.0,4.1,906,216.0,4.0,864,25311,16148,55.8,289.0
Station_01,Inv_00,20170705,13:11:00,222.0,4.2,932,216.0,4.1,886,25311,16148,54.7,292.0
Station_01,Inv_00,20170705,13:12:00,219.9,6.2,1364,217.0,6.1,1324,25311,16148,53.6,441.0
Station_01,Inv_00,20170705,13:13:00,225.9,5.3,1197,217.0,5.1,1107,25311,16148,52.1,395.0
Station_01,Inv_00,20170705,13:14:00,226.8,5.5,1248,216.0,5.2,1123,25311,16148,50.1,358.0
Station_01,Inv_00,20170705,13:15:00,219.0,14.6,3197,217.0,13.8,2995,25311,16148,53.4,898.0
Station_01,Inv_00,20170705,13:16:00,219.4,5.7,1251,216.0,5.4,1166,25311,16148,51.7,454.0
Station_01,Inv_00,20170705,13:17:00,213.9,8.6,1840,217.0,8.4,1823,25311,16148,52.9,618.0
Station_01,Inv_00,20170705,13:18:00,223.5,9.6,2146,217.0,9.2,1996,25311,16148,53.8,542.0
Station_01,Inv_00,20170705,13:19:00,224.9,6.3,1417,217.0,6.0,1302,25311,16148,52.2,416.0
Station_01,Inv_00,20170705,13:20:00,218.5,14.2,3103,218.0,13.4,2921,25311,16148,55.7,857.0
Station_01,Inv_00,20170705,13:21:00,219.5,11.8,2590,217.0,11.1,2409,25311,16148,55.2,686.0
Station_01,Inv_00,20170705,13:22:00,214.5,14.0,3003,218.0,12.9,2812,25311,16148,57.8,840.0
Station_01,Inv_00,20170705,13:23:00,215.0,14.7,3161,218.0,13.5,2943,25311,16148,59.3,912.0
Station_01,Inv_00,20170705,13:24:00,214.5,14.4,3089,218.0,13.4,2921,25311,16148,61.3,909.0
Station_01,Inv_00,20170705,13:25:00,213.5,14.2,3031,218.0,13.1,2856,25311,16148,62.9,904.0
Station_01,Inv_00,20170705,13:26:00,210.5,14.4,3031,218.0,13.0,2834,25311,16148,65.2,902.0
Station_01,Inv_00,20170705,13:27:00,208.5,14.1,2940,218.0,12.7,2769,25311,16148,66.5,885.0
Station_01,Inv_00,20170705,13:28:00,213.5,13.8,2946,218.0,12.7,2769,25311,16148,66.2,892.0
Station_01,Inv_00,20170705,13:29:00,207.9,13.9,2890,218.0,12.5,2725,25311,16148,67.4,886.0
Station_01,Inv_00,20170705,13:30:00,202.5,13.7,2774,218.0,12.0,2616,25312,16149,67.4,853.0
Station_01,Inv_00,20170705,13:31:00,210.0,12.2,2562,217.0,11.2,2430,25312,16149,67.4,790.0
Station_01,Inv_00,20170705,13:32:00,213.9,11.2,2396,217.0,10.4,2257,25312,16149,65.7,729.0
Station_01,Inv_00,20170705,13:33:00,207.0,11.4,2360,217.0,10.3,2235,25312,16149,66.5,711.0
Station_01,Inv_00,20170705,13:34:00,212.9,10.9,2321,217.0,10.2,2213,25312,16149,66.2,704.0
Station_01,Inv_00,20170705,13:35:00,209.5,11.4,2388,217.0,10.3,2235,25312,16149,64.5,720.0
Station_01,Inv_00,20170705,13:36:00,211.5,11.5,2432,217.0,10.6,2300,25312,16149,63.9,727.0
Station_01,Inv_00,20170705,13:37:00,208.5,5.0,1042,216.0,4.4,950,25312,16149,58.9,355.0
Station_01,Inv_00,20170705,13:38:00,211.8,7.7,1631,217.0,6.9,1497,25312,16149,56.2,444.0
Station_01,Inv_00,20170705,13:39:00,214.0,9.8,2097,217.0,9.3,2018,25312,16149,55.7,674.0
Station_01,Inv_00,20170705,13:40:00,216.0,11.0,2376,217.0,10.3,2235,25312,16149,55.0,637.0
Station_01,Inv_00,20170705,13:41:00,218.5,11.5,2513,217.0,11.0,2387,25312,16149,55.9,730.0
Station_01,Inv_00,20170705,13:42:00,207.4,11.6,2406,217.0,10.3,2235,25312,16149,55.4,716.0
Station_01,Inv_00,20170705,13:43:00,220.0,11.3,2486,217.0,10.9,2365,25312,16149,56.5,724.0
Station_01,Inv_00,20170705,13:44:00,222.5,11.1,2470,217.0,10.8,2344,25312,16149,57.6,716.0
Station_01,Inv_00,20170705,13:45:00,220.5,11.8,2601,217.0,11.3,2452,25312,16149,58.2,745.0
Station_01,Inv_00,20170705,13:46:00,220.5,11.5,2536,217.0,11.1,2409,25312,16149,59.0,758.0
Station_01,Inv_00,20170705,13:47:00,219.5,10.6,2326,217.0,10.2,2213,25312,16149,58.8,696.0
Station_01,Inv_00,20170705,13:48:00,215.5,9.7,2090,217.0,9.2,1996,25312,16149,58.1,677.0
Station_01,Inv_00,20170705,13:49:00,220.5,11.1,2447,217.0,10.7,2322,25312,16149,56.0,673.0
Station_01,Inv_00,20170705,13:50:00,206.9,11.2,2318,216.0,10.2,2203,25312,16149,56.2,706.0
Station_01,Inv_00,20170705,13:51:00,219.0,10.9,2387,216.0,10.5,2268,25312,16149,56.1,701.0
Station_01,Inv_00,20170705,13:52:00,221.5,10.2,2259,217.0,9.8,2127,25312,16149,57.0,661.0
Station_01,Inv_00,20170705,13:53:00,214.4,9.6,2059,216.0,9.1,1966,25312,16149,55.7,625.0
Station_01,Inv_00,20170705,13:54:00,216.5,8.6,1862,216.0,8.2,1771,25312,16149,56.7,567.0
Station_01,Inv_00,20170705,13:55:00,220.0,8.8,1936,216.0,8.4,1814,25312,16149,55.5,569.0
Station_01,Inv_00,20170705,13:56:00,216.0,10.9,2354,217.0,10.2,2213,25312,16149,55.8,643.0
Station_01,Inv_00,20170705,13:57:00,221.0,10.3,2276,217.0,9.9,2148,25313,16150,57.7,654.0
Station_01,Inv_00,20170705,13:58:00,200.0,11.0,2200,216.0,9.6,2074,25313,16150,57.3,664.0
Station_01,Inv_00,20170705,13:59:00,218.0,9.8,2136,216.0,9.4,2030,25313,16150,57.4,640.0
Station_01,Inv_00,20170705,14:00:00,220.0,4.8,1056,216.0,4.6,994,25313,16150,55.9,406.0
Station_01,Inv_00,20170705,14:01:00,204.0,4.6,938,216.0,4.0,864,25313,16150,54.1,307.0
Station_01,Inv_00,20170705,14:02:00,224.5,4.2,943,216.0,4.1,886,25313,16150,52.3,289.0
Station_01,Inv_00,20170705,14:03:00,219.4,4.2,921,216.0,3.9,842,25313,16150,50.3,287.0
Station_01,Inv_00,20170705,14:04:00,224.9,4.0,900,216.0,3.9,842,25313,16150,49.5,269.0
Station_01,Inv_00,20170705,14:05:00,227.0,4.0,908,216.0,3.9,842,25313,16150,47.9,267.0
Station_01,Inv_00,20170705,14:06:00,230.0,4.1,943,216.0,4.1,886,25313,16150,47.8,287.0
Station_01,Inv_00,20170705,14:07:00,233.0,4.2,979,216.0,4.3,929,25313,16150,47.9,288.0
Station_01,Inv_00,20170705,14:08:00,231.5,4.5,1042,216.0,4.4,950,25313,16150,47.3,293.0
Station_01,Inv_00,20170705,14:09:00,205.0,4.7,964,216.0,4.1,886,25313,16150,46.3,304.0
Station_01,Inv_00,20170705,14:10:00,229.0,4.6,1053,216.0,4.6,994,25313,16150,46.4,304.0
Station_01,Inv_00,20170705,14:11:00,226.0,7.7,1740,216.0,7.2,1555,25313,16150,46.2,360.0
Station_01,Inv_00,20170705,14:12:00,228.0,9.3,2120,217.0,9.2,1996,25313,16150,46.6,577.0
Station_01,Inv_00,20170705,14:13:00,230.0,8.7,2001,217.0,8.5,1845,25313,16150,46.8,559.0
Station_01,Inv_00,20170705,14:14:00,228.0,9.1,2075,217.0,9.1,1975,25313,16150,47.6,573.0
Station_01,Inv_00,20170705,14:15:00,227.0,8.9,2020,217.0,8.8,1910,25313,16150,47.3,558.0
Station_01,Inv_00,20170705,14:16:00,229.4,7.8,1789,216.0,7.8,1685,25313,16150,48.5,516.0
Station_01,Inv_00,20170705,14:17:00,230.0,4.4,1012,216.0,4.4,950,25313,16150,47.7,290.0
Station_01,Inv_00,20170705,14:18:00,231.0,4.2,970,216.0,4.2,907,25313,16150,46.8,280.0
Station_01,Inv_00,20170705,14:19:00,233.0,4.0,932,216.0,4.0,864,25313,16150,46.0,264.0
Station_01,Inv_00,20170705,14:20:00,232.5,3.9,907,216.0,4.0,864,25313,16150,44.9,265.0
Station_01,Inv_00,20170705,14:21:00,228.0,5.9,1345,216.0,5.7,1231,25313,16150,44.6,324.0
Station_01,Inv_00,20170705,14:22:00,231.5,4.1,949,216.0,4.0,864,25313,16150,43.8,264.0
Station_01,Inv_00,20170705,14:23:00,227.5,3.5,796,216.0,3.5,756,25313,16150,42.1,232.0
Station_01,Inv_00,20170705,14:24:00,228.5,3.1,708,216.0,3.1,670,25313,16150,41.3,215.0
Station_01,Inv_00,20170705,14:25:00,232.0,2.6,603,215.0,2.7,581,25313,16150,40.7,187.0
Station_01,Inv_00,20170705,14:26:00,233.0,2.4,559,215.0,2.5,538,25313,16150,40.2,168.0
Station_01,Inv_00,20170705,14:27:00,224.0,2.2,493,215.0,2.2,473,25313,16150,39.8,157.0
Station_01,Inv_00,20170705,14:28:00,229.7,2.1,482,215.0,2.2,473,25313,16150,39.6,149.0
Station_01,Inv_00,20170705,14:29:00,231.0,2.1,485,215.0,2.1,452,25313,16150,38.9,147.0
Station_01,Inv_00,20170705,14:30:00,235.0,2.0,470,216.0,2.1,454,25313,16150,38.7,145.0
Station_01,Inv_00,20170705,14:31:00,235.0,2.0,470,215.0,2.1,452,25313,16150,38.7,145.0
Station_01,Inv_00,20170705,14:32:00,207.5,2.0,415,216.0,1.9,410,25313,16150,38.5,139.0
Station_01,Inv_00,20170705,14:33:00,185.0,2.0,370,216.0,1.7,367,25313,16150,38.3,140.0
Station_01,Inv_00,20170705,14:34:00,236.5,2.0,473,216.0,2.1,454,25313,16150,38.4,143.0
Station_01,Inv_00,20170705,14:35:00,206.0,2.0,412,215.0,2.0,430,25313,16150,38.3,145.0
Station_01,Inv_00,20170705,14:36:00,228.5,2.0,457,215.0,2.1,452,25313,16150,38.5,153.0
Station_01,Inv_00,20170705,14:37:00,235.7,2.0,471,215.0,2.1,452,25313,16150,38.3,144.0
Station_01,Inv_00,20170705,14:38:00,233.5,2.0,467,215.0,2.1,452,25313,16150,37.8,144.0
Station_01,Inv_00,20170705,14:39:00,236.5,2.0,473,215.0,2.1,452,25313,16150,38.2,143.0
Station_01,Inv_00,20170705,14:40:00,241.0,2.0,482,215.0,2.1,452,25313,16150,38.3,145.0
Station_01,Inv_00,20170705,14:41:00,235.5,2.0,471,215.0,2.1,452,25313,16150,38.4,145.0
Station_01,Inv_00,20170705,14:42:00,233.0,2.0,466,215.0,2.1,452,25313,16150,38.2,146.0
Station_01,Inv_00,20170705,14:43:00,238.0,2.1,500,215.0,2.1,452,25313,16150,37.8,146.0
Station_01,Inv_00,20170705,14:44:00,238.4,2.0,477,216.0,2.1,454,25313,16150,37.9,148.0
Station_01,Inv_00,20170705,14:45:00,234.0,2.1,492,216.0,2.2,475,25313,16150,37.8,150.0
Station_01,Inv_00,20170705,14:46:00,237.1,2.1,498,216.0,2.2,475,25313,16150,37.9,154.0
Station_01,Inv_00,20170705,14:47:00,235.3,2.1,494,216.0,2.2,475,25313,16150,37.7,165.0
Station_01,Inv_00,20170705,14:48:00,235.1,2.1,494,215.0,2.2,473,25313,16150,37.8,163.0
Station_01,Inv_00,20170705,14:49:00,237.5,2.0,475,216.0,2.2,475,25313,16150,37.7,148.0
Station_01,Inv_00,20170705,14:50:00,232.4,2.2,511,216.0,2.2,475,25313,16150,37.7,159.0
Station_01,Inv_00,20170705,14:51:00,241.4,2.2,531,216.0,2.4,518,25313,16150,37.5,162.0
Station_01,Inv_00,20170705,14:52:00,231.5,2.4,556,216.0,2.5,540,25313,16150,37.1,161.0
Station_01,Inv_00,20170705,14:53:00,239.5,2.4,575,216.0,2.5,540,25313,16150,36.7,168.0
Station_01,Inv_00,20170705,14:54:00,226.0,2.5,565,216.0,2.5,540,25313,16150,36.1,172.0
Station_01,Inv_00,20170705,14:55:00,229.7,2.6,597,216.0,2.6,562,25313,16150,36.3,177.0
Station_01,Inv_00,20170705,14:56:00,241.5,2.8,676,217.0,2.9,629,25313,16150,36.4,187.0
Station_01,Inv_00,20170705,14:57:00,243.0,2.9,705,217.0,3.1,673,25313,16150,36.5,193.0
Station_01,Inv_00,20170705,14:58:00,230.0,3.0,690,217.0,3.1,673,25313,16150,36.5,197.0
Station_01,Inv_00,20170705,14:59:00,240.4,3.1,745,216.0,3.2,691,25313,16150,36.6,204.0
Station_01,Inv_00,20170705,15:00:00,229.8,3.4,781,216.0,3.5,756,25313,16150,36.4,221.0
Station_01,Inv_00,20170705,15:01:00,239.4,3.8,910,217.0,4.0,868,25313,16150,36.6,241.0
Station_01,Inv_00,20170705,15:02:00,242.5,3.9,946,217.0,4.0,868,25313,16150,36.6,259.0
Station_01,Inv_00,20170705,15:03:00,235.9,3.8,896,217.0,4.0,868,25313,16150,36.4,260.0
Station_01,Inv_00,20170705,15:04:00,246.5,3.9,961,217.0,4.1,890,25313,16150,36.6,271.0
Station_01,Inv_00,20170705,15:05:00,245.0,4.0,980,217.0,4.1,890,25314,16150,36.9,276.0
Station_01,Inv_00,20170705,15:06:00,241.5,4.1,990,217.0,4.1,890,25314,16150,36.5,267.0
Station_01,Inv_00,20170705,15:07:00,239.3,4.0,957,217.0,4.1,890,25314,16150,37.2,268.0
Station_01,Inv_00,20170705,15:08:00,243.9,3.9,951,216.0,4.1,886,25314,16150,37.1,279.0
Station_01,Inv_00,20170705,15:09:00,248.0,4.0,992,217.0,4.1,890,25314,16150,36.7,269.0
Station_01,Inv_00,20170705,15:10:00,242.0,4.0,968,217.0,4.1,890,25314,16150,37.4,269.0
Station_01,Inv_00,20170705,15:11:00,244.4,4.0,978,217.0,4.1,890,25314,16150,37.5,258.0
Station_01,Inv_00,20170705,15:12:00,239.8,4.0,959,217.0,4.1,890,25314,16150,37.4,271.0
Station_01,Inv_00,20170705,15:13:00,239.8,4.0,959,216.0,4.0,864,25314,16150,37.4,266.0
Station_01,Inv_00,20170705,15:14:00,238.0,4.0,952,216.0,4.0,864,25314,16150,37.0,256.0
Station_01,Inv_00,20170705,15:15:00,230.8,4.0,923,216.0,4.0,864,25314,16150,37.0,261.0
Station_01,Inv_00,20170705,15:16:00,240.0,4.1,984,217.0,4.3,933,25314,16150,37.0,276.0
Station_01,Inv_00,20170705,15:17:00,242.8,4.0,971,216.0,4.2,907,25314,16150,37.4,274.0
Station_01,Inv_00,20170705,15:18:00,244.5,4.4,1076,216.0,4.6,994,25314,16150,37.5,298.0
Station_01,Inv_00,20170705,15:19:00,243.4,4.8,1168,216.0,5.0,1080,25314,16150,37.4,306.0
Station_01,Inv_00,20170705,15:20:00,245.3,4.8,1178,216.0,5.1,1102,25314,16150,38.0,328.0
Station_01,Inv_00,20170705,15:21:00,242.9,5.0,1215,217.0,5.3,1150,25314,16150,38.3,328.0
Station_01,Inv_00,20170705,15:22:00,241.5,5.4,1304,217.0,5.6,1215,25314,16150,39.0,340.0
Station_01,Inv_00,20170705,15:23:00,236.9,5.7,1350,216.0,5.7,1231,25314,16150,38.8,356.0
Station_01,Inv_00,20170705,15:24:00,239.5,5.6,1341,217.0,5.6,1215,25314,16150,39.7,355.0
Station_01,Inv_00,20170705,15:25:00,238.5,5.8,1383,217.0,6.1,1324,25314,16150,40.4,374.0
Station_01,Inv_00,20170705,15:26:00,230.5,6.3,1452,217.0,6.3,1367,25314,16150,40.7,391.0
Station_01,Inv_00,20170705,15:27:00,240.0,6.3,1512,217.0,6.6,1432,25314,16150,41.6,405.0
Station_01,Inv_00,20170705,15:28:00,229.5,6.5,1492,218.0,6.5,1417,25314,16150,41.7,415.0
Station_01,Inv_00,20170705,15:29:00,232.0,6.6,1531,218.0,6.7,1461,25314,16150,42.6,418.0
Station_01,Inv_00,20170705,15:30:00,237.0,6.9,1635,218.0,7.0,1526,25314,16150,42.5,432.0
Station_01,Inv_00,20170705,15:31:00,238.4,6.8,1621,218.0,7.1,1548,25314,16150,43.1,444.0
Station_01,Inv_00,20170705,15:32:00,236.5,6.5,1537,217.0,6.7,1454,25314,16150,43.1,422.0
Station_01,Inv_00,20170705,15:33:00,235.0,6.6,1551,217.0,6.7,1454,25314,16150,44.1,417.0
Station_01,Inv_00,20170705,15:34:00,229.5,6.9,1583,217.0,6.9,1497,25314,16150,44.5,429.0
Station_01,Inv_00,20170705,15:35:00,235.0,6.9,1622,217.0,7.1,1541,25314,16150,44.4,440.0
Station_01,Inv_00,20170705,15:36:00,238.8,6.7,1600,217.0,7.0,1519,25314,16150,44.8,436.0
Station_01,Inv_00,20170705,15:37:00,230.0,6.7,1541,216.0,6.7,1447,25314,16150,43.7,416.0
Station_01,Inv_00,20170705,15:38:00,232.0,7.1,1647,217.0,7.2,1562,25314,16150,43.6,444.0
Station_01,Inv_00,20170705,15:39:00,235.0,7.3,1715,217.0,7.5,1628,25314,16150,44.0,460.0
Station_01,Inv_00,20170705,15:40:00,237.4,7.4,1757,217.0,7.7,1671,25314,16150,44.1,474.0
Station_01,Inv_00,20170705,15:41:00,237.9,7.4,1760,217.0,7.6,1649,25314,16150,44.1,473.0
Station_01,Inv_00,20170705,15:42:00,238.0,7.4,1761,217.0,7.6,1649,25314,16150,43.8,470.0
Station_01,Inv_00,20170705,15:43:00,236.0,7.5,1770,217.0,7.7,1671,25314,16150,43.7,471.0
Station_01,Inv_00,20170705,15:44:00,233.5,7.5,1751,217.0,7.6,1649,25314,16150,44.5,471.0
Station_01,Inv_00,20170705,15:45:00,238.5,7.5,1789,217.0,7.7,1671,25314,16150,44.1,475.0
Station_01,Inv_00,20170705,15:46:00,234.0,7.7,1802,217.0,7.8,1693,25314,16150,45.0,485.0
Station_01,Inv_00,20170705,15:47:00,236.0,7.7,1817,217.0,7.9,1714,25314,16150,45.4,494.0
Station_01,Inv_00,20170705,15:48:00,234.0,7.9,1849,217.0,7.9,1714,25314,16150,45.9,495.0
Station_01,Inv_00,20170705,15:49:00,232.5,7.9,1837,217.0,8.0,1736,25315,16151,45.4,497.0
Station_01,Inv_00,20170705,15:50:00,232.0,7.8,1810,217.0,7.9,1714,25315,16151,45.7,497.0
Station_01,Inv_00,20170705,15:51:00,229.5,7.9,1813,217.0,7.8,1693,25315,16151,45.5,488.0
Station_01,Inv_00,20170705,15:52:00,236.5,7.5,1774,218.0,7.7,1679,25315,16151,45.5,483.0
Station_01,Inv_00,20170705,15:53:00,226.0,7.8,1763,217.0,7.7,1671,25315,16151,45.6,487.0
Station_01,Inv_00,20170705,15:54:00,228.4,8.0,1828,217.0,8.0,1736,25315,16151,46.0,514.0
Station_01,Inv_00,20170705,15:55:00,234.0,7.9,1848,217.0,8.1,1758,25315,16151,46.2,519.0
Station_01,Inv_00,20170705,15:56:00,234.5,7.7,1806,217.0,7.9,1714,25315,16151,46.3,515.0
Station_01,Inv_00,20170705,15:57:00,232.0,7.7,1786,217.0,7.7,1671,25315,16151,45.8,502.0
Station_01,Inv_00,20170705,15:58:00,229.5,7.9,1813,217.0,7.8,1693,25315,16151,46.5,501.0
Station_01,Inv_00,20170705,15:59:00,233.0,7.7,1794,218.0,7.7,1679,25315,16151,46.2,505.0
Station_01,Inv_00,20170705,16:00:00,226.0,7.9,1785,217.0,7.7,1671,25315,16151,46.1,503.0
Station_01,Inv_00,20170705,16:01:00,234.5,7.4,1735,217.0,7.6,1649,25315,16151,45.2,476.0
Station_01,Inv_00,20170705,16:02:00,232.5,7.5,1744,217.0,7.5,1628,25315,16151,45.4,486.0
Station_01,Inv_00,20170705,16:03:00,233.5,7.1,1658,217.0,7.2,1562,25315,16151,45.6,453.0
Station_01,Inv_00,20170705,16:04:00,226.0,6.8,1537,217.0,6.7,1454,25315,16151,45.7,435.0
Station_01,Inv_00,20170705,16:05:00,226.5,6.2,1404,217.0,6.2,1345,25315,16151,44.3,413.0
Station_01,Inv_00,20170705,16:06:00,235.0,5.8,1363,217.0,5.8,1259,25315,16151,43.9,387.0
Station_01,Inv_00,20170705,16:07:00,229.9,5.7,1311,216.0,5.7,1231,25315,16151,43.6,363.0
Station_01,Inv_00,20170705,16:08:00,227.5,5.7,1297,217.0,5.6,1215,25315,16151,43.1,360.0
Station_01,Inv_00,20170705,16:09:00,237.0,5.4,1280,217.0,5.5,1194,25315,16151,42.2,360.0
Station_01,Inv_00,20170705,16:10:00,225.5,5.4,1218,217.0,5.3,1150,25315,16151,42.4,345.0
Station_01,Inv_00,20170705,16:11:00,238.5,5.1,1216,217.0,5.3,1150,25315,16151,41.4,339.0
Station_01,Inv_00,20170705,16:12:00,230.5,5.2,1199,217.0,5.2,1128,25315,16151,41.4,335.0
Station_01,Inv_00,20170705,16:13:00,238.5,5.3,1264,217.0,5.5,1194,25315,16151,41.8,349.0
Station_01,Inv_00,20170705,16:14:00,234.5,5.5,1290,217.0,5.5,1194,25315,16151,41.2,350.0
Station_01,Inv_00,20170705,16:15:00,231.0,5.3,1224,217.0,5.3,1150,25315,16151,41.1,353.0
Station_01,Inv_00,20170705,16:16:00,237.4,5.0,1187,217.0,5.1,1107,25315,16151,40.7,344.0
Station_01,Inv_00,20170705,16:17:00,229.5,5.1,1170,217.0,5.1,1107,25315,16151,40.6,339.0
Station_01,Inv_00,20170705,16:18:00,231.5,5.3,1227,216.0,5.1,1102,25315,16151,40.9,345.0
Station_01,Inv_00,20170705,16:19:00,241.0,5.0,1205,217.0,5.2,1128,25315,16151,40.6,332.0
Station_01,Inv_00,20170705,16:20:00,236.5,5.0,1183,217.0,5.1,1107,25315,16151,40.8,331.0
Station_01,Inv_00,20170705,16:21:00,236.0,4.9,1156,217.0,5.0,1085,25315,16151,40.6,319.0
Station_01,Inv_00,20170705,16:22:00,232.5,5.0,1163,217.0,5.0,1085,25315,16151,40.3,328.0
Station_01,Inv_00,20170705,16:23:00,234.5,4.8,1126,217.0,4.9,1063,25315,16151,40.3,319.0
Station_01,Inv_00,20170705,16:24:00,228.4,4.8,1097,217.0,4.7,1020,25315,16151,39.8,313.0
Station_01,Inv_00,20170705,16:25:00,234.5,4.6,1079,217.0,4.7,1020,25315,16151,40.0,315.0
Station_01,Inv_00,20170705,16:26:00,232.5,4.7,1093,217.0,4.6,998,25315,16151,39.7,304.0
Station_01,Inv_00,20170705,16:27:00,241.9,4.6,1113,218.0,4.6,1003,25315,16151,39.3,311.0
Station_01,Inv_00,20170705,16:28:00,239.9,4.5,1080,218.0,4.6,1003,25315,16151,38.8,302.0
Station_01,Inv_00,20170705,16:29:00,241.0,4.5,1085,218.0,4.6,1003,25315,16151,39.1,303.0
Station_01,Inv_00,20170705,16:30:00,241.0,4.3,1036,218.0,4.5,981,25315,16151,38.9,303.0
Station_01,Inv_00,20170705,16:31:00,237.5,4.5,1069,218.0,4.5,981,25316,16152,38.5,302.0
Station_01,Inv_00,20170705,16:32:00,231.5,4.5,1042,218.0,4.4,959,25316,16152,38.3,297.0
Station_01,Inv_00,20170705,16:33:00,234.0,4.4,1030,218.0,4.5,981,25316,16152,38.5,299.0
Station_01,Inv_00,20170705,16:34:00,233.9,4.4,1029,217.0,4.4,955,25316,16152,38.7,296.0
Station_01,Inv_00,20170705,16:35:00,240.4,4.4,1058,217.0,4.4,955,25316,16152,38.8,304.0
Station_01,Inv_00,20170705,16:36:00,232.0,4.3,998,217.0,4.4,955,25316,16152,38.4,300.0
Station_01,Inv_00,20170705,16:37:00,237.5,4.4,1045,218.0,4.4,959,25316,16152,38.7,294.0
Station_01,Inv_00,20170705,16:38:00,238.5,4.4,1049,218.0,4.4,959,25316,16152,38.9,298.0
Station_01,Inv_00,20170705,16:39:00,229.9,4.5,1035,218.0,4.3,937,25316,16152,38.6,289.0
Station_01,Inv_00,20170705,16:40:00,242.5,4.2,1019,218.0,4.2,916,25316,16152,38.5,287.0
Station_01,Inv_00,20170705,16:41:00,236.0,4.0,944,218.0,4.1,894,25316,16152,37.9,284.0
Station_01,Inv_00,20170705,16:42:00,223.0,4.0,892,218.0,4.0,872,25316,16152,37.7,272.0
Station_01,Inv_00,20170705,16:43:00,236.0,4.0,944,218.0,3.9,850,25316,16152,37.6,272.0
Station_01,Inv_00,20170705,16:44:00,230.5,4.0,922,215.0,3.9,839,25316,16152,37.4,271.0
Station_01,Inv_00,20170705,16:45:00,237.0,3.6,853,215.0,3.9,839,25316,16152,37.7,261.0
Station_01,Inv_00,20170705,16:46:00,222.8,3.6,802,215.0,3.5,753,25316,16152,37.2,246.0
Station_01,Inv_00,20170705,16:47:00,240.9,3.4,819,215.0,3.6,774,25316,16152,37.3,241.0
Station_01,Inv_00,20170705,16:48:00,234.9,3.4,799,215.0,3.5,753,25316,16152,36.9,236.0
Station_01,Inv_00,20170705,16:49:00,241.9,3.2,774,215.0,3.4,731,25316,16152,36.7,234.0
Station_01,Inv_00,20170705,16:50:00,233.5,3.3,770,215.0,3.4,731,25316,16152,36.3,233.0
Station_01,Inv_00,20170705,16:51:00,233.0,3.2,746,215.0,3.5,753,25316,16152,36.3,235.0
Station_01,Inv_00,20170705,16:52:00,236.9,3.3,782,216.0,3.4,734,25316,16152,36.4,233.0
Station_01,Inv_00,20170705,16:53:00,235.4,3.3,777,216.0,3.3,713,25316,16152,36.2,232.0
Station_01,Inv_00,20170705,16:54:00,233.9,3.3,772,215.0,3.4,731,25316,16152,36.1,229.0
Station_01,Inv_00,20170705,16:55:00,237.9,3.2,761,216.0,3.3,713,25316,16152,36.0,226.0
Station_01,Inv_00,20170705,16:56:00,239.0,3.2,765,216.0,3.4,734,25316,16152,35.8,232.0
Station_01,Inv_00,20170705,16:57:00,241.5,3.2,773,216.0,3.4,734,25316,16152,36.2,232.0
Station_01,Inv_00,20170705,16:58:00,235.2,3.2,753,217.0,3.3,716,25316,16152,35.6,232.0
Station_01,Inv_00,20170705,16:59:00,238.6,3.2,764,217.0,3.3,716,25316,16152,35.7,226.0
Station_01,Inv_00,20170705,17:00:00,238.0,3.1,738,217.0,3.2,694,25316,16152,35.9,212.0
Station_01,Inv_00,20170705,17:01:00,235.0,3.1,728,217.0,3.1,673,25316,16152,35.8,208.0
Station_01,Inv_00,20170705,17:02:00,231.5,3.0,695,217.0,3.1,673,25316,16152,36.0,211.0
Station_01,Inv_00,20170705,17:03:00,239.5,2.8,671,216.0,3.1,670,25316,16152,35.7,212.0
Station_01,Inv_00,20170705,17:04:00,229.5,2.9,666,215.0,3.0,645,25316,16152,35.8,200.0
Station_01,Inv_00,20170705,17:05:00,237.5,2.8,665,215.0,2.9,624,25316,16152,35.4,192.0
Station_01,Inv_00,20170705,17:06:00,230.4,2.8,645,215.0,2.8,602,25316,16152,35.4,198.0
Station_01,Inv_00,20170705,17:07:00,232.4,2.8,651,216.0,2.9,626,25316,16152,35.5,193.0
Station_01,Inv_00,20170705,17:08:00,234.1,2.8,656,216.0,2.8,605,25316,16152,35.5,192.0
Station_01,Inv_00,20170705,17:09:00,237.4,2.6,617,215.0,2.9,624,25316,16152,35.3,192.0
Station_01,Inv_00,20170705,17:10:00,232.0,2.6,603,215.0,2.8,602,25316,16152,35.7,185.0
Station_01,Inv_00,20170705,17:11:00,241.9,2.5,605,215.0,2.7,581,25316,16152,35.4,181.0
Station_01,Inv_00,20170705,17:12:00,239.5,2.4,575,215.0,2.5,538,25316,16152,35.3,175.0
Station_01,Inv_00,20170705,17:13:00,234.7,2.4,563,215.0,2.5,538,25316,16152,35.2,166.0
Station_01,Inv_00,20170705,17:14:00,240.9,2.3,554,215.0,2.5,538,25316,16152,35.1,162.0
Station_01,Inv_00,20170705,17:15:00,232.0,2.3,534,215.0,2.4,516,25316,16152,34.9,158.0
Station_01,Inv_00,20170705,17:16:00,226.0,2.3,520,215.0,2.3,494,25316,16152,34.9,154.0
Station_01,Inv_00,20170705,17:17:00,216.5,2.1,455,214.0,2.1,449,25316,16152,34.8,151.0
Station_01,Inv_00,20170705,17:18:00,234.0,2.0,468,215.0,2.1,452,25316,16152,34.7,146.0
Station_01,Inv_00,20170705,17:19:00,235.0,2.0,470,215.0,2.1,452,25316,16152,34.6,145.0
Station_01,Inv_00,20170705,17:20:00,224.5,2.1,471,214.0,2.0,428,25316,16152,34.5,142.0
Station_01,Inv_00,20170705,17:21:00,229.5,2.0,459,215.0,2.0,430,25316,16152,34.4,141.0
Station_01,Inv_00,20170705,17:22:00,220.0,2.0,440,217.0,1.9,412,25316,16152,34.4,138.0
Station_01,Inv_00,20170705,17:23:00,215.5,1.9,409,216.0,1.9,410,25316,16152,34.3,140.0
Station_01,Inv_00,20170705,17:24:00,232.0,1.8,418,215.0,1.9,409,25316,16152,34.2,134.0
Station_01,Inv_00,20170705,17:25:00,234.0,1.9,445,215.0,2.0,430,25316,16152,34.2,140.0
Station_01,Inv_00,20170705,17:26:00,239.0,1.8,430,215.0,1.9,409,25316,16152,34.0,133.0
Station_01,Inv_00,20170705,17:27:00,234.5,1.8,422,215.0,1.9,409,25316,16152,34.1,127.0
Station_01,Inv_00,20170705,17:28:00,238.0,1.8,428,216.0,1.8,389,25316,16152,34.1,130.0
Station_01,Inv_00,20170705,17:29:00,237.9,1.7,405,216.0,1.8,389,25316,16152,33.8,128.0
Station_01,Inv_00,20170705,17:30:00,233.0,1.6,373,216.0,1.8,389,25316,16152,33.9,134.0
Station_01,Inv_00,20170705,17:31:00,223.5,1.6,358,216.0,1.7,367,25316,16152,33.8,126.0
Station_01,Inv_00,20170705,17:32:00,234.5,1.7,399,216.0,1.7,367,25316,16152,33.9,123.0
Station_01,Inv_00,20170705,17:33:00,230.0,1.6,368,215.0,1.7,366,25316,16152,33.8,120.0
Station_01,Inv_00,20170705,17:34:00,230.0,1.6,368,217.0,1.6,347,25316,16152,33.7,119.0
Station_01,Inv_00,20170705,17:35:00,221.5,1.5,332,216.0,1.5,324,25316,16152,33.7,125.0
Station_01,Inv_00,20170705,17:36:00,220.0,1.5,330,215.0,1.5,323,25316,16152,33.6,109.0
Station_01,Inv_00,20170705,17:37:00,218.4,1.5,328,214.0,1.5,321,25316,16152,33.6,107.0
Station_01,Inv_00,20170705,17:38:00,229.5,1.3,298,214.0,1.5,321,25316,16152,33.5,114.0
Station_01,Inv_00,20170705,17:39:00,224.5,1.4,314,214.0,1.5,321,25316,16152,33.5,117.0
Station_01,Inv_00,20170705,17:40:00,224.0,1.4,314,216.0,1.4,302,25316,16152,33.5,103.0
Station_01,Inv_00,20170705,17:41:00,226.5,1.4,317,216.0,1.4,302,25316,16152,33.3,99.0
Station_01,Inv_00,20170705,17:42:00,220.0,1.2,264,214.0,1.3,278,25316,16152,33.3,97.0
Station_01,Inv_00,20170705,17:43:00,230.0,1.2,276,215.0,1.3,280,25316,16152,33.2,100.0
Station_01,Inv_00,20170705,17:44:00,232.3,1.2,279,216.0,1.3,281,25316,16152,33.2,96.0
Station_01,Inv_00,20170705,17:45:00,210.0,1.2,252,216.0,1.2,259,25316,16152,33.1,95.0
Station_01,Inv_00,20170705,17:46:00,214.0,1.2,257,216.0,1.2,259,25316,16152,32.9,98.0
Station_01,Inv_00,20170705,17:47:00,209.0,1.1,230,216.0,1.2,259,25316,16152,33.0,93.0
Station_01,Inv_00,20170705,17:48:00,215.5,1.1,237,216.0,1.2,259,25316,16152,32.9,92.0
Station_01,Inv_00,20170705,17:49:00,212.0,1.2,254,216.0,1.1,238,25316,16152,32.9,92.0
Station_01,Inv_00,20170705,17:50:00,226.7,1.1,249,216.0,1.2,259,25316,16152,32.9,100.0
Station_01,Inv_00,20170705,17:51:00,220.0,1.1,242,216.0,1.1,238,25316,16152,32.8,83.0
Station_01,Inv_00,20170705,17:52:00,227.2,1.1,250,216.0,1.1,238,25316,16152,32.8,82.0
Station_01,Inv_00,20170705,17:53:00,217.4,0.9,196,216.0,1.1,238,25316,16152,32.7,86.0
Station_01,Inv_00,20170705,17:54:00,224.6,1.0,225,216.0,1.1,238,25316,16152,32.6,77.0
Station_01,Inv_00,20170705,17:55:00,222.4,0.9,200,216.0,1.0,216,25316,16152,32.5,78.0
Station_01,Inv_00,20170705,17:56:00,213.0,0.9,192,216.0,1.0,216,25316,16152,32.4,75.0
Station_01,Inv_00,20170705,17:57:00,214.5,0.8,172,216.0,1.0,216,25316,16152,32.3,83.0
Station_01,Inv_00,20170705,17:58:00,208.0,0.8,166,216.0,0.9,194,25316,16152,32.2,85.0
Station_01,Inv_00,20170705,17:59:00,198.0,0.8,158,217.0,0.9,195,25316,16152,32.2,75.0
Station_01,Inv_00,20170705,18:00:00,192.0,0.8,154,217.0,0.8,174,25316,16152,32.1,81.0
Station_01,Inv_00,20170705,18:01:00,222.7,0.7,156,216.0,0.9,194,25316,16152,32.0,68.0
Station_01,Inv_00,20170705,18:02:00,220.0,0.8,176,216.0,0.9,194,25316,16152,31.9,64.0
Station_01,Inv_00,20170705,18:03:00,203.6,0.7,143,217.0,0.8,174,25316,16152,31.9,65.0
Station_01,Inv_00,20170705,18:04:00,224.7,0.7,157,217.0,0.8,174,25316,16152,31.8,64.0
Station_01,Inv_00,20170705,18:05:00,210.5,0.6,126,216.0,0.8,173,25316,16152,31.8,61.0
Station_01,Inv_00,20170705,18:06:00,212.0,0.6,127,217.0,0.7,152,25316,16152,31.7,71.0
Station_01,Inv_00,20170705,18:07:00,184.0,0.3,55,217.0,0.7,152,25316,16152,31.6,64.0
Station_01,Inv_00,20170705,18:08:00,209.0,0.6,125,217.0,0.7,152,25316,16152,31.5,72.0
Station_01,Inv_00,20170705,18:09:00,210.7,0.6,126,216.0,0.7,151,25316,16152,31.5,72.0
Station_01,Inv_00,20170705,18:10:00,196.0,0.6,118,216.0,0.6,130,25316,16152,31.4,71.0
Station_01,Inv_00,20170705,18:11:00,206.5,0.6,124,216.0,0.6,130,25316,16152,31.3,69.0
Station_01,Inv_00,20170705,18:12:00,217.6,0.5,109,216.0,0.6,130,25316,16152,31.2,68.0
Station_01,Inv_00,20170705,18:13:00,209.6,0.5,105,216.0,0.6,130,25316,16152,31.2,67.0
Station_01,Inv_00,20170705,18:14:00,217.0,0.4,87,216.0,0.6,130,25316,16152,31.1,66.0
Station_01,Inv_00,20170705,18:15:00,217.4,0.5,109,216.0,0.5,108,25316,16152,31.0,65.0
Station_01,Inv_00,20170705,18:16:00,216.0,0.4,86,216.0,0.5,108,25316,16152,31.0,64.0
Station_01,Inv_00,20170705,18:17:00,204.0,0.4,82,216.0,0.5,108,25316,16152,30.9,64.0
Station_01,Inv_00,20170705,18:18:00,208.5,0.4,83,215.0,0.5,108,25316,16152,30.9,62.0
Station_01,Inv_00,20170705,18:19:00,199.5,0.4,80,216.0,0.5,108,25316,16152,30.8,60.0
Station_01,Inv_00,20170705,18:20:00,172.3,0.3,52,216.0,0.5,108,25316,16152,30.7,59.0
Station_01,Inv_00,20170705,18:21:00,182.7,0.3,55,216.0,0.5,108,25316,16152,30.7,59.0
Station_01,Inv_00,20170705,18:22:00,216.7,0.3,65,216.0,0.5,108,25316,16152,30.6,58.0
Station_01,Inv_00,20170705,18:23:00,159.3,0.3,48,216.0,0.4,86,25316,16152,30.5,57.0
Station_01,Inv_00,20170705,18:24:00,151.0,0.3,45,216.0,0.4,86,25316,16152,30.5,56.0
Station_01,Inv_00,20170705,18:25:00,151.0,0.3,45,216.0,0.4,86,25316,16152,30.4,54.0
Station_01,Inv_00,20170705,18:26:00,163.0,0.2,33,215.0,0.4,86,25316,16152,30.3,52.0
Station_01,Inv_00,20170705,18:27:00,174.7,0.3,52,215.0,0.4,86,25316,16152,30.2,51.0
Station_01,Inv_00,20170705,18:28:00,161.0,0.2,32,216.0,0.4,86,25316,16152,30.2,49.0
Station_01,Inv_00,20170705,18:29:00,172.5,0.2,35,217.0,0.4,87,25316,16152,30.2,49.0
Station_01,Inv_00,20170705,18:30:00,196.0,0.2,39,217.0,0.4,87,25316,16152,30.2,48.0
Station_01,Inv_00,20170705,18:31:00,214.0,0.2,43,216.0,0.4,86,25316,16152,30.1,46.0
Station_01,Inv_00,20170705,18:32:00,211.0,0.2,42,216.0,0.4,86,25316,16152,30.1,46.0
Station_01,Inv_00,20170705,18:33:00,205.5,0.2,41,216.0,0.4,86,25316,16152,30.1,46.0
Station_01,Inv_00,20170705,18:34:00,209.0,0.2,42,216.0,0.4,86,25316,16152,30.1,34.0
Station_01,Inv_00,20170705,18:35:00,210.0,0.2,42,217.0,0.4,87,25316,16152,30.0,33.0
Station_01,Inv_00,20170705,18:36:00,0.0,0.0,0,216.0,0.4,86,25316,16152,30.0,32.0
Station_01,Inv_00,20170705,18:37:00,191.0,0.2,38,216.0,0.4,86,25316,16152,29.9,42.0
Station_01,Inv_00,20170705,18:38:00,198.5,0.2,40,216.0,0.4,86,25316,16152,29.9,41.0
Station_01,Inv_00,20170705,18:39:00,0.0,0.0,0,216.0,0.4,86,25316,16152,29.8,43.0
Station_01,Inv_00,20170705,18:40:00,0.0,0.0,0,0.0,0.0,0,25316,16152,29.8,25.0
Station_01,Inv_00,20170705,18:41:00,0.0,0.0,0,0.0,0.0,0,25316,16152,29.8,24.0
Station_01,Inv_00,20170705,18:42:00,0.0,0.0,0,220.0,0.2,44,25316,16152,29.7,23.0
Station_01,Inv_00,20170705,18:43:00,0.0,0.0,0,220.0,0.2,44,25316,16152,29.6,25.0
Station_01,Inv_00,20170705,18:44:00,0.0,0.0,0,220.0,0.2,44,25316,16152,29.6,26.0
Station_01,Inv_00,20170705,18:45:00,0.0,0.0,0,220.0,0.2,44,25316,16152,29.5,37.0
Station_01,Inv_00,20170705,18:46:00,0.0,0.0,0,220.0,0.2,44,25316,16152,29.5,22.0
Station_01,Inv_00,20170705,18:47:00,0.0,0.0,0,220.0,0.2,44,25316,16152,29.5,35.0
Station_01,Inv_00,20170705,18:48:00,0.0,0.0,0,220.0,0.2,44,25316,16152,29.4,37.0
Station_01,Inv_00,20170705,18:49:00,0.0,0.0,0,220.0,0.2,44,25316,16152,29.4,37.0
Station_01,Inv_00,20170705,18:50:00,0.0,0.0,0,220.0,0.2,44,25316,16152,29.4,37.0
Station_01,Inv_00,20170705,18:51:00,0.0,0.0,0,220.0,0.2,44,25316,16152,29.4,37.0
Station_01,Inv_00,20170705,18:52:00,0.0,0.0,0,220.0,0.2,44,25316,16152,29.4,37.0
Station_01,Inv_00,20170705,18:53:00,0.0,0.0,0,220.0,0.2,44,25316,16152,29.2,34.0
Station_01,Inv_00,20170705,18:54:00,0.0,0.0,0,220.0,0.2,44,25316,16152,29.2,35.0
Station_01,Inv_00,20170705,18:55:00,0.0,0.0,0,220.0,0.2,44,25316,16152,29.1,37.0
Station_01,Inv_00,20170705,18:56:00,0.0,0.0,0,220.0,0.2,44,25316,16152,29.1,36.0
Station_01,Inv_00,20170705,18:57:00,0.0,0.0,0,220.0,0.2,44,25316,16152,28.9,34.0
Station_01,Inv_00,20170705,18:58:00,0.0,0.0,0,220.0,0.2,44,25316,16152,28.9,37.0
Station_01,Inv_00,20170705,18:59:00,0.0,0.0,0,220.0,0.2,44,25316,16152,28.8,37.0
Station_01,Inv_00,20170705,19:00:00,0.0,0.0,0,220.0,0.2,44,25316,16152,28.8,27.0
Station_01,Inv_00,20170705,19:01:00,0.0,0.0,0,220.0,0.2,44,25316,16152,28.8,24.0
Station_01,Inv_00,20170705,19:02:00,0.0,0.0,0,220.0,0.2,44,25316,16152,28.8,28.0
Station_01,Inv_00,20170705,19:03:00,0.0,0.0,0,220.0,0.2,44,25316,16152,28.8,26.0
Station_01,Inv_00,20170705,19:04:00,0.0,0.0,0,220.0,0.2,44,25316,16152,28.7,25.0
Station_01,Inv_00,20170705,19:05:00,0.0,0.0,0,220.0,0.2,44,25316,16152,28.8,34.0
Station_01,Inv_00,20170705,19:06:00,0.0,0.0,0,220.0,0.2,44,25316,16152,28.8,28.0
Station_01,Inv_00,20170705,19:07:00,0.0,0.0,0,220.0,0.2,44,25316,16152,28.9,25.0
Station_01,Inv_00,20170705,19:08:00,0.0,0.0,0,220.0,0.2,44,25316,16152,28.8,31.0
Station_01,Inv_00,20170705,19:09:00,0.0,0.0,0,220.0,0.2,44,25316,16152,28.8,21.0
Station_01,Inv_00,20170705,19:10:00,0.0,0.0,0,220.0,0.2,44,25316,16152,28.8,23.0
Station_01,Inv_00,20170705,19:11:00,0.0,0.0,0,220.0,0.2,44,25316,16152,28.8,18.0
Station_01,Inv_00,20170705,19:12:00,0.0,0.0,0,220.0,0.2,44,25316,16152,28.8,23.0
Station_01,Inv_00,20170705,19:13:00,0.0,0.0,0,220.0,0.2,44,25316,16152,28.8,25.0
Station_01,Inv_00,20170705,19:14:00,0.0,0.0,0,220.0,0.2,44,25316,16152,28.7,30.0
Station_01,Inv_00,20170705,19:15:00,0.0,0.0,0,220.0,0.2,44,25316,16152,28.7,32.0
Station_01,Inv_00,20170705,19:16:00,0.0,0.0,0,220.0,0.2,44,25316,16152,28.7,38.0
Station_01,Inv_00,20170705,19:17:00,0.0,0.0,0,220.0,0.2,44,25316,16152,28.7,21.0
Station_01,Inv_00,20170705,19:18:00,0.0,0.0,0,220.0,0.2,44,25316,16152,28.7,22.0
Station_01,Inv_00,20170705,19:19:00,0.0,0.0,0,220.0,0.2,44,25316,16152,28.8,22.0
Station_01,Inv_00,20170705,19:20:00,0.0,0.0,0,220.0,0.2,44,25316,16152,28.8,21.0
Station_01,Inv_00,20170705,19:21:00,0.0,0.0,0,220.0,0.2,44,25316,16152,28.7,20.0
Station_01,Inv_00,20170705,19:22:00,0.0,0.0,0,220.0,0.2,44,25316,16152,28.7,21.0
Station_01,Inv_00,20170705,19:23:00,0.0,0.0,0,220.0,0.2,44,25316,16152,28.7,25.0
Station_01,Inv_00,20170705,19:24:00,0.0,0.0,0,220.0,0.2,44,25316,16152,28.7,18.0
Station_01,Inv_00,20170705,19:25:00,0.0,0.0,0,220.0,0.2,44,25316,16152,28.7,20.0
Station_01,Inv_00,20170705,19:26:00,0.0,0.0,0,220.0,0.2,44,25316,16152,28.7,18.0
Station_01,Inv_00,20170705,19:27:00,0.0,0.0,0,220.0,0.2,44,25316,16152,28.8,26.0
Station_01,Inv_00,20170705,19:28:00,0.0,0.0,0,220.0,0.2,44,25316,16152,28.9,30.0
Station_01,Inv_00,20170705,19:29:00,0.0,0.0,0,220.0,0.2,44,25316,16152,28.9,21.0
Station_01,Inv_00,20170705,19:30:00,0.0,0.0,0,220.0,0.2,44,25316,16152,28.9,22.0
Station_01,Inv_00,20170705,19:31:00,0.0,0.0,0,220.0,0.2,44,25316,16152,28.9,26.0
Station_01,Inv_00,20170705,19:32:00,0.0,0.0,0,220.0,0.2,44,25316,16152,29.0,21.0
Station_01,Inv_00,20170705,19:33:00,0.0,0.0,0,220.0,0.2,44,25316,16152,28.9,22.0
Station_01,Inv_00,20170705,19:34:00,0.0,0.0,0,220.0,0.2,44,25316,16152,28.9,20.0
Station_01,Inv_00,20170705,19:35:00,0.0,0.0,0,220.0,0.2,44,25316,16152,29.0,20.0
Station_01,Inv_00,20170705,19:36:00,0.0,0.0,0,220.0,0.2,44,25316,16152,29.0,19.0
Station_01,Inv_00,20170705,19:37:00,0.0,0.0,0,220.0,0.2,44,25316,16152,29.0,20.0
Station_01,Inv_00,20170705,19:38:00,0.0,0.0,0,220.0,0.2,44,25316,16152,29.1,19.0
Station_01,Inv_00,20170705,19:39:00,0.0,0.0,0,220.0,0.2,44,25316,16152,29.1,19.0
Station_01,Inv_00,20170705,19:40:00,0.0,0.0,0,220.0,0.2,44,25316,16152,29.1,20.0
Station_01,Inv_00,20170705,19:41:00,0.0,0.0,0,220.0,0.2,44,25316,16152,29.2,34.0
Station_01,Inv_00,20170705,19:42:00,0.0,0.0,0,220.0,0.2,44,25316,16152,29.2,19.0
Station_01,Inv_00,20170705,19:43:00,0.0,0.0,0,220.0,0.2,44,25316,16152,29.2,19.0
Station_01,Inv_00,20170705,19:44:00,0.0,0.0,0,220.0,0.2,44,25316,16152,29.2,31.0
Station_01,Inv_00,20170705,19:45:00,0.0,0.0,0,220.0,0.2,44,25316,16152,29.3,19.0
Station_01,Inv_00,20170705,19:46:00,0.0,0.0,0,220.0,0.2,44,25316,16152,29.3,18.0
Station_01,Inv_00,20170705,19:47:00,0.0,0.0,0,220.0,0.2,44,25316,16152,29.3,20.0
Station_01,Inv_00,20170705,19:48:00,0.0,0.0,0,220.0,0.2,44,25316,16152,29.3,20.0
Station_01,Inv_00,20170705,19:49:00,0.0,0.0,0,220.0,0.2,44,25316,16152,29.4,18.0
Station_01,Inv_00,20170705,19:50:00,0.0,0.0,0,220.0,0.2,44,25316,16152,29.4,34.0
Station_01,Inv_00,20170705,19:51:00,0.0,0.0,0,220.0,0.2,44,25316,16152,29.4,34.0
Station_01,Inv_00,20170705,19:52:00,0.0,0.0,0,220.0,0.2,44,25316,16152,29.4,20.0
Station_01,Inv_00,20170705,19:53:00,0.0,0.0,0,220.0,0.2,44,25316,16152,29.4,28.0
Station_01,Inv_00,20170705,19:54:00,0.0,0.0,0,220.0,0.2,44,25316,16152,29.4,27.0
Station_01,Inv_00,20170705,19:55:00,0.0,0.0,0,220.0,0.2,44,25316,16152,29.4,19.0
Station_01,Inv_00,20170705,19:56:00,0.0,0.0,0,220.0,0.2,44,25316,16152,29.4,24.0
Station_01,Inv_00,20170705,19:57:00,0.0,0.0,0,220.0,0.2,44,25316,16152,29.4,31.0
Station_01,Inv_00,20170705,19:58:00,0.0,0.0,0,220.0,0.2,44,25316,16152,29.4,37.0
Station_01,Inv_00,20170705,19:59:00,0.0,0.0,0,220.0,0.2,44,25316,16152,29.4,36.0
Station_01,Inv_00,20170705,20:00:00,0.0,0.0,0,220.0,0.2,44,25316,16152,29.3,37.0
