Station_01,Inv_00,20170619,05:00:00,0.0,0.0,0,0.0,0.0,0,24999,15949,25.2,17.0
Station_01,Inv_00,20170619,05:01:00,0.0,0.0,0,0.0,0.0,0,24999,15949,25.3,17.0
Station_01,Inv_00,20170619,05:02:00,0.0,0.0,0,0.0,0.0,0,24999,15949,25.2,18.0
Station_01,Inv_00,20170619,05:03:00,0.0,0.0,0,0.0,0.0,0,24999,15949,25.3,18.0
Station_01,Inv_00,20170619,05:04:00,0.0,0.0,0,0.0,0.0,0,24999,15949,25.3,18.0
Station_01,Inv_00,20170619,05:05:00,0.0,0.0,0,0.0,0.0,0,24999,15949,25.3,18.0
Station_01,Inv_00,20170619,05:06:00,0.0,0.0,0,0.0,0.0,0,24999,15949,25.3,18.0
Station_01,Inv_00,20170619,05:07:00,0.0,0.0,0,0.0,0.0,0,24999,15949,25.4,18.0
Station_01,Inv_00,20170619,05:08:00,0.0,0.0,0,0.0,0.0,0,24999,15949,25.4,19.0
Station_01,Inv_00,20170619,05:09:00,0.0,0.0,0,0.0,0.0,0,24999,15949,25.4,19.0
Station_01,Inv_00,20170619,05:10:00,0.0,0.0,0,0.0,0.0,0,24999,15949,25.3,19.0
Station_01,Inv_00,20170619,05:11:00,0.0,0.0,0,0.0,0.0,0,24999,15949,25.3,19.0
Station_01,Inv_00,20170619,05:12:00,0.0,0.0,0,0.0,0.0,0,24999,15949,25.3,19.0
Station_01,Inv_00,20170619,05:13:00,0.0,0.0,0,0.0,0.0,0,24999,15949,25.3,19.0
Station_01,Inv_00,20170619,05:14:00,0.0,0.0,0,0.0,0.0,0,24999,15949,25.3,20.0
Station_01,Inv_00,20170619,05:15:00,0.0,0.0,0,0.0,0.0,0,24999,15949,25.4,20.0
Station_01,Inv_00,20170619,05:16:00,0.0,0.0,0,0.0,0.0,0,24999,15949,25.4,20.0
Station_01,Inv_00,20170619,05:17:00,0.0,0.0,0,0.0,0.0,0,24999,15949,25.3,470.0
Station_01,Inv_00,20170619,05:18:00,0.0,0.0,0,0.0,0.0,0,24999,15949,25.3,21.0
Station_01,Inv_00,20170619,05:19:00,0.0,0.0,0,0.0,0.0,0,24999,15949,25.4,22.0
Station_01,Inv_00,20170619,05:20:00,0.0,0.0,0,0.0,0.0,0,24999,15949,25.4,22.0
Station_01,Inv_00,20170619,05:21:00,0.0,0.0,0,0.0,0.0,0,24999,15949,25.4,23.0
Station_01,Inv_00,20170619,05:22:00,0.0,0.0,0,0.0,0.0,0,24999,15949,25.4,24.0
Station_01,Inv_00,20170619,05:23:00,0.0,0.0,0,0.0,0.0,0,24999,15949,25.4,24.0
Station_01,Inv_00,20170619,05:24:00,0.0,0.0,0,0.0,0.0,0,24999,15949,25.5,25.0
Station_01,Inv_00,20170619,05:25:00,0.0,0.0,0,219.0,0.4,88,24999,15949,25.5,26.0
Station_01,Inv_00,20170619,05:26:00,0.0,0.0,0,219.0,0.5,110,24999,15949,25.5,27.0
Station_01,Inv_00,20170619,05:27:00,0.0,0.0,0,219.0,0.5,110,24999,15949,25.6,28.0
Station_01,Inv_00,20170619,05:28:00,0.0,0.0,0,219.0,0.5,110,24999,15949,25.6,29.0
Station_01,Inv_00,20170619,05:29:00,0.0,0.0,0,219.0,0.5,110,24999,15949,25.6,30.0
Station_01,Inv_00,20170619,05:30:00,0.0,0.0,0,0.0,0.0,0,24999,15949,25.7,30.0
Station_01,Inv_00,20170619,05:31:00,208.0,0.1,21,215.0,0.4,86,24999,15949,25.7,31.0
Station_01,Inv_00,20170619,05:32:00,225.0,0.1,23,217.0,0.4,87,24999,15949,25.8,32.0
Station_01,Inv_00,20170619,05:33:00,225.0,0.1,23,217.0,0.4,87,24999,15949,25.8,33.0
Station_01,Inv_00,20170619,05:34:00,231.0,0.3,69,215.0,0.5,108,24999,15949,25.9,33.0
Station_01,Inv_00,20170619,05:35:00,223.0,0.1,22,216.0,0.4,86,24999,15949,25.9,34.0
Station_01,Inv_00,20170619,05:36:00,224.3,0.3,67,215.0,0.5,108,24999,15949,26.0,35.0
Station_01,Inv_00,20170619,05:37:00,220.0,0.1,22,216.0,0.4,86,24999,15949,26.0,36.0
Station_01,Inv_00,20170619,05:38:00,237.0,0.3,71,215.0,0.5,108,24999,15949,26.1,37.0
Station_01,Inv_00,20170619,05:39:00,228.0,0.3,68,215.0,0.5,108,24999,15949,26.2,38.0
Station_01,Inv_00,20170619,05:40:00,238.7,0.3,72,216.0,0.5,108,24999,15949,26.3,39.0
Station_01,Inv_00,20170619,05:41:00,223.7,0.3,67,217.0,0.5,109,24999,15949,26.4,40.0
Station_01,Inv_00,20170619,05:42:00,218.3,0.3,66,216.0,0.5,108,24999,15949,26.4,41.0
Station_01,Inv_00,20170619,05:43:00,214.0,0.3,64,216.0,0.5,108,24999,15949,26.5,42.0
Station_01,Inv_00,20170619,05:44:00,219.0,0.4,88,215.0,0.5,108,24999,15949,26.5,44.0
Station_01,Inv_00,20170619,05:45:00,216.5,0.4,87,215.0,0.5,108,24999,15949,26.6,46.0
Station_01,Inv_00,20170619,05:46:00,207.0,0.5,104,215.0,0.5,108,24999,15949,26.6,46.0
Station_01,Inv_00,20170619,05:47:00,220.8,0.5,110,216.0,0.5,108,24999,15949,26.6,46.0
Station_01,Inv_00,20170619,05:48:00,232.5,0.4,93,215.0,0.5,108,24999,15949,26.6,46.0
Station_01,Inv_00,20170619,05:49:00,223.0,0.5,112,216.0,0.5,108,24999,15949,26.6,47.0
Station_01,Inv_00,20170619,05:50:00,222.4,0.5,111,216.0,0.6,130,24999,15949,26.5,48.0
Station_01,Inv_00,20170619,05:51:00,223.2,0.5,112,216.0,0.6,130,24999,15949,26.6,49.0
Station_01,Inv_00,20170619,05:52:00,180.4,0.5,90,215.0,0.5,108,24999,15949,26.6,49.0
Station_01,Inv_00,20170619,05:53:00,188.8,0.5,94,216.0,0.5,108,24999,15949,26.6,51.0
Station_01,Inv_00,20170619,05:54:00,231.6,0.5,116,215.0,0.6,129,24999,15949,26.7,52.0
Station_01,Inv_00,20170619,05:55:00,223.0,0.6,134,215.0,0.7,151,24999,15949,26.7,53.0
Station_01,Inv_00,20170619,05:56:00,230.5,0.6,138,215.0,0.8,172,24999,15949,26.7,55.0
Station_01,Inv_00,20170619,05:57:00,236.0,0.6,142,215.0,0.7,151,24999,15949,26.7,56.0
Station_01,Inv_00,20170619,05:58:00,230.3,0.7,161,215.0,0.8,172,24999,15949,26.8,57.0
Station_01,Inv_00,20170619,05:59:00,229.7,0.7,161,215.0,0.8,172,24999,15949,26.8,58.0
Station_01,Inv_00,20170619,06:00:00,189.0,0.7,132,216.0,0.6,130,24999,15949,26.9,59.0
Station_01,Inv_00,20170619,06:01:00,219.6,0.7,154,215.0,0.8,172,24999,15949,26.9,60.0
Station_01,Inv_00,20170619,06:02:00,229.4,0.7,161,215.0,0.9,194,24999,15949,26.8,61.0
Station_01,Inv_00,20170619,06:03:00,224.4,0.7,157,215.0,0.9,194,24999,15949,26.8,61.0
Station_01,Inv_00,20170619,06:04:00,224.0,0.7,157,214.0,0.9,193,24999,15949,26.8,62.0
Station_01,Inv_00,20170619,06:05:00,222.5,0.8,178,216.0,0.9,194,24999,15949,26.9,63.0
Station_01,Inv_00,20170619,06:06:00,234.5,0.8,188,215.0,1.0,215,24999,15949,26.9,64.0
Station_01,Inv_00,20170619,06:07:00,219.5,0.8,176,215.0,0.9,194,24999,15949,26.9,65.0
Station_01,Inv_00,20170619,06:08:00,221.7,0.7,155,216.0,1.0,216,24999,15949,26.9,66.0
Station_01,Inv_00,20170619,06:09:00,214.0,0.8,171,215.0,0.9,194,24999,15949,26.9,67.0
Station_01,Inv_00,20170619,06:10:00,233.0,0.8,186,215.0,1.0,215,24999,15949,26.9,68.0
Station_01,Inv_00,20170619,06:11:00,227.5,0.8,182,215.0,1.0,215,24999,15949,27.0,69.0
Station_01,Inv_00,20170619,06:12:00,233.4,0.7,163,215.0,1.0,215,24999,15949,27.0,70.0
Station_01,Inv_00,20170619,06:13:00,227.0,0.8,182,215.0,1.0,215,24999,15949,27.1,71.0
Station_01,Inv_00,20170619,06:14:00,239.0,0.8,191,215.0,1.0,215,24999,15949,27.1,73.0
Station_01,Inv_00,20170619,06:15:00,230.3,0.9,207,215.0,1.0,215,24999,15949,27.2,74.0
Station_01,Inv_00,20170619,06:16:00,234.9,0.9,211,215.0,1.0,215,24999,15949,27.2,75.0
Station_01,Inv_00,20170619,06:17:00,234.4,0.9,211,215.0,1.1,237,24999,15949,27.3,77.0
Station_01,Inv_00,20170619,06:18:00,231.0,1.0,231,214.0,1.1,235,24999,15949,27.3,78.0
Station_01,Inv_00,20170619,06:19:00,240.4,0.9,216,214.0,1.1,235,24999,15949,27.4,79.0
Station_01,Inv_00,20170619,06:20:00,235.0,1.0,235,214.0,1.1,235,24999,15949,27.5,81.0
Station_01,Inv_00,20170619,06:21:00,235.2,0.9,212,214.0,1.2,257,24999,15949,27.6,82.0
Station_01,Inv_00,20170619,06:22:00,232.0,1.0,232,213.0,1.2,256,24999,15949,27.7,84.0
Station_01,Inv_00,20170619,06:23:00,237.7,1.1,262,213.0,1.2,256,24999,15949,27.8,85.0
Station_01,Inv_00,20170619,06:24:00,239.5,1.1,263,216.0,1.2,259,24999,15949,27.8,86.0
Station_01,Inv_00,20170619,06:25:00,233.0,1.0,233,216.0,1.2,259,24999,15949,28.0,88.0
Station_01,Inv_00,20170619,06:26:00,232.0,1.2,278,217.0,1.2,260,24999,15949,28.1,90.0
Station_01,Inv_00,20170619,06:27:00,232.9,1.1,256,217.0,1.3,282,24999,15949,28.2,91.0
Station_01,Inv_00,20170619,06:28:00,232.0,1.2,278,216.0,1.3,281,24999,15949,28.3,92.0
Station_01,Inv_00,20170619,06:29:00,235.7,1.2,283,216.0,1.3,281,24999,15949,28.4,94.0
Station_01,Inv_00,20170619,06:30:00,233.0,1.3,303,216.0,1.3,281,24999,15949,28.6,95.0
Station_01,Inv_00,20170619,06:31:00,242.3,1.3,315,216.0,1.4,302,24999,15949,28.8,96.0
Station_01,Inv_00,20170619,06:32:00,228.5,1.3,297,216.0,1.4,302,24999,15949,28.9,98.0
Station_01,Inv_00,20170619,06:33:00,244.8,1.3,318,216.0,1.4,302,24999,15949,29.0,99.0
Station_01,Inv_00,20170619,06:34:00,226.8,1.3,295,216.0,1.4,302,24999,15949,29.0,100.0
Station_01,Inv_00,20170619,06:35:00,240.0,1.4,336,216.0,1.4,302,24999,15949,29.1,101.0
Station_01,Inv_00,20170619,06:36:00,234.5,1.4,328,218.0,1.5,327,24999,15949,29.2,103.0
Station_01,Inv_00,20170619,06:37:00,237.1,1.4,332,217.0,1.5,326,24999,15949,29.2,104.0
Station_01,Inv_00,20170619,06:38:00,239.3,1.4,335,216.0,1.5,324,24999,15949,29.3,106.0
Station_01,Inv_00,20170619,06:39:00,240.0,1.5,360,217.0,1.5,326,24999,15949,29.4,107.0
Station_01,Inv_00,20170619,06:40:00,244.0,1.4,342,216.0,1.5,324,24999,15949,29.5,109.0
Station_01,Inv_00,20170619,06:41:00,243.0,1.5,365,217.0,1.6,347,24999,15949,29.6,111.0
Station_01,Inv_00,20170619,06:42:00,237.0,1.5,356,217.0,1.6,347,24999,15949,29.7,113.0
Station_01,Inv_00,20170619,06:43:00,241.0,1.6,386,217.0,1.6,347,24999,15949,29.8,114.0
Station_01,Inv_00,20170619,06:44:00,241.0,1.6,386,217.0,1.6,347,24999,15949,29.9,114.0
Station_01,Inv_00,20170619,06:45:00,243.5,1.5,365,218.0,1.7,371,24999,15949,29.9,115.0
Station_01,Inv_00,20170619,06:46:00,238.0,1.6,381,219.0,1.7,372,24999,15949,29.9,116.0
Station_01,Inv_00,20170619,06:47:00,243.6,1.6,390,218.0,1.7,371,24999,15949,29.9,117.0
Station_01,Inv_00,20170619,06:48:00,244.2,1.6,391,219.0,1.7,372,24999,15949,30.0,118.0
Station_01,Inv_00,20170619,06:49:00,242.4,1.7,412,218.0,1.7,371,24999,15949,30.1,120.0
Station_01,Inv_00,20170619,06:50:00,241.0,1.6,386,218.0,1.7,371,24999,15949,30.1,121.0
Station_01,Inv_00,20170619,06:51:00,239.0,1.6,382,219.0,1.8,394,24999,15949,30.2,122.0
Station_01,Inv_00,20170619,06:52:00,244.4,1.7,415,218.0,1.8,392,24999,15949,30.2,124.0
Station_01,Inv_00,20170619,06:53:00,243.7,1.7,414,218.0,1.8,392,24999,15949,30.3,126.0
Station_01,Inv_00,20170619,06:54:00,243.5,1.7,414,217.0,1.9,412,24999,15949,30.3,127.0
Station_01,Inv_00,20170619,06:55:00,242.1,1.8,436,217.0,1.9,412,24999,15949,30.5,129.0
Station_01,Inv_00,20170619,06:56:00,240.5,1.8,433,217.0,2.0,434,24999,15949,30.6,131.0
Station_01,Inv_00,20170619,06:57:00,248.5,1.8,447,217.0,2.0,434,24999,15949,30.6,133.0
Station_01,Inv_00,20170619,06:58:00,244.8,1.9,465,218.0,2.0,436,24999,15949,30.6,134.0
Station_01,Inv_00,20170619,06:59:00,241.9,1.9,460,217.0,2.0,434,24999,15949,30.7,136.0
Station_01,Inv_00,20170619,07:00:00,239.5,2.0,479,217.0,2.0,434,24999,15949,30.7,138.0
Station_01,Inv_00,20170619,07:01:00,241.5,2.0,483,217.0,2.1,456,24999,15949,30.8,140.0
Station_01,Inv_00,20170619,07:02:00,243.0,2.0,486,217.0,2.1,456,24999,15949,30.7,142.0
Station_01,Inv_00,20170619,07:03:00,244.5,1.9,465,217.0,2.1,456,24999,15949,30.9,143.0
Station_01,Inv_00,20170619,07:04:00,247.0,2.0,494,217.0,2.1,456,24999,15949,30.8,145.0
Station_01,Inv_00,20170619,07:05:00,227.3,2.1,477,218.0,2.1,458,24999,15949,30.9,146.0
Station_01,Inv_00,20170619,07:06:00,214.0,2.2,471,218.0,2.0,436,24999,15949,31.0,148.0
Station_01,Inv_00,20170619,07:07:00,242.4,2.1,509,218.0,2.2,480,24999,15949,31.2,149.0
Station_01,Inv_00,20170619,07:08:00,242.5,2.1,509,218.0,2.2,480,24999,15949,31.2,151.0
Station_01,Inv_00,20170619,07:09:00,245.0,2.2,539,218.0,2.3,501,24999,15949,31.3,152.0
Station_01,Inv_00,20170619,07:10:00,244.1,2.2,537,218.0,2.3,501,24999,15949,31.4,154.0
Station_01,Inv_00,20170619,07:11:00,243.5,2.1,511,218.0,2.3,501,24999,15949,31.5,155.0
Station_01,Inv_00,20170619,07:12:00,238.5,2.2,525,218.0,2.3,501,24999,15949,31.5,156.0
Station_01,Inv_00,20170619,07:13:00,246.0,2.2,541,218.0,2.4,523,24999,15949,31.5,158.0
Station_01,Inv_00,20170619,07:14:00,244.0,2.3,561,218.0,2.4,523,24999,15949,31.7,159.0
Station_01,Inv_00,20170619,07:15:00,245.0,2.3,563,217.0,2.4,521,24999,15949,31.8,161.0
Station_01,Inv_00,20170619,07:16:00,240.0,2.4,576,218.0,2.5,545,24999,15949,31.8,163.0
Station_01,Inv_00,20170619,07:17:00,243.4,2.4,584,218.0,2.5,545,24999,15949,31.8,166.0
Station_01,Inv_00,20170619,07:18:00,247.8,2.4,595,217.0,2.5,543,24999,15949,32.0,169.0
Station_01,Inv_00,20170619,07:19:00,235.0,2.4,564,218.0,2.5,545,24999,15949,32.2,173.0
Station_01,Inv_00,20170619,07:20:00,243.5,2.5,609,218.0,2.6,567,24999,15949,32.5,174.0
Station_01,Inv_00,20170619,07:21:01,243.0,2.6,632,218.0,2.7,589,24999,15949,32.4,179.0
Station_01,Inv_00,20170619,07:22:00,245.9,2.7,664,217.0,2.9,629,24999,15949,32.4,190.0
Station_01,Inv_00,20170619,07:23:00,243.5,2.7,657,217.0,2.8,608,24999,15949,32.6,186.0
Station_01,Inv_00,20170619,07:24:00,244.5,2.7,660,217.0,3.0,651,24999,15949,32.9,193.0
Station_01,Inv_00,20170619,07:25:00,242.5,2.7,655,218.0,2.9,632,24999,15949,33.0,186.0
Station_01,Inv_00,20170619,07:26:00,242.5,2.8,679,217.0,2.9,629,24999,15949,33.1,188.0
Station_01,Inv_00,20170619,07:27:00,243.0,2.9,705,218.0,3.1,676,24999,15949,33.1,194.0
Station_01,Inv_00,20170619,07:28:00,244.5,2.7,660,218.0,2.9,632,24999,15949,33.3,191.0
Station_01,Inv_00,20170619,07:29:00,240.5,2.7,649,218.0,2.9,632,24999,15949,33.4,186.0
Station_01,Inv_00,20170619,07:30:00,240.0,2.7,648,219.0,2.8,613,24999,15949,33.6,185.0
Station_01,Inv_00,20170619,07:31:00,245.0,2.6,637,219.0,2.9,635,24999,15949,33.5,186.0
Station_01,Inv_00,20170619,07:32:00,246.5,2.6,641,218.0,2.8,610,24999,15949,33.2,184.0
Station_01,Inv_00,20170619,07:33:00,245.8,2.6,639,219.0,2.8,613,24999,15949,33.4,182.0
Station_01,Inv_00,20170619,07:34:00,248.5,2.5,621,218.0,2.7,589,24999,15949,33.1,182.0
Station_01,Inv_00,20170619,07:35:00,245.7,2.6,639,218.0,2.8,610,24999,15949,33.2,181.0
Station_01,Inv_00,20170619,07:36:00,244.0,2.7,659,218.0,2.8,610,24999,15949,33.2,180.0
Station_01,Inv_00,20170619,07:37:00,244.0,2.6,634,218.0,2.8,610,24999,15949,33.1,179.0
Station_01,Inv_00,20170619,07:38:00,246.5,2.6,641,218.0,2.7,589,24999,15949,33.0,177.0
Station_01,Inv_00,20170619,07:39:00,246.5,2.6,641,218.0,2.8,610,24999,15949,33.0,176.0
Station_01,Inv_00,20170619,07:40:00,247.5,2.5,619,218.0,2.7,589,24999,15949,33.1,175.0
Station_01,Inv_00,20170619,07:41:00,242.0,2.6,629,218.0,2.7,589,24999,15949,32.9,176.0
Station_01,Inv_00,20170619,07:42:00,248.5,2.6,646,218.0,2.7,589,24999,15949,32.8,177.0
Station_01,Inv_00,20170619,07:43:00,249.5,2.6,649,219.0,2.8,613,24999,15949,32.9,178.0
Station_01,Inv_00,20170619,07:44:00,244.5,2.6,636,218.0,2.8,610,24999,15949,32.8,180.0
Station_01,Inv_00,20170619,07:45:00,243.9,2.7,659,218.0,2.9,632,24999,15949,32.7,180.0
Station_01,Inv_00,20170619,07:46:00,243.0,2.7,656,218.0,2.9,632,24999,15949,32.7,182.0
Station_01,Inv_00,20170619,07:47:00,240.5,2.8,673,217.0,3.0,651,24999,15949,32.5,184.0
Station_01,Inv_00,20170619,07:48:00,237.5,2.8,665,218.0,3.0,654,24999,15949,32.5,186.0
Station_01,Inv_00,20170619,07:49:00,251.0,2.8,703,218.0,3.1,676,24999,15949,32.2,188.0
Station_01,Inv_00,20170619,07:50:00,241.5,2.8,676,218.0,3.1,676,24999,15949,32.4,189.0
Station_01,Inv_00,20170619,07:51:00,241.9,2.9,701,219.0,3.1,679,24999,15949,32.5,190.0
Station_01,Inv_00,20170619,07:52:00,243.0,2.9,705,219.0,3.1,679,24999,15949,32.6,190.0
Station_01,Inv_00,20170619,07:53:00,247.5,2.8,693,218.0,3.1,676,24999,15949,32.7,188.0
Station_01,Inv_00,20170619,07:54:00,244.0,2.8,683,218.0,3.0,654,24999,15949,32.8,190.0
Station_01,Inv_00,20170619,07:55:00,243.0,2.8,680,218.0,3.0,654,24999,15949,32.9,186.0
Station_01,Inv_00,20170619,07:56:00,244.3,2.8,684,217.0,3.0,651,24999,15949,33.0,186.0
Station_01,Inv_00,20170619,07:57:00,244.0,2.8,683,218.0,3.0,654,24999,15949,32.9,186.0
Station_01,Inv_00,20170619,07:58:00,244.0,2.8,683,217.0,2.9,629,24999,15949,33.0,185.0
Station_01,Inv_00,20170619,07:59:00,245.5,2.8,687,218.0,3.0,654,24999,15949,33.1,185.0
Station_01,Inv_00,20170619,08:00:00,242.9,2.8,680,217.0,3.0,651,24999,15949,33.0,186.0
Station_01,Inv_00,20170619,08:01:00,242.0,2.8,678,217.0,3.0,651,24999,15949,33.1,186.0
Station_01,Inv_00,20170619,08:02:00,240.0,2.8,672,217.0,3.0,651,24999,15949,33.1,188.0
Station_01,Inv_00,20170619,08:03:00,246.0,2.8,689,217.0,3.1,673,24999,15949,32.9,189.0
Station_01,Inv_00,20170619,08:04:00,246.5,2.7,666,218.0,3.1,676,24999,15949,33.1,190.0
Station_01,Inv_00,20170619,08:05:00,244.4,2.9,709,217.0,3.1,673,25000,15950,32.8,192.0
Station_01,Inv_00,20170619,08:06:00,244.4,2.9,709,217.0,3.1,673,25000,15950,32.9,194.0
Station_01,Inv_00,20170619,08:07:00,241.5,2.9,700,217.0,3.1,673,25000,15950,32.9,197.0
Station_01,Inv_00,20170619,08:08:00,243.0,3.0,729,217.0,3.2,694,25000,15950,32.8,200.0
Station_01,Inv_00,20170619,08:09:00,244.5,3.1,758,216.0,3.3,713,25000,15950,33.0,203.0
Station_01,Inv_00,20170619,08:10:00,247.0,3.0,741,217.0,3.4,738,25000,15950,32.8,209.0
Station_01,Inv_00,20170619,08:11:00,244.5,3.3,807,217.0,3.5,760,25000,15950,32.9,214.0
Station_01,Inv_00,20170619,08:12:00,241.9,3.4,822,217.0,3.6,781,25000,15950,33.1,219.0
Station_01,Inv_00,20170619,08:13:00,242.5,3.4,825,216.0,3.6,778,25000,15950,33.5,224.0
Station_01,Inv_00,20170619,08:14:00,237.0,3.4,806,217.0,3.6,781,25000,15950,33.7,227.0
Station_01,Inv_00,20170619,08:15:00,245.0,3.4,833,216.0,3.7,799,25000,15950,33.9,230.0
Station_01,Inv_00,20170619,08:16:00,241.4,3.5,845,216.0,3.7,799,25000,15950,34.3,231.0
Station_01,Inv_00,20170619,08:17:00,244.5,3.5,856,216.0,3.7,799,25000,15950,34.2,230.0
Station_01,Inv_00,20170619,08:18:00,240.4,3.5,841,216.0,3.7,799,25000,15950,34.5,229.0
Station_01,Inv_00,20170619,08:19:00,241.0,3.5,844,216.0,3.6,778,25000,15950,34.4,228.0
Station_01,Inv_00,20170619,08:20:00,242.5,3.5,849,216.0,3.6,778,25000,15950,34.7,225.0
Station_01,Inv_00,20170619,08:21:00,245.0,3.4,833,217.0,3.6,781,25000,15950,34.5,223.0
Station_01,Inv_00,20170619,08:22:00,245.4,3.3,810,217.0,3.6,781,25000,15950,34.7,220.0
Station_01,Inv_00,20170619,08:23:00,244.5,3.3,807,216.0,3.5,756,25000,15950,34.5,216.0
Station_01,Inv_00,20170619,08:24:00,239.0,3.2,765,216.0,3.4,734,25000,15950,34.7,211.0
Station_01,Inv_00,20170619,08:25:00,243.9,3.1,756,216.0,3.3,713,25000,15950,34.9,207.0
Station_01,Inv_00,20170619,08:26:00,242.9,3.1,753,216.0,3.2,691,25000,15950,34.6,204.0
Station_01,Inv_00,20170619,08:27:00,244.5,3.0,734,216.0,3.2,691,25000,15950,34.6,201.0
Station_01,Inv_00,20170619,08:28:00,239.0,3.0,717,216.0,3.1,670,25000,15950,34.6,199.0
Station_01,Inv_00,20170619,08:29:00,244.9,3.0,735,216.0,3.1,670,25000,15950,34.5,200.0
Station_01,Inv_00,20170619,08:30:00,244.4,2.9,709,216.0,3.1,670,25000,15950,34.4,198.0
Station_01,Inv_00,20170619,08:31:00,238.0,2.9,690,216.0,3.1,670,25000,15950,34.5,198.0
Station_01,Inv_00,20170619,08:32:00,238.0,3.0,714,215.0,3.1,667,25000,15950,34.5,200.0
Station_01,Inv_00,20170619,08:33:00,241.9,3.1,750,218.0,3.2,698,25000,15950,34.1,203.0
Station_01,Inv_00,20170619,08:34:00,242.0,3.1,750,218.0,3.3,719,25000,15950,34.4,207.0
Station_01,Inv_00,20170619,08:35:00,243.0,3.1,753,218.0,3.4,741,25000,15950,34.4,212.0
Station_01,Inv_00,20170619,08:36:00,242.9,3.3,802,218.0,3.6,785,25000,15950,34.5,219.0
Station_01,Inv_00,20170619,08:37:00,240.0,3.5,840,218.0,3.6,785,25000,15950,34.6,227.0
Station_01,Inv_00,20170619,08:38:00,246.0,3.6,886,218.0,3.8,828,25000,15950,34.8,235.0
Station_01,Inv_00,20170619,08:39:00,246.0,3.6,886,218.0,3.9,850,25000,15950,34.9,245.0
Station_01,Inv_00,20170619,08:40:00,240.0,3.9,936,218.0,4.0,872,25000,15950,34.9,251.0
Station_01,Inv_00,20170619,08:41:00,240.4,4.0,962,218.0,4.1,894,25000,15950,35.0,258.0
Station_01,Inv_00,20170619,08:42:00,246.9,4.0,988,218.0,4.1,894,25000,15950,35.0,263.0
Station_01,Inv_00,20170619,08:43:00,246.0,4.1,1009,218.0,4.2,916,25000,15950,35.4,267.0
Station_01,Inv_00,20170619,08:44:00,245.5,4.0,982,218.0,4.3,937,25000,15950,35.5,269.0
Station_01,Inv_00,20170619,08:45:00,239.0,4.3,1028,218.0,4.3,937,25000,15950,35.7,273.0
Station_01,Inv_00,20170619,08:46:00,239.5,4.2,1006,217.0,4.4,955,25000,15950,35.7,275.0
Station_01,Inv_00,20170619,08:47:00,243.5,4.3,1047,217.0,4.4,955,25000,15950,35.9,280.0
Station_01,Inv_00,20170619,08:48:00,246.0,4.1,1009,217.0,4.4,955,25000,15950,36.0,275.0
Station_01,Inv_00,20170619,08:49:00,244.0,4.1,1000,217.0,4.4,955,25000,15950,36.0,273.0
Station_01,Inv_00,20170619,08:50:00,242.5,4.2,1019,217.0,4.3,933,25000,15950,36.0,270.0
Station_01,Inv_00,20170619,08:51:00,243.0,4.0,972,218.0,4.2,916,25000,15950,35.9,267.0
Station_01,Inv_00,20170619,08:52:00,239.5,4.2,1006,218.0,4.1,894,25000,15950,35.9,266.0
Station_01,Inv_00,20170619,08:53:00,242.5,4.0,970,218.0,4.2,916,25000,15950,36.0,267.0
Station_01,Inv_00,20170619,08:54:00,242.5,4.1,994,218.0,4.3,937,25000,15950,35.6,279.0
Station_01,Inv_00,20170619,08:55:00,238.5,4.3,1026,217.0,4.3,933,25000,15950,35.9,290.0
Station_01,Inv_00,20170619,08:56:00,243.5,4.2,1023,217.0,4.4,955,25000,15950,35.8,278.0
Station_01,Inv_00,20170619,08:57:00,245.0,4.3,1053,217.0,4.6,998,25000,15950,36.4,292.0
Station_01,Inv_00,20170619,08:58:00,239.0,4.6,1099,217.0,4.6,998,25000,15950,36.5,289.0
Station_01,Inv_00,20170619,08:59:00,237.0,4.7,1114,218.0,4.7,1025,25000,15950,36.8,295.0
Station_01,Inv_00,20170619,09:00:00,239.5,4.8,1150,218.0,4.8,1046,25000,15950,37.0,301.0
Station_01,Inv_00,20170619,09:01:00,239.4,4.9,1173,218.0,4.9,1068,25000,15950,37.1,306.0
Station_01,Inv_00,20170619,09:02:00,244.0,4.9,1196,218.0,5.1,1112,25000,15950,37.2,313.0
Station_01,Inv_00,20170619,09:03:00,244.4,4.8,1173,218.0,5.1,1112,25000,15950,37.6,316.0
Station_01,Inv_00,20170619,09:04:00,239.5,5.1,1221,218.0,5.1,1112,25000,15950,38.0,318.0
Station_01,Inv_00,20170619,09:05:00,236.0,5.0,1180,218.0,5.1,1112,25000,15950,37.4,323.0
Station_01,Inv_00,20170619,09:06:00,241.0,5.0,1205,218.0,5.2,1134,25000,15950,37.8,339.0
Station_01,Inv_00,20170619,09:07:00,246.5,5.0,1233,218.0,5.3,1155,25000,15950,37.6,347.0
Station_01,Inv_00,20170619,09:08:00,240.0,5.3,1272,218.0,5.5,1199,25000,15950,38.1,345.0
Station_01,Inv_00,20170619,09:09:00,238.5,5.6,1336,218.0,5.6,1221,25000,15950,38.2,349.0
Station_01,Inv_00,20170619,09:10:00,239.5,5.6,1341,219.0,5.8,1270,25001,15951,38.7,359.0
Station_01,Inv_00,20170619,09:11:00,243.0,5.7,1385,217.0,6.1,1324,25001,15951,39.1,370.0
Station_01,Inv_00,20170619,09:12:00,229.5,6.2,1423,218.0,6.0,1308,25001,15951,39.0,381.0
Station_01,Inv_00,20170619,09:13:00,242.4,6.0,1455,218.0,6.3,1373,25001,15951,39.4,389.0
Station_01,Inv_00,20170619,09:14:00,237.5,6.3,1496,218.0,6.5,1417,25001,15951,40.1,398.0
Station_01,Inv_00,20170619,09:15:00,238.4,6.6,1573,218.0,6.7,1461,25001,15951,40.1,411.0
Station_01,Inv_00,20170619,09:16:00,241.0,6.6,1591,218.0,6.9,1504,25001,15951,41.1,424.0
Station_01,Inv_00,20170619,09:17:00,237.5,6.9,1639,218.0,7.2,1570,25001,15951,41.1,438.0
Station_01,Inv_00,20170619,09:18:00,238.0,7.3,1737,219.0,7.5,1643,25001,15951,40.7,459.0
Station_01,Inv_00,20170619,09:19:00,240.5,7.3,1756,218.0,7.6,1657,25001,15951,41.7,464.0
Station_01,Inv_00,20170619,09:20:00,238.5,7.3,1741,219.0,7.6,1664,25001,15951,41.9,474.0
Station_01,Inv_00,20170619,09:21:00,234.5,7.1,1665,219.0,7.2,1577,25001,15951,41.5,450.0
Station_01,Inv_00,20170619,09:22:00,239.5,6.9,1653,219.0,7.1,1555,25001,15951,41.1,442.0
Station_01,Inv_00,20170619,09:23:00,241.0,6.7,1615,218.0,7.0,1526,25001,15951,41.7,433.0
Station_01,Inv_00,20170619,09:24:00,240.4,6.6,1587,219.0,6.9,1511,25001,15951,42.1,427.0
Station_01,Inv_00,20170619,09:25:00,240.5,6.7,1611,219.0,6.8,1489,25001,15951,41.4,427.0
Station_01,Inv_00,20170619,09:26:00,237.0,6.6,1564,219.0,6.7,1467,25001,15951,41.8,422.0
Station_01,Inv_00,20170619,09:27:00,240.0,6.3,1512,218.0,6.5,1417,25001,15951,42.0,433.0
Station_01,Inv_00,20170619,09:28:00,231.0,6.6,1525,218.0,6.6,1439,25001,15951,41.7,429.0
Station_01,Inv_00,20170619,09:29:00,236.5,6.5,1537,218.0,6.7,1461,25001,15951,41.2,412.0
Station_01,Inv_00,20170619,09:30:00,241.0,6.5,1566,218.0,6.7,1461,25001,15951,41.5,415.0
Station_01,Inv_00,20170619,09:31:00,235.4,6.6,1553,218.0,6.7,1461,25001,15951,41.1,434.0
Station_01,Inv_00,20170619,09:32:00,240.5,6.4,1539,218.0,6.7,1461,25001,15951,41.2,415.0
Station_01,Inv_00,20170619,09:33:00,240.3,6.3,1514,218.0,6.6,1439,25001,15951,41.1,410.0
Station_01,Inv_00,20170619,09:34:00,237.0,6.3,1493,219.0,6.5,1424,25001,15951,41.1,405.0
Station_01,Inv_00,20170619,09:35:00,240.0,6.1,1464,218.0,6.4,1395,25001,15951,40.8,414.0
Station_01,Inv_00,20170619,09:36:00,242.0,5.9,1428,219.0,6.2,1358,25001,15951,40.5,390.0
Station_01,Inv_00,20170619,09:37:00,240.0,5.9,1416,218.0,6.1,1330,25001,15951,40.8,378.0
Station_01,Inv_00,20170619,09:38:00,239.0,5.9,1410,218.0,6.0,1308,25001,15951,40.7,373.0
Station_01,Inv_00,20170619,09:39:00,240.9,5.7,1373,218.0,6.0,1308,25001,15951,40.3,370.0
Station_01,Inv_00,20170619,09:40:00,238.0,5.7,1356,218.0,5.9,1286,25001,15951,40.6,382.0
Station_01,Inv_00,20170619,09:41:00,237.9,5.8,1380,218.0,5.8,1264,25001,15951,39.9,379.0
Station_01,Inv_00,20170619,09:42:00,239.5,5.7,1365,218.0,5.7,1243,25001,15951,40.0,367.0
Station_01,Inv_00,20170619,09:43:00,229.0,5.5,1260,218.0,5.5,1199,25001,15951,39.8,352.0
Station_01,Inv_00,20170619,09:44:00,224.0,5.5,1232,219.0,5.2,1139,25001,15951,39.6,339.0
Station_01,Inv_00,20170619,09:45:00,241.0,5.0,1205,218.0,5.2,1134,25001,15951,39.5,327.0
Station_01,Inv_00,20170619,09:46:00,241.5,4.9,1183,218.0,5.0,1090,25001,15951,38.8,311.0
Station_01,Inv_00,20170619,09:47:00,241.4,4.7,1135,218.0,4.7,1025,25001,15951,38.7,296.0
Station_01,Inv_00,20170619,09:48:00,242.4,4.5,1091,217.0,4.6,998,25001,15951,38.5,291.0
Station_01,Inv_00,20170619,09:49:00,240.5,4.4,1058,218.0,4.5,981,25001,15951,38.0,277.0
Station_01,Inv_00,20170619,09:50:00,241.5,4.3,1038,218.0,4.3,937,25001,15951,37.5,272.0
Station_01,Inv_00,20170619,09:51:00,236.5,4.2,993,217.0,4.2,911,25002,15951,37.6,265.0
Station_01,Inv_00,20170619,09:52:00,236.0,4.0,944,217.0,4.1,890,25002,15951,37.1,259.0
Station_01,Inv_00,20170619,09:53:00,237.5,3.9,926,217.0,4.0,868,25002,15951,37.2,266.0
Station_01,Inv_00,20170619,09:54:00,239.8,4.0,959,217.0,4.0,868,25002,15951,37.0,250.0
Station_01,Inv_00,20170619,09:56:00,243.5,3.8,925,217.0,3.9,846,25002,15951,36.5,242.0
Station_01,Inv_00,20170619,09:57:00,243.0,3.8,923,217.0,3.9,846,25002,15951,36.3,242.0
Station_01,Inv_00,20170619,09:58:00,239.5,3.7,886,217.0,3.9,846,25002,15951,36.1,243.0
Station_01,Inv_00,20170619,09:59:00,246.0,3.7,910,217.0,4.0,868,25002,15951,36.4,253.0
Station_01,Inv_00,20170619,10:00:00,243.0,3.7,899,217.0,4.0,868,25002,15951,36.3,243.0
Station_01,Inv_00,20170619,10:01:00,239.9,3.9,936,217.0,3.9,846,25002,15951,36.2,245.0
Station_01,Inv_00,20170619,10:02:00,246.9,3.7,914,218.0,4.0,872,25002,15951,36.1,248.0
Station_01,Inv_00,20170619,10:03:00,232.0,4.0,928,217.0,4.0,868,25002,15951,36.1,249.0
Station_01,Inv_00,20170619,10:04:00,245.0,3.9,956,217.0,4.0,868,25002,15951,36.2,254.0
Station_01,Inv_00,20170619,10:05:00,240.5,4.0,962,217.0,4.0,868,25002,15951,36.5,252.0
Station_01,Inv_00,20170619,10:06:00,242.0,4.0,968,217.0,4.1,890,25002,15951,36.1,253.0
Station_01,Inv_00,20170619,10:07:00,240.0,4.0,960,217.0,4.1,890,25002,15951,36.1,262.0
Station_01,Inv_00,20170619,10:08:00,243.0,4.0,972,217.0,4.1,890,25002,15951,36.2,257.0
Station_01,Inv_00,20170619,10:09:00,241.0,4.0,964,217.0,4.1,890,25002,15951,36.0,258.0
Station_01,Inv_00,20170619,10:10:00,236.5,4.2,993,217.0,4.1,890,25002,15951,36.3,261.0
Station_01,Inv_00,20170619,10:11:00,237.5,4.2,998,217.0,4.2,911,25002,15951,36.5,264.0
Station_01,Inv_00,20170619,10:12:00,239.5,4.2,1006,217.0,4.2,911,25002,15951,36.4,265.0
Station_01,Inv_00,20170619,10:13:00,238.0,4.3,1024,217.0,4.3,933,25002,15951,36.3,268.0
Station_01,Inv_00,20170619,10:14:00,242.0,4.3,1041,217.0,4.3,933,25002,15951,36.8,271.0
Station_01,Inv_00,20170619,10:15:00,242.0,4.3,1041,217.0,4.4,955,25002,15951,36.7,276.0
Station_01,Inv_00,20170619,10:16:00,240.5,4.4,1058,217.0,4.5,977,25002,15951,36.8,279.0
Station_01,Inv_00,20170619,10:17:00,242.9,4.5,1093,217.0,4.6,998,25002,15951,37.0,284.0
Station_01,Inv_00,20170619,10:18:00,240.5,4.6,1106,217.0,4.6,998,25002,15951,37.2,288.0
Station_01,Inv_00,20170619,10:19:00,239.9,4.5,1079,217.0,4.7,1020,25002,15951,37.2,292.0
Station_01,Inv_00,20170619,10:20:00,239.5,4.6,1102,217.0,4.8,1042,25002,15951,37.5,296.0
Station_01,Inv_00,20170619,10:21:00,241.0,4.6,1109,218.0,4.8,1046,25002,15951,37.4,301.0
Station_01,Inv_00,20170619,10:22:00,232.5,4.8,1116,219.0,4.8,1051,25002,15951,37.4,306.0
Station_01,Inv_00,20170619,10:23:00,241.4,4.9,1183,219.0,5.0,1095,25002,15951,38.2,310.0
Station_01,Inv_00,20170619,10:24:00,241.5,5.0,1208,219.0,5.1,1117,25002,15951,38.1,316.0
Station_01,Inv_00,20170619,10:25:00,240.0,5.0,1200,219.0,5.1,1117,25002,15951,38.4,321.0
Station_01,Inv_00,20170619,10:26:00,240.0,5.2,1248,216.0,5.3,1145,25002,15951,38.5,328.0
Station_01,Inv_00,20170619,10:27:00,240.0,5.2,1248,216.0,5.5,1188,25002,15951,38.7,343.0
Station_01,Inv_00,20170619,10:28:00,238.5,5.6,1336,216.0,5.7,1231,25002,15951,38.8,353.0
Station_01,Inv_00,20170619,10:29:00,240.0,5.8,1392,216.0,6.0,1296,25002,15951,39.1,372.0
Station_01,Inv_00,20170619,10:30:00,239.5,6.0,1437,217.0,6.3,1367,25002,15951,39.5,391.0
Station_01,Inv_00,20170619,10:31:00,238.4,6.3,1502,217.0,6.5,1411,25002,15951,39.7,397.0
Station_01,Inv_00,20170619,10:32:00,236.5,6.6,1561,216.0,6.6,1426,25002,15951,39.9,410.0
Station_01,Inv_00,20170619,10:33:00,237.9,6.7,1594,217.0,6.8,1476,25002,15951,40.5,422.0
Station_01,Inv_00,20170619,10:34:00,236.5,6.8,1608,217.0,6.9,1497,25002,15951,41.1,425.0
Station_01,Inv_00,20170619,10:35:00,235.9,6.7,1581,217.0,6.7,1454,25002,15951,41.0,423.0
Station_01,Inv_00,20170619,10:36:00,232.0,6.8,1577,217.0,6.7,1454,25002,15951,41.4,420.0
Station_01,Inv_00,20170619,10:37:00,234.4,6.7,1570,217.0,6.8,1476,25002,15951,41.7,431.0
Station_01,Inv_00,20170619,10:38:00,230.0,7.4,1702,216.0,7.3,1577,25002,15951,41.7,461.0
Station_01,Inv_00,20170619,10:39:00,234.4,8.2,1922,217.0,8.3,1801,25002,15951,42.5,504.0
Station_01,Inv_00,20170619,10:40:00,230.9,8.7,2009,217.0,8.7,1888,25002,15951,43.6,556.0
Station_01,Inv_00,20170619,10:41:00,229.0,8.6,1969,217.0,8.7,1888,25002,15951,43.9,570.0
Station_01,Inv_00,20170619,10:42:00,230.5,8.8,2028,217.0,8.9,1931,25003,15952,44.3,563.0
Station_01,Inv_00,20170619,10:43:00,232.5,9.7,2255,217.0,9.8,2127,25003,15952,45.2,601.0
Station_01,Inv_00,20170619,10:44:00,231.4,11.4,2638,217.0,11.3,2452,25003,15952,46.3,678.0
Station_01,Inv_00,20170619,10:45:00,230.5,10.9,2512,217.0,10.9,2365,25003,15952,47.4,730.0
Station_01,Inv_00,20170619,10:46:00,228.0,10.6,2417,217.0,10.5,2279,25003,15952,48.9,680.0
Station_01,Inv_00,20170619,10:47:00,225.0,9.9,2228,217.0,9.8,2127,25003,15952,48.4,635.0
Station_01,Inv_00,20170619,10:48:00,231.4,8.8,2036,217.0,8.8,1910,25003,15952,48.0,570.0
Station_01,Inv_00,20170619,10:49:00,229.4,8.6,1973,217.0,8.7,1888,25003,15952,48.0,557.0
Station_01,Inv_00,20170619,10:50:00,228.4,8.7,1987,216.0,8.7,1879,25003,15952,46.8,556.0
Station_01,Inv_00,20170619,10:51:00,230.5,8.9,2052,217.0,9.0,1953,25003,15952,46.1,580.0
Station_01,Inv_00,20170619,10:52:00,226.0,8.9,2011,217.0,8.7,1888,25003,15952,46.4,567.0
Station_01,Inv_00,20170619,10:53:00,228.0,8.6,1961,217.0,8.6,1866,25003,15952,47.2,552.0
Station_01,Inv_00,20170619,10:54:00,231.9,8.3,1925,216.0,8.5,1836,25003,15952,47.0,542.0
Station_01,Inv_00,20170619,10:55:00,231.5,8.1,1875,216.0,8.2,1771,25003,15952,46.8,528.0
Station_01,Inv_00,20170619,10:56:00,228.0,8.5,1938,216.0,8.5,1836,25003,15952,47.2,533.0
Station_01,Inv_00,20170619,10:57:00,228.5,8.4,1919,216.0,8.3,1793,25003,15952,47.3,535.0
Station_01,Inv_00,20170619,10:58:00,231.4,8.1,1875,216.0,8.1,1750,25003,15952,46.2,516.0
Station_01,Inv_00,20170619,10:59:00,228.9,7.5,1717,216.0,7.6,1642,25003,15952,46.8,481.0
Station_01,Inv_00,20170619,11:00:00,230.5,7.2,1660,216.0,7.2,1555,25003,15952,46.7,459.0
Station_01,Inv_00,20170619,11:01:00,227.5,7.0,1593,216.0,7.0,1512,25003,15952,46.1,444.0
Station_01,Inv_00,20170619,11:02:00,230.0,6.8,1564,215.0,6.8,1462,25003,15952,45.7,442.0
Station_01,Inv_00,20170619,11:03:00,232.3,6.4,1487,215.0,6.4,1376,25003,15952,45.9,418.0
Station_01,Inv_00,20170619,11:04:00,235.5,6.5,1531,216.0,6.6,1426,25003,15952,45.9,407.0
Station_01,Inv_00,20170619,11:05:00,234.5,6.4,1501,216.0,6.4,1382,25003,15952,44.1,402.0
Station_01,Inv_00,20170619,11:06:00,238.5,6.1,1455,216.0,6.3,1361,25003,15952,44.1,389.0
Station_01,Inv_00,20170619,11:07:00,238.5,6.0,1431,216.0,6.2,1339,25003,15952,43.6,377.0
Station_01,Inv_00,20170619,11:08:00,236.5,5.9,1395,215.0,6.0,1290,25003,15952,42.9,370.0
Station_01,Inv_00,20170619,11:09:00,238.8,5.8,1385,215.0,5.9,1269,25003,15952,42.5,365.0
Station_01,Inv_00,20170619,11:10:00,237.5,5.6,1330,215.0,5.8,1247,25003,15952,42.3,359.0
Station_01,Inv_00,20170619,11:11:00,238.5,5.7,1359,215.0,5.8,1247,25003,15952,41.8,356.0
Station_01,Inv_00,20170619,11:12:00,237.0,5.7,1351,215.0,5.7,1226,25003,15952,41.6,352.0
Station_01,Inv_00,20170619,11:13:00,237.0,5.6,1327,215.0,5.7,1226,25003,15952,41.5,350.0
Station_01,Inv_00,20170619,11:14:00,238.5,5.6,1336,215.0,5.6,1204,25003,15952,41.5,347.0
Station_01,Inv_00,20170619,11:15:00,240.0,5.5,1320,216.0,5.6,1210,25003,15952,41.1,344.0
Station_01,Inv_00,20170619,11:16:00,236.9,5.6,1327,215.0,5.6,1204,25004,15953,40.9,344.0
Station_01,Inv_00,20170619,11:17:00,240.9,5.5,1325,216.0,5.6,1210,25004,15953,41.0,343.0
Station_01,Inv_00,20170619,11:18:00,239.4,5.5,1317,216.0,5.6,1210,25004,15953,40.8,343.0
Station_01,Inv_00,20170619,11:19:01,238.0,5.4,1285,216.0,5.6,1210,25004,15953,41.6,342.0
Station_01,Inv_00,20170619,11:20:00,231.9,5.6,1299,216.0,5.6,1210,25004,15953,41.3,341.0
Station_01,Inv_00,20170619,11:21:00,232.0,5.6,1299,216.0,5.6,1210,25004,15953,41.1,340.0
Station_01,Inv_00,20170619,11:22:00,232.0,5.4,1253,216.0,5.5,1188,25004,15953,41.4,338.0
Station_01,Inv_00,20170619,11:23:00,232.0,5.4,1253,216.0,5.5,1188,25004,15953,41.2,338.0
Station_01,Inv_00,20170619,11:24:00,232.9,5.4,1258,216.0,5.6,1210,25004,15953,41.6,337.0
Station_01,Inv_00,20170619,11:25:00,232.0,5.4,1253,216.0,5.5,1188,25004,15953,41.7,337.0
Station_01,Inv_00,20170619,11:26:00,232.0,5.6,1299,217.0,5.5,1194,25004,15953,41.6,349.0
Station_01,Inv_00,20170619,11:27:00,232.5,5.5,1279,216.0,5.6,1210,25004,15953,41.8,336.0
Station_01,Inv_00,20170619,11:28:00,232.5,5.5,1279,216.0,5.6,1210,25004,15953,42.0,338.0
Station_01,Inv_00,20170619,11:29:00,232.5,5.5,1279,216.0,5.6,1210,25004,15953,42.5,339.0
Station_01,Inv_00,20170619,11:30:00,232.5,5.7,1325,216.0,5.6,1210,25004,15953,42.7,342.0
Station_01,Inv_00,20170619,11:31:00,234.0,5.6,1310,216.0,5.8,1253,25004,15953,42.6,346.0
Station_01,Inv_00,20170619,11:32:00,241.0,5.7,1374,216.0,5.9,1274,25004,15953,42.7,358.0
Station_01,Inv_00,20170619,11:33:00,234.9,5.8,1362,216.0,6.0,1296,25004,15953,41.6,359.0
Station_01,Inv_00,20170619,11:34:00,236.0,6.0,1416,216.0,6.1,1318,25004,15953,42.1,365.0
Station_01,Inv_00,20170619,11:35:00,238.5,6.0,1431,216.0,6.2,1339,25004,15953,42.3,375.0
Station_01,Inv_00,20170619,11:36:00,236.5,6.1,1443,216.0,6.2,1339,25004,15953,42.3,369.0
Station_01,Inv_00,20170619,11:37:00,238.0,6.0,1428,216.0,6.2,1339,25004,15953,42.6,373.0
Station_01,Inv_00,20170619,11:38:00,237.9,6.2,1475,216.0,6.5,1404,25004,15953,42.9,383.0
Station_01,Inv_00,20170619,11:39:00,235.5,6.5,1531,216.0,6.6,1426,25004,15953,43.0,393.0
Station_01,Inv_00,20170619,11:40:00,238.0,6.5,1547,216.0,6.7,1447,25004,15953,43.6,396.0
Station_01,Inv_00,20170619,11:41:00,241.5,6.5,1570,216.0,6.7,1447,25004,15953,43.4,402.0
Station_01,Inv_00,20170619,11:42:00,237.8,6.5,1546,216.0,6.8,1469,25004,15953,43.6,407.0
Station_01,Inv_00,20170619,11:43:00,235.5,6.7,1578,216.0,6.9,1490,25004,15953,43.9,415.0
Station_01,Inv_00,20170619,11:44:00,233.5,6.9,1611,216.0,6.9,1490,25004,15953,43.2,416.0
Station_01,Inv_00,20170619,11:45:00,238.5,6.7,1598,217.0,7.0,1519,25004,15953,44.0,422.0
Station_01,Inv_00,20170619,11:46:00,238.9,6.8,1625,217.0,7.1,1541,25004,15953,44.3,429.0
Station_01,Inv_00,20170619,11:47:00,236.0,7.1,1676,217.0,7.2,1562,25004,15953,44.2,436.0
Station_01,Inv_00,20170619,11:48:00,238.0,6.9,1642,217.0,7.2,1562,25004,15953,44.8,431.0
Station_01,Inv_00,20170619,11:49:00,232.4,7.0,1627,217.0,7.1,1541,25004,15953,44.8,426.0
Station_01,Inv_00,20170619,11:50:00,238.0,6.7,1595,216.0,7.0,1512,25004,15953,45.0,422.0
Station_01,Inv_00,20170619,11:51:00,227.0,7.0,1589,216.0,6.8,1469,25004,15953,44.1,418.0
Station_01,Inv_00,20170619,11:52:00,229.0,6.9,1580,217.0,6.7,1454,25004,15953,44.6,424.0
Station_01,Inv_00,20170619,11:53:00,236.5,6.7,1585,217.0,6.8,1476,25004,15953,43.7,410.0
Station_01,Inv_00,20170619,11:54:00,231.9,6.8,1577,217.0,6.7,1454,25004,15953,44.2,408.0
Station_01,Inv_00,20170619,11:55:00,236.0,6.8,1605,217.0,6.8,1476,25004,15953,44.3,412.0
Station_01,Inv_00,20170619,11:56:00,237.5,6.7,1591,217.0,6.9,1497,25004,15953,44.2,419.0
Station_01,Inv_00,20170619,11:57:00,235.4,6.8,1601,217.0,7.0,1519,25005,15953,44.4,420.0
Station_01,Inv_00,20170619,11:58:00,237.5,7.0,1662,217.0,7.1,1541,25005,15953,44.1,426.0
Station_01,Inv_00,20170619,11:59:00,232.0,7.1,1647,217.0,7.2,1562,25005,15953,44.2,435.0
Station_01,Inv_00,20170619,12:00:00,230.5,7.3,1683,218.0,7.3,1591,25005,15953,44.5,445.0
Station_01,Inv_00,20170619,12:01:00,236.0,7.3,1723,218.0,7.6,1657,25005,15953,45.1,455.0
Station_01,Inv_00,20170619,12:02:00,237.0,7.5,1778,218.0,7.7,1679,25005,15953,45.1,461.0
Station_01,Inv_00,20170619,12:03:00,229.5,7.7,1767,218.0,7.7,1679,25005,15953,45.9,468.0
Station_01,Inv_00,20170619,12:04:00,230.0,7.9,1817,218.0,7.9,1722,25005,15953,46.1,482.0
Station_01,Inv_00,20170619,12:05:00,235.0,7.9,1857,218.0,8.1,1766,25005,15953,46.8,489.0
Station_01,Inv_00,20170619,12:06:00,234.5,7.9,1852,218.0,8.1,1766,25005,15953,46.9,491.0
Station_01,Inv_00,20170619,12:07:00,232.5,8.1,1883,218.0,8.1,1766,25005,15953,47.4,493.0
Station_01,Inv_00,20170619,12:08:00,235.9,8.0,1888,218.0,8.2,1788,25005,15953,46.7,501.0
Station_01,Inv_00,20170619,12:09:00,232.5,8.1,1883,219.0,8.2,1796,25005,15953,46.9,505.0
Station_01,Inv_00,20170619,12:10:00,233.9,8.2,1918,219.0,8.2,1796,25005,15953,46.3,505.0
Station_01,Inv_00,20170619,12:11:00,232.5,8.1,1883,218.0,8.2,1788,25005,15953,46.9,502.0
Station_01,Inv_00,20170619,12:12:00,230.0,8.1,1863,218.0,8.1,1766,25005,15953,47.0,496.0
Station_01,Inv_00,20170619,12:13:00,231.5,8.0,1852,218.0,8.1,1766,25005,15953,47.4,493.0
Station_01,Inv_00,20170619,12:14:00,233.0,7.9,1841,218.0,8.0,1744,25005,15953,47.7,491.0
Station_01,Inv_00,20170619,12:15:00,235.0,7.8,1833,218.0,8.0,1744,25005,15953,47.1,491.0
Station_01,Inv_00,20170619,12:16:00,232.0,7.9,1833,218.0,7.9,1722,25005,15953,47.2,487.0
Station_01,Inv_00,20170619,12:17:00,230.0,8.1,1863,218.0,8.0,1744,25005,15953,46.9,492.0
Station_01,Inv_00,20170619,12:18:00,232.9,8.0,1864,218.0,8.0,1744,25005,15953,47.6,490.0
Station_01,Inv_00,20170619,12:19:00,233.0,7.9,1841,218.0,8.0,1744,25005,15953,47.6,493.0
Station_01,Inv_00,20170619,12:20:00,235.5,7.9,1860,218.0,8.0,1744,25005,15953,47.6,493.0
Station_01,Inv_00,20170619,12:21:00,232.5,8.1,1883,218.0,8.1,1766,25005,15953,47.7,495.0
Station_01,Inv_00,20170619,12:22:00,229.5,8.2,1882,218.0,8.2,1788,25005,15953,48.1,500.0
Station_01,Inv_00,20170619,12:23:00,229.0,8.3,1901,219.0,8.2,1796,25005,15953,48.6,509.0
Station_01,Inv_00,20170619,12:24:00,232.5,8.3,1930,218.0,8.3,1809,25005,15953,47.6,516.0
Station_01,Inv_00,20170619,12:25:00,233.0,8.3,1934,218.0,8.4,1831,25005,15953,47.8,521.0
Station_01,Inv_00,20170619,12:26:00,233.5,8.5,1985,219.0,8.6,1883,25005,15953,48.2,530.0
Station_01,Inv_00,20170619,12:27:00,231.0,8.9,2056,219.0,8.7,1905,25005,15953,47.0,544.0
Station_01,Inv_00,20170619,12:28:00,231.0,8.9,2056,219.0,9.0,1971,25005,15953,46.6,557.0
Station_01,Inv_00,20170619,12:29:00,234.0,8.9,2083,219.0,8.9,1949,25005,15953,47.1,559.0
Station_01,Inv_00,20170619,12:30:00,230.5,9.1,2098,218.0,9.1,1984,25006,15954,47.8,564.0
Station_01,Inv_00,20170619,12:31:00,232.0,9.4,2181,218.0,9.5,2071,25006,15954,47.0,588.0
Station_01,Inv_00,20170619,12:32:00,231.0,10.1,2333,219.0,10.2,2234,25006,15954,48.1,624.0
Station_01,Inv_00,20170619,12:33:00,229.5,10.7,2456,219.0,10.5,2300,25006,15954,48.5,653.0
Station_01,Inv_00,20170619,12:34:00,230.5,10.7,2466,219.0,10.6,2321,25006,15954,49.7,675.0
Station_01,Inv_00,20170619,12:35:00,225.5,11.1,2503,219.0,10.8,2365,25006,15954,50.5,674.0
Station_01,Inv_00,20170619,12:36:00,222.0,11.3,2509,219.0,10.8,2365,25006,15954,51.4,683.0
Station_01,Inv_00,20170619,12:37:00,219.5,11.9,2612,218.0,11.3,2463,25006,15954,51.4,727.0
Station_01,Inv_00,20170619,12:38:00,228.0,11.7,2668,219.0,11.4,2497,25006,15954,51.8,733.0
Station_01,Inv_00,20170619,12:39:00,227.5,11.0,2502,219.0,10.8,2365,25006,15954,51.7,715.0
Station_01,Inv_00,20170619,12:40:00,225.5,9.7,2187,218.0,9.5,2071,25006,15954,52.0,616.0
Station_01,Inv_00,20170619,12:41:00,227.0,9.2,2088,219.0,9.1,1993,25006,15954,51.9,581.0
Station_01,Inv_00,20170619,12:42:00,225.9,10.6,2395,219.0,10.4,2278,25006,15954,51.9,646.0
Station_01,Inv_00,20170619,12:43:00,224.0,9.7,2173,218.0,9.3,2027,25006,15954,51.7,602.0
Station_01,Inv_00,20170619,12:44:00,223.0,8.6,1918,219.0,8.3,1818,25006,15954,52.3,542.0
Station_01,Inv_00,20170619,12:45:00,225.0,7.9,1777,218.0,7.8,1700,25006,15954,51.2,506.0
Station_01,Inv_00,20170619,12:46:00,231.0,7.6,1755,218.0,7.7,1679,25006,15954,50.1,486.0
Station_01,Inv_00,20170619,12:47:00,229.5,7.7,1767,218.0,7.6,1657,25006,15954,49.8,476.0
Station_01,Inv_00,20170619,12:48:00,223.5,7.5,1676,218.0,7.3,1591,25006,15954,49.7,464.0
Station_01,Inv_00,20170619,12:49:00,230.5,7.4,1706,218.0,7.4,1613,25006,15954,49.9,467.0
Station_01,Inv_00,20170619,12:50:00,233.0,7.6,1771,218.0,7.6,1657,25006,15954,49.2,473.0
Station_01,Inv_00,20170619,12:51:00,224.5,7.8,1751,218.0,7.7,1679,25006,15954,48.6,479.0
Station_01,Inv_00,20170619,12:52:00,233.9,8.0,1871,218.0,8.0,1744,25006,15954,48.8,498.0
Station_01,Inv_00,20170619,12:53:00,230.0,8.1,1863,218.0,8.1,1766,25006,15954,49.4,505.0
Station_01,Inv_00,20170619,12:54:00,231.5,7.7,1783,218.0,7.8,1700,25006,15954,48.8,489.0
Station_01,Inv_00,20170619,12:55:00,232.5,7.7,1790,218.0,7.8,1700,25006,15954,49.0,486.0
Station_01,Inv_00,20170619,12:56:00,232.5,7.7,1790,218.0,7.8,1700,25006,15954,49.5,492.0
Station_01,Inv_00,20170619,12:57:00,231.0,7.3,1686,218.0,7.3,1591,25006,15954,48.7,458.0
Station_01,Inv_00,20170619,12:58:00,230.0,7.5,1725,217.0,7.3,1584,25006,15954,48.6,458.0
Station_01,Inv_00,20170619,12:59:00,232.5,7.3,1697,217.0,7.3,1584,25007,15954,49.0,452.0
Station_01,Inv_00,20170619,13:00:00,224.0,7.1,1590,217.0,7.0,1519,25007,15954,48.3,438.0
Station_01,Inv_00,20170619,13:01:00,225.0,6.8,1530,216.0,6.7,1447,25007,15954,48.3,422.0
Station_01,Inv_00,20170619,13:02:00,232.5,6.6,1534,216.0,6.7,1447,25007,15954,47.3,418.0
Station_01,Inv_00,20170619,13:03:00,231.5,6.7,1551,217.0,6.7,1454,25007,15954,47.2,415.0
Station_01,Inv_00,20170619,13:04:00,233.0,6.7,1561,217.0,6.7,1454,25007,15954,47.4,413.0
Station_01,Inv_00,20170619,13:05:00,233.5,6.6,1541,217.0,6.7,1454,25007,15954,47.6,414.0
Station_01,Inv_00,20170619,13:06:00,232.0,6.7,1554,216.0,6.7,1447,25007,15954,46.8,410.0
Station_01,Inv_00,20170619,13:07:00,233.9,6.6,1544,216.0,6.7,1447,25007,15954,45.8,419.0
Station_01,Inv_00,20170619,13:08:00,226.9,6.6,1498,216.0,6.4,1382,25007,15954,45.0,405.0
Station_01,Inv_00,20170619,13:09:00,240.0,6.3,1512,216.0,6.5,1404,25007,15954,43.9,400.0
Station_01,Inv_00,20170619,13:10:00,237.0,6.2,1469,216.0,6.3,1361,25007,15954,44.4,388.0
Station_01,Inv_00,20170619,13:11:00,235.5,6.1,1437,216.0,6.3,1361,25007,15954,44.1,386.0
Station_01,Inv_00,20170619,13:12:00,238.5,6.0,1431,216.0,6.2,1339,25007,15954,44.4,389.0
Station_01,Inv_00,20170619,13:13:00,234.5,6.2,1454,216.0,6.2,1339,25007,15954,45.1,381.0
Station_01,Inv_00,20170619,13:14:00,208.5,6.4,1334,215.0,5.7,1226,25007,15954,45.2,396.0
Station_01,Inv_00,20170619,13:15:00,227.4,6.3,1433,215.0,6.2,1333,25007,15954,44.8,384.0
Station_01,Inv_00,20170619,13:16:00,235.0,6.2,1457,215.0,6.3,1355,25007,15954,44.6,383.0
Station_01,Inv_00,20170619,13:17:00,233.0,6.2,1445,216.0,6.2,1339,25007,15954,43.4,391.0
Station_01,Inv_00,20170619,13:18:00,241.3,6.0,1448,216.0,6.2,1339,25007,15954,43.2,380.0
Station_01,Inv_00,20170619,13:19:00,237.4,6.0,1425,215.0,6.3,1355,25007,15954,43.2,381.0
Station_01,Inv_00,20170619,13:20:00,236.5,6.2,1466,215.0,6.3,1355,25007,15954,43.5,381.0
Station_01,Inv_00,20170619,13:21:00,230.0,6.3,1449,216.0,6.2,1339,25007,15954,43.0,387.0
Station_01,Inv_00,20170619,13:22:00,236.5,6.2,1466,216.0,6.3,1361,25007,15954,43.5,385.0
Station_01,Inv_00,20170619,13:23:00,229.5,6.4,1469,216.0,6.3,1361,25007,15954,43.2,386.0
Station_01,Inv_00,20170619,13:24:00,233.5,6.3,1471,216.0,6.5,1404,25007,15954,43.6,391.0
Station_01,Inv_00,20170619,13:25:00,234.0,6.5,1521,216.0,6.5,1404,25007,15954,43.0,397.0
Station_01,Inv_00,20170619,13:26:00,235.5,6.5,1531,216.0,6.6,1426,25007,15954,43.6,397.0
Station_01,Inv_00,20170619,13:27:00,226.5,6.6,1495,216.0,6.6,1426,25007,15954,42.4,408.0
Station_01,Inv_00,20170619,13:28:00,227.0,6.9,1566,216.0,6.7,1447,25007,15954,42.3,417.0
Station_01,Inv_00,20170619,13:29:00,236.0,6.8,1605,216.0,6.9,1490,25007,15954,42.1,417.0
Station_01,Inv_00,20170619,13:30:00,232.0,6.9,1601,216.0,6.9,1490,25007,15954,42.1,420.0
Station_01,Inv_00,20170619,13:31:00,237.5,6.6,1568,216.0,6.9,1490,25007,15954,42.0,421.0
Station_01,Inv_00,20170619,13:32:00,242.5,6.5,1576,216.0,6.8,1469,25007,15954,41.7,414.0
Station_01,Inv_00,20170619,13:33:00,236.0,6.6,1558,216.0,6.8,1469,25007,15954,42.2,415.0
Station_01,Inv_00,20170619,13:34:00,230.0,6.9,1587,215.0,6.9,1484,25007,15954,42.3,424.0
Station_01,Inv_00,20170619,13:35:00,235.4,7.0,1648,216.0,7.2,1555,25007,15954,42.4,436.0
Station_01,Inv_00,20170619,13:36:00,238.5,7.0,1669,215.0,7.2,1548,25007,15954,42.1,434.0
Station_01,Inv_00,20170619,13:37:00,236.5,7.3,1726,216.0,7.4,1598,25007,15954,42.4,453.0
Station_01,Inv_00,20170619,13:38:00,234.4,7.4,1735,216.0,7.7,1663,25008,15955,42.9,465.0
Station_01,Inv_00,20170619,13:39:00,235.4,7.4,1742,216.0,7.7,1663,25008,15955,42.4,471.0
Station_01,Inv_00,20170619,13:40:00,239.0,7.3,1745,215.0,7.7,1656,25008,15955,42.4,468.0
Station_01,Inv_00,20170619,13:41:00,237.4,7.4,1757,215.0,7.6,1634,25008,15955,43.4,462.0
Station_01,Inv_00,20170619,13:42:00,235.9,7.4,1746,216.0,7.6,1642,25008,15955,43.1,469.0
Station_01,Inv_00,20170619,13:43:00,238.0,7.2,1713,216.0,7.6,1642,25008,15955,42.5,460.0
Station_01,Inv_00,20170619,13:44:00,236.0,7.4,1746,216.0,7.6,1642,25008,15955,42.4,462.0
Station_01,Inv_00,20170619,13:45:00,236.0,7.1,1676,216.0,7.4,1598,25008,15955,42.7,455.0
Station_01,Inv_00,20170619,13:46:00,235.5,6.9,1625,216.0,7.1,1534,25008,15955,42.8,436.0
Station_01,Inv_00,20170619,13:47:00,234.5,6.6,1548,216.0,6.8,1469,25008,15955,43.0,418.0
Station_01,Inv_00,20170619,13:48:00,236.0,6.6,1558,216.0,6.7,1447,25008,15955,43.1,410.0
Station_01,Inv_00,20170619,13:49:00,233.0,6.4,1491,216.0,6.6,1426,25008,15955,42.2,407.0
Station_01,Inv_00,20170619,13:50:00,240.5,6.2,1491,216.0,6.4,1382,25008,15955,41.9,410.0
Station_01,Inv_00,20170619,13:51:00,235.5,6.3,1484,216.0,6.3,1361,25008,15955,41.4,393.0
Station_01,Inv_00,20170619,13:52:00,239.5,6.2,1485,216.0,6.3,1361,25008,15955,41.0,390.0
Station_01,Inv_00,20170619,13:53:00,235.4,6.2,1459,216.0,6.3,1361,25008,15955,41.4,386.0
Station_01,Inv_00,20170619,13:54:00,233.0,6.2,1445,216.0,6.2,1339,25008,15955,41.3,384.0
Station_01,Inv_00,20170619,13:55:00,239.4,5.8,1389,216.0,6.1,1318,25008,15955,41.6,374.0
Station_01,Inv_00,20170619,13:56:00,237.4,5.8,1377,217.0,5.9,1280,25008,15955,41.4,371.0
Station_01,Inv_00,20170619,13:57:00,240.0,5.6,1344,216.0,5.7,1231,25008,15955,41.5,357.0
Station_01,Inv_00,20170619,13:58:00,232.5,5.5,1279,216.0,5.5,1188,25008,15955,41.7,347.0
Station_01,Inv_00,20170619,13:59:00,239.5,5.3,1269,216.0,5.4,1166,25008,15955,41.9,337.0
Station_01,Inv_00,20170619,14:00:00,232.4,5.2,1209,216.0,5.3,1145,25008,15955,41.8,330.0
Station_01,Inv_00,20170619,14:01:00,240.5,5.1,1226,215.0,5.2,1118,25008,15955,41.8,322.0
Station_01,Inv_00,20170619,14:02:00,238.4,5.0,1192,216.0,5.1,1102,25008,15955,41.2,325.0
Station_01,Inv_00,20170619,14:03:00,237.9,4.9,1166,216.0,5.0,1080,25008,15955,41.3,312.0
Station_01,Inv_00,20170619,14:04:00,239.0,4.8,1147,216.0,5.0,1080,25008,15955,41.1,308.0
Station_01,Inv_00,20170619,14:05:00,239.5,4.8,1150,216.0,4.9,1058,25008,15955,40.2,304.0
Station_01,Inv_00,20170619,14:06:00,238.0,4.6,1095,216.0,4.8,1037,25008,15955,40.2,303.0
Station_01,Inv_00,20170619,14:07:00,238.5,4.6,1097,216.0,4.8,1037,25008,15955,39.5,309.0
Station_01,Inv_00,20170619,14:08:00,236.9,4.6,1090,216.0,4.7,1015,25008,15955,39.2,292.0
Station_01,Inv_00,20170619,14:09:00,235.0,4.6,1081,216.0,4.6,994,25008,15955,38.6,289.0
Station_01,Inv_00,20170619,14:10:00,238.5,4.4,1049,216.0,4.6,994,25008,15955,38.6,285.0
Station_01,Inv_00,20170619,14:11:00,239.4,4.3,1030,216.0,4.6,994,25008,15955,38.4,282.0
Station_01,Inv_00,20170619,14:12:00,239.5,4.3,1030,217.0,4.5,977,25008,15955,38.2,279.0
Station_01,Inv_00,20170619,14:13:00,241.4,4.4,1062,216.0,4.5,972,25008,15955,38.4,276.0
Station_01,Inv_00,20170619,14:14:00,245.3,4.2,1030,216.0,4.5,972,25008,15955,38.4,273.0
Station_01,Inv_00,20170619,14:15:00,241.5,4.2,1014,216.0,4.4,950,25008,15955,38.5,270.0
Station_01,Inv_00,20170619,14:16:00,240.0,4.3,1032,216.0,4.4,950,25008,15955,38.2,275.0
Station_01,Inv_00,20170619,14:17:00,241.0,4.2,1012,216.0,4.4,950,25008,15955,38.1,268.0
Station_01,Inv_00,20170619,14:18:00,242.5,4.2,1018,216.0,4.4,950,25008,15955,38.1,267.0
Station_01,Inv_00,20170619,14:19:00,235.4,4.2,989,216.0,4.3,929,25008,15955,38.3,266.0
Station_01,Inv_00,20170619,14:20:00,227.5,4.2,956,216.0,4.1,886,25008,15955,37.9,266.0
Station_01,Inv_00,20170619,14:21:00,230.5,4.2,968,216.0,4.1,886,25008,15955,37.4,264.0
Station_01,Inv_00,20170619,14:22:00,239.5,4.2,1006,216.0,4.3,929,25008,15955,37.5,262.0
Station_01,Inv_00,20170619,14:23:00,242.5,4.0,970,216.0,4.2,907,25008,15955,37.2,261.0
Station_01,Inv_00,20170619,14:24:00,245.0,4.1,1005,216.0,4.2,907,25009,15956,37.1,259.0
Station_01,Inv_00,20170619,14:25:00,243.0,4.1,996,216.0,4.1,886,25009,15956,36.8,265.0
Station_01,Inv_00,20170619,14:26:00,238.5,4.1,978,216.0,4.1,886,25009,15956,37.0,253.0
Station_01,Inv_00,20170619,14:27:00,240.5,4.0,962,216.0,4.1,886,25009,15956,37.0,251.0
Station_01,Inv_00,20170619,14:28:00,241.0,3.9,940,216.0,4.0,864,25009,15956,36.7,246.0
Station_01,Inv_00,20170619,14:29:00,239.0,3.9,932,216.0,3.9,842,25009,15956,36.8,248.0
Station_01,Inv_00,20170619,14:30:00,240.0,3.8,912,216.0,3.9,842,25009,15956,36.7,238.0
Station_01,Inv_00,20170619,14:31:00,236.5,3.7,875,216.0,3.9,842,25009,15956,36.6,235.0
Station_01,Inv_00,20170619,14:32:00,239.4,3.6,862,216.0,3.9,842,25009,15956,36.6,230.0
Station_01,Inv_00,20170619,14:33:00,236.5,3.6,851,216.0,3.7,799,25009,15956,36.3,226.0
Station_01,Inv_00,20170619,14:34:00,237.3,3.4,807,216.0,3.6,778,25009,15956,36.1,230.0
Station_01,Inv_00,20170619,14:35:00,238.0,3.4,809,216.0,3.6,778,25009,15956,36.1,216.0
Station_01,Inv_00,20170619,14:36:00,238.0,3.4,809,216.0,3.5,756,25009,15956,35.9,213.0
Station_01,Inv_00,20170619,14:37:00,243.9,3.2,780,216.0,3.5,756,25009,15956,36.0,212.0
Station_01,Inv_00,20170619,14:38:00,244.9,3.1,759,216.0,3.4,734,25009,15956,35.9,202.0
Station_01,Inv_00,20170619,14:39:00,240.0,3.1,744,216.0,3.3,713,25009,15956,35.7,199.0
Station_01,Inv_00,20170619,14:40:00,239.9,3.0,720,216.0,3.2,691,25009,15956,35.4,196.0
Station_01,Inv_00,20170619,14:41:00,239.5,3.0,719,215.0,3.1,667,25009,15956,35.5,193.0
Station_01,Inv_00,20170619,14:42:00,243.5,2.8,682,216.0,3.1,670,25009,15956,35.4,189.0
Station_01,Inv_00,20170619,14:43:00,242.0,2.9,702,216.0,3.1,670,25009,15956,35.1,188.0
Station_01,Inv_00,20170619,14:44:00,239.0,2.9,693,216.0,3.1,670,25009,15956,35.1,186.0
Station_01,Inv_00,20170619,14:45:00,240.5,2.9,697,216.0,3.1,670,25009,15956,34.9,186.0
Station_01,Inv_00,20170619,14:46:00,240.0,2.8,672,216.0,3.1,670,25009,15956,34.8,186.0
Station_01,Inv_00,20170619,14:47:00,241.5,2.9,700,216.0,3.1,670,25009,15956,35.0,185.0
Station_01,Inv_00,20170619,14:48:00,241.0,2.9,699,216.0,3.1,670,25009,15956,34.9,186.0
Station_01,Inv_00,20170619,14:49:00,230.0,3.0,690,216.0,3.1,670,25009,15956,34.5,189.0
Station_01,Inv_00,20170619,14:50:00,237.5,3.0,713,216.0,3.1,670,25009,15956,34.7,191.0
Station_01,Inv_00,20170619,14:51:00,246.0,3.0,738,216.0,3.2,691,25009,15956,34.7,195.0
Station_01,Inv_00,20170619,14:52:00,240.9,3.1,747,216.0,3.3,713,25009,15956,35.0,198.0
Station_01,Inv_00,20170619,14:53:00,234.5,3.2,750,216.0,3.4,734,25009,15956,35.2,203.0
Station_01,Inv_00,20170619,14:54:00,245.0,3.3,808,216.0,3.6,778,25009,15956,35.0,210.0
Station_01,Inv_00,20170619,14:55:00,243.5,3.4,828,216.0,3.6,778,25009,15956,35.3,215.0
Station_01,Inv_00,20170619,14:56:00,243.4,3.5,852,216.0,3.7,799,25009,15956,35.1,221.0
Station_01,Inv_00,20170619,14:57:00,241.0,3.5,844,216.0,3.8,821,25009,15956,35.5,234.0
Station_01,Inv_00,20170619,14:58:01,241.0,3.6,868,217.0,3.9,846,25009,15956,35.7,230.0
Station_01,Inv_00,20170619,14:59:01,243.5,3.8,925,216.0,3.9,842,25009,15956,35.9,235.0
Station_01,Inv_00,20170619,15:00:00,239.5,3.8,910,216.0,3.9,842,25009,15956,36.0,239.0
Station_01,Inv_00,20170619,15:01:00,245.0,3.7,907,216.0,4.0,864,25009,15956,36.1,241.0
Station_01,Inv_00,20170619,15:02:00,244.5,3.9,953,216.0,4.0,864,25009,15956,35.9,243.0
Station_01,Inv_00,20170619,15:03:00,243.5,3.9,950,216.0,4.0,864,25009,15956,36.2,244.0
Station_01,Inv_00,20170619,15:04:00,234.7,4.0,939,216.0,4.0,864,25009,15956,36.2,244.0
Station_01,Inv_00,20170619,15:05:00,239.0,3.8,908,217.0,4.0,868,25009,15956,36.0,243.0
Station_01,Inv_00,20170619,15:06:00,242.4,3.9,946,216.0,4.0,864,25009,15956,35.9,250.0
Station_01,Inv_00,20170619,15:07:00,241.4,3.8,917,215.0,4.0,860,25009,15956,36.1,246.0
Station_01,Inv_00,20170619,15:08:00,240.5,3.8,914,216.0,3.9,842,25009,15956,36.0,239.0
Station_01,Inv_00,20170619,15:09:00,245.4,3.7,908,216.0,3.9,842,25009,15956,36.0,238.0
Station_01,Inv_00,20170619,15:10:00,246.5,3.6,887,215.0,3.9,839,25009,15956,36.1,232.0
Station_01,Inv_00,20170619,15:11:00,236.5,3.7,875,216.0,3.9,842,25009,15956,36.1,229.0
Station_01,Inv_00,20170619,15:12:00,222.5,3.6,801,216.0,3.6,778,25009,15956,36.1,225.0
Station_01,Inv_00,20170619,15:13:00,245.0,3.4,833,215.0,3.7,796,25009,15956,36.4,222.0
Station_01,Inv_00,20170619,15:14:00,241.0,3.4,819,215.0,3.6,774,25009,15956,36.0,218.0
Station_01,Inv_00,20170619,15:15:00,240.3,3.4,817,215.0,3.6,774,25009,15956,36.1,213.0
Station_01,Inv_00,20170619,15:16:00,243.0,3.3,802,215.0,3.5,753,25009,15956,35.9,210.0
Station_01,Inv_00,20170619,15:17:00,235.5,3.2,754,215.0,3.3,710,25009,15956,35.9,205.0
Station_01,Inv_00,20170619,15:18:01,237.0,3.2,758,215.0,3.3,710,25009,15956,35.9,200.0
Station_01,Inv_00,20170619,15:19:00,241.0,3.0,723,215.0,3.2,688,25009,15956,35.9,195.0
Station_01,Inv_00,20170619,15:20:00,238.0,3.0,714,215.0,3.1,667,25009,15956,35.9,194.0
Station_01,Inv_00,20170619,15:21:00,241.5,2.8,676,215.0,3.1,667,25009,15956,35.9,190.0
Station_01,Inv_00,20170619,15:22:00,227.5,2.8,637,215.0,2.9,624,25009,15956,35.3,185.0
Station_01,Inv_00,20170619,15:23:00,235.5,2.9,683,215.0,2.9,624,25009,15956,35.1,183.0
Station_01,Inv_00,20170619,15:24:00,239.5,2.8,671,215.0,3.0,645,25009,15956,35.0,180.0
Station_01,Inv_00,20170619,15:25:00,240.0,2.8,672,215.0,2.9,624,25009,15956,35.0,181.0
Station_01,Inv_00,20170619,15:26:00,239.5,2.8,671,215.0,2.9,624,25009,15956,34.8,179.0
Station_01,Inv_00,20170619,15:27:00,240.5,2.7,649,216.0,2.9,626,25009,15956,35.0,180.0
Station_01,Inv_00,20170619,15:28:00,242.5,2.7,655,216.0,2.9,626,25009,15956,34.8,180.0
Station_01,Inv_00,20170619,15:29:00,241.5,2.8,676,215.0,2.9,624,25009,15956,34.8,180.0
Station_01,Inv_00,20170619,15:30:00,238.0,2.8,666,216.0,2.9,626,25009,15956,34.7,179.0
Station_01,Inv_00,20170619,15:31:00,242.5,2.8,679,216.0,3.0,648,25009,15956,34.7,185.0
Station_01,Inv_00,20170619,15:32:00,241.5,2.8,676,215.0,3.0,645,25009,15956,34.6,182.0
Station_01,Inv_00,20170619,15:33:00,240.9,2.8,674,216.0,3.0,648,25009,15956,34.5,184.0
Station_01,Inv_00,20170619,15:34:00,231.9,2.9,672,215.0,3.0,645,25009,15956,34.7,184.0
Station_01,Inv_00,20170619,15:35:00,240.9,2.8,674,215.0,3.0,645,25009,15956,34.7,183.0
Station_01,Inv_00,20170619,15:36:00,227.0,2.9,658,216.0,3.0,648,25009,15956,34.6,184.0
Station_01,Inv_00,20170619,15:37:00,236.0,2.8,661,217.0,3.0,651,25009,15956,34.4,188.0
Station_01,Inv_00,20170619,15:38:00,238.5,2.8,668,216.0,3.0,648,25009,15956,34.4,184.0
Station_01,Inv_00,20170619,15:39:00,243.9,2.8,683,216.0,3.0,648,25009,15956,34.5,187.0
Station_01,Inv_00,20170619,15:40:00,228.5,2.9,663,216.0,3.0,648,25009,15956,34.4,184.0
Station_01,Inv_00,20170619,15:41:00,231.0,2.9,670,216.0,3.0,648,25010,15956,34.4,183.0
Station_01,Inv_00,20170619,15:42:00,225.5,2.9,654,216.0,2.9,626,25010,15956,34.5,184.0
Station_01,Inv_00,20170619,15:43:00,241.3,2.8,676,216.0,3.0,648,25010,15956,34.3,185.0
Station_01,Inv_00,20170619,15:44:00,243.9,2.8,683,216.0,3.0,648,25010,15956,34.6,182.0
Station_01,Inv_00,20170619,15:45:00,237.0,2.7,640,216.0,3.0,648,25010,15956,34.3,182.0
Station_01,Inv_00,20170619,15:46:00,243.5,2.8,682,216.0,3.0,648,25010,15956,34.4,182.0
Station_01,Inv_00,20170619,15:47:00,233.0,2.9,676,217.0,2.9,629,25010,15956,34.2,182.0
Station_01,Inv_00,20170619,15:48:00,239.0,2.8,669,216.0,2.9,626,25010,15956,34.2,182.0
Station_01,Inv_00,20170619,15:49:00,245.0,2.7,662,216.0,3.0,648,25010,15956,34.2,183.0
Station_01,Inv_00,20170619,15:50:00,245.0,2.6,637,216.0,3.0,648,25010,15956,34.2,182.0
Station_01,Inv_00,20170619,15:51:00,245.4,2.7,663,216.0,2.9,626,25010,15956,33.9,182.0
Station_01,Inv_00,20170619,15:52:01,242.5,2.8,679,216.0,2.9,626,25010,15956,33.9,185.0
Station_01,Inv_00,20170619,15:53:00,243.9,2.7,659,216.0,2.9,626,25010,15956,34.1,182.0
Station_01,Inv_00,20170619,15:54:00,237.0,2.8,664,216.0,2.9,626,25010,15956,33.9,180.0
Station_01,Inv_00,20170619,15:55:00,236.3,2.8,662,216.0,2.8,605,25010,15956,34.0,178.0
Station_01,Inv_00,20170619,15:56:00,240.4,2.7,649,216.0,2.9,626,25010,15956,34.1,177.0
Station_01,Inv_00,20170619,15:57:00,242.0,2.7,653,216.0,2.8,605,25010,15956,33.9,176.0
Station_01,Inv_00,20170619,15:58:00,240.5,2.7,649,216.0,2.8,605,25010,15956,33.8,183.0
Station_01,Inv_00,20170619,15:59:00,243.5,2.6,633,216.0,2.7,583,25010,15956,33.8,174.0
Station_01,Inv_00,20170619,16:00:00,240.5,2.6,625,216.0,2.7,583,25010,15956,33.8,171.0
Station_01,Inv_00,20170619,16:01:00,238.0,2.6,619,215.0,2.7,581,25010,15956,33.8,172.0
Station_01,Inv_00,20170619,16:02:00,243.5,2.6,633,216.0,2.6,562,25010,15956,33.9,168.0
Station_01,Inv_00,20170619,16:03:00,219.5,2.6,571,216.0,2.5,540,25010,15956,33.7,167.0
Station_01,Inv_00,20170619,16:04:00,242.0,2.5,605,216.0,2.7,583,25010,15956,33.6,170.0
Station_01,Inv_00,20170619,16:05:00,237.0,2.5,592,216.0,2.5,540,25010,15956,33.7,170.0
Station_01,Inv_00,20170619,16:06:00,241.5,2.4,580,215.0,2.5,538,25010,15956,33.7,165.0
Station_01,Inv_00,20170619,16:07:00,239.0,2.4,574,216.0,2.5,540,25010,15956,33.5,164.0
Station_01,Inv_00,20170619,16:08:00,243.0,2.4,583,216.0,2.5,540,25010,15956,33.7,163.0
Station_01,Inv_00,20170619,16:09:00,243.0,2.4,583,216.0,2.5,540,25010,15956,33.6,164.0
Station_01,Inv_00,20170619,16:10:00,239.0,2.4,574,216.0,2.5,540,25010,15956,33.9,161.0
Station_01,Inv_00,20170619,16:11:00,234.0,2.4,562,216.0,2.5,540,25010,15956,33.6,160.0
Station_01,Inv_00,20170619,16:12:00,234.5,2.4,563,216.0,2.5,540,25010,15956,33.6,160.0
Station_01,Inv_00,20170619,16:13:00,243.8,2.4,585,216.0,2.5,540,25010,15956,33.5,158.0
Station_01,Inv_00,20170619,16:14:00,235.5,2.4,565,216.0,2.4,518,25010,15956,33.4,157.0
Station_01,Inv_00,20170619,16:15:00,237.6,2.3,547,216.0,2.4,518,25010,15956,33.4,156.0
Station_01,Inv_00,20170619,16:16:00,239.5,2.2,527,215.0,2.4,516,25010,15956,33.6,157.0
Station_01,Inv_00,20170619,16:17:00,241.5,2.2,531,216.0,2.3,497,25010,15956,33.4,153.0
Station_01,Inv_00,20170619,16:18:00,235.5,2.2,518,216.0,2.3,497,25010,15956,33.1,151.0
Station_01,Inv_00,20170619,16:19:00,236.0,2.2,519,216.0,2.3,497,25010,15956,33.2,150.0
Station_01,Inv_00,20170619,16:20:00,230.0,2.2,506,216.0,2.3,497,25010,15956,33.4,149.0
Station_01,Inv_00,20170619,16:21:00,237.5,2.2,523,216.0,2.2,475,25010,15956,33.3,147.0
Station_01,Inv_00,20170619,16:22:00,226.0,2.2,497,216.0,2.1,454,25010,15956,33.3,154.0
Station_01,Inv_00,20170619,16:23:00,233.5,2.2,514,216.0,2.2,475,25010,15956,33.2,154.0
Station_01,Inv_00,20170619,16:24:00,237.7,2.1,499,216.0,2.1,454,25010,15956,33.4,147.0
Station_01,Inv_00,20170619,16:25:00,236.5,2.1,497,216.0,2.1,454,25010,15956,33.3,144.0
Station_01,Inv_00,20170619,16:26:00,235.7,2.1,495,216.0,2.1,454,25010,15956,33.1,140.0
Station_01,Inv_00,20170619,16:27:00,237.0,2.0,474,216.0,2.1,454,25010,15956,32.9,141.0
Station_01,Inv_00,20170619,16:28:00,239.0,2.0,478,216.0,2.1,454,25010,15956,32.8,139.0
Station_01,Inv_00,20170619,16:29:00,233.0,2.0,466,216.0,2.1,454,25010,15956,32.7,142.0
Station_01,Inv_00,20170619,16:30:00,237.0,2.0,474,216.0,2.0,432,25010,15956,32.8,137.0
Station_01,Inv_00,20170619,16:31:00,232.5,2.0,465,215.0,2.0,430,25010,15956,32.8,136.0
Station_01,Inv_00,20170619,16:32:00,231.5,2.0,463,215.0,2.0,430,25010,15956,32.7,136.0
Station_01,Inv_00,20170619,16:33:00,235.5,2.0,471,215.0,2.0,430,25010,15956,32.6,135.0
Station_01,Inv_00,20170619,16:34:00,236.0,2.0,472,215.0,2.0,430,25010,15956,32.6,134.0
Station_01,Inv_00,20170619,16:35:00,235.0,2.0,470,216.0,2.0,432,25010,15956,32.5,134.0
Station_01,Inv_00,20170619,16:36:00,235.0,2.0,470,216.0,2.0,432,25010,15956,32.6,135.0
Station_01,Inv_00,20170619,16:37:00,232.0,2.0,464,216.0,2.0,432,25010,15956,32.5,135.0
Station_01,Inv_00,20170619,16:38:00,236.5,2.0,473,216.0,2.0,432,25010,15956,32.4,134.0
Station_01,Inv_00,20170619,16:39:00,237.5,2.0,475,216.0,2.0,432,25010,15956,32.4,134.0
Station_01,Inv_00,20170619,16:40:00,235.5,2.0,471,216.0,2.0,432,25010,15956,32.5,134.0
Station_01,Inv_00,20170619,16:41:00,235.5,2.0,471,216.0,2.0,432,25010,15956,32.5,134.0
Station_01,Inv_00,20170619,16:42:00,236.5,2.0,473,216.0,2.0,432,25010,15956,32.5,138.0
Station_01,Inv_00,20170619,16:43:00,235.5,2.0,471,216.0,2.0,432,25010,15956,32.5,136.0
Station_01,Inv_00,20170619,16:44:00,237.3,1.9,451,216.0,2.0,432,25010,15956,32.6,135.0
Station_01,Inv_00,20170619,16:45:00,236.5,2.0,473,217.0,2.0,434,25010,15956,32.5,139.0
Station_01,Inv_00,20170619,16:46:00,235.5,2.0,471,217.0,2.0,434,25010,15956,32.5,138.0
Station_01,Inv_00,20170619,16:47:00,240.5,2.0,481,217.0,2.1,456,25010,15956,32.6,138.0
Station_01,Inv_00,20170619,16:48:00,216.8,2.1,455,216.0,2.0,432,25010,15956,32.5,139.0
Station_01,Inv_00,20170619,16:49:00,220.5,2.1,463,217.0,2.0,434,25010,15956,32.4,138.0
Station_01,Inv_00,20170619,16:50:00,203.9,2.1,428,217.0,1.9,412,25010,15956,32.3,141.0
Station_01,Inv_00,20170619,16:51:00,230.6,2.1,484,217.0,2.1,456,25010,15956,32.4,139.0
Station_01,Inv_00,20170619,16:52:00,234.0,2.0,468,217.0,2.1,456,25010,15956,32.3,139.0
Station_01,Inv_00,20170619,16:53:00,237.5,2.0,475,219.0,2.1,460,25010,15956,32.5,140.0
Station_01,Inv_00,20170619,16:54:00,233.5,2.1,490,218.0,2.1,458,25010,15956,32.4,139.0
Station_01,Inv_00,20170619,16:55:00,236.0,2.0,472,217.0,2.1,456,25010,15956,32.4,141.0
Station_01,Inv_00,20170619,16:56:00,236.5,2.0,473,218.0,2.1,458,25010,15956,32.5,139.0
Station_01,Inv_00,20170619,16:57:00,237.5,2.0,475,218.0,2.1,458,25010,15956,32.5,139.0
Station_01,Inv_00,20170619,16:58:00,219.5,2.0,439,218.0,2.0,436,25010,15956,32.6,138.0
Station_01,Inv_00,20170619,16:59:00,234.5,2.0,469,217.0,2.1,456,25010,15956,32.4,139.0
Station_01,Inv_00,20170619,17:00:00,234.5,2.0,469,217.0,2.1,456,25010,15956,32.5,137.0
Station_01,Inv_00,20170619,17:01:00,237.0,2.0,474,217.0,2.0,434,25010,15956,32.8,139.0
Station_01,Inv_00,20170619,17:02:00,238.0,2.0,476,217.0,2.0,434,25010,15956,32.5,136.0
Station_01,Inv_00,20170619,17:03:00,239.5,2.0,479,217.0,2.0,434,25010,15956,32.6,134.0
Station_01,Inv_00,20170619,17:04:00,239.5,2.0,479,218.0,2.0,436,25010,15956,32.6,135.0
Station_01,Inv_00,20170619,17:05:00,238.5,1.8,429,217.0,2.0,434,25010,15956,32.7,133.0
Station_01,Inv_00,20170619,17:06:00,235.7,1.9,448,217.0,2.0,434,25010,15956,32.6,129.0
Station_01,Inv_00,20170619,17:07:00,222.2,1.9,422,217.0,1.9,412,25010,15956,32.6,127.0
Station_01,Inv_00,20170619,17:08:00,236.2,1.8,425,218.0,1.8,392,25010,15956,32.5,128.0
Station_01,Inv_00,20170619,17:09:00,232.0,1.8,418,218.0,1.8,392,25010,15956,32.5,125.0
Station_01,Inv_00,20170619,17:10:00,230.3,1.6,369,218.0,1.8,392,25010,15956,32.6,121.0
Station_01,Inv_00,20170619,17:11:00,236.0,1.6,378,217.0,1.7,369,25010,15956,32.4,118.0
Station_01,Inv_00,20170619,17:12:00,232.4,1.6,372,217.0,1.7,369,25010,15956,32.3,124.0
Station_01,Inv_00,20170619,17:13:00,238.5,1.4,334,217.0,1.6,347,25010,15956,32.2,110.0
Station_01,Inv_00,20170619,17:14:00,229.3,1.5,344,218.0,1.5,327,25010,15956,32.2,114.0
Station_01,Inv_00,20170619,17:15:00,229.5,1.4,321,218.0,1.5,327,25010,15956,32.2,104.0
Station_01,Inv_00,20170619,17:16:00,232.5,1.4,326,217.0,1.5,326,25010,15956,32.3,101.0
Station_01,Inv_00,20170619,17:17:00,228.7,1.3,297,216.0,1.4,302,25010,15956,32.1,98.0
Station_01,Inv_00,20170619,17:18:00,211.0,1.3,274,216.0,1.3,281,25010,15956,32.0,94.0
Station_01,Inv_00,20170619,17:19:00,223.0,1.2,268,217.0,1.3,282,25010,15956,32.0,93.0
Station_01,Inv_00,20170619,17:20:00,220.5,1.1,243,217.0,1.2,260,25010,15956,32.0,97.0
Station_01,Inv_00,20170619,17:21:00,223.0,1.1,245,217.0,1.2,260,25010,15956,31.8,87.0
Station_01,Inv_00,20170619,17:22:00,219.0,1.2,263,217.0,1.2,260,25010,15956,31.7,86.0
Station_01,Inv_00,20170619,17:23:00,215.5,1.1,237,217.0,1.2,260,25010,15956,31.5,82.0
Station_01,Inv_00,20170619,17:24:00,227.6,1.0,228,217.0,1.1,239,25010,15956,31.4,80.0
Station_01,Inv_00,20170619,17:25:00,224.0,1.0,224,218.0,1.1,240,25010,15956,31.3,78.0
Station_01,Inv_00,20170619,17:26:00,222.0,1.0,222,217.0,1.1,239,25010,15956,31.1,78.0
Station_01,Inv_00,20170619,17:27:00,227.0,0.9,204,218.0,1.1,240,25010,15956,31.0,77.0
Station_01,Inv_00,20170619,17:28:00,227.0,0.9,204,218.0,1.0,218,25010,15956,31.0,75.0
Station_01,Inv_00,20170619,17:29:00,229.2,0.9,206,218.0,1.0,218,25010,15956,30.9,74.0
Station_01,Inv_00,20170619,17:30:00,222.0,0.9,200,217.0,1.0,217,25010,15956,30.9,74.0
Station_01,Inv_00,20170619,17:31:00,223.7,0.9,201,217.0,1.0,217,25010,15956,30.9,72.0
Station_01,Inv_00,20170619,17:32:00,232.0,0.8,186,217.0,1.0,217,25010,15956,30.8,71.0
Station_01,Inv_00,20170619,17:33:00,220.0,0.8,176,216.0,1.0,216,25010,15956,30.7,71.0
Station_01,Inv_00,20170619,17:34:00,221.4,0.9,199,216.0,1.0,216,25010,15956,30.7,70.0
Station_01,Inv_00,20170619,17:35:00,218.5,0.8,175,215.0,1.0,215,25010,15956,30.6,69.0
Station_01,Inv_00,20170619,17:36:00,216.0,0.9,194,216.0,1.0,216,25010,15956,30.6,69.0
Station_01,Inv_00,20170619,17:37:00,213.0,0.8,170,216.0,1.0,216,25010,15956,30.5,69.0
Station_01,Inv_00,20170619,17:38:00,213.0,0.8,170,216.0,1.0,216,25010,15956,30.5,69.0
Station_01,Inv_00,20170619,17:39:00,222.5,0.8,178,216.0,1.0,216,25010,15956,30.5,69.0
Station_01,Inv_00,20170619,17:40:00,206.0,0.9,185,217.0,0.9,195,25010,15956,30.5,67.0
Station_01,Inv_00,20170619,17:41:00,191.6,0.8,153,217.0,0.8,174,25010,15956,30.4,67.0
Station_01,Inv_00,20170619,17:42:00,219.0,0.8,175,216.0,1.0,216,25010,15956,30.4,72.0
Station_01,Inv_00,20170619,17:43:00,234.0,0.8,187,216.0,0.9,194,25010,15956,30.3,65.0
Station_01,Inv_00,20170619,17:44:00,201.0,0.7,141,215.0,0.9,194,25010,15956,30.4,64.0
Station_01,Inv_00,20170619,17:45:00,227.4,0.7,159,216.0,0.9,194,25010,15956,30.3,63.0
Station_01,Inv_00,20170619,17:46:00,233.7,0.7,164,216.0,0.9,194,25010,15956,30.3,62.0
Station_01,Inv_00,20170619,17:47:00,211.0,0.8,169,216.0,0.9,194,25010,15956,30.2,79.0
Station_01,Inv_00,20170619,17:48:00,222.1,0.7,156,215.0,0.9,194,25010,15956,30.2,65.0
Station_01,Inv_00,20170619,17:49:00,223.0,0.7,156,217.0,0.8,174,25010,15956,30.2,59.0
Station_01,Inv_00,20170619,17:50:00,223.5,0.6,134,217.0,0.8,174,25010,15956,30.1,59.0
Station_01,Inv_00,20170619,17:51:00,194.0,0.6,116,216.0,0.7,151,25010,15956,30.1,68.0
Station_01,Inv_00,20170619,17:52:00,228.5,0.6,137,216.0,0.8,173,25010,15956,30.1,56.0
Station_01,Inv_00,20170619,17:53:00,192.0,0.6,115,216.0,0.6,130,25010,15956,30.0,55.0
Station_01,Inv_00,20170619,17:54:00,210.5,0.6,126,216.0,0.7,151,25010,15956,30.0,66.0
Station_01,Inv_00,20170619,17:55:00,221.5,0.6,133,215.0,0.7,151,25010,15956,29.9,52.0
Station_01,Inv_00,20170619,17:56:00,215.0,0.6,129,215.0,0.6,129,25010,15956,29.9,51.0
Station_01,Inv_00,20170619,17:57:00,221.0,0.5,111,215.0,0.6,129,25010,15956,29.8,52.0
Station_01,Inv_00,20170619,17:58:00,212.0,0.5,106,216.0,0.6,130,25010,15956,29.8,53.0
Station_01,Inv_00,20170619,17:59:00,199.0,0.5,100,216.0,0.5,108,25010,15956,29.7,48.0
Station_01,Inv_00,20170619,18:00:00,218.5,0.4,87,216.0,0.6,130,25010,15956,29.7,47.0
Station_01,Inv_00,20170619,18:01:00,218.0,0.5,109,217.0,0.5,109,25010,15956,29.6,48.0
Station_01,Inv_00,20170619,18:02:00,223.5,0.4,89,217.0,0.5,109,25010,15956,29.6,45.0
Station_01,Inv_00,20170619,18:03:00,215.5,0.4,86,217.0,0.5,109,25010,15956,29.5,44.0
Station_01,Inv_00,20170619,18:04:00,221.5,0.4,89,216.0,0.5,108,25010,15956,29.5,43.0
Station_01,Inv_00,20170619,18:05:00,220.5,0.4,88,216.0,0.5,108,25010,15956,29.4,43.0
Station_01,Inv_00,20170619,18:06:00,192.0,0.4,77,216.0,0.5,108,25010,15956,29.4,42.0
Station_01,Inv_00,20170619,18:07:00,210.5,0.4,84,216.0,0.5,108,25010,15956,29.4,41.0
Station_01,Inv_00,20170619,18:08:00,214.0,0.4,86,216.0,0.5,108,25010,15956,29.3,41.0
Station_01,Inv_00,20170619,18:09:00,214.0,0.4,86,216.0,0.5,108,25010,15956,29.3,40.0
Station_01,Inv_00,20170619,18:10:00,217.0,0.3,65,216.0,0.5,108,25010,15956,29.2,40.0
Station_01,Inv_00,20170619,18:11:00,211.0,0.3,63,216.0,0.5,108,25010,15956,29.2,39.0
Station_01,Inv_00,20170619,18:12:00,216.0,0.3,65,215.0,0.5,108,25010,15956,29.2,38.0
Station_01,Inv_00,20170619,18:13:00,211.0,0.2,42,217.0,0.5,109,25010,15956,29.2,38.0
Station_01,Inv_00,20170619,18:14:00,210.0,0.3,63,217.0,0.5,109,25010,15956,29.1,37.0
Station_01,Inv_00,20170619,18:15:00,214.7,0.3,64,216.0,0.5,108,25010,15956,29.1,35.0
Station_01,Inv_00,20170619,18:16:00,207.3,0.3,62,217.0,0.4,87,25010,15956,29.1,35.0
Station_01,Inv_00,20170619,18:17:00,230.0,0.1,23,217.0,0.4,87,25010,15956,29.0,38.0
Station_01,Inv_00,20170619,18:18:00,214.0,0.1,21,216.0,0.4,86,25010,15956,29.0,34.0
Station_01,Inv_00,20170619,18:19:00,219.0,0.1,22,216.0,0.4,86,25010,15956,29.0,32.0
Station_01,Inv_00,20170619,18:20:00,225.0,0.1,23,215.0,0.4,86,25010,15956,28.9,32.0
Station_01,Inv_00,20170619,18:21:00,207.0,0.1,21,216.0,0.4,86,25010,15956,28.9,31.0
Station_01,Inv_00,20170619,18:22:00,218.0,0.2,44,215.0,0.4,86,25010,15956,28.8,30.0
Station_01,Inv_00,20170619,18:23:00,222.0,0.2,44,215.0,0.4,86,25010,15956,28.8,29.0
Station_01,Inv_00,20170619,18:24:00,221.0,0.2,44,215.0,0.4,86,25010,15956,28.7,29.0
Station_01,Inv_00,20170619,18:25:00,173.0,0.2,35,216.0,0.4,86,25010,15956,28.8,28.0
Station_01,Inv_00,20170619,18:26:00,176.0,0.2,35,215.0,0.4,86,25010,15956,28.7,27.0
Station_01,Inv_00,20170619,18:27:00,0.0,0.0,0,215.0,0.4,86,25010,15956,28.7,26.0
Station_01,Inv_00,20170619,18:28:00,197.5,0.2,40,216.0,0.4,86,25010,15956,28.7,25.0
Station_01,Inv_00,20170619,18:29:00,0.0,0.0,0,216.0,0.4,86,25010,15956,28.7,25.0
Station_01,Inv_00,20170619,18:30:00,0.0,0.0,0,217.0,0.4,87,25010,15956,28.6,25.0
Station_01,Inv_00,20170619,18:31:00,0.0,0.0,0,217.0,0.4,87,25010,15956,28.6,23.0
Station_01,Inv_00,20170619,18:32:00,0.0,0.0,0,222.0,0.5,111,25010,15956,28.6,23.0
Station_01,Inv_00,20170619,18:33:00,0.0,0.0,0,222.0,0.5,111,25010,15956,28.5,22.0
Station_01,Inv_00,20170619,18:34:00,0.0,0.0,0,222.0,0.5,111,25010,15956,28.4,22.0
Station_01,Inv_00,20170619,18:35:00,0.0,0.0,0,222.0,0.5,111,25010,15956,28.4,21.0
Station_01,Inv_00,20170619,18:36:00,0.0,0.0,0,222.0,0.5,111,25010,15956,28.3,21.0
Station_01,Inv_00,20170619,18:37:00,0.0,0.0,0,222.0,0.5,111,25010,15956,28.3,20.0
Station_01,Inv_00,20170619,18:38:00,0.0,0.0,0,222.0,0.5,111,25010,15956,28.2,21.0
Station_01,Inv_00,20170619,18:39:00,0.0,0.0,0,222.0,0.5,111,25010,15956,28.2,20.0
Station_01,Inv_00,20170619,18:40:00,0.0,0.0,0,222.0,0.5,111,25010,15956,28.2,21.0
Station_01,Inv_00,20170619,18:41:00,0.0,0.0,0,222.0,0.5,111,25010,15956,28.1,19.0
Station_01,Inv_00,20170619,18:42:00,0.0,0.0,0,222.0,0.5,111,25010,15956,28.1,19.0
Station_01,Inv_00,20170619,18:43:00,0.0,0.0,0,222.0,0.5,111,25010,15956,28.0,19.0
Station_01,Inv_00,20170619,18:44:00,0.0,0.0,0,222.0,0.5,111,25010,15956,28.0,19.0
Station_01,Inv_00,20170619,18:45:00,0.0,0.0,0,222.0,0.5,111,25010,15956,27.9,18.0
Station_01,Inv_00,20170619,18:46:00,0.0,0.0,0,222.0,0.5,111,25010,15956,27.9,18.0
Station_01,Inv_00,20170619,18:47:00,0.0,0.0,0,222.0,0.5,111,25010,15956,27.8,19.0
Station_01,Inv_00,20170619,18:48:00,0.0,0.0,0,222.0,0.5,111,25010,15956,27.8,18.0
Station_01,Inv_00,20170619,18:49:00,0.0,0.0,0,222.0,0.5,111,25010,15956,27.8,19.0
Station_01,Inv_00,20170619,18:50:00,0.0,0.0,0,222.0,0.5,111,25010,15956,27.9,18.0
Station_01,Inv_00,20170619,18:51:00,0.0,0.0,0,222.0,0.5,111,25010,15956,27.8,18.0
Station_01,Inv_00,20170619,18:52:00,0.0,0.0,0,222.0,0.5,111,25010,15956,27.9,33.0
Station_01,Inv_00,20170619,18:53:00,0.0,0.0,0,222.0,0.5,111,25010,15956,27.9,20.0
Station_01,Inv_00,20170619,18:54:00,0.0,0.0,0,222.0,0.5,111,25010,15956,27.9,31.0
Station_01,Inv_00,20170619,18:55:00,0.0,0.0,0,222.0,0.5,111,25010,15956,27.9,25.0
Station_01,Inv_00,20170619,18:56:00,0.0,0.0,0,222.0,0.5,111,25010,15956,27.8,18.0
Station_01,Inv_00,20170619,18:57:00,0.0,0.0,0,222.0,0.5,111,25010,15956,27.9,19.0
Station_01,Inv_00,20170619,18:58:00,0.0,0.0,0,222.0,0.5,111,25010,15956,27.9,18.0
Station_01,Inv_00,20170619,18:59:00,0.0,0.0,0,222.0,0.5,111,25010,15956,27.9,18.0
Station_01,Inv_00,20170619,19:00:00,0.0,0.0,0,222.0,0.5,111,25010,15956,27.9,19.0
Station_01,Inv_00,20170619,19:01:00,0.0,0.0,0,222.0,0.5,111,25010,15956,27.8,17.0
Station_01,Inv_00,20170619,19:02:00,0.0,0.0,0,222.0,0.5,111,25010,15956,27.9,17.0
Station_01,Inv_00,20170619,19:03:00,0.0,0.0,0,222.0,0.5,111,25010,15956,27.9,17.0
Station_01,Inv_00,20170619,19:04:00,0.0,0.0,0,222.0,0.5,111,25010,15956,27.9,18.0
Station_01,Inv_00,20170619,19:05:00,0.0,0.0,0,222.0,0.5,111,25010,15956,27.8,17.0
Station_01,Inv_00,20170619,19:06:00,0.0,0.0,0,222.0,0.5,111,25010,15956,27.7,17.0
Station_01,Inv_00,20170619,19:07:00,0.0,0.0,0,222.0,0.5,111,25010,15956,27.7,17.0
Station_01,Inv_00,20170619,19:08:00,0.0,0.0,0,222.0,0.5,111,25010,15956,27.7,17.0
Station_01,Inv_00,20170619,19:09:00,0.0,0.0,0,222.0,0.5,111,25010,15956,27.6,17.0
Station_01,Inv_00,20170619,19:10:00,0.0,0.0,0,222.0,0.5,111,25010,15956,27.7,18.0
Station_01,Inv_00,20170619,19:11:00,0.0,0.0,0,222.0,0.5,111,25010,15956,27.6,18.0
Station_01,Inv_00,20170619,19:12:00,0.0,0.0,0,222.0,0.5,111,25010,15956,27.6,18.0
Station_01,Inv_00,20170619,19:13:00,0.0,0.0,0,222.0,0.5,111,25010,15956,27.6,18.0
Station_01,Inv_00,20170619,19:14:00,0.0,0.0,0,222.0,0.5,111,25010,15956,27.6,18.0
Station_01,Inv_00,20170619,19:15:00,0.0,0.0,0,222.0,0.5,111,25010,15956,27.6,20.0
Station_01,Inv_00,20170619,19:16:00,0.0,0.0,0,222.0,0.5,111,25010,15956,27.5,18.0
Station_01,Inv_00,20170619,19:17:00,0.0,0.0,0,222.0,0.5,111,25010,15956,27.5,17.0
Station_01,Inv_00,20170619,19:18:00,0.0,0.0,0,222.0,0.5,111,25010,15956,27.5,17.0
Station_01,Inv_00,20170619,19:19:00,0.0,0.0,0,222.0,0.5,111,25010,15956,27.4,17.0
Station_01,Inv_00,20170619,19:20:00,0.0,0.0,0,222.0,0.5,111,25010,15956,27.4,19.0
Station_01,Inv_00,20170619,19:21:00,0.0,0.0,0,222.0,0.5,111,25010,15956,27.4,18.0
Station_01,Inv_00,20170619,19:22:00,0.0,0.0,0,222.0,0.5,111,25010,15956,27.4,17.0
Station_01,Inv_00,20170619,19:23:00,0.0,0.0,0,222.0,0.5,111,25010,15956,27.4,17.0
Station_01,Inv_00,20170619,19:24:00,0.0,0.0,0,222.0,0.5,111,25010,15956,27.4,17.0
Station_01,Inv_00,20170619,19:25:00,0.0,0.0,0,222.0,0.5,111,25010,15956,27.3,18.0
Station_01,Inv_00,20170619,19:26:00,0.0,0.0,0,222.0,0.5,111,25010,15956,27.2,18.0
Station_01,Inv_00,20170619,19:27:00,0.0,0.0,0,222.0,0.5,111,25010,15956,27.2,17.0
Station_01,Inv_00,20170619,19:28:00,0.0,0.0,0,222.0,0.5,111,25010,15956,27.2,17.0
Station_01,Inv_00,20170619,19:29:00,0.0,0.0,0,222.0,0.5,111,25010,15956,27.2,18.0
Station_01,Inv_00,20170619,19:30:00,0.0,0.0,0,222.0,0.5,111,25010,15956,27.2,18.0
Station_01,Inv_00,20170619,19:31:00,0.0,0.0,0,222.0,0.5,111,25010,15956,27.2,17.0
Station_01,Inv_00,20170619,19:32:00,0.0,0.0,0,222.0,0.5,111,25010,15956,27.1,18.0
Station_01,Inv_00,20170619,19:33:00,0.0,0.0,0,222.0,0.5,111,25010,15956,27.1,18.0
Station_01,Inv_00,20170619,19:34:00,0.0,0.0,0,222.0,0.5,111,25010,15956,27.1,19.0
Station_01,Inv_00,20170619,19:35:00,0.0,0.0,0,222.0,0.5,111,25010,15956,27.1,19.0
Station_01,Inv_00,20170619,19:36:00,0.0,0.0,0,222.0,0.5,111,25010,15956,27.0,20.0
Station_01,Inv_00,20170619,19:37:00,0.0,0.0,0,222.0,0.5,111,25010,15956,27.1,18.0
Station_01,Inv_00,20170619,19:38:00,0.0,0.0,0,222.0,0.5,111,25010,15956,27.0,18.0
Station_01,Inv_00,20170619,19:39:00,0.0,0.0,0,222.0,0.5,111,25010,15956,27.0,17.0
Station_01,Inv_00,20170619,19:40:00,0.0,0.0,0,222.0,0.5,111,25010,15956,27.0,18.0
Station_01,Inv_00,20170619,19:41:00,0.0,0.0,0,222.0,0.5,111,25010,15956,27.0,19.0
Station_01,Inv_00,20170619,19:42:00,0.0,0.0,0,222.0,0.5,111,25010,15956,27.0,18.0
Station_01,Inv_00,20170619,19:43:00,0.0,0.0,0,222.0,0.5,111,25010,15956,27.0,17.0
Station_01,Inv_00,20170619,19:44:00,0.0,0.0,0,222.0,0.5,111,25010,15956,27.0,17.0
Station_01,Inv_00,20170619,19:45:00,0.0,0.0,0,222.0,0.5,111,25010,15956,27.0,17.0
Station_01,Inv_00,20170619,19:46:00,0.0,0.0,0,222.0,0.5,111,25010,15956,27.0,18.0
Station_01,Inv_00,20170619,19:47:00,0.0,0.0,0,222.0,0.5,111,25010,15956,27.0,17.0
Station_01,Inv_00,20170619,19:48:00,0.0,0.0,0,222.0,0.5,111,25010,15956,27.0,17.0
Station_01,Inv_00,20170619,19:49:00,0.0,0.0,0,222.0,0.5,111,25010,15956,27.0,17.0
Station_01,Inv_00,20170619,19:50:00,0.0,0.0,0,222.0,0.5,111,25010,15956,27.0,17.0
Station_01,Inv_00,20170619,19:51:00,0.0,0.0,0,222.0,0.5,111,25010,15956,27.0,18.0
Station_01,Inv_00,20170619,19:52:00,0.0,0.0,0,222.0,0.5,111,25010,15956,27.0,17.0
Station_01,Inv_00,20170619,19:53:00,0.0,0.0,0,222.0,0.5,111,25010,15956,27.0,18.0
Station_01,Inv_00,20170619,19:54:00,0.0,0.0,0,222.0,0.5,111,25010,15956,27.1,18.0
Station_01,Inv_00,20170619,19:55:00,0.0,0.0,0,222.0,0.5,111,25010,15956,27.2,18.0
Station_01,Inv_00,20170619,19:56:00,0.0,0.0,0,222.0,0.5,111,25010,15956,27.1,18.0
Station_01,Inv_00,20170619,19:57:00,0.0,0.0,0,222.0,0.5,111,25010,15956,27.1,27.0
Station_01,Inv_00,20170619,19:58:00,0.0,0.0,0,222.0,0.5,111,25010,15956,27.1,18.0
Station_01,Inv_00,20170619,19:59:00,0.0,0.0,0,222.0,0.5,111,25010,15956,27.1,18.0
Station_01,Inv_00,20170619,20:00:00,0.0,0.0,0,222.0,0.5,111,25010,15956,27.1,19.0
