Station_01,Inv_00,20170727,05:00:00,0.0,0.0,0,0.0,0.0,0,25673,16379,25.3,18.0
Station_01,Inv_00,20170727,05:01:00,0.0,0.0,0,0.0,0.0,0,25673,16379,25.3,18.0
Station_01,Inv_00,20170727,05:02:00,0.0,0.0,0,0.0,0.0,0,25673,16379,25.4,18.0
Station_01,Inv_00,20170727,05:03:00,0.0,0.0,0,0.0,0.0,0,25673,16379,25.4,18.0
Station_01,Inv_00,20170727,05:04:00,0.0,0.0,0,0.0,0.0,0,25673,16379,25.4,18.0
Station_01,Inv_00,20170727,05:05:00,0.0,0.0,0,0.0,0.0,0,25673,16379,25.4,19.0
Station_01,Inv_00,20170727,05:06:00,0.0,0.0,0,0.0,0.0,0,25673,16379,25.4,18.0
Station_01,Inv_00,20170727,05:07:00,0.0,0.0,0,0.0,0.0,0,25673,16379,25.3,18.0
Station_01,Inv_00,20170727,05:08:00,0.0,0.0,0,0.0,0.0,0,25673,16379,25.4,18.0
Station_01,Inv_00,20170727,05:09:00,0.0,0.0,0,0.0,0.0,0,25673,16379,25.3,18.0
Station_01,Inv_00,20170727,05:10:00,0.0,0.0,0,0.0,0.0,0,25673,16379,25.3,19.0
Station_01,Inv_00,20170727,05:11:00,0.0,0.0,0,0.0,0.0,0,25673,16379,25.3,18.0
Station_01,Inv_00,20170727,05:12:00,0.0,0.0,0,0.0,0.0,0,25673,16379,25.3,18.0
Station_01,Inv_00,20170727,05:13:00,0.0,0.0,0,0.0,0.0,0,25673,16379,25.4,19.0
Station_01,Inv_00,20170727,05:14:00,0.0,0.0,0,0.0,0.0,0,25673,16379,25.2,19.0
Station_01,Inv_00,20170727,05:15:00,0.0,0.0,0,0.0,0.0,0,25673,16379,25.3,19.0
Station_01,Inv_00,20170727,05:16:00,0.0,0.0,0,0.0,0.0,0,25673,16379,25.3,19.0
Station_01,Inv_00,20170727,05:17:00,0.0,0.0,0,0.0,0.0,0,25673,16379,25.4,19.0
Station_01,Inv_00,20170727,05:18:00,0.0,0.0,0,0.0,0.0,0,25673,16379,25.4,19.0
Station_01,Inv_00,20170727,05:19:00,0.0,0.0,0,0.0,0.0,0,25673,16379,25.3,20.0
Station_01,Inv_00,20170727,05:20:00,0.0,0.0,0,0.0,0.0,0,25673,16379,25.3,20.0
Station_01,Inv_00,20170727,05:21:00,0.0,0.0,0,0.0,0.0,0,25673,16379,25.4,20.0
Station_01,Inv_00,20170727,05:22:00,0.0,0.0,0,0.0,0.0,0,25673,16379,25.3,21.0
Station_01,Inv_00,20170727,05:23:00,0.0,0.0,0,0.0,0.0,0,25673,16379,25.3,21.0
Station_01,Inv_00,20170727,05:24:00,0.0,0.0,0,0.0,0.0,0,25673,16379,25.3,21.0
Station_01,Inv_00,20170727,05:25:00,0.0,0.0,0,0.0,0.0,0,25673,16379,25.4,21.0
Station_01,Inv_00,20170727,05:26:00,0.0,0.0,0,0.0,0.0,0,25673,16379,25.5,22.0
Station_01,Inv_00,20170727,05:27:00,0.0,0.0,0,0.0,0.0,0,25673,16379,25.5,22.0
Station_01,Inv_00,20170727,05:28:00,0.0,0.0,0,0.0,0.0,0,25673,16379,25.5,23.0
Station_01,Inv_00,20170727,05:29:00,0.0,0.0,0,0.0,0.0,0,25673,16379,25.6,23.0
Station_01,Inv_00,20170727,05:30:00,0.0,0.0,0,0.0,0.0,0,25673,16379,25.7,475.0
Station_01,Inv_00,20170727,05:31:00,0.0,0.0,0,0.0,0.0,0,25673,16379,25.7,25.0
Station_01,Inv_00,20170727,05:32:00,0.0,0.0,0,0.0,0.0,0,25673,16379,25.8,25.0
Station_01,Inv_00,20170727,05:33:00,0.0,0.0,0,0.0,0.0,0,25673,16379,25.8,477.0
Station_01,Inv_00,20170727,05:34:00,0.0,0.0,0,221.0,0.5,111,25673,16379,25.7,26.0
Station_01,Inv_00,20170727,05:35:00,0.0,0.0,0,221.0,0.5,111,25673,16379,25.7,27.0
Station_01,Inv_00,20170727,05:36:00,0.0,0.0,0,221.0,0.5,111,25673,16379,25.8,477.0
Station_01,Inv_00,20170727,05:37:00,0.0,0.0,0,221.0,0.5,111,25673,16379,25.8,478.0
Station_01,Inv_00,20170727,05:38:00,0.0,0.0,0,221.0,0.5,111,25673,16379,25.7,30.0
Station_01,Inv_00,20170727,05:39:00,0.0,0.0,0,221.0,0.4,88,25673,16379,25.8,30.0
Station_01,Inv_00,20170727,05:40:00,211.0,0.2,42,216.0,0.4,86,25673,16379,25.8,31.0
Station_01,Inv_00,20170727,05:41:00,220.0,0.2,44,216.0,0.4,86,25673,16379,25.9,32.0
Station_01,Inv_00,20170727,05:42:00,218.0,0.1,22,216.0,0.5,108,25673,16379,25.9,33.0
Station_01,Inv_00,20170727,05:43:00,215.0,0.3,65,216.0,0.5,108,25673,16379,25.9,34.0
Station_01,Inv_00,20170727,05:44:00,213.7,0.3,64,216.0,0.5,108,25673,16379,25.9,35.0
Station_01,Inv_00,20170727,05:45:00,203.0,0.3,61,217.0,0.4,87,25673,16379,25.9,36.0
Station_01,Inv_00,20170727,05:46:00,219.0,0.3,66,217.0,0.5,109,25673,16379,26.0,38.0
Station_01,Inv_00,20170727,05:47:00,228.3,0.3,69,216.0,0.5,108,25673,16379,26.0,39.0
Station_01,Inv_00,20170727,05:48:00,213.7,0.3,64,216.0,0.5,108,25673,16379,26.1,40.0
Station_01,Inv_00,20170727,05:49:00,228.0,0.4,91,215.0,0.5,108,25673,16379,26.1,42.0
Station_01,Inv_00,20170727,05:50:00,212.5,0.4,85,216.0,0.5,108,25673,16379,26.2,43.0
Station_01,Inv_00,20170727,05:51:00,217.5,0.4,87,217.0,0.5,109,25673,16379,26.2,45.0
Station_01,Inv_00,20170727,05:52:00,227.5,0.4,91,217.0,0.5,109,25673,16379,26.3,46.0
Station_01,Inv_00,20170727,05:53:00,221.0,0.4,88,217.0,0.5,109,25673,16379,26.3,47.0
Station_01,Inv_00,20170727,05:54:00,215.6,0.5,108,217.0,0.5,109,25673,16379,26.4,49.0
Station_01,Inv_00,20170727,05:55:00,235.6,0.5,118,216.0,0.6,130,25673,16379,26.5,54.0
Station_01,Inv_00,20170727,05:56:00,224.0,0.5,112,217.0,0.6,130,25673,16379,26.6,57.0
Station_01,Inv_00,20170727,05:57:00,228.0,0.6,137,217.0,0.7,152,25673,16379,26.7,60.0
Station_01,Inv_00,20170727,05:58:00,236.0,0.6,142,217.0,0.7,152,25673,16379,26.8,64.0
Station_01,Inv_00,20170727,05:59:00,231.5,0.6,139,217.0,0.7,152,25673,16379,26.9,66.0
Station_01,Inv_00,20170727,06:00:00,232.5,0.6,140,215.0,0.8,172,25673,16379,27.0,65.0
Station_01,Inv_00,20170727,06:01:00,234.5,0.6,141,215.0,0.8,172,25673,16379,27.1,68.0
Station_01,Inv_00,20170727,06:02:00,228.0,0.6,137,215.0,0.8,172,25673,16379,27.2,73.0
Station_01,Inv_00,20170727,06:03:00,230.0,0.7,161,215.0,0.9,194,25673,16379,27.3,75.0
Station_01,Inv_00,20170727,06:04:00,240.0,0.7,168,214.0,0.9,193,25673,16379,27.5,79.0
Station_01,Inv_00,20170727,06:05:00,242.7,0.7,170,215.0,0.9,194,25673,16379,27.6,80.0
Station_01,Inv_00,20170727,06:06:00,233.0,0.8,186,214.0,1.0,214,25673,16379,27.8,81.0
Station_01,Inv_00,20170727,06:07:00,225.6,0.8,181,217.0,1.0,217,25673,16379,27.9,84.0
Station_01,Inv_00,20170727,06:08:00,240.0,0.8,192,217.0,1.0,217,25673,16379,28.0,86.0
Station_01,Inv_00,20170727,06:09:00,241.5,0.8,193,218.0,1.0,218,25673,16379,28.2,88.0
Station_01,Inv_00,20170727,06:10:00,237.7,0.9,214,218.0,1.0,218,25673,16379,28.2,91.0
Station_01,Inv_00,20170727,06:11:00,240.0,0.8,192,217.0,1.0,217,25673,16379,28.3,91.0
Station_01,Inv_00,20170727,06:12:00,245.6,0.9,221,217.0,1.0,217,25673,16379,28.5,94.0
Station_01,Inv_00,20170727,06:13:00,241.0,0.8,193,217.0,1.1,239,25673,16379,28.6,96.0
Station_01,Inv_00,20170727,06:14:00,237.4,0.9,214,218.0,1.1,240,25673,16379,28.8,99.0
Station_01,Inv_00,20170727,06:15:00,247.0,1.0,247,217.0,1.1,239,25673,16379,28.9,102.0
Station_01,Inv_00,20170727,06:16:00,245.2,1.1,270,217.0,1.2,260,25673,16379,29.1,108.0
Station_01,Inv_00,20170727,06:17:00,242.3,1.1,267,217.0,1.2,260,25673,16379,29.3,111.0
Station_01,Inv_00,20170727,06:18:00,237.5,1.1,261,217.0,1.3,282,25673,16379,29.4,116.0
Station_01,Inv_00,20170727,06:19:00,238.5,1.2,286,217.0,1.3,282,25673,16379,29.6,120.0
Station_01,Inv_00,20170727,06:20:00,247.0,1.2,296,218.0,1.4,305,25673,16379,29.7,121.0
Station_01,Inv_00,20170727,06:21:00,240.5,1.3,313,217.0,1.4,304,25673,16379,29.8,122.0
Station_01,Inv_00,20170727,06:22:00,237.7,1.2,285,217.0,1.3,282,25673,16379,30.0,120.0
Station_01,Inv_00,20170727,06:23:00,240.8,1.3,313,217.0,1.4,304,25673,16379,30.2,122.0
Station_01,Inv_00,20170727,06:24:00,236.5,1.3,307,217.0,1.4,304,25673,16379,30.3,126.0
Station_01,Inv_00,20170727,06:25:00,243.6,1.3,317,217.0,1.4,304,25673,16379,30.5,127.0
Station_01,Inv_00,20170727,06:26:00,242.8,1.3,316,218.0,1.5,327,25673,16379,30.5,130.0
Station_01,Inv_00,20170727,06:27:00,246.5,1.3,320,217.0,1.5,326,25673,16379,30.7,132.0
Station_01,Inv_00,20170727,06:28:00,245.0,1.4,343,217.0,1.5,326,25673,16379,30.9,135.0
Station_01,Inv_00,20170727,06:29:00,247.9,1.5,372,218.0,1.6,349,25673,16379,31.0,139.0
Station_01,Inv_00,20170727,06:30:00,243.5,1.6,390,218.0,1.7,371,25673,16379,31.1,144.0
Station_01,Inv_00,20170727,06:31:00,237.4,1.6,380,217.0,1.7,369,25673,16379,31.3,147.0
Station_01,Inv_00,20170727,06:32:00,240.5,1.5,361,217.0,1.5,326,25673,16379,31.4,142.0
Station_01,Inv_00,20170727,06:33:00,240.5,1.1,265,217.0,1.3,282,25673,16379,31.3,116.0
Station_01,Inv_00,20170727,06:34:00,237.9,0.9,214,217.0,1.1,239,25673,16379,31.1,89.0
Station_01,Inv_00,20170727,06:35:00,233.0,0.9,210,217.0,1.1,239,25673,16379,30.9,87.0
Station_01,Inv_00,20170727,06:36:00,236.0,1.1,260,216.0,1.2,259,25673,16379,30.8,93.0
Station_01,Inv_00,20170727,06:37:00,227.5,1.4,319,216.0,1.5,324,25673,16379,30.9,115.0
Station_01,Inv_00,20170727,06:38:00,240.0,1.6,384,217.0,1.8,391,25673,16379,31.1,150.0
Station_01,Inv_00,20170727,06:39:00,248.2,1.9,472,217.0,2.0,434,25673,16379,31.4,166.0
Station_01,Inv_00,20170727,06:40:00,248.0,2.1,521,217.0,2.2,477,25673,16379,31.8,178.0
Station_01,Inv_00,20170727,06:41:00,235.0,2.2,517,217.0,2.1,456,25673,16379,31.9,182.0
Station_01,Inv_00,20170727,06:42:00,245.5,2.1,516,218.0,2.3,501,25673,16379,32.1,186.0
Station_01,Inv_00,20170727,06:43:00,192.0,2.3,442,217.0,2.0,434,25673,16379,32.4,189.0
Station_01,Inv_00,20170727,06:44:00,188.0,2.4,451,217.0,2.0,434,25673,16379,32.7,193.0
Station_01,Inv_00,20170727,06:45:00,243.5,2.4,584,217.0,2.5,543,25673,16379,32.9,198.0
Station_01,Inv_00,20170727,06:46:00,240.4,2.5,601,218.0,2.5,545,25673,16379,33.2,205.0
Station_01,Inv_00,20170727,06:47:00,248.5,2.4,596,217.0,2.5,543,25673,16379,33.5,202.0
Station_01,Inv_00,20170727,06:48:00,243.0,1.9,462,216.0,2.0,432,25673,16379,33.2,155.0
Station_01,Inv_00,20170727,06:49:00,230.5,2.5,576,216.0,2.5,540,25673,16379,33.5,205.0
Station_01,Inv_00,20170727,06:50:00,248.0,2.6,645,218.0,2.9,632,25673,16379,33.8,220.0
Station_01,Inv_00,20170727,06:51:00,246.5,2.8,690,217.0,3.0,651,25673,16379,34.2,226.0
Station_01,Inv_00,20170727,06:52:00,242.5,2.8,679,218.0,3.1,676,25673,16379,34.5,232.0
Station_01,Inv_00,20170727,06:53:00,245.0,3.0,735,219.0,3.1,679,25673,16379,34.8,237.0
Station_01,Inv_00,20170727,06:54:00,245.0,3.1,760,218.0,3.3,719,25673,16379,35.0,243.0
Station_01,Inv_00,20170727,06:55:00,246.0,3.2,787,217.0,3.4,738,25673,16379,35.6,249.0
Station_01,Inv_00,20170727,06:56:00,242.0,3.3,799,218.0,3.4,741,25673,16379,35.8,253.0
Station_01,Inv_00,20170727,06:57:00,241.5,3.3,797,218.0,3.5,763,25673,16379,36.1,256.0
Station_01,Inv_00,20170727,06:58:00,241.5,3.4,821,216.0,3.5,756,25673,16379,36.1,259.0
Station_01,Inv_00,20170727,06:59:00,241.0,3.4,819,217.0,3.5,760,25673,16379,35.9,259.0
Station_01,Inv_00,20170727,07:00:00,243.5,3.4,828,216.0,3.6,778,25673,16379,36.2,261.0
Station_01,Inv_00,20170727,07:01:00,248.0,3.4,843,216.0,3.7,799,25673,16379,36.5,265.0
Station_01,Inv_00,20170727,07:02:00,241.0,3.5,844,217.0,3.7,803,25673,16379,36.8,268.0
Station_01,Inv_00,20170727,07:03:00,246.5,3.6,887,216.0,3.8,821,25673,16379,37.0,271.0
Station_01,Inv_00,20170727,07:04:00,238.9,3.7,884,216.0,3.8,821,25673,16379,37.1,275.0
Station_01,Inv_00,20170727,07:05:00,225.0,3.8,855,216.0,3.7,799,25673,16379,37.4,279.0
Station_01,Inv_00,20170727,07:06:00,240.5,3.7,890,216.0,4.0,864,25673,16379,37.6,283.0
Station_01,Inv_00,20170727,07:07:00,247.4,3.8,940,217.0,4.0,868,25673,16379,37.9,287.0
Station_01,Inv_00,20170727,07:08:00,241.0,4.0,964,218.0,4.0,872,25673,16379,38.0,292.0
Station_01,Inv_00,20170727,07:09:00,242.4,3.9,946,216.0,4.1,886,25673,16379,38.4,298.0
Station_01,Inv_00,20170727,07:10:00,238.5,4.0,954,217.0,4.1,890,25673,16379,38.6,301.0
Station_01,Inv_00,20170727,07:11:00,239.0,4.0,956,216.0,4.1,886,25673,16379,38.6,303.0
Station_01,Inv_00,20170727,07:12:00,242.9,4.0,972,217.0,4.2,911,25673,16379,39.3,305.0
Station_01,Inv_00,20170727,07:13:00,239.5,4.1,982,217.0,4.2,911,25673,16379,39.7,306.0
Station_01,Inv_00,20170727,07:14:00,242.5,4.2,1019,217.0,4.3,933,25673,16379,39.4,309.0
Station_01,Inv_00,20170727,07:15:00,242.9,4.3,1045,217.0,4.4,955,25673,16379,39.6,314.0
Station_01,Inv_00,20170727,07:16:00,241.5,4.4,1063,217.0,4.4,955,25673,16379,39.3,319.0
Station_01,Inv_00,20170727,07:17:00,234.5,4.3,1008,216.0,4.5,972,25673,16379,39.4,322.0
Station_01,Inv_00,20170727,07:18:00,243.0,4.5,1093,216.0,4.6,994,25673,16379,39.9,325.0
Station_01,Inv_00,20170727,07:19:00,239.0,4.5,1075,218.0,4.6,1003,25673,16379,40.0,329.0
Station_01,Inv_00,20170727,07:20:00,243.5,4.6,1120,218.0,4.6,1003,25673,16379,39.9,332.0
Station_01,Inv_00,20170727,07:21:00,237.0,4.6,1090,217.0,4.7,1020,25673,16379,40.4,336.0
Station_01,Inv_00,20170727,07:22:00,240.0,4.7,1128,217.0,4.8,1042,25673,16379,40.4,339.0
Station_01,Inv_00,20170727,07:23:00,235.5,4.7,1107,217.0,4.8,1042,25673,16379,40.3,343.0
Station_01,Inv_00,20170727,07:24:00,233.0,4.8,1118,218.0,4.8,1046,25673,16379,40.3,346.0
Station_01,Inv_00,20170727,07:25:00,234.0,4.8,1123,218.0,4.9,1068,25673,16379,40.7,348.0
Station_01,Inv_00,20170727,07:26:00,240.5,4.8,1154,219.0,4.9,1073,25673,16379,40.1,350.0
Station_01,Inv_00,20170727,07:27:00,241.5,4.8,1159,219.0,5.0,1095,25673,16379,40.9,352.0
Station_01,Inv_00,20170727,07:28:00,234.0,5.0,1170,221.0,5.0,1105,25673,16379,41.1,357.0
Station_01,Inv_00,20170727,07:29:00,238.0,5.1,1214,218.0,5.2,1134,25673,16379,41.0,365.0
Station_01,Inv_00,20170727,07:30:00,235.9,5.2,1227,217.0,5.3,1150,25673,16379,40.6,373.0
Station_01,Inv_00,20170727,07:31:00,235.5,5.3,1248,217.0,5.5,1194,25673,16379,41.2,377.0
Station_01,Inv_00,20170727,07:32:00,241.0,5.3,1277,217.0,5.5,1194,25673,16379,41.6,380.0
Station_01,Inv_00,20170727,07:33:00,230.5,5.6,1291,217.0,5.5,1194,25673,16379,41.8,382.0
Station_01,Inv_00,20170727,07:34:00,233.0,5.6,1305,217.0,5.6,1215,25674,16380,41.3,387.0
Station_01,Inv_00,20170727,07:35:00,229.5,5.6,1285,217.0,5.6,1215,25674,16380,41.6,390.0
Station_01,Inv_00,20170727,07:36:00,226.0,5.6,1266,217.0,5.5,1194,25674,16380,42.1,391.0
Station_01,Inv_00,20170727,07:37:00,226.5,5.7,1291,217.0,5.6,1215,25674,16380,41.7,393.0
Station_01,Inv_00,20170727,07:38:00,227.0,5.7,1294,216.0,5.6,1210,25674,16380,42.5,395.0
Station_01,Inv_00,20170727,07:39:00,236.9,5.7,1351,217.0,5.8,1259,25674,16380,41.6,399.0
Station_01,Inv_00,20170727,07:40:00,237.5,5.7,1354,217.0,5.9,1280,25674,16380,41.7,405.0
Station_01,Inv_00,20170727,07:41:00,237.5,5.9,1401,218.0,6.1,1330,25674,16380,42.4,411.0
Station_01,Inv_00,20170727,07:42:00,235.0,6.1,1433,218.0,6.1,1330,25674,16380,42.6,415.0
Station_01,Inv_00,20170727,07:43:00,240.0,5.9,1416,218.0,6.2,1352,25674,16380,42.8,418.0
Station_01,Inv_00,20170727,07:44:00,238.3,6.0,1430,218.0,6.2,1352,25674,16380,43.3,419.0
Station_01,Inv_00,20170727,07:45:00,237.0,6.1,1446,218.0,6.3,1373,25674,16380,43.6,425.0
Station_01,Inv_00,20170727,07:46:00,238.5,6.2,1479,218.0,6.4,1395,25674,16380,43.8,434.0
Station_01,Inv_00,20170727,07:47:00,238.5,6.4,1526,217.0,6.5,1411,25674,16380,44.3,438.0
Station_01,Inv_00,20170727,07:48:00,235.5,6.4,1507,217.0,6.6,1432,25674,16380,44.8,440.0
Station_01,Inv_00,20170727,07:49:00,225.5,6.5,1466,217.0,6.4,1389,25674,16380,43.4,444.0
Station_01,Inv_00,20170727,07:50:00,226.0,6.5,1469,217.0,6.4,1389,25674,16380,44.4,445.0
Station_01,Inv_00,20170727,07:51:00,226.0,6.6,1492,217.0,6.5,1411,25674,16380,43.7,448.0
Station_01,Inv_00,20170727,07:52:00,225.0,6.6,1485,218.0,6.5,1417,25674,16380,44.0,449.0
Station_01,Inv_00,20170727,07:53:00,225.5,6.8,1533,218.0,6.5,1417,25674,16380,44.2,451.0
Station_01,Inv_00,20170727,07:54:00,225.5,6.7,1511,218.0,6.6,1439,25674,16380,44.5,450.0
Station_01,Inv_00,20170727,07:55:00,225.5,6.8,1533,217.0,6.7,1454,25674,16380,44.7,456.0
Station_01,Inv_00,20170727,07:56:00,225.5,7.1,1601,218.0,6.8,1482,25674,16380,45.3,464.0
Station_01,Inv_00,20170727,07:57:00,226.0,7.0,1582,218.0,6.9,1504,25674,16380,45.7,470.0
Station_01,Inv_00,20170727,07:58:00,226.0,7.0,1582,217.0,6.9,1497,25674,16380,45.5,470.0
Station_01,Inv_00,20170727,07:59:00,226.0,7.1,1605,218.0,7.0,1526,25674,16380,44.6,476.0
Station_01,Inv_00,20170727,08:00:00,225.0,7.3,1642,218.0,7.0,1526,25674,16380,45.1,476.0
Station_01,Inv_00,20170727,08:01:00,226.0,7.3,1650,217.0,7.2,1562,25674,16380,45.5,483.0
Station_01,Inv_00,20170727,08:02:00,226.0,7.3,1650,217.0,7.2,1562,25674,16380,45.5,489.0
Station_01,Inv_00,20170727,08:03:00,225.5,7.3,1646,216.0,7.2,1555,25674,16380,45.0,492.0
Station_01,Inv_00,20170727,08:04:00,225.5,7.5,1691,218.0,7.3,1591,25674,16380,45.4,499.0
Station_01,Inv_00,20170727,08:05:00,224.5,7.6,1706,219.0,7.4,1621,25674,16380,45.9,505.0
Station_01,Inv_00,20170727,08:06:00,224.5,7.7,1729,219.0,7.6,1664,25674,16380,45.9,510.0
Station_01,Inv_00,20170727,08:07:00,224.5,7.9,1773,219.0,7.6,1664,25674,16380,46.5,517.0
Station_01,Inv_00,20170727,08:08:00,224.5,7.9,1773,219.0,7.6,1664,25674,16380,46.8,517.0
Station_01,Inv_00,20170727,08:09:00,224.5,7.9,1773,218.0,7.7,1679,25674,16380,46.5,520.0
Station_01,Inv_00,20170727,08:10:00,224.5,7.9,1773,219.0,7.7,1686,25674,16380,47.0,521.0
Station_01,Inv_00,20170727,08:11:00,225.0,7.9,1777,219.0,7.6,1664,25674,16380,47.5,519.0
Station_01,Inv_00,20170727,08:12:00,224.5,7.9,1773,218.0,7.7,1679,25674,16380,47.1,523.0
Station_01,Inv_00,20170727,08:13:00,224.5,8.0,1796,219.0,7.8,1708,25675,16381,48.2,527.0
Station_01,Inv_00,20170727,08:14:00,224.0,8.0,1792,220.0,7.7,1694,25675,16381,48.2,527.0
Station_01,Inv_00,20170727,08:15:00,224.5,8.1,1818,220.0,7.9,1738,25675,16381,48.5,533.0
Station_01,Inv_00,20170727,08:16:00,224.5,8.1,1818,219.0,7.8,1708,25675,16381,48.2,532.0
Station_01,Inv_00,20170727,08:17:00,224.5,8.1,1818,219.0,7.8,1708,25675,16381,49.0,530.0
Station_01,Inv_00,20170727,08:18:00,224.5,8.1,1818,219.0,7.9,1730,25675,16381,47.8,534.0
Station_01,Inv_00,20170727,08:19:00,225.0,8.2,1845,218.0,8.0,1744,25675,16381,47.6,541.0
Station_01,Inv_00,20170727,08:20:00,231.0,8.3,1917,218.0,8.2,1788,25675,16381,47.9,549.0
Station_01,Inv_00,20170727,08:21:00,224.5,8.5,1908,218.0,8.3,1809,25675,16381,47.9,555.0
Station_01,Inv_00,20170727,08:22:00,223.5,8.6,1922,218.0,8.4,1831,25675,16381,48.2,560.0
Station_01,Inv_00,20170727,08:23:00,229.0,8.6,1969,218.0,8.5,1853,25675,16381,48.3,566.0
Station_01,Inv_00,20170727,08:24:00,232.0,8.6,1995,219.0,8.6,1883,25675,16381,49.1,570.0
Station_01,Inv_00,20170727,08:25:00,231.0,8.7,2010,218.0,8.7,1897,25675,16381,48.5,572.0
Station_01,Inv_00,20170727,08:26:00,231.5,8.6,1991,219.0,8.7,1905,25675,16381,49.0,573.0
Station_01,Inv_00,20170727,08:27:00,218.5,9.1,1988,219.0,8.5,1862,25675,16381,49.7,577.0
Station_01,Inv_00,20170727,08:28:00,219.5,9.1,1997,219.0,8.6,1883,25675,16381,50.2,580.0
Station_01,Inv_00,20170727,08:29:00,217.5,9.2,2001,219.0,8.6,1883,25675,16381,50.7,585.0
Station_01,Inv_00,20170727,08:30:00,219.0,9.2,2015,218.0,8.7,1897,25675,16381,50.4,588.0
Station_01,Inv_00,20170727,08:31:00,218.0,9.2,2006,218.0,8.7,1897,25675,16381,51.2,585.0
Station_01,Inv_00,20170727,08:32:00,229.5,9.0,2066,219.0,8.9,1949,25675,16381,50.3,591.0
Station_01,Inv_00,20170727,08:33:00,229.4,9.0,2065,218.0,8.9,1940,25675,16381,49.9,594.0
Station_01,Inv_00,20170727,08:34:00,225.0,9.2,2070,219.0,8.9,1949,25675,16381,52.0,593.0
Station_01,Inv_00,20170727,08:35:00,228.0,9.1,2075,218.0,9.0,1962,25675,16381,52.3,597.0
Station_01,Inv_00,20170727,08:36:00,225.0,9.3,2092,219.0,8.9,1949,25675,16381,53.0,600.0
Station_01,Inv_00,20170727,08:37:00,229.0,9.3,2130,220.0,9.2,2024,25675,16381,52.8,609.0
Station_01,Inv_00,20170727,08:38:00,223.0,9.5,2118,219.0,9.1,1993,25675,16381,52.6,612.0
Station_01,Inv_00,20170727,08:39:00,227.5,9.3,2116,219.0,9.2,2015,25675,16381,51.0,615.0
Station_01,Inv_00,20170727,08:40:00,226.0,9.5,2147,219.0,9.2,2015,25675,16381,51.2,614.0
Station_01,Inv_00,20170727,08:41:00,225.5,9.5,2142,219.0,9.3,2037,25675,16381,51.0,616.0
Station_01,Inv_00,20170727,08:42:00,229.0,9.6,2198,219.0,9.4,2059,25675,16381,51.1,626.0
Station_01,Inv_00,20170727,08:43:00,207.0,10.2,2111,219.0,9.1,1993,25676,16381,51.2,636.0
Station_01,Inv_00,20170727,08:44:00,204.5,10.2,2086,219.0,9.0,1971,25676,16381,51.1,638.0
Station_01,Inv_00,20170727,08:45:00,203.0,10.2,2071,218.0,9.0,1962,25676,16381,51.6,636.0
Station_01,Inv_00,20170727,08:46:00,206.0,10.1,2080,219.0,8.9,1949,25676,16381,50.6,629.0
Station_01,Inv_00,20170727,08:47:00,227.5,9.6,2184,218.0,9.4,2049,25676,16381,53.1,627.0
Station_01,Inv_00,20170727,08:48:00,226.0,9.9,2237,218.0,9.6,2093,25676,16381,53.1,636.0
Station_01,Inv_00,20170727,08:49:00,222.5,9.9,2203,218.0,9.6,2093,25676,16381,53.2,639.0
Station_01,Inv_00,20170727,08:50:00,218.5,10.1,2207,218.0,9.5,2071,25676,16381,53.6,641.0
Station_01,Inv_00,20170727,08:51:00,218.0,10.3,2245,218.0,9.7,2115,25676,16381,53.1,648.0
Station_01,Inv_00,20170727,08:52:00,224.9,10.2,2294,218.0,9.9,2158,25676,16381,52.8,658.0
Station_01,Inv_00,20170727,08:53:00,226.5,10.2,2310,219.0,9.9,2168,25676,16381,54.3,660.0
Station_01,Inv_00,20170727,08:54:00,225.5,10.3,2323,218.0,10.1,2202,25676,16381,53.2,666.0
Station_01,Inv_00,20170727,08:55:00,226.0,10.3,2328,218.0,10.1,2202,25676,16381,51.6,669.0
Station_01,Inv_00,20170727,08:56:00,213.0,10.9,2322,218.0,10.0,2180,25676,16381,51.4,672.0
Station_01,Inv_00,20170727,08:57:00,226.0,10.5,2373,218.0,10.2,2224,25676,16381,52.0,677.0
Station_01,Inv_00,20170727,08:58:00,229.0,10.4,2381,218.0,10.3,2245,25676,16381,51.7,679.0
Station_01,Inv_00,20170727,08:59:00,218.0,10.8,2354,218.0,10.2,2224,25676,16381,53.5,690.0
Station_01,Inv_00,20170727,09:00:00,217.5,10.8,2349,218.0,10.2,2224,25676,16381,54.5,681.0
Station_01,Inv_00,20170727,09:01:00,218.5,10.9,2382,218.0,10.3,2245,25676,16381,55.1,683.0
Station_01,Inv_00,20170727,09:02:00,223.0,10.7,2386,218.0,10.3,2245,25676,16381,54.8,690.0
Station_01,Inv_00,20170727,09:03:00,223.4,10.6,2368,218.0,10.3,2245,25676,16381,55.7,693.0
Station_01,Inv_00,20170727,09:04:00,207.0,11.3,2339,218.0,10.1,2202,25676,16381,54.5,695.0
Station_01,Inv_00,20170727,09:05:00,205.5,11.4,2343,218.0,10.1,2202,25676,16381,53.6,701.0
Station_01,Inv_00,20170727,09:06:00,207.0,11.4,2360,218.0,10.2,2224,25676,16381,54.8,698.0
Station_01,Inv_00,20170727,09:07:00,221.0,10.9,2409,218.0,10.4,2267,25676,16381,54.3,699.0
Station_01,Inv_00,20170727,09:08:00,223.0,10.9,2431,219.0,10.4,2278,25676,16381,55.2,697.0
Station_01,Inv_00,20170727,09:09:00,221.5,11.0,2436,218.0,10.5,2289,25677,16382,54.5,702.0
Station_01,Inv_00,20170727,09:10:00,223.5,11.0,2459,218.0,10.6,2311,25677,16382,53.8,706.0
Station_01,Inv_00,20170727,09:11:00,218.0,11.3,2463,219.0,10.6,2321,25677,16382,55.0,711.0
Station_01,Inv_00,20170727,09:12:00,223.5,11.1,2481,219.0,10.7,2343,25677,16382,55.1,713.0
Station_01,Inv_00,20170727,09:13:00,214.5,11.5,2467,219.0,10.6,2321,25677,16382,56.0,711.0
Station_01,Inv_00,20170727,09:14:00,220.0,11.2,2464,219.0,10.7,2343,25677,16382,55.8,713.0
Station_01,Inv_00,20170727,09:15:00,222.5,11.2,2492,219.0,10.7,2343,25677,16382,56.8,715.0
Station_01,Inv_00,20170727,09:16:00,220.0,11.2,2464,219.0,10.7,2343,25677,16382,57.1,716.0
Station_01,Inv_00,20170727,09:17:00,223.5,11.3,2526,219.0,10.8,2365,25677,16382,55.3,728.0
Station_01,Inv_00,20170727,09:18:00,220.5,11.3,2491,219.0,10.8,2365,25677,16382,56.6,723.0
Station_01,Inv_00,20170727,09:19:00,218.5,11.4,2491,219.0,10.8,2365,25677,16382,58.1,719.0
Station_01,Inv_00,20170727,09:20:00,221.5,11.3,2503,219.0,10.8,2365,25677,16382,57.5,728.0
Station_01,Inv_00,20170727,09:21:00,213.4,11.8,2519,219.0,10.8,2365,25677,16382,57.8,732.0
Station_01,Inv_00,20170727,09:22:00,219.5,11.5,2524,219.0,10.9,2387,25677,16382,57.2,738.0
Station_01,Inv_00,20170727,09:23:00,222.0,11.7,2597,219.0,11.2,2453,25677,16382,56.6,751.0
Station_01,Inv_00,20170727,09:24:00,221.3,11.8,2612,219.0,11.3,2475,25677,16382,56.4,730.0
Station_01,Inv_00,20170727,09:25:00,217.5,11.9,2588,219.0,11.2,2453,25677,16382,56.1,751.0
Station_01,Inv_00,20170727,09:26:00,214.5,12.2,2617,219.0,11.3,2475,25677,16382,55.2,757.0
Station_01,Inv_00,20170727,09:27:00,220.5,12.1,2668,219.0,11.4,2497,25677,16382,55.9,769.0
Station_01,Inv_00,20170727,09:28:00,221.5,12.1,2680,219.0,11.5,2519,25677,16382,55.8,775.0
Station_01,Inv_00,20170727,09:29:00,211.5,12.5,2644,220.0,11.3,2486,25677,16382,55.5,775.0
Station_01,Inv_00,20170727,09:30:00,209.0,12.5,2613,219.0,11.2,2453,25677,16382,56.8,769.0
Station_01,Inv_00,20170727,09:31:00,209.5,12.4,2598,220.0,11.2,2464,25677,16382,56.6,771.0
Station_01,Inv_00,20170727,09:32:00,208.5,12.5,2606,219.0,11.3,2475,25677,16382,55.1,770.0
Station_01,Inv_00,20170727,09:33:00,209.0,12.7,2654,219.0,11.4,2497,25678,16383,55.6,781.0
Station_01,Inv_00,20170727,09:34:00,208.5,12.7,2648,219.0,11.4,2497,25678,16383,54.4,787.0
Station_01,Inv_00,20170727,09:35:00,210.0,12.8,2688,219.0,11.5,2519,25678,16383,55.0,794.0
Station_01,Inv_00,20170727,09:36:00,208.5,12.9,2690,219.0,11.6,2540,25678,16383,54.1,796.0
Station_01,Inv_00,20170727,09:37:00,210.0,12.9,2709,220.0,11.6,2552,25678,16383,54.2,796.0
Station_01,Inv_00,20170727,09:38:00,209.0,12.9,2696,219.0,11.6,2540,25678,16383,54.6,803.0
Station_01,Inv_00,20170727,09:39:00,218.5,12.5,2731,220.0,11.7,2574,25678,16383,56.9,797.0
Station_01,Inv_00,20170727,09:40:00,212.5,12.9,2741,220.0,11.7,2574,25678,16383,57.4,800.0
Station_01,Inv_00,20170727,09:41:00,206.0,13.0,2678,220.0,11.5,2530,25678,16383,58.5,794.0
Station_01,Inv_00,20170727,09:42:00,214.5,12.6,2702,219.0,11.7,2562,25678,16383,58.1,795.0
Station_01,Inv_00,20170727,09:43:00,216.5,12.6,2728,219.0,11.7,2562,25678,16383,54.7,796.0
Station_01,Inv_00,20170727,09:44:00,218.5,12.5,2731,219.0,11.8,2584,25678,16383,54.3,795.0
Station_01,Inv_00,20170727,09:45:00,219.0,12.7,2781,219.0,11.9,2606,25678,16383,53.1,803.0
Station_01,Inv_00,20170727,09:46:00,219.5,12.7,2788,219.0,11.9,2606,25678,16383,55.4,801.0
Station_01,Inv_00,20170727,09:47:00,220.5,12.6,2778,219.0,11.9,2606,25678,16383,57.2,819.0
Station_01,Inv_00,20170727,09:48:00,199.0,13.4,2667,219.0,11.4,2497,25678,16383,56.9,812.0
Station_01,Inv_00,20170727,09:49:00,199.0,13.5,2686,219.0,11.5,2519,25678,16383,57.7,812.0
Station_01,Inv_00,20170727,09:50:00,214.0,13.1,2803,219.0,12.0,2628,25678,16383,58.3,819.0
Station_01,Inv_00,20170727,09:51:00,215.5,13.4,2888,219.0,12.4,2716,25678,16383,56.9,842.0
Station_01,Inv_00,20170727,09:52:00,215.0,12.0,2579,219.0,10.2,2234,25678,16383,55.4,591.0
Station_01,Inv_00,20170727,09:53:00,205.0,12.9,2644,219.0,11.0,2409,25678,16383,54.3,433.0
Station_01,Inv_00,20170727,09:54:00,219.0,13.2,2891,219.0,12.4,2716,25678,16383,57.6,830.0
Station_01,Inv_00,20170727,09:55:00,221.0,13.0,2873,219.0,12.3,2694,25678,16383,58.1,832.0
Station_01,Inv_00,20170727,09:56:00,211.0,13.5,2848,220.0,12.2,2684,25679,16383,58.0,838.0
Station_01,Inv_00,20170727,09:57:00,204.5,13.7,2802,219.0,12.0,2628,25679,16383,57.2,838.0
Station_01,Inv_00,20170727,09:58:00,203.5,13.6,2767,219.0,11.9,2606,25679,16383,58.8,838.0
Station_01,Inv_00,20170727,09:59:00,216.4,13.1,2835,219.0,12.2,2672,25679,16383,56.6,840.0
Station_01,Inv_00,20170727,10:00:00,216.4,13.1,2835,219.0,12.2,2672,25679,16383,57.0,842.0
Station_01,Inv_00,20170727,10:01:00,205.0,13.6,2788,219.0,11.9,2606,25679,16383,57.1,840.0
Station_01,Inv_00,20170727,10:02:00,204.5,13.7,2802,219.0,11.9,2606,25679,16383,55.8,841.0
Station_01,Inv_00,20170727,10:03:00,205.0,13.7,2808,219.0,11.9,2606,25679,16383,57.5,837.0
Station_01,Inv_00,20170727,10:04:00,204.0,13.9,2836,219.0,12.1,2650,25679,16383,58.1,846.0
Station_01,Inv_00,20170727,10:05:00,205.0,13.9,2849,218.0,12.1,2638,25679,16383,57.5,847.0
Station_01,Inv_00,20170727,10:06:00,205.0,13.9,2850,219.0,12.2,2672,25679,16383,58.3,850.0
Station_01,Inv_00,20170727,10:07:00,205.0,13.9,2849,218.0,12.2,2660,25679,16383,60.0,853.0
Station_01,Inv_00,20170727,10:08:00,205.0,13.9,2849,219.0,12.3,2694,25679,16383,59.0,862.0
Station_01,Inv_00,20170727,10:09:00,204.0,14.0,2856,218.0,12.3,2681,25679,16383,58.4,865.0
Station_01,Inv_00,20170727,10:10:00,205.0,13.9,2849,219.0,12.3,2694,25679,16383,58.5,865.0
Station_01,Inv_00,20170727,10:11:00,204.0,14.1,2876,219.0,12.3,2694,25679,16383,57.7,872.0
Station_01,Inv_00,20170727,10:12:00,204.5,14.0,2863,219.0,12.3,2694,25679,16383,58.1,865.0
Station_01,Inv_00,20170727,10:13:00,204.0,14.1,2876,219.0,12.4,2716,25679,16383,56.5,871.0
Station_01,Inv_00,20170727,10:14:00,197.5,10.8,2133,218.0,10.0,2180,25679,16383,56.7,835.0
Station_01,Inv_00,20170727,10:15:00,196.6,4.7,924,216.0,5.0,1080,25679,16383,53.7,543.0
Station_01,Inv_00,20170727,10:16:00,220.0,13.9,3058,218.0,13.1,2856,25679,16383,54.4,868.0
Station_01,Inv_00,20170727,10:17:00,221.0,13.8,3050,217.0,13.1,2843,25680,16384,56.1,891.0
Station_01,Inv_00,20170727,10:18:00,215.0,14.0,3010,217.0,13.1,2843,25680,16384,57.6,891.0
Station_01,Inv_00,20170727,10:19:00,215.5,14.1,3038,217.0,13.2,2864,25680,16384,57.3,891.0
Station_01,Inv_00,20170727,10:20:00,216.9,10.4,2256,216.0,9.8,2117,25680,16384,57.2,688.0
Station_01,Inv_00,20170727,10:21:00,216.0,13.5,2915,217.0,12.7,2756,25680,16384,55.9,849.0
Station_01,Inv_00,20170727,10:22:00,208.0,11.3,2350,217.0,10.3,2235,25680,16384,56.5,796.0
Station_01,Inv_00,20170727,10:23:00,221.5,8.5,1883,216.0,6.5,1404,25680,16384,52.2,334.0
Station_01,Inv_00,20170727,10:24:00,221.5,14.7,3256,217.0,14.0,3038,25680,16384,53.1,904.0
Station_01,Inv_00,20170727,10:25:00,217.5,14.6,3175,217.0,13.7,2973,25680,16384,54.9,925.0
Station_01,Inv_00,20170727,10:26:00,208.0,14.7,3058,217.0,13.3,2886,25680,16384,56.8,912.0
Station_01,Inv_00,20170727,10:27:00,219.0,14.0,3066,217.0,13.2,2864,25680,16384,56.3,892.0
Station_01,Inv_00,20170727,10:28:00,217.5,14.4,3132,217.0,13.5,2930,25680,16384,58.5,925.0
Station_01,Inv_00,20170727,10:29:00,210.0,14.8,3108,217.0,13.4,2908,25680,16384,57.9,926.0
Station_01,Inv_00,20170727,10:30:00,213.0,12.7,2705,217.0,13.0,2821,25680,16384,56.4,914.0
Station_01,Inv_00,20170727,10:31:00,217.5,14.2,3088,218.0,13.4,2921,25680,16384,57.4,913.0
Station_01,Inv_00,20170727,10:32:00,216.0,14.3,3089,217.0,13.4,2908,25680,16384,58.4,917.0
Station_01,Inv_00,20170727,10:33:00,216.5,14.3,3096,217.0,13.4,2908,25680,16384,58.5,922.0
Station_01,Inv_00,20170727,10:34:00,214.0,14.5,3103,218.0,13.4,2921,25680,16384,59.1,927.0
Station_01,Inv_00,20170727,10:35:00,216.0,14.2,3067,218.0,13.3,2899,25680,16384,59.9,926.0
Station_01,Inv_00,20170727,10:36:00,209.0,14.7,3072,218.0,13.3,2899,25680,16384,58.0,924.0
Station_01,Inv_00,20170727,10:37:00,202.5,15.3,3098,218.0,13.4,2921,25680,16384,57.1,949.0
Station_01,Inv_00,20170727,10:38:00,202.0,15.4,3111,218.0,13.4,2921,25681,16384,56.9,942.0
Station_01,Inv_00,20170727,10:39:00,205.0,15.1,3095,218.0,13.3,2899,25681,16384,57.2,934.0
Station_01,Inv_00,20170727,10:40:00,209.0,15.3,3198,218.0,13.8,3008,25681,16384,57.2,952.0
Station_01,Inv_00,20170727,10:41:00,212.5,15.3,3251,218.0,13.9,3030,25681,16384,58.0,963.0
Station_01,Inv_00,20170727,10:42:00,213.0,15.3,3259,218.0,14.0,3052,25681,16384,59.0,976.0
Station_01,Inv_00,20170727,10:43:00,214.0,15.6,3338,218.0,14.3,3117,25681,16384,58.6,992.0
Station_01,Inv_00,20170727,10:44:00,215.8,15.3,3302,218.0,14.2,3096,25681,16384,58.4,834.0
Station_01,Inv_00,20170727,10:45:00,218.5,5.0,1093,217.0,4.7,1020,25681,16384,55.6,383.0
Station_01,Inv_00,20170727,10:46:00,216.0,10.8,2333,218.0,11.8,2572,25681,16384,54.5,599.0
Station_01,Inv_00,20170727,10:47:00,219.0,15.9,3482,218.0,14.9,3248,25681,16384,56.0,996.0
Station_01,Inv_00,20170727,10:48:00,199.0,12.4,2468,217.0,10.4,2257,25681,16384,56.5,846.0
Station_01,Inv_00,20170727,10:49:00,203.9,15.9,3242,217.0,13.9,3016,25681,16384,57.3,951.0
Station_01,Inv_00,20170727,10:50:00,216.0,15.3,3305,217.0,14.2,3081,25681,16384,57.6,981.0
Station_01,Inv_00,20170727,10:51:00,212.5,15.3,3251,217.0,14.1,3060,25681,16384,57.6,975.0
Station_01,Inv_00,20170727,10:52:00,172.0,5.5,946,216.0,5.6,1210,25681,16384,57.0,984.0
Station_01,Inv_00,20170727,10:53:00,211.5,15.9,3363,218.0,14.5,3161,25681,16384,55.5,936.0
Station_01,Inv_00,20170727,10:54:00,213.4,13.5,2881,217.0,12.3,2669,25681,16384,53.6,821.0
Station_01,Inv_00,20170727,10:55:00,215.0,15.3,3289,217.0,14.2,3081,25681,16384,55.3,965.0
Station_01,Inv_00,20170727,10:56:00,218.5,15.0,3277,217.0,14.3,3103,25681,16384,55.8,975.0
Station_01,Inv_00,20170727,10:57:00,209.0,15.8,3302,217.0,14.3,3103,25681,16384,55.8,988.0
Station_01,Inv_00,20170727,10:58:00,209.9,15.5,3254,217.0,14.0,3038,25682,16385,56.6,978.0
Station_01,Inv_00,20170727,10:59:00,214.0,15.3,3274,217.0,14.2,3081,25682,16385,54.6,983.0
Station_01,Inv_00,20170727,11:00:00,214.0,15.6,3338,217.0,14.5,3147,25682,16385,55.8,1002.0
Station_01,Inv_00,20170727,11:01:00,215.0,15.6,3354,217.0,14.4,3125,25682,16385,58.9,994.0
Station_01,Inv_00,20170727,11:02:00,214.0,15.8,3381,216.0,14.6,3154,25682,16385,59.2,1008.0
Station_01,Inv_00,20170727,11:03:00,197.5,7.3,1442,216.0,8.4,1814,25682,16385,58.6,956.0
Station_01,Inv_00,20170727,11:04:00,220.4,5.8,1278,216.0,5.5,1188,25682,16385,55.5,473.0
Station_01,Inv_00,20170727,11:05:00,221.0,13.8,3049,217.0,13.3,2886,25682,16385,54.4,746.0
Station_01,Inv_00,20170727,11:06:00,193.0,5.8,1119,216.0,5.4,1166,25682,16385,55.4,887.0
Station_01,Inv_00,20170727,11:07:00,216.0,6.0,1296,216.0,5.5,1188,25682,16385,52.6,356.0
Station_01,Inv_00,20170727,11:08:00,217.9,15.5,3378,217.0,14.5,3147,25682,16385,54.2,997.0
Station_01,Inv_00,20170727,11:09:00,218.0,15.1,3292,217.0,14.2,3081,25682,16385,55.4,980.0
Station_01,Inv_00,20170727,11:10:00,215.0,14.9,3204,217.0,14.0,3038,25682,16385,55.0,976.0
Station_01,Inv_00,20170727,11:11:00,218.5,14.4,3146,217.0,13.5,2930,25682,16385,55.1,936.0
Station_01,Inv_00,20170727,11:12:00,216.5,15.7,3399,217.0,14.8,3212,25682,16385,54.6,1008.0
Station_01,Inv_00,20170727,11:13:00,219.0,15.6,3416,217.0,14.8,3212,25682,16385,54.5,1012.0
Station_01,Inv_00,20170727,11:14:00,212.0,16.0,3392,217.0,14.8,3212,25682,16385,55.8,1022.0
Station_01,Inv_00,20170727,11:15:00,212.0,15.7,3328,217.0,14.3,3103,25682,16385,55.1,991.0
Station_01,Inv_00,20170727,11:16:00,212.0,14.2,3010,217.0,13.0,2821,25682,16385,54.2,799.0
Station_01,Inv_00,20170727,11:17:00,218.0,15.2,3313,217.0,14.4,3125,25682,16385,53.7,988.0
Station_01,Inv_00,20170727,11:18:00,212.0,15.7,3328,217.0,14.4,3125,25683,16386,54.8,988.0
Station_01,Inv_00,20170727,11:19:00,209.0,15.6,3260,216.0,14.1,3046,25683,16386,53.0,975.0
Station_01,Inv_00,20170727,11:20:00,217.0,15.3,3320,216.0,14.4,3110,25683,16386,54.8,979.0
Station_01,Inv_00,20170727,11:21:00,216.0,15.6,3370,216.0,14.6,3154,25683,16386,55.7,1000.0
Station_01,Inv_00,20170727,11:22:00,214.0,15.7,3360,216.0,14.4,3110,25683,16386,55.6,1003.0
Station_01,Inv_00,20170727,11:23:00,204.5,16.3,3333,216.0,14.4,3110,25683,16386,56.0,1010.0
Station_01,Inv_00,20170727,11:24:00,204.0,15.9,3244,216.0,14.0,3024,25683,16386,55.4,989.0
Station_01,Inv_00,20170727,11:25:00,204.5,14.9,3047,215.0,13.3,2860,25683,16386,57.6,942.0
Station_01,Inv_00,20170727,11:26:00,211.0,15.0,3164,216.0,13.7,2959,25683,16386,57.6,936.0
Station_01,Inv_00,20170727,11:27:00,216.0,15.1,3262,217.0,14.1,3060,25683,16386,58.3,968.0
Station_01,Inv_00,20170727,11:28:00,211.5,15.1,3194,217.0,13.9,3016,25683,16386,57.0,961.0
Station_01,Inv_00,20170727,11:29:00,205.5,15.3,3144,217.0,13.6,2951,25683,16386,59.1,954.0
Station_01,Inv_00,20170727,11:30:00,216.5,14.5,3139,217.0,13.7,2973,25683,16386,57.5,949.0
Station_01,Inv_00,20170727,11:31:00,213.0,14.8,3152,217.0,13.7,2973,25683,16386,57.7,937.0
Station_01,Inv_00,20170727,11:32:00,216.0,14.9,3218,217.0,14.0,3038,25683,16386,56.6,964.0
Station_01,Inv_00,20170727,11:33:00,204.0,15.3,3121,216.0,13.5,2916,25683,16386,56.6,948.0
Station_01,Inv_00,20170727,11:34:00,205.0,15.5,3178,216.0,13.9,3002,25683,16386,54.7,967.0
Station_01,Inv_00,20170727,11:35:00,202.0,16.0,3232,217.0,14.0,3038,25683,16386,56.4,980.0
Station_01,Inv_00,20170727,11:36:00,213.5,15.5,3309,217.0,14.3,3103,25683,16386,56.4,983.0
Station_01,Inv_00,20170727,11:37:00,216.5,15.0,3247,217.0,14.1,3060,25684,16386,57.6,974.0
Station_01,Inv_00,20170727,11:38:00,214.5,15.1,3238,216.0,14.0,3024,25684,16386,57.7,974.0
Station_01,Inv_00,20170727,11:39:00,212.5,15.2,3230,217.0,13.9,3016,25684,16386,57.2,963.0
Station_01,Inv_00,20170727,11:40:00,209.0,15.9,3323,217.0,14.5,3147,25684,16386,55.4,855.0
Station_01,Inv_00,20170727,11:41:00,200.5,8.1,1624,216.0,8.9,1922,25684,16386,55.6,869.0
Station_01,Inv_00,20170727,11:42:00,211.5,15.5,3278,217.0,14.2,3081,25684,16386,56.0,949.0
Station_01,Inv_00,20170727,11:43:00,220.5,14.6,3219,217.0,13.9,3016,25684,16386,54.6,952.0
Station_01,Inv_00,20170727,11:44:00,212.5,15.4,3272,217.0,14.2,3081,25684,16386,53.8,971.0
Station_01,Inv_00,20170727,11:45:00,216.5,15.2,3291,217.0,14.3,3103,25684,16386,53.2,967.0
Station_01,Inv_00,20170727,11:46:00,215.0,15.3,3290,217.0,14.3,3103,25684,16386,53.0,956.0
Station_01,Inv_00,20170727,11:47:00,221.0,14.4,3182,217.0,13.9,3016,25684,16386,54.7,946.0
Station_01,Inv_00,20170727,11:48:00,218.0,14.8,3226,218.0,14.0,3052,25684,16386,55.2,700.0
Station_01,Inv_00,20170727,11:49:00,216.5,15.1,3269,218.0,14.1,3074,25684,16386,55.0,957.0
Station_01,Inv_00,20170727,11:50:00,214.5,14.7,3153,218.0,13.6,2965,25684,16386,56.1,951.0
Station_01,Inv_00,20170727,11:51:00,215.9,14.7,3174,218.0,13.6,2965,25684,16386,56.2,962.0
Station_01,Inv_00,20170727,11:52:00,217.0,14.9,3233,218.0,13.9,3030,25684,16386,54.7,960.0
Station_01,Inv_00,20170727,11:53:00,217.0,14.7,3190,218.0,13.8,3008,25684,16386,54.5,956.0
Station_01,Inv_00,20170727,11:54:00,214.0,14.9,3189,218.0,13.8,3008,25684,16386,55.5,950.0
Station_01,Inv_00,20170727,11:55:00,212.5,15.3,3251,218.0,14.0,3052,25684,16386,54.5,971.0
Station_01,Inv_00,20170727,11:56:00,216.0,15.2,3283,219.0,14.0,3066,25685,16387,55.5,966.0
Station_01,Inv_00,20170727,11:57:00,213.0,15.6,3323,218.0,14.3,3117,25685,16387,56.2,989.0
Station_01,Inv_00,20170727,11:58:00,216.5,15.0,3247,219.0,13.9,3044,25685,16387,57.5,976.0
Station_01,Inv_00,20170727,11:59:00,215.5,15.0,3232,219.0,13.9,3044,25685,16387,55.8,966.0
Station_01,Inv_00,20170727,12:00:00,214.9,15.0,3223,219.0,13.9,3044,25685,16387,55.7,968.0
Station_01,Inv_00,20170727,12:01:00,211.5,15.2,3215,220.0,13.7,3014,25685,16387,57.8,958.0
Station_01,Inv_00,20170727,12:02:00,205.5,15.5,3185,220.0,13.6,2992,25685,16387,58.1,959.0
Station_01,Inv_00,20170727,12:03:00,214.0,15.2,3253,218.0,14.1,3074,25685,16387,56.7,978.0
Station_01,Inv_00,20170727,12:04:00,208.0,15.4,3203,217.0,13.9,3016,25685,16387,55.7,968.0
Station_01,Inv_00,20170727,12:05:00,195.5,16.2,3167,217.0,13.6,2951,25685,16387,57.0,972.0
Station_01,Inv_00,20170727,12:06:00,186.5,16.4,3059,217.0,13.1,2843,25685,16387,56.5,980.0
Station_01,Inv_00,20170727,12:07:00,204.0,16.0,3263,217.0,14.1,3060,25685,16387,58.7,989.0
Station_01,Inv_00,20170727,12:08:00,208.5,14.2,2961,217.0,13.0,2821,25685,16387,57.6,909.0
Station_01,Inv_00,20170727,12:09:00,214.0,15.4,3295,217.0,14.1,3060,25685,16387,58.1,930.0
Station_01,Inv_00,20170727,12:10:00,208.5,15.8,3294,217.0,14.3,3103,25685,16387,61.0,995.0
Station_01,Inv_00,20170727,12:11:00,211.5,14.6,3088,217.0,13.4,2908,25685,16387,61.7,949.0
Station_01,Inv_00,20170727,12:12:00,216.5,8.8,1905,216.0,7.7,1663,25685,16387,58.6,718.0
Station_01,Inv_00,20170727,12:13:00,206.5,8.9,1838,217.0,8.2,1779,25685,16387,58.2,658.0
Station_01,Inv_00,20170727,12:14:00,216.0,5.2,1123,217.0,4.8,1042,25685,16387,53.3,358.0
Station_01,Inv_00,20170727,12:15:00,223.0,7.3,1628,216.0,6.7,1447,25685,16387,52.8,361.0
Station_01,Inv_00,20170727,12:16:00,218.0,15.0,3270,217.0,14.2,3081,25685,16387,53.0,942.0
Station_01,Inv_00,20170727,12:17:00,213.0,15.9,3387,217.0,14.6,3168,25686,16388,53.6,989.0
Station_01,Inv_00,20170727,12:18:00,217.0,14.8,3211,217.0,14.0,3038,25686,16388,53.9,937.0
Station_01,Inv_00,20170727,12:19:00,215.5,14.9,3211,217.0,13.9,3016,25686,16388,54.8,946.0
Station_01,Inv_00,20170727,12:20:00,217.0,14.7,3190,217.0,13.9,3016,25686,16388,55.8,947.0
Station_01,Inv_00,20170727,12:21:00,214.0,15.2,3253,217.0,14.1,3060,25686,16388,55.2,959.0
Station_01,Inv_00,20170727,12:22:00,216.5,15.4,3334,217.0,14.4,3125,25686,16388,56.5,982.0
Station_01,Inv_00,20170727,12:23:00,213.0,16.1,3429,217.0,14.8,3212,25686,16388,56.9,1007.0
Station_01,Inv_00,20170727,12:24:00,213.5,14.8,3159,217.0,13.6,2951,25686,16388,56.2,942.0
Station_01,Inv_00,20170727,12:25:00,216.5,15.3,3312,217.0,14.4,3125,25686,16388,57.2,972.0
Station_01,Inv_00,20170727,12:26:00,218.0,15.2,3314,218.0,14.3,3117,25686,16388,58.4,980.0
Station_01,Inv_00,20170727,12:27:00,217.0,14.6,3168,218.0,13.8,3008,25686,16388,59.3,950.0
Station_01,Inv_00,20170727,12:28:00,210.0,15.6,3276,218.0,14.1,3074,25686,16388,59.5,975.0
Station_01,Inv_00,20170727,12:29:00,216.5,12.8,2771,217.0,11.8,2561,25686,16388,60.6,887.0
Station_01,Inv_00,20170727,12:30:00,215.0,11.2,2408,217.0,9.1,1975,25686,16388,56.6,519.0
Station_01,Inv_00,20170727,12:31:00,208.5,15.2,3169,217.0,13.8,2995,25686,16388,56.9,945.0
Station_01,Inv_00,20170727,12:32:00,214.0,15.2,3253,217.0,14.0,3038,25686,16388,57.7,959.0
Station_01,Inv_00,20170727,12:33:00,214.5,15.5,3325,217.0,14.3,3103,25686,16388,57.2,970.0
Station_01,Inv_00,20170727,12:34:00,214.5,15.6,3346,217.0,14.4,3125,25686,16388,58.7,1008.0
Station_01,Inv_00,20170727,12:35:00,209.5,15.6,3268,218.0,14.0,3052,25687,16388,58.4,970.0
Station_01,Inv_00,20170727,12:36:00,204.5,12.4,2536,217.0,11.0,2387,25687,16388,55.8,513.0
Station_01,Inv_00,20170727,12:37:00,203.0,6.4,1299,216.0,5.6,1210,25687,16388,54.5,540.0
Station_01,Inv_00,20170727,12:38:00,209.4,15.9,3329,217.0,14.4,3125,25687,16388,54.6,939.0
Station_01,Inv_00,20170727,12:39:00,218.3,15.1,3297,217.0,14.3,3103,25687,16388,55.3,972.0
Station_01,Inv_00,20170727,12:40:00,218.5,14.8,3234,217.0,14.0,3038,25687,16388,56.8,948.0
Station_01,Inv_00,20170727,12:41:00,214.0,14.9,3189,217.0,13.8,2995,25687,16388,58.7,940.0
Station_01,Inv_00,20170727,12:42:00,216.5,14.3,3096,217.0,13.4,2908,25687,16388,56.8,921.0
Station_01,Inv_00,20170727,12:43:00,215.0,14.4,3096,217.0,13.4,2908,25687,16388,59.1,914.0
Station_01,Inv_00,20170727,12:44:00,214.5,14.6,3131,217.0,13.4,2908,25687,16388,58.5,926.0
Station_01,Inv_00,20170727,12:45:00,213.0,14.3,3046,217.0,13.1,2843,25687,16388,57.8,901.0
Station_01,Inv_00,20170727,12:46:00,212.5,14.3,3039,217.0,13.1,2843,25687,16388,58.3,900.0
Station_01,Inv_00,20170727,12:47:00,214.0,14.5,3103,217.0,13.4,2908,25687,16388,57.2,913.0
Station_01,Inv_00,20170727,12:48:00,215.0,14.9,3203,217.0,13.9,3016,25687,16388,57.8,940.0
Station_01,Inv_00,20170727,12:49:00,217.0,15.0,3255,218.0,14.0,3052,25687,16388,59.4,958.0
Station_01,Inv_00,20170727,12:50:00,210.5,14.9,3136,217.0,13.5,2930,25687,16388,58.2,931.0
Station_01,Inv_00,20170727,12:51:00,210.4,15.1,3178,217.0,13.7,2973,25687,16388,57.8,937.0
Station_01,Inv_00,20170727,12:52:00,213.5,15.4,3288,218.0,14.1,3074,25687,16388,57.4,958.0
Station_01,Inv_00,20170727,12:53:00,215.4,14.5,3124,218.0,13.5,2943,25687,16388,55.9,929.0
Station_01,Inv_00,20170727,12:54:00,219.5,13.8,3029,217.0,13.2,2864,25687,16388,58.0,895.0
Station_01,Inv_00,20170727,12:55:00,210.0,5.7,1197,216.0,5.2,1123,25688,16389,54.9,476.0
Station_01,Inv_00,20170727,12:56:00,224.5,4.8,1078,215.0,4.6,989,25688,16389,54.1,322.0
Station_01,Inv_00,20170727,12:57:00,207.5,4.7,975,216.0,4.1,886,25688,16389,52.5,299.0
Station_01,Inv_00,20170727,12:58:00,216.3,4.4,952,215.0,4.1,881,25688,16389,50.6,287.0
Station_01,Inv_00,20170727,12:59:00,224.0,4.6,1030,215.0,4.4,946,25688,16389,48.5,293.0
Station_01,Inv_00,20170727,13:00:00,224.4,5.2,1167,215.0,5.1,1097,25688,16389,47.8,330.0
Station_01,Inv_00,20170727,13:01:00,225.0,11.7,2632,215.0,11.4,2451,25688,16389,47.9,664.0
Station_01,Inv_00,20170727,13:02:00,221.0,12.9,2851,215.0,12.9,2774,25688,16389,49.9,843.0
Station_01,Inv_00,20170727,13:03:00,229.5,5.2,1193,216.0,5.1,1102,25688,16389,48.7,350.0
Station_01,Inv_00,20170727,13:04:00,231.0,5.0,1155,216.0,4.9,1058,25688,16389,46.9,326.0
Station_01,Inv_00,20170727,13:05:00,228.4,5.1,1165,215.0,5.0,1075,25688,16389,46.3,327.0
Station_01,Inv_00,20170727,13:06:00,225.5,5.4,1218,215.0,5.3,1140,25688,16389,45.9,341.0
Station_01,Inv_00,20170727,13:07:00,231.0,6.5,1502,215.0,6.3,1355,25688,16389,45.9,384.0
Station_01,Inv_00,20170727,13:08:00,230.0,14.7,3381,217.0,14.7,3190,25688,16389,49.3,929.0
Station_01,Inv_00,20170727,13:09:00,223.0,14.9,3323,219.0,14.2,3110,25688,16389,51.7,942.0
Station_01,Inv_00,20170727,13:10:00,220.9,14.5,3204,219.0,13.7,3000,25688,16389,52.2,915.0
Station_01,Inv_00,20170727,13:11:00,225.0,14.5,3262,218.0,14.0,3052,25688,16389,53.1,931.0
Station_01,Inv_00,20170727,13:12:00,223.5,14.5,3241,219.0,13.9,3044,25688,16389,53.1,918.0
Station_01,Inv_00,20170727,13:13:00,226.0,13.6,3073,219.0,13.2,2891,25688,16389,54.1,891.0
Station_01,Inv_00,20170727,13:14:00,219.5,14.1,3095,219.0,13.4,2935,25688,16389,54.9,893.0
Station_01,Inv_00,20170727,13:15:00,217.0,14.0,3038,219.0,13.1,2869,25688,16389,54.6,861.0
Station_01,Inv_00,20170727,13:16:00,225.0,6.1,1372,218.0,5.8,1264,25688,16389,51.0,394.0
Station_01,Inv_00,20170727,13:17:00,223.4,14.0,3128,219.0,13.5,2957,25688,16389,51.6,629.0
Station_01,Inv_00,20170727,13:18:00,221.5,14.4,3189,219.0,13.7,3000,25688,16389,52.0,877.0
Station_01,Inv_00,20170727,13:19:00,220.0,14.9,3278,218.0,14.1,3074,25688,16389,54.1,926.0
Station_01,Inv_00,20170727,13:20:00,219.5,14.6,3205,219.0,13.8,3022,25688,16389,55.4,916.0
Station_01,Inv_00,20170727,13:21:00,220.0,14.4,3168,219.0,13.5,2957,25688,16389,56.9,906.0
Station_01,Inv_00,20170727,13:22:00,214.5,14.3,3067,219.0,13.1,2869,25689,16390,56.8,881.0
Station_01,Inv_00,20170727,13:23:00,215.5,13.4,2887,218.0,12.4,2703,25689,16390,56.1,856.0
Station_01,Inv_00,20170727,13:24:00,210.0,14.1,2961,219.0,12.8,2803,25689,16390,58.6,856.0
Station_01,Inv_00,20170727,13:25:00,218.0,14.1,3074,220.0,13.2,2904,25689,16390,59.5,885.0
Station_01,Inv_00,20170727,13:26:00,214.0,14.3,3060,219.0,13.1,2869,25689,16390,60.2,886.0
Station_01,Inv_00,20170727,13:27:00,216.5,13.8,2987,219.0,12.9,2825,25689,16390,61.3,874.0
Station_01,Inv_00,20170727,13:28:00,213.0,13.7,2918,220.0,12.6,2772,25689,16390,61.5,858.0
Station_01,Inv_00,20170727,13:29:00,215.4,13.9,2995,220.0,12.8,2816,25689,16390,60.5,864.0
Station_01,Inv_00,20170727,13:30:00,211.9,13.7,2904,218.0,12.6,2747,25689,16390,62.5,860.0
Station_01,Inv_00,20170727,13:31:00,214.5,13.6,2917,217.0,12.6,2734,25689,16390,60.3,857.0
Station_01,Inv_00,20170727,13:32:00,214.0,13.8,2953,217.0,12.8,2778,25689,16390,59.1,863.0
Station_01,Inv_00,20170727,13:33:00,208.5,13.8,2877,217.0,12.5,2713,25689,16390,59.7,851.0
Station_01,Inv_00,20170727,13:34:00,198.5,14.5,2878,217.0,12.5,2713,25689,16390,60.0,864.0
Station_01,Inv_00,20170727,13:35:00,210.0,14.3,3003,217.0,12.9,2799,25689,16390,60.5,872.0
Station_01,Inv_00,20170727,13:36:00,216.0,5.8,1253,216.0,5.5,1188,25689,16390,58.2,471.0
Station_01,Inv_00,20170727,13:37:00,219.0,5.8,1270,216.0,5.5,1188,25689,16390,57.3,368.0
Station_01,Inv_00,20170727,13:38:00,219.5,5.8,1273,216.0,5.6,1210,25689,16390,52.7,370.0
Station_01,Inv_00,20170727,13:39:00,225.0,6.0,1350,216.0,5.9,1274,25689,16390,50.6,385.0
Station_01,Inv_00,20170727,13:40:00,215.5,11.7,2521,217.0,10.8,2344,25689,16390,49.8,565.0
Station_01,Inv_00,20170727,13:41:00,228.5,6.7,1531,216.0,6.6,1426,25689,16390,50.1,430.0
Station_01,Inv_00,20170727,13:42:00,229.0,7.3,1672,216.0,7.2,1555,25689,16390,48.5,453.0
Station_01,Inv_00,20170727,13:43:00,229.5,13.7,3144,217.0,13.7,2973,25689,16390,50.6,827.0
Station_01,Inv_00,20170727,13:44:00,222.5,13.4,2982,217.0,13.0,2821,25689,16390,50.5,824.0
Station_01,Inv_00,20170727,13:45:00,220.9,10.7,2364,217.0,10.4,2257,25689,16390,50.8,688.0
Station_01,Inv_00,20170727,13:46:00,223.4,6.1,1363,216.0,6.0,1296,25689,16390,49.5,450.0
Station_01,Inv_00,20170727,13:47:00,229.3,5.7,1307,216.0,5.6,1210,25690,16390,48.4,372.0
Station_01,Inv_00,20170727,13:48:00,229.5,5.5,1262,216.0,5.6,1210,25690,16390,46.6,362.0
Station_01,Inv_00,20170727,13:49:00,225.5,12.9,2909,217.0,12.7,2756,25690,16390,47.7,782.0
Station_01,Inv_00,20170727,13:50:00,226.5,12.3,2786,217.0,12.0,2604,25690,16390,50.4,778.0
Station_01,Inv_00,20170727,13:51:00,224.5,13.1,2941,218.0,12.8,2790,25690,16390,51.7,819.0
Station_01,Inv_00,20170727,13:52:00,224.0,13.0,2912,217.0,12.6,2734,25690,16390,53.2,819.0
Station_01,Inv_00,20170727,13:53:00,222.5,13.7,3048,218.0,13.1,2856,25690,16390,54.3,859.0
Station_01,Inv_00,20170727,13:54:00,221.0,13.8,3049,217.0,13.2,2864,25690,16390,55.3,862.0
Station_01,Inv_00,20170727,13:55:00,218.5,13.0,2840,218.0,12.3,2681,25690,16390,57.1,833.0
Station_01,Inv_00,20170727,13:56:00,217.5,12.9,2806,218.0,12.1,2638,25690,16390,59.1,813.0
Station_01,Inv_00,20170727,13:57:00,220.5,10.8,2381,217.0,10.4,2257,25690,16390,57.7,750.0
Station_01,Inv_00,20170727,13:58:00,223.5,7.2,1609,217.0,7.1,1541,25690,16390,57.1,537.0
Station_01,Inv_00,20170727,13:59:00,221.0,7.6,1680,217.0,7.3,1584,25690,16390,56.1,473.0
Station_01,Inv_00,20170727,14:00:00,227.5,6.7,1524,216.0,6.6,1426,25690,16390,53.4,431.0
Station_01,Inv_00,20170727,14:01:00,233.0,6.1,1421,216.0,6.2,1339,25690,16390,52.3,422.0
Station_01,Inv_00,20170727,14:02:00,222.9,6.6,1471,217.0,6.3,1367,25690,16390,50.9,410.0
Station_01,Inv_00,20170727,14:03:00,220.9,6.8,1502,217.0,6.4,1389,25690,16390,49.9,489.0
Station_01,Inv_00,20170727,14:04:00,225.9,6.6,1491,217.0,6.4,1389,25690,16390,48.9,423.0
Station_01,Inv_00,20170727,14:05:00,231.3,6.5,1504,217.0,6.6,1432,25690,16390,48.8,422.0
Station_01,Inv_00,20170727,14:06:00,217.5,6.6,1435,217.0,6.3,1367,25690,16390,49.9,710.0
Station_01,Inv_00,20170727,14:07:00,229.0,5.9,1351,217.0,5.8,1259,25690,16390,48.2,391.0
Station_01,Inv_00,20170727,14:08:00,230.0,5.5,1265,216.0,5.6,1210,25690,16390,46.3,365.0
Station_01,Inv_00,20170727,14:09:00,228.0,6.0,1368,216.0,5.9,1274,25690,16390,45.9,376.0
Station_01,Inv_00,20170727,14:10:00,231.0,6.0,1386,216.0,6.1,1318,25690,16390,45.7,385.0
Station_01,Inv_00,20170727,14:11:00,233.9,6.6,1544,216.0,6.7,1447,25690,16390,45.8,402.0
Station_01,Inv_00,20170727,14:12:00,233.9,6.6,1544,216.0,6.7,1447,25690,16390,45.8,402.0
Station_01,Inv_00,20170727,14:13:00,233.9,6.6,1544,216.0,6.7,1447,25690,16390,45.8,402.0
Station_01,Inv_00,20170727,14:14:00,233.9,6.6,1544,216.0,6.7,1447,25690,16390,45.8,402.0
Station_01,Inv_00,20170727,14:15:00,233.9,6.6,1544,216.0,6.7,1447,25690,16390,45.8,402.0
Station_01,Inv_00,20170727,14:16:00,224.0,9.8,2195,216.0,9.9,2138,25691,16391,45.8,695.0
Station_01,Inv_00,20170727,14:17:00,224.5,10.3,2312,216.0,10.1,2182,25691,16391,45.8,573.0
Station_01,Inv_00,20170727,14:18:00,225.0,12.1,2722,217.0,11.8,2561,25691,16391,45.8,758.0
Station_01,Inv_00,20170727,14:19:00,225.0,12.4,2790,217.0,12.1,2626,25691,16391,45.8,773.0
Station_01,Inv_00,20170727,14:20:00,224.5,12.3,2761,217.0,12.0,2604,25691,16391,45.8,778.0
Station_01,Inv_00,20170727,14:21:00,212.0,12.8,2713,217.0,11.8,2561,25691,16391,45.8,779.0
Station_01,Inv_00,20170727,14:22:00,217.0,12.6,2734,217.0,11.8,2561,25691,16391,45.8,777.0
Station_01,Inv_00,20170727,14:23:00,223.0,12.2,2720,218.0,11.8,2572,25691,16391,45.8,775.0
Station_01,Inv_00,20170727,14:24:00,222.0,11.9,2642,217.0,11.5,2496,25691,16391,45.8,764.0
Station_01,Inv_00,20170727,14:25:00,224.0,11.8,2643,217.0,11.5,2496,25691,16391,45.8,756.0
Station_01,Inv_00,20170727,14:26:00,222.5,11.6,2581,217.0,11.3,2452,25691,16391,45.8,737.0
Station_01,Inv_00,20170727,14:27:00,221.5,11.7,2592,217.0,11.3,2452,25691,16391,45.8,735.0
Station_01,Inv_00,20170727,14:28:00,223.5,11.5,2570,217.0,11.2,2430,25691,16391,45.8,731.0
Station_01,Inv_00,20170727,14:29:00,221.0,11.4,2519,217.0,10.9,2365,25691,16391,45.8,717.0
Station_01,Inv_00,20170727,14:30:00,219.0,11.1,2431,217.0,10.6,2300,25691,16391,45.8,699.0
Station_01,Inv_00,20170727,14:31:00,217.5,11.1,2414,216.0,10.5,2268,25691,16391,45.8,699.0
Station_01,Inv_00,20170727,14:32:00,219.5,11.5,2524,218.0,10.9,2376,25691,16391,45.8,712.0
Station_01,Inv_00,20170727,14:33:00,223.0,11.5,2565,217.0,11.1,2409,25691,16391,45.8,727.0
Station_01,Inv_00,20170727,14:34:00,223.5,11.3,2526,217.0,11.1,2409,25691,16391,45.8,727.0
Station_01,Inv_00,20170727,14:35:00,219.9,11.5,2529,217.0,11.0,2387,25691,16391,45.8,726.0
Station_01,Inv_00,20170727,14:36:00,223.5,11.2,2503,217.0,10.9,2365,25691,16391,45.8,714.0
Station_01,Inv_00,20170727,14:37:00,222.5,10.7,2381,218.0,10.3,2245,25691,16391,45.8,685.0
Station_01,Inv_00,20170727,14:38:00,222.5,10.6,2359,218.0,10.3,2245,25692,16391,45.8,675.0
Station_01,Inv_00,20170727,14:39:00,225.0,10.8,2430,217.0,10.7,2322,25692,16391,45.8,692.0
Station_01,Inv_00,20170727,14:40:00,225.5,10.7,2413,216.0,10.5,2268,25692,16391,45.8,686.0
Station_01,Inv_00,20170727,14:41:00,222.5,10.7,2381,216.0,10.4,2246,25692,16391,45.8,676.0
Station_01,Inv_00,20170727,14:42:00,223.0,11.0,2453,216.0,10.7,2311,25692,16391,45.8,692.0
Station_01,Inv_00,20170727,14:43:00,224.4,10.8,2424,216.0,10.6,2290,25692,16391,45.8,689.0
Station_01,Inv_00,20170727,14:44:00,223.5,11.2,2503,217.0,10.8,2344,25692,16391,45.8,701.0
Station_01,Inv_00,20170727,14:45:00,218.0,11.9,2594,217.0,11.2,2430,25692,16391,45.8,726.0
Station_01,Inv_00,20170727,14:46:00,217.5,11.9,2588,217.0,11.3,2452,25692,16391,45.8,734.0
Station_01,Inv_00,20170727,14:47:00,215.0,12.1,2601,217.0,11.3,2452,25692,16391,45.8,741.0
Station_01,Inv_00,20170727,14:48:00,219.5,11.5,2524,216.0,11.0,2376,25692,16391,45.8,725.0
Station_01,Inv_00,20170727,14:49:00,219.0,11.4,2496,216.0,10.8,2333,25692,16391,45.8,709.0
Station_01,Inv_00,20170727,14:50:00,215.6,8.6,1854,216.0,8.3,1793,25692,16391,45.8,618.0
Station_01,Inv_00,20170727,14:51:00,220.5,10.8,2381,217.0,10.3,2235,25692,16391,45.8,664.0
Station_01,Inv_00,20170727,14:52:00,223.8,8.3,1858,217.0,8.0,1736,25692,16391,45.8,526.0
Station_01,Inv_00,20170727,14:53:00,224.0,10.9,2441,217.0,10.7,2322,25692,16391,45.8,683.0
Station_01,Inv_00,20170727,14:54:00,217.5,11.6,2523,217.0,10.8,2344,25692,16391,45.8,702.0
Station_01,Inv_00,20170727,14:55:00,215.0,11.3,2429,217.0,10.6,2300,25692,16391,45.8,700.0
Station_01,Inv_00,20170727,14:56:00,221.0,10.9,2409,217.0,10.6,2300,25692,16391,45.8,679.0
Station_01,Inv_00,20170727,14:57:00,221.8,5.8,1286,217.0,5.8,1259,25692,16391,45.8,462.0
Station_01,Inv_00,20170727,14:58:00,225.3,9.5,2140,218.0,9.3,2027,25692,16391,50.7,568.0
Station_01,Inv_00,20170727,14:59:00,226.5,9.7,2197,218.0,9.5,2071,25692,16391,50.6,629.0
Station_01,Inv_00,20170727,15:00:00,213.5,9.8,2092,217.0,9.2,1996,25692,16391,50.4,619.0
Station_01,Inv_00,20170727,15:01:00,212.5,10.5,2231,218.0,9.6,2093,25692,16391,49.4,636.0
Station_01,Inv_00,20170727,15:02:00,213.0,10.4,2215,217.0,9.6,2083,25692,16391,48.4,637.0
Station_01,Inv_00,20170727,15:03:00,213.0,9.7,2066,218.0,8.9,1940,25692,16391,49.0,604.0
Station_01,Inv_00,20170727,15:04:00,213.5,9.7,2071,218.0,9.0,1962,25693,16392,49.5,597.0
Station_01,Inv_00,20170727,15:05:00,213.0,10.0,2130,218.0,9.2,2006,25693,16392,50.0,606.0
Station_01,Inv_00,20170727,15:06:00,213.5,10.1,2156,218.0,9.3,2027,25693,16392,49.7,618.0
Station_01,Inv_00,20170727,15:07:00,213.0,9.9,2109,218.0,9.2,2006,25693,16392,49.9,611.0
Station_01,Inv_00,20170727,15:08:00,213.0,9.8,2087,218.0,9.1,1984,25693,16392,48.8,608.0
Station_01,Inv_00,20170727,15:09:00,221.0,9.7,2144,218.0,9.3,2027,25693,16392,48.4,607.0
Station_01,Inv_00,20170727,15:10:00,228.5,9.7,2216,218.0,9.6,2093,25693,16392,49.2,617.0
Station_01,Inv_00,20170727,15:11:00,228.5,9.5,2171,218.0,9.5,2071,25693,16392,48.7,614.0
Station_01,Inv_00,20170727,15:12:00,221.0,9.8,2166,218.0,9.4,2049,25693,16392,49.4,613.0
Station_01,Inv_00,20170727,15:13:00,221.5,9.5,2104,218.0,9.2,2006,25693,16392,49.2,601.0
Station_01,Inv_00,20170727,15:14:00,203.5,5.4,1099,217.0,4.8,1042,25693,16392,48.7,425.0
Station_01,Inv_00,20170727,15:15:00,226.0,6.7,1514,217.0,6.3,1367,25693,16392,47.0,350.0
Station_01,Inv_00,20170727,15:16:00,228.0,8.8,2006,218.0,8.8,1918,25693,16392,47.0,579.0
Station_01,Inv_00,20170727,15:17:00,231.0,9.5,2195,218.0,9.6,2093,25693,16392,48.3,610.0
Station_01,Inv_00,20170727,15:18:00,227.5,9.8,2229,217.0,9.7,2105,25693,16392,49.9,617.0
Station_01,Inv_00,20170727,15:19:00,228.9,9.6,2198,217.0,9.6,2083,25693,16392,49.9,616.0
Station_01,Inv_00,20170727,15:20:00,229.5,9.1,2088,217.0,9.2,1996,25693,16392,49.6,601.0
Station_01,Inv_00,20170727,15:21:00,226.0,8.6,1943,217.0,8.6,1866,25693,16392,49.0,573.0
Station_01,Inv_00,20170727,15:22:00,229.5,9.4,2157,218.0,9.3,2027,25693,16392,49.0,590.0
Station_01,Inv_00,20170727,15:23:00,225.5,9.1,2052,217.0,9.0,1953,25693,16392,48.5,587.0
Station_01,Inv_00,20170727,15:24:00,228.5,8.6,1965,217.0,8.6,1866,25693,16392,48.6,544.0
Station_01,Inv_00,20170727,15:25:00,223.0,8.5,1895,217.0,8.2,1779,25693,16392,48.3,537.0
Station_01,Inv_00,20170727,15:26:00,232.0,8.1,1879,218.0,8.2,1788,25693,16392,48.5,533.0
Station_01,Inv_00,20170727,15:27:00,228.4,8.2,1873,217.0,8.1,1758,25693,16392,47.2,522.0
Station_01,Inv_00,20170727,15:28:00,232.5,7.8,1813,217.0,8.0,1736,25693,16392,48.1,527.0
Station_01,Inv_00,20170727,15:29:00,229.5,8.1,1859,217.0,8.0,1736,25693,16392,47.7,514.0
Station_01,Inv_00,20170727,15:30:00,225.0,8.1,1822,217.0,8.0,1736,25693,16392,48.2,514.0
Station_01,Inv_00,20170727,15:31:00,228.0,8.3,1892,217.0,8.2,1779,25693,16392,48.5,526.0
Station_01,Inv_00,20170727,15:32:00,229.5,8.4,1928,217.0,8.4,1823,25693,16392,48.4,537.0
Station_01,Inv_00,20170727,15:33:00,232.0,8.7,2018,217.0,8.7,1888,25693,16392,48.2,554.0
Station_01,Inv_00,20170727,15:34:00,229.0,8.8,2015,217.0,8.7,1888,25694,16393,47.9,558.0
Station_01,Inv_00,20170727,15:35:00,230.5,8.7,2005,217.0,8.8,1910,25694,16393,47.9,560.0
Station_01,Inv_00,20170727,15:36:00,229.5,8.7,1997,217.0,8.7,1888,25694,16393,48.8,556.0
Station_01,Inv_00,20170727,15:37:00,229.9,8.6,1977,217.0,8.6,1866,25694,16393,49.1,560.0
Station_01,Inv_00,20170727,15:38:00,230.0,7.9,1817,217.0,8.0,1736,25694,16393,48.7,523.0
Station_01,Inv_00,20170727,15:39:00,234.0,7.0,1638,217.0,7.2,1562,25694,16393,47.4,476.0
Station_01,Inv_00,20170727,15:40:00,231.5,6.8,1574,217.0,6.8,1476,25694,16393,48.5,446.0
Station_01,Inv_00,20170727,15:41:00,223.5,7.6,1699,217.0,7.5,1628,25694,16393,48.7,464.0
Station_01,Inv_00,20170727,15:42:00,232.5,5.0,1163,217.0,5.0,1085,25694,16393,48.3,334.0
Station_01,Inv_00,20170727,15:43:00,230.5,8.1,1867,217.0,8.2,1779,25694,16393,48.6,514.0
Station_01,Inv_00,20170727,15:44:00,229.0,7.9,1809,217.0,7.9,1714,25694,16393,48.6,514.0
Station_01,Inv_00,20170727,15:45:00,230.4,7.6,1751,217.0,7.4,1606,25694,16393,47.6,451.0
Station_01,Inv_00,20170727,15:46:00,231.0,7.7,1779,217.0,7.7,1671,25694,16393,47.6,497.0
Station_01,Inv_00,20170727,15:47:00,236.5,7.0,1656,218.0,7.1,1548,25694,16393,45.7,469.0
Station_01,Inv_00,20170727,15:48:00,231.5,6.8,1574,217.0,6.8,1476,25694,16393,46.1,438.0
Station_01,Inv_00,20170727,15:49:00,233.0,6.8,1584,217.0,6.8,1476,25694,16393,45.6,444.0
Station_01,Inv_00,20170727,15:50:00,230.0,6.3,1449,217.0,6.4,1389,25694,16393,45.6,423.0
Station_01,Inv_00,20170727,15:51:00,238.0,6.2,1475,217.0,6.4,1389,25694,16393,44.3,416.0
Station_01,Inv_00,20170727,15:52:00,233.5,7.0,1634,217.0,7.2,1562,25694,16393,44.3,450.0
Station_01,Inv_00,20170727,15:53:00,234.0,7.2,1685,218.0,7.3,1591,25694,16393,44.3,463.0
Station_01,Inv_00,20170727,15:54:00,232.5,7.5,1744,217.0,7.5,1628,25694,16393,43.7,473.0
Station_01,Inv_00,20170727,15:55:00,238.0,7.5,1785,218.0,7.7,1679,25694,16393,43.4,482.0
Station_01,Inv_00,20170727,15:56:00,239.5,7.3,1748,217.0,7.7,1671,25694,16393,44.2,481.0
Station_01,Inv_00,20170727,15:57:00,237.5,7.3,1734,217.0,7.4,1606,25694,16393,44.1,469.0
Station_01,Inv_00,20170727,15:58:00,222.0,7.1,1576,218.0,6.8,1482,25694,16393,44.7,451.0
Station_01,Inv_00,20170727,15:59:00,234.0,6.6,1544,218.0,6.7,1461,25694,16393,44.3,437.0
Station_01,Inv_00,20170727,16:00:00,231.5,6.5,1505,217.0,6.7,1454,25694,16393,44.6,426.0
Station_01,Inv_00,20170727,16:01:00,231.5,6.6,1528,217.0,6.5,1411,25694,16393,44.4,421.0
Station_01,Inv_00,20170727,16:02:00,229.0,6.4,1466,217.0,6.4,1389,25694,16393,44.5,417.0
Station_01,Inv_00,20170727,16:03:00,229.0,6.5,1489,217.0,6.4,1389,25694,16393,45.3,413.0
Station_01,Inv_00,20170727,16:04:00,228.0,6.4,1459,217.0,6.4,1389,25694,16393,45.6,412.0
Station_01,Inv_00,20170727,16:05:00,229.0,6.6,1511,217.0,6.5,1411,25694,16393,44.6,421.0
Station_01,Inv_00,20170727,16:06:00,219.5,6.6,1449,217.0,6.4,1389,25694,16393,44.5,420.0
Station_01,Inv_00,20170727,16:07:00,234.0,6.4,1498,218.0,6.6,1439,25694,16393,44.1,420.0
Station_01,Inv_00,20170727,16:08:00,237.0,6.4,1517,218.0,6.4,1395,25694,16393,43.8,413.0
Station_01,Inv_00,20170727,16:09:00,236.9,6.2,1469,218.0,6.3,1373,25694,16393,44.0,406.0
Station_01,Inv_00,20170727,16:10:00,236.5,6.1,1442,218.0,6.2,1352,25694,16393,43.6,395.0
Station_01,Inv_00,20170727,16:11:00,235.5,5.9,1389,218.0,5.9,1286,25695,16393,43.3,384.0
Station_01,Inv_00,20170727,16:12:00,231.9,5.7,1322,218.0,5.7,1243,25695,16393,43.0,376.0
Station_01,Inv_00,20170727,16:13:00,234.5,5.2,1219,218.0,5.2,1134,25695,16393,42.8,350.0
Station_01,Inv_00,20170727,16:14:00,233.0,5.1,1188,218.0,5.1,1112,25695,16393,42.9,310.0
Station_01,Inv_00,20170727,16:15:00,238.5,5.5,1312,218.0,5.6,1221,25695,16393,42.5,368.0
Station_01,Inv_00,20170727,16:16:00,235.5,5.7,1342,218.0,5.7,1243,25695,16393,42.8,371.0
Station_01,Inv_00,20170727,16:17:00,233.5,6.0,1401,217.0,5.9,1280,25695,16393,42.3,379.0
Station_01,Inv_00,20170727,16:18:00,238.0,6.0,1428,217.0,6.1,1324,25695,16393,42.1,387.0
Station_01,Inv_00,20170727,16:19:00,234.5,6.1,1430,217.0,6.2,1345,25695,16393,42.2,391.0
Station_01,Inv_00,20170727,16:20:00,225.5,6.1,1376,217.0,5.8,1259,25695,16393,43.7,381.0
Station_01,Inv_00,20170727,16:21:00,221.5,5.8,1285,217.0,5.6,1215,25695,16393,43.2,376.0
Station_01,Inv_00,20170727,16:22:00,231.0,5.8,1340,217.0,5.8,1259,25695,16393,43.2,376.0
Station_01,Inv_00,20170727,16:23:00,235.5,5.9,1389,218.0,5.9,1286,25695,16393,43.0,380.0
Station_01,Inv_00,20170727,16:24:00,234.0,5.9,1381,218.0,6.0,1308,25695,16393,43.4,385.0
Station_01,Inv_00,20170727,16:25:00,238.0,5.9,1404,217.0,6.1,1324,25695,16393,43.1,389.0
Station_01,Inv_00,20170727,16:26:00,233.0,6.2,1445,217.0,6.2,1345,25695,16393,43.8,398.0
Station_01,Inv_00,20170727,16:27:00,233.0,6.1,1421,218.0,6.2,1352,25695,16393,43.8,396.0
Station_01,Inv_00,20170727,16:28:00,231.0,6.1,1409,218.0,6.0,1308,25695,16393,44.3,391.0
Station_01,Inv_00,20170727,16:29:00,238.5,5.4,1288,218.0,5.6,1221,25695,16393,43.0,369.0
Station_01,Inv_00,20170727,16:30:00,228.0,5.5,1254,218.0,5.4,1177,25695,16393,43.3,358.0
Station_01,Inv_00,20170727,16:31:00,233.5,5.4,1261,217.0,5.3,1150,25695,16393,43.4,351.0
Station_01,Inv_00,20170727,16:32:00,238.0,4.9,1166,217.0,4.9,1063,25695,16393,42.9,330.0
Station_01,Inv_00,20170727,16:33:00,233.9,4.6,1076,218.0,4.7,1025,25695,16393,42.8,310.0
Station_01,Inv_00,20170727,16:34:00,234.0,4.4,1030,218.0,4.5,981,25695,16393,42.3,293.0
Station_01,Inv_00,20170727,16:35:00,236.0,4.8,1133,218.0,4.7,1025,25695,16393,42.0,318.0
Station_01,Inv_00,20170727,16:36:00,237.0,4.6,1090,218.0,4.6,1003,25695,16393,41.5,305.0
Station_01,Inv_00,20170727,16:37:00,237.3,4.2,997,218.0,4.3,937,25695,16393,41.4,293.0
Station_01,Inv_00,20170727,16:38:00,239.0,4.1,980,218.0,4.2,916,25695,16393,41.7,285.0
Station_01,Inv_00,20170727,16:39:00,237.5,4.1,974,218.0,4.2,916,25695,16393,41.2,283.0
Station_01,Inv_00,20170727,16:40:00,236.9,4.0,948,217.0,4.1,890,25695,16393,41.6,275.0
Station_01,Inv_00,20170727,16:41:00,240.0,3.9,936,218.0,4.0,872,25695,16393,41.3,265.0
Station_01,Inv_00,20170727,16:42:00,233.5,3.6,841,218.0,3.8,828,25695,16393,40.2,250.0
Station_01,Inv_00,20170727,16:43:00,235.5,3.7,871,218.0,3.8,828,25695,16393,39.8,244.0
Station_01,Inv_00,20170727,16:44:00,235.5,3.9,918,218.0,3.9,850,25695,16393,40.0,256.0
Station_01,Inv_00,20170727,16:45:00,237.5,3.8,903,218.0,4.0,872,25695,16393,39.0,262.0
Station_01,Inv_00,20170727,16:46:00,240.9,3.8,916,218.0,3.9,850,25695,16393,38.8,258.0
Station_01,Inv_00,20170727,16:47:00,237.4,3.7,878,218.0,3.8,828,25695,16393,38.8,250.0
Station_01,Inv_00,20170727,16:48:00,236.5,3.6,851,218.0,3.7,807,25695,16393,38.6,243.0
Station_01,Inv_00,20170727,16:49:00,207.0,3.4,704,218.0,3.2,698,25695,16393,38.6,234.0
Station_01,Inv_00,20170727,16:50:00,223.5,3.4,760,219.0,3.3,723,25695,16393,38.5,224.0
Station_01,Inv_00,20170727,16:51:00,236.5,3.2,757,218.0,3.3,719,25695,16393,38.3,212.0
Station_01,Inv_00,20170727,16:52:00,237.3,3.2,759,218.0,3.4,741,25695,16393,38.1,214.0
Station_01,Inv_00,20170727,16:53:00,217.5,3.4,740,219.0,3.2,701,25695,16393,38.3,221.0
Station_01,Inv_00,20170727,16:54:00,233.0,3.4,792,219.0,3.5,767,25695,16393,38.3,228.0
Station_01,Inv_00,20170727,16:55:00,239.5,3.3,790,219.0,3.5,767,25695,16393,37.9,228.0
Station_01,Inv_00,20170727,16:59:00,238.5,3.0,715,217.0,3.1,673,25695,16393,37.6,210.0
Station_01,Inv_00,20170727,17:00:00,227.5,3.0,683,217.0,3.1,673,25695,16393,37.1,209.0
Station_01,Inv_00,20170727,17:01:00,234.8,3.0,704,217.0,3.1,673,25695,16393,37.3,207.0
Station_01,Inv_00,20170727,17:02:00,237.0,3.0,711,217.0,3.1,673,25695,16393,36.8,205.0
Station_01,Inv_00,20170727,17:03:00,239.9,2.8,672,217.0,3.1,673,25695,16393,37.0,202.0
Station_01,Inv_00,20170727,17:04:00,232.0,2.9,673,217.0,3.0,651,25695,16393,36.8,202.0
Station_01,Inv_00,20170727,17:05:00,222.9,3.0,669,218.0,2.9,632,25695,16393,36.7,198.0
Station_01,Inv_00,20170727,17:06:00,224.3,3.0,673,218.0,2.9,632,25695,16393,36.7,197.0
Station_01,Inv_00,20170727,17:07:00,215.0,2.9,624,218.0,2.8,610,25695,16393,36.6,197.0
Station_01,Inv_00,20170727,17:08:00,241.5,2.8,676,217.0,2.9,629,25695,16393,36.3,193.0
Station_01,Inv_00,20170727,17:09:00,220.9,2.8,619,217.0,2.7,586,25695,16393,36.8,188.0
Station_01,Inv_00,20170727,17:10:00,239.9,2.6,624,217.0,2.7,586,25696,16394,36.3,180.0
Station_01,Inv_00,20170727,17:11:00,237.6,2.4,570,217.0,2.5,543,25696,16394,36.3,163.0
Station_01,Inv_00,20170727,17:12:00,236.5,2.4,568,216.0,2.4,518,25696,16394,36.1,150.0
Station_01,Inv_00,20170727,17:13:00,236.0,2.4,566,217.0,2.4,521,25696,16394,36.1,148.0
Station_01,Inv_00,20170727,17:14:00,238.0,2.4,571,216.0,2.5,540,25696,16394,35.9,154.0
Station_01,Inv_00,20170727,17:15:00,214.5,2.7,579,216.0,2.5,540,25696,16394,36.0,162.0
Station_01,Inv_00,20170727,17:16:00,237.4,2.7,641,216.0,2.8,605,25696,16394,35.5,169.0
Station_01,Inv_00,20170727,17:17:00,239.4,2.7,647,216.0,2.8,605,25696,16394,35.5,169.0
Station_01,Inv_00,20170727,17:18:01,228.3,2.6,594,216.0,2.6,562,25696,16394,35.6,165.0
Station_01,Inv_00,20170727,17:19:00,240.4,2.4,577,216.0,2.5,540,25696,16394,35.7,157.0
Station_01,Inv_00,20170727,17:20:00,230.5,2.4,553,216.0,2.4,518,25696,16394,35.7,151.0
Station_01,Inv_00,20170727,17:21:00,239.4,2.2,527,215.0,2.3,494,25696,16394,35.4,144.0
Station_01,Inv_00,20170727,17:22:00,211.5,2.2,465,217.0,2.0,434,25696,16394,35.5,138.0
Station_01,Inv_00,20170727,17:23:00,233.5,2.1,490,217.0,2.1,456,25696,16394,35.4,134.0
Station_01,Inv_00,20170727,17:24:00,233.8,2.0,468,215.0,2.0,430,25696,16394,35.0,133.0
Station_01,Inv_00,20170727,17:25:00,230.0,2.0,460,215.0,2.0,430,25696,16394,34.7,133.0
Station_01,Inv_00,20170727,17:26:00,243.5,2.0,487,215.0,2.0,430,25696,16394,34.8,134.0
Station_01,Inv_00,20170727,17:27:00,201.5,2.0,403,215.0,1.9,409,25696,16394,34.5,135.0
Station_01,Inv_00,20170727,17:28:00,225.5,2.1,474,215.0,2.0,430,25696,16394,34.6,135.0
Station_01,Inv_00,20170727,17:29:00,205.0,2.1,431,216.0,1.9,410,25696,16394,34.5,136.0
Station_01,Inv_00,20170727,17:30:00,230.4,2.1,484,215.0,2.1,452,25696,16394,34.5,138.0
Station_01,Inv_00,20170727,17:31:00,239.5,2.1,503,215.0,2.1,452,25696,16394,34.3,140.0
Station_01,Inv_00,20170727,17:32:00,232.0,2.1,487,216.0,2.1,454,25696,16394,34.6,138.0
Station_01,Inv_00,20170727,17:33:00,240.5,2.0,481,216.0,2.0,432,25696,16394,34.6,134.0
Station_01,Inv_00,20170727,17:34:00,242.8,1.8,437,216.0,1.9,410,25696,16394,34.5,129.0
Station_01,Inv_00,20170727,17:35:00,234.7,1.8,422,215.0,1.8,387,25696,16394,34.3,124.0
Station_01,Inv_00,20170727,17:36:00,228.8,1.7,389,215.0,1.7,366,25696,16394,34.2,122.0
Station_01,Inv_00,20170727,17:37:00,231.5,1.7,394,215.0,1.7,366,25696,16394,34.2,118.0
Station_01,Inv_00,20170727,17:38:00,236.0,1.6,378,215.0,1.7,366,25696,16394,34.1,118.0
Station_01,Inv_00,20170727,17:39:00,229.0,1.6,366,215.0,1.7,366,25696,16394,33.9,118.0
Station_01,Inv_00,20170727,17:40:00,218.5,1.7,371,214.0,1.6,342,25696,16394,34.0,117.0
Station_01,Inv_00,20170727,17:41:00,234.5,1.6,375,215.0,1.7,366,25696,16394,33.9,116.0
Station_01,Inv_00,20170727,17:42:00,230.9,1.6,369,215.0,1.7,366,25696,16394,33.9,115.0
Station_01,Inv_00,20170727,17:43:00,235.5,1.6,377,215.0,1.7,366,25696,16394,34.0,114.0
Station_01,Inv_00,20170727,17:44:00,237.0,1.6,379,215.0,1.6,344,25696,16394,33.9,113.0
Station_01,Inv_00,20170727,17:45:00,229.0,1.6,366,216.0,1.6,346,25696,16394,34.1,112.0
Station_01,Inv_00,20170727,17:46:00,228.5,1.6,366,216.0,1.6,346,25696,16394,33.9,112.0
Station_01,Inv_00,20170727,17:47:00,235.0,1.6,376,218.0,1.6,349,25696,16394,34.0,113.0
Station_01,Inv_00,20170727,17:48:00,226.0,1.6,362,218.0,1.6,349,25696,16394,34.0,112.0
Station_01,Inv_00,20170727,17:49:00,239.0,1.4,335,218.0,1.5,327,25696,16394,34.0,109.0
Station_01,Inv_00,20170727,17:50:00,233.5,1.4,327,218.0,1.5,327,25696,16394,34.1,104.0
Station_01,Inv_00,20170727,17:51:00,217.6,1.3,283,218.0,1.4,305,25696,16394,34.0,97.0
Station_01,Inv_00,20170727,17:52:00,232.5,1.2,279,217.0,1.3,282,25696,16394,33.8,91.0
Station_01,Inv_00,20170727,17:53:00,226.3,1.1,249,217.0,1.2,260,25696,16394,33.6,86.0
Station_01,Inv_00,20170727,17:54:00,233.0,1.0,233,217.0,1.1,239,25696,16394,33.6,82.0
Station_01,Inv_00,20170727,17:55:00,232.0,1.0,232,217.0,1.1,239,25696,16394,33.3,79.0
Station_01,Inv_00,20170727,17:56:00,219.8,1.0,220,217.0,1.1,239,25696,16394,33.3,77.0
Station_01,Inv_00,20170727,17:57:00,224.0,1.0,224,217.0,1.0,217,25696,16394,33.3,75.0
Station_01,Inv_00,20170727,17:58:00,208.0,1.0,208,217.0,1.0,217,25696,16394,33.1,73.0
Station_01,Inv_00,20170727,17:59:00,221.0,0.8,177,218.0,1.0,218,25696,16394,32.9,71.0
Station_01,Inv_00,20170727,18:00:00,218.8,0.8,175,217.0,1.0,217,25696,16394,32.9,68.0
Station_01,Inv_00,20170727,18:01:00,229.0,0.7,160,217.0,0.9,195,25696,16394,32.6,66.0
Station_01,Inv_00,20170727,18:02:00,213.4,0.7,149,218.0,0.9,196,25696,16394,32.5,63.0
Station_01,Inv_00,20170727,18:03:00,218.0,0.7,153,217.0,0.8,174,25696,16394,32.5,61.0
Station_01,Inv_00,20170727,18:04:00,227.3,0.6,136,218.0,0.8,174,25696,16394,32.4,59.0
Station_01,Inv_00,20170727,18:05:00,220.5,0.6,132,218.0,0.8,174,25696,16394,32.3,58.0
Station_01,Inv_00,20170727,18:06:00,228.5,0.6,137,218.0,0.7,153,25696,16394,32.2,56.0
Station_01,Inv_00,20170727,18:07:00,228.5,0.6,137,218.0,0.7,153,25696,16394,32.1,54.0
Station_01,Inv_00,20170727,18:08:00,225.4,0.5,113,218.0,0.7,153,25696,16394,32.0,53.0
Station_01,Inv_00,20170727,18:09:00,211.0,0.6,127,218.0,0.6,131,25696,16394,32.0,53.0
Station_01,Inv_00,20170727,18:10:00,227.0,0.5,114,218.0,0.6,131,25696,16394,31.9,52.0
Station_01,Inv_00,20170727,18:11:00,222.6,0.5,111,219.0,0.6,131,25696,16394,31.9,51.0
Station_01,Inv_00,20170727,18:12:00,218.4,0.5,109,219.0,0.6,131,25696,16394,31.8,49.0
Station_01,Inv_00,20170727,18:13:00,217.0,0.4,87,219.0,0.5,110,25696,16394,31.7,48.0
Station_01,Inv_00,20170727,18:14:00,211.0,0.5,106,219.0,0.6,131,25696,16394,31.7,47.0
Station_01,Inv_00,20170727,18:15:00,216.4,0.5,108,220.0,0.5,110,25696,16394,31.6,48.0
Station_01,Inv_00,20170727,18:16:00,194.5,0.4,78,219.0,0.5,110,25696,16394,31.6,45.0
Station_01,Inv_00,20170727,18:17:00,206.0,0.4,82,218.0,0.5,109,25696,16394,31.5,45.0
Station_01,Inv_00,20170727,18:18:00,208.0,0.4,83,218.0,0.5,109,25696,16394,31.5,43.0
Station_01,Inv_00,20170727,18:19:00,209.3,0.3,63,218.0,0.5,109,25696,16394,31.5,43.0
Station_01,Inv_00,20170727,18:20:00,213.3,0.3,64,219.0,0.5,110,25696,16394,31.4,40.0
Station_01,Inv_00,20170727,18:21:00,204.7,0.3,61,218.0,0.5,109,25696,16394,31.4,38.0
Station_01,Inv_00,20170727,18:22:00,212.3,0.3,64,218.0,0.5,109,25696,16394,31.3,37.0
Station_01,Inv_00,20170727,18:23:00,204.0,0.2,41,218.0,0.4,87,25696,16394,31.2,36.0
Station_01,Inv_00,20170727,18:24:00,183.5,0.2,37,217.0,0.4,87,25696,16394,31.1,35.0
Station_01,Inv_00,20170727,18:25:00,213.0,0.2,43,217.0,0.5,109,25696,16394,31.1,35.0
Station_01,Inv_00,20170727,18:26:00,213.7,0.3,64,217.0,0.4,87,25696,16394,31.1,34.0
Station_01,Inv_00,20170727,18:27:00,209.0,0.1,21,218.0,0.4,87,25696,16394,30.9,33.0
Station_01,Inv_00,20170727,18:28:00,207.0,0.1,21,217.0,0.4,87,25696,16394,30.9,32.0
Station_01,Inv_00,20170727,18:29:00,216.5,0.2,43,219.0,0.4,88,25696,16394,30.9,31.0
Station_01,Inv_00,20170727,18:30:00,208.5,0.2,42,218.0,0.4,87,25696,16394,30.8,31.0
Station_01,Inv_00,20170727,18:31:00,204.0,0.2,41,217.0,0.4,87,25696,16394,30.8,29.0
Station_01,Inv_00,20170727,18:32:00,173.5,0.2,35,217.0,0.4,87,25696,16394,30.8,29.0
Station_01,Inv_00,20170727,18:33:00,184.0,0.2,37,217.0,0.4,87,25696,16394,30.7,28.0
Station_01,Inv_00,20170727,18:34:00,0.0,0.0,0,217.0,0.4,87,25696,16394,30.7,26.0
Station_01,Inv_00,20170727,18:35:00,0.0,0.0,0,217.0,0.4,87,25696,16394,30.6,26.0
Station_01,Inv_00,20170727,18:36:00,0.0,0.0,0,216.0,0.4,86,25696,16394,30.6,25.0
Station_01,Inv_00,20170727,18:37:00,0.0,0.0,0,217.0,0.4,87,25696,16394,30.5,24.0
Station_01,Inv_00,20170727,18:38:00,0.0,0.0,0,216.0,0.4,86,25696,16394,30.5,23.0
Station_01,Inv_00,20170727,18:39:00,0.0,0.0,0,216.0,0.4,86,25696,16394,30.5,565.0
Station_01,Inv_00,20170727,18:40:00,119.0,0.4,48,221.0,0.4,88,25696,16394,30.4,23.0
Station_01,Inv_00,20170727,18:41:00,119.0,0.4,48,221.0,0.4,88,25696,16394,30.4,23.0
Station_01,Inv_00,20170727,18:42:00,119.0,0.4,48,221.0,0.4,88,25696,16394,30.3,22.0
Station_01,Inv_00,20170727,18:43:00,119.0,0.4,48,221.0,0.4,88,25696,16394,30.3,21.0
Station_01,Inv_00,20170727,18:44:00,119.0,0.4,48,221.0,0.4,88,25696,16394,30.3,20.0
Station_01,Inv_00,20170727,18:45:00,119.0,0.4,48,221.0,0.4,88,25696,16394,30.2,19.0
Station_01,Inv_00,20170727,18:46:00,119.0,0.4,48,221.0,0.4,88,25696,16394,30.2,19.0
Station_01,Inv_00,20170727,18:47:00,119.0,0.4,48,221.0,0.4,88,25696,16394,30.2,19.0
Station_01,Inv_00,20170727,18:48:00,119.0,0.4,48,221.0,0.4,88,25696,16394,30.1,19.0
Station_01,Inv_00,20170727,18:49:00,119.0,0.4,48,221.0,0.4,88,25696,16394,30.1,19.0
Station_01,Inv_00,20170727,18:50:00,119.0,0.4,48,221.0,0.4,88,25696,16394,30.0,18.0
Station_01,Inv_00,20170727,18:51:00,119.0,0.4,48,221.0,0.4,88,25696,16394,30.0,18.0
Station_01,Inv_00,20170727,18:52:00,119.0,0.4,48,221.0,0.4,88,25696,16394,29.9,18.0
Station_01,Inv_00,20170727,18:53:00,119.0,0.4,48,221.0,0.4,88,25696,16394,29.9,18.0
Station_01,Inv_00,20170727,18:54:00,119.0,0.4,48,221.0,0.4,88,25696,16394,29.8,17.0
Station_01,Inv_00,20170727,18:55:00,119.0,0.4,48,221.0,0.4,88,25696,16394,29.9,18.0
Station_01,Inv_00,20170727,18:56:00,119.0,0.4,48,221.0,0.4,88,25696,16394,29.7,17.0
Station_01,Inv_00,20170727,18:57:00,119.0,0.4,48,221.0,0.4,88,25696,16394,29.7,17.0
Station_01,Inv_00,20170727,18:58:00,119.0,0.4,48,221.0,0.4,88,25696,16394,29.7,18.0
Station_01,Inv_00,20170727,18:59:00,119.0,0.4,48,221.0,0.4,88,25696,16394,29.7,17.0
Station_01,Inv_00,20170727,19:00:00,119.0,0.4,48,221.0,0.4,88,25696,16394,29.7,17.0
Station_01,Inv_00,20170727,19:01:00,119.0,0.4,48,221.0,0.4,88,25696,16394,29.7,17.0
Station_01,Inv_00,20170727,19:02:00,119.0,0.4,48,221.0,0.4,88,25696,16394,29.8,17.0
Station_01,Inv_00,20170727,19:03:00,119.0,0.4,48,221.0,0.4,88,25696,16394,29.7,17.0
Station_01,Inv_00,20170727,19:04:00,119.0,0.4,48,221.0,0.4,88,25696,16394,29.7,17.0
Station_01,Inv_00,20170727,19:05:00,119.0,0.4,48,221.0,0.4,88,25696,16394,29.7,17.0
Station_01,Inv_00,20170727,19:06:00,119.0,0.4,48,221.0,0.4,88,25696,16394,29.5,17.0
Station_01,Inv_00,20170727,19:07:00,119.0,0.4,48,221.0,0.4,88,25696,16394,29.6,17.0
Station_01,Inv_00,20170727,19:08:00,119.0,0.4,48,221.0,0.4,88,25696,16394,29.6,17.0
Station_01,Inv_00,20170727,19:09:00,119.0,0.4,48,221.0,0.4,88,25696,16394,29.6,17.0
Station_01,Inv_00,20170727,19:10:00,119.0,0.4,48,221.0,0.4,88,25696,16394,29.7,17.0
Station_01,Inv_00,20170727,19:11:00,119.0,0.4,48,221.0,0.4,88,25696,16394,29.7,18.0
Station_01,Inv_00,20170727,19:12:00,119.0,0.4,48,221.0,0.4,88,25696,16394,29.7,17.0
Station_01,Inv_00,20170727,19:13:00,119.0,0.4,48,221.0,0.4,88,25696,16394,29.6,17.0
Station_01,Inv_00,20170727,19:14:00,119.0,0.4,48,221.0,0.4,88,25696,16394,29.6,18.0
Station_01,Inv_00,20170727,19:15:00,119.0,0.4,48,221.0,0.4,88,25696,16394,29.6,24.0
Station_01,Inv_00,20170727,19:16:00,119.0,0.4,48,221.0,0.4,88,25696,16394,29.6,18.0
Station_01,Inv_00,20170727,19:17:00,119.0,0.4,48,221.0,0.4,88,25696,16394,29.6,18.0
Station_01,Inv_00,20170727,19:18:00,119.0,0.4,48,221.0,0.4,88,25696,16394,29.7,18.0
Station_01,Inv_00,20170727,19:19:00,119.0,0.4,48,221.0,0.4,88,25696,16394,29.7,18.0
Station_01,Inv_00,20170727,19:20:00,119.0,0.4,48,221.0,0.4,88,25696,16394,29.8,18.0
Station_01,Inv_00,20170727,19:21:00,119.0,0.4,48,221.0,0.4,88,25696,16394,29.8,18.0
Station_01,Inv_00,20170727,19:22:00,119.0,0.4,48,221.0,0.4,88,25696,16394,29.8,18.0
Station_01,Inv_00,20170727,19:23:00,119.0,0.4,48,221.0,0.4,88,25696,16394,29.9,18.0
Station_01,Inv_00,20170727,19:24:00,119.0,0.4,48,221.0,0.4,88,25696,16394,29.9,18.0
Station_01,Inv_00,20170727,19:25:00,119.0,0.4,48,221.0,0.4,88,25696,16394,30.0,18.0
Station_01,Inv_00,20170727,19:26:00,119.0,0.4,48,221.0,0.4,88,25696,16394,30.0,18.0
Station_01,Inv_00,20170727,19:27:00,119.0,0.4,48,221.0,0.4,88,25696,16394,30.0,18.0
Station_01,Inv_00,20170727,19:28:00,119.0,0.4,48,221.0,0.4,88,25696,16394,30.1,18.0
Station_01,Inv_00,20170727,19:29:00,119.0,0.4,48,221.0,0.4,88,25696,16394,30.0,18.0
Station_01,Inv_00,20170727,19:30:00,119.0,0.4,48,221.0,0.4,88,25696,16394,30.1,18.0
Station_01,Inv_00,20170727,19:31:00,119.0,0.4,48,221.0,0.4,88,25696,16394,30.1,18.0
Station_01,Inv_00,20170727,19:32:00,119.0,0.4,48,221.0,0.4,88,25696,16394,30.1,18.0
Station_01,Inv_00,20170727,19:33:00,119.0,0.4,48,221.0,0.4,88,25696,16394,30.1,18.0
Station_01,Inv_00,20170727,19:34:00,119.0,0.4,48,221.0,0.4,88,25696,16394,30.1,19.0
Station_01,Inv_00,20170727,19:35:00,119.0,0.4,48,221.0,0.4,88,25696,16394,30.1,18.0
Station_01,Inv_00,20170727,19:36:00,119.0,0.4,48,221.0,0.4,88,25696,16394,30.1,18.0
Station_01,Inv_00,20170727,19:37:00,119.0,0.4,48,221.0,0.4,88,25696,16394,30.1,18.0
Station_01,Inv_00,20170727,19:38:00,119.0,0.4,48,221.0,0.4,88,25696,16394,30.1,18.0
Station_01,Inv_00,20170727,19:39:00,119.0,0.4,48,221.0,0.4,88,25696,16394,30.2,19.0
Station_01,Inv_00,20170727,19:40:00,119.0,0.4,48,221.0,0.4,88,25696,16394,30.1,18.0
Station_01,Inv_00,20170727,19:41:00,119.0,0.4,48,221.0,0.4,88,25696,16394,30.1,18.0
Station_01,Inv_00,20170727,19:42:00,119.0,0.4,48,221.0,0.4,88,25696,16394,30.1,18.0
Station_01,Inv_00,20170727,19:43:00,119.0,0.4,48,221.0,0.4,88,25696,16394,30.1,18.0
Station_01,Inv_00,20170727,19:44:00,119.0,0.4,48,221.0,0.4,88,25696,16394,30.1,18.0
Station_01,Inv_00,20170727,19:45:00,119.0,0.4,48,221.0,0.4,88,25696,16394,30.0,18.0
Station_01,Inv_00,20170727,19:46:00,119.0,0.4,48,221.0,0.4,88,25696,16394,30.1,18.0
Station_01,Inv_00,20170727,19:47:00,119.0,0.4,48,221.0,0.4,88,25696,16394,30.1,18.0
Station_01,Inv_00,20170727,19:48:00,119.0,0.4,48,221.0,0.4,88,25696,16394,30.1,18.0
Station_01,Inv_00,20170727,19:49:00,119.0,0.4,48,221.0,0.4,88,25696,16394,30.0,18.0
Station_01,Inv_00,20170727,19:50:00,119.0,0.4,48,221.0,0.4,88,25696,16394,30.0,18.0
Station_01,Inv_00,20170727,19:51:00,119.0,0.4,48,221.0,0.4,88,25696,16394,30.0,18.0
Station_01,Inv_00,20170727,19:52:00,119.0,0.4,48,221.0,0.4,88,25696,16394,30.0,18.0
Station_01,Inv_00,20170727,19:53:00,119.0,0.4,48,221.0,0.4,88,25696,16394,29.9,18.0
Station_01,Inv_00,20170727,19:54:00,119.0,0.4,48,221.0,0.4,88,25696,16394,29.9,18.0
Station_01,Inv_00,20170727,19:55:00,119.0,0.4,48,221.0,0.4,88,25696,16394,29.8,17.0
Station_01,Inv_00,20170727,19:56:00,119.0,0.4,48,221.0,0.4,88,25696,16394,29.8,18.0
Station_01,Inv_00,20170727,19:57:00,119.0,0.4,48,221.0,0.4,88,25696,16394,29.8,18.0
Station_01,Inv_00,20170727,19:58:00,119.0,0.4,48,221.0,0.4,88,25696,16394,29.8,18.0
Station_01,Inv_00,20170727,19:59:00,119.0,0.4,48,221.0,0.4,88,25696,16394,29.7,18.0
Station_01,Inv_00,20170727,20:00:00,119.0,0.4,48,221.0,0.4,88,25696,16394,29.7,18.0
