Station_01,Inv_00,20170621,05:00:00,0.0,0.0,0,219.0,0.5,110,25026,15967,27.4,17.0
Station_01,Inv_00,20170621,05:01:00,0.0,0.0,0,219.0,0.5,110,25026,15967,27.3,17.0
Station_01,Inv_00,20170621,05:02:00,0.0,0.0,0,219.0,0.5,110,25026,15967,27.4,17.0
Station_01,Inv_00,20170621,05:03:00,0.0,0.0,0,219.0,0.5,110,25026,15967,27.5,18.0
Station_01,Inv_00,20170621,05:04:00,0.0,0.0,0,219.0,0.5,110,25026,15967,27.4,18.0
Station_01,Inv_00,20170621,05:05:00,0.0,0.0,0,219.0,0.5,110,25026,15967,27.4,18.0
Station_01,Inv_00,20170621,05:06:00,0.0,0.0,0,219.0,0.5,110,25026,15967,27.3,18.0
Station_01,Inv_00,20170621,05:07:00,0.0,0.0,0,219.0,0.5,110,25026,15967,27.3,18.0
Station_01,Inv_00,20170621,05:08:00,0.0,0.0,0,219.0,0.5,110,25026,15967,27.2,18.0
Station_01,Inv_00,20170621,05:09:00,0.0,0.0,0,219.0,0.5,110,25026,15967,27.2,18.0
Station_01,Inv_00,20170621,05:10:00,0.0,0.0,0,219.0,0.5,110,25026,15967,27.2,18.0
Station_01,Inv_00,20170621,05:11:00,0.0,0.0,0,219.0,0.5,110,25026,15967,27.1,19.0
Station_01,Inv_00,20170621,05:12:00,0.0,0.0,0,219.0,0.5,110,25026,15967,27.1,18.0
Station_01,Inv_00,20170621,05:13:00,0.0,0.0,0,219.0,0.5,110,25026,15967,27.1,19.0
Station_01,Inv_00,20170621,05:14:00,0.0,0.0,0,219.0,0.5,110,25026,15967,27.0,19.0
Station_01,Inv_00,20170621,05:15:00,0.0,0.0,0,219.0,0.5,110,25026,15967,27.0,19.0
Station_01,Inv_00,20170621,05:16:00,0.0,0.0,0,219.0,0.5,110,25026,15967,27.1,19.0
Station_01,Inv_00,20170621,05:17:00,0.0,0.0,0,219.0,0.5,110,25026,15967,27.0,20.0
Station_01,Inv_00,20170621,05:18:00,0.0,0.0,0,219.0,0.5,110,25026,15967,27.0,20.0
Station_01,Inv_00,20170621,05:19:00,0.0,0.0,0,219.0,0.5,110,25026,15967,27.0,499.0
Station_01,Inv_00,20170621,05:20:00,0.0,0.0,0,219.0,0.5,110,25026,15967,27.1,21.0
Station_01,Inv_00,20170621,05:21:00,0.0,0.0,0,219.0,0.5,110,25026,15967,27.0,21.0
Station_01,Inv_00,20170621,05:22:00,0.0,0.0,0,219.0,0.5,110,25026,15967,27.0,22.0
Station_01,Inv_00,20170621,05:23:00,0.0,0.0,0,219.0,0.5,110,25026,15967,27.0,22.0
Station_01,Inv_00,20170621,05:24:00,0.0,0.0,0,219.0,0.5,110,25026,15967,27.0,22.0
Station_01,Inv_00,20170621,05:25:00,0.0,0.0,0,219.0,0.5,110,25026,15967,27.0,23.0
Station_01,Inv_00,20170621,05:26:00,0.0,0.0,0,219.0,0.5,110,25026,15967,27.0,23.0
Station_01,Inv_00,20170621,05:27:00,0.0,0.0,0,219.0,0.5,110,25026,15967,27.0,23.0
Station_01,Inv_00,20170621,05:28:00,0.0,0.0,0,219.0,0.5,110,25026,15967,27.0,24.0
Station_01,Inv_00,20170621,05:29:00,0.0,0.0,0,219.0,0.5,110,25026,15967,27.0,24.0
Station_01,Inv_00,20170621,05:30:00,0.0,0.0,0,219.0,0.5,110,25026,15967,27.0,25.0
Station_01,Inv_00,20170621,05:31:00,0.0,0.0,0,219.0,0.5,110,25026,15967,27.0,25.0
Station_01,Inv_00,20170621,05:32:00,0.0,0.0,0,220.0,0.5,110,25026,15967,27.1,26.0
Station_01,Inv_00,20170621,05:33:00,0.0,0.0,0,219.0,0.5,110,25026,15967,27.0,27.0
Station_01,Inv_00,20170621,05:34:00,0.0,0.0,0,218.0,0.5,109,25026,15967,27.1,27.0
Station_01,Inv_00,20170621,05:35:00,0.0,0.0,0,218.0,0.5,109,25026,15967,27.1,28.0
Station_01,Inv_00,20170621,05:36:00,0.0,0.0,0,219.0,0.5,110,25026,15967,27.1,29.0
Station_01,Inv_00,20170621,05:37:00,218.0,0.2,44,214.0,0.4,86,25026,15967,27.2,503.0
Station_01,Inv_00,20170621,05:38:00,225.0,0.2,45,214.0,0.4,86,25026,15967,27.2,30.0
Station_01,Inv_00,20170621,05:39:00,227.5,0.2,46,214.0,0.4,86,25026,15967,27.2,31.0
Station_01,Inv_00,20170621,05:40:00,229.0,0.2,46,217.0,0.4,87,25026,15967,27.3,32.0
Station_01,Inv_00,20170621,05:41:00,225.5,0.2,45,218.0,0.4,87,25026,15967,27.3,32.0
Station_01,Inv_00,20170621,05:42:00,211.3,0.3,63,218.0,0.4,87,25026,15967,27.3,33.0
Station_01,Inv_00,20170621,05:43:00,171.0,0.3,51,217.0,0.4,87,25026,15967,27.4,35.0
Station_01,Inv_00,20170621,05:44:00,160.3,0.3,48,217.0,0.4,87,25026,15967,27.4,35.0
Station_01,Inv_00,20170621,05:45:00,150.3,0.3,45,217.0,0.5,109,25026,15967,27.4,36.0
Station_01,Inv_00,20170621,05:46:00,183.7,0.3,55,217.0,0.5,109,25026,15967,27.5,37.0
Station_01,Inv_00,20170621,05:47:01,207.3,0.3,62,217.0,0.5,109,25026,15967,27.5,39.0
Station_01,Inv_00,20170621,05:48:00,187.8,0.4,75,217.0,0.5,109,25026,15967,27.5,40.0
Station_01,Inv_00,20170621,05:49:00,175.5,0.4,70,218.0,0.5,109,25026,15967,27.5,42.0
Station_01,Inv_00,20170621,05:50:00,213.7,0.3,64,218.0,0.5,109,25026,15967,27.6,44.0
Station_01,Inv_00,20170621,05:51:00,193.8,0.5,97,220.0,0.5,110,25026,15967,27.6,45.0
Station_01,Inv_00,20170621,05:52:00,208.6,0.5,104,217.0,0.6,130,25026,15967,27.7,47.0
Station_01,Inv_00,20170621,05:53:00,203.6,0.5,102,215.0,0.6,129,25026,15967,27.8,49.0
Station_01,Inv_00,20170621,05:54:00,232.4,0.5,116,215.0,0.6,129,25026,15967,27.8,51.0
Station_01,Inv_00,20170621,05:55:00,212.4,0.5,106,215.0,0.7,151,25026,15967,27.9,52.0
Station_01,Inv_00,20170621,05:56:00,200.0,0.6,120,215.0,0.7,151,25026,15967,27.9,54.0
Station_01,Inv_00,20170621,05:57:00,211.9,0.7,148,215.0,0.8,172,25026,15967,27.9,56.0
Station_01,Inv_00,20170621,05:58:00,220.9,0.7,155,214.0,0.8,171,25026,15967,28.1,58.0
Station_01,Inv_00,20170621,05:59:00,224.9,0.7,157,216.0,0.9,194,25026,15967,28.1,60.0
Station_01,Inv_00,20170621,06:00:00,203.7,0.7,143,216.0,0.8,173,25026,15967,28.1,62.0
Station_01,Inv_00,20170621,06:01:00,207.4,0.7,145,215.0,0.9,194,25026,15967,28.2,64.0
Station_01,Inv_00,20170621,06:02:00,231.3,0.7,162,214.0,1.0,214,25026,15967,28.3,66.0
Station_01,Inv_00,20170621,06:03:00,212.0,0.9,191,214.0,1.0,214,25026,15967,28.3,68.0
Station_01,Inv_00,20170621,06:04:00,191.8,0.9,173,214.0,0.9,193,25026,15967,28.4,69.0
Station_01,Inv_00,20170621,06:05:00,224.8,0.9,202,215.0,1.0,215,25026,15967,28.4,71.0
Station_01,Inv_00,20170621,06:06:00,193.0,0.9,174,214.0,1.0,214,25026,15967,28.5,73.0
Station_01,Inv_00,20170621,06:07:00,186.9,0.9,168,214.0,1.0,214,25026,15967,28.5,74.0
Station_01,Inv_00,20170621,06:08:00,175.4,0.9,158,214.0,0.9,193,25026,15967,28.6,76.0
Station_01,Inv_00,20170621,06:09:00,165.0,1.0,165,214.0,0.9,193,25026,15967,28.6,77.0
Station_01,Inv_00,20170621,06:10:00,160.0,0.9,144,214.0,0.9,193,25026,15967,28.7,78.0
Station_01,Inv_00,20170621,06:11:00,161.0,1.0,161,213.0,0.9,192,25026,15967,28.7,80.0
Station_01,Inv_00,20170621,06:12:00,212.3,0.9,191,214.0,1.1,235,25026,15967,28.8,82.0
Station_01,Inv_00,20170621,06:13:00,235.0,1.0,235,216.0,1.2,259,25026,15967,28.8,84.0
Station_01,Inv_00,20170621,06:14:00,228.8,1.1,252,216.0,1.2,259,25026,15967,28.9,86.0
Station_01,Inv_00,20170621,06:15:00,231.5,1.1,255,218.0,1.2,262,25026,15967,28.9,89.0
Station_01,Inv_00,20170621,06:16:00,230.0,1.2,276,217.0,1.3,282,25026,15967,29.0,92.0
Station_01,Inv_00,20170621,06:17:00,237.5,1.2,285,217.0,1.3,282,25026,15967,29.0,96.0
Station_01,Inv_00,20170621,06:18:00,232.1,1.3,302,217.0,1.4,304,25026,15967,29.1,99.0
Station_01,Inv_00,20170621,06:19:00,227.5,1.4,319,217.0,1.4,304,25026,15967,29.2,103.0
Station_01,Inv_00,20170621,06:20:00,237.0,1.4,332,217.0,1.5,326,25026,15967,29.3,106.0
Station_01,Inv_00,20170621,06:21:00,248.5,1.4,348,218.0,1.5,327,25026,15967,29.4,110.0
Station_01,Inv_00,20170621,06:22:00,239.3,1.5,359,217.0,1.6,347,25026,15967,29.5,113.0
Station_01,Inv_00,20170621,06:23:00,227.9,1.6,365,219.0,1.5,329,25026,15967,29.6,116.0
Station_01,Inv_00,20170621,06:24:00,240.5,1.6,385,218.0,1.6,349,25026,15967,29.8,119.0
Station_01,Inv_00,20170621,06:25:00,241.0,1.6,386,218.0,1.7,371,25026,15967,29.8,121.0
Station_01,Inv_00,20170621,06:26:00,231.0,1.7,393,218.0,1.7,371,25026,15967,30.0,123.0
Station_01,Inv_00,20170621,06:27:00,238.9,1.7,406,218.0,1.8,392,25026,15967,30.1,126.0
Station_01,Inv_00,20170621,06:28:00,233.5,1.7,397,218.0,1.8,392,25026,15967,30.2,127.0
Station_01,Inv_00,20170621,06:29:00,243.5,1.7,414,218.0,1.8,392,25026,15967,30.1,127.0
Station_01,Inv_00,20170621,06:30:00,237.0,1.8,427,216.0,1.8,389,25026,15967,30.3,128.0
Station_01,Inv_00,20170621,06:31:00,234.9,1.8,423,217.0,1.8,391,25026,15967,30.4,129.0
Station_01,Inv_00,20170621,06:32:00,240.0,1.8,432,216.0,1.9,410,25026,15967,30.4,130.0
Station_01,Inv_00,20170621,06:33:00,239.0,1.8,430,216.0,1.9,410,25026,15967,30.4,131.0
Station_01,Inv_00,20170621,06:34:00,244.0,1.8,439,216.0,1.9,410,25026,15967,30.6,132.0
Station_01,Inv_00,20170621,06:35:00,241.0,1.8,434,216.0,1.9,410,25026,15967,30.6,133.0
Station_01,Inv_00,20170621,06:36:00,239.5,1.9,455,216.0,2.0,432,25026,15967,30.5,135.0
Station_01,Inv_00,20170621,06:37:00,241.5,1.9,459,216.0,2.0,432,25026,15967,30.7,135.0
Station_01,Inv_00,20170621,06:38:00,241.8,1.8,435,216.0,2.0,432,25026,15967,30.9,135.0
Station_01,Inv_00,20170621,06:39:00,239.4,1.9,455,216.0,2.0,432,25026,15967,30.8,135.0
Station_01,Inv_00,20170621,06:40:00,189.0,1.9,359,218.0,1.6,349,25026,15967,30.9,134.0
Station_01,Inv_00,20170621,06:41:00,229.4,1.9,436,216.0,1.9,410,25026,15967,30.8,134.0
Station_01,Inv_00,20170621,06:42:00,242.2,1.8,436,217.0,1.9,412,25026,15967,30.9,134.0
Station_01,Inv_00,20170621,06:43:00,235.3,1.7,400,216.0,1.9,410,25026,15967,30.9,133.0
Station_01,Inv_00,20170621,06:44:00,232.0,1.9,441,216.0,1.9,410,25026,15967,30.9,134.0
Station_01,Inv_00,20170621,06:45:00,244.5,1.8,440,216.0,1.9,410,25026,15967,30.9,133.0
Station_01,Inv_00,20170621,06:46:00,239.0,1.8,430,216.0,2.0,432,25026,15967,30.9,134.0
Station_01,Inv_00,20170621,06:47:00,239.0,1.8,430,216.0,2.0,432,25026,15967,30.9,141.0
Station_01,Inv_00,20170621,06:48:00,222.5,1.9,423,216.0,1.9,410,25026,15967,30.9,134.0
Station_01,Inv_00,20170621,06:49:00,189.7,1.9,361,216.0,1.6,346,25026,15967,30.9,135.0
Station_01,Inv_00,20170621,06:50:00,239.5,1.9,455,216.0,2.0,432,25026,15967,31.0,136.0
Station_01,Inv_00,20170621,06:51:00,225.0,1.8,405,218.0,1.9,414,25026,15967,31.1,136.0
Station_01,Inv_00,20170621,06:52:00,236.8,1.9,450,219.0,2.0,438,25026,15967,31.1,136.0
Station_01,Inv_00,20170621,06:53:00,165.0,1.8,297,217.0,1.5,326,25026,15967,31.1,136.0
Station_01,Inv_00,20170621,06:54:00,176.8,1.9,336,217.0,1.5,326,25026,15967,31.1,137.0
Station_01,Inv_00,20170621,06:55:00,237.6,1.9,451,217.0,2.0,434,25026,15967,31.1,136.0
Station_01,Inv_00,20170621,06:56:00,239.8,1.9,456,216.0,2.0,432,25026,15967,31.2,136.0
Station_01,Inv_00,20170621,06:57:00,239.0,1.9,454,216.0,2.0,432,25026,15967,31.1,136.0
Station_01,Inv_00,20170621,06:58:00,242.8,1.9,461,217.0,2.0,434,25026,15967,31.2,136.0
Station_01,Inv_00,20170621,06:59:00,245.9,1.9,467,217.0,2.0,434,25026,15967,31.1,142.0
Station_01,Inv_00,20170621,07:00:00,242.8,1.9,461,216.0,2.0,432,25026,15967,31.2,139.0
Station_01,Inv_00,20170621,07:01:00,239.4,2.0,479,216.0,2.0,432,25026,15967,31.2,141.0
Station_01,Inv_00,20170621,07:02:00,244.0,2.0,488,216.0,2.1,454,25026,15967,31.2,144.0
Station_01,Inv_00,20170621,07:03:00,241.5,1.9,459,216.0,2.1,454,25026,15967,31.2,147.0
Station_01,Inv_00,20170621,07:04:00,236.0,2.1,496,216.0,2.2,475,25026,15967,31.3,150.0
Station_01,Inv_00,20170621,07:05:00,235.0,2.2,517,216.0,2.2,475,25026,15967,31.4,154.0
Station_01,Inv_00,20170621,07:06:00,242.5,2.2,534,215.0,2.3,494,25026,15967,31.5,157.0
Station_01,Inv_00,20170621,07:07:00,245.5,2.2,540,215.0,2.4,516,25026,15967,31.7,161.0
Station_01,Inv_00,20170621,07:08:00,234.5,2.4,563,215.0,2.4,516,25026,15967,31.7,165.0
Station_01,Inv_00,20170621,07:09:00,234.7,2.4,563,216.0,2.5,540,25026,15967,31.8,168.0
Station_01,Inv_00,20170621,07:10:00,238.0,2.5,595,216.0,2.5,540,25026,15967,32.0,172.0
Station_01,Inv_00,20170621,07:11:00,237.5,2.5,594,216.0,2.6,562,25026,15967,32.2,177.0
Station_01,Inv_00,20170621,07:12:00,243.7,2.5,609,216.0,2.6,562,25026,15967,32.3,178.0
Station_01,Inv_00,20170621,07:13:00,244.9,2.5,612,216.0,2.6,562,25026,15967,32.4,178.0
Station_01,Inv_00,20170621,07:14:00,243.0,2.5,607,216.0,2.6,562,25026,15967,32.4,176.0
Station_01,Inv_00,20170621,07:15:00,235.0,2.5,587,217.0,2.5,543,25026,15967,32.7,175.0
Station_01,Inv_00,20170621,07:16:00,245.1,2.4,588,216.0,2.6,562,25026,15967,32.5,176.0
Station_01,Inv_00,20170621,07:17:00,235.4,2.5,589,217.0,2.5,543,25026,15967,32.7,176.0
Station_01,Inv_00,20170621,07:18:00,238.4,2.5,596,216.0,2.6,562,25026,15967,32.8,176.0
Station_01,Inv_00,20170621,07:19:00,245.0,2.5,612,217.0,2.6,564,25026,15967,32.8,178.0
Station_01,Inv_00,20170621,07:20:00,232.7,2.6,605,216.0,2.6,562,25026,15967,32.8,180.0
Station_01,Inv_00,20170621,07:21:00,242.9,2.6,632,215.0,2.7,581,25026,15967,32.8,183.0
Station_01,Inv_00,20170621,07:22:00,241.5,2.7,652,217.0,2.8,608,25026,15967,32.9,186.0
Station_01,Inv_00,20170621,07:23:00,237.0,2.8,664,217.0,2.8,608,25026,15967,32.7,191.0
Station_01,Inv_00,20170621,07:24:00,239.5,2.9,695,217.0,2.9,629,25026,15967,33.0,196.0
Station_01,Inv_00,20170621,07:25:00,235.4,2.9,683,217.0,3.0,651,25026,15967,33.3,200.0
Station_01,Inv_00,20170621,07:26:00,234.0,3.0,702,217.0,3.1,673,25026,15967,33.4,206.0
Station_01,Inv_00,20170621,07:27:00,227.4,3.1,705,217.0,3.1,673,25026,15967,33.6,211.0
Station_01,Inv_00,20170621,07:28:00,238.0,3.2,762,217.0,3.3,716,25026,15967,33.9,215.0
Station_01,Inv_00,20170621,07:29:00,240.0,3.2,768,216.0,3.4,734,25026,15967,33.8,223.0
Station_01,Inv_00,20170621,07:30:00,233.5,3.3,771,217.0,3.4,738,25026,15967,34.0,225.0
Station_01,Inv_00,20170621,07:31:00,238.0,3.4,809,216.0,3.5,756,25026,15967,34.4,229.0
Station_01,Inv_00,20170621,07:32:00,241.9,3.4,823,216.0,3.6,778,25026,15967,34.4,232.0
Station_01,Inv_00,20170621,07:33:00,238.5,3.3,787,216.0,3.6,778,25026,15967,34.6,234.0
Station_01,Inv_00,20170621,07:34:00,243.0,3.4,826,216.0,3.6,778,25026,15967,34.8,234.0
Station_01,Inv_00,20170621,07:35:00,233.5,3.5,817,216.0,3.6,778,25026,15967,34.9,235.0
Station_01,Inv_00,20170621,07:36:00,238.8,3.6,860,217.0,3.6,781,25026,15967,35.0,239.0
Station_01,Inv_00,20170621,07:37:00,238.5,3.5,835,217.0,3.6,781,25026,15967,35.0,237.0
Station_01,Inv_00,20170621,07:38:00,238.0,3.5,833,218.0,3.6,785,25026,15967,35.3,236.0
Station_01,Inv_00,20170621,07:39:00,233.5,3.4,794,217.0,3.6,781,25026,15967,35.4,236.0
Station_01,Inv_00,20170621,07:40:00,233.5,3.4,794,216.0,3.5,756,25026,15967,35.6,235.0
Station_01,Inv_00,20170621,07:41:00,229.5,3.4,780,216.0,3.5,756,25026,15967,35.4,234.0
Station_01,Inv_00,20170621,07:42:00,235.4,3.4,800,217.0,3.5,760,25026,15967,35.4,232.0
Station_01,Inv_00,20170621,07:43:00,241.5,3.3,797,217.0,3.5,760,25026,15967,35.7,232.0
Station_01,Inv_00,20170621,07:44:00,236.0,3.2,755,217.0,3.4,738,25026,15967,35.2,232.0
Station_01,Inv_00,20170621,07:45:00,242.5,3.3,800,216.0,3.5,756,25026,15967,35.4,233.0
Station_01,Inv_00,20170621,07:46:00,239.4,3.4,814,217.0,3.5,760,25026,15967,35.2,234.0
Station_01,Inv_00,20170621,07:47:00,242.0,3.3,799,217.0,3.6,781,25026,15967,35.3,236.0
Station_01,Inv_00,20170621,07:48:00,240.4,3.4,817,217.0,3.6,781,25026,15967,34.9,237.0
Station_01,Inv_00,20170621,07:49:00,233.0,3.5,815,217.0,3.6,781,25026,15967,35.0,239.0
Station_01,Inv_00,20170621,07:50:00,244.0,3.4,830,218.0,3.6,785,25026,15967,35.2,241.0
Station_01,Inv_00,20170621,07:51:00,239.5,3.5,838,218.0,3.6,785,25026,15967,35.2,243.0
Station_01,Inv_00,20170621,07:52:00,240.0,3.5,840,218.0,3.6,785,25026,15967,35.7,242.0
Station_01,Inv_00,20170621,07:53:00,242.0,3.5,847,217.0,3.6,781,25026,15967,35.5,242.0
Station_01,Inv_00,20170621,07:54:00,238.5,3.4,811,217.0,3.6,781,25026,15967,35.6,240.0
Station_01,Inv_00,20170621,07:55:00,241.3,3.4,820,216.0,3.6,778,25027,15967,35.8,238.0
Station_01,Inv_00,20170621,07:56:00,239.8,3.4,815,216.0,3.5,756,25027,15967,35.6,238.0
Station_01,Inv_00,20170621,07:57:00,240.5,3.2,770,218.0,3.5,763,25027,15967,35.4,236.0
Station_01,Inv_00,20170621,07:58:00,235.8,3.4,802,219.0,3.5,767,25027,15967,35.1,239.0
Station_01,Inv_00,20170621,07:59:00,238.9,3.4,812,219.0,3.5,767,25027,15967,35.3,237.0
Station_01,Inv_00,20170621,08:00:00,239.4,3.3,790,217.0,3.5,760,25027,15967,35.4,234.0
Station_01,Inv_00,20170621,08:01:00,241.5,3.1,749,216.0,3.4,734,25027,15967,35.4,232.0
Station_01,Inv_00,20170621,08:02:00,236.4,3.2,757,216.0,3.3,713,25027,15967,35.6,228.0
Station_01,Inv_00,20170621,08:03:00,240.5,3.3,794,216.0,3.4,734,25027,15967,35.5,231.0
Station_01,Inv_00,20170621,08:04:00,240.9,3.1,747,215.0,3.2,688,25027,15967,35.4,225.0
Station_01,Inv_00,20170621,08:05:00,229.0,3.0,687,218.0,3.1,676,25027,15967,35.3,215.0
Station_01,Inv_00,20170621,08:06:00,229.0,3.0,687,218.0,3.1,676,25027,15967,35.5,218.0
Station_01,Inv_00,20170621,08:07:00,221.9,3.2,710,217.0,3.1,673,25027,15967,35.7,223.0
Station_01,Inv_00,20170621,08:08:00,234.0,3.4,796,217.0,3.6,781,25027,15967,35.4,243.0
Station_01,Inv_00,20170621,08:09:00,223.5,5.8,1296,218.0,5.6,1221,25027,15967,36.2,423.0
Station_01,Inv_00,20170621,08:10:00,226.0,8.8,1989,218.0,8.6,1875,25027,15967,38.3,559.0
Station_01,Inv_00,20170621,08:11:00,234.0,5.5,1287,217.0,5.6,1215,25027,15967,38.5,400.0
Station_01,Inv_00,20170621,08:12:00,231.0,7.0,1617,217.0,6.8,1476,25027,15967,39.3,405.0
Station_01,Inv_00,20170621,08:13:00,234.0,5.9,1380,217.0,5.9,1280,25027,15967,38.9,412.0
Station_01,Inv_00,20170621,08:14:00,241.4,4.9,1183,218.0,5.1,1112,25027,15967,39.8,356.0
Station_01,Inv_00,20170621,08:15:00,235.5,5.1,1201,218.0,5.1,1112,25027,15967,40.1,347.0
Station_01,Inv_00,20170621,08:16:00,232.5,8.7,2023,217.0,8.6,1866,25027,15967,40.0,448.0
Station_01,Inv_00,20170621,08:17:00,227.5,7.4,1684,217.0,7.6,1649,25027,15967,42.8,564.0
Station_01,Inv_00,20170621,08:18:00,227.5,5.3,1206,218.0,5.2,1134,25027,15967,41.0,363.0
Station_01,Inv_00,20170621,08:19:00,226.0,4.7,1062,217.0,4.6,998,25027,15967,41.2,323.0
Station_01,Inv_00,20170621,08:20:00,228.5,4.5,1028,216.0,4.5,972,25027,15967,41.1,302.0
Station_01,Inv_00,20170621,08:21:00,230.9,4.8,1108,217.0,4.9,1063,25027,15967,41.1,347.0
Station_01,Inv_00,20170621,08:22:00,235.0,4.5,1058,218.0,4.4,959,25027,15967,40.7,317.0
Station_01,Inv_00,20170621,08:23:00,232.5,3.9,907,218.0,3.9,850,25027,15967,40.6,296.0
Station_01,Inv_00,20170621,08:24:00,239.0,4.8,1147,218.0,4.6,1003,25027,15967,39.9,312.0
Station_01,Inv_00,20170621,08:25:00,239.0,9.0,2151,220.0,8.3,1826,25027,15967,40.0,403.0
Station_01,Inv_00,20170621,08:26:00,233.0,10.0,2330,221.0,9.9,2188,25027,15967,43.0,650.0
Station_01,Inv_00,20170621,08:27:00,235.9,8.4,1982,220.0,8.5,1870,25027,15967,43.8,575.0
Station_01,Inv_00,20170621,08:28:00,238.4,8.9,2122,220.0,9.3,2046,25027,15967,44.9,624.0
Station_01,Inv_00,20170621,08:29:00,234.5,10.7,2509,221.0,10.8,2387,25027,15967,44.7,710.0
Station_01,Inv_00,20170621,08:30:00,230.0,10.6,2438,221.0,10.5,2321,25027,15967,46.4,664.0
Station_01,Inv_00,20170621,08:31:00,231.0,9.9,2287,220.0,9.8,2156,25027,15967,45.9,660.0
Station_01,Inv_00,20170621,08:32:00,224.0,10.1,2262,220.0,9.8,2156,25027,15967,47.2,654.0
Station_01,Inv_00,20170621,08:33:00,221.5,9.1,2015,219.0,8.8,1927,25027,15967,48.2,613.0
Station_01,Inv_00,20170621,08:34:00,228.0,10.4,2371,219.0,10.2,2234,25027,15967,48.7,673.0
Station_01,Inv_00,20170621,08:35:00,226.5,10.2,2310,219.0,9.9,2168,25027,15967,49.5,673.0
Station_01,Inv_00,20170621,08:36:00,214.5,11.2,2402,219.0,10.3,2256,25027,15967,50.2,694.0
Station_01,Inv_00,20170621,08:37:00,223.5,8.9,1989,219.0,8.7,1905,25028,15968,50.5,612.0
Station_01,Inv_00,20170621,08:38:00,224.9,10.2,2294,218.0,10.0,2180,25028,15968,50.6,622.0
Station_01,Inv_00,20170621,08:39:01,227.9,10.1,2302,218.0,10.0,2180,25028,15968,51.4,664.0
Station_01,Inv_00,20170621,08:40:00,225.0,11.3,2543,220.0,10.8,2376,25028,15968,52.5,723.0
Station_01,Inv_00,20170621,08:41:00,227.5,10.3,2343,220.0,10.1,2222,25028,15968,51.9,697.0
Station_01,Inv_00,20170621,08:42:00,217.5,10.3,2240,219.0,9.7,2124,25028,15968,52.4,677.0
Station_01,Inv_00,20170621,08:43:00,226.0,11.0,2486,218.0,10.7,2333,25028,15968,52.2,722.0
Station_01,Inv_00,20170621,08:44:00,225.5,10.4,2345,220.0,10.1,2222,25028,15968,52.3,701.0
Station_01,Inv_00,20170621,08:45:00,220.5,10.5,2315,220.0,9.9,2178,25028,15968,51.0,634.0
Station_01,Inv_00,20170621,08:46:00,219.0,9.4,2058,220.0,9.0,1980,25028,15968,52.3,632.0
Station_01,Inv_00,20170621,08:47:00,224.5,8.7,1953,219.0,8.5,1862,25028,15968,51.4,573.0
Station_01,Inv_00,20170621,08:48:00,223.5,11.1,2481,220.0,10.7,2354,25028,15968,52.1,706.0
Station_01,Inv_00,20170621,08:49:00,220.0,8.9,1958,219.0,8.5,1862,25028,15968,51.6,544.0
Station_01,Inv_00,20170621,08:50:00,223.9,6.2,1388,219.0,6.0,1314,25028,15968,51.3,456.0
Station_01,Inv_00,20170621,08:51:00,227.4,8.6,1956,221.0,8.1,1790,25028,15968,51.1,458.0
Station_01,Inv_00,20170621,08:52:00,221.0,10.3,2276,221.0,9.8,2166,25028,15968,49.9,618.0
Station_01,Inv_00,20170621,08:53:00,227.5,11.0,2503,221.0,10.7,2365,25028,15968,52.4,707.0
Station_01,Inv_00,20170621,08:54:00,227.0,10.9,2474,221.0,10.6,2343,25028,15968,52.5,709.0
Station_01,Inv_00,20170621,08:55:00,226.5,10.9,2469,219.0,10.7,2343,25028,15968,52.3,713.0
Station_01,Inv_00,20170621,08:56:00,225.5,10.9,2458,219.0,10.6,2321,25028,15968,53.0,710.0
Station_01,Inv_00,20170621,08:57:00,224.0,10.9,2442,219.0,10.5,2300,25028,15968,52.8,704.0
Station_01,Inv_00,20170621,08:58:00,227.5,10.9,2480,219.0,10.7,2343,25028,15968,52.8,707.0
Station_01,Inv_00,20170621,08:59:00,223.5,11.1,2481,220.0,10.6,2332,25028,15968,52.3,712.0
Station_01,Inv_00,20170621,09:00:00,224.0,11.1,2486,219.0,10.7,2343,25028,15968,51.8,711.0
Station_01,Inv_00,20170621,09:01:00,225.5,11.1,2503,221.0,10.7,2365,25028,15968,52.7,718.0
Station_01,Inv_00,20170621,09:02:00,223.5,11.1,2481,220.0,10.8,2376,25028,15968,52.3,717.0
Station_01,Inv_00,20170621,09:03:00,220.5,11.3,2492,219.0,10.8,2365,25029,15969,52.5,720.0
Station_01,Inv_00,20170621,09:04:00,225.0,11.2,2520,218.0,10.8,2354,25029,15969,52.4,723.0
Station_01,Inv_00,20170621,09:05:00,222.5,11.3,2514,218.0,10.9,2376,25029,15969,51.4,731.0
Station_01,Inv_00,20170621,09:06:00,226.5,11.3,2559,219.0,10.9,2387,25029,15969,52.5,730.0
Station_01,Inv_00,20170621,09:07:00,217.0,11.6,2517,219.0,10.8,2365,25029,15969,52.4,731.0
Station_01,Inv_00,20170621,09:08:00,225.5,11.2,2525,219.0,11.0,2409,25029,15969,52.9,733.0
Station_01,Inv_00,20170621,09:09:00,223.5,11.5,2570,220.0,10.9,2398,25029,15969,53.5,735.0
Station_01,Inv_00,20170621,09:10:00,225.0,11.4,2565,220.0,11.0,2420,25029,15969,52.7,739.0
Station_01,Inv_00,20170621,09:11:00,219.5,11.7,2568,219.0,11.0,2409,25029,15969,52.3,742.0
Station_01,Inv_00,20170621,09:12:00,220.5,11.7,2580,220.0,11.0,2420,25029,15969,52.5,748.0
Station_01,Inv_00,20170621,09:13:00,223.0,11.7,2609,220.0,11.1,2442,25029,15969,52.2,751.0
Station_01,Inv_00,20170621,09:14:00,222.5,11.7,2603,220.0,11.2,2464,25029,15969,51.7,751.0
Station_01,Inv_00,20170621,09:15:00,224.5,11.7,2627,220.0,11.3,2486,25029,15969,51.2,758.0
Station_01,Inv_00,20170621,09:16:00,221.0,11.8,2608,217.0,11.3,2452,25029,15969,51.1,760.0
Station_01,Inv_00,20170621,09:17:00,225.0,11.7,2632,217.0,11.4,2474,25029,15969,51.2,762.0
Station_01,Inv_00,20170621,09:18:00,220.5,11.9,2624,217.0,11.4,2474,25029,15969,50.2,765.0
Station_01,Inv_00,20170621,09:19:00,226.0,11.8,2667,217.0,11.6,2517,25029,15969,50.7,769.0
Station_01,Inv_00,20170621,09:20:00,222.5,12.0,2670,216.0,11.7,2527,25029,15969,51.1,773.0
Station_01,Inv_00,20170621,09:21:00,225.9,11.9,2688,217.0,11.6,2517,25029,15969,51.5,769.0
Station_01,Inv_00,20170621,09:22:00,221.0,12.1,2674,217.0,11.6,2517,25029,15969,53.1,771.0
Station_01,Inv_00,20170621,09:23:00,223.5,12.0,2682,217.0,11.6,2517,25029,15969,54.2,772.0
Station_01,Inv_00,20170621,09:24:00,222.0,12.0,2664,216.0,11.7,2527,25029,15969,53.2,776.0
Station_01,Inv_00,20170621,09:25:00,219.5,12.2,2678,217.0,11.6,2517,25029,15969,53.9,780.0
Station_01,Inv_00,20170621,09:26:00,221.5,12.2,2702,217.0,11.7,2539,25030,15969,55.1,780.0
Station_01,Inv_00,20170621,09:27:00,220.0,12.2,2684,217.0,11.7,2539,25030,15969,55.0,783.0
Station_01,Inv_00,20170621,09:28:00,219.5,12.3,2700,217.0,11.8,2561,25030,15969,55.3,784.0
Station_01,Inv_00,20170621,09:29:00,219.0,12.3,2694,218.0,11.7,2551,25030,15969,56.0,782.0
Station_01,Inv_00,20170621,09:30:00,217.5,12.5,2719,218.0,11.7,2551,25030,15969,56.9,786.0
Station_01,Inv_00,20170621,09:31:00,220.9,12.3,2717,218.0,11.8,2572,25030,15969,56.3,788.0
Station_01,Inv_00,20170621,09:32:00,220.0,12.3,2706,218.0,11.6,2529,25030,15969,56.5,785.0
Station_01,Inv_00,20170621,09:33:00,222.5,12.2,2715,218.0,11.7,2551,25030,15969,56.9,790.0
Station_01,Inv_00,20170621,09:34:00,222.5,12.3,2737,218.0,11.8,2572,25030,15969,57.3,789.0
Station_01,Inv_00,20170621,09:35:00,216.0,12.6,2721,217.0,11.7,2539,25030,15969,57.3,790.0
Station_01,Inv_00,20170621,09:36:00,220.0,12.5,2750,217.0,11.8,2561,25030,15969,57.5,794.0
Station_01,Inv_00,20170621,09:37:00,219.0,12.5,2738,218.0,11.8,2572,25030,15969,58.6,794.0
Station_01,Inv_00,20170621,09:38:00,217.0,12.7,2756,218.0,11.8,2572,25030,15969,56.3,808.0
Station_01,Inv_00,20170621,09:39:00,217.5,12.7,2762,218.0,11.8,2572,25030,15969,56.8,799.0
Station_01,Inv_00,20170621,09:40:00,219.0,12.6,2759,218.0,11.9,2594,25030,15969,57.0,802.0
Station_01,Inv_00,20170621,09:41:00,223.5,12.3,2749,217.0,12.0,2604,25030,15969,58.1,804.0
Station_01,Inv_00,20170621,09:42:00,221.5,12.5,2769,217.0,12.1,2626,25030,15969,57.4,810.0
Station_01,Inv_00,20170621,09:43:00,220.5,12.6,2778,218.0,12.0,2616,25030,15969,58.7,809.0
Station_01,Inv_00,20170621,09:44:00,217.5,12.9,2806,218.0,12.1,2638,25030,15969,58.2,812.0
Station_01,Inv_00,20170621,09:45:00,211.0,13.1,2764,217.0,12.0,2604,25030,15969,57.9,812.0
Station_01,Inv_00,20170621,09:46:00,216.5,12.9,2793,218.0,12.0,2616,25030,15969,58.0,818.0
Station_01,Inv_00,20170621,09:47:00,216.0,13.0,2808,218.0,12.1,2638,25030,15969,57.5,833.0
Station_01,Inv_00,20170621,09:48:00,218.0,12.7,2769,218.0,12.2,2660,25031,15970,57.5,827.0
Station_01,Inv_00,20170621,09:49:00,222.0,12.8,2841,217.0,12.3,2669,25031,15970,55.9,835.0
Station_01,Inv_00,20170621,09:50:00,218.5,13.1,2862,217.0,12.4,2691,25031,15970,55.4,840.0
Station_01,Inv_00,20170621,09:51:00,221.5,12.8,2835,217.0,12.3,2669,25031,15970,56.6,831.0
Station_01,Inv_00,20170621,09:52:00,219.5,13.0,2853,218.0,12.3,2681,25031,15970,56.6,841.0
Station_01,Inv_00,20170621,09:53:00,219.5,13.0,2853,218.0,12.3,2681,25031,15970,58.1,834.0
Station_01,Inv_00,20170621,09:54:00,220.0,13.0,2860,218.0,12.4,2703,25031,15970,56.3,846.0
Station_01,Inv_00,20170621,09:55:00,219.9,13.1,2881,217.0,12.4,2691,25031,15970,55.5,855.0
Station_01,Inv_00,20170621,09:56:00,216.5,13.3,2879,217.0,12.3,2669,25031,15970,57.7,846.0
Station_01,Inv_00,20170621,09:57:00,218.0,13.2,2877,218.0,12.4,2703,25031,15970,57.7,840.0
Station_01,Inv_00,20170621,09:58:00,220.0,13.1,2882,218.0,12.4,2703,25031,15970,59.1,846.0
Station_01,Inv_00,20170621,09:59:00,213.0,13.7,2918,218.0,12.5,2725,25031,15970,57.7,858.0
Station_01,Inv_00,20170621,10:00:00,217.0,13.4,2908,218.0,12.6,2747,25031,15970,58.1,859.0
Station_01,Inv_00,20170621,10:01:00,210.0,13.7,2877,218.0,12.4,2703,25031,15970,56.3,860.0
Station_01,Inv_00,20170621,10:02:00,217.0,13.5,2929,217.0,12.7,2756,25031,15970,58.8,859.0
Station_01,Inv_00,20170621,10:03:00,217.5,13.4,2914,217.0,12.6,2734,25031,15970,59.3,856.0
Station_01,Inv_00,20170621,10:04:00,219.0,13.2,2890,217.0,12.5,2713,25031,15970,58.6,856.0
Station_01,Inv_00,20170621,10:05:00,212.5,13.7,2911,217.0,12.5,2713,25031,15970,56.4,868.0
Station_01,Inv_00,20170621,10:06:00,219.0,13.4,2934,217.0,12.6,2734,25031,15970,58.1,864.0
Station_01,Inv_00,20170621,10:07:00,212.5,13.8,2933,217.0,12.7,2756,25031,15970,56.5,869.0
Station_01,Inv_00,20170621,10:08:00,218.0,13.5,2943,217.0,12.8,2778,25031,15970,57.3,872.0
Station_01,Inv_00,20170621,10:09:00,213.4,13.7,2924,217.0,12.8,2778,25032,15970,57.2,872.0
Station_01,Inv_00,20170621,10:10:00,217.5,13.5,2936,217.0,12.8,2778,25032,15970,58.0,874.0
Station_01,Inv_00,20170621,10:11:00,212.5,13.6,2890,216.0,12.6,2722,25032,15970,58.7,864.0
Station_01,Inv_00,20170621,10:12:00,215.4,13.5,2909,217.0,12.6,2734,25032,15970,58.4,866.0
Station_01,Inv_00,20170621,10:13:00,216.5,13.4,2901,217.0,12.5,2713,25032,15970,59.4,855.0
Station_01,Inv_00,20170621,10:14:00,213.0,13.3,2833,220.0,12.2,2684,25032,15970,59.2,847.0
Station_01,Inv_00,20170621,10:15:00,211.0,13.7,2891,220.0,12.4,2728,25032,15970,58.5,851.0
Station_01,Inv_00,20170621,10:16:00,211.0,13.5,2848,219.0,12.2,2672,25032,15970,58.2,843.0
Station_01,Inv_00,20170621,10:17:00,216.0,13.6,2937,219.0,12.5,2738,25032,15970,57.8,857.0
Station_01,Inv_00,20170621,10:18:00,222.0,13.2,2930,219.0,12.6,2759,25032,15970,57.3,875.0
Station_01,Inv_00,20170621,10:19:00,217.5,13.6,2958,219.0,12.8,2803,25032,15970,56.7,883.0
Station_01,Inv_00,20170621,10:20:00,211.5,13.9,2940,220.0,12.6,2772,25032,15970,58.3,880.0
Station_01,Inv_00,20170621,10:21:00,212.5,13.8,2932,220.0,12.6,2772,25032,15970,55.7,887.0
Station_01,Inv_00,20170621,10:22:00,217.4,13.7,2979,219.0,12.8,2803,25032,15970,54.9,897.0
Station_01,Inv_00,20170621,10:23:00,219.4,13.7,3006,220.0,12.9,2838,25032,15970,56.2,896.0
Station_01,Inv_00,20170621,10:24:00,219.0,13.8,3022,219.0,12.9,2825,25032,15970,56.3,902.0
Station_01,Inv_00,20170621,10:25:00,216.0,14.0,3024,220.0,12.9,2838,25032,15970,56.4,901.0
Station_01,Inv_00,20170621,10:26:00,215.5,14.1,3039,219.0,13.0,2847,25032,15970,56.2,906.0
Station_01,Inv_00,20170621,10:27:00,214.5,14.1,3024,219.0,12.9,2825,25032,15970,57.3,904.0
Station_01,Inv_00,20170621,10:28:00,212.5,14.3,3039,220.0,13.0,2860,25032,15970,57.8,903.0
Station_01,Inv_00,20170621,10:29:00,213.4,14.2,3030,219.0,13.0,2847,25033,15971,57.9,911.0
Station_01,Inv_00,20170621,10:30:00,213.5,14.2,3032,219.0,13.0,2847,25033,15971,58.7,919.0
Station_01,Inv_00,20170621,10:31:00,216.0,14.0,3024,219.0,13.1,2869,25033,15971,56.7,914.0
Station_01,Inv_00,20170621,10:32:00,214.0,14.3,3060,219.0,13.1,2869,25033,15971,58.3,912.0
Station_01,Inv_00,20170621,10:33:00,213.0,14.3,3046,219.0,13.1,2869,25033,15971,59.8,909.0
Station_01,Inv_00,20170621,10:34:00,214.0,14.3,3060,219.0,13.1,2869,25033,15971,57.5,914.0
Station_01,Inv_00,20170621,10:35:00,210.0,14.6,3066,219.0,13.1,2869,25033,15971,56.3,925.0
Station_01,Inv_00,20170621,10:36:00,215.0,14.4,3096,219.0,13.4,2935,25033,15971,56.4,931.0
Station_01,Inv_00,20170621,10:37:00,216.5,14.4,3118,219.0,13.4,2935,25033,15971,55.2,933.0
Station_01,Inv_00,20170621,10:38:00,217.5,14.4,3132,218.0,13.4,2921,25033,15971,56.5,936.0
Station_01,Inv_00,20170621,10:39:00,213.5,14.7,3138,219.0,13.5,2957,25033,15971,55.4,944.0
Station_01,Inv_00,20170621,10:40:00,209.5,15.1,3163,218.0,13.6,2965,25033,15971,56.1,950.0
Station_01,Inv_00,20170621,10:41:00,208.0,15.3,3182,218.0,13.7,2987,25033,15971,58.1,965.0
Station_01,Inv_00,20170621,10:42:00,211.5,14.9,3151,218.0,13.6,2965,25033,15971,58.6,937.0
Station_01,Inv_00,20170621,10:43:00,214.5,14.9,3196,218.0,13.6,2965,25033,15971,56.8,943.0
Station_01,Inv_00,20170621,10:44:00,213.0,15.0,3195,218.0,13.8,3008,25033,15971,59.3,967.0
Station_01,Inv_00,20170621,10:45:00,212.4,14.1,2995,218.0,12.9,2812,25033,15971,59.5,925.0
Station_01,Inv_00,20170621,10:46:00,209.5,14.1,2954,218.0,12.8,2790,25033,15971,59.0,887.0
Station_01,Inv_00,20170621,10:47:00,215.0,14.8,3182,219.0,13.7,3000,25033,15971,59.6,944.0
Station_01,Inv_00,20170621,10:48:00,207.5,14.9,3092,218.0,13.4,2921,25033,15971,60.5,941.0
Station_01,Inv_00,20170621,10:49:00,212.0,14.8,3138,218.0,13.4,2921,25034,15972,58.9,911.0
Station_01,Inv_00,20170621,10:50:00,214.0,14.4,3081,218.0,13.3,2899,25034,15972,59.2,922.0
Station_01,Inv_00,20170621,10:51:00,213.0,15.1,3216,219.0,13.8,3022,25034,15972,59.6,933.0
Station_01,Inv_00,20170621,10:52:00,210.0,15.4,3234,218.0,13.9,3030,25034,15972,60.3,977.0
Station_01,Inv_00,20170621,10:53:00,211.0,15.3,3228,219.0,13.8,3022,25034,15972,61.6,973.0
Station_01,Inv_00,20170621,10:54:00,213.0,15.2,3237,219.0,13.8,3022,25034,15972,62.5,971.0
Station_01,Inv_00,20170621,10:55:00,211.5,15.2,3215,219.0,13.9,3044,25034,15972,62.3,978.0
Station_01,Inv_00,20170621,10:56:00,207.5,14.8,3071,218.0,13.2,2878,25034,15972,60.2,946.0
Station_01,Inv_00,20170621,10:57:00,204.5,14.9,3047,218.0,13.0,2834,25034,15972,60.9,929.0
Station_01,Inv_00,20170621,10:58:00,213.0,15.1,3216,218.0,13.8,3008,25034,15972,61.5,959.0
Station_01,Inv_00,20170621,10:59:00,201.0,16.2,3256,218.0,13.9,3030,25034,15972,60.3,1010.0
Station_01,Inv_00,20170621,11:00:00,213.0,15.6,3322,218.0,14.3,3117,25034,15972,60.8,992.0
Station_01,Inv_00,20170621,11:01:00,216.5,13.8,2987,218.0,12.9,2812,25034,15972,57.8,898.0
Station_01,Inv_00,20170621,11:02:00,213.5,15.6,3330,218.0,14.1,3074,25034,15972,57.5,969.0
Station_01,Inv_00,20170621,11:03:00,212.0,15.3,3244,218.0,13.8,3008,25034,15972,58.6,962.0
Station_01,Inv_00,20170621,11:04:00,217.0,15.1,3277,218.0,14.0,3052,25034,15972,58.7,986.0
Station_01,Inv_00,20170621,11:05:00,211.5,15.4,3257,218.0,13.8,3008,25034,15972,59.3,979.0
Station_01,Inv_00,20170621,11:06:00,212.5,15.4,3272,218.0,14.1,3074,25034,15972,60.4,992.0
Station_01,Inv_00,20170621,11:07:00,210.0,15.8,3318,219.0,14.2,3110,25034,15972,61.0,1003.0
Station_01,Inv_00,20170621,11:08:00,207.0,15.8,3270,218.0,13.9,3030,25035,15972,61.7,970.0
Station_01,Inv_00,20170621,11:09:00,214.0,14.2,3038,218.0,13.2,2878,25035,15972,61.2,915.0
Station_01,Inv_00,20170621,11:10:00,203.5,14.1,2869,218.0,12.4,2703,25035,15972,61.3,881.0
Station_01,Inv_00,20170621,11:11:00,210.0,14.7,3087,218.0,13.2,2878,25035,15972,62.4,944.0
Station_01,Inv_00,20170621,11:12:00,207.0,16.4,3394,218.0,14.6,3183,25035,15972,62.5,1005.0
Station_01,Inv_00,20170621,11:13:00,209.9,14.7,3086,218.0,13.2,2878,25035,15972,60.9,982.0
Station_01,Inv_00,20170621,11:14:00,209.5,16.3,3415,219.0,14.5,3176,25035,15972,59.7,988.0
Station_01,Inv_00,20170621,11:15:00,214.5,15.4,3303,219.0,14.1,3088,25035,15972,59.1,1012.0
Station_01,Inv_00,20170621,11:16:00,214.0,15.3,3274,218.0,14.3,3117,25035,15972,58.4,1015.0
Station_01,Inv_00,20170621,11:17:00,213.0,15.1,3216,218.0,13.9,3030,25035,15972,57.2,972.0
Station_01,Inv_00,20170621,11:18:00,213.5,15.2,3245,218.0,14.0,3052,25035,15972,58.6,987.0
Station_01,Inv_00,20170621,11:19:00,208.0,15.6,3245,218.0,13.9,3030,25035,15972,58.4,951.0
Station_01,Inv_00,20170621,11:20:00,211.5,14.9,3151,217.0,13.5,2930,25035,15972,59.1,879.0
Station_01,Inv_00,20170621,11:21:00,214.0,13.5,2889,218.0,12.4,2703,25035,15972,59.1,873.0
Station_01,Inv_00,20170621,11:22:00,220.0,11.9,2618,218.0,11.3,2463,25035,15972,59.4,792.0
Station_01,Inv_00,20170621,11:23:00,213.0,9.5,2023,217.0,8.8,1910,25035,15972,58.4,628.0
Station_01,Inv_00,20170621,11:24:00,207.5,12.3,2552,218.0,11.0,2398,25035,15972,55.6,694.0
Station_01,Inv_00,20170621,11:25:00,202.5,12.5,2531,218.0,11.1,2420,25035,15972,55.6,747.0
Station_01,Inv_00,20170621,11:26:00,204.5,13.9,2843,218.0,12.3,2681,25035,15972,58.1,882.0
Station_01,Inv_00,20170621,11:27:00,205.0,13.7,2808,218.0,12.1,2638,25035,15972,58.4,896.0
Station_01,Inv_00,20170621,11:28:00,203.0,16.1,3268,218.0,14.0,3052,25036,15973,57.0,927.0
Station_01,Inv_00,20170621,11:29:00,211.5,16.4,3468,219.0,14.8,3241,25036,15973,59.9,1029.0
Station_01,Inv_00,20170621,11:30:00,212.5,16.2,3443,219.0,14.7,3219,25036,15973,58.4,1036.0
Station_01,Inv_00,20170621,11:31:00,212.5,16.0,3400,219.0,14.5,3176,25036,15973,59.7,1027.0
Station_01,Inv_00,20170621,11:32:00,213.0,15.8,3365,219.0,14.4,3154,25036,15973,60.1,1033.0
Station_01,Inv_00,20170621,11:33:00,209.9,16.1,3380,219.0,14.5,3176,25036,15973,59.0,1032.0
Station_01,Inv_00,20170621,11:34:00,210.5,16.0,3368,219.0,14.4,3154,25036,15973,59.9,1022.0
Station_01,Inv_00,20170621,11:35:00,210.5,15.9,3347,219.0,14.4,3154,25036,15973,60.6,1020.0
Station_01,Inv_00,20170621,11:36:00,204.0,16.3,3325,219.0,14.1,3088,25036,15973,61.6,1011.0
Station_01,Inv_00,20170621,11:37:00,210.5,15.8,3326,219.0,14.3,3132,25036,15973,61.8,1009.0
Station_01,Inv_00,20170621,11:38:00,208.5,16.0,3336,219.0,14.2,3110,25036,15973,62.9,1011.0
Station_01,Inv_00,20170621,11:39:00,209.5,15.9,3331,219.0,14.2,3110,25036,15973,59.9,1027.0
Station_01,Inv_00,20170621,11:40:00,208.0,15.8,3286,219.0,14.1,3088,25036,15973,62.6,1018.0
Station_01,Inv_00,20170621,11:41:00,213.5,15.5,3309,219.0,14.1,3088,25036,15973,61.1,1014.0
Station_01,Inv_00,20170621,11:42:00,207.5,15.9,3299,219.0,14.1,3088,25036,15973,61.3,1005.0
Station_01,Inv_00,20170621,11:43:00,206.4,15.5,3200,219.0,13.8,3022,25036,15973,60.3,992.0
Station_01,Inv_00,20170621,11:44:00,211.5,15.4,3257,219.0,13.9,3044,25036,15973,60.9,989.0
Station_01,Inv_00,20170621,11:45:00,205.0,15.9,3259,219.0,13.9,3044,25036,15973,60.9,990.0
Station_01,Inv_00,20170621,11:46:00,211.0,15.6,3291,219.0,14.1,3088,25037,15974,58.4,996.0
Station_01,Inv_00,20170621,11:47:00,210.0,15.6,3276,219.0,14.0,3066,25037,15974,60.4,986.0
Station_01,Inv_00,20170621,11:48:00,207.0,15.8,3270,219.0,13.9,3044,25037,15974,61.4,982.0
Station_01,Inv_00,20170621,11:49:01,208.9,15.7,3280,219.0,14.0,3066,25037,15974,61.3,988.0
Station_01,Inv_00,20170621,11:50:00,212.4,15.4,3271,219.0,14.0,3066,25037,15974,62.7,987.0
Station_01,Inv_00,20170621,11:51:00,206.0,15.8,3255,219.0,13.9,3044,25037,15974,62.2,991.0
Station_01,Inv_00,20170621,11:52:00,212.5,15.5,3294,220.0,14.0,3080,25037,15974,58.6,996.0
Station_01,Inv_00,20170621,11:53:00,209.5,15.5,3247,217.0,14.0,3038,25037,15974,60.5,980.0
Station_01,Inv_00,20170621,11:54:00,209.0,15.5,3240,217.0,14.0,3038,25037,15974,60.7,978.0
Station_01,Inv_00,20170621,11:55:00,210.0,15.5,3255,218.0,14.1,3074,25037,15974,60.6,987.0
Station_01,Inv_00,20170621,11:56:00,208.0,15.6,3244,217.0,14.0,3038,25037,15974,62.6,978.0
Station_01,Inv_00,20170621,11:57:00,207.0,15.8,3270,217.0,14.1,3060,25037,15974,62.3,986.0
Station_01,Inv_00,20170621,11:58:00,205.0,15.9,3259,217.0,14.0,3038,25037,15974,60.0,993.0
Station_01,Inv_00,20170621,11:59:00,212.5,15.5,3294,218.0,14.1,3074,25037,15974,59.5,979.0
Station_01,Inv_00,20170621,12:00:00,210.0,15.6,3276,218.0,14.1,3074,25037,15974,60.4,992.0
Station_01,Inv_00,20170621,12:01:00,212.5,15.5,3293,218.0,14.2,3096,25037,15974,61.0,995.0
Station_01,Inv_00,20170621,12:02:00,211.0,15.6,3291,218.0,14.2,3096,25037,15974,61.2,995.0
Station_01,Inv_00,20170621,12:03:00,209.5,15.8,3310,218.0,14.2,3096,25037,15974,61.9,999.0
Station_01,Inv_00,20170621,12:04:00,209.5,15.8,3310,219.0,14.2,3110,25038,15974,61.6,1006.0
Station_01,Inv_00,20170621,12:05:00,207.0,16.3,3374,219.0,14.4,3154,25038,15974,60.4,1030.0
Station_01,Inv_00,20170621,12:06:00,212.5,16.2,3442,219.0,14.7,3219,25038,15974,58.7,1035.0
Station_01,Inv_00,20170621,12:07:00,211.0,16.5,3481,219.0,14.9,3263,25038,15974,58.1,1050.0
Station_01,Inv_00,20170621,12:08:00,214.5,16.3,3496,219.0,15.0,3285,25038,15974,56.0,1056.0
Station_01,Inv_00,20170621,12:09:00,211.0,16.4,3460,218.0,14.9,3248,25038,15974,58.1,1039.0
Station_01,Inv_00,20170621,12:10:00,210.5,16.4,3452,218.0,14.9,3248,25038,15974,60.2,1045.0
Station_01,Inv_00,20170621,12:11:00,196.5,16.9,3321,218.0,14.3,3117,25038,15974,58.7,1031.0
Station_01,Inv_00,20170621,12:12:00,203.0,17.2,3491,218.0,14.9,3248,25038,15974,60.7,1038.0
Station_01,Inv_00,20170621,12:13:00,207.5,16.6,3444,218.0,14.8,3226,25038,15974,61.8,1046.0
Station_01,Inv_00,20170621,12:14:00,214.0,16.2,3467,218.0,14.9,3248,25038,15974,61.5,1060.0
Station_01,Inv_00,20170621,12:15:00,209.5,16.0,3352,218.0,14.3,3117,25038,15974,59.8,1030.0
Station_01,Inv_00,20170621,12:16:00,207.5,16.8,3486,218.0,14.9,3248,25038,15974,61.3,1051.0
Station_01,Inv_00,20170621,12:17:00,205.5,16.8,3452,218.0,14.8,3226,25038,15974,62.2,1048.0
Station_01,Inv_00,20170621,12:18:00,205.0,17.1,3506,218.0,15.0,3270,25038,15974,60.0,1067.0
Station_01,Inv_00,20170621,12:19:00,205.0,16.8,3444,218.0,14.8,3226,25038,15974,61.1,1052.0
Station_01,Inv_00,20170621,12:20:00,210.5,16.3,3431,218.0,14.7,3205,25038,15974,60.4,1054.0
Station_01,Inv_00,20170621,12:21:00,206.5,16.3,3365,219.0,14.4,3154,25038,15974,61.5,1023.0
Station_01,Inv_00,20170621,12:22:00,208.5,16.0,3336,218.0,14.4,3139,25039,15975,60.5,1016.0
Station_01,Inv_00,20170621,12:23:00,211.5,15.8,3341,218.0,14.3,3117,25039,15975,58.2,1006.0
Station_01,Inv_00,20170621,12:24:00,216.0,15.6,3369,218.0,14.4,3139,25039,15975,59.7,1008.0
Station_01,Inv_00,20170621,12:25:00,213.0,15.6,3322,219.0,14.3,3132,25039,15975,60.2,999.0
Station_01,Inv_00,20170621,12:26:00,204.0,15.9,3244,218.0,13.9,3030,25039,15975,58.9,985.0
Station_01,Inv_00,20170621,12:27:00,207.5,15.6,3237,218.0,13.9,3030,25039,15975,58.3,983.0
Station_01,Inv_00,20170621,12:28:00,215.5,15.2,3275,219.0,14.0,3066,25039,15975,58.8,965.0
Station_01,Inv_00,20170621,12:29:01,213.5,15.2,3245,218.0,13.9,3030,25039,15975,61.0,964.0
Station_01,Inv_00,20170621,12:30:00,207.5,13.7,2843,218.0,12.3,2681,25039,15975,59.9,851.0
Station_01,Inv_00,20170621,12:31:00,211.4,14.3,3023,218.0,13.1,2856,25039,15975,60.7,893.0
Station_01,Inv_00,20170621,12:32:00,216.5,13.7,2966,218.0,12.9,2812,25039,15975,61.0,904.0
Station_01,Inv_00,20170621,12:33:00,212.0,13.6,2883,218.0,12.4,2703,25039,15975,60.3,874.0
Station_01,Inv_00,20170621,12:34:00,212.0,14.1,2989,218.0,12.9,2812,25039,15975,58.6,894.0
Station_01,Inv_00,20170621,12:35:00,211.5,13.8,2919,218.0,12.6,2747,25039,15975,57.2,875.0
Station_01,Inv_00,20170621,12:36:00,212.5,11.5,2444,218.0,10.7,2333,25039,15975,57.6,731.0
Station_01,Inv_00,20170621,12:37:00,212.5,11.9,2529,218.0,10.9,2376,25039,15975,55.2,762.0
Station_01,Inv_00,20170621,12:38:00,217.5,13.9,3023,218.0,12.9,2812,25039,15975,56.6,866.0
Station_01,Inv_00,20170621,12:39:00,216.5,12.0,2598,217.0,11.3,2452,25039,15975,57.3,795.0
Station_01,Inv_00,20170621,12:40:00,221.0,10.5,2320,217.0,10.2,2213,25039,15975,57.0,685.0
Station_01,Inv_00,20170621,12:41:00,219.0,8.2,1796,216.0,8.1,1750,25039,15975,56.9,591.0
Station_01,Inv_00,20170621,12:42:00,221.5,10.4,2304,217.0,10.0,2170,25040,15976,53.8,664.0
Station_01,Inv_00,20170621,12:43:00,216.0,9.9,2138,217.0,9.3,2018,25040,15976,53.2,631.0
Station_01,Inv_00,20170621,12:44:00,220.5,9.1,2007,217.0,8.7,1888,25040,15976,51.9,600.0
Station_01,Inv_00,20170621,12:45:00,227.5,9.5,2161,217.0,9.3,2018,25040,15976,51.1,645.0
Station_01,Inv_00,20170621,12:46:00,221.9,10.2,2264,217.0,9.9,2148,25040,15976,51.0,657.0
Station_01,Inv_00,20170621,12:47:00,224.5,10.1,2267,217.0,10.0,2170,25040,15976,50.9,677.0
Station_01,Inv_00,20170621,12:48:00,223.0,8.6,1917,217.0,8.4,1823,25040,15976,50.4,564.0
Station_01,Inv_00,20170621,12:49:00,224.0,10.7,2397,217.0,10.4,2257,25040,15976,51.2,688.0
Station_01,Inv_00,20170621,12:50:00,227.5,10.8,2457,217.0,10.7,2322,25040,15976,51.5,677.0
Station_01,Inv_00,20170621,12:51:00,219.5,11.6,2546,217.0,11.0,2387,25040,15976,53.1,709.0
Station_01,Inv_00,20170621,12:52:00,223.5,10.8,2413,217.0,10.6,2300,25040,15976,51.6,718.0
Station_01,Inv_00,20170621,12:53:00,214.0,11.5,2461,216.0,10.8,2333,25040,15976,51.0,698.0
Station_01,Inv_00,20170621,12:54:00,222.0,12.3,2731,217.0,11.9,2582,25040,15976,51.0,793.0
Station_01,Inv_00,20170621,12:55:00,225.5,12.2,2751,217.0,12.0,2604,25040,15976,51.8,794.0
Station_01,Inv_00,20170621,12:56:00,227.0,11.0,2497,217.0,10.8,2344,25040,15976,51.9,690.0
Station_01,Inv_00,20170621,12:57:00,226.0,14.1,3187,218.0,13.6,2965,25040,15976,53.7,871.0
Station_01,Inv_00,20170621,12:58:00,223.4,13.5,3016,217.0,13.1,2843,25040,15976,54.9,881.0
Station_01,Inv_00,20170621,12:59:00,221.0,15.2,3359,217.0,14.5,3147,25040,15976,54.9,966.0
Station_01,Inv_00,20170621,13:00:00,216.5,15.6,3377,216.0,14.7,3175,25040,15976,56.7,984.0
Station_01,Inv_00,20170621,13:01:00,215.5,15.6,3362,215.0,14.6,3139,25040,15976,58.6,990.0
Station_01,Inv_00,20170621,13:02:00,213.0,15.7,3344,216.0,14.5,3132,25040,15976,59.8,990.0
Station_01,Inv_00,20170621,13:03:00,213.5,15.6,3331,218.0,14.3,3117,25040,15976,60.1,983.0
Station_01,Inv_00,20170621,13:04:00,213.0,15.6,3322,218.0,14.3,3117,25041,15976,61.0,990.0
Station_01,Inv_00,20170621,13:05:00,208.5,15.6,3253,218.0,14.1,3074,25041,15976,60.8,983.0
Station_01,Inv_00,20170621,13:06:00,210.5,15.7,3304,218.0,14.1,3074,25041,15976,60.7,977.0
Station_01,Inv_00,20170621,13:07:00,213.0,15.4,3280,218.0,14.1,3074,25041,15976,59.5,974.0
Station_01,Inv_00,20170621,13:08:00,212.5,15.4,3273,218.0,14.1,3074,25041,15976,59.0,965.0
Station_01,Inv_00,20170621,13:09:00,210.5,15.5,3263,217.0,14.0,3038,25041,15976,60.7,958.0
Station_01,Inv_00,20170621,13:10:00,211.0,15.3,3228,217.0,13.9,3016,25041,15976,59.6,955.0
Station_01,Inv_00,20170621,13:11:00,213.0,15.0,3195,218.0,13.9,3030,25041,15976,60.6,946.0
Station_01,Inv_00,20170621,13:12:00,213.5,14.9,3181,217.0,13.7,2973,25041,15976,61.0,941.0
Station_01,Inv_00,20170621,13:13:00,209.9,14.9,3128,218.0,13.5,2943,25041,15976,62.8,931.0
Station_01,Inv_00,20170621,13:14:01,212.5,14.8,3145,218.0,13.5,2943,25041,15976,60.5,936.0
Station_01,Inv_00,20170621,13:15:00,210.5,14.7,3094,218.0,13.4,2921,25041,15976,59.4,923.0
Station_01,Inv_00,20170621,13:16:01,209.5,14.9,3122,218.0,13.4,2921,25041,15976,60.6,917.0
Station_01,Inv_00,20170621,13:17:01,209.0,15.0,3134,218.0,13.5,2943,25041,15976,56.9,933.0
Station_01,Inv_00,20170621,13:18:00,215.0,14.6,3139,218.0,13.5,2943,25041,15976,56.5,922.0
Station_01,Inv_00,20170621,13:19:00,213.5,14.9,3181,218.0,13.6,2965,25041,15976,56.7,925.0
Station_01,Inv_00,20170621,13:20:00,214.0,14.8,3167,218.0,13.6,2965,25041,15976,58.5,920.0
Station_01,Inv_00,20170621,13:21:01,216.5,14.6,3160,218.0,13.6,2965,25041,15976,56.0,923.0
Station_01,Inv_00,20170621,13:22:00,210.5,14.9,3136,218.0,13.4,2921,25041,15976,55.5,914.0
Station_01,Inv_00,20170621,13:23:00,217.0,14.4,3125,218.0,13.5,2943,25042,15977,54.9,911.0
Station_01,Inv_00,20170621,13:24:00,214.0,14.4,3081,217.0,13.4,2908,25042,15977,55.4,906.0
Station_01,Inv_00,20170621,13:25:01,219.5,14.0,3073,217.0,13.3,2886,25042,15977,54.2,900.0
Station_01,Inv_00,20170621,13:26:00,211.0,14.5,3059,218.0,13.2,2878,25042,15977,56.7,888.0
Station_01,Inv_00,20170621,13:27:00,214.5,14.2,3045,218.0,13.1,2856,25042,15977,57.4,892.0
Station_01,Inv_00,20170621,13:28:00,217.0,13.9,3016,218.0,13.0,2834,25042,15977,56.7,883.0
Station_01,Inv_00,20170621,13:29:00,217.9,13.9,3029,219.0,13.0,2847,25042,15977,55.9,889.0
Station_01,Inv_00,20170621,13:30:00,219.5,13.7,3007,219.0,13.0,2847,25042,15977,56.7,882.0
Station_01,Inv_00,20170621,13:31:00,218.5,14.0,3059,218.0,13.1,2856,25042,15977,56.0,884.0
Station_01,Inv_00,20170621,13:32:00,217.5,13.6,2958,217.0,12.8,2778,25042,15977,57.2,874.0
Station_01,Inv_00,20170621,13:33:00,217.5,13.5,2936,218.0,12.7,2769,25042,15977,56.6,854.0
Station_01,Inv_00,20170621,13:34:01,219.0,13.6,2978,217.0,12.9,2799,25042,15977,57.1,864.0
Station_01,Inv_00,20170621,13:35:00,211.0,13.8,2912,218.0,12.5,2725,25042,15977,56.0,853.0
Station_01,Inv_00,20170621,13:36:00,214.0,13.9,2975,217.0,12.9,2799,25042,15977,56.2,857.0
Station_01,Inv_00,20170621,13:37:00,216.0,13.9,3002,217.0,12.9,2799,25042,15977,55.6,868.0
Station_01,Inv_00,20170621,13:38:00,218.0,13.7,2987,218.0,12.9,2812,25042,15977,53.6,868.0
Station_01,Inv_00,20170621,13:39:00,219.5,13.6,2985,217.0,12.9,2799,25042,15977,53.3,865.0
Station_01,Inv_00,20170621,13:40:00,219.5,13.7,3007,218.0,13.0,2834,25042,15977,53.6,865.0
Station_01,Inv_00,20170621,13:41:00,216.5,13.9,3009,218.0,13.0,2834,25042,15977,51.7,863.0
Station_01,Inv_00,20170621,13:42:00,218.0,13.8,3008,217.0,13.0,2821,25042,15977,51.9,860.0
Station_01,Inv_00,20170621,13:43:00,220.0,13.7,3014,218.0,13.1,2856,25043,15977,52.2,864.0
Station_01,Inv_00,20170621,13:44:00,222.0,13.6,3019,218.0,13.0,2834,25043,15977,51.8,864.0
Station_01,Inv_00,20170621,13:45:01,219.5,13.8,3029,217.0,13.1,2843,25043,15977,53.3,862.0
Station_01,Inv_00,20170621,13:46:00,217.0,13.9,3016,218.0,13.0,2834,25043,15977,52.6,864.0
Station_01,Inv_00,20170621,13:47:00,219.5,13.9,3051,218.0,13.2,2878,25043,15977,53.4,871.0
Station_01,Inv_00,20170621,13:48:01,220.9,14.1,3115,218.0,13.4,2921,25043,15977,53.3,890.0
Station_01,Inv_00,20170621,13:49:01,214.0,14.5,3103,218.0,13.3,2899,25043,15977,55.4,892.0
Station_01,Inv_00,20170621,13:50:00,220.0,14.2,3124,218.0,13.5,2943,25043,15977,55.4,898.0
Station_01,Inv_00,20170621,13:51:00,216.0,14.6,3154,218.0,13.5,2943,25043,15977,55.3,904.0
Station_01,Inv_00,20170621,13:52:01,220.0,14.6,3212,218.0,13.9,3030,25043,15977,55.9,899.0
Station_01,Inv_00,20170621,13:53:00,214.5,11.2,2402,217.0,10.8,2344,25043,15977,55.0,786.0
Station_01,Inv_00,20170621,13:54:00,221.5,12.4,2746,218.0,11.9,2594,25043,15977,55.0,809.0
Station_01,Inv_00,20170621,13:55:00,225.5,11.7,2638,217.0,10.9,2365,25043,15977,52.5,692.0
Station_01,Inv_00,20170621,13:56:00,222.5,12.9,2870,218.0,12.3,2681,25043,15977,52.3,790.0
Station_01,Inv_00,20170621,13:57:00,218.0,11.2,2442,217.0,10.7,2322,25043,15977,52.2,683.0
Station_01,Inv_00,20170621,13:58:00,216.5,8.7,1883,217.0,8.2,1779,25043,15977,50.4,536.0
Station_01,Inv_00,20170621,13:59:01,215.9,13.8,2979,218.0,13.2,2878,25043,15977,51.5,858.0
Station_01,Inv_00,20170621,14:00:01,217.4,11.9,2587,218.0,10.7,2333,25043,15977,49.6,691.0
Station_01,Inv_00,20170621,14:01:01,211.5,13.9,2940,218.0,12.7,2769,25043,15977,51.0,797.0
Station_01,Inv_00,20170621,14:02:00,221.5,14.2,3145,218.0,13.6,2965,25043,15977,51.6,877.0
Station_01,Inv_00,20170621,14:03:00,225.0,13.3,2992,218.0,12.9,2812,25043,15977,52.3,851.0
Station_01,Inv_00,20170621,14:05:01,223.5,12.9,2883,218.0,12.4,2703,25044,15978,53.2,815.0
Station_01,Inv_00,20170621,14:06:00,222.5,12.4,2759,218.0,12.0,2616,25044,15978,51.6,786.0
Station_01,Inv_00,20170621,14:07:00,223.5,11.5,2570,218.0,11.3,2463,25044,15978,51.9,757.0
Station_01,Inv_00,20170621,14:08:00,224.5,11.7,2627,218.0,11.4,2485,25044,15978,50.8,745.0
Station_01,Inv_00,20170621,14:09:00,230.0,11.3,2599,217.0,11.4,2474,25044,15978,50.9,735.0
Station_01,Inv_00,20170621,14:10:01,224.5,11.9,2672,217.0,11.7,2539,25044,15978,51.9,758.0
Station_01,Inv_00,20170621,14:11:00,224.5,12.0,2694,218.0,11.8,2572,25044,15978,50.5,760.0
Station_01,Inv_00,20170621,14:12:00,226.5,11.9,2695,217.0,11.7,2539,25044,15978,52.1,763.0
Station_01,Inv_00,20170621,14:13:01,223.9,12.1,2709,217.0,11.8,2561,25044,15978,51.7,768.0
Station_01,Inv_00,20170621,14:14:00,226.5,12.4,2808,218.0,12.1,2638,25044,15978,51.6,789.0
Station_01,Inv_00,20170621,14:15:00,224.0,12.4,2777,218.0,12.0,2616,25044,15978,51.7,782.0
Station_01,Inv_00,20170621,14:16:00,224.0,12.4,2777,217.0,11.9,2582,25044,15978,51.2,778.0
Station_01,Inv_00,20170621,14:17:01,228.5,12.0,2742,218.0,11.9,2594,25044,15978,51.8,772.0
Station_01,Inv_00,20170621,14:18:01,223.5,12.1,2704,217.0,11.8,2561,25044,15978,52.6,764.0
Station_01,Inv_00,20170621,14:19:00,226.5,11.8,2672,217.0,11.7,2539,25044,15978,53.1,755.0
Station_01,Inv_00,20170621,14:20:00,226.9,11.8,2678,217.0,11.6,2517,25044,15978,51.4,756.0
Station_01,Inv_00,20170621,14:21:01,228.5,11.6,2650,217.0,11.5,2496,25044,15978,52.2,758.0
Station_01,Inv_00,20170621,14:22:01,228.9,11.5,2633,217.0,11.4,2474,25044,15978,51.1,752.0
Station_01,Inv_00,20170621,14:23:00,225.5,11.7,2638,217.0,11.4,2474,25044,15978,50.6,747.0
Station_01,Inv_00,20170621,14:24:00,225.0,11.7,2632,217.0,11.4,2474,25044,15978,50.5,745.0
Station_01,Inv_00,20170621,14:25:00,226.5,11.7,2650,218.0,11.5,2507,25044,15978,51.0,744.0
Station_01,Inv_00,20170621,14:26:00,227.0,11.6,2633,218.0,11.4,2485,25044,15978,50.7,742.0
Station_01,Inv_00,20170621,14:27:00,224.0,11.8,2643,218.0,11.4,2485,25045,15979,49.9,745.0
Station_01,Inv_00,20170621,14:28:00,225.0,11.7,2632,218.0,11.4,2485,25045,15979,50.3,744.0
Station_01,Inv_00,20170621,14:29:00,225.5,11.7,2638,218.0,11.5,2507,25045,15979,50.5,747.0
Station_01,Inv_00,20170621,14:30:00,225.5,11.9,2683,218.0,11.6,2529,25045,15979,49.9,749.0
Station_01,Inv_00,20170621,14:31:00,220.5,11.4,2513,218.0,11.0,2398,25045,15979,49.1,740.0
Station_01,Inv_00,20170621,14:32:01,224.5,10.8,2424,218.0,10.7,2333,25045,15979,48.9,716.0
Station_01,Inv_00,20170621,14:33:00,222.5,11.5,2559,218.0,10.8,2354,25045,15979,50.1,716.0
Station_01,Inv_00,20170621,14:34:00,225.0,11.2,2520,218.0,11.0,2398,25045,15979,48.9,722.0
Station_01,Inv_00,20170621,14:35:00,224.0,11.7,2621,218.0,11.4,2485,25045,15979,49.3,737.0
Station_01,Inv_00,20170621,14:36:00,226.0,11.6,2622,218.0,11.3,2463,25045,15979,50.5,732.0
Station_01,Inv_00,20170621,14:37:00,223.5,11.6,2593,218.0,11.2,2442,25045,15979,50.0,726.0
Station_01,Inv_00,20170621,14:38:00,222.5,11.7,2603,218.0,11.3,2463,25045,15979,51.8,729.0
Station_01,Inv_00,20170621,14:39:00,228.5,11.5,2628,218.0,11.3,2463,25045,15979,50.9,747.0
Station_01,Inv_00,20170621,14:40:00,227.0,11.5,2610,217.0,11.3,2452,25045,15979,50.4,740.0
Station_01,Inv_00,20170621,14:41:01,226.0,11.0,2486,217.0,10.8,2344,25045,15979,50.5,703.0
Station_01,Inv_00,20170621,14:42:00,222.5,10.4,2314,217.0,10.2,2213,25045,15979,50.6,678.0
Station_01,Inv_00,20170621,14:43:00,215.0,11.3,2429,217.0,10.5,2279,25045,15979,49.7,668.0
Station_01,Inv_00,20170621,14:44:00,226.5,11.0,2491,218.0,10.8,2354,25045,15979,49.9,702.0
Station_01,Inv_00,20170621,14:45:00,224.0,10.4,2329,217.0,10.2,2213,25045,15979,49.4,656.0
Station_01,Inv_00,20170621,14:46:00,225.5,11.2,2526,218.0,11.0,2398,25045,15979,50.2,706.0
Station_01,Inv_00,20170621,14:47:01,230.0,10.5,2415,217.0,10.4,2257,25045,15979,49.8,668.0
Station_01,Inv_00,20170621,14:48:00,226.9,11.1,2519,217.0,11.0,2387,25045,15979,49.1,706.0
Station_01,Inv_00,20170621,14:49:00,228.0,10.9,2485,217.0,10.9,2365,25045,15979,50.7,701.0
Station_01,Inv_00,20170621,14:50:00,229.5,10.8,2478,217.0,10.8,2344,25046,15979,50.4,694.0
Station_01,Inv_00,20170621,14:51:00,227.0,10.7,2429,218.0,10.7,2333,25046,15979,50.9,685.0
Station_01,Inv_00,20170621,14:52:00,222.4,10.6,2358,218.0,10.1,2202,25046,15979,50.1,625.0
Station_01,Inv_00,20170621,14:53:00,226.0,10.2,2305,218.0,9.9,2158,25046,15979,50.7,648.0
Station_01,Inv_00,20170621,14:54:01,227.0,10.7,2429,218.0,10.5,2289,25046,15979,50.0,682.0
Station_01,Inv_00,20170621,14:55:01,229.0,9.9,2267,218.0,9.7,2115,25046,15979,49.0,635.0
Station_01,Inv_00,20170621,14:57:01,229.5,10.4,2386,218.0,10.3,2245,25046,15979,49.0,666.0
Station_01,Inv_00,20170621,14:58:00,229.0,10.3,2359,218.0,10.2,2224,25046,15979,49.4,659.0
Station_01,Inv_00,20170621,14:59:01,229.4,10.0,2295,218.0,10.1,2202,25046,15979,49.8,649.0
Station_01,Inv_00,20170621,15:00:00,229.0,10.2,2335,218.0,10.1,2202,25046,15979,49.8,649.0
Station_01,Inv_00,20170621,15:01:00,229.0,10.0,2290,218.0,10.0,2180,25046,15979,49.5,649.0
Station_01,Inv_00,20170621,15:02:00,222.5,10.3,2292,218.0,9.9,2158,25046,15979,48.9,644.0
Station_01,Inv_00,20170621,15:03:01,230.0,10.0,2300,218.0,10.0,2180,25046,15979,48.7,643.0
Station_01,Inv_00,20170621,15:04:00,230.5,10.0,2305,218.0,10.0,2180,25046,15979,49.1,645.0
Station_01,Inv_00,20170621,15:05:00,227.0,10.1,2293,218.0,9.9,2158,25046,15979,50.2,641.0
Station_01,Inv_00,20170621,15:06:00,228.4,8.8,2010,219.0,8.6,1883,25046,15979,48.9,595.0
Station_01,Inv_00,20170621,15:07:01,232.0,8.8,2041,219.0,8.8,1927,25046,15979,49.0,574.0
Station_01,Inv_00,20170621,15:08:00,229.5,9.5,2180,219.0,9.4,2059,25046,15979,48.1,604.0
Station_01,Inv_00,20170621,15:09:01,228.0,7.5,1710,218.0,7.5,1635,25046,15979,47.5,496.0
Station_01,Inv_00,20170621,15:10:00,227.5,7.3,1661,218.0,7.2,1570,25046,15979,47.8,465.0
Station_01,Inv_00,20170621,15:11:00,232.0,8.3,1925,218.0,8.4,1831,25046,15979,47.3,509.0
Station_01,Inv_00,20170621,15:12:00,231.0,7.5,1732,217.0,7.5,1628,25046,15979,46.4,489.0
Station_01,Inv_00,20170621,15:13:00,231.5,7.3,1690,218.0,7.2,1570,25046,15979,44.6,469.0
Station_01,Inv_00,20170621,15:14:00,229.0,7.2,1649,218.0,7.1,1548,25046,15979,45.0,460.0
Station_01,Inv_00,20170621,15:15:01,235.9,7.8,1840,218.0,8.0,1744,25046,15979,45.3,498.0
Station_01,Inv_00,20170621,15:16:00,234.5,8.5,1993,218.0,8.7,1897,25046,15979,45.7,544.0
Station_01,Inv_00,20170621,15:17:00,227.0,9.1,2066,218.0,9.0,1962,25046,15979,45.5,564.0
Station_01,Inv_00,20170621,15:18:01,234.5,9.3,2181,218.0,9.3,2027,25047,15980,45.1,593.0
Station_01,Inv_00,20170621,15:19:00,235.0,9.2,2162,218.0,9.3,2027,25047,15980,45.9,591.0
Station_01,Inv_00,20170621,15:20:00,232.5,9.6,2232,218.0,9.7,2115,25047,15980,46.6,615.0
Station_01,Inv_00,20170621,15:21:00,231.5,9.7,2245,219.0,9.8,2146,25047,15980,47.8,628.0
Station_01,Inv_00,20170621,15:22:00,229.5,8.8,2019,218.0,8.8,1918,25047,15980,47.3,577.0
Station_01,Inv_00,20170621,15:23:00,226.0,8.8,1989,218.0,8.7,1897,25047,15980,47.4,549.0
Station_01,Inv_00,20170621,15:24:00,230.9,8.4,1940,218.0,8.3,1809,25047,15980,47.0,555.0
Station_01,Inv_00,20170621,15:25:00,233.5,8.7,2031,218.0,8.7,1897,25047,15980,47.1,553.0
Station_01,Inv_00,20170621,15:26:00,232.5,8.5,1976,218.0,8.6,1875,25047,15980,46.2,539.0
Station_01,Inv_00,20170621,15:27:00,235.0,7.6,1786,218.0,7.7,1679,25047,15980,46.4,483.0
Station_01,Inv_00,20170621,15:28:00,234.5,7.2,1688,218.0,7.3,1591,25047,15980,45.8,471.0
Station_01,Inv_00,20170621,15:29:00,233.9,6.4,1497,218.0,6.5,1417,25047,15980,44.6,423.0
Station_01,Inv_00,20170621,15:30:00,229.5,7.1,1629,218.0,7.1,1548,25047,15980,45.3,440.0
Station_01,Inv_00,20170621,15:31:00,233.4,7.2,1681,218.0,7.2,1570,25047,15980,45.6,461.0
Station_01,Inv_00,20170621,15:32:00,234.4,8.2,1922,218.0,8.2,1788,25047,15980,44.8,515.0
Station_01,Inv_00,20170621,15:33:00,231.0,8.2,1894,219.0,8.2,1796,25047,15980,45.9,528.0
Station_01,Inv_00,20170621,15:34:00,234.5,8.3,1946,219.0,8.4,1840,25047,15980,45.2,540.0
Station_01,Inv_00,20170621,15:35:00,233.5,8.2,1915,219.0,8.3,1818,25047,15980,45.2,535.0
Station_01,Inv_00,20170621,15:36:00,230.0,8.1,1863,218.0,8.2,1788,25047,15980,45.8,519.0
Station_01,Inv_00,20170621,15:37:00,232.0,7.9,1833,218.0,7.8,1700,25047,15980,45.4,513.0
Station_01,Inv_00,20170621,15:38:00,230.5,8.3,1913,218.0,8.2,1788,25047,15980,45.0,523.0
Station_01,Inv_00,20170621,15:39:00,232.0,8.1,1879,218.0,8.2,1788,25047,15980,45.2,532.0
Station_01,Inv_00,20170621,15:40:00,232.5,8.4,1953,219.0,8.5,1862,25047,15980,44.9,542.0
Station_01,Inv_00,20170621,15:41:00,234.5,8.0,1876,219.0,8.2,1796,25047,15980,46.3,523.0
Station_01,Inv_00,20170621,15:42:00,235.0,8.0,1880,219.0,8.2,1796,25047,15980,45.6,524.0
Station_01,Inv_00,20170621,15:43:00,235.0,7.9,1856,219.0,8.1,1774,25047,15980,46.2,512.0
Station_01,Inv_00,20170621,15:44:00,235.5,8.1,1907,219.0,8.3,1818,25047,15980,46.3,529.0
Station_01,Inv_00,20170621,15:45:00,235.4,8.0,1883,218.0,8.0,1744,25047,15980,46.2,518.0
Station_01,Inv_00,20170621,15:46:00,232.5,8.1,1883,218.0,8.1,1766,25047,15980,46.4,517.0
Station_01,Inv_00,20170621,15:47:00,233.0,7.6,1771,218.0,7.7,1679,25047,15980,45.8,498.0
Station_01,Inv_00,20170621,15:48:00,228.5,7.5,1714,218.0,7.3,1591,25047,15980,45.5,475.0
Station_01,Inv_00,20170621,15:49:00,226.9,7.4,1679,218.0,7.2,1570,25047,15980,45.2,465.0
Station_01,Inv_00,20170621,15:50:00,236.9,7.6,1801,217.0,7.8,1693,25048,15981,44.8,485.0
Station_01,Inv_00,20170621,15:51:00,238.0,7.5,1785,218.0,7.8,1700,25048,15981,44.5,501.0
Station_01,Inv_00,20170621,15:52:00,232.5,8.0,1860,218.0,7.9,1722,25048,15981,44.4,502.0
Station_01,Inv_00,20170621,15:53:00,232.0,7.9,1833,218.0,7.8,1700,25048,15981,44.8,505.0
Station_01,Inv_00,20170621,15:54:00,233.5,7.6,1775,218.0,7.7,1679,25048,15981,45.6,498.0
Station_01,Inv_00,20170621,15:55:00,229.5,7.5,1721,218.0,7.5,1635,25048,15981,45.0,481.0
Station_01,Inv_00,20170621,15:56:00,234.0,6.7,1568,218.0,6.8,1482,25048,15981,44.5,440.0
Station_01,Inv_00,20170621,15:57:00,236.5,6.7,1585,218.0,6.7,1461,25048,15981,44.9,434.0
Station_01,Inv_00,20170621,15:58:00,231.0,6.9,1594,217.0,6.8,1476,25048,15981,44.2,445.0
Station_01,Inv_00,20170621,15:59:00,232.0,6.5,1508,218.0,6.6,1439,25048,15981,44.9,440.0
Station_01,Inv_00,20170621,16:00:00,234.5,6.7,1571,218.0,6.7,1461,25048,15981,44.1,429.0
Station_01,Inv_00,20170621,16:01:00,230.5,6.1,1406,217.0,6.1,1324,25048,15981,42.9,404.0
Station_01,Inv_00,20170621,16:02:00,238.0,6.4,1523,217.0,6.5,1411,25048,15981,42.9,415.0
Station_01,Inv_00,20170621,16:03:00,238.0,5.7,1357,217.0,5.9,1280,25048,15981,42.5,385.0
Station_01,Inv_00,20170621,16:04:00,223.5,6.3,1408,218.0,6.1,1330,25048,15981,42.9,401.0
Station_01,Inv_00,20170621,16:05:00,228.9,6.4,1465,218.0,6.3,1373,25048,15981,43.0,407.0
Station_01,Inv_00,20170621,16:06:00,239.0,6.3,1506,218.0,6.4,1395,25048,15981,42.6,417.0
Station_01,Inv_00,20170621,16:07:00,238.0,6.2,1475,218.0,6.3,1373,25048,15981,43.4,409.0
Station_01,Inv_00,20170621,16:08:00,230.5,6.1,1406,218.0,6.2,1352,25048,15981,43.5,397.0
Station_01,Inv_00,20170621,16:09:00,224.9,6.0,1349,217.0,5.8,1259,25048,15981,42.0,399.0
Station_01,Inv_00,20170621,16:10:00,228.5,6.4,1462,218.0,6.2,1352,25048,15981,42.7,408.0
Station_01,Inv_00,20170621,16:11:00,228.5,6.3,1440,218.0,6.2,1352,25048,15981,42.1,406.0
Station_01,Inv_00,20170621,16:12:00,237.5,5.8,1378,218.0,5.8,1264,25048,15981,41.8,382.0
Station_01,Inv_00,20170621,16:13:00,238.9,6.0,1433,218.0,6.1,1330,25048,15981,41.1,394.0
Station_01,Inv_00,20170621,16:14:00,235.5,6.1,1437,218.0,6.2,1352,25048,15981,41.1,397.0
Station_01,Inv_00,20170621,16:15:00,229.9,6.2,1426,218.0,6.1,1330,25048,15981,41.7,396.0
Station_01,Inv_00,20170621,16:16:00,234.4,5.6,1313,218.0,5.7,1243,25048,15981,41.8,380.0
Station_01,Inv_00,20170621,16:17:00,240.5,5.6,1347,218.0,5.6,1221,25048,15981,41.5,370.0
Station_01,Inv_00,20170621,16:18:00,237.5,5.6,1330,217.0,5.8,1259,25048,15981,41.7,377.0
Station_01,Inv_00,20170621,16:19:00,230.0,6.0,1380,218.0,5.9,1286,25048,15981,41.0,392.0
Station_01,Inv_00,20170621,16:20:00,239.5,5.7,1365,218.0,5.9,1286,25048,15981,40.7,382.0
Station_01,Inv_00,20170621,16:21:00,239.5,5.8,1389,218.0,5.8,1264,25048,15981,41.1,381.0
Station_01,Inv_00,20170621,16:22:00,219.0,5.8,1270,219.0,5.5,1205,25048,15981,41.9,380.0
Station_01,Inv_00,20170621,16:23:00,237.5,5.6,1330,219.0,5.7,1248,25048,15981,41.7,378.0
Station_01,Inv_00,20170621,16:24:00,242.0,5.6,1355,219.0,5.6,1226,25048,15981,41.2,376.0
Station_01,Inv_00,20170621,16:25:00,235.5,5.6,1319,215.0,5.8,1247,25048,15981,40.9,379.0
Station_01,Inv_00,20170621,16:26:00,239.5,5.6,1341,215.0,5.7,1226,25048,15981,40.5,376.0
Station_01,Inv_00,20170621,16:27:00,240.5,5.4,1299,216.0,5.7,1231,25048,15981,41.4,371.0
Station_01,Inv_00,20170621,16:28:00,233.0,5.6,1305,216.0,5.6,1210,25048,15981,41.3,368.0
Station_01,Inv_00,20170621,16:29:00,236.5,5.6,1324,215.0,5.6,1204,25048,15981,41.6,368.0
Station_01,Inv_00,20170621,16:30:00,238.5,5.5,1312,216.0,5.6,1210,25048,15981,41.4,368.0
Station_01,Inv_00,20170621,16:31:00,238.0,5.5,1309,215.0,5.6,1204,25049,15981,41.1,367.0
Station_01,Inv_00,20170621,16:32:00,231.5,5.5,1273,215.0,5.4,1161,25049,15981,41.6,360.0
Station_01,Inv_00,20170621,16:33:00,222.5,5.4,1202,215.0,5.3,1140,25049,15981,41.3,358.0
Station_01,Inv_00,20170621,16:34:00,240.5,5.3,1275,215.0,5.4,1161,25049,15981,41.1,356.0
Station_01,Inv_00,20170621,16:35:00,239.5,5.2,1245,215.0,5.3,1140,25049,15981,40.7,352.0
Station_01,Inv_00,20170621,16:36:00,239.5,5.1,1221,215.0,5.3,1140,25049,15981,40.4,349.0
Station_01,Inv_00,20170621,16:37:00,237.0,5.0,1185,216.0,5.1,1102,25049,15981,41.0,342.0
Station_01,Inv_00,20170621,16:38:00,238.0,4.8,1142,216.0,5.1,1102,25049,15981,40.0,337.0
Station_01,Inv_00,20170621,16:39:00,234.0,4.9,1147,216.0,4.9,1058,25049,15981,39.9,326.0
Station_01,Inv_00,20170621,16:40:00,236.5,4.6,1088,216.0,4.7,1015,25049,15981,40.4,323.0
Station_01,Inv_00,20170621,16:41:00,234.0,4.4,1030,215.0,4.6,989,25049,15981,40.2,308.0
Station_01,Inv_00,20170621,16:42:00,241.0,4.3,1036,215.0,4.5,968,25049,15981,40.5,298.0
Station_01,Inv_00,20170621,16:43:00,227.0,4.4,999,215.0,4.2,903,25049,15981,39.8,295.0
Station_01,Inv_00,20170621,16:44:00,237.5,4.2,998,215.0,4.3,925,25049,15981,40.0,290.0
Station_01,Inv_00,20170621,16:45:00,234.0,3.9,913,216.0,3.9,842,25049,15981,39.4,270.0
Station_01,Inv_00,20170621,16:46:00,235.0,3.4,799,216.0,3.6,778,25049,15981,38.8,244.0
Station_01,Inv_00,20170621,16:47:00,232.4,3.0,697,216.0,3.2,691,25049,15981,38.7,227.0
Station_01,Inv_00,20170621,16:48:00,236.0,2.1,496,217.0,2.3,499,25049,15981,38.0,179.0
Station_01,Inv_00,20170621,16:49:00,225.2,1.5,338,216.0,1.5,324,25049,15981,37.3,122.0
Station_01,Inv_00,20170621,16:50:00,231.0,1.4,323,217.0,1.5,326,25049,15981,36.6,112.0
Station_01,Inv_00,20170621,16:51:00,214.0,1.4,300,217.0,1.4,304,25049,15981,36.3,106.0
Station_01,Inv_00,20170621,16:52:00,229.8,1.2,276,217.0,1.3,282,25049,15981,35.7,98.0
Station_01,Inv_00,20170621,16:53:00,213.5,1.1,235,218.0,1.2,262,25049,15981,34.9,96.0
Station_01,Inv_00,20170621,16:54:00,229.5,1.1,252,218.0,1.2,262,25049,15981,34.8,95.0
Station_01,Inv_00,20170621,16:55:00,217.5,1.2,261,218.0,1.3,283,25049,15981,34.4,99.0
Station_01,Inv_00,20170621,16:56:00,223.5,1.2,268,218.0,1.3,283,25049,15981,34.0,96.0
Station_01,Inv_00,20170621,16:57:00,213.0,1.3,277,218.0,1.3,283,25049,15981,33.7,99.0
Station_01,Inv_00,20170621,16:58:00,222.5,1.4,312,218.0,1.4,305,25049,15981,33.8,107.0
Station_01,Inv_00,20170621,16:59:00,237.5,1.6,380,217.0,1.6,347,25049,15981,33.8,122.0
Station_01,Inv_00,20170621,17:00:00,228.0,1.6,365,218.0,1.6,349,25049,15981,33.7,119.0
Station_01,Inv_00,20170621,17:01:00,233.5,1.5,350,217.0,1.5,326,25049,15981,33.5,117.0
Station_01,Inv_00,20170621,17:02:00,229.5,1.5,344,217.0,1.6,347,25049,15981,33.5,119.0
Station_01,Inv_00,20170621,17:03:00,236.8,1.9,450,217.0,2.0,434,25049,15981,33.3,137.0
Station_01,Inv_00,20170621,17:04:00,238.2,1.8,429,217.0,2.0,434,25049,15981,33.5,145.0
Station_01,Inv_00,20170621,17:05:00,237.0,2.1,498,217.0,2.2,477,25049,15981,33.6,152.0
Station_01,Inv_00,20170621,17:06:00,239.5,2.0,479,216.0,2.2,475,25049,15981,33.5,149.0
Station_01,Inv_00,20170621,17:07:00,240.0,2.0,480,217.0,2.1,456,25049,15981,33.5,154.0
Station_01,Inv_00,20170621,17:08:00,239.0,2.4,574,217.0,2.5,543,25049,15981,33.6,166.0
Station_01,Inv_00,20170621,17:09:00,243.5,2.4,584,217.0,2.5,543,25049,15981,33.7,177.0
Station_01,Inv_00,20170621,17:10:00,236.5,2.4,568,216.0,2.5,540,25049,15981,33.8,156.0
Station_01,Inv_00,20170621,17:11:00,215.5,2.5,539,215.0,2.4,516,25049,15981,33.7,126.0
Station_01,Inv_00,20170621,17:12:00,239.9,2.5,600,216.0,2.5,540,25049,15981,34.0,105.0
Station_01,Inv_00,20170621,17:13:00,239.6,2.4,575,216.0,2.6,562,25049,15981,34.0,103.0
Station_01,Inv_00,20170621,17:14:00,237.5,2.4,570,216.0,2.5,540,25049,15981,34.1,103.0
Station_01,Inv_00,20170621,17:15:00,227.6,2.4,546,216.0,2.4,518,25049,15981,34.0,103.0
Station_01,Inv_00,20170621,17:16:00,230.8,2.1,485,216.0,2.1,454,25049,15981,33.8,103.0
Station_01,Inv_00,20170621,17:17:00,238.0,1.9,452,216.0,2.0,432,25049,15981,33.8,101.0
Station_01,Inv_00,20170621,17:18:00,229.5,2.2,505,215.0,2.2,473,25049,15981,33.8,103.0
Station_01,Inv_00,20170621,17:19:00,225.0,2.1,473,215.0,2.0,430,25049,15981,33.6,103.0
Station_01,Inv_00,20170621,17:20:00,220.7,2.1,463,216.0,2.1,454,25049,15981,33.5,102.0
Station_01,Inv_00,20170621,17:21:00,235.5,2.0,471,216.0,2.1,454,25049,15981,33.4,110.0
Station_01,Inv_00,20170621,17:22:00,216.8,2.2,477,216.0,2.1,454,25049,15981,33.3,104.0
Station_01,Inv_00,20170621,17:23:00,219.0,2.2,482,216.0,2.1,454,25049,15981,33.2,104.0
Station_01,Inv_00,20170621,17:24:00,206.1,2.3,474,215.0,2.1,452,25049,15981,33.2,104.0
Station_01,Inv_00,20170621,17:25:00,211.0,2.2,464,216.0,2.0,432,25049,15981,33.2,104.0
Station_01,Inv_00,20170621,17:26:00,211.0,2.0,422,217.0,1.9,412,25049,15981,33.3,105.0
Station_01,Inv_00,20170621,17:27:00,200.5,2.0,401,216.0,1.8,389,25049,15981,33.3,103.0
Station_01,Inv_00,20170621,17:28:00,206.6,1.7,351,215.0,1.6,344,25049,15981,33.2,103.0
Station_01,Inv_00,20170621,17:29:00,235.2,1.6,376,217.0,1.7,369,25049,15981,33.1,103.0
Station_01,Inv_00,20170621,17:30:00,244.9,1.7,416,215.0,1.8,387,25049,15981,33.1,102.0
Station_01,Inv_00,20170621,17:31:00,242.9,1.6,389,216.0,1.8,389,25049,15981,33.0,102.0
Station_01,Inv_00,20170621,17:32:00,242.0,1.5,363,216.0,1.6,346,25049,15981,33.1,100.0
Station_01,Inv_00,20170621,17:33:00,221.1,1.4,310,216.0,1.5,324,25049,15981,33.0,99.0
Station_01,Inv_00,20170621,17:34:00,230.5,1.4,323,216.0,1.5,324,25049,15981,33.0,97.0
Station_01,Inv_00,20170621,17:35:00,230.2,1.5,345,216.0,1.5,324,25049,15981,33.0,98.0
Station_01,Inv_00,20170621,17:36:00,231.6,1.5,347,216.0,1.5,324,25049,15981,33.1,97.0
Station_01,Inv_00,20170621,17:37:00,227.4,1.4,318,217.0,1.5,326,25049,15981,33.1,97.0
Station_01,Inv_00,20170621,17:38:00,222.4,1.4,311,217.0,1.5,326,25049,15981,33.1,95.0
Station_01,Inv_00,20170621,17:39:00,222.7,1.4,312,218.0,1.4,305,25049,15981,33.0,95.0
Station_01,Inv_00,20170621,17:40:00,214.1,1.4,300,217.0,1.4,304,25049,15981,33.0,94.0
Station_01,Inv_00,20170621,17:41:00,216.5,1.3,281,216.0,1.3,281,25049,15981,33.0,93.0
Station_01,Inv_00,20170621,17:42:00,223.5,1.2,268,216.0,1.3,281,25049,15981,32.9,92.0
Station_01,Inv_00,20170621,17:43:00,239.5,1.1,263,216.0,1.3,281,25049,15981,32.9,91.0
Station_01,Inv_00,20170621,17:44:00,230.1,1.1,253,216.0,1.3,281,25049,15981,32.8,90.0
Station_01,Inv_00,20170621,17:45:00,234.8,1.1,258,216.0,1.2,259,25049,15981,32.8,89.0
Station_01,Inv_00,20170621,17:46:00,221.3,1.1,243,217.0,1.2,260,25049,15981,32.8,86.0
Station_01,Inv_00,20170621,17:47:00,230.6,1.0,231,216.0,1.1,238,25049,15981,32.7,84.0
Station_01,Inv_00,20170621,17:48:00,230.7,0.9,208,216.0,1.1,238,25049,15981,32.7,82.0
Station_01,Inv_00,20170621,17:49:00,228.0,1.0,228,217.0,1.0,217,25049,15981,32.6,80.0
Station_01,Inv_00,20170621,17:50:00,221.0,0.9,199,216.0,1.0,216,25049,15981,32.5,78.0
Station_01,Inv_00,20170621,17:51:00,215.4,0.9,194,217.0,1.0,217,25049,15981,32.5,77.0
Station_01,Inv_00,20170621,17:52:00,206.0,0.8,165,216.0,1.0,216,25049,15981,32.4,75.0
Station_01,Inv_00,20170621,17:53:00,192.5,0.8,154,216.0,0.9,194,25049,15981,32.3,73.0
Station_01,Inv_00,20170621,17:54:00,189.1,0.8,151,216.0,0.9,194,25049,15981,32.2,71.0
Station_01,Inv_00,20170621,17:55:00,230.0,0.8,184,216.0,1.0,216,25049,15981,32.1,71.0
Station_01,Inv_00,20170621,17:56:00,210.4,0.7,147,216.0,0.9,194,25049,15981,32.1,70.0
Station_01,Inv_00,20170621,17:57:00,194.5,0.8,156,217.0,0.8,174,25049,15981,32.0,69.0
Station_01,Inv_00,20170621,17:58:00,193.0,0.8,154,218.0,0.8,174,25049,15981,32.0,67.0
Station_01,Inv_00,20170621,17:59:00,221.1,0.7,155,216.0,0.9,194,25049,15981,32.0,67.0
Station_01,Inv_00,20170621,18:00:00,200.5,0.8,160,218.0,0.8,174,25049,15981,31.9,66.0
Station_01,Inv_00,20170621,18:01:00,199.7,0.7,140,217.0,0.8,174,25049,15981,31.8,65.0
Station_01,Inv_00,20170621,18:02:00,221.3,0.7,155,217.0,0.9,195,25049,15981,31.8,64.0
Station_01,Inv_00,20170621,18:03:00,218.0,0.7,153,218.0,0.8,174,25049,15981,31.8,63.0
Station_01,Inv_00,20170621,18:04:00,214.5,0.6,129,217.0,0.8,174,25049,15981,31.7,62.0
Station_01,Inv_00,20170621,18:05:00,219.0,0.6,131,217.0,0.8,174,25049,15981,31.7,61.0
Station_01,Inv_00,20170621,18:06:00,212.0,0.7,148,218.0,0.8,174,25049,15981,31.6,60.0
Station_01,Inv_00,20170621,18:07:00,219.0,0.6,131,219.0,0.8,175,25049,15981,31.6,59.0
Station_01,Inv_00,20170621,18:08:00,223.0,0.7,156,218.0,0.7,153,25049,15981,31.5,57.0
Station_01,Inv_00,20170621,18:09:00,214.0,0.6,128,218.0,0.7,153,25049,15981,31.5,57.0
Station_01,Inv_00,20170621,18:10:00,216.7,0.6,130,218.0,0.7,153,25049,15981,31.4,56.0
Station_01,Inv_00,20170621,18:11:00,215.4,0.5,108,218.0,0.7,153,25049,15981,31.3,55.0
Station_01,Inv_00,20170621,18:12:00,227.6,0.5,114,218.0,0.6,131,25049,15981,31.3,57.0
Station_01,Inv_00,20170621,18:13:00,224.8,0.5,112,218.0,0.6,131,25049,15981,31.3,52.0
Station_01,Inv_00,20170621,18:14:00,183.0,0.5,92,218.0,0.5,109,25049,15981,31.2,50.0
Station_01,Inv_00,20170621,18:15:00,221.2,0.5,111,217.0,0.6,130,25049,15981,31.1,52.0
Station_01,Inv_00,20170621,18:16:00,153.0,0.4,61,216.0,0.5,108,25049,15981,31.1,50.0
Station_01,Inv_00,20170621,18:17:00,151.0,0.4,60,216.0,0.5,108,25049,15981,31.0,47.0
Station_01,Inv_00,20170621,18:18:00,164.8,0.4,66,217.0,0.5,109,25049,15981,30.9,45.0
Station_01,Inv_00,20170621,18:19:01,209.0,0.4,84,215.0,0.5,108,25049,15981,30.9,44.0
Station_01,Inv_00,20170621,18:20:00,193.0,0.5,97,216.0,0.5,108,25049,15981,30.9,43.0
Station_01,Inv_00,20170621,18:21:00,199.0,0.4,80,217.0,0.5,109,25049,15981,30.8,42.0
Station_01,Inv_00,20170621,18:22:00,211.7,0.3,64,216.0,0.5,108,25049,15981,30.7,41.0
Station_01,Inv_00,20170621,18:23:00,188.0,0.3,56,216.0,0.5,108,25049,15981,30.7,40.0
Station_01,Inv_00,20170621,18:24:00,184.7,0.3,55,216.0,0.5,108,25049,15981,30.6,40.0
Station_01,Inv_00,20170621,18:25:00,199.3,0.3,60,216.0,0.5,108,25049,15981,30.6,39.0
Station_01,Inv_00,20170621,18:26:00,197.3,0.3,59,216.0,0.5,108,25049,15981,30.6,38.0
Station_01,Inv_00,20170621,18:27:00,180.7,0.3,54,217.0,0.5,109,25049,15981,30.5,37.0
Station_01,Inv_00,20170621,18:28:00,179.0,0.2,36,217.0,0.4,87,25049,15981,30.5,36.0
Station_01,Inv_00,20170621,18:29:00,192.0,0.2,38,217.0,0.5,109,25049,15981,30.4,35.0
Station_01,Inv_00,20170621,18:30:00,192.3,0.3,58,217.0,0.4,87,25049,15981,30.4,35.0
Station_01,Inv_00,20170621,18:31:00,170.0,0.2,34,215.0,0.4,86,25049,15981,30.3,33.0
Station_01,Inv_00,20170621,18:32:00,0.0,0.0,0,0.0,0.0,0,25049,15981,30.4,32.0
Station_01,Inv_00,20170621,18:33:00,0.0,0.0,0,0.0,0.0,0,25049,15981,30.3,31.0
Station_01,Inv_00,20170621,18:34:00,0.0,0.0,0,0.0,0.0,0,25049,15981,30.2,30.0
Station_01,Inv_00,20170621,18:35:00,0.0,0.0,0,0.0,0.0,0,25049,15981,30.2,29.0
Station_01,Inv_00,20170621,18:36:00,0.0,0.0,0,0.0,0.0,0,25049,15981,30.1,28.0
Station_01,Inv_00,20170621,18:37:00,0.0,0.0,0,0.0,0.0,0,25049,15981,30.0,27.0
Station_01,Inv_00,20170621,18:38:00,0.0,0.0,0,216.0,0.4,86,25049,15981,30.0,27.0
Station_01,Inv_00,20170621,18:39:00,213.0,0.2,43,217.0,0.4,87,25049,15981,30.0,27.0
Station_01,Inv_00,20170621,18:40:00,0.0,0.0,0,217.0,0.4,87,25049,15981,29.9,25.0
Station_01,Inv_00,20170621,18:41:00,0.0,0.0,0,217.0,0.4,87,25049,15981,29.9,23.0
Station_01,Inv_00,20170621,18:42:00,0.0,0.0,0,221.0,0.5,111,25049,15981,29.8,23.0
Station_01,Inv_00,20170621,18:43:00,0.0,0.0,0,221.0,0.5,111,25049,15981,29.7,23.0
Station_01,Inv_00,20170621,18:44:00,0.0,0.0,0,221.0,0.5,111,25049,15981,29.7,20.0
Station_01,Inv_00,20170621,18:45:00,0.0,0.0,0,221.0,0.5,111,25049,15981,29.7,19.0
Station_01,Inv_00,20170621,18:46:00,0.0,0.0,0,221.0,0.5,111,25049,15981,29.6,19.0
Station_01,Inv_00,20170621,18:47:00,0.0,0.0,0,221.0,0.5,111,25049,15981,29.5,19.0
Station_01,Inv_00,20170621,18:48:00,0.0,0.0,0,221.0,0.5,111,25049,15981,29.5,19.0
Station_01,Inv_00,20170621,18:49:00,0.0,0.0,0,221.0,0.5,111,25049,15981,29.4,19.0
Station_01,Inv_00,20170621,18:50:00,0.0,0.0,0,221.0,0.5,111,25049,15981,29.4,18.0
Station_01,Inv_00,20170621,18:51:00,0.0,0.0,0,221.0,0.5,111,25049,15981,29.4,18.0
Station_01,Inv_00,20170621,18:52:00,0.0,0.0,0,221.0,0.5,111,25049,15981,29.4,18.0
Station_01,Inv_00,20170621,18:53:00,0.0,0.0,0,221.0,0.5,111,25049,15981,29.2,18.0
Station_01,Inv_00,20170621,18:54:00,0.0,0.0,0,221.0,0.5,111,25049,15981,29.2,18.0
Station_01,Inv_00,20170621,18:55:00,0.0,0.0,0,221.0,0.5,111,25049,15981,29.2,18.0
Station_01,Inv_00,20170621,18:56:00,0.0,0.0,0,221.0,0.5,111,25049,15981,29.1,17.0
Station_01,Inv_00,20170621,18:57:00,0.0,0.0,0,221.0,0.5,111,25049,15981,29.1,17.0
Station_01,Inv_00,20170621,18:58:00,0.0,0.0,0,221.0,0.5,111,25049,15981,29.0,17.0
Station_01,Inv_00,20170621,18:59:00,0.0,0.0,0,221.0,0.5,111,25049,15981,29.0,18.0
Station_01,Inv_00,20170621,19:00:00,0.0,0.0,0,221.0,0.5,111,25049,15981,28.9,17.0
Station_01,Inv_00,20170621,19:01:00,0.0,0.0,0,221.0,0.5,111,25049,15981,28.9,17.0
Station_01,Inv_00,20170621,19:02:00,0.0,0.0,0,221.0,0.5,111,25049,15981,28.8,17.0
Station_01,Inv_00,20170621,19:03:00,0.0,0.0,0,221.0,0.5,111,25049,15981,28.8,28.0
Station_01,Inv_00,20170621,19:04:00,0.0,0.0,0,221.0,0.5,111,25049,15981,28.8,18.0
Station_01,Inv_00,20170621,19:05:00,0.0,0.0,0,221.0,0.5,111,25049,15981,28.8,17.0
Station_01,Inv_00,20170621,19:06:00,0.0,0.0,0,221.0,0.5,111,25049,15981,28.8,17.0
Station_01,Inv_00,20170621,19:07:00,0.0,0.0,0,221.0,0.5,111,25049,15981,28.9,17.0
Station_01,Inv_00,20170621,19:08:00,0.0,0.0,0,221.0,0.5,111,25049,15981,28.8,18.0
Station_01,Inv_00,20170621,19:09:00,0.0,0.0,0,221.0,0.5,111,25049,15981,28.9,17.0
Station_01,Inv_00,20170621,19:10:00,0.0,0.0,0,221.0,0.5,111,25049,15981,28.9,17.0
Station_01,Inv_00,20170621,19:11:00,0.0,0.0,0,221.0,0.5,111,25049,15981,28.9,17.0
Station_01,Inv_00,20170621,19:12:00,0.0,0.0,0,221.0,0.5,111,25049,15981,28.9,17.0
Station_01,Inv_00,20170621,19:13:00,0.0,0.0,0,221.0,0.5,111,25049,15981,28.8,17.0
Station_01,Inv_00,20170621,19:14:00,0.0,0.0,0,221.0,0.5,111,25049,15981,28.9,17.0
Station_01,Inv_00,20170621,19:15:00,0.0,0.0,0,221.0,0.5,111,25049,15981,28.8,17.0
Station_01,Inv_00,20170621,19:16:00,0.0,0.0,0,221.0,0.5,111,25049,15981,28.8,17.0
Station_01,Inv_00,20170621,19:17:00,0.0,0.0,0,221.0,0.5,111,25049,15981,28.7,17.0
Station_01,Inv_00,20170621,19:18:00,0.0,0.0,0,221.0,0.5,111,25049,15981,28.7,17.0
Station_01,Inv_00,20170621,19:19:00,0.0,0.0,0,221.0,0.5,111,25049,15981,28.7,17.0
Station_01,Inv_00,20170621,19:20:00,0.0,0.0,0,221.0,0.5,111,25049,15981,28.7,18.0
Station_01,Inv_00,20170621,19:21:00,0.0,0.0,0,221.0,0.5,111,25049,15981,28.6,17.0
Station_01,Inv_00,20170621,19:22:00,0.0,0.0,0,221.0,0.5,111,25049,15981,28.7,17.0
Station_01,Inv_00,20170621,19:23:00,0.0,0.0,0,221.0,0.5,111,25049,15981,28.7,17.0
Station_01,Inv_00,20170621,19:24:00,0.0,0.0,0,221.0,0.5,111,25049,15981,28.7,17.0
Station_01,Inv_00,20170621,19:25:00,0.0,0.0,0,221.0,0.5,111,25049,15981,28.6,17.0
Station_01,Inv_00,20170621,19:26:00,0.0,0.0,0,221.0,0.5,111,25049,15981,28.6,17.0
Station_01,Inv_00,20170621,19:27:00,0.0,0.0,0,221.0,0.5,111,25049,15981,28.7,17.0
Station_01,Inv_00,20170621,19:28:00,0.0,0.0,0,221.0,0.5,111,25049,15981,28.7,17.0
Station_01,Inv_00,20170621,19:29:00,0.0,0.0,0,221.0,0.5,111,25049,15981,28.6,17.0
Station_01,Inv_00,20170621,19:30:00,0.0,0.0,0,221.0,0.5,111,25049,15981,28.6,25.0
Station_01,Inv_00,20170621,19:31:00,0.0,0.0,0,221.0,0.5,111,25049,15981,28.7,18.0
Station_01,Inv_00,20170621,19:32:00,0.0,0.0,0,221.0,0.5,111,25049,15981,28.6,17.0
Station_01,Inv_00,20170621,19:33:00,0.0,0.0,0,221.0,0.5,111,25049,15981,28.7,17.0
Station_01,Inv_00,20170621,19:34:00,0.0,0.0,0,221.0,0.5,111,25049,15981,28.7,17.0
Station_01,Inv_00,20170621,19:35:00,0.0,0.0,0,221.0,0.5,111,25049,15981,28.6,17.0
Station_01,Inv_00,20170621,19:36:00,0.0,0.0,0,221.0,0.5,111,25049,15981,28.5,17.0
Station_01,Inv_00,20170621,19:37:00,0.0,0.0,0,221.0,0.5,111,25049,15981,28.5,17.0
Station_01,Inv_00,20170621,19:38:00,0.0,0.0,0,221.0,0.5,111,25049,15981,28.5,17.0
Station_01,Inv_00,20170621,19:39:00,0.0,0.0,0,221.0,0.5,111,25049,15981,28.4,17.0
Station_01,Inv_00,20170621,19:40:00,0.0,0.0,0,221.0,0.5,111,25049,15981,28.5,17.0
Station_01,Inv_00,20170621,19:41:00,0.0,0.0,0,221.0,0.5,111,25049,15981,28.4,17.0
Station_01,Inv_00,20170621,19:42:00,0.0,0.0,0,221.0,0.5,111,25049,15981,28.4,17.0
Station_01,Inv_00,20170621,19:43:00,0.0,0.0,0,221.0,0.5,111,25049,15981,28.5,17.0
Station_01,Inv_00,20170621,19:44:00,0.0,0.0,0,221.0,0.5,111,25049,15981,28.4,17.0
Station_01,Inv_00,20170621,19:45:00,0.0,0.0,0,221.0,0.5,111,25049,15981,28.3,17.0
Station_01,Inv_00,20170621,19:46:00,0.0,0.0,0,221.0,0.5,111,25049,15981,28.3,17.0
Station_01,Inv_00,20170621,19:47:00,0.0,0.0,0,221.0,0.5,111,25049,15981,28.2,17.0
Station_01,Inv_00,20170621,19:48:00,0.0,0.0,0,221.0,0.5,111,25049,15981,28.2,18.0
Station_01,Inv_00,20170621,19:49:00,0.0,0.0,0,221.0,0.5,111,25049,15981,28.1,17.0
Station_01,Inv_00,20170621,19:50:00,0.0,0.0,0,221.0,0.5,111,25049,15981,28.1,17.0
Station_01,Inv_00,20170621,19:51:00,0.0,0.0,0,221.0,0.5,111,25049,15981,28.2,17.0
Station_01,Inv_00,20170621,19:52:00,0.0,0.0,0,221.0,0.5,111,25049,15981,28.1,17.0
Station_01,Inv_00,20170621,19:53:00,0.0,0.0,0,221.0,0.5,111,25049,15981,28.1,17.0
Station_01,Inv_00,20170621,19:54:00,0.0,0.0,0,221.0,0.5,111,25049,15981,28.1,17.0
Station_01,Inv_00,20170621,19:55:00,0.0,0.0,0,221.0,0.5,111,25049,15981,28.0,17.0
Station_01,Inv_00,20170621,19:56:00,0.0,0.0,0,221.0,0.5,111,25049,15981,28.0,17.0
Station_01,Inv_00,20170621,19:57:00,0.0,0.0,0,221.0,0.5,111,25049,15981,27.8,17.0
Station_01,Inv_00,20170621,19:58:00,0.0,0.0,0,221.0,0.5,111,25049,15981,27.8,17.0
Station_01,Inv_00,20170621,19:59:00,0.0,0.0,0,221.0,0.5,111,25049,15981,27.8,17.0
Station_01,Inv_00,20170621,20:00:00,0.0,0.0,0,221.0,0.5,111,25049,15981,27.8,17.0
