Station_01,Inv_00,20170620,05:00:00,0.0,0.0,0,222.0,0.5,111,25010,15956,26.7,17.0
Station_01,Inv_00,20170620,05:01:00,0.0,0.0,0,222.0,0.5,111,25010,15956,26.7,17.0
Station_01,Inv_00,20170620,05:02:00,0.0,0.0,0,222.0,0.5,111,25010,15956,26.6,18.0
Station_01,Inv_00,20170620,05:03:00,0.0,0.0,0,222.0,0.5,111,25010,15956,26.5,18.0
Station_01,Inv_00,20170620,05:04:00,0.0,0.0,0,222.0,0.5,111,25010,15956,26.5,18.0
Station_01,Inv_00,20170620,05:05:00,0.0,0.0,0,222.0,0.5,111,25010,15956,26.5,19.0
Station_01,Inv_00,20170620,05:06:00,0.0,0.0,0,222.0,0.5,111,25010,15956,26.5,19.0
Station_01,Inv_00,20170620,05:07:00,0.0,0.0,0,222.0,0.5,111,25010,15956,26.5,18.0
Station_01,Inv_00,20170620,05:08:00,0.0,0.0,0,222.0,0.5,111,25010,15956,26.5,18.0
Station_01,Inv_00,20170620,05:09:00,0.0,0.0,0,222.0,0.5,111,25010,15956,26.5,18.0
Station_01,Inv_00,20170620,05:10:00,0.0,0.0,0,222.0,0.5,111,25010,15956,26.5,19.0
Station_01,Inv_00,20170620,05:11:00,0.0,0.0,0,222.0,0.5,111,25010,15956,26.5,19.0
Station_01,Inv_00,20170620,05:12:00,0.0,0.0,0,222.0,0.5,111,25010,15956,26.6,18.0
Station_01,Inv_00,20170620,05:13:00,0.0,0.0,0,222.0,0.5,111,25010,15956,26.6,19.0
Station_01,Inv_00,20170620,05:14:00,0.0,0.0,0,222.0,0.5,111,25010,15956,26.7,19.0
Station_01,Inv_00,20170620,05:15:00,0.0,0.0,0,222.0,0.5,111,25010,15956,26.7,19.0
Station_01,Inv_00,20170620,05:16:00,0.0,0.0,0,222.0,0.5,111,25010,15956,26.7,20.0
Station_01,Inv_00,20170620,05:17:00,0.0,0.0,0,222.0,0.5,111,25010,15956,26.7,20.0
Station_01,Inv_00,20170620,05:18:00,0.0,0.0,0,222.0,0.5,111,25010,15956,26.7,20.0
Station_01,Inv_00,20170620,05:19:00,0.0,0.0,0,222.0,0.5,111,25010,15956,26.8,21.0
Station_01,Inv_00,20170620,05:20:00,0.0,0.0,0,222.0,0.5,111,25010,15956,26.8,21.0
Station_01,Inv_00,20170620,05:21:00,0.0,0.0,0,222.0,0.5,111,25010,15956,26.8,22.0
Station_01,Inv_00,20170620,05:22:00,0.0,0.0,0,222.0,0.5,111,25010,15956,26.8,22.0
Station_01,Inv_00,20170620,05:23:00,0.0,0.0,0,222.0,0.5,111,25010,15956,26.8,23.0
Station_01,Inv_00,20170620,05:24:00,0.0,0.0,0,222.0,0.5,111,25010,15956,26.8,24.0
Station_01,Inv_00,20170620,05:25:00,0.0,0.0,0,222.0,0.5,111,25010,15956,26.9,24.0
Station_01,Inv_00,20170620,05:26:00,0.0,0.0,0,222.0,0.5,111,25010,15956,26.9,25.0
Station_01,Inv_00,20170620,05:27:00,0.0,0.0,0,220.0,0.4,88,25010,15956,26.9,26.0
Station_01,Inv_00,20170620,05:28:00,0.0,0.0,0,221.0,0.5,111,25010,15956,27.0,30.0
Station_01,Inv_00,20170620,05:29:00,0.0,0.0,0,220.0,0.5,110,25010,15956,26.9,498.0
Station_01,Inv_00,20170620,05:30:00,0.0,0.0,0,222.0,0.5,111,25010,15956,27.0,30.0
Station_01,Inv_00,20170620,05:31:00,0.0,0.0,0,221.0,0.5,111,25010,15956,27.0,32.0
Station_01,Inv_00,20170620,05:32:00,221.0,0.2,44,216.0,0.4,86,25010,15956,27.1,33.0
Station_01,Inv_00,20170620,05:33:00,199.3,0.3,60,217.0,0.5,109,25010,15956,27.0,35.0
Station_01,Inv_00,20170620,05:34:00,212.3,0.3,64,218.0,0.5,109,25010,15956,27.1,37.0
Station_01,Inv_00,20170620,05:35:00,219.0,0.3,66,218.0,0.5,109,25010,15956,27.1,38.0
Station_01,Inv_00,20170620,05:36:00,214.0,0.4,86,217.0,0.5,109,25010,15956,27.0,41.0
Station_01,Inv_00,20170620,05:37:00,221.0,0.4,88,217.0,0.5,109,25010,15956,27.1,43.0
Station_01,Inv_00,20170620,05:38:00,222.0,0.4,89,217.0,0.5,109,25010,15956,27.1,45.0
Station_01,Inv_00,20170620,05:39:00,228.0,0.5,114,217.0,0.6,130,25010,15956,27.1,47.0
Station_01,Inv_00,20170620,05:40:00,207.5,0.6,125,217.0,0.6,130,25010,15956,27.1,49.0
Station_01,Inv_00,20170620,05:41:00,229.5,0.6,138,217.0,0.7,152,25010,15956,27.2,52.0
Station_01,Inv_00,20170620,05:42:00,219.0,0.6,131,217.0,0.7,152,25010,15956,27.2,54.0
Station_01,Inv_00,20170620,05:43:00,226.0,0.6,136,217.0,0.8,174,25010,15956,27.2,56.0
Station_01,Inv_00,20170620,05:44:00,191.9,0.7,134,219.0,0.7,153,25010,15956,27.2,58.0
Station_01,Inv_00,20170620,05:45:00,230.4,0.7,161,218.0,0.9,196,25010,15956,27.3,61.0
Station_01,Inv_00,20170620,05:46:01,223.0,0.8,178,218.0,0.9,196,25010,15956,27.3,63.0
Station_01,Inv_00,20170620,05:47:00,225.5,0.8,180,218.0,1.0,218,25010,15956,27.3,66.0
Station_01,Inv_00,20170620,05:48:00,236.0,0.8,189,218.0,1.0,218,25010,15956,27.4,68.0
Station_01,Inv_00,20170620,05:49:00,205.0,0.9,185,218.0,1.0,218,25010,15956,27.5,70.0
Station_01,Inv_00,20170620,05:50:00,228.0,0.9,205,218.0,1.0,218,25010,15956,27.5,72.0
Station_01,Inv_00,20170620,05:51:00,229.0,0.8,183,217.0,1.0,217,25010,15956,27.6,74.0
Station_01,Inv_00,20170620,05:52:00,234.5,1.0,235,216.0,1.1,238,25010,15956,27.7,75.0
Station_01,Inv_00,20170620,05:53:00,237.0,1.0,237,216.0,1.1,238,25010,15956,27.7,77.0
Station_01,Inv_00,20170620,05:54:00,228.6,1.0,229,217.0,1.1,239,25010,15956,27.8,78.0
Station_01,Inv_00,20170620,05:55:00,215.0,1.0,215,216.0,1.1,238,25010,15956,27.8,80.0
Station_01,Inv_00,20170620,05:56:01,228.5,1.0,229,216.0,1.2,259,25010,15956,27.8,81.0
Station_01,Inv_00,20170620,05:57:00,210.8,1.1,232,217.0,1.1,239,25010,15956,27.9,83.0
Station_01,Inv_00,20170620,05:58:00,230.0,1.1,253,217.0,1.2,260,25010,15956,28.0,85.0
Station_01,Inv_00,20170620,05:59:01,240.7,1.1,265,217.0,1.2,260,25010,15956,28.1,87.0
Station_01,Inv_00,20170620,06:00:00,229.5,1.2,275,217.0,1.3,282,25010,15956,28.1,88.0
Station_01,Inv_00,20170620,06:01:00,238.0,1.2,286,216.0,1.3,281,25010,15956,28.2,90.0
Station_01,Inv_00,20170620,06:02:00,189.0,1.2,227,217.0,1.1,239,25010,15956,28.2,92.0
Station_01,Inv_00,20170620,06:03:00,232.5,1.2,279,217.0,1.3,282,25010,15956,28.3,94.0
Station_01,Inv_00,20170620,06:04:00,234.0,1.3,304,216.0,1.4,302,25010,15956,28.4,97.0
Station_01,Inv_00,20170620,06:05:00,238.0,1.2,286,216.0,1.4,302,25010,15956,28.4,97.0
Station_01,Inv_00,20170620,06:06:00,217.5,1.3,283,217.0,1.3,282,25010,15956,28.4,97.0
Station_01,Inv_00,20170620,06:07:00,206.9,1.3,269,218.0,1.2,262,25010,15956,28.5,98.0
Station_01,Inv_00,20170620,06:08:00,231.2,1.3,301,217.0,1.4,304,25010,15956,28.6,96.0
Station_01,Inv_00,20170620,06:09:00,227.7,1.3,296,217.0,1.4,304,25010,15956,28.6,96.0
Station_01,Inv_00,20170620,06:10:00,236.9,1.3,308,218.0,1.4,305,25010,15956,28.6,97.0
Station_01,Inv_00,20170620,06:11:00,169.0,1.3,220,217.0,1.1,239,25010,15956,28.6,98.0
Station_01,Inv_00,20170620,06:12:00,219.0,1.2,263,218.0,1.4,305,25010,15956,28.7,99.0
Station_01,Inv_00,20170620,06:13:00,238.8,1.3,311,217.0,1.4,304,25010,15956,28.7,100.0
Station_01,Inv_00,20170620,06:14:00,217.0,1.4,304,217.0,1.4,304,25010,15956,28.7,102.0
Station_01,Inv_00,20170620,06:15:00,233.5,1.3,304,218.0,1.5,327,25010,15956,28.7,103.0
Station_01,Inv_00,20170620,06:16:00,241.0,1.4,337,216.0,1.5,324,25010,15956,28.9,104.0
Station_01,Inv_00,20170620,06:17:00,230.0,1.4,322,217.0,1.5,326,25010,15956,28.8,106.0
Station_01,Inv_00,20170620,06:18:00,235.0,1.4,329,216.0,1.5,324,25010,15956,28.9,106.0
Station_01,Inv_00,20170620,06:19:00,217.0,1.5,326,217.0,1.5,326,25010,15956,28.9,108.0
Station_01,Inv_00,20170620,06:20:00,236.5,1.4,331,216.0,1.5,324,25010,15956,29.0,108.0
Station_01,Inv_00,20170620,06:21:00,218.1,1.5,327,218.0,1.5,327,25010,15956,28.9,109.0
Station_01,Inv_00,20170620,06:22:00,238.0,1.4,333,217.0,1.5,326,25010,15956,29.0,110.0
Station_01,Inv_00,20170620,06:23:00,224.8,1.5,337,216.0,1.5,324,25010,15956,29.0,111.0
Station_01,Inv_00,20170620,06:24:00,240.0,1.4,336,215.0,1.5,323,25010,15956,29.0,111.0
Station_01,Inv_00,20170620,06:25:00,212.9,1.5,319,216.0,1.5,324,25010,15956,29.1,111.0
Station_01,Inv_00,20170620,06:26:00,231.0,1.5,347,216.0,1.5,324,25010,15956,29.1,112.0
Station_01,Inv_00,20170620,06:27:00,241.5,1.5,362,216.0,1.6,346,25010,15956,29.1,113.0
Station_01,Inv_00,20170620,06:28:00,231.0,1.5,347,216.0,1.5,324,25010,15956,29.2,114.0
Station_01,Inv_00,20170620,06:29:00,243.5,1.5,365,216.0,1.6,346,25010,15956,29.2,115.0
Station_01,Inv_00,20170620,06:30:00,241.5,1.6,386,216.0,1.6,346,25010,15956,29.2,118.0
Station_01,Inv_00,20170620,06:31:00,238.5,1.6,382,216.0,1.7,367,25010,15956,29.4,122.0
Station_01,Inv_00,20170620,06:32:00,237.4,1.7,404,217.0,1.8,391,25010,15956,29.4,127.0
Station_01,Inv_00,20170620,06:33:00,235.0,1.8,423,216.0,1.8,389,25010,15956,29.6,129.0
Station_01,Inv_00,20170620,06:34:00,245.0,1.8,441,215.0,2.0,430,25010,15956,29.7,137.0
Station_01,Inv_00,20170620,06:35:00,245.4,2.1,515,215.0,2.2,473,25010,15956,29.9,158.0
Station_01,Inv_00,20170620,06:36:00,232.5,2.2,512,216.0,2.2,475,25010,15956,30.1,163.0
Station_01,Inv_00,20170620,06:37:00,237.8,2.1,499,216.0,2.1,454,25010,15956,30.1,156.0
Station_01,Inv_00,20170620,06:38:00,212.0,2.2,466,216.0,2.2,475,25010,15956,30.3,170.0
Station_01,Inv_00,20170620,06:39:00,221.1,2.2,486,216.0,2.1,454,25010,15956,30.6,163.0
Station_01,Inv_00,20170620,06:40:00,234.5,2.0,469,216.0,2.0,432,25010,15956,30.5,148.0
Station_01,Inv_00,20170620,06:41:00,231.5,1.9,440,217.0,2.0,434,25010,15956,30.5,145.0
Station_01,Inv_00,20170620,06:42:00,238.0,1.9,452,217.0,2.0,434,25010,15956,30.4,142.0
Station_01,Inv_00,20170620,06:43:00,240.8,1.9,458,215.0,2.0,430,25010,15956,30.5,141.0
Station_01,Inv_00,20170620,06:44:00,240.5,1.9,457,216.0,2.0,432,25010,15956,30.5,141.0
Station_01,Inv_00,20170620,06:45:00,242.0,2.0,484,215.0,2.0,430,25010,15956,30.6,144.0
Station_01,Inv_00,20170620,06:46:00,240.0,1.8,432,215.0,2.0,430,25010,15956,30.6,143.0
Station_01,Inv_00,20170620,06:47:00,247.8,1.9,471,216.0,2.0,432,25010,15956,30.7,141.0
Station_01,Inv_00,20170620,06:48:00,243.0,2.0,486,216.0,2.0,432,25010,15956,30.6,142.0
Station_01,Inv_00,20170620,06:49:00,243.0,1.8,437,218.0,2.0,436,25010,15956,30.6,141.0
Station_01,Inv_00,20170620,06:50:00,210.5,2.0,421,216.0,1.9,410,25010,15956,30.7,142.0
Station_01,Inv_00,20170620,06:51:00,243.4,2.0,487,217.0,2.1,456,25010,15956,30.7,144.0
Station_01,Inv_00,20170620,06:52:00,241.5,2.1,507,216.0,2.1,454,25010,15956,30.7,146.0
Station_01,Inv_00,20170620,06:53:00,246.5,2.1,518,216.0,2.2,475,25010,15956,30.9,150.0
Station_01,Inv_00,20170620,06:54:00,232.4,2.3,535,216.0,2.3,497,25010,15956,31.0,156.0
Station_01,Inv_00,20170620,06:55:00,243.5,2.3,560,215.0,2.4,516,25010,15956,31.1,159.0
Station_01,Inv_00,20170620,06:56:00,240.4,2.3,553,215.0,2.5,538,25010,15956,31.1,164.0
Station_01,Inv_00,20170620,06:57:00,242.5,2.3,558,215.0,2.4,516,25010,15956,31.4,160.0
Station_01,Inv_00,20170620,06:58:00,242.9,2.3,559,215.0,2.4,516,25010,15956,31.3,161.0
Station_01,Inv_00,20170620,06:59:00,246.4,2.3,567,215.0,2.5,538,25010,15956,31.2,167.0
Station_01,Inv_00,20170620,07:00:00,245.5,2.2,540,214.0,2.5,535,25010,15956,31.5,166.0
Station_01,Inv_00,20170620,07:01:00,236.5,2.3,544,215.0,2.5,538,25010,15956,31.7,166.0
Station_01,Inv_00,20170620,07:02:00,236.5,2.4,568,215.0,2.5,538,25010,15956,31.7,169.0
Station_01,Inv_00,20170620,07:03:00,240.0,2.5,600,216.0,2.6,562,25010,15956,31.8,172.0
Station_01,Inv_00,20170620,07:04:00,243.0,2.6,632,216.0,2.7,583,25010,15956,31.8,176.0
Station_01,Inv_00,20170620,07:05:00,243.7,2.6,634,216.0,2.8,605,25010,15956,31.7,181.0
Station_01,Inv_00,20170620,07:06:00,239.5,2.6,623,216.0,2.8,605,25010,15956,31.8,186.0
Station_01,Inv_00,20170620,07:07:00,243.5,2.7,657,217.0,2.9,629,25010,15956,31.7,190.0
Station_01,Inv_00,20170620,07:08:00,244.0,2.8,683,216.0,3.0,648,25010,15956,31.9,193.0
Station_01,Inv_00,20170620,07:09:00,243.5,2.9,706,216.0,3.0,648,25010,15956,32.1,196.0
Station_01,Inv_00,20170620,07:10:00,241.5,2.9,700,218.0,3.1,676,25010,15956,32.1,199.0
Station_01,Inv_00,20170620,07:11:00,243.5,3.0,731,218.0,3.1,676,25010,15956,32.2,203.0
Station_01,Inv_00,20170620,07:12:00,242.0,3.0,726,217.0,3.1,673,25010,15956,32.2,205.0
Station_01,Inv_00,20170620,07:13:00,247.0,2.9,716,218.0,3.1,676,25010,15956,32.2,206.0
Station_01,Inv_00,20170620,07:14:00,235.9,3.1,731,217.0,3.1,673,25010,15956,32.6,207.0
Station_01,Inv_00,20170620,07:15:00,240.0,3.0,720,218.0,3.1,676,25010,15956,32.2,207.0
Station_01,Inv_00,20170620,07:16:00,242.5,3.0,728,217.0,3.1,673,25010,15956,32.4,206.0
Station_01,Inv_00,20170620,07:17:00,244.5,2.9,709,219.0,3.1,679,25010,15956,32.5,206.0
Station_01,Inv_00,20170620,07:18:00,244.5,2.8,685,219.0,3.1,679,25010,15956,32.5,206.0
Station_01,Inv_00,20170620,07:19:00,244.0,3.0,732,217.0,3.1,673,25010,15956,32.7,207.0
Station_01,Inv_00,20170620,07:20:00,245.5,2.9,712,217.0,3.1,673,25010,15956,32.7,206.0
Station_01,Inv_00,20170620,07:21:00,244.0,2.9,708,217.0,3.1,673,25010,15956,32.5,204.0
Station_01,Inv_00,20170620,07:22:00,245.0,2.9,710,218.0,3.1,676,25010,15956,32.7,204.0
Station_01,Inv_00,20170620,07:23:00,241.5,2.8,676,218.0,3.1,676,25010,15956,32.4,204.0
Station_01,Inv_00,20170620,07:24:00,242.0,3.0,726,219.0,3.1,679,25010,15956,32.6,205.0
Station_01,Inv_00,20170620,07:25:00,244.5,3.0,733,219.0,3.1,679,25010,15956,32.7,208.0
Station_01,Inv_00,20170620,07:26:00,246.5,3.1,764,220.0,3.3,726,25010,15956,33.0,217.0
Station_01,Inv_00,20170620,07:27:00,246.3,3.0,739,220.0,3.1,682,25010,15956,32.7,212.0
Station_01,Inv_00,20170620,07:28:00,246.5,3.0,739,217.0,3.2,694,25010,15956,32.8,213.0
Station_01,Inv_00,20170620,07:29:00,248.5,3.0,745,217.0,3.2,694,25010,15956,33.0,211.0
Station_01,Inv_00,20170620,07:30:00,242.5,2.9,703,216.0,3.1,670,25010,15956,32.9,207.0
Station_01,Inv_00,20170620,07:31:00,243.5,2.9,706,216.0,3.1,670,25010,15956,33.1,205.0
Station_01,Inv_00,20170620,07:32:00,248.0,2.9,719,216.0,3.1,670,25010,15956,32.9,205.0
Station_01,Inv_00,20170620,07:33:00,244.5,2.8,685,217.0,3.1,673,25010,15956,33.2,206.0
Station_01,Inv_00,20170620,07:34:00,241.5,3.0,725,217.0,3.1,673,25010,15956,33.0,208.0
Station_01,Inv_00,20170620,07:35:01,244.0,3.0,732,217.0,3.1,673,25010,15956,33.4,208.0
Station_01,Inv_00,20170620,07:36:00,246.5,3.0,740,216.0,3.1,670,25010,15956,33.6,209.0
Station_01,Inv_00,20170620,07:37:00,243.5,3.0,730,216.0,3.1,670,25010,15956,33.5,209.0
Station_01,Inv_00,20170620,07:38:00,243.5,3.0,731,216.0,3.1,670,25010,15956,33.2,210.0
Station_01,Inv_00,20170620,07:39:00,245.4,3.0,736,216.0,3.2,691,25010,15956,33.4,212.0
Station_01,Inv_00,20170620,07:40:00,242.0,3.1,750,216.0,3.2,691,25010,15956,33.6,213.0
Station_01,Inv_00,20170620,07:41:00,240.9,3.2,771,216.0,3.3,713,25010,15956,33.4,218.0
Station_01,Inv_00,20170620,07:42:00,243.0,3.1,753,216.0,3.4,734,25010,15956,33.3,225.0
Station_01,Inv_00,20170620,07:43:00,245.9,3.2,787,219.0,3.4,745,25010,15956,33.4,224.0
Station_01,Inv_00,20170620,07:44:00,240.9,3.3,795,219.0,3.5,767,25010,15956,33.7,227.0
Station_01,Inv_00,20170620,07:45:00,242.0,3.4,823,219.0,3.6,788,25011,15957,33.7,230.0
Station_01,Inv_00,20170620,07:46:00,245.0,3.4,833,218.0,3.6,785,25011,15957,33.8,236.0
Station_01,Inv_00,20170620,07:47:00,239.0,3.6,860,218.0,3.7,807,25011,15957,34.1,241.0
Station_01,Inv_00,20170620,07:48:00,239.9,3.7,888,219.0,3.8,832,25011,15957,34.2,247.0
Station_01,Inv_00,20170620,07:49:00,236.0,3.9,920,219.0,3.9,854,25011,15957,34.5,255.0
Station_01,Inv_00,20170620,07:50:00,238.0,3.9,928,219.0,4.0,876,25011,15957,34.6,266.0
Station_01,Inv_00,20170620,07:51:00,243.0,4.1,996,219.0,4.3,942,25011,15957,34.6,281.0
Station_01,Inv_00,20170620,07:52:00,236.0,4.4,1038,219.0,4.3,942,25011,15957,35.2,288.0
Station_01,Inv_00,20170620,07:53:00,238.0,4.5,1071,218.0,4.6,1003,25011,15957,35.7,304.0
Station_01,Inv_00,20170620,07:54:00,242.0,4.5,1089,219.0,4.7,1029,25011,15957,36.0,311.0
Station_01,Inv_00,20170620,07:55:00,234.5,5.2,1219,220.0,5.2,1144,25011,15957,36.2,337.0
Station_01,Inv_00,20170620,07:56:00,246.4,5.4,1331,220.0,5.6,1232,25011,15957,36.9,359.0
Station_01,Inv_00,20170620,07:57:00,237.5,6.2,1472,220.0,6.2,1364,25011,15957,37.9,392.0
Station_01,Inv_00,20170620,07:58:00,243.5,6.1,1485,219.0,6.2,1358,25011,15957,38.3,403.0
Station_01,Inv_00,20170620,07:59:00,240.3,5.6,1346,219.0,5.7,1248,25011,15957,38.7,375.0
Station_01,Inv_00,20170620,08:00:00,233.0,5.8,1351,219.0,5.9,1292,25011,15957,38.7,395.0
Station_01,Inv_00,20170620,08:01:00,240.5,5.7,1371,218.0,6.0,1308,25011,15957,38.9,387.0
Station_01,Inv_00,20170620,08:02:00,240.5,6.3,1515,218.0,6.6,1439,25011,15957,39.3,407.0
Station_01,Inv_00,20170620,08:03:00,239.0,7.3,1745,217.0,7.7,1671,25011,15957,38.9,473.0
Station_01,Inv_00,20170620,08:04:00,241.0,7.1,1711,218.0,7.4,1613,25011,15957,40.2,445.0
Station_01,Inv_00,20170620,08:05:00,241.0,6.1,1470,218.0,6.3,1373,25011,15957,40.6,423.0
Station_01,Inv_00,20170620,08:06:00,238.5,6.7,1598,218.0,6.9,1504,25011,15957,40.6,447.0
Station_01,Inv_00,20170620,08:07:00,238.4,5.8,1383,216.0,6.1,1318,25011,15957,39.4,402.0
Station_01,Inv_00,20170620,08:08:00,239.5,6.3,1509,216.0,6.5,1404,25011,15957,39.2,413.0
Station_01,Inv_00,20170620,08:09:00,235.0,6.3,1480,217.0,6.4,1389,25011,15957,39.6,409.0
Station_01,Inv_00,20170620,08:10:00,233.5,6.7,1564,216.0,6.7,1447,25011,15957,39.8,423.0
Station_01,Inv_00,20170620,08:11:00,238.5,6.5,1550,218.0,6.7,1461,25011,15957,40.4,427.0
Station_01,Inv_00,20170620,08:12:00,242.0,6.2,1500,216.0,6.6,1426,25011,15957,40.7,418.0
Station_01,Inv_00,20170620,08:13:00,240.0,6.1,1464,217.0,6.4,1389,25011,15957,40.6,407.0
Station_01,Inv_00,20170620,08:14:00,234.5,6.3,1477,217.0,6.4,1389,25011,15957,40.7,413.0
Station_01,Inv_00,20170620,08:15:00,236.0,6.1,1440,217.0,6.1,1324,25011,15957,40.0,398.0
Station_01,Inv_00,20170620,08:16:00,244.4,5.6,1369,219.0,5.8,1270,25011,15957,40.4,379.0
Station_01,Inv_00,20170620,08:17:00,240.0,5.2,1248,219.0,5.4,1183,25011,15957,39.9,350.0
Station_01,Inv_00,20170620,08:18:00,239.0,5.1,1219,219.0,5.1,1117,25011,15957,39.8,336.0
Station_01,Inv_00,20170620,08:19:00,239.0,5.0,1195,217.0,5.1,1107,25011,15957,39.8,327.0
Station_01,Inv_00,20170620,08:20:00,241.0,5.2,1253,218.0,5.2,1134,25011,15957,39.4,330.0
Station_01,Inv_00,20170620,08:21:00,240.5,4.9,1178,217.0,5.1,1107,25011,15957,39.4,332.0
Station_01,Inv_00,20170620,08:22:00,240.0,4.7,1128,217.0,4.8,1042,25011,15957,38.7,317.0
Station_01,Inv_00,20170620,08:23:00,240.0,4.5,1080,217.0,4.7,1020,25011,15957,38.9,308.0
Station_01,Inv_00,20170620,08:24:00,229.0,4.4,1008,217.0,4.3,933,25011,15957,38.7,288.0
Station_01,Inv_00,20170620,08:25:00,227.0,4.2,953,217.0,4.1,890,25011,15957,37.6,287.0
Station_01,Inv_00,20170620,08:26:00,242.5,4.3,1043,218.0,4.4,959,25011,15957,37.9,281.0
Station_01,Inv_00,20170620,08:27:00,241.5,4.2,1014,218.0,4.2,916,25011,15957,37.6,284.0
Station_01,Inv_00,20170620,08:28:00,237.0,4.0,948,217.0,4.1,890,25011,15957,37.6,265.0
Station_01,Inv_00,20170620,08:29:00,235.0,3.8,893,218.0,3.9,850,25011,15957,37.8,248.0
Station_01,Inv_00,20170620,08:30:00,238.0,3.8,904,218.0,3.9,850,25011,15957,37.8,246.0
Station_01,Inv_00,20170620,08:31:00,205.0,3.8,779,217.0,3.4,738,25011,15957,37.2,249.0
Station_01,Inv_00,20170620,08:32:00,239.3,3.8,909,216.0,3.9,842,25011,15957,37.5,249.0
Station_01,Inv_00,20170620,08:33:00,240.5,3.8,914,217.0,3.9,846,25011,15957,37.4,246.0
Station_01,Inv_00,20170620,08:34:00,232.4,3.9,906,217.0,3.9,846,25011,15957,37.4,246.0
Station_01,Inv_00,20170620,08:35:00,242.0,3.7,895,218.0,4.0,872,25012,15958,37.2,247.0
Station_01,Inv_00,20170620,08:36:00,229.4,3.8,872,218.0,3.9,850,25012,15958,37.5,249.0
Station_01,Inv_00,20170620,08:37:00,242.3,3.8,921,216.0,4.1,886,25012,15958,37.5,254.0
Station_01,Inv_00,20170620,08:38:00,243.4,4.0,974,217.0,4.1,890,25012,15958,37.7,257.0
Station_01,Inv_00,20170620,08:39:00,241.5,4.1,990,217.0,4.1,890,25012,15958,37.6,262.0
Station_01,Inv_00,20170620,08:40:00,239.5,4.2,1006,217.0,4.2,911,25012,15958,37.8,262.0
Station_01,Inv_00,20170620,08:41:00,228.5,4.3,983,216.0,4.1,886,25012,15958,37.8,265.0
Station_01,Inv_00,20170620,08:42:00,236.5,4.2,993,216.0,4.2,907,25012,15958,37.8,266.0
Station_01,Inv_00,20170620,08:43:00,242.4,4.2,1018,216.0,4.2,907,25012,15958,37.4,266.0
Station_01,Inv_00,20170620,08:44:00,219.0,4.1,898,216.0,4.0,864,25012,15958,37.8,263.0
Station_01,Inv_00,20170620,08:45:00,244.4,4.1,1002,216.0,4.1,886,25012,15958,37.8,267.0
Station_01,Inv_00,20170620,08:46:00,242.5,4.1,994,216.0,4.1,886,25012,15958,37.4,262.0
Station_01,Inv_00,20170620,08:47:00,241.5,4.1,990,216.0,4.1,886,25012,15958,37.8,274.0
Station_01,Inv_00,20170620,08:48:00,241.5,4.1,990,217.0,4.1,890,25012,15958,37.3,260.0
Station_01,Inv_00,20170620,08:49:00,232.5,4.1,953,217.0,4.0,868,25012,15958,37.5,256.0
Station_01,Inv_00,20170620,08:50:00,232.4,4.1,953,217.0,4.0,868,25012,15958,37.3,254.0
Station_01,Inv_00,20170620,08:51:00,234.4,4.0,938,217.0,4.0,868,25012,15958,37.3,253.0
Station_01,Inv_00,20170620,08:52:00,244.0,3.9,952,217.0,4.0,868,25012,15958,37.2,249.0
Station_01,Inv_00,20170620,08:53:00,239.9,3.9,936,217.0,3.9,846,25012,15958,37.2,251.0
Station_01,Inv_00,20170620,08:54:00,242.9,3.7,899,217.0,4.0,868,25012,15958,37.1,247.0
Station_01,Inv_00,20170620,08:55:00,239.4,3.9,934,217.0,4.0,868,25012,15958,37.1,247.0
Station_01,Inv_00,20170620,08:56:00,221.9,4.0,888,217.0,3.9,846,25012,15958,37.5,247.0
Station_01,Inv_00,20170620,08:57:00,230.5,4.1,945,216.0,3.9,842,25012,15958,37.3,250.0
Station_01,Inv_00,20170620,08:58:00,241.0,4.0,964,217.0,4.1,890,25012,15958,37.5,252.0
Station_01,Inv_00,20170620,08:59:00,243.0,4.0,972,217.0,4.1,890,25012,15958,37.6,255.0
Station_01,Inv_00,20170620,09:00:00,244.5,4.1,1002,218.0,4.2,916,25012,15958,37.8,259.0
Station_01,Inv_00,20170620,09:01:00,234.4,4.3,1008,218.0,4.2,916,25012,15958,37.6,266.0
Station_01,Inv_00,20170620,09:02:00,243.5,4.3,1047,218.0,4.4,959,25012,15958,37.6,271.0
Station_01,Inv_00,20170620,09:03:00,243.5,4.3,1047,218.0,4.5,981,25012,15958,38.0,279.0
Station_01,Inv_00,20170620,09:04:00,234.0,4.5,1053,218.0,4.6,1003,25012,15958,37.9,286.0
Station_01,Inv_00,20170620,09:05:00,215.4,4.8,1034,218.0,4.4,959,25012,15958,38.0,292.0
Station_01,Inv_00,20170620,09:06:00,232.4,4.9,1139,218.0,4.8,1046,25012,15958,38.1,299.0
Station_01,Inv_00,20170620,09:07:00,245.5,4.7,1154,217.0,5.0,1085,25012,15958,38.3,308.0
Station_01,Inv_00,20170620,09:08:00,241.5,5.1,1231,217.0,5.1,1107,25012,15958,38.3,317.0
Station_01,Inv_00,20170620,09:09:00,238.5,5.3,1264,216.0,5.3,1145,25012,15958,38.8,324.0
Station_01,Inv_00,20170620,09:10:00,241.5,5.3,1280,216.0,5.4,1166,25012,15958,38.8,328.0
Station_01,Inv_00,20170620,09:11:00,238.4,5.4,1288,216.0,5.5,1188,25012,15958,39.0,333.0
Station_01,Inv_00,20170620,09:12:00,239.5,5.5,1317,216.0,5.6,1210,25012,15958,39.4,340.0
Station_01,Inv_00,20170620,09:13:00,243.0,5.5,1336,217.0,5.6,1215,25012,15958,39.8,343.0
Station_01,Inv_00,20170620,09:14:00,238.5,5.5,1312,216.0,5.7,1231,25012,15958,39.9,354.0
Station_01,Inv_00,20170620,09:15:00,239.5,5.6,1341,216.0,5.7,1231,25012,15958,40.1,348.0
Station_01,Inv_00,20170620,09:16:00,240.5,5.5,1323,216.0,5.8,1253,25012,15958,40.2,351.0
Station_01,Inv_00,20170620,09:17:00,239.5,5.6,1341,216.0,5.6,1210,25012,15958,40.3,348.0
Station_01,Inv_00,20170620,09:18:00,239.0,5.5,1314,217.0,5.7,1237,25012,15958,39.8,356.0
Station_01,Inv_00,20170620,09:19:00,241.0,5.6,1350,217.0,5.7,1237,25012,15958,40.4,349.0
Station_01,Inv_00,20170620,09:20:00,239.9,5.6,1344,217.0,5.7,1237,25012,15958,40.7,350.0
Station_01,Inv_00,20170620,09:21:00,239.9,5.6,1343,217.0,5.7,1237,25012,15958,40.5,350.0
Station_01,Inv_00,20170620,09:22:00,237.9,5.7,1356,217.0,5.7,1237,25012,15958,40.7,352.0
Station_01,Inv_00,20170620,09:23:00,235.5,5.7,1342,217.0,5.8,1259,25012,15958,41.2,355.0
Station_01,Inv_00,20170620,09:24:00,236.9,5.9,1398,217.0,5.9,1280,25012,15958,41.1,363.0
Station_01,Inv_00,20170620,09:25:00,236.5,6.0,1419,218.0,6.1,1330,25012,15958,41.3,371.0
Station_01,Inv_00,20170620,09:26:00,238.4,5.8,1383,217.0,5.9,1280,25012,15958,41.0,368.0
Station_01,Inv_00,20170620,09:27:00,236.0,5.7,1345,216.0,5.7,1231,25012,15958,41.2,358.0
Station_01,Inv_00,20170620,09:28:00,237.5,5.7,1354,216.0,5.7,1231,25012,15958,41.2,355.0
Station_01,Inv_00,20170620,09:29:00,233.9,5.6,1310,217.0,5.7,1237,25013,15958,41.3,355.0
Station_01,Inv_00,20170620,09:30:00,238.4,5.8,1383,217.0,5.8,1259,25013,15958,41.5,361.0
Station_01,Inv_00,20170620,09:31:00,236.5,5.9,1395,217.0,6.1,1324,25013,15958,41.1,376.0
Station_01,Inv_00,20170620,09:32:00,228.4,6.4,1462,217.0,6.2,1345,25013,15958,41.3,396.0
Station_01,Inv_00,20170620,09:33:00,239.5,6.0,1437,217.0,6.3,1367,25013,15958,41.9,392.0
Station_01,Inv_00,20170620,09:34:00,238.0,6.2,1476,216.0,6.3,1361,25013,15958,42.0,388.0
Station_01,Inv_00,20170620,09:35:00,234.9,6.0,1410,217.0,6.2,1345,25013,15958,41.7,387.0
Station_01,Inv_00,20170620,09:36:00,240.0,6.3,1512,217.0,6.6,1432,25013,15958,41.7,398.0
Station_01,Inv_00,20170620,09:37:00,237.0,7.5,1777,217.0,7.7,1671,25013,15958,42.7,458.0
Station_01,Inv_00,20170620,09:38:01,235.5,6.2,1460,217.0,6.2,1345,25013,15958,42.5,412.0
Station_01,Inv_00,20170620,09:39:00,237.5,5.0,1188,217.0,5.0,1085,25013,15958,42.1,327.0
Station_01,Inv_00,20170620,09:40:01,240.0,5.0,1200,216.0,5.1,1102,25013,15958,41.8,318.0
Station_01,Inv_00,20170620,09:41:00,233.0,5.1,1188,217.0,5.2,1128,25013,15958,41.8,337.0
Station_01,Inv_00,20170620,09:42:00,244.5,5.2,1271,216.0,5.4,1166,25013,15958,41.2,341.0
Station_01,Inv_00,20170620,09:43:00,247.8,5.1,1264,216.0,5.6,1210,25013,15958,41.3,348.0
Station_01,Inv_00,20170620,09:44:00,241.9,5.4,1306,217.0,5.6,1215,25013,15958,41.1,350.0
Station_01,Inv_00,20170620,09:45:00,239.5,5.8,1389,217.0,6.1,1324,25013,15958,41.1,368.0
Station_01,Inv_00,20170620,09:46:00,240.5,5.6,1347,217.0,5.8,1259,25013,15958,41.8,363.0
Station_01,Inv_00,20170620,09:47:00,240.9,5.3,1277,216.0,5.4,1166,25013,15958,41.3,345.0
Station_01,Inv_00,20170620,09:48:00,228.8,5.2,1190,217.0,5.0,1085,25013,15958,41.6,325.0
Station_01,Inv_00,20170620,09:49:00,239.0,5.0,1195,216.0,5.1,1102,25013,15958,41.0,317.0
Station_01,Inv_00,20170620,09:50:00,236.0,4.8,1133,216.0,5.0,1080,25013,15958,40.4,317.0
Station_01,Inv_00,20170620,09:51:00,233.5,5.0,1168,216.0,5.1,1102,25013,15958,40.2,332.0
Station_01,Inv_00,20170620,09:52:00,238.5,5.1,1216,216.0,5.2,1123,25013,15958,40.3,326.0
Station_01,Inv_00,20170620,09:53:00,221.0,5.6,1237,216.0,5.2,1123,25013,15958,40.4,338.0
Station_01,Inv_00,20170620,09:54:00,233.9,5.8,1357,217.0,5.8,1259,25013,15958,40.1,362.0
Station_01,Inv_00,20170620,09:55:00,238.5,6.1,1455,217.0,6.2,1345,25013,15958,40.9,378.0
Station_01,Inv_00,20170620,09:56:00,234.0,6.6,1544,217.0,6.6,1432,25013,15958,40.4,407.0
Station_01,Inv_00,20170620,09:57:00,229.5,7.5,1721,217.0,7.5,1628,25013,15958,41.0,455.0
Station_01,Inv_00,20170620,09:58:00,236.0,7.3,1723,217.0,7.5,1628,25013,15958,41.0,468.0
Station_01,Inv_00,20170620,09:59:00,239.5,7.9,1892,217.0,8.2,1779,25013,15958,41.9,497.0
Station_01,Inv_00,20170620,10:00:00,239.0,11.2,2676,219.0,11.5,2519,25013,15958,42.3,652.0
Station_01,Inv_00,20170620,10:01:00,235.4,10.8,2543,220.0,11.1,2442,25013,15958,44.5,693.0
Station_01,Inv_00,20170620,10:02:00,236.0,11.0,2596,219.0,11.2,2453,25013,15958,45.5,737.0
Station_01,Inv_00,20170620,10:03:00,231.0,12.3,2841,218.0,12.2,2660,25013,15958,46.5,766.0
Station_01,Inv_00,20170620,10:04:00,234.5,10.2,2391,219.0,10.3,2256,25013,15958,47.6,679.0
Station_01,Inv_00,20170620,10:05:00,232.5,11.5,2674,219.0,11.7,2562,25013,15958,48.1,734.0
Station_01,Inv_00,20170620,10:06:00,231.0,11.1,2564,219.0,11.1,2431,25014,15959,47.0,723.0
Station_01,Inv_00,20170620,10:07:00,230.5,9.5,2190,218.0,9.5,2071,25014,15959,47.2,623.0
Station_01,Inv_00,20170620,10:08:00,231.5,9.3,2153,218.0,9.5,2071,25014,15959,46.2,611.0
Station_01,Inv_00,20170620,10:09:00,236.0,8.4,1982,218.0,8.6,1875,25014,15959,47.0,547.0
Station_01,Inv_00,20170620,10:10:00,232.5,8.1,1883,217.0,8.2,1779,25014,15959,46.6,518.0
Station_01,Inv_00,20170620,10:11:00,227.0,8.2,1861,217.0,8.2,1779,25014,15959,46.7,513.0
Station_01,Inv_00,20170620,10:12:00,232.5,10.7,2488,218.0,10.8,2354,25014,15959,47.3,624.0
Station_01,Inv_00,20170620,10:13:00,232.0,11.2,2598,218.0,11.2,2442,25014,15959,49.0,706.0
Station_01,Inv_00,20170620,10:14:00,228.5,10.2,2331,218.0,10.2,2224,25014,15959,48.9,673.0
Station_01,Inv_00,20170620,10:15:00,232.5,8.5,1976,218.0,8.6,1875,25014,15959,49.2,566.0
Station_01,Inv_00,20170620,10:16:00,230.5,8.5,1959,217.0,8.5,1845,25014,15959,48.6,533.0
Station_01,Inv_00,20170620,10:17:00,226.0,10.8,2440,218.0,10.6,2311,25014,15959,49.9,643.0
Station_01,Inv_00,20170620,10:18:00,231.5,9.3,2153,217.0,9.3,2018,25014,15959,49.6,581.0
Station_01,Inv_00,20170620,10:19:00,226.0,9.4,2124,218.0,9.2,2006,25014,15959,48.5,583.0
Station_01,Inv_00,20170620,10:20:00,233.0,8.7,2027,217.0,8.7,1888,25014,15959,47.1,555.0
Station_01,Inv_00,20170620,10:21:00,232.0,8.5,1972,217.0,8.7,1888,25014,15959,46.5,542.0
Station_01,Inv_00,20170620,10:22:00,231.5,8.4,1945,217.0,8.4,1823,25014,15959,46.8,529.0
Station_01,Inv_00,20170620,10:23:00,229.0,8.0,1832,217.0,8.0,1736,25014,15959,46.9,495.0
Station_01,Inv_00,20170620,10:24:00,233.5,7.9,1845,217.0,8.1,1758,25014,15959,46.1,504.0
Station_01,Inv_00,20170620,10:25:00,233.5,8.1,1891,217.0,8.1,1758,25014,15959,45.8,502.0
Station_01,Inv_00,20170620,10:26:00,233.0,7.9,1841,217.0,7.9,1714,25014,15959,45.1,498.0
Station_01,Inv_00,20170620,10:27:00,232.4,8.0,1860,218.0,8.1,1766,25014,15959,45.2,491.0
Station_01,Inv_00,20170620,10:28:00,236.4,7.4,1750,217.0,7.7,1671,25014,15959,45.8,472.0
Station_01,Inv_00,20170620,10:29:00,234.5,7.5,1759,218.0,7.5,1635,25014,15959,45.5,465.0
Station_01,Inv_00,20170620,10:30:00,230.0,7.6,1748,217.0,7.6,1649,25014,15959,45.7,468.0
Station_01,Inv_00,20170620,10:31:00,236.5,7.5,1774,217.0,7.8,1693,25014,15959,45.7,475.0
Station_01,Inv_00,20170620,10:32:00,234.0,7.8,1825,217.0,8.0,1736,25014,15959,45.2,489.0
Station_01,Inv_00,20170620,10:33:00,232.0,8.5,1972,217.0,8.6,1866,25014,15959,44.2,518.0
Station_01,Inv_00,20170620,10:34:00,235.5,8.7,2049,217.0,8.9,1931,25014,15959,45.8,540.0
Station_01,Inv_00,20170620,10:35:00,236.4,7.2,1702,217.0,7.5,1628,25014,15959,44.2,476.0
Station_01,Inv_00,20170620,10:36:00,238.9,7.0,1673,218.0,7.2,1570,25015,15960,44.2,443.0
Station_01,Inv_00,20170620,10:37:00,236.0,6.9,1628,217.0,7.0,1519,25015,15960,44.1,427.0
Station_01,Inv_00,20170620,10:38:00,238.0,6.7,1594,217.0,6.8,1476,25015,15960,44.6,419.0
Station_01,Inv_00,20170620,10:39:00,237.0,6.9,1635,217.0,7.2,1562,25015,15960,44.1,432.0
Station_01,Inv_00,20170620,10:40:00,237.9,6.8,1618,217.0,6.9,1497,25015,15960,43.4,424.0
Station_01,Inv_00,20170620,10:41:00,235.0,6.6,1551,216.0,6.7,1447,25015,15960,42.7,415.0
Station_01,Inv_00,20170620,10:42:00,232.0,6.5,1508,217.0,6.5,1411,25015,15960,42.5,400.0
Station_01,Inv_00,20170620,10:43:00,226.5,6.3,1427,216.0,6.2,1339,25015,15960,42.4,386.0
Station_01,Inv_00,20170620,10:44:00,225.0,6.3,1417,217.0,6.1,1324,25015,15960,42.9,379.0
Station_01,Inv_00,20170620,10:45:00,226.0,6.3,1424,217.0,6.1,1324,25015,15960,43.1,378.0
Station_01,Inv_00,20170620,10:46:00,227.0,6.1,1385,217.0,6.1,1324,25015,15960,42.9,376.0
Station_01,Inv_00,20170620,10:47:00,225.5,6.1,1376,217.0,6.0,1302,25015,15960,43.5,372.0
Station_01,Inv_00,20170620,10:48:00,235.0,6.0,1410,216.0,6.1,1318,25015,15960,42.6,367.0
Station_01,Inv_00,20170620,10:49:00,235.0,5.8,1363,216.0,5.8,1253,25015,15960,43.2,355.0
Station_01,Inv_00,20170620,10:50:00,232.5,5.5,1279,216.0,5.6,1210,25015,15960,42.7,347.0
Station_01,Inv_00,20170620,10:51:00,235.0,5.3,1245,216.0,5.5,1188,25015,15960,42.9,334.0
Station_01,Inv_00,20170620,10:52:00,239.9,5.0,1200,216.0,5.2,1123,25015,15960,42.2,327.0
Station_01,Inv_00,20170620,10:53:00,228.0,5.2,1186,216.0,5.1,1102,25015,15960,42.8,318.0
Station_01,Inv_00,20170620,10:54:00,238.0,4.8,1142,216.0,4.9,1058,25015,15960,42.9,309.0
Station_01,Inv_00,20170620,10:55:00,238.5,4.9,1169,216.0,5.0,1080,25015,15960,42.3,305.0
Station_01,Inv_00,20170620,10:56:00,233.5,4.8,1121,216.0,4.9,1058,25015,15960,42.2,304.0
Station_01,Inv_00,20170620,10:57:00,238.5,4.7,1121,216.0,4.9,1058,25015,15960,41.8,302.0
Station_01,Inv_00,20170620,10:58:00,235.0,4.9,1152,216.0,4.9,1058,25015,15960,42.2,295.0
Station_01,Inv_00,20170620,10:59:00,229.5,4.7,1079,216.0,4.7,1015,25015,15960,41.6,295.0
Station_01,Inv_00,20170620,11:00:00,234.0,4.8,1123,216.0,4.7,1015,25015,15960,40.8,293.0
Station_01,Inv_00,20170620,11:01:00,241.5,4.5,1087,216.0,4.7,1015,25015,15960,41.0,288.0
Station_01,Inv_00,20170620,11:02:00,239.0,4.6,1099,217.0,4.7,1020,25015,15960,40.7,287.0
Station_01,Inv_00,20170620,11:03:00,238.5,4.6,1097,217.0,4.7,1020,25015,15960,40.7,302.0
Station_01,Inv_00,20170620,11:04:00,238.4,4.5,1073,217.0,4.6,998,25015,15960,41.1,283.0
Station_01,Inv_00,20170620,11:05:00,234.5,4.7,1102,217.0,4.6,998,25015,15960,40.9,286.0
Station_01,Inv_00,20170620,11:06:00,237.3,4.6,1092,217.0,4.6,998,25015,15960,40.8,282.0
Station_01,Inv_00,20170620,11:07:00,242.9,4.5,1093,217.0,4.6,998,25015,15960,40.7,279.0
Station_01,Inv_00,20170620,11:08:00,238.0,4.6,1095,217.0,4.6,998,25015,15960,40.2,282.0
Station_01,Inv_00,20170620,11:09:00,240.4,4.4,1058,217.0,4.6,998,25015,15960,39.7,287.0
Station_01,Inv_00,20170620,11:10:00,243.0,4.5,1093,217.0,4.6,998,25015,15960,39.5,282.0
Station_01,Inv_00,20170620,11:11:00,239.2,4.4,1052,217.0,4.4,955,25015,15960,38.8,282.0
Station_01,Inv_00,20170620,11:12:00,237.5,4.4,1045,217.0,4.6,998,25015,15960,38.5,282.0
Station_01,Inv_00,20170620,11:13:00,235.5,4.6,1083,216.0,4.5,972,25015,15960,38.6,279.0
Station_01,Inv_00,20170620,11:14:00,234.5,4.6,1079,217.0,4.6,998,25015,15960,38.9,294.0
Station_01,Inv_00,20170620,11:15:00,237.5,4.6,1093,217.0,4.6,998,25015,15960,38.8,283.0
Station_01,Inv_00,20170620,11:16:00,236.5,4.6,1088,216.0,4.6,994,25015,15960,38.8,288.0
Station_01,Inv_00,20170620,11:17:00,234.5,4.6,1079,216.0,4.7,1015,25015,15960,38.3,288.0
Station_01,Inv_00,20170620,11:18:00,236.0,4.8,1133,216.0,4.8,1037,25015,15960,38.7,292.0
Station_01,Inv_00,20170620,11:19:00,238.0,4.8,1142,216.0,4.9,1058,25015,15960,38.0,298.0
Station_01,Inv_00,20170620,11:20:00,241.0,4.8,1157,216.0,5.0,1080,25015,15960,38.4,303.0
Station_01,Inv_00,20170620,11:21:00,234.0,5.1,1193,216.0,5.0,1080,25015,15960,38.4,310.0
Station_01,Inv_00,20170620,11:22:00,233.0,5.0,1165,217.0,5.1,1107,25015,15960,38.2,318.0
Station_01,Inv_00,20170620,11:23:00,236.4,5.1,1206,217.0,5.2,1128,25015,15960,38.3,322.0
Station_01,Inv_00,20170620,11:24:00,239.0,5.2,1243,216.0,5.4,1166,25015,15960,38.2,329.0
Station_01,Inv_00,20170620,11:25:00,236.5,5.4,1277,217.0,5.5,1194,25016,15960,39.0,334.0
Station_01,Inv_00,20170620,11:26:00,239.5,5.4,1293,217.0,5.6,1215,25016,15960,37.8,341.0
Station_01,Inv_00,20170620,11:27:00,237.5,5.6,1330,217.0,5.6,1215,25016,15960,38.1,352.0
Station_01,Inv_00,20170620,11:28:00,231.4,5.8,1342,217.0,5.7,1237,25016,15960,38.3,356.0
Station_01,Inv_00,20170620,11:29:00,228.5,6.0,1371,217.0,5.9,1280,25016,15960,38.1,364.0
Station_01,Inv_00,20170620,11:30:00,235.9,5.9,1392,217.0,5.9,1280,25016,15960,38.3,374.0
Station_01,Inv_00,20170620,11:31:00,231.0,6.3,1455,217.0,6.2,1345,25016,15960,38.6,382.0
Station_01,Inv_00,20170620,11:32:00,235.8,6.4,1509,217.0,6.4,1389,25016,15960,39.2,393.0
Station_01,Inv_00,20170620,11:33:00,236.5,6.5,1537,217.0,6.7,1454,25016,15960,39.1,404.0
Station_01,Inv_00,20170620,11:34:01,241.0,6.7,1615,217.0,6.9,1497,25016,15960,40.0,410.0
Station_01,Inv_00,20170620,11:35:00,239.5,6.9,1653,217.0,7.1,1541,25016,15960,40.8,431.0
Station_01,Inv_00,20170620,11:36:00,236.4,7.0,1655,217.0,7.2,1562,25016,15960,40.9,441.0
Station_01,Inv_00,20170620,11:37:00,240.0,7.1,1704,217.0,7.4,1606,25016,15960,41.3,443.0
Station_01,Inv_00,20170620,11:38:00,241.0,7.2,1735,217.0,7.4,1606,25016,15960,41.5,445.0
Station_01,Inv_00,20170620,11:39:00,240.0,7.2,1728,217.0,7.6,1649,25016,15960,41.6,453.0
Station_01,Inv_00,20170620,11:40:00,230.0,7.5,1725,218.0,7.5,1635,25016,15960,42.2,458.0
Station_01,Inv_00,20170620,11:41:00,233.0,7.5,1747,217.0,7.7,1671,25016,15960,41.7,465.0
Station_01,Inv_00,20170620,11:42:00,242.9,7.8,1895,217.0,8.2,1779,25016,15960,42.4,488.0
Station_01,Inv_00,20170620,11:43:00,238.5,8.1,1932,217.0,8.4,1823,25016,15960,43.3,512.0
Station_01,Inv_00,20170620,11:44:00,225.0,8.6,1935,218.0,8.3,1809,25016,15960,43.6,515.0
Station_01,Inv_00,20170620,11:45:00,225.0,8.3,1868,218.0,8.1,1766,25016,15960,43.2,514.0
Station_01,Inv_00,20170620,11:46:00,223.5,8.1,1810,218.0,7.9,1722,25016,15960,43.3,498.0
Station_01,Inv_00,20170620,11:47:00,225.0,8.3,1867,218.0,8.1,1766,25016,15960,44.3,515.0
Station_01,Inv_00,20170620,11:48:00,224.5,9.1,2043,217.0,8.7,1888,25016,15960,44.2,542.0
Station_01,Inv_00,20170620,11:49:00,224.0,11.3,2531,218.0,11.0,2398,25016,15960,45.6,671.0
Station_01,Inv_00,20170620,11:50:00,229.0,10.7,2450,218.0,10.6,2311,25016,15960,46.5,656.0
Station_01,Inv_00,20170620,11:51:00,229.4,9.2,2111,218.0,9.3,2027,25016,15960,45.4,595.0
Station_01,Inv_00,20170620,11:52:00,234.5,9.3,2181,218.0,9.4,2049,25016,15960,46.5,590.0
Station_01,Inv_00,20170620,11:53:00,235.0,10.0,2350,218.0,10.3,2245,25016,15960,46.0,630.0
Station_01,Inv_00,20170620,11:54:00,229.5,12.1,2777,219.0,12.0,2628,25016,15960,48.2,762.0
Station_01,Inv_00,20170620,11:55:00,227.5,12.0,2730,219.0,11.8,2584,25016,15960,49.0,762.0
Station_01,Inv_00,20170620,11:56:00,232.0,11.2,2598,219.0,11.2,2453,25016,15960,49.9,717.0
Station_01,Inv_00,20170620,11:57:00,227.0,12.2,2769,219.0,11.9,2606,25017,15961,51.2,752.0
Station_01,Inv_00,20170620,11:58:00,224.5,13.8,3098,219.0,13.2,2891,25017,15961,52.3,865.0
Station_01,Inv_00,20170620,11:59:00,222.5,14.8,3293,220.0,14.1,3102,25017,15961,54.0,949.0
Station_01,Inv_00,20170620,12:00:00,220.5,13.6,2999,220.0,12.9,2838,25017,15961,54.1,846.0
Station_01,Inv_00,20170620,12:01:00,220.4,14.9,3284,218.0,14.3,3117,25017,15961,56.2,939.0
Station_01,Inv_00,20170620,12:02:00,216.0,13.9,3002,218.0,12.9,2812,25017,15961,56.7,865.0
Station_01,Inv_00,20170620,12:03:00,218.5,12.7,2775,218.0,11.9,2594,25017,15961,54.7,813.0
Station_01,Inv_00,20170620,12:04:00,217.0,14.5,3147,218.0,13.4,2921,25017,15961,54.7,865.0
Station_01,Inv_00,20170620,12:05:00,218.0,12.7,2769,218.0,12.0,2616,25017,15961,55.3,859.0
Station_01,Inv_00,20170620,12:06:00,220.5,13.4,2955,218.0,12.8,2790,25017,15961,56.2,838.0
Station_01,Inv_00,20170620,12:07:00,218.0,11.9,2594,218.0,11.2,2442,25017,15961,56.0,773.0
Station_01,Inv_00,20170620,12:08:00,219.9,11.2,2463,218.0,10.7,2333,25017,15961,55.8,712.0
Station_01,Inv_00,20170620,12:09:00,222.5,10.3,2292,218.0,10.0,2180,25017,15961,54.6,658.0
Station_01,Inv_00,20170620,12:10:00,224.0,10.7,2397,219.0,10.2,2234,25017,15961,54.6,666.0
Station_01,Inv_00,20170620,12:11:00,221.5,10.7,2370,219.0,10.3,2256,25017,15961,53.9,680.0
Station_01,Inv_00,20170620,12:12:00,223.5,11.2,2503,219.0,10.8,2365,25017,15961,54.8,706.0
Station_01,Inv_00,20170620,12:13:00,224.0,10.6,2374,219.0,10.3,2256,25017,15961,53.5,680.0
Station_01,Inv_00,20170620,12:14:00,216.9,11.0,2386,219.0,10.3,2256,25017,15961,54.1,684.0
Station_01,Inv_00,20170620,12:15:00,221.9,13.5,2996,219.0,12.7,2781,25017,15961,53.3,794.0
Station_01,Inv_00,20170620,12:16:00,219.0,14.2,3110,218.0,13.4,2921,25017,15961,54.3,907.0
Station_01,Inv_00,20170620,12:17:00,220.0,13.8,3036,218.0,13.1,2856,25017,15961,56.1,949.0
Station_01,Inv_00,20170620,12:18:00,212.0,15.0,3180,218.0,13.9,3030,25018,15961,56.9,965.0
Station_01,Inv_00,20170620,12:19:00,213.0,20.3,4324,219.0,18.7,4095,25018,15961,59.3,1188.0
Station_01,Inv_00,20170620,12:20:00,217.5,15.8,3436,219.0,14.7,3219,25018,15961,60.0,1003.0
Station_01,Inv_00,20170620,12:21:00,219.5,11.7,2568,218.0,11.0,2398,25018,15961,58.7,740.0
Station_01,Inv_00,20170620,12:22:00,221.5,12.4,2746,218.0,11.8,2572,25018,15961,58.8,812.0
Station_01,Inv_00,20170620,12:23:00,215.0,12.1,2601,218.0,11.3,2463,25018,15961,57.1,764.0
Station_01,Inv_00,20170620,12:24:00,216.5,11.6,2511,218.0,10.9,2376,25018,15961,56.8,726.0
Station_01,Inv_00,20170620,12:25:00,222.5,11.6,2581,218.0,11.2,2442,25018,15961,56.8,730.0
Station_01,Inv_00,20170620,12:26:00,224.5,13.6,3053,218.0,13.0,2834,25018,15961,57.9,832.0
Station_01,Inv_00,20170620,12:27:00,217.5,11.9,2588,218.0,11.2,2442,25018,15961,58.4,753.0
Station_01,Inv_00,20170620,12:28:00,221.5,11.1,2459,218.0,10.7,2333,25018,15961,56.8,716.0
Station_01,Inv_00,20170620,12:29:00,218.0,12.3,2681,218.0,11.6,2529,25018,15961,57.9,778.0
Station_01,Inv_00,20170620,12:30:00,220.5,14.6,3219,219.0,13.9,3044,25018,15961,57.7,877.0
Station_01,Inv_00,20170620,12:31:00,217.0,12.9,2799,218.0,11.9,2594,25018,15961,57.0,800.0
Station_01,Inv_00,20170620,12:32:00,217.0,12.9,2799,218.0,12.1,2638,25018,15961,55.8,799.0
Station_01,Inv_00,20170620,12:33:00,220.5,12.3,2712,218.0,11.8,2572,25018,15961,55.3,788.0
Station_01,Inv_00,20170620,12:34:00,219.5,11.6,2546,218.0,11.0,2398,25018,15961,55.3,739.0
Station_01,Inv_00,20170620,12:35:00,223.5,11.5,2570,218.0,11.2,2442,25018,15961,54.6,727.0
Station_01,Inv_00,20170620,12:36:00,217.5,11.9,2588,218.0,11.3,2463,25018,15961,52.7,774.0
Station_01,Inv_00,20170620,12:37:00,214.0,12.2,2611,218.0,11.3,2463,25018,15961,54.8,740.0
Station_01,Inv_00,20170620,12:38:00,215.5,12.3,2651,218.0,11.5,2507,25018,15961,53.8,774.0
Station_01,Inv_00,20170620,12:39:00,214.0,11.9,2546,218.0,11.0,2398,25018,15961,54.4,738.0
Station_01,Inv_00,20170620,12:40:00,220.5,11.4,2513,217.0,11.0,2387,25019,15962,53.5,734.0
Station_01,Inv_00,20170620,12:41:00,220.0,10.8,2376,218.0,10.4,2267,25019,15962,53.4,693.0
Station_01,Inv_00,20170620,12:42:00,225.5,13.6,3067,219.0,13.0,2847,25019,15962,54.2,774.0
Station_01,Inv_00,20170620,12:43:00,219.0,15.5,3394,219.0,14.7,3219,25019,15962,55.7,1003.0
Station_01,Inv_00,20170620,12:44:00,218.5,11.0,2403,219.0,10.3,2256,25019,15962,52.8,738.0
Station_01,Inv_00,20170620,12:45:00,220.0,12.3,2706,218.0,11.8,2572,25019,15962,54.2,750.0
Station_01,Inv_00,20170620,12:46:00,222.0,13.4,2974,218.0,12.8,2790,25019,15962,54.6,839.0
Station_01,Inv_00,20170620,12:47:00,222.9,12.1,2697,218.0,11.8,2572,25019,15962,54.0,876.0
Station_01,Inv_00,20170620,12:48:00,224.5,9.4,2110,218.0,9.3,2027,25019,15962,54.5,635.0
Station_01,Inv_00,20170620,12:49:00,222.0,9.1,2020,218.0,8.7,1897,25019,15962,51.3,586.0
Station_01,Inv_00,20170620,12:50:00,222.0,8.9,1976,218.0,8.7,1897,25019,15962,51.7,570.0
Station_01,Inv_00,20170620,12:51:00,222.0,9.1,2020,218.0,8.7,1897,25019,15962,50.8,569.0
Station_01,Inv_00,20170620,12:52:00,223.0,9.3,2074,218.0,8.9,1940,25019,15962,51.8,577.0
Station_01,Inv_00,20170620,12:53:00,228.5,9.2,2102,218.0,9.2,2006,25019,15962,51.0,596.0
Station_01,Inv_00,20170620,12:54:00,222.9,9.8,2185,218.0,9.5,2071,25019,15962,51.2,611.0
Station_01,Inv_00,20170620,12:55:00,219.5,10.3,2261,218.0,9.8,2136,25019,15962,49.5,638.0
Station_01,Inv_00,20170620,12:56:00,227.9,9.8,2234,217.0,9.8,2127,25019,15962,48.7,633.0
Station_01,Inv_00,20170620,12:57:00,230.5,9.7,2236,217.0,9.8,2127,25019,15962,48.0,631.0
Station_01,Inv_00,20170620,12:58:00,231.4,9.6,2222,217.0,9.8,2127,25019,15962,47.5,628.0
Station_01,Inv_00,20170620,12:59:00,228.5,9.7,2216,217.0,9.8,2127,25019,15962,46.8,626.0
Station_01,Inv_00,20170620,13:00:00,230.9,9.8,2263,216.0,9.9,2138,25019,15962,47.5,642.0
Station_01,Inv_00,20170620,13:01:00,223.5,10.3,2302,216.0,10.1,2182,25019,15962,47.1,654.0
Station_01,Inv_00,20170620,13:02:00,230.0,10.0,2300,216.0,10.0,2160,25019,15962,49.2,640.0
Station_01,Inv_00,20170620,13:03:00,229.0,10.1,2313,216.0,10.3,2225,25019,15962,48.4,651.0
Station_01,Inv_00,20170620,13:04:00,223.0,10.3,2297,216.0,10.0,2160,25019,15962,47.7,650.0
Station_01,Inv_00,20170620,13:05:00,230.5,9.7,2236,219.0,9.7,2124,25020,15963,48.0,629.0
Station_01,Inv_00,20170620,13:06:00,231.0,9.1,2102,219.0,9.2,2015,25020,15963,47.3,601.0
Station_01,Inv_00,20170620,13:07:00,234.0,8.8,2059,218.0,8.8,1918,25020,15963,46.3,576.0
Station_01,Inv_00,20170620,13:08:00,231.0,8.7,2010,218.0,8.7,1897,25020,15963,46.4,562.0
Station_01,Inv_00,20170620,13:09:00,231.0,8.8,2033,219.0,8.7,1905,25020,15963,46.7,572.0
Station_01,Inv_00,20170620,13:10:00,231.5,8.6,1991,219.0,8.6,1883,25020,15963,45.4,562.0
Station_01,Inv_00,20170620,13:11:00,227.5,8.6,1956,219.0,8.4,1840,25020,15963,45.9,549.0
Station_01,Inv_00,20170620,13:12:00,231.0,8.4,1940,219.0,8.2,1796,25020,15963,46.6,537.0
Station_01,Inv_00,20170620,13:13:00,232.9,8.0,1864,219.0,8.1,1774,25020,15963,46.0,526.0
Station_01,Inv_00,20170620,13:14:00,229.0,7.9,1809,219.0,7.8,1708,25020,15963,45.9,513.0
Station_01,Inv_00,20170620,13:15:00,231.0,7.7,1779,219.0,7.6,1664,25020,15963,45.6,493.0
Station_01,Inv_00,20170620,13:16:00,229.9,7.4,1702,219.0,7.4,1621,25020,15963,46.8,477.0
Station_01,Inv_00,20170620,13:17:00,230.5,7.2,1659,218.0,7.2,1570,25020,15963,45.1,475.0
Station_01,Inv_00,20170620,13:18:00,233.5,7.0,1635,219.0,7.1,1555,25020,15963,45.8,459.0
Station_01,Inv_00,20170620,13:19:00,231.0,7.0,1617,219.0,7.0,1533,25020,15963,45.4,453.0
Station_01,Inv_00,20170620,13:20:00,234.5,6.9,1618,218.0,6.9,1504,25020,15963,44.1,449.0
Station_01,Inv_00,20170620,13:21:00,235.5,6.8,1601,218.0,6.8,1482,25020,15963,44.2,439.0
Station_01,Inv_00,20170620,13:22:00,237.0,6.5,1540,218.0,6.7,1461,25020,15963,44.1,431.0
Station_01,Inv_00,20170620,13:23:00,236.0,6.6,1558,218.0,6.7,1461,25020,15963,44.3,437.0
Station_01,Inv_00,20170620,13:24:00,234.0,6.7,1568,218.0,6.7,1461,25020,15963,44.4,427.0
Station_01,Inv_00,20170620,13:25:00,220.5,6.8,1499,218.0,6.6,1439,25020,15963,44.3,432.0
Station_01,Inv_00,20170620,13:26:00,220.0,7.1,1562,218.0,6.7,1461,25020,15963,43.6,437.0
Station_01,Inv_00,20170620,13:27:00,220.0,7.1,1562,219.0,6.7,1467,25020,15963,43.0,448.0
Station_01,Inv_00,20170620,13:28:00,228.5,7.3,1668,219.0,7.1,1555,25020,15963,42.8,454.0
Station_01,Inv_00,20170620,13:29:00,231.0,7.2,1663,218.0,7.2,1570,25020,15963,42.5,459.0
Station_01,Inv_00,20170620,13:30:00,238.0,7.3,1737,218.0,7.4,1613,25020,15963,42.2,466.0
Station_01,Inv_00,20170620,13:31:00,237.0,7.2,1706,218.0,7.5,1635,25020,15963,42.0,469.0
Station_01,Inv_00,20170620,13:32:00,237.5,7.2,1710,218.0,7.5,1635,25020,15963,42.9,470.0
Station_01,Inv_00,20170620,13:33:00,236.0,7.4,1746,218.0,7.5,1635,25020,15963,42.8,473.0
Station_01,Inv_00,20170620,13:34:00,233.5,7.4,1728,218.0,7.6,1657,25020,15963,42.7,476.0
Station_01,Inv_00,20170620,13:35:00,227.5,7.7,1752,218.0,7.7,1679,25020,15963,43.4,483.0
Station_01,Inv_00,20170620,13:36:00,227.9,7.9,1801,218.0,7.8,1700,25020,15963,44.0,497.0
Station_01,Inv_00,20170620,13:37:00,233.0,7.8,1817,218.0,7.9,1722,25020,15963,44.8,514.0
Station_01,Inv_00,20170620,13:38:00,220.0,8.1,1782,218.0,7.7,1679,25020,15963,44.6,513.0
Station_01,Inv_00,20170620,13:39:00,220.5,8.1,1786,218.0,7.8,1700,25021,15963,44.1,518.0
Station_01,Inv_00,20170620,13:40:00,220.0,8.3,1826,218.0,7.8,1700,25021,15963,44.2,510.0
Station_01,Inv_00,20170620,13:41:00,220.5,8.1,1786,218.0,7.8,1700,25021,15963,44.9,507.0
Station_01,Inv_00,20170620,13:42:00,220.5,8.1,1786,218.0,7.8,1700,25021,15963,45.2,509.0
Station_01,Inv_00,20170620,13:43:00,221.0,8.2,1812,218.0,7.9,1722,25021,15963,45.4,512.0
Station_01,Inv_00,20170620,13:44:00,221.5,8.4,1860,219.0,8.1,1774,25021,15963,45.3,536.0
Station_01,Inv_00,20170620,13:45:00,220.0,8.7,1914,219.0,8.3,1818,25021,15963,45.8,546.0
Station_01,Inv_00,20170620,13:46:00,221.0,9.2,2033,219.0,8.7,1905,25021,15963,46.1,565.0
Station_01,Inv_00,20170620,13:47:00,227.5,9.7,2207,218.0,9.6,2093,25021,15963,47.1,605.0
Station_01,Inv_00,20170620,13:48:00,233.5,9.2,2148,218.0,9.3,2027,25021,15963,47.3,592.0
Station_01,Inv_00,20170620,13:49:00,228.0,11.0,2508,219.0,11.2,2453,25021,15963,48.2,692.0
Station_01,Inv_00,20170620,13:50:00,230.5,9.9,2282,219.0,9.8,2146,25021,15963,48.2,624.0
Station_01,Inv_00,20170620,13:51:00,229.5,10.2,2340,219.0,10.1,2212,25021,15963,49.3,639.0
Station_01,Inv_00,20170620,13:52:00,231.5,9.1,2107,219.0,9.3,2037,25021,15963,49.8,607.0
Station_01,Inv_00,20170620,13:53:00,224.5,9.3,2088,219.0,9.0,1971,25021,15963,48.9,583.0
Station_01,Inv_00,20170620,13:54:00,232.5,9.1,2116,219.0,9.2,2015,25021,15963,49.0,589.0
Station_01,Inv_00,20170620,13:55:00,232.5,9.3,2162,219.0,9.4,2059,25021,15963,48.8,599.0
Station_01,Inv_00,20170620,13:56:00,228.5,10.5,2399,219.0,10.3,2256,25021,15963,48.6,634.0
Station_01,Inv_00,20170620,13:57:00,228.4,10.2,2330,219.0,10.0,2190,25021,15963,49.4,644.0
Station_01,Inv_00,20170620,13:58:00,223.0,11.8,2631,219.0,11.3,2475,25021,15963,49.0,691.0
Station_01,Inv_00,20170620,13:59:00,222.0,10.9,2420,218.0,10.4,2267,25021,15963,50.4,673.0
Station_01,Inv_00,20170620,14:00:00,220.0,11.3,2486,218.0,10.9,2376,25021,15963,50.0,767.0
Station_01,Inv_00,20170620,14:01:00,227.0,9.7,2202,218.0,9.6,2093,25021,15963,49.2,635.0
Station_01,Inv_00,20170620,14:02:00,229.5,9.3,2134,218.0,9.3,2027,25021,15963,48.9,599.0
Station_01,Inv_00,20170620,14:03:00,230.0,10.0,2300,218.0,9.9,2158,25021,15963,47.5,619.0
Station_01,Inv_00,20170620,14:04:00,227.5,10.3,2343,218.0,10.1,2202,25021,15963,47.4,645.0
Station_01,Inv_00,20170620,14:05:00,227.0,9.9,2247,218.0,9.9,2158,25021,15963,48.4,677.0
Station_01,Inv_00,20170620,14:06:00,214.0,10.1,2161,218.0,9.4,2049,25021,15963,47.7,621.0
Station_01,Inv_00,20170620,14:07:00,228.0,9.6,2189,218.0,9.5,2071,25022,15964,47.7,623.0
Station_01,Inv_00,20170620,14:08:00,214.0,9.7,2076,217.0,9.1,1975,25022,15964,47.3,608.0
Station_01,Inv_00,20170620,14:09:00,214.0,11.0,2354,218.0,10.2,2224,25022,15964,46.9,641.0
Station_01,Inv_00,20170620,14:10:00,229.9,10.3,2368,218.0,10.2,2224,25022,15964,47.1,646.0
Station_01,Inv_00,20170620,14:11:00,231.0,9.4,2171,218.0,9.4,2049,25022,15964,47.4,609.0
Station_01,Inv_00,20170620,14:12:00,231.5,10.4,2407,218.0,10.3,2245,25022,15964,47.7,640.0
Station_01,Inv_00,20170620,14:13:00,232.0,12.5,2900,218.0,12.4,2703,25022,15964,48.1,724.0
Station_01,Inv_00,20170620,14:14:00,220.0,11.2,2464,218.0,10.8,2354,25022,15964,47.9,711.0
Station_01,Inv_00,20170620,14:15:00,217.5,11.3,2458,219.0,10.6,2321,25022,15964,49.6,679.0
Station_01,Inv_00,20170620,14:16:00,218.5,11.9,2600,219.0,11.3,2475,25022,15964,52.0,843.0
Station_01,Inv_00,20170620,14:17:00,219.5,14.2,3116,219.0,13.4,2935,25022,15964,54.2,920.0
Station_01,Inv_00,20170620,14:18:00,217.5,15.7,3415,219.0,14.6,3197,25022,15964,55.3,986.0
Station_01,Inv_00,20170620,14:19:00,216.5,17.3,3745,219.0,15.9,3482,25022,15964,57.1,1068.0
Station_01,Inv_00,20170620,14:20:00,217.0,16.9,3667,219.0,15.7,3438,25022,15964,57.4,1065.0
Station_01,Inv_00,20170620,14:21:00,204.5,17.6,3599,219.0,15.3,3351,25022,15964,60.1,1053.0
Station_01,Inv_00,20170620,14:22:00,204.5,17.1,3497,219.0,14.9,3263,25022,15964,59.8,1027.0
Station_01,Inv_00,20170620,14:23:00,214.0,16.9,3617,219.0,15.5,3395,25022,15964,59.3,1057.0
Station_01,Inv_00,20170620,14:24:00,204.0,17.6,3590,219.0,15.3,3351,25022,15964,59.1,1060.0
Station_01,Inv_00,20170620,14:25:00,206.5,11.4,2354,218.0,10.1,2202,25022,15964,61.0,762.0
Station_01,Inv_00,20170620,14:26:00,209.5,9.2,1927,218.0,8.4,1831,25022,15964,59.5,661.0
Station_01,Inv_00,20170620,14:27:00,214.0,14.1,3017,219.0,13.1,2869,25022,15964,59.5,850.0
Station_01,Inv_00,20170620,14:28:00,213.5,10.3,2199,218.0,9.7,2115,25023,15965,58.8,734.0
Station_01,Inv_00,20170620,14:29:00,219.0,11.7,2562,218.0,10.8,2354,25023,15965,57.6,653.0
Station_01,Inv_00,20170620,14:30:00,221.5,13.4,2968,218.0,12.7,2769,25023,15965,57.8,766.0
Station_01,Inv_00,20170620,14:31:00,217.5,14.4,3132,218.0,13.4,2921,25023,15965,59.6,927.0
Station_01,Inv_00,20170620,14:32:00,216.5,13.5,2923,218.0,12.7,2769,25023,15965,59.8,903.0
Station_01,Inv_00,20170620,14:33:00,218.5,12.7,2775,218.0,12.0,2616,25023,15965,59.9,781.0
Station_01,Inv_00,20170620,14:34:00,219.0,12.0,2627,218.0,11.4,2485,25023,15965,59.9,782.0
Station_01,Inv_00,20170620,14:35:00,219.5,13.5,2963,218.0,12.9,2812,25023,15965,59.4,850.0
Station_01,Inv_00,20170620,14:36:00,219.5,11.5,2524,218.0,10.9,2376,25023,15965,58.5,737.0
Station_01,Inv_00,20170620,14:37:00,219.5,8.8,1932,217.0,8.4,1823,25023,15965,57.1,582.0
Station_01,Inv_00,20170620,14:38:00,220.9,9.4,2076,218.0,9.0,1962,25023,15965,55.7,586.0
Station_01,Inv_00,20170620,14:39:00,220.5,10.1,2227,218.0,9.7,2115,25023,15965,55.7,668.0
Station_01,Inv_00,20170620,14:40:00,222.0,10.1,2242,218.0,9.7,2115,25023,15965,54.9,629.0
Station_01,Inv_00,20170620,14:41:00,224.5,8.9,1998,218.0,8.6,1875,25023,15965,53.9,560.0
Station_01,Inv_00,20170620,14:42:00,217.5,7.5,1631,218.0,7.1,1548,25023,15965,52.8,497.0
Station_01,Inv_00,20170620,14:43:00,224.0,8.5,1904,218.0,8.2,1788,25023,15965,51.4,526.0
Station_01,Inv_00,20170620,14:44:00,224.5,9.5,2133,218.0,9.2,2006,25023,15965,50.8,575.0
Station_01,Inv_00,20170620,14:45:00,229.4,8.8,2019,218.0,8.7,1897,25023,15965,51.2,568.0
Station_01,Inv_00,20170620,14:46:00,229.0,9.6,2198,217.0,9.7,2105,25023,15965,49.7,630.0
Station_01,Inv_00,20170620,14:47:00,227.4,9.6,2184,218.0,9.4,2049,25023,15965,50.5,602.0
Station_01,Inv_00,20170620,14:48:00,225.4,8.2,1849,218.0,8.0,1744,25023,15965,50.1,543.0
Station_01,Inv_00,20170620,14:49:00,230.5,8.1,1867,218.0,8.0,1744,25023,15965,49.2,519.0
Station_01,Inv_00,20170620,14:50:00,208.0,8.5,1768,218.0,7.7,1679,25023,15965,48.2,514.0
Station_01,Inv_00,20170620,14:51:00,204.5,8.8,1800,218.0,7.8,1700,25023,15965,48.0,573.0
Station_01,Inv_00,20170620,14:52:00,226.4,8.8,1993,219.0,8.7,1905,25023,15965,48.2,563.0
Station_01,Inv_00,20170620,14:53:00,227.5,7.5,1706,219.0,7.4,1621,25023,15965,48.0,491.0
Station_01,Inv_00,20170620,14:54:00,233.5,7.0,1634,218.0,7.2,1570,25024,15965,47.5,463.0
Station_01,Inv_00,20170620,14:55:00,234.0,7.5,1755,218.0,7.6,1657,25024,15965,47.2,481.0
Station_01,Inv_00,20170620,14:56:00,230.9,8.0,1848,218.0,8.1,1766,25024,15965,47.7,555.0
Station_01,Inv_00,20170620,14:57:00,231.5,9.7,2245,218.0,9.8,2136,25024,15965,48.3,603.0
Station_01,Inv_00,20170620,14:58:00,227.0,9.1,2066,218.0,8.9,1940,25024,15965,48.7,585.0
Station_01,Inv_00,20170620,14:59:00,224.0,9.9,2218,218.0,9.5,2071,25024,15965,50.1,584.0
Station_01,Inv_00,20170620,15:00:00,223.0,10.1,2252,218.0,9.8,2136,25024,15965,51.4,658.0
Station_01,Inv_00,20170620,15:01:00,233.3,7.7,1797,218.0,7.8,1700,25024,15965,50.3,544.0
Station_01,Inv_00,20170620,15:02:00,222.4,8.6,1913,218.0,8.2,1788,25024,15965,49.9,506.0
Station_01,Inv_00,20170620,15:03:00,226.5,12.0,2718,219.0,11.8,2584,25024,15965,50.4,736.0
Station_01,Inv_00,20170620,15:04:00,223.0,11.7,2609,219.0,11.3,2475,25024,15965,50.6,730.0
Station_01,Inv_00,20170620,15:05:00,224.9,9.6,2159,219.0,9.4,2059,25024,15965,51.9,621.0
Station_01,Inv_00,20170620,15:06:00,226.9,8.2,1861,218.0,8.2,1788,25024,15965,50.5,561.0
Station_01,Inv_00,20170620,15:07:00,225.0,8.5,1912,218.0,8.2,1788,25024,15965,50.8,511.0
Station_01,Inv_00,20170620,15:08:00,225.5,6.3,1420,218.0,6.1,1330,25024,15965,48.9,425.0
Station_01,Inv_00,20170620,15:09:00,228.0,4.4,1003,217.0,4.2,911,25024,15965,47.3,304.0
Station_01,Inv_00,20170620,15:10:00,231.9,6.6,1531,218.0,6.6,1439,25024,15965,46.9,382.0
Station_01,Inv_00,20170620,15:11:00,231.4,5.4,1250,218.0,5.3,1155,25024,15965,46.5,361.0
Station_01,Inv_00,20170620,15:12:00,226.0,7.1,1604,218.0,6.9,1504,25024,15965,46.1,442.0
Station_01,Inv_00,20170620,15:13:00,226.5,11.0,2491,219.0,10.8,2365,25024,15965,48.3,681.0
Station_01,Inv_00,20170620,15:14:00,231.0,8.1,1871,218.0,8.2,1788,25024,15965,48.3,581.0
Station_01,Inv_00,20170620,15:15:00,233.0,4.8,1118,217.0,4.7,1020,25024,15965,46.3,332.0
Station_01,Inv_00,20170620,15:16:00,230.0,4.4,1012,217.0,4.3,933,25024,15965,45.7,291.0
Station_01,Inv_00,20170620,15:17:00,232.0,4.6,1067,217.0,4.6,998,25024,15965,44.8,302.0
Station_01,Inv_00,20170620,15:18:00,229.0,5.8,1328,217.0,5.8,1259,25024,15965,45.0,363.0
Station_01,Inv_00,20170620,15:19:00,231.9,6.3,1461,217.0,6.4,1389,25024,15965,44.9,404.0
Station_01,Inv_00,20170620,15:20:00,233.0,7.1,1654,218.0,7.1,1548,25024,15965,45.5,479.0
Station_01,Inv_00,20170620,15:21:00,233.0,8.9,2074,218.0,9.1,1984,25024,15965,45.9,537.0
Station_01,Inv_00,20170620,15:22:00,229.0,9.8,2244,218.0,9.7,2115,25024,15965,47.3,596.0
Station_01,Inv_00,20170620,15:23:00,225.0,6.6,1485,217.0,6.5,1411,25024,15965,46.6,441.0
Station_01,Inv_00,20170620,15:24:00,229.2,6.1,1398,218.0,5.9,1286,25024,15965,46.6,389.0
Station_01,Inv_00,20170620,15:25:00,233.5,9.4,2195,218.0,9.4,2049,25024,15965,46.9,510.0
Station_01,Inv_00,20170620,15:26:00,233.5,10.7,2498,218.0,10.8,2354,25024,15965,48.6,684.0
Station_01,Inv_00,20170620,15:27:00,229.0,10.3,2359,219.0,10.3,2256,25025,15966,49.6,657.0
Station_01,Inv_00,20170620,15:28:00,229.9,9.8,2253,219.0,9.8,2146,25025,15966,48.4,622.0
Station_01,Inv_00,20170620,15:29:00,229.0,9.5,2175,219.0,9.5,2081,25025,15966,49.5,616.0
Station_01,Inv_00,20170620,15:30:00,228.0,9.3,2120,219.0,9.2,2015,25025,15966,50.0,597.0
Station_01,Inv_00,20170620,15:31:00,229.0,9.3,2130,218.0,9.2,2006,25025,15966,50.0,598.0
Station_01,Inv_00,20170620,15:32:00,227.0,9.9,2247,218.0,9.7,2115,25025,15966,51.0,616.0
Station_01,Inv_00,20170620,15:33:00,230.4,9.2,2120,218.0,9.1,1984,25025,15966,51.4,595.0
Station_01,Inv_00,20170620,15:34:00,231.0,8.9,2056,218.0,8.8,1918,25025,15966,50.6,580.0
Station_01,Inv_00,20170620,15:35:00,229.9,5.5,1265,218.0,5.5,1199,25025,15966,51.2,409.0
Station_01,Inv_00,20170620,15:36:00,230.0,9.1,2093,218.0,9.2,2006,25025,15966,50.9,581.0
Station_01,Inv_00,20170620,15:37:00,231.0,3.4,785,217.0,3.6,781,25025,15966,47.3,269.0
Station_01,Inv_00,20170620,15:38:00,223.5,3.6,805,217.0,3.5,760,25025,15966,45.5,239.0
Station_01,Inv_00,20170620,15:39:00,217.5,9.1,1979,218.0,8.6,1875,25025,15966,45.1,474.0
Station_01,Inv_00,20170620,15:40:00,221.9,3.6,799,217.0,3.6,781,25025,15966,44.0,254.0
Station_01,Inv_00,20170620,15:41:00,232.5,8.2,1906,218.0,8.2,1788,25025,15966,43.7,420.0
Station_01,Inv_00,20170620,15:42:00,231.5,7.2,1667,218.0,7.0,1526,25025,15966,44.7,403.0
Station_01,Inv_00,20170620,15:43:00,236.0,7.8,1841,218.0,8.1,1766,25025,15966,45.4,513.0
Station_01,Inv_00,20170620,15:44:00,238.0,6.7,1595,218.0,6.8,1482,25025,15966,44.7,451.0
Station_01,Inv_00,20170620,15:45:00,233.9,6.8,1591,218.0,6.9,1504,25025,15966,44.2,436.0
Station_01,Inv_00,20170620,15:46:00,235.0,6.5,1527,218.0,6.7,1461,25025,15966,43.9,439.0
Station_01,Inv_00,20170620,15:47:00,231.0,6.5,1501,218.0,6.4,1395,25025,15966,43.0,437.0
Station_01,Inv_00,20170620,15:48:00,231.0,6.3,1455,218.0,6.2,1352,25025,15966,42.8,410.0
Station_01,Inv_00,20170620,15:49:00,232.5,5.9,1372,218.0,5.8,1264,25025,15966,43.0,349.0
Station_01,Inv_00,20170620,15:50:00,232.0,5.9,1369,218.0,5.7,1243,25025,15966,43.0,371.0
Station_01,Inv_00,20170620,15:51:00,233.4,6.6,1541,218.0,6.6,1439,25025,15966,43.5,422.0
Station_01,Inv_00,20170620,15:52:00,233.0,5.8,1351,218.0,5.7,1243,25025,15966,43.1,376.0
Station_01,Inv_00,20170620,15:53:00,233.4,5.9,1377,218.0,6.1,1330,25025,15966,43.5,399.0
Station_01,Inv_00,20170620,15:54:00,236.0,6.1,1439,217.0,6.1,1324,25025,15966,42.7,385.0
Station_01,Inv_00,20170620,15:55:00,235.5,5.8,1366,217.0,5.9,1280,25025,15966,42.1,389.0
Station_01,Inv_00,20170620,15:56:00,202.0,6.6,1333,218.0,5.8,1264,25025,15966,42.6,412.0
Station_01,Inv_00,20170620,15:57:00,229.0,6.1,1397,218.0,6.0,1308,25025,15966,43.2,397.0
Station_01,Inv_00,20170620,15:58:00,237.0,6.3,1493,217.0,6.5,1411,25025,15966,42.1,404.0
Station_01,Inv_00,20170620,15:59:00,236.5,6.9,1632,217.0,7.0,1519,25025,15966,42.6,454.0
Station_01,Inv_00,20170620,16:00:00,237.4,5.7,1353,217.0,5.9,1280,25025,15966,42.6,393.0
Station_01,Inv_00,20170620,16:01:00,234.4,4.5,1055,217.0,4.4,955,25025,15966,41.8,302.0
Station_01,Inv_00,20170620,16:02:00,230.5,6.1,1406,217.0,6.1,1324,25025,15966,41.8,401.0
Station_01,Inv_00,20170620,16:03:00,228.5,6.6,1508,217.0,6.5,1411,25025,15966,41.6,427.0
Station_01,Inv_00,20170620,16:04:00,229.5,4.4,1010,218.0,4.2,916,25025,15966,40.7,291.0
Station_01,Inv_00,20170620,16:05:00,235.0,5.0,1175,218.0,5.0,1090,25025,15966,41.0,331.0
Station_01,Inv_00,20170620,16:06:00,236.9,4.2,995,217.0,4.3,933,25026,15967,40.7,290.0
Station_01,Inv_00,20170620,16:07:00,237.0,4.1,972,217.0,4.1,890,25026,15967,40.4,290.0
Station_01,Inv_00,20170620,16:08:00,233.5,4.2,981,217.0,4.1,890,25026,15967,40.1,268.0
Station_01,Inv_00,20170620,16:09:00,232.9,3.4,792,217.0,3.6,781,25026,15967,39.9,244.0
Station_01,Inv_00,20170620,16:10:00,237.5,3.2,760,217.0,3.3,716,25026,15967,39.3,226.0
Station_01,Inv_00,20170620,16:11:00,235.5,3.1,730,217.0,3.2,694,25026,15967,39.2,216.0
Station_01,Inv_00,20170620,16:12:00,237.0,2.9,687,217.0,3.1,673,25026,15967,38.9,204.0
Station_01,Inv_00,20170620,16:13:00,231.0,2.8,647,217.0,2.9,629,25026,15967,37.7,201.0
Station_01,Inv_00,20170620,16:14:00,228.2,2.7,616,217.0,2.7,586,25026,15967,37.5,195.0
Station_01,Inv_00,20170620,16:15:00,228.7,2.8,640,217.0,2.9,629,25026,15967,37.3,199.0
Station_01,Inv_00,20170620,16:16:00,230.5,3.2,738,217.0,3.3,716,25026,15967,37.1,218.0
Station_01,Inv_00,20170620,16:17:00,228.3,3.3,753,217.0,3.2,694,25026,15967,37.0,220.0
Station_01,Inv_00,20170620,16:18:00,231.1,2.8,647,217.0,2.9,629,25026,15967,37.0,202.0
Station_01,Inv_00,20170620,16:19:00,228.1,2.5,570,217.0,2.5,543,25026,15967,36.6,187.0
Station_01,Inv_00,20170620,16:20:00,229.7,2.2,505,217.0,2.3,499,25026,15967,36.6,181.0
Station_01,Inv_00,20170620,16:21:00,229.2,2.2,504,217.0,2.2,477,25026,15967,36.3,166.0
Station_01,Inv_00,20170620,16:22:00,225.8,2.2,497,217.0,2.1,456,25026,15967,36.0,157.0
Station_01,Inv_00,20170620,16:23:00,226.1,2.2,497,218.0,2.1,458,25026,15967,35.9,156.0
Station_01,Inv_00,20170620,16:24:00,229.7,2.2,505,217.0,2.2,477,25026,15967,35.5,158.0
Station_01,Inv_00,20170620,16:25:00,233.1,2.3,536,217.0,2.4,521,25026,15967,35.2,167.0
Station_01,Inv_00,20170620,16:26:00,231.6,2.4,556,218.0,2.5,545,25026,15967,35.5,173.0
Station_01,Inv_00,20170620,16:27:00,231.6,2.5,579,218.0,2.5,545,25026,15967,35.2,179.0
Station_01,Inv_00,20170620,16:28:00,234.2,2.6,609,218.0,2.7,589,25026,15967,35.1,190.0
Station_01,Inv_00,20170620,16:29:00,234.3,3.5,820,219.0,3.6,788,25026,15967,35.6,222.0
Station_01,Inv_00,20170620,16:30:00,233.8,3.9,912,218.0,4.0,872,25026,15967,36.0,266.0
Station_01,Inv_00,20170620,16:31:00,233.2,3.7,863,218.0,3.8,828,25026,15967,36.1,255.0
Station_01,Inv_00,20170620,16:32:00,232.3,3.3,767,218.0,3.4,741,25026,15967,36.3,222.0
Station_01,Inv_00,20170620,16:33:00,236.3,4.3,1016,218.0,4.3,937,25026,15967,36.9,291.0
Station_01,Inv_00,20170620,16:34:00,231.8,3.7,858,218.0,3.9,850,25026,15967,36.7,267.0
Station_01,Inv_00,20170620,16:35:00,231.8,4.1,950,218.0,4.1,894,25026,15967,36.9,274.0
Station_01,Inv_00,20170620,16:36:00,235.7,3.5,825,218.0,3.6,785,25026,15967,37.0,249.0
Station_01,Inv_00,20170620,16:37:00,236.8,3.1,734,218.0,3.3,719,25026,15967,36.6,236.0
Station_01,Inv_00,20170620,16:38:00,231.5,3.5,810,218.0,3.5,763,25026,15967,36.7,229.0
Station_01,Inv_00,20170620,16:39:00,216.5,3.8,823,219.0,3.6,788,25026,15967,36.6,248.0
Station_01,Inv_00,20170620,16:40:00,235.8,3.7,872,219.0,3.9,854,25026,15967,36.9,264.0
Station_01,Inv_00,20170620,16:41:00,234.6,3.8,891,218.0,3.9,850,25026,15967,37.1,273.0
Station_01,Inv_00,20170620,16:42:00,230.3,3.3,760,218.0,3.3,719,25026,15967,36.8,247.0
Station_01,Inv_00,20170620,16:43:00,243.0,2.9,705,218.0,3.1,676,25026,15967,36.7,210.0
Station_01,Inv_00,20170620,16:44:00,237.5,2.8,665,218.0,2.9,632,25026,15967,36.6,201.0
Station_01,Inv_00,20170620,16:45:00,239.9,2.7,648,217.0,2.9,629,25026,15967,36.1,196.0
Station_01,Inv_00,20170620,16:46:00,235.9,2.7,637,216.0,2.8,605,25026,15967,36.0,199.0
Station_01,Inv_00,20170620,16:47:00,233.0,2.6,606,216.0,2.7,583,25026,15967,36.2,194.0
Station_01,Inv_00,20170620,16:48:00,233.4,2.5,583,216.0,2.6,562,25026,15967,35.9,184.0
Station_01,Inv_00,20170620,16:49:00,236.4,2.5,591,216.0,2.6,562,25026,15967,35.6,184.0
Station_01,Inv_00,20170620,16:50:00,232.3,2.5,581,216.0,2.5,540,25026,15967,35.6,192.0
Station_01,Inv_00,20170620,16:51:00,232.4,2.3,535,216.0,2.4,518,25026,15967,35.1,174.0
Station_01,Inv_00,20170620,16:52:00,229.3,2.2,504,216.0,2.2,475,25026,15967,35.0,163.0
Station_01,Inv_00,20170620,16:53:00,238.2,2.0,476,216.0,2.1,454,25026,15967,34.8,157.0
Station_01,Inv_00,20170620,16:54:00,235.6,2.0,471,216.0,2.0,432,25026,15967,34.6,149.0
Station_01,Inv_00,20170620,16:55:00,223.0,1.9,424,216.0,2.0,432,25026,15967,34.5,143.0
Station_01,Inv_00,20170620,16:56:00,234.1,1.8,421,217.0,1.9,412,25026,15967,34.2,142.0
Station_01,Inv_00,20170620,16:57:00,237.5,1.7,404,216.0,1.8,389,25026,15967,34.1,135.0
Station_01,Inv_00,20170620,16:58:00,230.8,1.6,369,217.0,1.7,369,25026,15967,34.0,131.0
Station_01,Inv_00,20170620,16:59:00,230.5,1.6,369,217.0,1.7,369,25026,15967,33.8,129.0
Station_01,Inv_00,20170620,17:00:00,232.8,1.5,349,217.0,1.6,347,25026,15967,33.6,125.0
Station_01,Inv_00,20170620,17:01:00,235.3,1.5,353,216.0,1.6,346,25026,15967,33.6,120.0
Station_01,Inv_00,20170620,17:02:00,229.0,1.5,344,217.0,1.5,326,25026,15967,33.5,118.0
Station_01,Inv_00,20170620,17:03:00,232.7,1.4,326,217.0,1.5,326,25026,15967,33.3,120.0
Station_01,Inv_00,20170620,17:04:00,231.5,1.4,324,217.0,1.5,326,25026,15967,33.3,113.0
Station_01,Inv_00,20170620,17:05:00,234.4,1.4,328,217.0,1.5,326,25026,15967,33.2,113.0
Station_01,Inv_00,20170620,17:06:00,239.0,1.4,335,217.0,1.5,326,25026,15967,33.0,113.0
Station_01,Inv_00,20170620,17:07:00,238.4,1.4,334,217.0,1.5,326,25026,15967,33.0,112.0
Station_01,Inv_00,20170620,17:08:00,237.0,1.4,332,217.0,1.5,326,25026,15967,33.0,116.0
Station_01,Inv_00,20170620,17:09:00,234.0,1.5,351,216.0,1.5,324,25026,15967,32.9,125.0
Station_01,Inv_00,20170620,17:10:00,234.0,1.5,351,216.0,1.5,324,25026,15967,33.0,114.0
Station_01,Inv_00,20170620,17:11:00,232.5,1.5,349,217.0,1.5,326,25026,15967,32.8,115.0
Station_01,Inv_00,20170620,17:12:00,233.7,1.5,351,217.0,1.6,347,25026,15967,32.9,117.0
Station_01,Inv_00,20170620,17:13:00,234.5,1.5,352,217.0,1.6,347,25026,15967,33.0,117.0
Station_01,Inv_00,20170620,17:14:00,228.5,1.6,366,217.0,1.6,347,25026,15967,32.9,117.0
Station_01,Inv_00,20170620,17:15:00,234.0,1.5,351,217.0,1.6,347,25026,15967,32.8,117.0
Station_01,Inv_00,20170620,17:16:00,232.3,1.5,349,217.0,1.6,347,25026,15967,33.0,128.0
Station_01,Inv_00,20170620,17:17:00,233.0,1.5,350,217.0,1.5,326,25026,15967,32.9,115.0
Station_01,Inv_00,20170620,17:18:00,234.4,1.5,352,216.0,1.5,324,25026,15967,33.0,115.0
Station_01,Inv_00,20170620,17:19:00,228.5,1.4,320,216.0,1.5,324,25026,15967,32.8,116.0
Station_01,Inv_00,20170620,17:20:00,232.5,1.4,326,216.0,1.5,324,25026,15967,32.8,112.0
Station_01,Inv_00,20170620,17:21:00,233.5,1.5,350,217.0,1.5,326,25026,15967,32.7,114.0
Station_01,Inv_00,20170620,17:22:00,234.0,1.4,328,216.0,1.5,324,25026,15967,32.7,110.0
Station_01,Inv_00,20170620,17:23:00,234.4,1.4,328,217.0,1.5,326,25026,15967,32.6,112.0
Station_01,Inv_00,20170620,17:24:00,231.5,1.4,324,218.0,1.5,327,25026,15967,32.8,107.0
Station_01,Inv_00,20170620,17:25:00,233.5,1.3,304,217.0,1.5,326,25026,15967,32.8,106.0
Station_01,Inv_00,20170620,17:26:00,226.1,1.4,317,216.0,1.5,324,25026,15967,32.6,106.0
Station_01,Inv_00,20170620,17:27:00,229.0,1.4,321,216.0,1.4,302,25026,15967,32.7,104.0
Station_01,Inv_00,20170620,17:28:00,230.5,1.3,300,216.0,1.5,324,25026,15967,32.6,104.0
Station_01,Inv_00,20170620,17:29:00,232.5,1.2,279,216.0,1.5,324,25026,15967,32.6,106.0
Station_01,Inv_00,20170620,17:30:00,220.8,1.3,287,216.0,1.4,302,25026,15967,32.5,104.0
Station_01,Inv_00,20170620,17:31:00,232.8,1.3,303,216.0,1.4,302,25026,15967,32.4,106.0
Station_01,Inv_00,20170620,17:32:00,227.9,1.3,296,215.0,1.4,301,25026,15967,32.3,102.0
Station_01,Inv_00,20170620,17:33:00,224.0,1.3,291,216.0,1.4,302,25026,15967,32.3,101.0
Station_01,Inv_00,20170620,17:34:00,231.3,1.3,301,215.0,1.4,301,25026,15967,32.3,99.0
Station_01,Inv_00,20170620,17:35:00,216.0,1.2,259,215.0,1.3,280,25026,15967,32.1,101.0
Station_01,Inv_00,20170620,17:36:00,231.0,1.3,300,215.0,1.4,301,25026,15967,32.2,98.0
Station_01,Inv_00,20170620,17:37:00,230.5,1.2,277,215.0,1.4,301,25026,15967,32.2,98.0
Station_01,Inv_00,20170620,17:38:00,233.4,1.2,280,215.0,1.4,301,25026,15967,32.2,97.0
Station_01,Inv_00,20170620,17:39:00,231.0,1.2,277,216.0,1.3,281,25026,15967,32.1,108.0
Station_01,Inv_00,20170620,17:40:00,233.5,1.2,280,216.0,1.3,281,25026,15967,32.1,94.0
Station_01,Inv_00,20170620,17:41:00,232.5,1.1,256,216.0,1.3,281,25026,15967,31.9,92.0
Station_01,Inv_00,20170620,17:42:00,234.5,1.1,258,215.0,1.3,280,25026,15967,31.9,92.0
Station_01,Inv_00,20170620,17:43:00,229.0,1.0,229,215.0,1.2,258,25026,15967,31.9,90.0
Station_01,Inv_00,20170620,17:44:00,230.0,1.0,230,215.0,1.2,258,25026,15967,31.9,88.0
Station_01,Inv_00,20170620,17:45:00,229.0,1.0,229,215.0,1.1,237,25026,15967,31.8,84.0
Station_01,Inv_00,20170620,17:46:00,234.0,0.9,211,215.0,1.1,237,25026,15967,31.9,81.0
Station_01,Inv_00,20170620,17:47:00,228.4,0.9,206,216.0,1.1,238,25026,15967,31.8,79.0
Station_01,Inv_00,20170620,17:48:00,223.4,0.9,201,216.0,1.0,216,25026,15967,31.7,78.0
Station_01,Inv_00,20170620,17:49:00,224.0,0.9,202,217.0,1.0,217,25026,15967,31.6,76.0
Station_01,Inv_00,20170620,17:50:00,220.0,0.9,198,217.0,1.0,217,25026,15967,31.6,73.0
Station_01,Inv_00,20170620,17:51:00,232.0,0.8,186,217.0,1.0,217,25026,15967,31.5,73.0
Station_01,Inv_00,20170620,17:52:00,227.8,0.8,182,217.0,1.0,217,25026,15967,31.4,71.0
Station_01,Inv_00,20170620,17:53:00,227.9,0.8,182,216.0,1.0,216,25026,15967,31.4,72.0
Station_01,Inv_00,20170620,17:54:00,225.0,0.7,158,216.0,1.0,216,25026,15967,31.3,69.0
Station_01,Inv_00,20170620,17:55:00,218.4,0.7,153,216.0,0.9,194,25026,15967,31.3,65.0
Station_01,Inv_00,20170620,17:56:00,220.4,0.7,154,216.0,0.8,173,25026,15967,31.2,66.0
Station_01,Inv_00,20170620,17:57:00,217.3,0.7,152,216.0,0.8,173,25026,15967,31.2,61.0
Station_01,Inv_00,20170620,17:58:00,229.0,0.6,137,216.0,0.8,173,25026,15967,31.1,61.0
Station_01,Inv_00,20170620,17:59:00,218.0,0.6,131,216.0,0.8,173,25026,15967,31.0,58.0
Station_01,Inv_00,20170620,18:00:00,222.5,0.6,134,216.0,0.7,151,25026,15967,31.0,57.0
Station_01,Inv_00,20170620,18:01:00,221.2,0.5,111,217.0,0.7,152,25026,15967,30.9,54.0
Station_01,Inv_00,20170620,18:02:00,191.0,0.5,96,215.0,0.6,129,25026,15967,30.8,53.0
Station_01,Inv_00,20170620,18:03:00,215.2,0.5,108,216.0,0.6,130,25026,15967,30.8,51.0
Station_01,Inv_00,20170620,18:04:00,200.4,0.5,100,215.0,0.5,108,25026,15967,30.7,51.0
Station_01,Inv_00,20170620,18:05:00,220.0,0.4,88,215.0,0.5,108,25026,15967,30.7,53.0
Station_01,Inv_00,20170620,18:06:00,209.0,0.4,84,215.0,0.5,108,25026,15967,30.5,49.0
Station_01,Inv_00,20170620,18:07:00,208.8,0.4,84,215.0,0.5,108,25026,15967,30.5,63.0
Station_01,Inv_00,20170620,18:08:00,207.3,0.3,62,215.0,0.5,108,25026,15967,30.4,43.0
Station_01,Inv_00,20170620,18:09:00,218.0,0.3,65,215.0,0.5,108,25026,15967,30.3,41.0
Station_01,Inv_00,20170620,18:10:00,215.3,0.3,65,215.0,0.5,108,25026,15967,30.3,41.0
Station_01,Inv_00,20170620,18:11:00,217.0,0.4,87,216.0,0.5,108,25026,15967,30.2,40.0
Station_01,Inv_00,20170620,18:12:00,217.0,0.3,65,215.0,0.5,108,25026,15967,30.2,39.0
Station_01,Inv_00,20170620,18:13:00,197.7,0.3,59,215.0,0.5,108,25026,15967,30.1,39.0
Station_01,Inv_00,20170620,18:14:00,205.0,0.3,62,216.0,0.5,108,25026,15967,30.0,38.0
Station_01,Inv_00,20170620,18:15:00,216.0,0.2,43,217.0,0.5,109,25026,15967,30.0,37.0
Station_01,Inv_00,20170620,18:16:00,205.5,0.2,41,217.0,0.5,109,25026,15967,29.9,38.0
Station_01,Inv_00,20170620,18:17:00,222.7,0.3,67,215.0,0.4,86,25026,15967,29.9,36.0
Station_01,Inv_00,20170620,18:18:00,223.0,0.1,22,215.0,0.5,108,25026,15967,29.9,35.0
Station_01,Inv_00,20170620,18:19:00,232.0,0.2,46,215.0,0.4,86,25026,15967,29.8,33.0
Station_01,Inv_00,20170620,18:20:00,203.0,0.1,20,216.0,0.4,86,25026,15967,29.8,32.0
Station_01,Inv_00,20170620,18:21:00,221.5,0.2,44,216.0,0.4,86,25026,15967,29.7,31.0
Station_01,Inv_00,20170620,18:22:00,216.5,0.2,43,215.0,0.4,86,25026,15967,29.7,31.0
Station_01,Inv_00,20170620,18:23:00,218.0,0.2,44,215.0,0.4,86,25026,15967,29.6,30.0
Station_01,Inv_00,20170620,18:24:00,212.5,0.2,43,217.0,0.4,87,25026,15967,29.6,548.0
Station_01,Inv_00,20170620,18:25:00,0.0,0.0,0,217.0,0.4,87,25026,15967,29.6,28.0
Station_01,Inv_00,20170620,18:26:00,0.0,0.0,0,216.0,0.4,86,25026,15967,29.5,27.0
Station_01,Inv_00,20170620,18:27:00,0.0,0.0,0,216.0,0.4,86,25026,15967,29.5,26.0
Station_01,Inv_00,20170620,18:28:00,0.0,0.0,0,215.0,0.4,86,25026,15967,29.4,25.0
Station_01,Inv_00,20170620,18:29:00,0.0,0.0,0,216.0,0.4,86,25026,15967,29.3,25.0
Station_01,Inv_00,20170620,18:30:00,0.0,0.0,0,216.0,0.4,86,25026,15967,29.3,24.0
Station_01,Inv_00,20170620,18:31:00,0.0,0.0,0,216.0,0.4,86,25026,15967,29.2,24.0
Station_01,Inv_00,20170620,18:32:00,0.0,0.0,0,219.0,0.5,110,25026,15967,29.2,25.0
Station_01,Inv_00,20170620,18:33:00,0.0,0.0,0,219.0,0.5,110,25026,15967,29.2,23.0
Station_01,Inv_00,20170620,18:34:00,0.0,0.0,0,219.0,0.5,110,25026,15967,29.1,22.0
Station_01,Inv_00,20170620,18:35:00,0.0,0.0,0,219.0,0.5,110,25026,15967,29.1,22.0
Station_01,Inv_00,20170620,18:36:00,0.0,0.0,0,219.0,0.5,110,25026,15967,29.1,21.0
Station_01,Inv_00,20170620,18:37:00,0.0,0.0,0,219.0,0.5,110,25026,15967,29.1,21.0
Station_01,Inv_00,20170620,18:38:00,0.0,0.0,0,219.0,0.5,110,25026,15967,29.0,21.0
Station_01,Inv_00,20170620,18:39:00,0.0,0.0,0,219.0,0.5,110,25026,15967,29.0,20.0
Station_01,Inv_00,20170620,18:40:00,0.0,0.0,0,219.0,0.5,110,25026,15967,28.9,20.0
Station_01,Inv_00,20170620,18:41:00,0.0,0.0,0,219.0,0.5,110,25026,15967,28.9,20.0
Station_01,Inv_00,20170620,18:42:00,0.0,0.0,0,219.0,0.5,110,25026,15967,28.9,535.0
Station_01,Inv_00,20170620,18:43:00,0.0,0.0,0,219.0,0.5,110,25026,15967,28.9,20.0
Station_01,Inv_00,20170620,18:44:00,0.0,0.0,0,219.0,0.5,110,25026,15967,28.8,19.0
Station_01,Inv_00,20170620,18:45:00,0.0,0.0,0,219.0,0.5,110,25026,15967,28.8,19.0
Station_01,Inv_00,20170620,18:46:00,0.0,0.0,0,219.0,0.5,110,25026,15967,28.7,19.0
Station_01,Inv_00,20170620,18:47:00,0.0,0.0,0,219.0,0.5,110,25026,15967,28.7,19.0
Station_01,Inv_00,20170620,18:48:00,0.0,0.0,0,219.0,0.5,110,25026,15967,28.7,20.0
Station_01,Inv_00,20170620,18:49:00,0.0,0.0,0,219.0,0.5,110,25026,15967,28.8,18.0
Station_01,Inv_00,20170620,18:50:00,0.0,0.0,0,219.0,0.5,110,25026,15967,28.7,18.0
Station_01,Inv_00,20170620,18:51:00,0.0,0.0,0,219.0,0.5,110,25026,15967,28.7,18.0
Station_01,Inv_00,20170620,18:52:00,0.0,0.0,0,219.0,0.5,110,25026,15967,28.7,18.0
Station_01,Inv_00,20170620,18:53:00,0.0,0.0,0,219.0,0.5,110,25026,15967,28.7,18.0
Station_01,Inv_00,20170620,18:54:00,0.0,0.0,0,219.0,0.5,110,25026,15967,28.6,18.0
Station_01,Inv_00,20170620,18:55:00,0.0,0.0,0,219.0,0.5,110,25026,15967,28.6,18.0
Station_01,Inv_00,20170620,18:56:00,0.0,0.0,0,219.0,0.5,110,25026,15967,28.6,17.0
Station_01,Inv_00,20170620,18:57:00,0.0,0.0,0,219.0,0.5,110,25026,15967,28.6,17.0
Station_01,Inv_00,20170620,18:58:00,0.0,0.0,0,219.0,0.5,110,25026,15967,28.5,18.0
Station_01,Inv_00,20170620,18:59:00,0.0,0.0,0,219.0,0.5,110,25026,15967,28.4,18.0
Station_01,Inv_00,20170620,19:00:00,0.0,0.0,0,219.0,0.5,110,25026,15967,28.5,18.0
Station_01,Inv_00,20170620,19:01:00,0.0,0.0,0,219.0,0.5,110,25026,15967,28.4,18.0
Station_01,Inv_00,20170620,19:02:00,0.0,0.0,0,219.0,0.5,110,25026,15967,28.4,17.0
Station_01,Inv_00,20170620,19:03:00,0.0,0.0,0,219.0,0.5,110,25026,15967,28.5,17.0
Station_01,Inv_00,20170620,19:04:00,0.0,0.0,0,219.0,0.5,110,25026,15967,28.4,17.0
Station_01,Inv_00,20170620,19:05:00,0.0,0.0,0,219.0,0.5,110,25026,15967,28.4,17.0
Station_01,Inv_00,20170620,19:06:00,0.0,0.0,0,219.0,0.5,110,25026,15967,28.3,18.0
Station_01,Inv_00,20170620,19:07:00,0.0,0.0,0,219.0,0.5,110,25026,15967,28.3,18.0
Station_01,Inv_00,20170620,19:08:00,0.0,0.0,0,219.0,0.5,110,25026,15967,28.2,17.0
Station_01,Inv_00,20170620,19:09:00,0.0,0.0,0,219.0,0.5,110,25026,15967,28.3,18.0
Station_01,Inv_00,20170620,19:10:00,0.0,0.0,0,219.0,0.5,110,25026,15967,28.2,18.0
Station_01,Inv_00,20170620,19:11:00,0.0,0.0,0,219.0,0.5,110,25026,15967,28.1,18.0
Station_01,Inv_00,20170620,19:12:00,0.0,0.0,0,219.0,0.5,110,25026,15967,28.0,17.0
Station_01,Inv_00,20170620,19:13:00,0.0,0.0,0,219.0,0.5,110,25026,15967,28.0,18.0
Station_01,Inv_00,20170620,19:14:00,0.0,0.0,0,219.0,0.5,110,25026,15967,28.0,17.0
Station_01,Inv_00,20170620,19:15:00,0.0,0.0,0,219.0,0.5,110,25026,15967,27.9,18.0
Station_01,Inv_00,20170620,19:16:00,0.0,0.0,0,219.0,0.5,110,25026,15967,27.9,18.0
Station_01,Inv_00,20170620,19:17:00,0.0,0.0,0,219.0,0.5,110,25026,15967,27.8,17.0
Station_01,Inv_00,20170620,19:18:00,0.0,0.0,0,219.0,0.5,110,25026,15967,27.8,19.0
Station_01,Inv_00,20170620,19:19:00,0.0,0.0,0,219.0,0.5,110,25026,15967,27.8,17.0
Station_01,Inv_00,20170620,19:20:00,0.0,0.0,0,219.0,0.5,110,25026,15967,27.7,17.0
Station_01,Inv_00,20170620,19:21:00,0.0,0.0,0,219.0,0.5,110,25026,15967,27.6,18.0
Station_01,Inv_00,20170620,19:22:00,0.0,0.0,0,219.0,0.5,110,25026,15967,27.6,18.0
Station_01,Inv_00,20170620,19:23:00,0.0,0.0,0,219.0,0.5,110,25026,15967,27.6,18.0
Station_01,Inv_00,20170620,19:24:00,0.0,0.0,0,219.0,0.5,110,25026,15967,27.6,17.0
Station_01,Inv_00,20170620,19:25:00,0.0,0.0,0,219.0,0.5,110,25026,15967,27.6,17.0
Station_01,Inv_00,20170620,19:26:00,0.0,0.0,0,219.0,0.5,110,25026,15967,27.5,18.0
Station_01,Inv_00,20170620,19:27:00,0.0,0.0,0,219.0,0.5,110,25026,15967,27.5,18.0
Station_01,Inv_00,20170620,19:28:00,0.0,0.0,0,219.0,0.5,110,25026,15967,27.5,19.0
Station_01,Inv_00,20170620,19:29:00,0.0,0.0,0,219.0,0.5,110,25026,15967,27.5,18.0
Station_01,Inv_00,20170620,19:30:00,0.0,0.0,0,219.0,0.5,110,25026,15967,27.5,18.0
Station_01,Inv_00,20170620,19:31:00,0.0,0.0,0,219.0,0.5,110,25026,15967,27.5,18.0
Station_01,Inv_00,20170620,19:32:00,0.0,0.0,0,219.0,0.5,110,25026,15967,27.5,17.0
Station_01,Inv_00,20170620,19:33:00,0.0,0.0,0,219.0,0.5,110,25026,15967,27.5,18.0
Station_01,Inv_00,20170620,19:34:00,0.0,0.0,0,219.0,0.5,110,25026,15967,27.5,18.0
Station_01,Inv_00,20170620,19:35:00,0.0,0.0,0,219.0,0.5,110,25026,15967,27.5,18.0
Station_01,Inv_00,20170620,19:36:00,0.0,0.0,0,219.0,0.5,110,25026,15967,27.5,17.0
Station_01,Inv_00,20170620,19:37:00,0.0,0.0,0,219.0,0.5,110,25026,15967,27.5,17.0
Station_01,Inv_00,20170620,19:38:00,0.0,0.0,0,219.0,0.5,110,25026,15967,27.5,18.0
Station_01,Inv_00,20170620,19:39:00,0.0,0.0,0,219.0,0.5,110,25026,15967,27.5,18.0
Station_01,Inv_00,20170620,19:40:00,0.0,0.0,0,219.0,0.5,110,25026,15967,27.6,18.0
Station_01,Inv_00,20170620,19:41:00,0.0,0.0,0,219.0,0.5,110,25026,15967,27.5,18.0
Station_01,Inv_00,20170620,19:42:00,0.0,0.0,0,219.0,0.5,110,25026,15967,27.6,17.0
Station_01,Inv_00,20170620,19:43:00,0.0,0.0,0,219.0,0.5,110,25026,15967,27.7,19.0
Station_01,Inv_00,20170620,19:44:00,0.0,0.0,0,219.0,0.5,110,25026,15967,27.6,18.0
Station_01,Inv_00,20170620,19:45:00,0.0,0.0,0,219.0,0.5,110,25026,15967,27.6,18.0
Station_01,Inv_00,20170620,19:46:00,0.0,0.0,0,219.0,0.5,110,25026,15967,27.6,19.0
Station_01,Inv_00,20170620,19:47:00,0.0,0.0,0,219.0,0.5,110,25026,15967,27.6,18.0
Station_01,Inv_00,20170620,19:48:00,0.0,0.0,0,219.0,0.5,110,25026,15967,27.7,18.0
Station_01,Inv_00,20170620,19:49:00,0.0,0.0,0,219.0,0.5,110,25026,15967,27.8,19.0
Station_01,Inv_00,20170620,19:50:00,0.0,0.0,0,219.0,0.5,110,25026,15967,27.7,18.0
Station_01,Inv_00,20170620,19:51:00,0.0,0.0,0,219.0,0.5,110,25026,15967,27.7,18.0
Station_01,Inv_00,20170620,19:52:00,0.0,0.0,0,219.0,0.5,110,25026,15967,27.9,18.0
Station_01,Inv_00,20170620,19:53:00,0.0,0.0,0,219.0,0.5,110,25026,15967,27.9,18.0
Station_01,Inv_00,20170620,19:54:00,0.0,0.0,0,219.0,0.5,110,25026,15967,27.9,17.0
Station_01,Inv_00,20170620,19:55:00,0.0,0.0,0,219.0,0.5,110,25026,15967,27.9,18.0
Station_01,Inv_00,20170620,19:56:00,0.0,0.0,0,219.0,0.5,110,25026,15967,28.0,18.0
Station_01,Inv_00,20170620,19:57:00,0.0,0.0,0,219.0,0.5,110,25026,15967,28.1,17.0
Station_01,Inv_00,20170620,19:58:00,0.0,0.0,0,219.0,0.5,110,25026,15967,28.1,18.0
Station_01,Inv_00,20170620,19:59:00,0.0,0.0,0,219.0,0.5,110,25026,15967,28.1,18.0
Station_01,Inv_00,20170620,20:00:00,0.0,0.0,0,219.0,0.5,110,25026,15967,28.1,18.0
