Station_01,Inv_00,20170811,05:00:00,0.0,0.0,0,0.0,0.0,0,25880,16511,26.1,17.0
Station_01,Inv_00,20170811,05:01:00,0.0,0.0,0,0.0,0.0,0,25880,16511,26.0,17.0
Station_01,Inv_00,20170811,05:02:00,0.0,0.0,0,0.0,0.0,0,25880,16511,26.0,17.0
Station_01,Inv_00,20170811,05:03:00,0.0,0.0,0,0.0,0.0,0,25880,16511,25.9,17.0
Station_01,Inv_00,20170811,05:04:00,0.0,0.0,0,0.0,0.0,0,25880,16511,25.9,17.0
Station_01,Inv_00,20170811,05:05:00,0.0,0.0,0,0.0,0.0,0,25880,16511,25.8,17.0
Station_01,Inv_00,20170811,05:06:00,0.0,0.0,0,0.0,0.0,0,25880,16511,25.8,17.0
Station_01,Inv_00,20170811,05:07:00,0.0,0.0,0,0.0,0.0,0,25880,16511,25.7,17.0
Station_01,Inv_00,20170811,05:08:00,0.0,0.0,0,0.0,0.0,0,25880,16511,25.6,17.0
Station_01,Inv_00,20170811,05:09:00,0.0,0.0,0,0.0,0.0,0,25880,16511,25.6,17.0
Station_01,Inv_00,20170811,05:10:00,0.0,0.0,0,0.0,0.0,0,25880,16511,25.6,17.0
Station_01,Inv_00,20170811,05:11:00,0.0,0.0,0,0.0,0.0,0,25880,16511,25.5,17.0
Station_01,Inv_00,20170811,05:12:00,0.0,0.0,0,0.0,0.0,0,25880,16511,25.5,17.0
Station_01,Inv_00,20170811,05:13:00,0.0,0.0,0,0.0,0.0,0,25880,16511,25.4,18.0
Station_01,Inv_00,20170811,05:14:00,0.0,0.0,0,0.0,0.0,0,25880,16511,25.4,18.0
Station_01,Inv_00,20170811,05:15:00,0.0,0.0,0,0.0,0.0,0,25880,16511,25.4,18.0
Station_01,Inv_00,20170811,05:16:00,0.0,0.0,0,0.0,0.0,0,25880,16511,25.4,19.0
Station_01,Inv_00,20170811,05:17:00,0.0,0.0,0,0.0,0.0,0,25880,16511,25.4,19.0
Station_01,Inv_00,20170811,05:18:00,0.0,0.0,0,0.0,0.0,0,25880,16511,25.3,20.0
Station_01,Inv_00,20170811,05:19:00,0.0,0.0,0,0.0,0.0,0,25880,16511,25.3,20.0
Station_01,Inv_00,20170811,05:20:00,0.0,0.0,0,0.0,0.0,0,25880,16511,25.3,21.0
Station_01,Inv_00,20170811,05:21:00,0.0,0.0,0,0.0,0.0,0,25880,16511,25.3,21.0
Station_01,Inv_00,20170811,05:22:00,0.0,0.0,0,0.0,0.0,0,25880,16511,25.3,469.0
Station_01,Inv_00,20170811,05:23:00,0.0,0.0,0,0.0,0.0,0,25880,16511,25.3,21.0
Station_01,Inv_00,20170811,05:24:00,0.0,0.0,0,0.0,0.0,0,25880,16511,25.3,21.0
Station_01,Inv_00,20170811,05:25:00,0.0,0.0,0,0.0,0.0,0,25880,16511,25.3,20.0
Station_01,Inv_00,20170811,05:26:00,0.0,0.0,0,0.0,0.0,0,25880,16511,25.4,20.0
Station_01,Inv_00,20170811,05:27:00,0.0,0.0,0,0.0,0.0,0,25880,16511,25.3,20.0
Station_01,Inv_00,20170811,05:28:00,0.0,0.0,0,0.0,0.0,0,25880,16511,25.3,20.0
Station_01,Inv_00,20170811,05:29:00,0.0,0.0,0,0.0,0.0,0,25880,16511,25.3,20.0
Station_01,Inv_00,20170811,05:30:00,0.0,0.0,0,0.0,0.0,0,25880,16511,25.3,20.0
Station_01,Inv_00,20170811,05:31:00,0.0,0.0,0,0.0,0.0,0,25880,16511,25.2,20.0
Station_01,Inv_00,20170811,05:32:00,0.0,0.0,0,0.0,0.0,0,25880,16511,25.2,21.0
Station_01,Inv_00,20170811,05:33:00,0.0,0.0,0,0.0,0.0,0,25880,16511,25.2,21.0
Station_01,Inv_00,20170811,05:34:00,0.0,0.0,0,0.0,0.0,0,25880,16511,25.2,22.0
Station_01,Inv_00,20170811,05:35:00,0.0,0.0,0,0.0,0.0,0,25880,16511,25.3,22.0
Station_01,Inv_00,20170811,05:36:00,0.0,0.0,0,0.0,0.0,0,25880,16511,25.2,23.0
Station_01,Inv_00,20170811,05:37:00,0.0,0.0,0,0.0,0.0,0,25880,16511,25.3,24.0
Station_01,Inv_00,20170811,05:38:00,0.0,0.0,0,0.0,0.0,0,25880,16511,25.4,25.0
Station_01,Inv_00,20170811,05:39:00,0.0,0.0,0,0.0,0.0,0,25880,16511,25.5,26.0
Station_01,Inv_00,20170811,05:40:00,0.0,0.0,0,219.0,0.4,88,25883,16513,25.6,27.0
Station_01,Inv_00,20170811,05:41:00,0.0,0.0,0,220.0,0.5,110,25883,16513,25.7,28.0
Station_01,Inv_00,20170811,05:42:00,0.0,0.0,0,221.0,0.5,111,25883,16513,25.8,30.0
Station_01,Inv_00,20170811,05:43:00,0.0,0.0,0,222.0,0.5,111,25883,16513,25.9,31.0
Station_01,Inv_00,20170811,05:44:00,0.0,0.0,0,221.0,0.5,111,25883,16513,26.1,32.0
Station_01,Inv_00,20170811,05:45:00,0.0,0.0,0,221.0,0.5,111,25883,16513,26.2,34.0
Station_01,Inv_00,20170811,05:46:00,212.3,0.3,64,216.0,0.4,86,25883,16513,26.3,35.0
Station_01,Inv_00,20170811,05:47:00,222.0,0.3,67,216.0,0.4,86,25883,16513,26.4,37.0
Station_01,Inv_00,20170811,05:48:00,194.3,0.3,58,216.0,0.4,86,25883,16513,26.5,39.0
Station_01,Inv_00,20170811,05:49:00,218.0,0.3,65,216.0,0.5,108,25883,16513,26.6,41.0
Station_01,Inv_00,20170811,05:50:00,227.0,0.3,68,216.0,0.5,108,25883,16513,26.6,43.0
Station_01,Inv_00,20170811,05:51:00,223.0,0.4,89,216.0,0.5,108,25883,16513,26.7,46.0
Station_01,Inv_00,20170811,05:52:00,215.0,0.4,86,217.0,0.5,109,25883,16513,26.8,48.0
Station_01,Inv_00,20170811,05:53:00,199.0,0.4,80,217.0,0.5,109,25883,16513,26.9,50.0
Station_01,Inv_00,20170811,05:54:00,232.0,0.5,116,217.0,0.6,130,25883,16513,27.0,52.0
Station_01,Inv_00,20170811,05:55:00,225.2,0.5,113,217.0,0.6,130,25883,16513,27.1,55.0
Station_01,Inv_00,20170811,05:56:00,231.2,0.5,116,216.0,0.6,130,25883,16513,27.2,57.0
Station_01,Inv_00,20170811,05:57:00,174.0,0.5,87,216.0,0.5,108,25883,16513,27.2,59.0
Station_01,Inv_00,20170811,05:58:00,177.7,0.6,107,215.0,0.6,129,25883,16513,27.3,60.0
Station_01,Inv_00,20170811,05:59:00,231.6,0.5,116,216.0,0.7,151,25883,16513,27.3,60.0
Station_01,Inv_00,20170811,06:00:00,231.0,0.6,139,216.0,0.8,173,25883,16513,27.4,60.0
Station_01,Inv_00,20170811,06:01:00,224.4,0.7,157,215.0,0.8,172,25883,16513,27.4,62.0
Station_01,Inv_00,20170811,06:02:00,221.4,0.7,155,215.0,0.9,194,25883,16513,27.5,66.0
Station_01,Inv_00,20170811,06:03:00,231.4,0.7,162,215.0,0.9,194,25883,16513,27.6,74.0
Station_01,Inv_00,20170811,06:04:00,234.5,0.8,188,217.0,1.0,217,25883,16513,27.7,77.0
Station_01,Inv_00,20170811,06:05:00,234.5,0.8,188,217.0,1.0,217,25883,16513,27.8,80.0
Station_01,Inv_00,20170811,06:06:00,229.5,0.8,184,216.0,1.0,216,25883,16513,27.9,83.0
Station_01,Inv_00,20170811,06:07:00,226.4,0.9,204,215.0,1.0,215,25883,16513,27.9,85.0
Station_01,Inv_00,20170811,06:08:00,238.4,0.9,215,215.0,1.0,215,25883,16513,28.1,88.0
Station_01,Inv_00,20170811,06:09:00,237.4,0.9,214,215.0,1.0,215,25883,16513,28.2,91.0
Station_01,Inv_00,20170811,06:10:00,237.5,1.0,238,216.0,1.1,238,25883,16513,28.4,95.0
Station_01,Inv_00,20170811,06:11:00,241.0,0.9,217,216.0,1.1,238,25883,16513,28.5,98.0
Station_01,Inv_00,20170811,06:12:00,233.0,1.0,233,216.0,1.2,259,25883,16513,28.6,101.0
Station_01,Inv_00,20170811,06:13:00,236.0,1.1,260,216.0,1.2,259,25883,16513,28.7,104.0
Station_01,Inv_00,20170811,06:14:00,237.8,1.1,262,215.0,1.2,258,25883,16513,28.9,108.0
Station_01,Inv_00,20170811,06:15:00,235.4,1.2,283,216.0,1.3,281,25883,16513,29.0,111.0
Station_01,Inv_00,20170811,06:16:00,234.5,1.2,281,216.0,1.3,281,25883,16513,29.2,115.0
Station_01,Inv_00,20170811,06:17:00,239.0,1.2,287,216.0,1.4,302,25883,16513,29.4,118.0
Station_01,Inv_00,20170811,06:18:00,241.5,1.2,290,216.0,1.4,302,25883,16513,29.5,119.0
Station_01,Inv_00,20170811,06:19:00,239.0,1.2,287,215.0,1.4,301,25883,16513,29.6,116.0
Station_01,Inv_00,20170811,06:20:00,236.5,1.2,284,216.0,1.4,302,25883,16513,29.7,115.0
Station_01,Inv_00,20170811,06:21:00,248.3,1.3,323,216.0,1.4,302,25883,16513,29.8,118.0
Station_01,Inv_00,20170811,06:22:00,230.0,1.4,322,216.0,1.5,324,25883,16513,30.0,123.0
Station_01,Inv_00,20170811,06:23:00,240.0,1.4,336,217.0,1.5,326,25883,16513,30.1,127.0
Station_01,Inv_00,20170811,06:24:00,236.0,1.4,330,217.0,1.5,326,25883,16513,30.3,130.0
Station_01,Inv_00,20170811,06:25:00,229.3,1.5,344,217.0,1.5,326,25883,16513,30.4,133.0
Station_01,Inv_00,20170811,06:26:00,239.7,1.5,360,217.0,1.6,347,25883,16513,30.5,137.0
Station_01,Inv_00,20170811,06:27:00,241.6,1.6,387,217.0,1.7,369,25883,16513,30.7,140.0
Station_01,Inv_00,20170811,06:28:00,227.0,1.6,363,216.0,1.6,346,25883,16513,30.9,143.0
Station_01,Inv_00,20170811,06:29:00,234.4,1.7,399,216.0,1.7,367,25883,16513,31.0,146.0
Station_01,Inv_00,20170811,06:30:00,242.5,1.6,388,216.0,1.7,367,25883,16513,31.1,149.0
Station_01,Inv_00,20170811,06:31:00,245.7,1.5,369,215.0,1.8,387,25883,16513,31.3,152.0
Station_01,Inv_00,20170811,06:32:00,237.0,1.8,427,215.0,1.8,387,25883,16513,31.5,155.0
Station_01,Inv_00,20170811,06:33:00,225.9,1.9,429,215.0,1.8,387,25883,16513,31.5,159.0
Station_01,Inv_00,20170811,06:34:00,235.7,1.9,448,215.0,2.0,430,25883,16513,31.7,163.0
Station_01,Inv_00,20170811,06:35:00,231.0,2.0,462,216.0,2.0,432,25883,16513,31.9,168.0
Station_01,Inv_00,20170811,06:36:00,239.5,2.0,479,215.0,2.1,452,25883,16513,32.1,173.0
Station_01,Inv_00,20170811,06:37:00,240.7,2.1,505,216.0,2.1,454,25883,16513,32.3,177.0
Station_01,Inv_00,20170811,06:38:00,242.0,2.0,484,216.0,2.2,475,25883,16513,32.5,182.0
Station_01,Inv_00,20170811,06:39:00,233.0,2.2,513,216.0,2.2,475,25883,16513,32.6,186.0
Station_01,Inv_00,20170811,06:40:00,239.0,2.2,526,216.0,2.3,497,25883,16513,32.8,189.0
Station_01,Inv_00,20170811,06:41:00,239.4,2.2,527,217.0,2.3,499,25883,16513,33.1,193.0
Station_01,Inv_00,20170811,06:42:00,238.0,2.4,571,216.0,2.5,540,25883,16513,33.2,198.0
Station_01,Inv_00,20170811,06:43:00,244.0,2.5,610,216.0,2.6,562,25883,16513,33.4,202.0
Station_01,Inv_00,20170811,06:44:00,240.8,2.5,602,215.0,2.7,581,25883,16513,33.8,205.0
Station_01,Inv_00,20170811,06:45:00,249.9,2.6,650,218.0,2.7,589,25883,16513,33.8,208.0
Station_01,Inv_00,20170811,06:46:00,245.5,2.7,663,218.0,2.9,632,25883,16513,34.0,214.0
Station_01,Inv_00,20170811,06:47:00,248.5,2.7,671,217.0,3.0,651,25883,16513,34.3,216.0
Station_01,Inv_00,20170811,06:48:00,249.0,2.7,672,217.0,3.0,651,25883,16513,34.2,221.0
Station_01,Inv_00,20170811,06:49:00,243.4,2.9,706,217.0,3.1,673,25883,16513,34.5,226.0
Station_01,Inv_00,20170811,06:50:00,244.9,3.0,735,217.0,3.1,673,25883,16513,34.7,231.0
Station_01,Inv_00,20170811,06:51:00,244.5,2.9,709,218.0,3.2,698,25883,16513,35.0,235.0
Station_01,Inv_00,20170811,06:52:00,244.0,3.1,756,218.0,3.3,719,25883,16513,35.1,238.0
Station_01,Inv_00,20170811,06:53:00,242.5,3.2,776,218.0,3.4,741,25883,16513,35.2,245.0
Station_01,Inv_00,20170811,06:54:00,246.0,3.3,812,219.0,3.5,767,25883,16513,35.5,250.0
Station_01,Inv_00,20170811,06:55:00,247.0,3.4,840,219.0,3.6,788,25883,16513,35.9,257.0
Station_01,Inv_00,20170811,06:56:00,243.0,3.5,851,218.0,3.6,785,25883,16513,36.0,264.0
Station_01,Inv_00,20170811,06:57:00,249.5,3.4,848,218.0,3.8,828,25883,16513,36.3,270.0
Station_01,Inv_00,20170811,06:58:00,247.5,3.7,916,218.0,3.9,850,25883,16513,36.6,276.0
Station_01,Inv_00,20170811,06:59:00,246.0,3.6,886,219.0,3.9,854,25883,16513,37.0,280.0
Station_01,Inv_00,20170811,07:00:00,246.5,3.8,937,218.0,3.9,850,25883,16513,37.1,283.0
Station_01,Inv_00,20170811,07:01:00,241.9,3.9,944,217.0,4.0,868,25883,16513,37.2,285.0
Station_01,Inv_00,20170811,07:02:00,243.0,3.8,923,218.0,4.0,872,25883,16513,37.5,290.0
Station_01,Inv_00,20170811,07:03:00,239.9,3.9,936,219.0,4.1,898,25883,16513,37.7,293.0
Station_01,Inv_00,20170811,07:04:00,242.4,3.9,945,218.0,4.1,894,25883,16513,38.1,296.0
Station_01,Inv_00,20170811,07:05:00,243.5,3.9,950,218.0,4.1,894,25883,16513,38.2,297.0
Station_01,Inv_00,20170811,07:06:00,239.5,4.1,982,217.0,4.1,890,25883,16513,38.3,297.0
Station_01,Inv_00,20170811,07:07:00,242.0,4.2,1016,217.0,4.2,911,25883,16513,38.4,303.0
Station_01,Inv_00,20170811,07:08:00,242.5,4.1,994,218.0,4.2,916,25883,16513,38.6,309.0
Station_01,Inv_00,20170811,07:09:00,244.0,4.3,1049,218.0,4.5,981,25883,16513,38.8,330.0
Station_01,Inv_00,20170811,07:10:00,242.0,4.5,1089,218.0,4.6,1003,25883,16513,38.7,324.0
Station_01,Inv_00,20170811,07:11:00,244.5,4.4,1076,217.0,4.7,1020,25883,16513,39.4,329.0
Station_01,Inv_00,20170811,07:12:00,240.0,4.7,1128,218.0,4.7,1025,25883,16513,39.4,333.0
Station_01,Inv_00,20170811,07:13:00,245.5,4.5,1105,218.0,4.8,1046,25883,16513,39.1,336.0
Station_01,Inv_00,20170811,07:14:00,234.5,4.7,1102,217.0,4.7,1020,25883,16513,39.4,337.0
Station_01,Inv_00,20170811,07:15:00,236.5,4.6,1088,218.0,4.7,1025,25883,16513,39.6,335.0
Station_01,Inv_00,20170811,07:16:00,238.0,4.6,1095,218.0,4.7,1025,25883,16513,39.7,334.0
Station_01,Inv_00,20170811,07:17:00,243.0,4.5,1093,218.0,4.7,1025,25883,16513,39.5,331.0
Station_01,Inv_00,20170811,07:18:00,240.4,4.7,1130,218.0,4.9,1068,25883,16513,39.8,339.0
Station_01,Inv_00,20170811,07:19:00,236.5,5.0,1183,218.0,4.9,1068,25883,16513,40.0,344.0
Station_01,Inv_00,20170811,07:20:00,234.5,4.9,1149,219.0,5.0,1095,25883,16513,40.1,348.0
Station_01,Inv_00,20170811,07:21:00,236.0,5.0,1180,218.0,5.0,1090,25883,16513,40.2,352.0
Station_01,Inv_00,20170811,07:22:00,244.0,4.8,1171,220.0,5.0,1100,25883,16513,40.4,352.0
Station_01,Inv_00,20170811,07:23:00,242.0,4.9,1186,219.0,5.1,1117,25883,16513,40.8,355.0
Station_01,Inv_00,20170811,07:24:00,239.9,5.0,1200,220.0,5.1,1122,25883,16513,40.6,357.0
Station_01,Inv_00,20170811,07:25:00,240.0,5.1,1224,219.0,5.1,1117,25883,16513,40.4,356.0
Station_01,Inv_00,20170811,07:26:00,232.5,5.1,1186,220.0,5.1,1122,25883,16513,40.7,356.0
Station_01,Inv_00,20170811,07:27:00,242.5,4.8,1164,220.0,4.8,1056,25883,16513,40.3,345.0
Station_01,Inv_00,20170811,07:28:00,238.5,4.7,1121,220.0,4.6,1012,25883,16513,40.2,327.0
Station_01,Inv_00,20170811,07:29:00,238.0,4.4,1047,219.0,4.6,1007,25883,16513,39.2,322.0
Station_01,Inv_00,20170811,07:30:00,242.5,4.4,1067,219.0,4.5,986,25884,16514,39.6,314.0
Station_01,Inv_00,20170811,07:31:00,231.5,4.9,1134,216.0,4.8,1037,25884,16514,40.0,333.0
Station_01,Inv_00,20170811,07:32:00,241.4,4.9,1183,216.0,5.1,1102,25884,16514,40.0,352.0
Station_01,Inv_00,20170811,07:33:00,241.0,5.3,1277,216.0,5.4,1166,25884,16514,40.0,364.0
Station_01,Inv_00,20170811,07:34:00,235.5,5.3,1248,216.0,5.5,1188,25884,16514,40.6,372.0
Station_01,Inv_00,20170811,07:35:00,239.5,5.3,1269,217.0,5.5,1194,25884,16514,40.1,375.0
Station_01,Inv_00,20170811,07:36:00,236.0,5.5,1298,217.0,5.5,1194,25884,16514,40.5,379.0
Station_01,Inv_00,20170811,07:37:00,239.0,5.3,1267,217.0,5.5,1194,25884,16514,41.1,375.0
Station_01,Inv_00,20170811,07:38:00,235.5,5.5,1295,216.0,5.6,1210,25884,16514,41.3,383.0
Station_01,Inv_00,20170811,07:39:00,235.9,5.3,1250,217.0,5.4,1172,25884,16514,41.5,370.0
Station_01,Inv_00,20170811,07:40:00,237.5,5.5,1306,218.0,5.6,1221,25884,16514,41.0,377.0
Station_01,Inv_00,20170811,07:41:00,241.5,5.5,1328,218.0,5.6,1221,25884,16514,41.6,381.0
Station_01,Inv_00,20170811,07:42:00,234.5,5.7,1337,219.0,5.6,1226,25884,16514,41.4,386.0
Station_01,Inv_00,20170811,07:43:00,234.5,5.7,1336,218.0,5.7,1243,25884,16514,41.6,391.0
Station_01,Inv_00,20170811,07:44:00,240.0,5.8,1392,218.0,5.8,1264,25884,16514,42.2,395.0
Station_01,Inv_00,20170811,07:45:00,238.0,5.7,1357,217.0,5.7,1237,25884,16514,42.1,390.0
Station_01,Inv_00,20170811,07:46:00,239.0,5.7,1362,218.0,5.7,1243,25884,16514,41.5,389.0
Station_01,Inv_00,20170811,07:47:00,239.0,5.3,1267,218.0,5.5,1199,25884,16514,42.0,374.0
Station_01,Inv_00,20170811,07:48:00,228.5,6.1,1394,218.0,5.9,1286,25884,16514,42.5,396.0
Station_01,Inv_00,20170811,07:49:00,241.5,6.1,1473,217.0,6.2,1345,25884,16514,42.5,419.0
Station_01,Inv_00,20170811,07:50:00,239.0,6.2,1482,218.0,6.3,1373,25884,16514,42.6,418.0
Station_01,Inv_00,20170811,07:51:00,233.5,6.3,1471,217.0,6.4,1389,25884,16514,42.8,425.0
Station_01,Inv_00,20170811,07:52:00,233.5,6.3,1471,218.0,6.4,1395,25884,16514,42.4,428.0
Station_01,Inv_00,20170811,07:53:00,238.0,6.4,1523,218.0,6.7,1461,25884,16514,43.6,437.0
Station_01,Inv_00,20170811,07:54:00,234.0,6.6,1544,217.0,6.7,1454,25884,16514,43.0,443.0
Station_01,Inv_00,20170811,07:55:00,231.5,6.6,1528,218.0,6.7,1461,25884,16514,44.0,447.0
Station_01,Inv_00,20170811,07:56:00,231.0,6.6,1525,218.0,6.6,1439,25884,16514,43.8,435.0
Station_01,Inv_00,20170811,07:57:00,235.9,6.6,1557,217.0,6.6,1432,25884,16514,44.9,439.0
Station_01,Inv_00,20170811,07:58:00,236.5,6.4,1513,217.0,6.5,1411,25884,16514,45.6,429.0
Station_01,Inv_00,20170811,07:59:00,235.0,6.6,1551,217.0,6.7,1454,25884,16514,46.0,435.0
Station_01,Inv_00,20170811,08:00:00,237.5,6.7,1591,217.0,6.8,1476,25884,16514,45.5,445.0
Station_01,Inv_00,20170811,08:01:00,223.5,7.0,1565,217.0,6.8,1476,25884,16514,45.9,452.0
Station_01,Inv_00,20170811,08:02:00,232.9,6.8,1584,216.0,6.9,1490,25884,16514,46.4,451.0
Station_01,Inv_00,20170811,08:03:00,236.0,6.9,1628,216.0,7.1,1534,25884,16514,45.8,460.0
Station_01,Inv_00,20170811,08:04:00,235.5,7.1,1672,218.0,7.2,1570,25884,16514,46.4,473.0
Station_01,Inv_00,20170811,08:05:00,233.0,7.2,1677,218.0,7.3,1591,25884,16514,47.0,473.0
Station_01,Inv_00,20170811,08:06:00,232.5,7.5,1744,219.0,7.6,1664,25884,16514,46.9,484.0
Station_01,Inv_00,20170811,08:07:00,234.5,7.7,1806,218.0,7.7,1679,25884,16514,47.2,496.0
Station_01,Inv_00,20170811,08:08:00,234.5,7.5,1759,219.0,7.6,1664,25884,16514,47.9,497.0
Station_01,Inv_00,20170811,08:09:00,235.0,6.1,1433,218.0,6.2,1352,25884,16514,47.7,421.0
Station_01,Inv_00,20170811,08:10:00,233.0,4.2,978,217.0,4.1,890,25884,16514,46.3,287.0
Station_01,Inv_00,20170811,08:11:00,236.0,5.1,1204,218.0,5.2,1134,25884,16514,45.9,350.0
Station_01,Inv_00,20170811,08:12:00,236.0,5.5,1298,218.0,5.6,1221,25885,16515,45.7,375.0
Station_01,Inv_00,20170811,08:13:00,222.5,7.5,1669,220.0,7.0,1540,25885,16515,46.2,442.0
Station_01,Inv_00,20170811,08:14:00,220.0,8.3,1826,220.0,7.9,1738,25885,16515,45.9,529.0
Station_01,Inv_00,20170811,08:15:00,232.0,8.4,1949,219.0,8.3,1818,25885,16515,46.6,546.0
Station_01,Inv_00,20170811,08:16:00,230.5,8.1,1867,219.0,7.9,1730,25885,16515,47.2,530.0
Station_01,Inv_00,20170811,08:17:00,231.5,7.6,1759,220.0,7.7,1694,25885,16515,47.6,504.0
Station_01,Inv_00,20170811,08:18:00,225.5,8.3,1872,220.0,8.0,1760,25885,16515,47.5,521.0
Station_01,Inv_00,20170811,08:19:00,232.5,8.1,1883,220.0,8.2,1804,25885,16515,47.5,531.0
Station_01,Inv_00,20170811,08:20:00,233.5,8.3,1938,220.0,8.2,1804,25885,16515,48.1,530.0
Station_01,Inv_00,20170811,08:21:00,230.5,8.7,2005,220.0,8.6,1892,25885,16515,49.1,559.0
Station_01,Inv_00,20170811,08:22:00,225.5,8.9,2007,220.0,8.6,1892,25885,16515,49.2,567.0
Station_01,Inv_00,20170811,08:23:00,229.0,8.9,2038,219.0,8.8,1927,25885,16515,50.0,572.0
Station_01,Inv_00,20170811,08:24:00,228.0,9.1,2075,219.0,8.9,1949,25885,16515,50.7,578.0
Station_01,Inv_00,20170811,08:25:00,226.0,9.1,2057,219.0,8.8,1927,25885,16515,51.3,577.0
Station_01,Inv_00,20170811,08:26:00,221.5,8.9,1971,218.0,8.6,1875,25885,16515,50.8,569.0
Station_01,Inv_00,20170811,08:27:00,220.0,9.2,2024,218.0,8.7,1897,25885,16515,50.7,578.0
Station_01,Inv_00,20170811,08:28:00,223.5,8.9,1989,219.0,8.5,1862,25885,16515,51.3,564.0
Station_01,Inv_00,20170811,08:29:00,226.0,8.9,2011,219.0,8.7,1905,25885,16515,51.3,568.0
Station_01,Inv_00,20170811,08:30:00,229.0,8.4,1923,219.0,8.4,1840,25885,16515,51.0,557.0
Station_01,Inv_00,20170811,08:31:00,228.9,8.6,1969,219.0,8.4,1840,25885,16515,50.2,556.0
Station_01,Inv_00,20170811,08:32:00,225.0,8.7,1957,218.0,8.5,1853,25885,16515,48.3,564.0
Station_01,Inv_00,20170811,08:33:00,230.0,8.2,1886,218.0,8.2,1788,25885,16515,48.4,547.0
Station_01,Inv_00,20170811,08:34:00,230.5,7.9,1821,218.0,7.9,1722,25885,16515,49.5,529.0
Station_01,Inv_00,20170811,08:35:00,228.5,8.4,1919,219.0,8.3,1818,25885,16515,48.6,542.0
Station_01,Inv_00,20170811,08:36:00,229.5,8.7,1997,220.0,8.6,1892,25885,16515,49.4,557.0
Station_01,Inv_00,20170811,08:37:00,216.5,8.9,1927,219.0,8.4,1840,25885,16515,47.9,568.0
Station_01,Inv_00,20170811,08:38:00,216.0,9.2,1987,218.0,8.6,1875,25885,16515,47.8,570.0
Station_01,Inv_00,20170811,08:39:00,216.5,6.7,1451,218.0,5.8,1264,25885,16515,46.7,419.0
Station_01,Inv_00,20170811,08:40:00,227.4,9.2,2093,218.0,9.0,1962,25885,16515,47.6,574.0
Station_01,Inv_00,20170811,08:41:00,229.0,9.0,2061,218.0,8.8,1918,25885,16515,47.6,583.0
Station_01,Inv_00,20170811,08:42:00,232.5,8.7,2023,217.0,8.8,1910,25885,16515,48.2,559.0
Station_01,Inv_00,20170811,08:43:00,225.5,3.2,722,217.0,3.3,716,25885,16515,45.9,253.0
Station_01,Inv_00,20170811,08:44:00,232.5,9.5,2209,218.0,9.6,2093,25886,16515,46.1,565.0
Station_01,Inv_00,20170811,08:45:00,231.0,8.8,2033,218.0,8.7,1897,25886,16515,46.7,598.0
Station_01,Inv_00,20170811,08:46:00,239.3,5.6,1340,217.0,5.1,1107,25886,16515,44.0,317.0
Station_01,Inv_00,20170811,08:47:00,232.5,9.9,2302,218.0,10.0,2180,25886,16515,46.0,644.0
Station_01,Inv_00,20170811,08:48:00,218.5,10.4,2272,218.0,9.8,2136,25886,16515,47.0,646.0
Station_01,Inv_00,20170811,08:49:00,223.0,10.3,2297,219.0,9.8,2146,25886,16515,48.0,645.0
Station_01,Inv_00,20170811,08:50:00,230.0,10.0,2300,219.0,9.9,2168,25886,16515,48.3,645.0
Station_01,Inv_00,20170811,08:51:00,225.0,8.6,1935,218.0,8.6,1875,25886,16515,48.6,608.0
Station_01,Inv_00,20170811,08:52:00,230.5,9.7,2236,218.0,9.9,2158,25886,16515,48.5,637.0
Station_01,Inv_00,20170811,08:53:00,225.5,6.9,1556,218.0,7.3,1591,25886,16515,47.1,492.0
Station_01,Inv_00,20170811,08:54:00,230.5,9.9,2282,218.0,9.9,2158,25886,16515,46.4,496.0
Station_01,Inv_00,20170811,08:55:00,232.0,10.1,2343,218.0,10.2,2224,25886,16515,47.2,654.0
Station_01,Inv_00,20170811,08:56:00,228.5,9.5,2171,219.0,9.7,2124,25886,16515,47.2,638.0
Station_01,Inv_00,20170811,08:57:00,231.5,10.0,2315,219.0,10.0,2190,25886,16515,47.9,642.0
Station_01,Inv_00,20170811,08:58:00,226.0,9.6,2169,218.0,9.6,2093,25886,16515,47.9,665.0
Station_01,Inv_00,20170811,08:59:00,231.5,10.3,2384,217.0,10.3,2235,25886,16515,47.9,594.0
Station_01,Inv_00,20170811,09:00:00,229.5,10.1,2318,217.0,10.1,2192,25886,16515,49.8,655.0
Station_01,Inv_00,20170811,09:01:00,228.5,9.9,2262,215.0,10.0,2150,25886,16515,50.2,644.0
Station_01,Inv_00,20170811,09:02:00,223.5,10.4,2324,215.0,10.3,2215,25886,16515,49.5,652.0
Station_01,Inv_00,20170811,09:03:00,226.5,9.2,2084,215.0,9.0,1935,25886,16515,49.7,581.0
Station_01,Inv_00,20170811,09:04:00,229.9,10.5,2414,215.0,10.5,2258,25886,16515,49.0,635.0
Station_01,Inv_00,20170811,09:05:00,229.0,11.6,2656,215.0,11.6,2494,25886,16515,49.2,721.0
Station_01,Inv_00,20170811,09:06:00,228.5,9.6,2193,215.0,9.8,2107,25886,16515,49.3,608.0
Station_01,Inv_00,20170811,09:07:00,229.5,5.3,1216,212.0,5.2,1102,25886,16515,46.9,344.0
Station_01,Inv_00,20170811,09:08:00,224.0,4.6,1030,212.0,4.6,975,25886,16515,47.2,383.0
Station_01,Inv_00,20170811,09:09:00,231.9,4.0,928,212.0,4.0,848,25886,16515,45.7,271.0
Station_01,Inv_00,20170811,09:10:00,231.8,9.6,2225,213.0,10.3,2194,25886,16515,45.4,414.0
Station_01,Inv_00,20170811,09:11:00,227.4,11.5,2615,212.0,11.1,2353,25886,16515,47.4,611.0
Station_01,Inv_00,20170811,09:12:00,228.5,11.5,2628,213.0,11.6,2471,25886,16515,49.6,730.0
Station_01,Inv_00,20170811,09:13:00,228.5,11.1,2536,215.0,11.1,2387,25886,16515,50.9,706.0
Station_01,Inv_00,20170811,09:14:00,225.0,11.4,2565,212.0,11.3,2396,25887,16516,52.7,707.0
Station_01,Inv_00,20170811,09:15:00,218.4,8.3,1813,211.0,9.1,1920,25887,16516,53.1,660.0
Station_01,Inv_00,20170811,09:16:00,226.0,3.4,768,210.0,3.6,756,25887,16516,52.0,289.0
Station_01,Inv_00,20170811,09:17:00,228.0,2.8,638,210.0,3.0,630,25887,16516,50.7,201.0
Station_01,Inv_00,20170811,09:18:00,225.5,6.3,1421,211.0,6.1,1287,25887,16516,49.1,277.0
Station_01,Inv_00,20170811,09:19:00,224.5,10.0,2245,212.0,10.1,2141,25887,16516,49.9,623.0
Station_01,Inv_00,20170811,09:20:00,230.0,10.3,2369,212.0,10.6,2247,25887,16516,51.3,655.0
Station_01,Inv_00,20170811,09:21:00,225.9,10.8,2440,212.0,10.8,2290,25887,16516,52.3,675.0
Station_01,Inv_00,20170811,09:22:00,222.5,11.3,2514,213.0,11.1,2364,25887,16516,51.9,703.0
Station_01,Inv_00,20170811,09:23:00,228.5,11.3,2582,212.0,11.3,2396,25887,16516,52.7,714.0
Station_01,Inv_00,20170811,09:24:00,223.5,11.7,2615,212.0,11.6,2459,25887,16516,52.5,736.0
Station_01,Inv_00,20170811,09:25:00,225.5,11.7,2638,212.0,11.7,2480,25887,16516,54.1,748.0
Station_01,Inv_00,20170811,09:26:00,224.4,4.8,1077,211.0,4.6,971,25887,16516,51.2,340.0
Station_01,Inv_00,20170811,09:27:00,226.0,9.5,2147,212.0,9.2,1950,25887,16516,50.0,502.0
Station_01,Inv_00,20170811,09:28:00,217.0,11.7,2539,212.0,11.2,2374,25887,16516,49.7,688.0
Station_01,Inv_00,20170811,09:29:00,225.5,5.6,1263,211.0,5.5,1161,25887,16516,49.2,324.0
Station_01,Inv_00,20170811,09:30:00,227.0,11.4,2587,212.0,11.5,2438,25887,16516,50.3,716.0
Station_01,Inv_00,20170811,09:31:00,226.5,11.8,2672,212.0,11.9,2523,25887,16516,49.7,751.0
Station_01,Inv_00,20170811,09:32:00,221.5,12.3,2724,212.0,12.2,2586,25887,16516,51.5,764.0
Station_01,Inv_00,20170811,09:33:00,224.0,12.5,2800,211.0,12.4,2616,25887,16516,51.1,791.0
Station_01,Inv_00,20170811,09:34:00,223.0,12.4,2765,211.0,12.3,2595,25887,16516,52.2,782.0
Station_01,Inv_00,20170811,09:35:00,225.5,7.9,1781,211.0,7.5,1583,25887,16516,52.1,586.0
Station_01,Inv_00,20170811,09:36:00,224.9,11.1,2496,211.0,11.2,2363,25887,16516,51.8,713.0
Station_01,Inv_00,20170811,09:37:00,221.4,12.1,2679,212.0,12.0,2544,25887,16516,53.5,773.0
Station_01,Inv_00,20170811,09:38:00,227.0,5.4,1226,211.0,5.1,1076,25887,16516,51.8,377.0
Station_01,Inv_00,20170811,09:39:00,226.5,11.9,2695,212.0,11.9,2523,25887,16516,52.8,745.0
Station_01,Inv_00,20170811,09:40:00,215.5,13.1,2823,212.0,12.5,2650,25887,16516,55.6,797.0
Station_01,Inv_00,20170811,09:41:00,217.0,12.9,2799,212.0,12.4,2629,25888,16517,55.9,799.0
Station_01,Inv_00,20170811,09:42:00,220.5,12.9,2844,212.0,12.6,2671,25888,16517,57.7,800.0
Station_01,Inv_00,20170811,09:43:00,214.0,13.4,2867,212.0,12.6,2671,25888,16517,57.6,830.0
Station_01,Inv_00,20170811,09:44:00,216.5,7.5,1624,212.0,7.3,1548,25888,16517,58.2,608.0
Station_01,Inv_00,20170811,09:45:00,219.9,13.3,2925,212.0,12.9,2735,25888,16517,58.8,845.0
Station_01,Inv_00,20170811,09:46:00,216.5,13.3,2879,212.0,12.9,2735,25888,16517,59.3,840.0
Station_01,Inv_00,20170811,09:47:00,214.5,13.4,2874,212.0,12.7,2692,25888,16517,60.2,832.0
Station_01,Inv_00,20170811,09:48:00,215.5,13.5,2909,212.0,12.9,2735,25888,16517,60.3,847.0
Station_01,Inv_00,20170811,09:49:00,215.0,13.2,2838,212.0,12.6,2671,25888,16517,59.5,841.0
Station_01,Inv_00,20170811,09:50:00,216.5,12.5,2706,211.0,12.0,2532,25888,16517,59.5,794.0
Station_01,Inv_00,20170811,09:51:00,207.5,13.8,2863,212.0,12.7,2692,25888,16517,60.1,830.0
Station_01,Inv_00,20170811,09:52:00,193.1,7.5,1449,211.0,7.1,1498,25888,16517,59.9,824.0
Station_01,Inv_00,20170811,09:53:00,214.0,13.8,2953,212.0,13.1,2777,25888,16517,58.8,673.0
Station_01,Inv_00,20170811,09:54:00,215.0,13.7,2945,212.0,13.1,2777,25888,16517,59.0,858.0
Station_01,Inv_00,20170811,09:55:00,219.0,13.6,2978,211.0,13.2,2785,25888,16517,57.6,879.0
Station_01,Inv_00,20170811,09:56:00,209.0,14.3,2989,212.0,13.2,2798,25888,16517,56.2,883.0
Station_01,Inv_00,20170811,09:57:00,205.5,14.3,2938,211.0,12.9,2722,25888,16517,56.8,892.0
Station_01,Inv_00,20170811,09:58:00,212.5,14.7,3124,212.0,13.7,2904,25888,16517,56.7,894.0
Station_01,Inv_00,20170811,09:59:00,212.0,5.5,1166,210.0,5.2,1092,25888,16517,55.8,444.0
Station_01,Inv_00,20170811,10:00:00,222.0,4.6,1021,210.0,4.5,945,25888,16517,52.5,324.0
Station_01,Inv_00,20170811,10:01:00,219.5,4.2,922,211.0,4.1,865,25888,16517,53.0,296.0
Station_01,Inv_00,20170811,10:02:00,229.9,10.1,2322,211.0,8.7,1836,25888,16517,51.2,597.0
Station_01,Inv_00,20170811,10:03:00,219.0,14.3,3132,212.0,13.9,2947,25888,16517,53.7,895.0
Station_01,Inv_00,20170811,10:04:00,220.5,14.0,3087,212.0,13.7,2904,25888,16517,56.2,908.0
Station_01,Inv_00,20170811,10:05:00,217.0,14.2,3081,211.0,13.6,2870,25889,16517,57.4,895.0
Station_01,Inv_00,20170811,10:06:00,215.0,14.5,3117,212.0,13.9,2947,25889,16517,58.7,913.0
Station_01,Inv_00,20170811,10:07:00,214.0,14.9,3189,212.0,14.1,2989,25889,16517,59.7,939.0
Station_01,Inv_00,20170811,10:08:00,207.5,15.1,3133,211.0,13.9,2933,25889,16517,62.0,932.0
Station_01,Inv_00,20170811,10:09:00,214.5,14.3,3067,211.0,13.6,2870,25889,16517,62.1,913.0
Station_01,Inv_00,20170811,10:10:00,214.0,14.6,3124,210.0,13.9,2919,25889,16517,62.6,928.0
Station_01,Inv_00,20170811,10:11:00,214.0,13.9,2975,211.0,13.2,2785,25889,16517,62.9,884.0
Station_01,Inv_00,20170811,10:12:00,219.5,3.8,834,210.0,3.7,777,25889,16517,59.4,286.0
Station_01,Inv_00,20170811,10:13:00,219.0,3.9,854,210.0,3.9,819,25889,16517,56.9,262.0
Station_01,Inv_00,20170811,10:14:00,216.0,4.1,886,210.0,4.0,840,25889,16517,55.7,267.0
Station_01,Inv_00,20170811,10:15:00,210.0,15.6,3276,210.0,14.5,3045,25889,16517,54.9,822.0
Station_01,Inv_00,20170811,10:16:00,215.5,15.2,3275,210.0,14.7,3087,25889,16517,57.3,959.0
Station_01,Inv_00,20170811,10:17:00,212.9,6.0,1277,210.0,5.6,1176,25889,16517,56.5,437.0
Station_01,Inv_00,20170811,10:18:00,224.9,14.2,3194,210.0,14.2,2982,25889,16517,56.3,771.0
Station_01,Inv_00,20170811,10:19:00,217.0,16.0,3472,211.0,15.4,3249,25889,16517,58.6,979.0
Station_01,Inv_00,20170811,10:20:00,217.5,13.7,2980,210.0,13.0,2730,25889,16517,56.8,718.0
Station_01,Inv_00,20170811,10:21:00,228.0,4.1,935,210.0,4.1,861,25889,16517,56.4,339.0
Station_01,Inv_00,20170811,10:22:00,221.0,3.4,751,210.0,3.5,735,25889,16517,53.9,240.0
Station_01,Inv_00,20170811,10:23:00,220.0,3.3,726,210.0,3.3,693,25889,16517,52.9,220.0
Station_01,Inv_00,20170811,10:24:00,220.5,3.4,750,210.0,3.4,714,25889,16517,50.8,223.0
Station_01,Inv_00,20170811,10:25:00,220.0,3.4,748,210.0,3.4,714,25889,16517,49.0,228.0
Station_01,Inv_00,20170811,10:26:00,224.4,3.4,763,210.0,3.4,714,25889,16517,48.3,224.0
Station_01,Inv_00,20170811,10:27:00,220.5,3.5,772,210.0,3.5,735,25889,16517,47.5,228.0
Station_01,Inv_00,20170811,10:28:00,231.0,3.6,832,210.0,3.7,777,25889,16517,46.6,239.0
Station_01,Inv_00,20170811,10:29:00,229.5,3.8,872,210.0,3.9,819,25889,16517,44.9,253.0
Station_01,Inv_00,20170811,10:30:00,232.0,4.2,974,210.0,4.3,903,25889,16517,44.8,276.0
Station_01,Inv_00,20170811,10:31:00,231.5,13.5,3125,211.0,14.0,2954,25889,16517,46.7,735.0
Station_01,Inv_00,20170811,10:32:00,236.5,8.0,1892,211.0,8.0,1688,25889,16517,46.8,471.0
Station_01,Inv_00,20170811,10:33:00,240.4,10.8,2596,210.0,11.2,2352,25889,16517,49.0,612.0
Station_01,Inv_00,20170811,10:34:00,228.5,12.5,2856,211.0,12.8,2701,25889,16517,50.5,825.0
Station_01,Inv_00,20170811,10:35:00,228.5,10.8,2468,210.0,11.1,2331,25889,16517,51.0,720.0
Station_01,Inv_00,20170811,10:36:00,227.5,10.0,2275,211.0,10.3,2173,25890,16518,51.0,665.0
Station_01,Inv_00,20170811,10:37:00,224.4,7.9,1773,210.0,7.9,1659,25890,16518,50.8,555.0
Station_01,Inv_00,20170811,10:38:00,224.0,14.2,3181,212.0,14.1,2989,25890,16518,52.8,866.0
Station_01,Inv_00,20170811,10:39:00,220.5,14.3,3153,210.0,14.1,2961,25890,16518,54.0,900.0
Station_01,Inv_00,20170811,10:40:00,215.5,15.8,3405,211.0,15.1,3186,25890,16518,56.7,984.0
Station_01,Inv_00,20170811,10:41:00,212.5,15.1,3209,211.0,14.3,3017,25890,16518,59.0,952.0
Station_01,Inv_00,20170811,10:42:00,223.5,4.2,939,210.0,4.1,861,25890,16518,55.8,312.0
Station_01,Inv_00,20170811,10:43:00,217.5,4.0,870,210.0,3.9,819,25890,16518,53.7,266.0
Station_01,Inv_00,20170811,10:44:00,218.5,4.0,874,210.0,3.9,819,25890,16518,51.9,260.0
Station_01,Inv_00,20170811,10:45:00,227.5,4.2,955,210.0,4.1,861,25890,16518,51.2,274.0
Station_01,Inv_00,20170811,10:46:00,221.0,8.0,1768,210.0,7.7,1617,25890,16518,51.1,352.0
Station_01,Inv_00,20170811,10:47:00,218.0,5.7,1243,210.0,5.4,1134,25890,16518,50.2,400.0
Station_01,Inv_00,20170811,10:48:00,231.5,4.2,972,210.0,4.3,903,25890,16518,48.5,293.0
Station_01,Inv_00,20170811,10:49:00,231.0,4.0,924,210.0,4.0,840,25890,16518,48.1,260.0
Station_01,Inv_00,20170811,10:50:00,230.5,3.9,899,210.0,4.0,840,25890,16518,47.8,254.0
Station_01,Inv_00,20170811,10:51:00,233.5,3.8,887,210.0,3.9,819,25890,16518,46.6,249.0
Station_01,Inv_00,20170811,10:52:00,226.0,3.8,859,210.0,4.0,840,25890,16518,45.0,255.0
Station_01,Inv_00,20170811,10:53:00,234.0,4.2,983,210.0,4.3,903,25890,16518,45.5,274.0
Station_01,Inv_00,20170811,10:54:00,236.0,4.6,1085,209.0,4.9,1024,25890,16518,45.2,300.0
Station_01,Inv_00,20170811,10:55:00,229.5,9.5,2181,210.0,9.7,2037,25890,16518,47.5,696.0
Station_01,Inv_00,20170811,10:56:00,235.4,5.0,1177,210.0,5.1,1071,25890,16518,46.2,334.0
Station_01,Inv_00,20170811,10:57:00,231.4,5.2,1203,210.0,5.5,1155,25890,16518,45.3,340.0
Station_01,Inv_00,20170811,10:58:00,233.5,12.8,2989,210.0,12.7,2667,25890,16518,46.4,606.0
Station_01,Inv_00,20170811,10:59:00,225.5,15.1,3405,210.0,15.2,3192,25890,16518,50.1,937.0
Station_01,Inv_00,20170811,11:00:00,225.5,14.8,3337,210.0,14.9,3129,25890,16518,52.7,906.0
Station_01,Inv_00,20170811,11:01:00,201.5,7.1,1431,210.0,6.7,1407,25890,16518,54.1,685.0
Station_01,Inv_00,20170811,11:02:00,209.0,6.1,1275,210.0,5.6,1176,25890,16518,52.4,449.0
Station_01,Inv_00,20170811,11:03:00,228.0,4.8,1094,210.0,4.9,1029,25890,16518,50.6,321.0
Station_01,Inv_00,20170811,11:04:00,232.0,4.2,974,210.0,4.3,903,25890,16518,48.9,282.0
Station_01,Inv_00,20170811,11:05:00,228.5,3.6,823,210.0,3.7,777,25890,16518,47.5,246.0
Station_01,Inv_00,20170811,11:06:00,232.8,3.2,745,210.0,3.5,735,25890,16518,47.4,225.0
Station_01,Inv_00,20170811,11:07:00,228.0,3.1,707,209.0,3.2,669,25890,16518,46.5,210.0
Station_01,Inv_00,20170811,11:08:00,226.3,3.0,679,209.0,3.1,648,25890,16518,45.3,202.0
Station_01,Inv_00,20170811,11:09:00,232.5,3.1,721,209.0,3.2,669,25890,16518,44.6,207.0
Station_01,Inv_00,20170811,11:10:00,233.3,3.2,747,210.0,3.5,735,25890,16518,43.7,220.0
Station_01,Inv_00,20170811,11:11:00,231.5,3.5,810,209.0,3.8,794,25890,16518,42.4,236.0
Station_01,Inv_00,20170811,11:12:00,228.0,3.9,889,210.0,4.0,840,25890,16518,42.5,257.0
Station_01,Inv_00,20170811,11:13:00,236.5,4.2,993,209.0,4.4,920,25890,16518,42.6,279.0
Station_01,Inv_00,20170811,11:14:00,234.9,4.4,1034,209.0,4.6,961,25890,16518,42.9,296.0
Station_01,Inv_00,20170811,11:15:00,234.0,6.3,1474,210.0,6.4,1344,25890,16518,42.3,361.0
Station_01,Inv_00,20170811,11:16:00,236.5,11.8,2790,210.0,12.5,2625,25891,16518,44.3,619.0
Station_01,Inv_00,20170811,11:17:00,232.9,8.9,2073,210.0,9.4,1974,25891,16518,45.9,698.0
Station_01,Inv_00,20170811,11:18:00,230.0,11.1,2553,210.0,11.3,2373,25891,16518,47.2,728.0
Station_01,Inv_00,20170811,11:19:00,227.5,10.7,2434,210.0,11.0,2310,25891,16518,48.3,736.0
Station_01,Inv_00,20170811,11:20:00,230.5,11.5,2651,210.0,12.0,2520,25891,16518,49.0,764.0
Station_01,Inv_00,20170811,11:21:00,228.5,10.8,2468,210.0,11.6,2436,25891,16518,50.1,650.0
Station_01,Inv_00,20170811,11:22:00,229.5,10.9,2501,210.0,11.3,2373,25891,16518,51.0,705.0
Station_01,Inv_00,20170811,11:23:00,229.5,5.1,1170,209.0,5.1,1066,25891,16518,50.1,359.0
Station_01,Inv_00,20170811,11:24:00,230.9,4.6,1062,209.0,4.6,961,25891,16518,48.6,306.0
Station_01,Inv_00,20170811,11:25:00,223.0,4.7,1048,209.0,4.7,982,25891,16518,47.6,310.0
Station_01,Inv_00,20170811,11:26:00,228.5,5.4,1234,210.0,5.4,1134,25891,16518,47.6,338.0
Station_01,Inv_00,20170811,11:27:00,233.0,6.2,1445,210.0,6.3,1323,25891,16518,47.8,385.0
Station_01,Inv_00,20170811,11:28:00,227.5,13.9,3162,210.0,14.1,2961,25891,16518,49.9,859.0
Station_01,Inv_00,20170811,11:29:00,224.0,14.3,3203,210.0,14.4,3024,25891,16518,51.7,915.0
Station_01,Inv_00,20170811,11:30:00,214.0,14.1,3017,210.0,13.4,2814,25891,16518,54.0,885.0
Station_01,Inv_00,20170811,11:31:00,220.9,6.4,1414,210.0,6.2,1302,25891,16518,53.7,444.0
Station_01,Inv_00,20170811,11:32:00,225.4,5.8,1308,209.0,5.9,1233,25891,16518,51.6,376.0
Station_01,Inv_00,20170811,11:33:00,226.5,12.9,2922,210.0,13.1,2751,25891,16518,52.2,660.0
Station_01,Inv_00,20170811,11:34:00,226.4,6.6,1494,209.0,6.7,1400,25891,16518,52.3,489.0
Station_01,Inv_00,20170811,11:35:00,217.5,8.4,1827,210.0,8.5,1785,25891,16518,51.9,634.0
Station_01,Inv_00,20170811,11:36:00,224.9,7.0,1575,209.0,7.2,1505,25891,16518,52.2,445.0
Station_01,Inv_00,20170811,11:37:00,225.5,7.4,1668,210.0,7.5,1575,25891,16518,51.2,451.0
Station_01,Inv_00,20170811,11:38:00,225.0,6.6,1485,210.0,6.7,1407,25891,16518,51.5,451.0
Station_01,Inv_00,20170811,11:39:00,230.5,6.3,1452,210.0,6.4,1344,25891,16518,51.0,397.0
Station_01,Inv_00,20170811,11:40:00,226.9,6.2,1407,209.0,6.3,1317,25891,16518,51.0,393.0
Station_01,Inv_00,20170811,11:41:00,231.5,6.4,1482,210.0,6.6,1386,25891,16518,49.9,401.0
Station_01,Inv_00,20170811,11:42:00,233.5,10.7,2499,210.0,11.0,2310,25891,16518,48.5,508.0
Station_01,Inv_00,20170811,11:43:00,229.0,15.6,3572,210.0,16.0,3360,25891,16518,51.4,987.0
Station_01,Inv_00,20170811,11:44:00,218.5,6.1,1333,210.0,6.0,1260,25891,16518,52.4,658.0
Station_01,Inv_00,20170811,11:45:00,228.0,4.0,912,210.0,4.1,861,25891,16518,50.6,277.0
Station_01,Inv_00,20170811,11:46:00,229.5,3.3,757,210.0,3.5,735,25891,16518,48.3,225.0
Station_01,Inv_00,20170811,11:47:00,227.9,3.2,729,210.0,3.3,693,25892,16519,45.9,215.0
Station_01,Inv_00,20170811,11:48:00,235.4,3.1,730,210.0,3.3,693,25892,16519,44.8,213.0
Station_01,Inv_00,20170811,11:49:00,228.5,3.2,731,210.0,3.3,693,25892,16519,44.0,213.0
Station_01,Inv_00,20170811,11:50:00,228.5,3.4,777,210.0,3.6,756,25892,16519,42.4,224.0
Station_01,Inv_00,20170811,11:51:00,234.0,3.9,913,210.0,4.1,861,25892,16519,41.8,254.0
Station_01,Inv_00,20170811,11:52:00,234.5,13.7,3213,211.0,14.2,2996,25892,16519,43.3,610.0
Station_01,Inv_00,20170811,11:53:00,210.0,8.4,1764,210.0,7.9,1659,25892,16519,45.9,840.0
Station_01,Inv_00,20170811,11:54:00,229.4,13.9,3188,211.0,14.0,2954,25892,16519,48.4,834.0
Station_01,Inv_00,20170811,11:55:00,213.0,15.6,3322,211.0,14.8,3123,25892,16519,50.7,962.0
Station_01,Inv_00,20170811,11:56:00,219.5,6.2,1361,211.0,6.0,1266,25892,16519,50.0,473.0
Station_01,Inv_00,20170811,11:57:00,229.9,5.8,1333,211.0,5.9,1245,25892,16519,49.0,393.0
Station_01,Inv_00,20170811,11:58:00,228.0,5.8,1322,211.0,5.7,1203,25892,16519,48.0,376.0
Station_01,Inv_00,20170811,11:59:00,229.5,6.5,1492,212.0,6.6,1399,25892,16519,46.6,412.0
Station_01,Inv_00,20170811,12:00:00,232.5,14.2,3301,213.0,14.4,3067,25892,16519,48.7,689.0
Station_01,Inv_00,20170811,12:01:00,210.9,8.1,1709,212.0,7.6,1611,25892,16519,49.4,747.0
Station_01,Inv_00,20170811,12:02:00,214.5,8.5,1823,210.0,8.5,1785,25892,16519,50.5,741.0
Station_01,Inv_00,20170811,12:03:00,232.0,6.3,1462,210.0,6.7,1407,25892,16519,49.8,425.0
Station_01,Inv_00,20170811,12:04:00,229.0,12.3,2817,210.0,11.5,2415,25892,16519,49.1,510.0
Station_01,Inv_00,20170811,12:05:00,226.5,16.6,3760,211.0,16.6,3503,25892,16519,51.7,1069.0
Station_01,Inv_00,20170811,12:06:00,224.0,9.0,2016,210.0,8.9,1869,25892,16519,50.9,565.0
Station_01,Inv_00,20170811,12:07:00,224.5,15.2,3412,211.0,15.2,3207,25892,16519,52.0,978.0
Station_01,Inv_00,20170811,12:08:00,218.0,15.8,3444,211.0,15.2,3207,25892,16519,54.5,999.0
Station_01,Inv_00,20170811,12:09:00,220.0,14.7,3234,211.0,14.4,3038,25892,16519,55.5,969.0
Station_01,Inv_00,20170811,12:10:00,218.0,15.6,3400,212.0,15.0,3180,25892,16519,55.5,988.0
Station_01,Inv_00,20170811,12:11:00,216.0,16.2,3499,211.0,15.5,3271,25892,16519,57.3,1027.0
Station_01,Inv_00,20170811,12:12:00,217.5,15.8,3436,211.0,15.3,3228,25892,16519,57.5,994.0
Station_01,Inv_00,20170811,12:13:00,208.0,16.2,3370,211.0,15.0,3165,25893,16520,59.8,1002.0
Station_01,Inv_00,20170811,12:14:00,211.0,16.9,3566,211.0,15.5,3271,25893,16520,59.9,943.0
Station_01,Inv_00,20170811,12:15:00,210.4,16.2,3408,211.0,14.9,3144,25893,16520,60.5,1032.0
Station_01,Inv_00,20170811,12:16:00,212.5,14.8,3145,210.0,14.0,2940,25893,16520,61.3,953.0
Station_01,Inv_00,20170811,12:17:00,218.5,6.2,1355,212.0,6.0,1272,25893,16520,57.5,428.0
Station_01,Inv_00,20170811,12:18:00,211.0,10.6,2237,212.0,9.2,1950,25893,16520,56.4,608.0
Station_01,Inv_00,20170811,12:19:00,218.5,11.3,2469,213.0,10.9,2322,25893,16520,56.7,720.0
Station_01,Inv_00,20170811,12:20:00,213.0,11.4,2428,213.0,10.8,2300,25893,16520,55.5,708.0
Station_01,Inv_00,20170811,12:21:00,220.0,9.4,2068,213.0,9.1,1938,25893,16520,55.8,595.0
Station_01,Inv_00,20170811,12:22:00,217.0,5.5,1194,213.0,5.2,1108,25893,16520,53.8,355.0
Station_01,Inv_00,20170811,12:23:00,222.0,6.4,1421,212.0,6.2,1314,25893,16520,52.2,435.0
Station_01,Inv_00,20170811,12:24:00,224.5,5.4,1212,212.0,5.4,1145,25893,16520,50.8,415.0
Station_01,Inv_00,20170811,12:25:00,223.5,10.0,2235,213.0,9.8,2087,25893,16520,51.4,539.0
Station_01,Inv_00,20170811,12:26:00,228.5,6.1,1394,212.0,6.1,1293,25893,16520,49.9,420.0
Station_01,Inv_00,20170811,12:27:00,221.0,11.6,2564,213.0,11.5,2450,25893,16520,51.0,703.0
Station_01,Inv_00,20170811,12:28:00,221.5,13.0,2879,212.0,12.8,2714,25893,16520,52.3,830.0
Station_01,Inv_00,20170811,12:29:00,220.3,10.6,2335,212.0,10.6,2247,25893,16520,52.7,737.0
Station_01,Inv_00,20170811,12:30:00,227.5,7.2,1638,212.0,7.3,1548,25893,16520,51.5,477.0
Station_01,Inv_00,20170811,12:31:00,227.5,6.0,1365,212.0,6.0,1272,25893,16520,50.5,392.0
Station_01,Inv_00,20170811,12:32:00,229.0,6.1,1397,213.0,6.2,1321,25893,16520,50.0,399.0
Station_01,Inv_00,20170811,12:33:00,228.0,12.0,2736,213.0,12.2,2599,25893,16520,51.2,670.0
Station_01,Inv_00,20170811,12:34:00,226.9,12.8,2905,213.0,12.8,2726,25893,16520,52.5,803.0
Station_01,Inv_00,20170811,12:35:00,225.4,13.9,3133,213.0,13.8,2939,25893,16520,53.8,867.0
Station_01,Inv_00,20170811,12:36:00,226.9,8.8,1997,212.0,9.0,1908,25893,16520,52.0,538.0
Station_01,Inv_00,20170811,12:37:00,221.0,8.8,1945,213.0,8.8,1874,25893,16520,52.5,583.0
Station_01,Inv_00,20170811,12:38:00,224.0,11.9,2666,213.0,11.7,2492,25893,16520,53.0,685.0
Station_01,Inv_00,20170811,12:39:00,221.0,11.2,2475,213.0,10.9,2322,25893,16520,54.0,676.0
Station_01,Inv_00,20170811,12:40:00,223.0,11.9,2654,213.0,11.8,2513,25893,16520,54.0,745.0
Station_01,Inv_00,20170811,12:41:00,225.5,12.8,2886,212.0,12.8,2714,25894,16520,54.8,814.0
Station_01,Inv_00,20170811,12:42:00,221.5,13.1,2902,213.0,12.9,2748,25894,16520,56.6,835.0
Station_01,Inv_00,20170811,12:43:00,220.0,13.4,2948,213.0,12.9,2748,25894,16520,56.9,830.0
Station_01,Inv_00,20170811,12:44:00,221.4,5.4,1196,212.0,5.3,1124,25894,16520,56.2,413.0
Station_01,Inv_00,20170811,12:45:00,227.5,5.4,1229,212.0,5.5,1166,25894,16520,53.1,360.0
Station_01,Inv_00,20170811,12:46:00,230.4,11.1,2558,212.0,10.6,2247,25894,16520,53.7,612.0
Station_01,Inv_00,20170811,12:47:00,221.5,13.6,3012,213.0,13.3,2833,25894,16520,55.6,823.0
Station_01,Inv_00,20170811,12:48:00,222.0,12.7,2819,213.0,12.4,2641,25894,16520,55.3,785.0
Station_01,Inv_00,20170811,12:49:00,215.0,11.4,2451,212.0,11.1,2353,25894,16520,56.9,770.0
Station_01,Inv_00,20170811,12:50:00,216.0,12.1,2613,213.0,11.1,2364,25894,16520,56.1,652.0
Station_01,Inv_00,20170811,12:51:00,215.5,12.7,2737,213.0,12.0,2556,25894,16520,56.5,785.0
Station_01,Inv_00,20170811,12:52:00,223.5,11.5,2570,213.0,11.4,2428,25894,16520,57.3,748.0
Station_01,Inv_00,20170811,12:53:00,218.0,12.4,2703,213.0,11.9,2535,25894,16520,57.8,780.0
Station_01,Inv_00,20170811,12:54:00,222.0,11.9,2642,213.0,11.8,2513,25894,16520,57.5,753.0
Station_01,Inv_00,20170811,12:55:00,211.9,13.1,2776,212.0,12.3,2608,25894,16520,57.7,758.0
Station_01,Inv_00,20170811,12:56:00,214.5,13.5,2896,212.0,12.8,2714,25894,16520,57.1,741.0
Station_01,Inv_00,20170811,12:57:00,220.0,13.3,2926,212.0,12.9,2735,25894,16520,57.5,835.0
Station_01,Inv_00,20170811,12:58:00,217.0,13.1,2843,211.0,12.7,2680,25894,16520,59.2,827.0
Station_01,Inv_00,20170811,12:59:00,220.0,13.3,2926,211.0,12.9,2722,25894,16520,59.9,837.0
Station_01,Inv_00,20170811,13:00:00,212.5,13.3,2826,211.0,12.6,2659,25894,16520,59.6,833.0
Station_01,Inv_00,20170811,13:01:00,221.0,12.9,2851,211.0,12.6,2659,25894,16520,58.9,811.0
Station_01,Inv_00,20170811,13:02:00,218.0,13.4,2921,210.0,13.0,2730,25894,16520,58.0,834.0
Station_01,Inv_00,20170811,13:03:00,210.0,14.9,3129,210.0,13.9,2919,25894,16520,59.2,898.0
Station_01,Inv_00,20170811,13:04:00,219.5,14.0,3073,210.0,13.7,2877,25895,16521,59.6,886.0
Station_01,Inv_00,20170811,13:05:00,220.4,13.7,3020,212.0,13.3,2820,25895,16521,59.8,874.0
Station_01,Inv_00,20170811,13:06:00,217.0,13.8,2995,212.0,13.2,2798,25895,16521,59.6,870.0
Station_01,Inv_00,20170811,13:07:00,219.0,13.6,2978,213.0,13.0,2769,25895,16521,60.0,875.0
Station_01,Inv_00,20170811,13:08:00,215.5,14.5,3125,213.0,13.8,2939,25895,16521,60.5,905.0
Station_01,Inv_00,20170811,13:09:00,214.5,14.4,3089,212.0,13.6,2883,25895,16521,61.6,902.0
Station_01,Inv_00,20170811,13:10:00,211.0,14.5,3060,213.0,13.4,2854,25895,16521,62.0,901.0
Station_01,Inv_00,20170811,13:11:00,210.5,13.8,2904,213.0,12.8,2726,25895,16521,62.5,864.0
Station_01,Inv_00,20170811,13:12:00,212.0,14.1,2989,213.0,13.1,2790,25895,16521,62.4,858.0
Station_01,Inv_00,20170811,13:13:00,209.5,15.0,3142,213.0,13.9,2961,25895,16521,61.5,927.0
Station_01,Inv_00,20170811,13:14:00,215.0,14.1,3032,212.0,13.4,2841,25895,16521,61.0,898.0
Station_01,Inv_00,20170811,13:15:00,213.5,14.6,3117,213.0,13.8,2939,25895,16521,62.4,918.0
Station_01,Inv_00,20170811,13:16:00,214.5,14.6,3132,212.0,13.8,2926,25895,16521,62.5,916.0
Station_01,Inv_00,20170811,13:17:00,212.0,14.7,3116,212.0,13.8,2926,25895,16521,62.8,922.0
Station_01,Inv_00,20170811,13:18:00,211.0,14.9,3144,213.0,13.8,2939,25895,16521,63.9,918.0
Station_01,Inv_00,20170811,13:19:00,212.0,14.6,3095,213.0,13.7,2918,25895,16521,63.0,918.0
Station_01,Inv_00,20170811,13:20:00,214.0,14.3,3060,212.0,13.5,2862,25895,16521,63.2,905.0
Station_01,Inv_00,20170811,13:21:00,208.5,14.7,3065,213.0,13.5,2876,25895,16521,61.6,901.0
Station_01,Inv_00,20170811,13:22:00,211.0,14.6,3081,212.0,13.5,2862,25895,16521,64.5,901.0
Station_01,Inv_00,20170811,13:23:00,210.0,14.6,3065,213.0,13.5,2876,25896,16522,63.5,906.0
Station_01,Inv_00,20170811,13:24:00,211.0,15.2,3207,213.0,14.1,3003,25896,16522,64.5,937.0
Station_01,Inv_00,20170811,13:25:00,208.5,15.5,3232,212.0,14.2,3010,25896,16522,63.5,947.0
Station_01,Inv_00,20170811,13:26:00,190.5,7.4,1410,211.0,6.5,1372,25896,16522,63.7,792.0
Station_01,Inv_00,20170811,13:27:00,209.0,15.7,3281,212.0,14.4,3053,25896,16522,62.3,904.0
Station_01,Inv_00,20170811,13:28:00,209.9,14.7,3085,212.0,13.1,2777,25896,16522,62.9,807.0
Station_01,Inv_00,20170811,13:29:00,206.0,16.0,3296,212.0,14.4,3053,25896,16522,64.1,964.0
Station_01,Inv_00,20170811,13:30:00,209.9,15.2,3190,212.0,14.2,3010,25896,16522,62.6,971.0
Station_01,Inv_00,20170811,13:31:00,210.0,14.1,2961,212.0,13.2,2798,25896,16522,62.7,909.0
Station_01,Inv_00,20170811,13:32:00,209.4,15.3,3204,212.0,14.1,2989,25896,16522,63.2,932.0
Station_01,Inv_00,20170811,13:33:00,207.5,15.6,3237,212.0,14.3,3032,25896,16522,61.3,950.0
Station_01,Inv_00,20170811,13:34:00,210.5,15.3,3221,212.0,14.2,3010,25896,16522,61.9,943.0
Station_01,Inv_00,20170811,13:35:00,209.5,14.7,3080,212.0,13.6,2883,25896,16522,62.9,904.0
Station_01,Inv_00,20170811,13:36:00,213.5,13.8,2946,211.0,13.0,2743,25896,16522,63.5,859.0
Station_01,Inv_00,20170811,13:37:00,212.4,13.7,2910,212.0,12.9,2735,25896,16522,63.4,857.0
Station_01,Inv_00,20170811,13:38:00,214.0,13.3,2846,212.0,12.6,2671,25896,16522,64.5,839.0
Station_01,Inv_00,20170811,13:39:00,214.0,13.3,2846,212.0,12.6,2671,25896,16522,64.5,839.0
Station_01,Inv_00,20170811,13:40:00,214.0,13.3,2846,212.0,12.6,2671,25896,16522,64.5,839.0
Station_01,Inv_00,20170811,13:41:00,214.0,13.3,2846,212.0,12.6,2671,25896,16522,64.5,839.0
Station_01,Inv_00,20170811,13:42:00,214.0,13.3,2846,212.0,12.6,2671,25896,16522,64.5,839.0
Station_01,Inv_00,20170811,13:43:00,214.0,13.3,2846,212.0,12.6,2671,25896,16522,64.5,839.0
Station_01,Inv_00,20170811,13:44:00,214.0,13.3,2846,212.0,12.6,2671,25896,16522,64.5,839.0
Station_01,Inv_00,20170811,13:45:00,214.0,13.3,2846,212.0,12.6,2671,25896,16522,64.5,839.0
Station_01,Inv_00,20170811,13:46:00,214.0,13.3,2846,212.0,12.6,2671,25896,16522,64.5,839.0
Station_01,Inv_00,20170811,13:47:00,214.0,13.3,2846,212.0,12.6,2671,25896,16522,64.5,839.0
Station_01,Inv_00,20170811,13:48:00,214.0,13.3,2846,212.0,12.6,2671,25896,16522,64.5,839.0
Station_01,Inv_00,20170811,13:49:00,214.0,13.3,2846,212.0,12.6,2671,25896,16522,64.5,839.0
Station_01,Inv_00,20170811,13:50:00,223.5,15.2,3397,212.0,15.0,3180,25897,16522,64.5,910.0
Station_01,Inv_00,20170811,13:51:00,227.0,5.0,1135,211.0,4.9,1034,25897,16522,64.5,348.0
Station_01,Inv_00,20170811,13:52:00,226.5,5.0,1133,211.0,5.0,1055,25897,16522,64.5,329.0
Station_01,Inv_00,20170811,13:53:00,226.5,5.0,1133,211.0,5.0,1055,25897,16522,64.5,329.0
Station_01,Inv_00,20170811,13:54:00,226.5,5.0,1133,211.0,5.0,1055,25897,16522,64.5,329.0
Station_01,Inv_00,20170811,13:55:00,226.5,5.0,1133,211.0,5.0,1055,25897,16522,64.5,329.0
Station_01,Inv_00,20170811,13:56:00,226.5,5.0,1133,211.0,5.0,1055,25897,16522,64.5,329.0
Station_01,Inv_00,20170811,13:57:00,226.5,5.0,1133,211.0,5.0,1055,25897,16522,64.5,329.0
Station_01,Inv_00,20170811,13:58:00,226.5,5.0,1133,211.0,5.0,1055,25897,16522,64.5,329.0
Station_01,Inv_00,20170811,13:59:00,226.5,5.0,1133,211.0,5.0,1055,25897,16522,64.5,329.0
Station_01,Inv_00,20170811,14:00:00,226.5,6.0,1359,210.0,6.0,1260,25897,16522,64.5,392.0
Station_01,Inv_00,20170811,14:01:00,218.5,5.6,1224,211.0,5.6,1182,25897,16522,64.5,364.0
Station_01,Inv_00,20170811,14:02:00,226.5,5.4,1223,211.0,5.4,1139,25897,16522,64.5,349.0
Station_01,Inv_00,20170811,14:03:00,226.8,5.0,1134,211.0,5.1,1076,25897,16522,64.5,330.0
Station_01,Inv_00,20170811,14:04:00,230.0,4.9,1127,211.0,4.9,1034,25897,16522,64.5,318.0
Station_01,Inv_00,20170811,14:05:00,228.0,4.8,1094,211.0,4.9,1034,25897,16522,64.5,315.0
Station_01,Inv_00,20170811,14:06:00,232.5,5.0,1163,210.0,5.1,1071,25897,16522,64.5,322.0
Station_01,Inv_00,20170811,14:07:00,232.5,5.0,1162,211.0,5.2,1097,25897,16522,64.5,328.0
Station_01,Inv_00,20170811,14:08:00,221.0,5.3,1171,211.0,5.1,1076,25897,16522,64.5,340.0
Station_01,Inv_00,20170811,14:09:00,232.5,5.1,1186,211.0,5.1,1076,25897,16522,64.5,331.0
Station_01,Inv_00,20170811,14:10:00,234.0,4.8,1123,211.0,4.9,1034,25897,16522,64.5,313.0
Station_01,Inv_00,20170811,14:11:00,236.9,4.8,1137,211.0,4.9,1034,25897,16522,64.5,314.0
Station_01,Inv_00,20170811,14:12:00,236.9,4.8,1137,211.0,4.9,1034,25897,16522,64.5,313.0
Station_01,Inv_00,20170811,14:13:00,229.5,5.2,1193,211.0,5.1,1076,25897,16522,64.5,325.0
Station_01,Inv_00,20170811,14:14:00,220.5,14.7,3241,212.0,14.2,3010,25897,16522,64.5,736.0
Station_01,Inv_00,20170811,14:15:00,219.9,11.8,2595,211.0,10.9,2300,25897,16522,64.5,825.0
Station_01,Inv_00,20170811,14:16:00,210.5,7.7,1621,211.0,7.8,1646,25897,16522,64.5,673.0
Station_01,Inv_00,20170811,14:17:00,234.4,4.8,1125,211.0,5.1,1076,25897,16522,64.5,332.0
Station_01,Inv_00,20170811,14:18:00,230.4,4.8,1106,211.0,4.9,1034,25897,16522,64.5,316.0
Station_01,Inv_00,20170811,14:19:00,228.5,4.9,1120,211.0,5.0,1055,25897,16522,64.5,315.0
Station_01,Inv_00,20170811,14:20:00,227.5,5.1,1160,211.0,5.1,1076,25898,16523,64.5,318.0
Station_01,Inv_00,20170811,14:21:00,227.5,5.1,1160,211.0,5.1,1076,25898,16523,64.5,318.0
Station_01,Inv_00,20170811,14:22:00,227.5,5.1,1160,211.0,5.1,1076,25898,16523,64.5,318.0
Station_01,Inv_00,20170811,14:23:00,233.9,5.8,1356,211.0,6.0,1266,25898,16523,64.5,364.0
Station_01,Inv_00,20170811,14:24:00,233.5,12.5,2918,212.0,12.8,2714,25898,16523,64.5,669.0
Station_01,Inv_00,20170811,14:25:00,229.5,14.2,3259,212.0,14.4,3053,25898,16523,64.5,858.0
Station_01,Inv_00,20170811,14:26:00,229.5,14.2,3259,212.0,14.4,3053,25898,16523,64.5,858.0
Station_01,Inv_00,20170811,14:27:00,229.5,14.2,3259,212.0,14.4,3053,25898,16523,64.5,858.0
Station_01,Inv_00,20170811,14:28:00,214.9,7.6,1634,211.0,7.5,1583,25898,16523,64.5,671.0
Station_01,Inv_00,20170811,14:29:00,218.0,14.4,3139,211.0,13.9,2933,25898,16523,64.5,861.0
Station_01,Inv_00,20170811,14:30:00,224.8,8.6,1933,211.0,8.5,1794,25898,16523,64.5,600.0
Station_01,Inv_00,20170811,14:31:00,221.0,12.2,2696,212.0,12.0,2544,25898,16523,64.5,857.0
Station_01,Inv_00,20170811,14:32:00,212.5,14.4,3060,212.0,13.5,2862,25898,16523,64.5,888.0
Station_01,Inv_00,20170811,14:33:00,217.0,6.0,1302,211.0,5.8,1224,25898,16523,64.5,393.0
Station_01,Inv_00,20170811,14:34:00,217.0,6.0,1302,211.0,5.8,1224,25898,16523,64.5,391.0
Station_01,Inv_00,20170811,14:35:00,217.0,6.0,1302,211.0,5.8,1224,25898,16523,64.5,391.0
Station_01,Inv_00,20170811,14:36:00,217.0,6.0,1302,211.0,5.8,1224,25898,16523,64.5,391.0
Station_01,Inv_00,20170811,14:37:00,217.0,6.0,1302,211.0,5.8,1224,25898,16523,64.5,391.0
Station_01,Inv_00,20170811,14:38:00,217.0,6.0,1302,211.0,5.8,1224,25898,16523,64.5,391.0
Station_01,Inv_00,20170811,14:39:00,217.0,6.0,1302,211.0,5.8,1224,25898,16523,64.5,391.0
Station_01,Inv_00,20170811,14:41:00,217.0,4.2,911,211.0,4.0,844,25898,16523,49.8,283.0
Station_01,Inv_00,20170811,14:42:00,231.8,3.8,881,211.0,3.9,823,25898,16523,48.4,250.0
Station_01,Inv_00,20170811,14:43:00,232.5,3.8,884,211.0,4.0,844,25898,16523,47.0,249.0
Station_01,Inv_00,20170811,14:44:00,232.0,4.4,1021,211.0,4.4,928,25898,16523,45.9,275.0
Station_01,Inv_00,20170811,14:45:00,234.4,5.0,1172,212.0,5.1,1081,25898,16523,44.7,311.0
Station_01,Inv_00,20170811,14:46:00,233.0,11.7,2726,213.0,12.1,2577,25898,16523,46.5,620.0
Station_01,Inv_00,20170811,14:47:00,236.5,5.6,1324,212.0,6.0,1272,25898,16523,47.4,442.0
Station_01,Inv_00,20170811,14:48:00,231.5,5.8,1343,212.0,6.0,1272,25898,16523,47.3,378.0
Station_01,Inv_00,20170811,14:49:00,231.5,12.9,2986,213.0,13.3,2833,25898,16523,48.8,754.0
Station_01,Inv_00,20170811,14:50:00,212.4,13.0,2762,213.0,12.2,2599,25898,16523,49.8,784.0
Station_01,Inv_00,20170811,14:51:00,224.9,11.1,2496,212.0,10.5,2226,25898,16523,49.7,540.0
Station_01,Inv_00,20170811,14:52:00,222.2,9.4,2089,212.0,9.9,2099,25899,16524,51.6,741.0
Station_01,Inv_00,20170811,14:53:00,222.4,12.0,2669,213.0,11.8,2513,25899,16524,51.6,636.0
Station_01,Inv_00,20170811,14:54:00,225.9,8.5,1920,212.0,8.9,1887,25899,16524,51.5,664.0
Station_01,Inv_00,20170811,14:55:00,228.9,5.0,1145,211.0,5.1,1076,25899,16524,49.9,370.0
Station_01,Inv_00,20170811,14:56:00,227.3,4.8,1091,212.0,4.7,996,25899,16524,49.4,329.0
Station_01,Inv_00,20170811,14:57:00,230.9,7.2,1663,212.0,7.2,1526,25899,16524,50.0,525.0
Station_01,Inv_00,20170811,14:58:00,229.9,11.9,2736,213.0,12.0,2556,25899,16524,51.2,654.0
Station_01,Inv_00,20170811,14:59:00,227.0,12.0,2723,213.0,12.0,2556,25899,16524,53.6,748.0
Station_01,Inv_00,20170811,15:00:00,226.5,5.3,1200,212.0,5.1,1081,25899,16524,51.6,364.0
Station_01,Inv_00,20170811,15:01:00,230.5,5.0,1153,212.0,5.1,1081,25899,16524,50.9,335.0
Station_01,Inv_00,20170811,15:02:00,232.5,5.7,1325,212.0,5.7,1208,25899,16524,49.7,362.0
Station_01,Inv_00,20170811,15:03:00,229.4,5.8,1330,212.0,5.8,1230,25899,16524,49.0,361.0
Station_01,Inv_00,20170811,15:04:00,227.9,6.4,1459,212.0,6.5,1378,25899,16524,49.4,435.0
Station_01,Inv_00,20170811,15:05:00,226.5,12.1,2741,213.0,12.1,2577,25899,16524,51.7,754.0
Station_01,Inv_00,20170811,15:06:00,226.5,12.4,2808,214.0,12.4,2654,25899,16524,53.1,766.0
Station_01,Inv_00,20170811,15:07:00,225.5,5.8,1308,213.0,5.7,1214,25899,16524,52.7,482.0
Station_01,Inv_00,20170811,15:08:00,228.4,5.4,1234,213.0,5.3,1129,25899,16524,51.0,344.0
Station_01,Inv_00,20170811,15:09:00,217.5,5.6,1218,212.0,5.2,1102,25899,16524,50.4,341.0
Station_01,Inv_00,20170811,15:10:00,218.5,5.3,1158,213.0,5.1,1086,25899,16524,49.5,335.0
Station_01,Inv_00,20170811,15:11:00,231.9,5.2,1206,212.0,5.3,1124,25899,16524,48.5,332.0
Station_01,Inv_00,20170811,15:12:00,227.0,8.6,1952,213.0,8.7,1853,25899,16524,48.1,454.0
Station_01,Inv_00,20170811,15:13:00,229.5,10.3,2364,213.0,10.2,2173,25899,16524,48.5,458.0
Station_01,Inv_00,20170811,15:14:00,231.0,5.1,1178,212.0,5.3,1124,25899,16524,48.7,391.0
Station_01,Inv_00,20170811,15:15:00,231.5,4.6,1065,212.0,4.6,975,25899,16524,46.5,303.0
Station_01,Inv_00,20170811,15:16:00,232.0,4.1,951,212.0,4.1,869,25899,16524,45.9,268.0
Station_01,Inv_00,20170811,15:17:00,232.9,4.0,932,212.0,4.1,869,25899,16524,45.9,259.0
Station_01,Inv_00,20170811,15:18:00,227.0,4.1,931,212.0,4.1,869,25899,16524,44.9,264.0
Station_01,Inv_00,20170811,15:19:00,229.5,4.7,1079,212.0,4.6,975,25899,16524,44.7,281.0
Station_01,Inv_00,20170811,15:20:00,228.9,5.3,1213,212.0,5.4,1145,25899,16524,44.5,341.0
Station_01,Inv_00,20170811,15:21:00,233.5,4.8,1121,212.0,5.0,1060,25899,16524,44.5,324.0
Station_01,Inv_00,20170811,15:22:00,232.0,5.3,1230,212.0,5.3,1124,25899,16524,43.4,315.0
Station_01,Inv_00,20170811,15:23:00,233.0,6.8,1584,212.0,7.0,1484,25899,16524,45.5,489.0
Station_01,Inv_00,20170811,15:24:00,234.0,3.6,842,212.0,3.7,784,25899,16524,43.9,249.0
Station_01,Inv_00,20170811,15:25:00,236.5,3.4,804,211.0,3.6,760,25899,16524,43.0,233.0
Station_01,Inv_00,20170811,15:26:00,237.4,3.3,784,211.0,3.5,739,25899,16524,42.4,224.0
Station_01,Inv_00,20170811,15:27:00,234.5,3.4,797,211.0,3.6,760,25899,16524,42.0,231.0
Station_01,Inv_00,20170811,15:28:00,234.5,3.8,891,212.0,4.0,848,25899,16524,41.6,244.0
Station_01,Inv_00,20170811,15:29:00,235.5,4.0,942,212.0,4.1,869,25899,16524,41.1,256.0
Station_01,Inv_00,20170811,15:30:00,240.0,4.0,960,212.0,4.1,869,25899,16524,40.9,262.0
Station_01,Inv_00,20170811,15:31:00,232.0,4.4,1021,212.0,4.6,975,25899,16524,41.1,279.0
Station_01,Inv_00,20170811,15:32:00,235.0,8.1,1903,212.0,8.2,1738,25900,16524,42.4,522.0
Station_01,Inv_00,20170811,15:33:00,233.5,9.9,2312,213.0,10.2,2173,25900,16524,44.4,607.0
Station_01,Inv_00,20170811,15:34:00,233.5,8.6,2008,212.0,8.9,1887,25900,16524,46.3,583.0
Station_01,Inv_00,20170811,15:35:00,231.5,10.0,2315,213.0,10.3,2194,25900,16524,47.6,627.0
Station_01,Inv_00,20170811,15:36:00,231.5,7.5,1736,213.0,8.1,1725,25900,16524,47.8,589.0
Station_01,Inv_00,20170811,15:37:00,229.4,6.9,1583,212.0,7.5,1590,25900,16524,47.4,539.0
Station_01,Inv_00,20170811,15:38:00,232.0,5.1,1183,212.0,5.1,1081,25900,16524,46.8,328.0
Station_01,Inv_00,20170811,15:39:00,225.4,5.0,1127,213.0,4.9,1044,25900,16524,46.2,313.0
Station_01,Inv_00,20170811,15:40:00,224.9,4.8,1080,212.0,4.7,996,25900,16524,45.9,299.0
Station_01,Inv_00,20170811,15:41:00,223.9,4.9,1097,212.0,4.7,996,25900,16524,45.0,304.0
Station_01,Inv_00,20170811,15:42:00,226.4,4.6,1042,212.0,4.6,975,25900,16524,44.5,296.0
Station_01,Inv_00,20170811,15:43:00,227.0,4.9,1112,212.0,4.8,1018,25900,16524,44.3,301.0
Station_01,Inv_00,20170811,15:44:00,232.0,5.0,1160,212.0,5.0,1060,25900,16524,43.8,308.0
Station_01,Inv_00,20170811,15:45:00,237.9,4.8,1142,212.0,5.1,1081,25900,16524,43.7,308.0
Station_01,Inv_00,20170811,15:46:00,223.9,5.4,1209,212.0,5.2,1102,25900,16524,43.9,319.0
Station_01,Inv_00,20170811,15:47:00,225.5,8.7,1962,213.0,8.6,1832,25900,16524,44.5,429.0
Station_01,Inv_00,20170811,15:48:00,227.0,8.3,1884,213.0,8.7,1853,25900,16524,45.6,503.0
Station_01,Inv_00,20170811,15:49:00,227.0,6.2,1407,213.0,6.2,1321,25900,16524,46.2,458.0
Station_01,Inv_00,20170811,15:50:00,232.5,8.4,1953,213.0,8.7,1853,25900,16524,46.7,503.0
Station_01,Inv_00,20170811,15:51:00,235.5,7.8,1837,213.0,8.1,1725,25900,16524,46.1,424.0
Station_01,Inv_00,20170811,15:52:00,233.5,6.9,1611,212.0,7.3,1548,25900,16524,46.2,476.0
Station_01,Inv_00,20170811,15:53:00,232.0,9.7,2250,212.0,10.0,2120,25900,16524,47.5,616.0
Station_01,Inv_00,20170811,15:54:00,229.9,6.4,1472,212.0,6.7,1420,25900,16524,46.9,430.0
Station_01,Inv_00,20170811,15:55:00,232.5,8.9,2069,213.0,9.3,1981,25900,16524,46.7,522.0
Station_01,Inv_00,20170811,15:56:00,234.0,8.7,2036,213.0,9.2,1960,25900,16524,47.7,558.0
Station_01,Inv_00,20170811,15:57:00,232.0,5.5,1276,212.0,5.6,1187,25900,16524,46.3,353.0
Station_01,Inv_00,20170811,15:58:00,232.0,5.1,1183,211.0,5.3,1118,25900,16524,45.1,331.0
Station_01,Inv_00,20170811,15:59:00,230.9,5.8,1339,212.0,5.6,1187,25900,16524,45.3,347.0
Station_01,Inv_00,20170811,16:00:00,235.0,7.9,1856,212.0,8.2,1738,25900,16524,45.8,497.0
Station_01,Inv_00,20170811,16:01:00,234.5,7.4,1735,212.0,7.7,1632,25900,16524,47.2,475.0
Station_01,Inv_00,20170811,16:02:00,227.0,7.3,1657,213.0,7.2,1534,25900,16524,47.2,452.0
Station_01,Inv_00,20170811,16:03:00,224.0,7.8,1747,213.0,7.7,1640,25900,16524,47.2,459.0
Station_01,Inv_00,20170811,16:04:00,224.0,7.6,1702,213.0,7.6,1619,25900,16524,46.6,466.0
Station_01,Inv_00,20170811,16:05:01,228.5,5.8,1325,212.0,5.8,1230,25900,16524,47.2,431.0
Station_01,Inv_00,20170811,16:06:00,234.5,4.7,1102,212.0,4.7,996,25900,16524,46.2,315.0
Station_01,Inv_00,20170811,16:07:00,237.5,4.2,997,212.0,4.3,912,25900,16524,44.7,278.0
Station_01,Inv_00,20170811,16:08:00,233.0,3.8,885,212.0,3.9,827,25900,16524,44.1,250.0
Station_01,Inv_00,20170811,16:09:01,234.4,4.5,1055,212.0,4.6,975,25900,16524,43.5,288.0
Station_01,Inv_00,20170811,16:10:00,238.5,5.6,1336,213.0,6.0,1278,25900,16524,44.0,366.0
Station_01,Inv_00,20170811,16:11:00,236.4,5.4,1276,212.0,5.6,1187,25900,16524,44.0,346.0
Station_01,Inv_00,20170811,16:12:00,234.4,4.6,1078,213.0,4.6,980,25901,16525,43.8,295.0
Station_01,Inv_00,20170811,16:13:00,235.3,4.5,1059,212.0,4.6,975,25901,16525,43.5,309.0
Station_01,Inv_00,20170811,16:14:00,236.0,4.5,1062,213.0,4.6,980,25901,16525,43.1,292.0
Station_01,Inv_00,20170811,16:15:01,236.8,4.2,995,212.0,4.4,933,25901,16525,42.9,282.0
Station_01,Inv_00,20170811,16:16:01,237.5,4.0,950,213.0,4.1,873,25901,16525,41.9,262.0
Station_01,Inv_00,20170811,16:17:00,231.5,4.0,926,212.0,4.0,848,25901,16525,41.6,240.0
Station_01,Inv_00,20170811,16:18:00,226.9,4.0,908,210.0,4.0,840,25901,16525,41.5,251.0
Station_01,Inv_00,20170811,16:19:01,227.0,3.7,840,210.0,3.8,798,25901,16525,40.9,243.0
Station_01,Inv_00,20170811,16:20:01,238.5,3.0,716,210.0,3.4,714,25901,16525,40.5,216.0
Station_01,Inv_00,20170811,16:21:00,233.5,2.6,607,211.0,2.7,570,25901,16525,40.4,189.0
Station_01,Inv_00,20170811,16:22:00,234.5,2.4,563,210.0,2.5,525,25901,16525,39.7,167.0
Station_01,Inv_00,20170811,16:23:00,233.5,3.0,701,211.0,3.0,633,25901,16525,39.0,186.0
Station_01,Inv_00,20170811,16:24:00,225.0,3.2,720,211.0,3.3,696,25901,16525,39.3,208.0
Station_01,Inv_00,20170811,16:25:00,238.3,3.2,763,210.0,3.6,756,25901,16525,39.4,219.0
Station_01,Inv_00,20170811,16:26:00,237.5,3.3,784,210.0,3.6,756,25901,16525,39.3,219.0
Station_01,Inv_00,20170811,16:27:00,236.0,2.5,590,211.0,2.7,570,25901,16525,39.0,176.0
Station_01,Inv_00,20170811,16:28:00,232.0,2.5,580,210.0,2.6,546,25901,16525,38.6,167.0
Station_01,Inv_00,20170811,16:29:00,237.0,2.5,592,210.0,2.6,546,25901,16525,38.4,177.0
Station_01,Inv_00,20170811,16:30:01,221.0,2.8,619,210.0,2.8,588,25901,16525,38.3,176.0
Station_01,Inv_00,20170811,16:31:00,233.8,2.4,561,210.0,2.5,525,25901,16525,38.7,161.0
Station_01,Inv_00,20170811,16:32:00,228.5,2.6,594,210.0,2.7,567,25901,16525,38.6,182.0
Station_01,Inv_00,20170811,16:33:00,229.0,2.9,664,210.0,3.0,630,25901,16525,39.0,188.0
Station_01,Inv_00,20170811,16:34:00,232.5,2.8,651,211.0,3.0,633,25901,16525,38.3,185.0
Station_01,Inv_00,20170811,16:35:01,233.0,2.5,582,211.0,2.6,549,25901,16525,38.4,168.0
Station_01,Inv_00,20170811,16:36:00,232.8,2.6,605,211.0,2.8,591,25901,16525,38.1,171.0
Station_01,Inv_00,20170811,16:37:00,232.9,3.4,792,211.0,3.5,739,25901,16525,38.0,203.0
Station_01,Inv_00,20170811,16:38:00,230.5,3.8,876,211.0,3.9,823,25901,16525,38.5,237.0
Station_01,Inv_00,20170811,16:39:00,237.9,4.0,952,211.0,4.1,865,25901,16525,39.0,253.0
Station_01,Inv_00,20170811,16:40:00,226.5,4.0,906,211.0,4.0,844,25901,16525,38.6,251.0
Station_01,Inv_00,20170811,16:41:00,235.5,4.1,966,211.0,4.1,865,25901,16525,38.8,247.0
Station_01,Inv_00,20170811,16:42:00,238.5,4.8,1145,211.0,5.0,1055,25901,16525,39.0,305.0
Station_01,Inv_00,20170811,16:43:00,242.9,4.8,1166,212.0,5.2,1102,25901,16525,39.6,322.0
Station_01,Inv_00,20170811,16:44:00,240.0,4.9,1176,212.0,5.1,1081,25901,16525,39.8,322.0
Station_01,Inv_00,20170811,16:45:01,239.9,4.9,1176,212.0,5.1,1081,25901,16525,40.3,318.0
Station_01,Inv_00,20170811,16:46:01,241.5,4.7,1135,213.0,4.8,1022,25901,16525,40.6,310.0
Station_01,Inv_00,20170811,16:47:00,236.0,4.9,1156,213.0,5.1,1086,25901,16525,40.7,320.0
Station_01,Inv_00,20170811,16:48:01,236.0,4.8,1133,213.0,4.9,1044,25901,16525,41.4,314.0
Station_01,Inv_00,20170811,16:49:00,234.5,4.7,1102,213.0,4.7,1001,25901,16525,40.9,304.0
Station_01,Inv_00,20170811,16:50:01,241.9,4.4,1064,214.0,4.6,984,25901,16525,40.0,300.0
Station_01,Inv_00,20170811,16:51:00,239.4,4.2,1006,211.0,4.5,950,25901,16525,40.2,285.0
Station_01,Inv_00,20170811,16:52:00,236.0,4.3,1015,211.0,4.4,928,25901,16525,40.0,290.0
Station_01,Inv_00,20170811,16:53:00,242.4,4.1,994,211.0,4.3,907,25901,16525,39.7,276.0
Station_01,Inv_00,20170811,16:54:00,238.8,4.0,955,213.0,4.1,873,25901,16525,39.7,267.0
Station_01,Inv_00,20170811,16:55:00,234.5,4.1,961,216.0,4.2,907,25901,16525,39.9,275.0
Station_01,Inv_00,20170811,16:56:00,237.0,4.3,1019,216.0,4.3,929,25901,16525,39.8,278.0
Station_01,Inv_00,20170811,16:57:00,240.0,4.3,1032,216.0,4.5,972,25901,16525,39.9,290.0
Station_01,Inv_00,20170811,16:58:00,235.0,3.7,870,216.0,3.9,842,25901,16525,39.8,270.0
Station_01,Inv_00,20170811,16:59:00,242.0,3.9,944,216.0,4.0,864,25901,16525,39.7,249.0
Station_01,Inv_00,20170811,17:00:00,233.0,4.2,979,215.0,4.3,925,25901,16525,39.2,281.0
Station_01,Inv_00,20170811,17:01:00,230.0,4.6,1058,214.0,4.6,984,25901,16525,39.3,290.0
Station_01,Inv_00,20170811,17:02:00,231.0,5.0,1155,214.0,5.0,1070,25901,16525,39.3,314.0
Station_01,Inv_00,20170811,17:03:00,235.0,4.8,1128,217.0,4.8,1042,25901,16525,39.8,312.0
Station_01,Inv_00,20170811,17:04:00,237.0,4.8,1138,217.0,4.8,1042,25901,16525,39.7,310.0
Station_01,Inv_00,20170811,17:05:00,238.4,4.5,1073,217.0,4.7,1020,25901,16525,39.8,301.0
Station_01,Inv_00,20170811,17:06:00,236.5,4.5,1064,217.0,4.5,977,25901,16525,40.4,264.0
Station_01,Inv_00,20170811,17:07:00,240.5,4.3,1034,216.0,4.4,950,25901,16525,40.4,231.0
Station_01,Inv_00,20170811,17:08:00,242.9,3.9,947,216.0,4.1,886,25901,16525,40.3,221.0
Station_01,Inv_00,20170811,17:09:00,244.6,3.6,881,217.0,3.9,846,25901,16525,39.7,214.0
Station_01,Inv_00,20170811,17:10:00,245.2,3.4,834,217.0,3.8,825,25901,16525,39.1,208.0
Station_01,Inv_00,20170811,17:11:00,249.7,3.2,799,216.0,3.7,799,25901,16525,39.4,199.0
Station_01,Inv_00,20170811,17:12:00,246.6,3.2,789,216.0,3.5,756,25901,16525,39.1,193.0
Station_01,Inv_00,20170811,17:13:00,242.1,3.1,751,216.0,3.3,713,25901,16525,38.8,185.0
Station_01,Inv_00,20170811,17:14:00,244.0,3.0,732,215.0,3.2,688,25901,16525,38.6,180.0
Station_01,Inv_00,20170811,17:15:00,244.6,2.8,685,216.0,3.1,670,25901,16525,38.4,173.0
Station_01,Inv_00,20170811,17:16:00,244.6,2.8,685,216.0,3.0,648,25901,16525,38.0,168.0
Station_01,Inv_00,20170811,17:17:00,242.5,2.8,679,216.0,3.0,648,25901,16525,37.8,166.0
Station_01,Inv_00,20170811,17:18:00,243.4,2.7,657,216.0,2.9,626,25901,16525,37.4,165.0
Station_01,Inv_00,20170811,17:19:00,243.3,2.5,608,216.0,2.7,583,25901,16525,37.2,161.0
Station_01,Inv_00,20170811,17:20:00,238.9,2.3,549,216.0,2.5,540,25902,16525,36.8,155.0
Station_01,Inv_00,20170811,17:21:00,241.4,2.3,555,216.0,2.5,540,25902,16525,36.8,150.0
Station_01,Inv_00,20170811,17:22:00,239.4,2.3,551,216.0,2.5,540,25902,16525,36.4,149.0
Station_01,Inv_00,20170811,17:23:00,234.8,2.3,540,216.0,2.4,518,25902,16525,36.3,147.0
Station_01,Inv_00,20170811,17:24:00,237.0,2.1,498,216.0,2.3,497,25902,16525,36.3,146.0
Station_01,Inv_00,20170811,17:25:00,235.5,2.2,518,216.0,2.3,497,25902,16525,36.1,143.0
Station_01,Inv_00,20170811,17:26:00,241.8,2.1,508,218.0,2.2,480,25902,16525,36.0,140.0
Station_01,Inv_00,20170811,17:27:00,240.5,2.1,505,217.0,2.2,477,25902,16525,35.9,137.0
Station_01,Inv_00,20170811,17:28:00,231.7,2.0,463,216.0,2.0,432,25902,16525,35.9,134.0
Station_01,Inv_00,20170811,17:29:00,220.0,2.0,440,216.0,2.0,432,25902,16525,35.7,132.0
Station_01,Inv_00,20170811,17:30:00,194.5,2.0,389,215.0,1.7,366,25902,16525,35.5,131.0
Station_01,Inv_00,20170811,17:31:00,229.0,1.8,412,215.0,2.0,430,25902,16525,35.5,129.0
Station_01,Inv_00,20170811,17:32:00,233.4,1.9,444,216.0,2.0,432,25902,16525,35.5,128.0
Station_01,Inv_00,20170811,17:33:00,228.5,1.9,434,215.0,2.0,430,25902,16525,35.4,128.0
Station_01,Inv_00,20170811,17:34:00,232.0,1.9,441,215.0,2.0,430,25902,16525,35.3,127.0
Station_01,Inv_00,20170811,17:35:00,236.5,1.8,426,215.0,2.0,430,25902,16525,35.5,128.0
Station_01,Inv_00,20170811,17:36:00,224.5,1.9,427,216.0,1.9,410,25902,16525,35.3,127.0
Station_01,Inv_00,20170811,17:37:00,238.7,1.8,430,216.0,1.9,410,25902,16525,35.3,125.0
Station_01,Inv_00,20170811,17:38:00,235.5,1.8,424,217.0,1.9,412,25902,16525,35.3,123.0
Station_01,Inv_00,20170811,17:39:00,231.7,1.8,417,217.0,1.9,412,25902,16525,35.3,122.0
Station_01,Inv_00,20170811,17:40:00,236.0,1.6,378,216.0,1.7,367,25902,16525,35.1,118.0
Station_01,Inv_00,20170811,17:41:00,233.0,1.6,373,216.0,1.7,367,25902,16525,35.1,113.0
Station_01,Inv_00,20170811,17:42:00,231.0,1.6,370,216.0,1.6,346,25902,16525,35.0,108.0
Station_01,Inv_00,20170811,17:43:00,234.5,1.5,352,216.0,1.5,324,25902,16525,34.8,105.0
Station_01,Inv_00,20170811,17:44:00,231.5,1.4,324,216.0,1.5,324,25902,16525,34.8,103.0
Station_01,Inv_00,20170811,17:45:00,231.0,1.4,323,216.0,1.5,324,25902,16525,34.6,102.0
Station_01,Inv_00,20170811,17:46:00,225.0,1.4,315,216.0,1.4,302,25902,16525,34.5,99.0
Station_01,Inv_00,20170811,17:47:00,224.5,1.4,314,216.0,1.4,302,25902,16525,34.3,98.0
Station_01,Inv_00,20170811,17:48:00,223.0,1.3,290,217.0,1.4,304,25902,16525,34.1,94.0
Station_01,Inv_00,20170811,17:49:00,233.5,1.2,280,217.0,1.3,282,25902,16525,33.9,91.0
Station_01,Inv_00,20170811,17:50:00,222.5,1.1,245,217.0,1.3,282,25902,16525,34.0,87.0
Station_01,Inv_00,20170811,17:51:00,222.0,1.2,266,217.0,1.2,260,25902,16525,33.8,86.0
Station_01,Inv_00,20170811,17:52:00,223.0,1.1,245,217.0,1.2,260,25902,16525,33.8,85.0
Station_01,Inv_00,20170811,17:53:00,224.5,1.1,247,216.0,1.2,259,25902,16525,33.7,84.0
Station_01,Inv_00,20170811,17:54:00,222.5,1.1,245,218.0,1.2,262,25902,16525,33.4,84.0
Station_01,Inv_00,20170811,17:55:00,216.5,1.0,217,218.0,1.1,240,25902,16525,33.3,83.0
Station_01,Inv_00,20170811,17:56:00,216.6,1.1,238,219.0,1.1,241,25902,16525,33.2,82.0
Station_01,Inv_00,20170811,17:57:00,237.0,1.0,237,218.0,1.2,262,25902,16525,33.2,81.0
Station_01,Inv_00,20170811,17:58:00,228.5,1.1,251,218.0,1.2,262,25902,16525,33.3,81.0
Station_01,Inv_00,20170811,17:59:00,225.5,1.0,226,218.0,1.2,262,25902,16525,33.2,81.0
Station_01,Inv_00,20170811,18:00:00,227.5,1.1,250,218.0,1.2,262,25902,16525,33.1,82.0
Station_01,Inv_00,20170811,18:01:00,228.0,1.1,251,218.0,1.2,262,25902,16525,33.0,82.0
Station_01,Inv_00,20170811,18:02:00,222.5,1.1,245,218.0,1.1,240,25902,16525,33.1,81.0
Station_01,Inv_00,20170811,18:03:00,232.5,1.0,233,218.0,1.2,262,25902,16525,33.0,80.0
Station_01,Inv_00,20170811,18:04:00,227.5,1.0,228,218.0,1.1,240,25902,16525,33.0,79.0
Station_01,Inv_00,20170811,18:05:00,227.6,1.0,228,218.0,1.1,240,25902,16525,32.9,77.0
Station_01,Inv_00,20170811,18:06:00,224.7,0.9,202,218.0,1.0,218,25902,16525,32.9,73.0
Station_01,Inv_00,20170811,18:07:00,220.0,0.8,176,218.0,1.0,218,25902,16525,32.8,69.0
Station_01,Inv_00,20170811,18:08:00,220.0,0.8,176,218.0,1.0,218,25902,16525,32.7,65.0
Station_01,Inv_00,20170811,18:09:00,188.5,0.8,151,218.0,0.8,174,25902,16525,32.6,62.0
Station_01,Inv_00,20170811,18:10:00,223.7,0.6,134,218.0,0.8,174,25902,16525,32.5,57.0
Station_01,Inv_00,20170811,18:11:00,224.5,0.6,135,219.0,0.7,153,25902,16525,32.4,54.0
Station_01,Inv_00,20170811,18:12:00,216.4,0.5,108,218.0,0.7,153,25902,16525,32.3,51.0
Station_01,Inv_00,20170811,18:13:00,216.8,0.5,108,219.0,0.6,131,25902,16525,32.2,49.0
Station_01,Inv_00,20170811,18:14:00,201.0,0.5,101,218.0,0.6,131,25902,16525,32.0,47.0
Station_01,Inv_00,20170811,18:15:00,203.5,0.4,81,218.0,0.5,109,25902,16525,31.9,44.0
Station_01,Inv_00,20170811,18:16:00,219.0,0.4,88,218.0,0.5,109,25902,16525,31.8,42.0
Station_01,Inv_00,20170811,18:17:00,200.0,0.3,60,218.0,0.5,109,25902,16525,31.7,39.0
Station_01,Inv_00,20170811,18:18:00,198.7,0.3,60,218.0,0.5,109,25902,16525,31.6,37.0
Station_01,Inv_00,20170811,18:19:00,181.0,0.3,54,218.0,0.5,109,25902,16525,31.5,36.0
Station_01,Inv_00,20170811,18:20:00,217.0,0.2,43,219.0,0.4,88,25902,16525,31.4,35.0
Station_01,Inv_00,20170811,18:21:00,211.5,0.2,42,218.0,0.5,109,25902,16525,31.3,34.0
Station_01,Inv_00,20170811,18:22:00,183.0,0.2,37,220.0,0.4,88,25902,16525,31.2,36.0
Station_01,Inv_00,20170811,18:23:00,212.0,0.2,42,219.0,0.4,88,25902,16525,31.1,31.0
Station_01,Inv_00,20170811,18:24:00,214.5,0.2,43,219.0,0.4,88,25902,16525,31.0,29.0
Station_01,Inv_00,20170811,18:25:00,198.5,0.2,40,219.0,0.4,88,25902,16525,30.9,28.0
Station_01,Inv_00,20170811,18:26:00,203.0,0.2,41,219.0,0.4,88,25902,16525,30.8,26.0
Station_01,Inv_00,20170811,18:27:00,0.0,0.0,0,218.0,0.4,87,25902,16525,30.7,25.0
Station_01,Inv_00,20170811,18:28:00,0.0,0.0,0,218.0,0.4,87,25902,16525,30.7,25.0
Station_01,Inv_00,20170811,18:29:00,0.0,0.0,0,218.0,0.4,87,25902,16525,30.5,24.0
Station_01,Inv_00,20170811,18:30:00,0.0,0.0,0,217.0,0.4,87,25902,16525,30.5,24.0
Station_01,Inv_00,20170811,18:31:00,0.0,0.0,0,217.0,0.3,65,25902,16525,30.4,24.0
Station_01,Inv_00,20170811,18:32:00,0.0,0.0,0,216.0,0.4,86,25902,16525,30.3,23.0
Station_01,Inv_00,20170811,18:33:00,0.0,0.0,0,218.0,0.4,87,25902,16525,30.3,23.0
Station_01,Inv_00,20170811,18:34:00,0.0,0.0,0,0.0,0.0,0,25902,16525,30.2,21.0
Station_01,Inv_00,20170811,18:35:00,0.0,0.0,0,0.0,0.0,0,25902,16525,30.2,21.0
Station_01,Inv_00,20170811,18:36:00,0.0,0.0,0,0.0,0.0,0,25902,16525,30.2,21.0
Station_01,Inv_00,20170811,18:37:00,0.0,0.0,0,0.0,0.0,0,25902,16525,30.1,20.0
Station_01,Inv_00,20170811,18:38:00,0.0,0.0,0,0.0,0.0,0,25902,16525,30.1,19.0
Station_01,Inv_00,20170811,18:39:00,0.0,0.0,0,0.0,0.0,0,25902,16525,30.0,19.0
Station_01,Inv_00,20170811,18:40:00,0.0,0.0,0,0.0,0.0,0,25902,16525,30.0,18.0
Station_01,Inv_00,20170811,18:41:00,0.0,0.0,0,0.0,0.0,0,25902,16525,30.0,17.0
Station_01,Inv_00,20170811,18:42:00,0.0,0.0,0,0.0,0.0,0,25902,16525,29.9,17.0
Station_01,Inv_00,20170811,18:43:00,0.0,0.0,0,0.0,0.0,0,25902,16525,29.9,17.0
Station_01,Inv_00,20170811,18:44:00,0.0,0.0,0,0.0,0.0,0,25902,16525,29.8,17.0
Station_01,Inv_00,20170811,18:45:00,0.0,0.0,0,0.0,0.0,0,25902,16525,29.8,17.0
Station_01,Inv_00,20170811,18:46:00,0.0,0.0,0,0.0,0.0,0,25902,16525,29.8,17.0
Station_01,Inv_00,20170811,18:47:00,0.0,0.0,0,0.0,0.0,0,25902,16525,29.7,17.0
Station_01,Inv_00,20170811,18:48:00,0.0,0.0,0,0.0,0.0,0,25902,16525,29.7,17.0
Station_01,Inv_00,20170811,18:49:00,0.0,0.0,0,0.0,0.0,0,25902,16525,29.6,17.0
Station_01,Inv_00,20170811,18:50:00,0.0,0.0,0,0.0,0.0,0,25902,16525,29.6,17.0
Station_01,Inv_00,20170811,18:51:00,0.0,0.0,0,0.0,0.0,0,25902,16525,29.5,17.0
Station_01,Inv_00,20170811,18:52:00,0.0,0.0,0,0.0,0.0,0,25902,16525,29.6,17.0
Station_01,Inv_00,20170811,18:53:00,0.0,0.0,0,0.0,0.0,0,25902,16525,29.5,17.0
Station_01,Inv_00,20170811,18:54:00,0.0,0.0,0,0.0,0.0,0,25902,16525,29.5,17.0
Station_01,Inv_00,20170811,18:55:00,0.0,0.0,0,0.0,0.0,0,25902,16525,29.4,17.0
Station_01,Inv_00,20170811,18:56:00,0.0,0.0,0,0.0,0.0,0,25902,16525,29.3,17.0
Station_01,Inv_00,20170811,18:57:00,0.0,0.0,0,0.0,0.0,0,25902,16525,29.3,17.0
Station_01,Inv_00,20170811,18:58:00,0.0,0.0,0,0.0,0.0,0,25902,16525,29.3,17.0
Station_01,Inv_00,20170811,18:59:00,0.0,0.0,0,0.0,0.0,0,25902,16525,29.2,17.0
Station_01,Inv_00,20170811,19:00:00,0.0,0.0,0,0.0,0.0,0,25902,16525,29.1,17.0
Station_01,Inv_00,20170811,19:01:00,0.0,0.0,0,0.0,0.0,0,25902,16525,29.1,17.0
Station_01,Inv_00,20170811,19:02:00,0.0,0.0,0,0.0,0.0,0,25902,16525,29.1,17.0
Station_01,Inv_00,20170811,19:03:00,0.0,0.0,0,0.0,0.0,0,25902,16525,29.0,17.0
Station_01,Inv_00,20170811,19:04:00,0.0,0.0,0,0.0,0.0,0,25902,16525,29.0,17.0
Station_01,Inv_00,20170811,19:05:00,0.0,0.0,0,0.0,0.0,0,25902,16525,29.0,17.0
Station_01,Inv_00,20170811,19:06:00,0.0,0.0,0,0.0,0.0,0,25902,16525,29.0,17.0
Station_01,Inv_00,20170811,19:07:00,0.0,0.0,0,0.0,0.0,0,25902,16525,29.0,17.0
Station_01,Inv_00,20170811,19:08:00,0.0,0.0,0,0.0,0.0,0,25902,16525,29.0,17.0
Station_01,Inv_00,20170811,19:09:00,0.0,0.0,0,0.0,0.0,0,25902,16525,29.0,17.0
Station_01,Inv_00,20170811,19:10:00,0.0,0.0,0,0.0,0.0,0,25902,16525,29.0,17.0
Station_01,Inv_00,20170811,19:11:00,0.0,0.0,0,0.0,0.0,0,25902,16525,29.0,17.0
Station_01,Inv_00,20170811,19:12:00,0.0,0.0,0,0.0,0.0,0,25902,16525,29.0,17.0
Station_01,Inv_00,20170811,19:13:00,0.0,0.0,0,0.0,0.0,0,25902,16525,29.0,17.0
Station_01,Inv_00,20170811,19:14:00,0.0,0.0,0,0.0,0.0,0,25902,16525,29.0,17.0
Station_01,Inv_00,20170811,19:15:00,0.0,0.0,0,0.0,0.0,0,25902,16525,28.9,17.0
Station_01,Inv_00,20170811,19:16:00,0.0,0.0,0,0.0,0.0,0,25902,16525,28.8,17.0
Station_01,Inv_00,20170811,19:17:00,0.0,0.0,0,0.0,0.0,0,25902,16525,28.8,17.0
Station_01,Inv_00,20170811,19:18:00,0.0,0.0,0,0.0,0.0,0,25902,16525,28.8,17.0
Station_01,Inv_00,20170811,19:19:00,0.0,0.0,0,0.0,0.0,0,25902,16525,28.7,17.0
Station_01,Inv_00,20170811,19:20:00,0.0,0.0,0,0.0,0.0,0,25902,16525,28.7,17.0
Station_01,Inv_00,20170811,19:21:00,0.0,0.0,0,0.0,0.0,0,25902,16525,28.6,17.0
Station_01,Inv_00,20170811,19:22:00,0.0,0.0,0,0.0,0.0,0,25902,16525,28.6,17.0
Station_01,Inv_00,20170811,19:23:00,0.0,0.0,0,0.0,0.0,0,25902,16525,28.5,18.0
Station_01,Inv_00,20170811,19:24:00,0.0,0.0,0,0.0,0.0,0,25902,16525,28.4,17.0
Station_01,Inv_00,20170811,19:25:00,0.0,0.0,0,0.0,0.0,0,25902,16525,28.5,17.0
Station_01,Inv_00,20170811,19:26:00,0.0,0.0,0,0.0,0.0,0,25902,16525,28.5,17.0
Station_01,Inv_00,20170811,19:27:00,0.0,0.0,0,0.0,0.0,0,25902,16525,28.4,17.0
Station_01,Inv_00,20170811,19:28:00,0.0,0.0,0,0.0,0.0,0,25902,16525,28.3,18.0
Station_01,Inv_00,20170811,19:29:00,0.0,0.0,0,0.0,0.0,0,25902,16525,28.3,17.0
Station_01,Inv_00,20170811,19:30:00,0.0,0.0,0,0.0,0.0,0,25902,16525,28.3,18.0
Station_01,Inv_00,20170811,19:31:00,0.0,0.0,0,0.0,0.0,0,25902,16525,28.3,18.0
Station_01,Inv_00,20170811,19:32:00,0.0,0.0,0,0.0,0.0,0,25902,16525,28.3,18.0
Station_01,Inv_00,20170811,19:33:00,0.0,0.0,0,0.0,0.0,0,25902,16525,28.2,18.0
Station_01,Inv_00,20170811,19:34:00,0.0,0.0,0,0.0,0.0,0,25902,16525,28.1,18.0
Station_01,Inv_00,20170811,19:35:00,0.0,0.0,0,0.0,0.0,0,25902,16525,28.2,17.0
Station_01,Inv_00,20170811,19:36:00,0.0,0.0,0,0.0,0.0,0,25902,16525,28.2,18.0
Station_01,Inv_00,20170811,19:37:00,0.0,0.0,0,0.0,0.0,0,25902,16525,28.1,18.0
Station_01,Inv_00,20170811,19:38:00,0.0,0.0,0,0.0,0.0,0,25902,16525,28.1,18.0
Station_01,Inv_00,20170811,19:39:00,0.0,0.0,0,0.0,0.0,0,25902,16525,28.1,18.0
Station_01,Inv_00,20170811,19:40:00,0.0,0.0,0,0.0,0.0,0,25902,16525,28.1,18.0
Station_01,Inv_00,20170811,19:41:00,0.0,0.0,0,0.0,0.0,0,25902,16525,28.1,18.0
Station_01,Inv_00,20170811,19:42:00,0.0,0.0,0,0.0,0.0,0,25902,16525,28.1,18.0
Station_01,Inv_00,20170811,19:43:00,0.0,0.0,0,0.0,0.0,0,25902,16525,28.1,18.0
Station_01,Inv_00,20170811,19:44:00,0.0,0.0,0,0.0,0.0,0,25902,16525,28.1,18.0
Station_01,Inv_00,20170811,19:45:00,0.0,0.0,0,0.0,0.0,0,25902,16525,28.1,18.0
Station_01,Inv_00,20170811,19:46:00,0.0,0.0,0,0.0,0.0,0,25902,16525,28.1,18.0
Station_01,Inv_00,20170811,19:47:00,0.0,0.0,0,0.0,0.0,0,25902,16525,28.1,18.0
Station_01,Inv_00,20170811,19:48:00,0.0,0.0,0,0.0,0.0,0,25902,16525,28.2,18.0
Station_01,Inv_00,20170811,19:49:00,0.0,0.0,0,0.0,0.0,0,25902,16525,28.2,18.0
Station_01,Inv_00,20170811,19:50:00,0.0,0.0,0,0.0,0.0,0,25902,16525,28.1,18.0
Station_01,Inv_00,20170811,19:51:00,0.0,0.0,0,0.0,0.0,0,25902,16525,28.1,19.0
Station_01,Inv_00,20170811,19:52:00,0.0,0.0,0,0.0,0.0,0,25902,16525,28.1,18.0
Station_01,Inv_00,20170811,19:53:00,0.0,0.0,0,0.0,0.0,0,25902,16525,28.0,18.0
Station_01,Inv_00,20170811,19:54:00,0.0,0.0,0,0.0,0.0,0,25902,16525,28.1,18.0
Station_01,Inv_00,20170811,19:55:00,0.0,0.0,0,0.0,0.0,0,25902,16525,28.1,19.0
Station_01,Inv_00,20170811,19:56:00,0.0,0.0,0,0.0,0.0,0,25902,16525,28.1,18.0
Station_01,Inv_00,20170811,19:57:00,0.0,0.0,0,0.0,0.0,0,25902,16525,28.1,18.0
Station_01,Inv_00,20170811,19:58:00,0.0,0.0,0,0.0,0.0,0,25902,16525,28.1,18.0
Station_01,Inv_00,20170811,19:59:00,0.0,0.0,0,0.0,0.0,0,25902,16525,28.0,18.0
Station_01,Inv_00,20170811,20:00:00,0.0,0.0,0,0.0,0.0,0,25902,16525,28.0,18.0
