Station_01,Inv_00,20170813,05:00:00,0.0,0.0,0,0.0,0.0,0,25916,16534,25.5,18.0
Station_01,Inv_00,20170813,05:01:00,0.0,0.0,0,0.0,0.0,0,25916,16534,25.4,18.0
Station_01,Inv_00,20170813,05:02:00,0.0,0.0,0,0.0,0.0,0,25916,16534,25.5,18.0
Station_01,Inv_00,20170813,05:03:00,0.0,0.0,0,0.0,0.0,0,25916,16534,25.4,20.0
Station_01,Inv_00,20170813,05:04:00,0.0,0.0,0,0.0,0.0,0,25916,16534,25.5,18.0
Station_01,Inv_00,20170813,05:05:00,0.0,0.0,0,0.0,0.0,0,25916,16534,25.5,18.0
Station_01,Inv_00,20170813,05:06:00,0.0,0.0,0,0.0,0.0,0,25916,16534,25.5,18.0
Station_01,Inv_00,20170813,05:07:00,0.0,0.0,0,0.0,0.0,0,25916,16534,25.5,18.0
Station_01,Inv_00,20170813,05:08:00,0.0,0.0,0,0.0,0.0,0,25916,16534,25.6,18.0
Station_01,Inv_00,20170813,05:09:00,0.0,0.0,0,0.0,0.0,0,25916,16534,25.5,18.0
Station_01,Inv_00,20170813,05:10:00,0.0,0.0,0,0.0,0.0,0,25916,16534,25.4,18.0
Station_01,Inv_00,20170813,05:11:00,0.0,0.0,0,0.0,0.0,0,25916,16534,25.5,18.0
Station_01,Inv_00,20170813,05:12:00,0.0,0.0,0,0.0,0.0,0,25916,16534,25.4,18.0
Station_01,Inv_00,20170813,05:13:00,0.0,0.0,0,0.0,0.0,0,25916,16534,25.5,18.0
Station_01,Inv_00,20170813,05:14:00,0.0,0.0,0,0.0,0.0,0,25916,16534,25.5,18.0
Station_01,Inv_00,20170813,05:15:00,0.0,0.0,0,0.0,0.0,0,25916,16534,25.4,18.0
Station_01,Inv_00,20170813,05:16:00,0.0,0.0,0,0.0,0.0,0,25916,16534,25.4,18.0
Station_01,Inv_00,20170813,05:17:00,0.0,0.0,0,0.0,0.0,0,25916,16534,25.4,18.0
Station_01,Inv_00,20170813,05:18:00,0.0,0.0,0,0.0,0.0,0,25916,16534,25.5,18.0
Station_01,Inv_00,20170813,05:19:00,0.0,0.0,0,0.0,0.0,0,25916,16534,25.4,18.0
Station_01,Inv_00,20170813,05:20:00,0.0,0.0,0,0.0,0.0,0,25916,16534,25.4,19.0
Station_01,Inv_00,20170813,05:21:00,0.0,0.0,0,0.0,0.0,0,25916,16534,25.4,19.0
Station_01,Inv_00,20170813,05:22:00,0.0,0.0,0,0.0,0.0,0,25916,16534,25.5,19.0
Station_01,Inv_00,20170813,05:23:00,0.0,0.0,0,0.0,0.0,0,25916,16534,25.4,19.0
Station_01,Inv_00,20170813,05:24:00,0.0,0.0,0,0.0,0.0,0,25916,16534,25.5,19.0
Station_01,Inv_00,20170813,05:25:00,0.0,0.0,0,0.0,0.0,0,25916,16534,25.5,20.0
Station_01,Inv_00,20170813,05:26:00,0.0,0.0,0,0.0,0.0,0,25916,16534,25.5,20.0
Station_01,Inv_00,20170813,05:27:00,0.0,0.0,0,0.0,0.0,0,25916,16534,25.5,20.0
Station_01,Inv_00,20170813,05:28:00,0.0,0.0,0,0.0,0.0,0,25916,16534,25.5,20.0
Station_01,Inv_00,20170813,05:29:00,0.0,0.0,0,0.0,0.0,0,25916,16534,25.6,20.0
Station_01,Inv_00,20170813,05:30:00,0.0,0.0,0,0.0,0.0,0,25916,16534,25.5,21.0
Station_01,Inv_00,20170813,05:31:00,0.0,0.0,0,0.0,0.0,0,25916,16534,25.6,21.0
Station_01,Inv_00,20170813,05:32:00,0.0,0.0,0,0.0,0.0,0,25916,16534,25.6,22.0
Station_01,Inv_00,20170813,05:33:00,0.0,0.0,0,0.0,0.0,0,25916,16534,25.6,22.0
Station_01,Inv_00,20170813,05:34:00,0.0,0.0,0,0.0,0.0,0,25916,16534,25.6,475.0
Station_01,Inv_00,20170813,05:35:00,0.0,0.0,0,0.0,0.0,0,25916,16534,25.6,23.0
Station_01,Inv_00,20170813,05:36:00,0.0,0.0,0,0.0,0.0,0,25916,16534,25.6,23.0
Station_01,Inv_00,20170813,05:37:00,0.0,0.0,0,0.0,0.0,0,25916,16534,25.6,23.0
Station_01,Inv_00,20170813,05:38:00,0.0,0.0,0,0.0,0.0,0,25916,16534,25.6,24.0
Station_01,Inv_00,20170813,05:39:00,0.0,0.0,0,0.0,0.0,0,25916,16534,25.6,25.0
Station_01,Inv_00,20170813,05:40:00,0.0,0.0,0,0.0,0.0,0,25916,16534,25.6,26.0
Station_01,Inv_00,20170813,05:41:00,0.0,0.0,0,222.0,0.5,111,25916,16534,25.6,26.0
Station_01,Inv_00,20170813,05:42:00,0.0,0.0,0,221.0,0.5,111,25916,16534,25.7,27.0
Station_01,Inv_00,20170813,05:43:00,0.0,0.0,0,221.0,0.5,111,25916,16534,25.7,28.0
Station_01,Inv_00,20170813,05:44:00,0.0,0.0,0,221.0,0.5,111,25916,16534,25.7,28.0
Station_01,Inv_00,20170813,05:45:00,0.0,0.0,0,221.0,0.5,111,25916,16534,25.8,477.0
Station_01,Inv_00,20170813,05:46:00,0.0,0.0,0,221.0,0.2,44,25916,16534,25.8,31.0
Station_01,Inv_00,20170813,05:47:00,201.5,0.2,40,218.0,0.4,87,25916,16534,25.9,32.0
Station_01,Inv_00,20170813,05:48:00,183.0,0.3,55,218.0,0.4,87,25916,16534,25.9,33.0
Station_01,Inv_00,20170813,05:49:00,202.3,0.3,61,217.0,0.4,87,25916,16534,25.9,34.0
Station_01,Inv_00,20170813,05:50:00,223.0,0.2,45,217.0,0.4,87,25916,16534,26.0,34.0
Station_01,Inv_00,20170813,05:51:00,213.0,0.3,64,217.0,0.4,87,25916,16534,25.9,35.0
Station_01,Inv_00,20170813,05:52:00,215.0,0.3,65,217.0,0.4,87,25916,16534,26.0,36.0
Station_01,Inv_00,20170813,05:53:00,201.0,0.3,60,216.0,0.5,108,25916,16534,26.0,37.0
Station_01,Inv_00,20170813,05:54:00,194.0,0.4,78,216.0,0.5,108,25916,16534,26.0,38.0
Station_01,Inv_00,20170813,05:55:00,224.0,0.3,67,217.0,0.5,109,25916,16534,26.0,40.0
Station_01,Inv_00,20170813,05:56:00,214.3,0.3,64,217.0,0.5,109,25916,16534,26.0,42.0
Station_01,Inv_00,20170813,05:57:00,217.0,0.4,87,217.0,0.5,109,25916,16534,26.1,42.0
Station_01,Inv_00,20170813,05:58:00,205.0,0.4,82,217.0,0.5,109,25916,16534,26.2,44.0
Station_01,Inv_00,20170813,05:59:00,214.0,0.4,86,217.0,0.5,109,25916,16534,26.2,45.0
Station_01,Inv_00,20170813,06:00:00,194.5,0.4,78,217.0,0.5,109,25916,16534,26.3,46.0
Station_01,Inv_00,20170813,06:01:00,214.6,0.5,107,216.0,0.5,108,25916,16534,26.4,47.0
Station_01,Inv_00,20170813,06:02:00,221.0,0.5,111,217.0,0.5,109,25916,16534,26.4,47.0
Station_01,Inv_00,20170813,06:03:00,213.4,0.5,107,216.0,0.6,130,25916,16534,26.5,47.0
Station_01,Inv_00,20170813,06:04:00,215.4,0.5,108,217.0,0.5,109,25916,16534,26.5,48.0
Station_01,Inv_00,20170813,06:05:00,214.0,0.5,107,217.0,0.6,130,25916,16534,26.6,49.0
Station_01,Inv_00,20170813,06:06:00,212.0,0.6,127,216.0,0.6,130,25916,16534,26.6,51.0
Station_01,Inv_00,20170813,06:07:00,229.4,0.5,115,216.0,0.6,130,25916,16534,26.7,52.0
Station_01,Inv_00,20170813,06:08:00,161.0,0.5,81,216.0,0.5,108,25916,16534,26.8,53.0
Station_01,Inv_00,20170813,06:09:00,199.8,0.5,100,216.0,0.6,130,25916,16534,26.8,52.0
Station_01,Inv_00,20170813,06:10:00,225.0,0.6,135,218.0,0.6,131,25916,16534,26.9,53.0
Station_01,Inv_00,20170813,06:11:00,221.0,0.5,111,218.0,0.7,153,25916,16534,26.9,54.0
Station_01,Inv_00,20170813,06:12:00,226.4,0.5,113,218.0,0.7,153,25916,16534,27.0,56.0
Station_01,Inv_00,20170813,06:13:00,231.0,0.6,139,218.0,0.7,153,25916,16534,27.1,57.0
Station_01,Inv_00,20170813,06:14:00,225.0,0.6,135,217.0,0.8,174,25916,16534,27.2,58.0
Station_01,Inv_00,20170813,06:15:00,234.5,0.6,141,218.0,0.8,174,25916,16534,27.2,59.0
Station_01,Inv_00,20170813,06:16:00,227.0,0.7,159,217.0,0.8,174,25916,16534,27.3,60.0
Station_01,Inv_00,20170813,06:17:00,226.0,0.7,158,217.0,0.9,195,25916,16534,27.3,61.0
Station_01,Inv_00,20170813,06:18:00,231.7,0.7,162,216.0,0.9,194,25916,16534,27.4,62.0
Station_01,Inv_00,20170813,06:19:00,226.0,0.7,158,216.0,0.9,194,25916,16534,27.4,63.0
Station_01,Inv_00,20170813,06:20:00,214.0,0.7,150,216.0,0.8,173,25916,16534,27.5,61.0
Station_01,Inv_00,20170813,06:21:00,228.7,0.7,160,217.0,0.8,174,25916,16534,27.6,61.0
Station_01,Inv_00,20170813,06:22:00,225.0,0.7,158,216.0,0.9,194,25916,16534,27.5,62.0
Station_01,Inv_00,20170813,06:23:00,207.5,0.8,166,216.0,0.9,194,25916,16534,27.7,66.0
Station_01,Inv_00,20170813,06:24:00,230.0,0.8,184,217.0,1.0,217,25916,16534,27.7,68.0
Station_01,Inv_00,20170813,06:25:00,232.5,0.8,186,217.0,1.0,217,25916,16534,27.8,71.0
Station_01,Inv_00,20170813,06:26:00,231.4,0.9,208,216.0,1.0,216,25916,16534,27.9,73.0
Station_01,Inv_00,20170813,06:27:00,227.2,0.9,205,218.0,1.0,218,25916,16534,27.9,74.0
Station_01,Inv_00,20170813,06:28:00,233.5,1.2,280,218.0,1.3,283,25916,16534,28.0,91.0
Station_01,Inv_00,20170813,06:29:00,238.9,0.9,215,217.0,1.0,217,25916,16534,28.1,80.0
Station_01,Inv_00,20170813,06:30:00,236.0,0.8,189,217.0,1.0,217,25916,16534,28.2,74.0
Station_01,Inv_00,20170813,06:31:00,229.1,0.7,160,216.0,1.0,216,25916,16534,28.2,72.0
Station_01,Inv_00,20170813,06:32:00,230.4,0.7,161,216.0,1.0,216,25916,16534,28.2,70.0
Station_01,Inv_00,20170813,06:33:00,231.0,0.8,185,216.0,1.0,216,25916,16534,28.2,69.0
Station_01,Inv_00,20170813,06:34:00,231.0,0.8,185,217.0,1.0,217,25916,16534,28.1,70.0
Station_01,Inv_00,20170813,06:35:00,228.5,0.8,183,215.0,1.0,215,25916,16534,28.2,73.0
Station_01,Inv_00,20170813,06:36:00,211.0,0.9,190,216.0,1.0,216,25916,16534,28.2,76.0
Station_01,Inv_00,20170813,06:37:00,221.0,1.0,221,218.0,1.1,240,25916,16534,28.2,81.0
Station_01,Inv_00,20170813,06:38:00,217.5,1.1,239,218.0,1.2,262,25916,16534,28.3,88.0
Station_01,Inv_00,20170813,06:39:00,226.4,1.2,272,219.0,1.3,285,25916,16534,28.3,95.0
Station_01,Inv_00,20170813,06:40:00,226.5,1.3,294,220.0,1.4,308,25916,16534,28.3,102.0
Station_01,Inv_00,20170813,06:41:00,218.0,1.4,305,218.0,1.4,305,25916,16534,28.4,107.0
Station_01,Inv_00,20170813,06:42:00,207.5,1.4,291,219.0,1.4,307,25916,16534,28.5,115.0
Station_01,Inv_00,20170813,06:43:00,230.5,1.3,300,218.0,1.4,305,25916,16534,28.5,109.0
Station_01,Inv_00,20170813,06:44:00,239.4,1.3,311,218.0,1.5,327,25916,16534,28.5,107.0
Station_01,Inv_00,20170813,06:45:00,233.3,1.3,303,218.0,1.4,305,25916,16534,28.5,107.0
Station_01,Inv_00,20170813,06:46:00,228.0,1.4,319,218.0,1.4,305,25916,16534,28.5,108.0
Station_01,Inv_00,20170813,06:47:00,244.5,1.4,342,218.0,1.4,305,25916,16534,28.6,110.0
Station_01,Inv_00,20170813,06:48:00,241.5,1.5,362,220.0,1.5,330,25916,16534,28.7,113.0
Station_01,Inv_00,20170813,06:49:00,243.0,1.6,389,217.0,1.7,369,25916,16534,28.7,127.0
Station_01,Inv_00,20170813,06:50:00,233.8,1.8,421,217.0,1.8,391,25916,16534,28.9,134.0
Station_01,Inv_00,20170813,06:51:00,245.9,2.1,516,217.0,2.4,521,25916,16534,29.2,162.0
Station_01,Inv_00,20170813,06:52:00,243.4,2.3,560,217.0,2.5,543,25916,16534,29.4,167.0
Station_01,Inv_00,20170813,06:53:00,240.9,2.3,554,216.0,2.4,518,25916,16534,29.7,167.0
Station_01,Inv_00,20170813,06:54:00,238.9,2.3,549,217.0,2.5,543,25916,16534,29.9,172.0
Station_01,Inv_00,20170813,06:55:00,238.9,2.3,549,217.0,2.5,543,25916,16534,29.9,175.0
Station_01,Inv_00,20170813,06:56:00,246.0,2.5,615,216.0,2.6,562,25916,16534,30.3,179.0
Station_01,Inv_00,20170813,06:57:00,249.5,2.7,674,216.0,2.9,626,25916,16534,30.4,192.0
Station_01,Inv_00,20170813,06:58:00,229.8,2.8,643,217.0,2.8,608,25916,16534,30.8,203.0
Station_01,Inv_00,20170813,06:59:00,247.0,2.9,716,216.0,3.1,670,25916,16534,31.2,203.0
Station_01,Inv_00,20170813,07:00:00,229.5,3.0,689,216.0,3.1,670,25916,16534,31.5,214.0
Station_01,Inv_00,20170813,07:01:00,244.5,3.2,782,215.0,3.4,731,25916,16534,32.0,226.0
Station_01,Inv_00,20170813,07:02:00,247.0,4.1,1013,216.0,4.2,907,25916,16534,32.8,276.0
Station_01,Inv_00,20170813,07:03:00,248.7,4.0,995,216.0,4.1,886,25916,16534,33.6,301.0
Station_01,Inv_00,20170813,07:04:00,242.3,3.6,872,216.0,3.9,842,25916,16534,34.1,266.0
Station_01,Inv_00,20170813,07:05:00,246.0,3.3,812,216.0,3.6,778,25916,16534,34.2,236.0
Station_01,Inv_00,20170813,07:06:00,235.5,3.0,707,216.0,3.2,691,25916,16534,34.3,218.0
Station_01,Inv_00,20170813,07:07:00,243.4,2.9,706,217.0,3.1,673,25916,16534,34.4,210.0
Station_01,Inv_00,20170813,07:08:00,244.5,2.7,660,216.0,2.9,626,25916,16534,34.2,200.0
Station_01,Inv_00,20170813,07:09:00,242.5,2.5,606,217.0,2.7,586,25916,16534,34.3,190.0
Station_01,Inv_00,20170813,07:10:00,247.0,2.3,568,217.0,2.5,543,25916,16534,34.1,179.0
Station_01,Inv_00,20170813,07:11:00,225.2,2.2,495,217.0,2.2,477,25916,16534,34.1,164.0
Station_01,Inv_00,20170813,07:12:00,242.7,1.9,461,217.0,2.0,434,25916,16534,33.9,148.0
Station_01,Inv_00,20170813,07:13:00,243.9,1.7,415,215.0,1.8,387,25916,16534,33.5,137.0
Station_01,Inv_00,20170813,07:14:00,239.5,1.6,383,217.0,1.7,369,25916,16534,33.2,129.0
Station_01,Inv_00,20170813,07:15:00,241.0,1.6,386,217.0,1.7,369,25916,16534,33.1,127.0
Station_01,Inv_00,20170813,07:16:00,241.5,1.6,386,217.0,1.8,391,25916,16534,32.8,131.0
Station_01,Inv_00,20170813,07:17:00,243.0,2.0,486,217.0,2.0,434,25916,16534,32.7,146.0
Station_01,Inv_00,20170813,07:18:00,245.5,2.2,540,217.0,2.3,499,25916,16534,32.7,162.0
Station_01,Inv_00,20170813,07:19:00,241.4,2.3,555,217.0,2.4,521,25916,16534,32.8,174.0
Station_01,Inv_00,20170813,07:20:00,247.4,2.5,619,217.0,2.7,586,25916,16534,33.0,198.0
Station_01,Inv_00,20170813,07:21:00,244.5,4.2,1027,216.0,4.3,929,25916,16534,33.6,281.0
Station_01,Inv_00,20170813,07:22:00,241.5,4.6,1111,216.0,4.8,1037,25916,16534,34.1,298.0
Station_01,Inv_00,20170813,07:23:00,229.0,4.1,939,218.0,3.9,850,25916,16534,34.5,267.0
Station_01,Inv_00,20170813,07:24:00,228.5,4.9,1120,218.0,4.8,1046,25916,16534,35.4,343.0
Station_01,Inv_00,20170813,07:25:00,242.0,5.2,1258,218.0,5.4,1177,25916,16534,36.0,370.0
Station_01,Inv_00,20170813,07:26:00,236.5,5.0,1183,218.0,5.2,1134,25916,16534,36.8,369.0
Station_01,Inv_00,20170813,07:27:00,247.0,5.1,1260,218.0,5.4,1177,25916,16534,36.9,368.0
Station_01,Inv_00,20170813,07:28:00,239.5,5.0,1198,218.0,5.2,1134,25916,16534,37.3,368.0
Station_01,Inv_00,20170813,07:29:00,242.0,5.4,1307,218.0,5.5,1199,25916,16534,37.9,377.0
Station_01,Inv_00,20170813,07:30:00,243.4,5.3,1290,220.0,5.6,1232,25916,16534,38.5,382.0
Station_01,Inv_00,20170813,07:31:00,244.5,5.2,1271,219.0,5.5,1205,25916,16534,38.8,379.0
Station_01,Inv_00,20170813,07:32:00,243.5,5.1,1242,220.0,5.3,1166,25916,16534,39.2,368.0
Station_01,Inv_00,20170813,07:33:00,239.0,5.2,1243,218.0,5.4,1177,25916,16534,39.2,376.0
Station_01,Inv_00,20170813,07:34:00,243.0,5.5,1336,219.0,5.7,1248,25916,16534,39.5,386.0
Station_01,Inv_00,20170813,07:35:00,242.0,5.5,1331,219.0,5.7,1248,25916,16534,39.8,394.0
Station_01,Inv_00,20170813,07:36:00,242.5,5.7,1382,219.0,5.9,1292,25916,16534,40.7,397.0
Station_01,Inv_00,20170813,07:37:00,240.9,5.7,1373,218.0,6.0,1308,25916,16534,40.8,408.0
Station_01,Inv_00,20170813,07:38:00,241.0,5.9,1422,218.0,6.1,1330,25916,16534,41.0,409.0
Station_01,Inv_00,20170813,07:39:00,239.0,6.0,1434,219.0,6.2,1358,25916,16534,41.4,421.0
Station_01,Inv_00,20170813,07:40:00,240.5,6.1,1467,220.0,6.2,1364,25916,16534,41.8,425.0
Station_01,Inv_00,20170813,07:41:00,235.0,6.3,1480,220.0,6.2,1364,25916,16534,41.7,426.0
Station_01,Inv_00,20170813,07:42:00,236.0,6.1,1440,220.0,6.2,1364,25916,16534,42.2,422.0
Station_01,Inv_00,20170813,07:43:00,242.5,6.1,1479,220.0,6.4,1408,25916,16534,42.5,431.0
Station_01,Inv_00,20170813,07:44:00,239.5,6.3,1509,222.0,6.3,1399,25916,16534,43.3,429.0
Station_01,Inv_00,20170813,07:45:00,238.0,6.3,1499,221.0,6.2,1370,25917,16535,42.8,431.0
Station_01,Inv_00,20170813,07:46:00,233.5,6.3,1471,220.0,6.2,1364,25917,16535,43.1,425.0
Station_01,Inv_00,20170813,07:47:00,238.0,6.5,1547,217.0,6.6,1432,25917,16535,43.7,442.0
Station_01,Inv_00,20170813,07:48:00,239.0,6.6,1577,217.0,6.9,1497,25917,16535,43.6,458.0
Station_01,Inv_00,20170813,07:49:00,237.0,7.0,1659,218.0,7.1,1548,25917,16535,43.3,469.0
Station_01,Inv_00,20170813,07:50:00,237.5,6.9,1639,218.0,7.1,1548,25917,16535,43.2,473.0
Station_01,Inv_00,20170813,07:51:00,232.5,6.9,1604,218.0,7.0,1526,25917,16535,43.4,473.0
Station_01,Inv_00,20170813,07:52:00,239.5,6.6,1581,220.0,6.8,1496,25917,16535,44.0,463.0
Station_01,Inv_00,20170813,07:53:00,234.5,7.1,1665,220.0,7.2,1584,25917,16535,43.8,483.0
Station_01,Inv_00,20170813,07:54:00,237.5,7.1,1686,218.0,7.2,1570,25917,16535,44.3,488.0
Station_01,Inv_00,20170813,07:55:00,238.0,7.2,1714,218.0,7.4,1613,25917,16535,44.4,495.0
Station_01,Inv_00,20170813,07:56:00,234.5,7.2,1688,218.0,7.3,1591,25917,16535,44.6,493.0
Station_01,Inv_00,20170813,07:57:00,235.5,7.1,1672,218.0,7.3,1591,25917,16535,44.9,484.0
Station_01,Inv_00,20170813,07:58:00,226.0,7.5,1695,218.0,7.3,1591,25917,16535,45.2,493.0
Station_01,Inv_00,20170813,07:59:00,232.0,7.3,1694,218.0,7.3,1591,25917,16535,45.2,494.0
Station_01,Inv_00,20170813,08:00:00,239.5,7.3,1748,218.0,7.4,1613,25917,16535,46.1,497.0
Station_01,Inv_00,20170813,08:01:00,227.0,7.6,1725,218.0,7.5,1635,25917,16535,46.5,503.0
Station_01,Inv_00,20170813,08:02:00,227.0,7.7,1748,218.0,7.6,1657,25917,16535,46.3,511.0
Station_01,Inv_00,20170813,08:03:00,227.0,8.1,1839,218.0,7.8,1700,25917,16535,46.5,525.0
Station_01,Inv_00,20170813,08:04:00,235.0,7.6,1786,218.0,7.7,1679,25917,16535,46.5,518.0
Station_01,Inv_00,20170813,08:05:00,231.0,7.7,1779,218.0,7.7,1679,25917,16535,46.8,512.0
Station_01,Inv_00,20170813,08:06:00,224.4,7.6,1706,218.0,7.4,1613,25917,16535,46.5,506.0
Station_01,Inv_00,20170813,08:07:00,228.0,7.5,1710,218.0,7.2,1570,25917,16535,46.7,483.0
Station_01,Inv_00,20170813,08:08:00,230.5,8.4,1936,218.0,8.2,1788,25917,16535,46.9,534.0
Station_01,Inv_00,20170813,08:09:00,226.0,8.7,1966,218.0,8.5,1853,25917,16535,47.7,584.0
Station_01,Inv_00,20170813,08:10:00,225.0,8.9,2003,218.0,8.7,1897,25917,16535,47.9,601.0
Station_01,Inv_00,20170813,08:11:00,214.5,8.2,1759,218.0,7.9,1722,25917,16535,48.4,553.0
Station_01,Inv_00,20170813,08:12:00,219.6,8.3,1823,218.0,7.9,1722,25917,16535,47.4,538.0
Station_01,Inv_00,20170813,08:13:00,223.9,6.1,1366,217.0,6.0,1302,25917,16535,46.6,447.0
Station_01,Inv_00,20170813,08:14:00,228.4,7.4,1690,219.0,7.4,1621,25917,16535,47.0,441.0
Station_01,Inv_00,20170813,08:15:00,231.5,5.5,1273,218.0,5.5,1199,25917,16535,46.8,372.0
Station_01,Inv_00,20170813,08:16:00,227.0,5.5,1249,219.0,5.2,1139,25917,16535,46.2,354.0
Station_01,Inv_00,20170813,08:17:00,228.0,5.1,1163,219.0,5.0,1095,25917,16535,46.1,338.0
Station_01,Inv_00,20170813,08:18:00,229.0,5.7,1305,218.0,5.6,1221,25917,16535,46.1,362.0
Station_01,Inv_00,20170813,08:19:00,231.5,5.8,1343,218.0,5.6,1221,25917,16535,46.5,403.0
Station_01,Inv_00,20170813,08:20:00,230.5,11.2,2582,219.0,11.2,2453,25917,16535,47.2,670.0
Station_01,Inv_00,20170813,08:21:00,233.0,11.5,2679,219.0,11.6,2540,25918,16536,48.6,727.0
Station_01,Inv_00,20170813,08:22:00,226.4,5.7,1291,217.0,5.6,1215,25918,16536,48.9,483.0
Station_01,Inv_00,20170813,08:23:00,228.0,5.2,1186,219.0,5.1,1117,25918,16536,47.9,361.0
Station_01,Inv_00,20170813,08:24:00,233.0,5.3,1235,220.0,5.1,1122,25918,16536,47.4,349.0
Station_01,Inv_00,20170813,08:25:00,234.0,6.1,1427,220.0,5.9,1298,25918,16536,47.0,362.0
Station_01,Inv_00,20170813,08:26:00,236.0,7.6,1794,220.0,7.4,1628,25918,16536,47.5,504.0
Station_01,Inv_00,20170813,08:27:00,230.5,11.2,2581,220.0,11.1,2442,25918,16536,49.3,687.0
Station_01,Inv_00,20170813,08:28:00,227.9,11.3,2575,220.0,11.1,2442,25918,16536,49.9,680.0
Station_01,Inv_00,20170813,08:29:00,224.2,9.7,2175,220.0,9.4,2068,25918,16536,51.1,679.0
Station_01,Inv_00,20170813,08:30:00,230.4,10.9,2511,220.0,10.7,2354,25918,16536,51.8,682.0
Station_01,Inv_00,20170813,08:31:00,229.0,11.2,2564,221.0,10.6,2343,25918,16536,51.9,708.0
Station_01,Inv_00,20170813,08:32:00,228.0,8.1,1847,220.0,7.8,1716,25918,16536,52.9,629.0
Station_01,Inv_00,20170813,08:33:00,227.5,11.4,2593,221.0,11.1,2453,25918,16536,54.3,722.0
Station_01,Inv_00,20170813,08:34:00,226.5,5.5,1246,219.0,5.4,1183,25918,16536,53.4,397.0
Station_01,Inv_00,20170813,08:35:00,227.5,5.3,1206,219.0,5.1,1117,25918,16536,51.2,350.0
Station_01,Inv_00,20170813,08:36:00,226.0,6.2,1401,220.0,5.9,1298,25918,16536,51.0,392.0
Station_01,Inv_00,20170813,08:37:00,227.5,7.1,1615,220.0,6.8,1496,25918,16536,50.5,369.0
Station_01,Inv_00,20170813,08:38:00,231.5,10.2,2361,220.0,10.2,2244,25918,16536,49.8,615.0
Station_01,Inv_00,20170813,08:39:00,234.4,8.3,1946,220.0,8.5,1870,25918,16536,51.0,577.0
Station_01,Inv_00,20170813,08:40:00,222.5,8.2,1824,219.0,7.9,1730,25918,16536,50.3,556.0
Station_01,Inv_00,20170813,08:41:00,221.5,11.3,2503,219.0,10.8,2365,25918,16536,50.4,695.0
Station_01,Inv_00,20170813,08:42:00,226.5,9.7,2197,220.0,9.5,2090,25918,16536,51.2,654.0
Station_01,Inv_00,20170813,08:43:00,218.5,6.5,1420,220.0,6.0,1320,25918,16536,50.9,429.0
Station_01,Inv_00,20170813,08:44:00,227.4,5.0,1137,220.0,4.7,1034,25918,16536,50.0,342.0
Station_01,Inv_00,20170813,08:45:00,225.5,4.2,947,219.0,4.1,898,25918,16536,48.3,296.0
Station_01,Inv_00,20170813,08:46:00,226.0,4.2,949,219.0,4.0,876,25918,16536,47.2,284.0
Station_01,Inv_00,20170813,08:47:00,228.5,4.2,960,219.0,4.0,876,25918,16536,46.0,281.0
Station_01,Inv_00,20170813,08:48:00,226.9,4.3,976,219.0,4.1,898,25918,16536,45.2,285.0
Station_01,Inv_00,20170813,08:49:00,234.4,4.6,1078,219.0,4.5,986,25918,16536,44.6,301.0
Station_01,Inv_00,20170813,08:50:00,235.4,5.0,1177,220.0,4.9,1078,25918,16536,44.2,331.0
Station_01,Inv_00,20170813,08:51:00,228.0,5.2,1186,219.0,5.0,1095,25918,16536,44.2,333.0
Station_01,Inv_00,20170813,08:52:00,230.5,5.3,1222,219.0,5.3,1161,25918,16536,44.5,346.0
Station_01,Inv_00,20170813,08:53:00,235.0,5.2,1222,221.0,5.2,1149,25918,16536,44.7,346.0
Station_01,Inv_00,20170813,08:54:00,232.0,5.5,1276,220.0,5.5,1210,25918,16536,44.9,363.0
Station_01,Inv_00,20170813,08:55:00,234.5,10.7,2509,220.0,10.9,2398,25918,16536,45.9,652.0
Station_01,Inv_00,20170813,08:56:00,229.5,7.7,1767,220.0,7.6,1672,25918,16536,47.1,504.0
Station_01,Inv_00,20170813,08:57:00,224.9,13.1,2947,220.0,12.4,2728,25919,16536,48.4,735.0
Station_01,Inv_00,20170813,08:58:00,227.9,6.5,1481,219.0,6.4,1402,25919,16536,48.5,478.0
Station_01,Inv_00,20170813,08:59:00,232.0,6.3,1462,219.0,6.2,1358,25919,16536,47.6,403.0
Station_01,Inv_00,20170813,09:00:00,234.0,5.8,1357,220.0,5.8,1276,25919,16536,47.1,387.0
Station_01,Inv_00,20170813,09:01:00,232.0,5.5,1276,220.0,5.5,1210,25919,16536,47.2,363.0
Station_01,Inv_00,20170813,09:02:00,227.0,5.2,1180,219.0,5.0,1095,25919,16536,47.0,341.0
Station_01,Inv_00,20170813,09:03:00,236.4,4.5,1064,219.0,4.6,1007,25919,16536,46.2,315.0
Station_01,Inv_00,20170813,09:04:00,232.5,4.2,977,219.0,4.1,898,25919,16536,45.1,282.0
Station_01,Inv_00,20170813,09:05:00,225.5,4.2,947,219.0,4.0,876,25919,16536,43.9,274.0
Station_01,Inv_00,20170813,09:06:00,233.0,4.4,1025,219.0,4.3,942,25919,16536,43.5,287.0
Station_01,Inv_00,20170813,09:07:00,228.5,4.7,1074,220.0,4.6,1012,25919,16536,43.4,309.0
Station_01,Inv_00,20170813,09:08:00,234.0,4.9,1147,219.0,4.9,1073,25919,16536,42.9,333.0
Station_01,Inv_00,20170813,09:09:00,236.0,4.8,1133,219.0,4.7,1029,25919,16536,42.8,314.0
Station_01,Inv_00,20170813,09:10:00,239.5,5.1,1221,220.0,5.1,1122,25919,16536,42.4,334.0
Station_01,Inv_00,20170813,09:11:00,240.0,5.1,1224,220.0,5.3,1166,25919,16536,42.4,349.0
Station_01,Inv_00,20170813,09:12:00,234.5,5.4,1266,220.0,5.5,1210,25919,16536,42.4,361.0
Station_01,Inv_00,20170813,09:13:00,238.5,8.0,1908,220.0,8.0,1760,25919,16536,42.9,382.0
Station_01,Inv_00,20170813,09:14:00,233.0,12.7,2959,220.0,12.7,2794,25919,16536,44.7,700.0
Station_01,Inv_00,20170813,09:15:00,231.7,4.8,1112,220.0,4.8,1056,25919,16536,44.6,426.0
Station_01,Inv_00,20170813,09:16:00,235.0,6.0,1410,220.0,5.6,1232,25919,16536,44.1,344.0
Station_01,Inv_00,20170813,09:17:00,233.5,4.2,981,220.0,4.2,924,25919,16536,43.7,294.0
Station_01,Inv_00,20170813,09:18:00,235.0,12.8,3008,221.0,12.7,2807,25919,16536,44.6,650.0
Station_01,Inv_00,20170813,09:19:00,228.0,12.9,2941,221.0,12.6,2785,25919,16536,46.4,822.0
Station_01,Inv_00,20170813,09:20:00,223.4,10.8,2413,221.0,11.4,2519,25919,16536,48.5,799.0
Station_01,Inv_00,20170813,09:21:00,226.5,9.0,2039,220.0,8.3,1826,25919,16536,48.2,570.0
Station_01,Inv_00,20170813,09:22:00,223.0,5.7,1271,220.0,5.4,1188,25919,16536,48.3,423.0
Station_01,Inv_00,20170813,09:23:00,227.0,13.0,2951,220.0,12.5,2750,25919,16536,51.1,825.0
Station_01,Inv_00,20170813,09:24:00,225.5,12.5,2819,220.0,12.1,2662,25919,16536,52.6,805.0
Station_01,Inv_00,20170813,09:25:00,227.0,12.2,2769,219.0,11.9,2606,25919,16536,54.4,794.0
Station_01,Inv_00,20170813,09:26:00,222.9,12.7,2831,219.0,12.1,2650,25919,16536,54.3,811.0
Station_01,Inv_00,20170813,09:27:00,210.0,5.5,1155,218.0,4.6,1003,25919,16536,53.9,558.0
Station_01,Inv_00,20170813,09:28:00,216.5,11.7,2533,219.0,10.5,2300,25919,16536,54.4,721.0
Station_01,Inv_00,20170813,09:29:00,221.9,10.6,2352,220.0,10.1,2222,25919,16536,51.3,381.0
Station_01,Inv_00,20170813,09:30:00,216.5,13.4,2901,220.0,12.4,2728,25919,16536,54.8,835.0
Station_01,Inv_00,20170813,09:31:00,216.5,10.4,2252,220.0,9.5,2090,25920,16537,56.0,772.0
Station_01,Inv_00,20170813,09:32:00,216.5,14.4,3118,221.0,13.2,2917,25920,16537,56.3,897.0
Station_01,Inv_00,20170813,09:33:00,221.5,5.8,1285,218.0,5.4,1177,25920,16537,56.6,477.0
Station_01,Inv_00,20170813,09:34:00,220.0,5.4,1188,219.0,5.1,1117,25920,16537,53.9,362.0
Station_01,Inv_00,20170813,09:35:00,226.2,6.8,1538,219.0,6.2,1358,25920,16537,51.7,386.0
Station_01,Inv_00,20170813,09:36:00,226.0,4.7,1062,218.0,4.5,981,25920,16537,50.7,313.0
Station_01,Inv_00,20170813,09:37:00,227.0,4.4,999,218.0,4.4,959,25920,16537,49.6,317.0
Station_01,Inv_00,20170813,09:38:00,220.3,6.0,1322,218.0,5.6,1221,25920,16537,48.5,398.0
Station_01,Inv_00,20170813,09:39:00,224.5,6.1,1369,219.0,6.0,1314,25920,16537,48.5,403.0
Station_01,Inv_00,20170813,09:40:00,231.0,6.4,1478,219.0,6.2,1358,25920,16537,48.1,328.0
Station_01,Inv_00,20170813,09:41:00,228.0,4.2,958,219.0,4.0,876,25920,16537,47.0,285.0
Station_01,Inv_00,20170813,09:42:00,231.4,13.0,3008,220.0,12.9,2838,25920,16537,47.6,642.0
Station_01,Inv_00,20170813,09:43:00,221.5,14.2,3145,220.0,13.4,2948,25920,16537,49.3,893.0
Station_01,Inv_00,20170813,09:44:00,222.0,14.1,3131,220.0,13.3,2926,25920,16537,51.0,887.0
Station_01,Inv_00,20170813,09:45:00,229.0,5.1,1168,219.0,5.0,1095,25920,16537,50.7,418.0
Station_01,Inv_00,20170813,09:46:00,227.0,7.6,1725,219.0,7.3,1599,25920,16537,50.1,468.0
Station_01,Inv_00,20170813,09:47:00,229.0,14.3,3274,220.0,13.9,3058,25920,16537,52.1,846.0
Station_01,Inv_00,20170813,09:48:00,224.0,4.8,1075,219.0,4.5,986,25920,16537,51.3,382.0
Station_01,Inv_00,20170813,09:49:00,230.0,14.0,3220,220.0,13.0,2860,25920,16537,48.8,431.0
Station_01,Inv_00,20170813,09:50:00,224.5,11.8,2649,219.0,11.7,2562,25920,16537,52.9,937.0
Station_01,Inv_00,20170813,09:51:00,220.5,15.7,3462,219.0,14.8,3241,25920,16537,55.5,997.0
Station_01,Inv_00,20170813,09:52:00,215.5,16.2,3491,219.0,14.8,3241,25920,16537,56.5,1024.0
Station_01,Inv_00,20170813,09:53:00,213.5,16.1,3437,219.0,14.7,3219,25920,16537,58.7,1014.0
Station_01,Inv_00,20170813,09:54:00,209.9,10.7,2246,219.0,9.9,2168,25920,16537,58.5,657.0
Station_01,Inv_00,20170813,09:55:00,219.4,12.6,2764,219.0,11.2,2453,25920,16537,56.8,580.0
Station_01,Inv_00,20170813,09:56:00,203.1,7.0,1422,219.0,6.8,1489,25920,16537,56.0,690.0
Station_01,Inv_00,20170813,09:57:00,224.8,4.5,1012,218.0,4.3,937,25920,16537,52.8,312.0
Station_01,Inv_00,20170813,09:58:00,228.0,4.1,935,218.0,4.1,894,25920,16537,52.7,283.0
Station_01,Inv_00,20170813,09:59:00,226.0,4.5,1017,219.0,4.3,942,25920,16537,51.7,290.0
Station_01,Inv_00,20170813,10:00:00,217.4,5.2,1130,219.0,4.6,1007,25921,16538,50.9,319.0
Station_01,Inv_00,20170813,10:01:00,212.0,16.0,3392,219.0,14.6,3197,25921,16538,50.9,771.0
Station_01,Inv_00,20170813,10:02:00,217.0,12.0,2604,219.0,10.8,2365,25921,16538,52.8,619.0
Station_01,Inv_00,20170813,10:03:00,220.5,14.7,3241,219.0,13.5,2957,25921,16538,55.4,899.0
Station_01,Inv_00,20170813,10:04:00,225.0,5.2,1170,218.0,4.9,1068,25921,16538,53.0,351.0
Station_01,Inv_00,20170813,10:05:00,227.5,4.7,1069,218.0,4.5,981,25921,16538,51.6,312.0
Station_01,Inv_00,20170813,10:06:00,226.9,4.2,953,217.0,4.1,890,25921,16538,50.2,285.0
Station_01,Inv_00,20170813,10:07:00,228.5,3.8,868,218.0,3.9,850,25921,16538,47.9,266.0
Station_01,Inv_00,20170813,10:08:00,229.0,3.8,870,219.0,3.7,810,25921,16538,47.0,254.0
Station_01,Inv_00,20170813,10:09:00,229.0,4.1,939,218.0,4.0,872,25921,16538,46.6,268.0
Station_01,Inv_00,20170813,10:10:00,223.4,10.6,2368,218.0,10.1,2202,25921,16538,46.5,581.0
Station_01,Inv_00,20170813,10:11:00,223.9,4.0,896,219.0,3.9,854,25921,16538,47.1,405.0
Station_01,Inv_00,20170813,10:12:00,232.5,3.3,767,219.0,3.4,745,25921,16538,45.4,239.0
Station_01,Inv_00,20170813,10:13:00,232.0,3.0,696,218.0,3.0,654,25921,16538,45.0,209.0
Station_01,Inv_00,20170813,10:14:00,208.0,2.8,582,219.0,2.6,569,25921,16538,44.5,191.0
Station_01,Inv_00,20170813,10:15:00,216.7,2.6,563,218.0,2.5,545,25921,16538,43.9,181.0
Station_01,Inv_00,20170813,10:16:00,236.0,2.3,543,219.0,2.4,526,25921,16538,42.8,168.0
Station_01,Inv_00,20170813,10:17:00,234.0,2.2,515,219.0,2.3,504,25921,16538,42.1,162.0
Station_01,Inv_00,20170813,10:18:00,236.4,2.2,520,218.0,2.3,501,25921,16538,40.6,163.0
Station_01,Inv_00,20170813,10:19:00,236.0,2.3,543,218.0,2.4,523,25921,16538,40.0,168.0
Station_01,Inv_00,20170813,10:20:00,240.9,2.8,675,218.0,3.1,676,25921,16538,39.7,194.0
Station_01,Inv_00,20170813,10:21:00,228.0,3.5,798,218.0,3.6,785,25921,16538,39.2,238.0
Station_01,Inv_00,20170813,10:22:00,236.9,4.4,1042,219.0,4.5,986,25921,16538,39.1,289.0
Station_01,Inv_00,20170813,10:23:00,237.5,4.9,1164,219.0,4.9,1073,25921,16538,39.4,335.0
Station_01,Inv_00,20170813,10:24:00,239.0,5.5,1314,217.0,5.7,1237,25921,16538,39.5,351.0
Station_01,Inv_00,20170813,10:25:00,233.5,17.0,3970,219.0,17.1,3745,25921,16538,43.3,1049.0
Station_01,Inv_00,20170813,10:26:00,229.5,10.7,2456,218.0,10.4,2267,25921,16538,46.3,777.0
Station_01,Inv_00,20170813,10:27:00,230.5,6.0,1383,218.0,5.9,1286,25921,16538,46.1,423.0
Station_01,Inv_00,20170813,10:28:00,236.0,5.2,1227,218.0,5.3,1155,25921,16538,44.8,360.0
Station_01,Inv_00,20170813,10:29:00,234.0,16.8,3931,219.0,16.7,3657,25921,16538,45.7,703.0
Station_01,Inv_00,20170813,10:30:00,225.3,16.6,3741,219.0,16.4,3592,25921,16538,48.8,979.0
Station_01,Inv_00,20170813,10:31:00,230.9,9.0,2078,218.0,8.6,1875,25921,16538,49.8,621.0
Station_01,Inv_00,20170813,10:32:00,230.0,5.9,1357,219.0,5.8,1270,25921,16538,50.6,463.0
Station_01,Inv_00,20170813,10:33:00,233.5,5.1,1191,219.0,5.1,1117,25921,16538,49.4,350.0
Station_01,Inv_00,20170813,10:34:00,228.9,5.2,1190,218.0,5.0,1090,25921,16538,48.0,347.0
Station_01,Inv_00,20170813,10:35:00,224.5,5.6,1257,218.0,5.3,1155,25921,16538,46.7,348.0
Station_01,Inv_00,20170813,10:36:00,205.0,6.7,1373,219.0,5.9,1292,25921,16538,46.8,476.0
Station_01,Inv_00,20170813,10:37:00,216.5,4.3,931,219.0,4.1,898,25921,16538,46.0,336.0
Station_01,Inv_00,20170813,10:38:00,237.0,3.5,830,219.0,3.6,788,25921,16538,44.4,250.0
Station_01,Inv_00,20170813,10:39:00,234.5,3.4,797,218.0,3.5,763,25921,16538,43.6,231.0
Station_01,Inv_00,20170813,10:40:00,237.8,3.6,856,217.0,3.8,825,25921,16538,42.5,257.0
Station_01,Inv_00,20170813,10:41:00,236.5,4.3,1017,218.0,4.2,916,25921,16538,42.1,280.0
Station_01,Inv_00,20170813,10:42:00,222.4,5.9,1312,218.0,6.0,1308,25921,16538,42.2,359.0
Station_01,Inv_00,20170813,10:43:00,219.0,6.0,1314,219.0,5.4,1183,25922,16538,46.5,665.0
Station_01,Inv_00,20170813,10:44:00,223.5,17.1,3821,220.0,16.3,3586,25922,16538,49.9,984.0
Station_01,Inv_00,20170813,10:45:00,221.0,16.7,3691,219.0,15.8,3460,25922,16538,52.3,1009.0
Station_01,Inv_00,20170813,10:46:00,219.8,3.6,791,217.0,3.5,760,25922,16538,50.1,300.0
Station_01,Inv_00,20170813,10:47:00,233.4,3.4,793,217.0,3.6,781,25922,16538,48.2,237.0
Station_01,Inv_00,20170813,10:48:00,230.9,3.4,785,217.0,3.6,781,25922,16538,46.5,244.0
Station_01,Inv_00,20170813,10:49:00,233.0,3.9,909,217.0,3.9,846,25922,16538,44.8,251.0
Station_01,Inv_00,20170813,10:50:00,225.0,4.8,1080,217.0,4.6,998,25922,16538,44.7,296.0
Station_01,Inv_00,20170813,10:51:00,205.0,8.0,1640,218.0,7.2,1570,25922,16538,45.8,652.0
Station_01,Inv_00,20170813,10:52:00,234.0,13.5,3159,220.0,13.0,2860,25922,16538,45.3,582.0
Station_01,Inv_00,20170813,10:53:00,234.0,16.4,3837,219.0,16.3,3570,25922,16538,50.2,1077.0
Station_01,Inv_00,20170813,10:54:00,201.0,8.2,1648,218.0,8.0,1744,25922,16538,52.0,919.0
Station_01,Inv_00,20170813,10:55:00,208.0,11.1,2309,219.0,10.1,2212,25922,16538,53.4,981.0
Station_01,Inv_00,20170813,10:56:00,223.5,13.6,3040,220.0,13.8,3036,25922,16538,55.5,967.0
Station_01,Inv_00,20170813,10:57:00,221.0,16.9,3735,220.0,15.9,3498,25922,16538,56.7,1092.0
Station_01,Inv_00,20170813,10:58:00,215.0,17.4,3741,220.0,15.9,3498,25922,16538,59.3,1103.0
Station_01,Inv_00,20170813,10:59:00,213.5,7.4,1580,219.0,6.8,1489,25922,16538,55.8,577.0
Station_01,Inv_00,20170813,11:00:00,217.0,8.0,1736,218.0,7.6,1657,25922,16538,54.8,514.0
Station_01,Inv_00,20170813,11:01:00,212.5,18.8,3995,220.0,16.8,3696,25922,16538,55.0,1002.0
Station_01,Inv_00,20170813,11:02:00,215.5,16.8,3620,220.0,15.6,3432,25922,16538,56.7,1094.0
Station_01,Inv_00,20170813,11:03:00,212.0,17.2,3646,219.0,15.5,3395,25922,16538,59.7,1085.0
Station_01,Inv_00,20170813,11:04:00,216.5,16.6,3594,219.0,15.4,3373,25922,16538,58.8,1071.0
Station_01,Inv_00,20170813,11:05:00,205.5,16.0,3288,219.0,14.0,3066,25922,16538,59.6,978.0
Station_01,Inv_00,20170813,11:06:00,211.5,16.5,3489,220.0,14.9,3278,25923,16539,60.1,1048.0
Station_01,Inv_00,20170813,11:07:00,207.5,15.9,3299,219.0,14.2,3110,25923,16539,60.9,1000.0
Station_01,Inv_00,20170813,11:08:00,207.4,16.0,3318,219.0,13.9,3044,25923,16539,59.1,970.0
Station_01,Inv_00,20170813,11:09:00,201.5,11.1,2236,218.0,9.7,2115,25923,16539,58.7,818.0
Station_01,Inv_00,20170813,11:10:00,200.5,16.5,3308,220.0,13.5,2970,25923,16539,57.3,776.0
Station_01,Inv_00,20170813,11:11:00,210.5,17.1,3600,221.0,15.3,3381,25923,16539,59.5,1076.0
Station_01,Inv_00,20170813,11:12:00,203.9,17.4,3548,220.0,15.1,3322,25923,16539,61.6,1080.0
Station_01,Inv_00,20170813,11:13:00,209.0,16.5,3448,220.0,14.7,3234,25923,16539,63.0,1045.0
Station_01,Inv_00,20170813,11:14:00,200.0,16.9,3380,219.0,14.4,3154,25923,16539,60.5,1028.0
Station_01,Inv_00,20170813,11:15:00,213.5,15.9,3395,220.0,14.4,3168,25923,16539,60.5,1036.0
Station_01,Inv_00,20170813,11:16:00,213.0,16.1,3429,220.0,14.6,3212,25923,16539,60.5,1050.0
Station_01,Inv_00,20170813,11:17:00,210.5,16.5,3473,220.0,14.8,3256,25923,16539,62.1,1053.0
Station_01,Inv_00,20170813,11:18:00,211.5,16.2,3426,220.0,14.5,3190,25923,16539,61.2,1032.0
Station_01,Inv_00,20170813,11:19:00,202.0,16.9,3414,220.0,14.5,3190,25923,16539,61.4,1050.0
Station_01,Inv_00,20170813,11:20:00,213.5,3.7,790,218.0,3.5,763,25923,16539,58.4,275.0
Station_01,Inv_00,20170813,11:21:00,220.6,4.3,948,219.0,4.0,876,25923,16539,55.8,278.0
Station_01,Inv_00,20170813,11:22:00,226.3,5.5,1245,218.0,5.3,1155,25923,16539,55.2,358.0
Station_01,Inv_00,20170813,11:23:00,226.3,4.4,996,217.0,4.2,911,25923,16539,53.3,310.0
Station_01,Inv_00,20170813,11:24:00,218.5,4.8,1049,217.0,4.4,955,25923,16539,52.6,298.0
Station_01,Inv_00,20170813,11:25:00,216.5,17.5,3789,219.0,16.2,3548,25923,16539,52.7,992.0
Station_01,Inv_00,20170813,11:26:00,220.5,16.8,3704,219.0,15.8,3460,25923,16539,55.6,1092.0
Station_01,Inv_00,20170813,11:27:00,227.9,4.6,1048,218.0,4.5,981,25923,16539,52.5,327.0
Station_01,Inv_00,20170813,11:28:00,229.5,5.0,1147,218.0,4.8,1046,25923,16539,50.6,321.0
Station_01,Inv_00,20170813,11:29:00,227.5,6.8,1547,218.0,6.6,1439,25924,16540,49.0,391.0
Station_01,Inv_00,20170813,11:30:00,231.9,4.8,1113,218.0,4.8,1046,25924,16540,48.6,352.0
Station_01,Inv_00,20170813,11:31:00,231.0,4.8,1109,218.0,4.8,1046,25924,16540,47.9,324.0
Station_01,Inv_00,20170813,11:32:00,226.5,17.7,4009,221.0,17.0,3757,25924,16540,48.4,1014.0
Station_01,Inv_00,20170813,11:33:00,207.0,17.0,3520,219.0,14.6,3197,25924,16540,51.7,1126.0
Station_01,Inv_00,20170813,11:34:00,220.5,5.0,1103,218.0,4.7,1025,25924,16540,52.8,599.0
Station_01,Inv_00,20170813,11:35:00,214.3,5.0,1072,218.0,4.6,1003,25924,16540,51.7,404.0
Station_01,Inv_00,20170813,11:36:00,218.5,17.5,3823,220.0,16.2,3564,25924,16540,53.4,1066.0
Station_01,Inv_00,20170813,11:37:00,222.0,16.9,3752,220.0,15.9,3498,25924,16540,55.0,1050.0
Station_01,Inv_00,20170813,11:38:00,213.0,17.7,3770,220.0,16.0,3520,25924,16540,56.5,1108.0
Station_01,Inv_00,20170813,11:39:00,218.0,17.2,3749,219.0,15.9,3482,25924,16540,58.6,1117.0
Station_01,Inv_00,20170813,11:40:00,216.0,16.8,3629,219.0,15.4,3373,25924,16540,59.7,1028.0
Station_01,Inv_00,20170813,11:41:00,209.0,17.3,3616,220.0,15.4,3388,25924,16540,61.2,1087.0
Station_01,Inv_00,20170813,11:42:00,208.0,17.3,3598,221.0,15.3,3381,25924,16540,62.4,1098.0
Station_01,Inv_00,20170813,11:43:00,212.0,17.0,3604,220.0,15.4,3388,25924,16540,63.6,1093.0
Station_01,Inv_00,20170813,11:44:00,211.5,17.7,3744,219.0,15.9,3482,25924,16540,64.3,1141.0
Station_01,Inv_00,20170813,11:45:00,207.0,17.9,3705,219.0,15.9,3482,25924,16540,65.7,1136.0
Station_01,Inv_00,20170813,11:46:00,205.0,18.2,3731,220.0,15.9,3498,25924,16540,66.3,1149.0
Station_01,Inv_00,20170813,11:47:00,209.8,6.7,1406,218.0,6.0,1308,25924,16540,63.9,480.0
Station_01,Inv_00,20170813,11:48:00,209.0,8.7,1818,219.0,8.1,1774,25924,16540,61.2,469.0
Station_01,Inv_00,20170813,11:49:00,220.4,6.2,1367,218.0,5.9,1286,25924,16540,57.8,399.0
Station_01,Inv_00,20170813,11:50:00,221.5,5.5,1218,218.0,5.2,1134,25924,16540,56.1,372.0
Station_01,Inv_00,20170813,11:51:00,220.5,5.1,1125,219.0,4.8,1051,25924,16540,52.7,333.0
Station_01,Inv_00,20170813,11:52:00,224.4,16.2,3636,219.0,15.5,3395,25925,16540,51.6,696.0
Station_01,Inv_00,20170813,11:53:00,226.8,16.7,3788,219.0,15.6,3416,25925,16540,51.5,544.0
Station_01,Inv_00,20170813,11:54:00,221.5,16.8,3721,219.0,15.9,3482,25925,16540,55.1,1081.0
Station_01,Inv_00,20170813,11:55:00,220.0,16.4,3608,218.0,15.4,3357,25925,16540,57.1,1062.0
Station_01,Inv_00,20170813,11:56:00,216.5,16.5,3572,219.0,15.3,3351,25925,16540,58.2,1025.0
Station_01,Inv_00,20170813,11:57:00,212.0,17.0,3604,219.0,15.4,3373,25925,16540,59.6,1075.0
Station_01,Inv_00,20170813,11:58:00,216.0,16.6,3585,219.0,15.3,3351,25925,16540,60.2,1066.0
Station_01,Inv_00,20170813,11:59:00,212.5,16.2,3443,219.0,14.8,3241,25925,16540,61.3,1053.0
Station_01,Inv_00,20170813,12:00:00,211.6,8.5,1799,218.0,7.7,1679,25925,16540,58.5,587.0
Station_01,Inv_00,20170813,12:01:00,212.9,17.6,3747,219.0,16.0,3504,25925,16540,59.1,974.0
Station_01,Inv_00,20170813,12:02:00,212.5,17.0,3612,220.0,15.5,3410,25925,16540,61.1,1065.0
Station_01,Inv_00,20170813,12:03:00,200.5,14.0,2807,219.0,12.4,2716,25925,16540,59.9,823.0
Station_01,Inv_00,20170813,12:04:00,209.4,12.8,2681,219.0,11.6,2540,25925,16540,60.0,897.0
Station_01,Inv_00,20170813,12:05:00,210.9,16.4,3459,219.0,14.7,3219,25925,16540,60.9,1034.0
Station_01,Inv_00,20170813,12:06:00,203.0,17.0,3451,219.0,14.7,3219,25925,16540,62.6,1044.0
Station_01,Inv_00,20170813,12:07:00,212.0,16.2,3434,220.0,14.7,3234,25925,16540,62.4,1038.0
Station_01,Inv_00,20170813,12:08:00,210.0,16.6,3486,220.0,14.9,3278,25925,16540,63.5,1057.0
Station_01,Inv_00,20170813,12:09:00,209.5,16.8,3519,220.0,15.0,3300,25925,16540,63.5,1067.0
Station_01,Inv_00,20170813,12:10:00,206.5,17.1,3531,221.0,15.0,3315,25925,16540,63.4,1084.0
Station_01,Inv_00,20170813,12:11:00,211.0,16.9,3566,220.0,15.2,3344,25926,16541,64.0,1087.0
Station_01,Inv_00,20170813,12:12:00,199.9,12.6,2518,220.0,10.2,2244,25926,16541,61.4,646.0
Station_01,Inv_00,20170813,12:13:00,208.5,17.6,3669,221.0,15.5,3426,25926,16541,63.1,1085.0
Station_01,Inv_00,20170813,12:14:00,201.5,18.5,3728,220.0,15.8,3476,25926,16541,63.1,1135.0
Station_01,Inv_00,20170813,12:15:00,206.9,6.8,1407,219.0,6.0,1314,25926,16541,61.4,484.0
Station_01,Inv_00,20170813,12:16:00,210.5,18.3,3852,220.0,16.4,3608,25926,16541,61.6,1016.0
Station_01,Inv_00,20170813,12:17:00,209.5,7.2,1508,219.0,6.6,1445,25926,16541,59.7,501.0
Station_01,Inv_00,20170813,12:18:00,209.0,17.0,3553,221.0,15.2,3359,25926,16541,61.1,1021.0
Station_01,Inv_00,20170813,12:19:00,203.5,17.4,3541,220.0,15.2,3344,25926,16541,60.1,1090.0
Station_01,Inv_00,20170813,12:20:00,208.0,17.3,3598,221.0,15.2,3359,25926,16541,62.3,1085.0
Station_01,Inv_00,20170813,12:21:00,206.5,17.6,3634,221.0,15.5,3426,25926,16541,64.2,1108.0
Station_01,Inv_00,20170813,12:22:00,184.0,6.2,1141,219.0,4.9,1073,25926,16541,64.5,760.0
Station_01,Inv_00,20170813,12:23:00,212.4,8.1,1721,218.0,7.6,1657,25926,16541,60.5,554.0
Station_01,Inv_00,20170813,12:24:00,212.0,17.2,3646,220.0,15.6,3432,25926,16541,63.1,1102.0
Station_01,Inv_00,20170813,12:25:00,208.5,14.3,2982,219.0,12.0,2628,25926,16541,62.5,853.0
Station_01,Inv_00,20170813,12:26:00,208.5,6.6,1376,218.0,5.8,1264,25926,16541,58.4,418.0
Station_01,Inv_00,20170813,12:27:00,195.0,13.6,2652,218.0,11.1,2420,25926,16541,57.7,898.0
Station_01,Inv_00,20170813,12:28:00,208.4,17.7,3689,219.0,15.7,3438,25926,16541,58.0,1028.0
Station_01,Inv_00,20170813,12:29:00,210.4,18.9,3976,220.0,16.7,3674,25926,16541,59.8,1153.0
Station_01,Inv_00,20170813,12:30:00,216.5,6.6,1429,218.0,6.2,1352,25926,16541,58.0,458.0
Station_01,Inv_00,20170813,12:31:00,223.5,6.8,1520,219.0,6.4,1402,25926,16541,56.9,412.0
Station_01,Inv_00,20170813,12:32:00,218.4,9.6,2097,219.0,9.4,2059,25927,16541,57.7,665.0
Station_01,Inv_00,20170813,12:33:00,212.9,17.6,3746,219.0,15.9,3482,25927,16541,59.3,1045.0
Station_01,Inv_00,20170813,12:34:00,207.0,19.1,3954,220.0,16.7,3674,25927,16541,61.7,1171.0
Station_01,Inv_00,20170813,12:35:00,208.5,17.8,3711,219.0,15.9,3482,25927,16541,61.3,977.0
Station_01,Inv_00,20170813,12:36:00,198.5,5.8,1151,218.0,4.9,1068,25927,16541,60.6,495.0
Station_01,Inv_00,20170813,12:37:00,216.0,4.7,1015,217.0,4.3,933,25927,16541,57.8,304.0
Station_01,Inv_00,20170813,12:38:00,223.0,5.0,1115,218.0,4.7,1025,25927,16541,55.3,312.0
Station_01,Inv_00,20170813,12:39:00,220.5,9.7,2139,219.0,9.4,2059,25927,16541,54.6,520.0
Station_01,Inv_00,20170813,12:40:00,227.0,5.2,1180,218.0,5.1,1112,25927,16541,53.2,353.0
Station_01,Inv_00,20170813,12:41:00,224.0,5.3,1187,217.0,5.1,1107,25927,16541,50.4,343.0
Station_01,Inv_00,20170813,12:42:00,224.5,5.4,1212,219.0,5.1,1117,25927,16541,49.7,347.0
Station_01,Inv_00,20170813,12:43:00,231.9,4.9,1136,219.0,4.7,1029,25927,16541,48.6,317.0
Station_01,Inv_00,20170813,12:44:00,231.5,4.8,1111,218.0,4.7,1025,25927,16541,47.2,312.0
Station_01,Inv_00,20170813,12:45:00,234.5,5.0,1173,218.0,5.0,1090,25927,16541,46.1,324.0
Station_01,Inv_00,20170813,12:46:00,229.5,5.7,1308,218.0,5.7,1243,25927,16541,45.8,355.0
Station_01,Inv_00,20170813,12:47:00,238.5,9.2,2194,218.0,9.3,2027,25927,16541,46.3,481.0
Station_01,Inv_00,20170813,12:48:00,230.5,16.6,3826,219.0,16.3,3570,25927,16541,51.3,1050.0
Station_01,Inv_00,20170813,12:49:00,219.5,17.1,3753,219.0,16.0,3504,25927,16541,53.5,1078.0
Station_01,Inv_00,20170813,12:50:00,211.0,5.8,1224,218.0,5.3,1155,25927,16541,54.7,582.0
Station_01,Inv_00,20170813,12:51:00,217.0,11.1,2408,220.0,10.3,2266,25927,16541,53.5,584.0
Station_01,Inv_00,20170813,12:52:00,226.0,6.6,1492,218.0,6.6,1439,25927,16541,51.2,435.0
Station_01,Inv_00,20170813,12:53:00,204.0,7.3,1489,218.0,6.9,1504,25927,16541,53.3,794.0
Station_01,Inv_00,20170813,12:54:00,224.5,5.4,1212,219.0,5.1,1117,25927,16541,50.6,356.0
Station_01,Inv_00,20170813,12:55:00,232.0,5.4,1253,219.0,5.4,1183,25927,16541,50.8,356.0
Station_01,Inv_00,20170813,12:56:00,233.0,9.4,2190,219.0,8.9,1949,25927,16541,50.7,590.0
Station_01,Inv_00,20170813,12:57:00,222.9,16.3,3633,220.0,15.5,3410,25927,16541,55.4,1070.0
Station_01,Inv_00,20170813,12:58:00,223.0,16.8,3746,220.0,16.0,3520,25927,16541,56.4,1067.0
Station_01,Inv_00,20170813,12:59:00,218.5,16.6,3627,219.0,15.5,3395,25927,16541,58.8,1048.0
Station_01,Inv_00,20170813,13:00:00,209.5,17.7,3708,219.0,15.8,3460,25928,16542,59.3,1067.0
Station_01,Inv_00,20170813,13:01:00,191.0,10.3,1967,219.0,10.2,2234,25928,16542,61.0,1038.0
Station_01,Inv_00,20170813,13:02:00,211.5,13.0,2750,219.0,11.4,2497,25928,16542,60.0,771.0
Station_01,Inv_00,20170813,13:03:00,212.0,16.7,3540,220.0,15.1,3322,25928,16542,61.7,1042.0
Station_01,Inv_00,20170813,13:04:00,210.5,16.5,3473,219.0,14.8,3241,25928,16542,61.2,1024.0
Station_01,Inv_00,20170813,13:05:00,212.5,16.1,3421,219.0,14.7,3219,25928,16542,61.8,1016.0
Station_01,Inv_00,20170813,13:06:00,212.0,15.7,3328,219.0,14.3,3132,25928,16542,64.0,1013.0
Station_01,Inv_00,20170813,13:07:00,215.0,5.3,1140,218.0,5.0,1090,25928,16542,59.6,374.0
Station_01,Inv_00,20170813,13:08:00,195.8,12.0,2349,219.0,11.7,2562,25928,16542,58.3,815.0
Station_01,Inv_00,20170813,13:09:00,222.0,12.2,2708,218.0,8.4,1831,25928,16542,56.4,476.0
Station_01,Inv_00,20170813,13:10:00,220.9,5.3,1171,218.0,4.9,1068,25928,16542,54.9,353.0
Station_01,Inv_00,20170813,13:11:00,225.0,15.9,3577,220.0,14.8,3256,25928,16542,52.9,484.0
Station_01,Inv_00,20170813,13:12:00,216.6,8.3,1798,219.0,7.5,1643,25928,16542,54.8,636.0
Station_01,Inv_00,20170813,13:13:00,222.4,6.4,1424,219.0,6.1,1336,25928,16542,54.2,486.0
Station_01,Inv_00,20170813,13:14:00,218.5,16.6,3627,220.0,15.4,3388,25928,16542,54.4,732.0
Station_01,Inv_00,20170813,13:15:00,182.0,6.5,1183,219.0,5.6,1226,25928,16542,57.0,895.0
Station_01,Inv_00,20170813,13:16:00,208.0,16.7,3474,220.0,14.6,3212,25928,16542,56.0,802.0
Station_01,Inv_00,20170813,13:17:00,217.0,15.9,3450,220.0,14.7,3234,25928,16542,59.0,999.0
Station_01,Inv_00,20170813,13:18:00,212.5,16.8,3570,220.0,15.2,3344,25928,16542,59.2,1022.0
Station_01,Inv_00,20170813,13:19:00,205.4,6.0,1232,219.0,5.2,1139,25928,16542,58.0,612.0
Station_01,Inv_00,20170813,13:20:00,218.5,5.8,1267,219.0,5.4,1183,25928,16542,56.3,376.0
Station_01,Inv_00,20170813,13:21:00,225.4,5.8,1307,219.0,5.6,1226,25928,16542,55.8,380.0
Station_01,Inv_00,20170813,13:22:00,204.0,9.3,1897,220.0,8.9,1958,25928,16542,55.8,709.0
Station_01,Inv_00,20170813,13:23:00,222.4,17.3,3847,221.0,16.3,3602,25928,16542,53.2,736.0
Station_01,Inv_00,20170813,13:24:00,215.0,8.5,1828,220.0,8.6,1892,25928,16542,53.8,698.0
Station_01,Inv_00,20170813,13:25:00,224.0,7.4,1658,219.0,7.2,1577,25929,16543,53.8,480.0
Station_01,Inv_00,20170813,13:26:00,228.0,10.5,2394,219.0,10.1,2212,25929,16543,52.6,558.0
Station_01,Inv_00,20170813,13:27:00,215.0,16.5,3548,219.0,15.2,3329,25929,16543,55.1,1008.0
Station_01,Inv_00,20170813,13:28:00,214.0,16.6,3552,220.0,15.1,3322,25929,16543,56.7,1018.0
Station_01,Inv_00,20170813,13:29:00,218.0,8.0,1744,219.0,7.6,1664,25929,16543,56.9,618.0
Station_01,Inv_00,20170813,13:30:00,219.9,6.2,1364,219.0,5.8,1270,25929,16543,55.3,405.0
Station_01,Inv_00,20170813,13:31:00,221.5,6.2,1373,219.0,5.8,1270,25929,16543,53.1,397.0
Station_01,Inv_00,20170813,13:32:00,210.0,6.6,1386,219.0,5.9,1292,25929,16543,53.7,564.0
Station_01,Inv_00,20170813,13:33:00,224.5,6.8,1527,219.0,6.5,1424,25929,16543,52.1,438.0
Station_01,Inv_00,20170813,13:34:00,227.0,5.8,1316,219.0,5.6,1226,25929,16543,51.0,384.0
Station_01,Inv_00,20170813,13:35:00,230.4,5.6,1290,219.0,5.5,1205,25929,16543,48.3,365.0
Station_01,Inv_00,20170813,13:36:00,228.5,6.2,1416,219.0,6.0,1314,25929,16543,48.5,385.0
Station_01,Inv_00,20170813,13:37:00,226.4,12.1,2740,220.0,11.3,2486,25929,16543,51.2,697.0
Station_01,Inv_00,20170813,13:38:00,223.5,16.0,3576,221.0,15.3,3381,25929,16543,52.4,1001.0
Station_01,Inv_00,20170813,13:39:00,225.1,14.5,3264,220.0,13.2,2904,25929,16543,54.0,860.0
Station_01,Inv_00,20170813,13:40:00,225.4,14.3,3223,220.0,13.0,2860,25929,16543,55.3,806.0
Station_01,Inv_00,20170813,13:41:00,219.4,10.0,2195,220.0,9.3,2046,25929,16543,55.8,769.0
Station_01,Inv_00,20170813,13:42:00,227.5,6.4,1456,220.0,6.2,1364,25929,16543,53.3,430.0
Station_01,Inv_00,20170813,13:43:00,215.4,16.1,3469,221.0,15.0,3315,25929,16543,55.2,960.0
Station_01,Inv_00,20170813,13:44:00,210.4,13.0,2736,220.0,12.0,2640,25929,16543,56.7,933.0
Station_01,Inv_00,20170813,13:45:00,217.8,15.8,3441,221.0,14.5,3205,25929,16543,57.3,975.0
Station_01,Inv_00,20170813,13:46:00,216.4,8.2,1774,220.0,7.3,1606,25929,16543,54.1,489.0
Station_01,Inv_00,20170813,13:47:00,216.0,6.4,1382,220.0,5.9,1298,25929,16543,52.2,449.0
Station_01,Inv_00,20170813,13:48:00,229.5,6.2,1423,219.0,6.1,1336,25929,16543,50.4,409.0
Station_01,Inv_00,20170813,13:49:00,226.5,7.2,1631,219.0,6.9,1511,25929,16543,50.6,449.0
Station_01,Inv_00,20170813,13:50:00,218.5,7.6,1661,220.0,6.9,1518,25929,16543,48.9,426.0
Station_01,Inv_00,20170813,13:51:00,232.0,5.0,1160,220.0,5.1,1122,25929,16543,48.4,346.0
Station_01,Inv_00,20170813,13:52:00,231.0,5.3,1224,219.0,5.3,1161,25930,16543,46.9,348.0
Station_01,Inv_00,20170813,13:53:00,229.9,5.9,1357,219.0,5.7,1248,25930,16543,46.4,411.0
Station_01,Inv_00,20170813,13:54:00,227.3,7.2,1637,220.0,7.9,1738,25930,16543,45.8,423.0
Station_01,Inv_00,20170813,13:55:00,235.0,5.9,1387,219.0,6.0,1314,25930,16543,46.0,365.0
Station_01,Inv_00,20170813,13:56:00,233.0,5.8,1351,220.0,5.6,1232,25930,16543,45.2,371.0
Station_01,Inv_00,20170813,13:57:00,233.5,10.1,2358,220.0,9.6,2112,25930,16543,45.6,531.0
Station_01,Inv_00,20170813,13:58:00,223.5,8.2,1832,219.0,8.0,1752,25930,16543,47.2,634.0
Station_01,Inv_00,20170813,13:59:00,230.5,7.7,1775,219.0,7.7,1686,25930,16543,47.0,555.0
Station_01,Inv_00,20170813,14:00:00,228.0,6.9,1573,219.0,6.8,1489,25930,16543,47.2,447.0
Station_01,Inv_00,20170813,14:01:00,228.5,14.2,3245,219.0,14.0,3066,25930,16543,49.0,839.0
Station_01,Inv_00,20170813,14:02:00,229.5,8.1,1859,219.0,7.9,1730,25930,16543,47.8,501.0
Station_01,Inv_00,20170813,14:03:00,225.4,11.2,2525,219.0,10.4,2278,25930,16543,48.6,667.0
Station_01,Inv_00,20170813,14:04:00,215.0,9.4,2021,219.0,8.8,1927,25930,16543,50.4,803.0
Station_01,Inv_00,20170813,14:05:00,226.5,13.8,3126,219.0,13.3,2913,25930,16543,49.9,670.0
Station_01,Inv_00,20170813,14:06:00,222.0,14.6,3241,219.0,13.8,3022,25930,16543,53.3,922.0
Station_01,Inv_00,20170813,14:07:00,225.4,8.6,1938,218.0,8.3,1809,25930,16543,53.5,561.0
Station_01,Inv_00,20170813,14:08:00,227.8,11.1,2528,218.0,10.1,2202,25930,16543,52.4,595.0
Station_01,Inv_00,20170813,14:09:00,228.8,9.9,2265,218.0,9.0,1962,25930,16543,51.8,590.0
Station_01,Inv_00,20170813,14:10:00,230.3,6.7,1543,218.0,6.7,1461,25930,16543,51.0,461.0
Station_01,Inv_00,20170813,14:11:00,229.0,6.7,1534,218.0,6.5,1417,25930,16543,50.2,421.0
Station_01,Inv_00,20170813,14:12:00,225.5,7.2,1623,218.0,7.0,1526,25930,16543,50.0,438.0
Station_01,Inv_00,20170813,14:13:00,229.4,6.6,1514,219.0,6.6,1445,25930,16543,49.3,438.0
Station_01,Inv_00,20170813,14:14:00,230.5,6.2,1429,218.0,6.2,1352,25930,16543,49.2,406.0
Station_01,Inv_00,20170813,14:15:00,225.3,9.2,2073,219.0,10.8,2365,25930,16543,48.9,707.0
Station_01,Inv_00,20170813,14:16:00,231.0,5.1,1178,218.0,5.0,1090,25930,16543,47.8,335.0
Station_01,Inv_00,20170813,14:17:00,233.3,4.7,1097,219.0,4.6,1007,25930,16543,47.0,305.0
Station_01,Inv_00,20170813,14:18:00,233.5,4.6,1074,219.0,4.5,986,25930,16543,46.5,296.0
Station_01,Inv_00,20170813,14:19:00,234.5,4.6,1079,217.0,4.6,998,25930,16543,45.1,296.0
Station_01,Inv_00,20170813,14:20:00,232.9,5.2,1211,218.0,5.1,1112,25930,16543,44.5,318.0
Station_01,Inv_00,20170813,14:21:00,237.5,5.5,1306,217.0,5.6,1215,25930,16543,45.1,365.0
Station_01,Inv_00,20170813,14:22:00,239.9,9.2,2207,218.0,9.8,2136,25930,16543,45.6,528.0
Station_01,Inv_00,20170813,14:23:00,223.0,9.1,2029,218.0,9.9,2158,25930,16543,45.7,558.0
Station_01,Inv_00,20170813,14:24:00,228.0,13.6,3101,219.0,13.4,2935,25930,16543,48.6,864.0
Station_01,Inv_00,20170813,14:25:00,231.5,6.4,1481,218.0,6.5,1417,25931,16544,46.9,427.0
Station_01,Inv_00,20170813,14:26:00,233.4,5.6,1307,218.0,5.6,1221,25931,16544,46.8,370.0
Station_01,Inv_00,20170813,14:27:00,232.5,5.2,1209,217.0,5.1,1107,25931,16544,46.3,339.0
Station_01,Inv_00,20170813,14:28:00,231.3,4.6,1064,219.0,4.5,986,25931,16544,45.4,301.0
Station_01,Inv_00,20170813,14:29:00,225.5,4.5,1015,219.0,4.2,920,25931,16544,45.0,285.0
Station_01,Inv_00,20170813,14:30:00,237.5,4.8,1140,218.0,4.9,1068,25931,16544,44.8,307.0
Station_01,Inv_00,20170813,14:31:00,235.5,6.2,1460,218.0,6.2,1352,25931,16544,44.2,374.0
Station_01,Inv_00,20170813,14:32:00,234.0,5.8,1357,219.0,5.8,1270,25931,16544,44.6,389.0
Station_01,Inv_00,20170813,14:33:00,237.4,4.8,1140,218.0,4.9,1068,25931,16544,43.9,326.0
Station_01,Inv_00,20170813,14:34:00,242.5,4.6,1115,218.0,4.6,1003,25931,16544,43.6,307.0
Station_01,Inv_00,20170813,14:35:00,225.9,4.8,1084,218.0,4.6,1003,25931,16544,43.9,306.0
Station_01,Inv_00,20170813,14:36:00,211.9,5.2,1102,218.0,4.7,1025,25931,16544,43.8,327.0
Station_01,Inv_00,20170813,14:37:00,221.4,6.2,1372,220.0,5.8,1276,25931,16544,44.3,442.0
Station_01,Inv_00,20170813,14:38:00,233.9,6.0,1404,218.0,6.0,1308,25931,16544,44.5,384.0
Station_01,Inv_00,20170813,14:39:00,233.5,5.7,1331,218.0,5.6,1221,25931,16544,45.0,373.0
Station_01,Inv_00,20170813,14:40:00,239.5,4.8,1150,218.0,4.8,1046,25931,16544,45.2,326.0
Station_01,Inv_00,20170813,14:41:00,232.5,4.5,1046,218.0,4.5,981,25931,16544,43.7,301.0
Station_01,Inv_00,20170813,14:42:00,234.9,4.6,1081,218.0,4.6,1003,25931,16544,42.7,300.0
Station_01,Inv_00,20170813,14:43:00,231.5,5.7,1320,219.0,5.5,1205,25931,16544,42.6,351.0
Station_01,Inv_00,20170813,14:44:00,224.5,8.8,1976,219.0,8.7,1905,25931,16544,44.3,631.0
Station_01,Inv_00,20170813,14:45:00,226.5,6.6,1495,219.0,6.4,1402,25931,16544,44.9,448.0
Station_01,Inv_00,20170813,14:46:00,238.5,6.7,1598,219.0,6.9,1511,25931,16544,44.7,440.0
Station_01,Inv_00,20170813,14:47:00,237.4,6.6,1567,219.0,6.7,1467,25931,16544,45.7,445.0
Station_01,Inv_00,20170813,14:48:00,238.5,5.1,1216,219.0,5.1,1117,25931,16544,44.5,350.0
Station_01,Inv_00,20170813,14:49:00,235.4,4.6,1083,219.0,4.6,1007,25931,16544,44.6,305.0
Station_01,Inv_00,20170813,14:50:00,236.5,4.5,1064,218.0,4.4,959,25931,16544,44.0,296.0
Station_01,Inv_00,20170813,14:51:00,231.5,4.6,1065,218.0,4.5,981,25931,16544,43.5,299.0
Station_01,Inv_00,20170813,14:52:00,240.0,4.6,1104,218.0,4.7,1025,25931,16544,42.9,311.0
Station_01,Inv_00,20170813,14:53:00,219.5,5.2,1141,218.0,4.7,1025,25931,16544,43.0,398.0
Station_01,Inv_00,20170813,14:54:00,236.0,4.7,1109,218.0,4.6,1003,25931,16544,43.1,312.0
Station_01,Inv_00,20170813,14:55:00,234.5,4.6,1079,218.0,4.4,959,25931,16544,43.5,297.0
Station_01,Inv_00,20170813,14:56:00,239.5,4.4,1054,219.0,4.4,964,25931,16544,42.9,292.0
Station_01,Inv_00,20170813,14:57:00,238.0,4.4,1047,218.0,4.6,1003,25931,16544,42.3,297.0
Station_01,Inv_00,20170813,14:58:00,232.0,4.7,1090,218.0,4.6,1003,25931,16544,42.1,302.0
Station_01,Inv_00,20170813,14:59:00,235.0,4.7,1105,219.0,4.6,1007,25931,16544,42.1,303.0
Station_01,Inv_00,20170813,15:00:00,238.0,4.5,1071,219.0,4.6,1007,25931,16544,42.1,302.0
Station_01,Inv_00,20170813,15:01:00,236.5,4.6,1088,218.0,4.7,1025,25931,16544,42.4,305.0
Station_01,Inv_00,20170813,15:02:00,238.5,5.0,1193,219.0,5.0,1095,25931,16544,42.8,320.0
Station_01,Inv_00,20170813,15:03:00,233.9,5.0,1170,219.0,5.0,1095,25931,16544,42.9,323.0
Station_01,Inv_00,20170813,15:04:00,238.5,5.3,1264,220.0,5.2,1144,25931,16544,42.7,336.0
Station_01,Inv_00,20170813,15:05:00,237.5,5.3,1259,220.0,5.4,1188,25931,16544,42.7,349.0
Station_01,Inv_00,20170813,15:06:00,233.9,6.0,1403,220.0,5.9,1298,25931,16544,43.2,374.0
Station_01,Inv_00,20170813,15:07:00,235.5,7.8,1837,220.0,7.8,1716,25931,16544,43.9,441.0
Station_01,Inv_00,20170813,15:08:00,233.5,7.2,1681,220.0,7.3,1606,25931,16544,45.1,529.0
Station_01,Inv_00,20170813,15:09:00,233.5,10.4,2428,220.0,10.5,2310,25931,16544,47.0,679.0
Station_01,Inv_00,20170813,15:10:00,236.3,6.3,1489,218.0,6.3,1373,25931,16544,46.0,422.0
Station_01,Inv_00,20170813,15:11:00,233.0,5.4,1258,218.0,5.4,1177,25932,16545,44.8,362.0
Station_01,Inv_00,20170813,15:12:00,233.0,4.9,1142,219.0,4.8,1051,25932,16545,44.6,323.0
Station_01,Inv_00,20170813,15:13:00,230.5,4.7,1083,219.0,4.6,1007,25932,16545,44.8,306.0
Station_01,Inv_00,20170813,15:14:00,234.0,4.8,1123,219.0,4.7,1029,25932,16545,44.4,304.0
Station_01,Inv_00,20170813,15:15:00,236.0,4.8,1133,218.0,4.9,1068,25932,16545,44.1,314.0
Station_01,Inv_00,20170813,15:16:00,224.5,6.0,1347,218.0,5.8,1264,25932,16545,44.2,348.0
Station_01,Inv_00,20170813,15:17:00,233.5,5.3,1238,218.0,5.3,1155,25932,16545,43.6,343.0
Station_01,Inv_00,20170813,15:18:00,237.9,4.8,1142,218.0,4.9,1068,25932,16545,43.6,321.0
Station_01,Inv_00,20170813,15:19:00,233.0,4.4,1025,218.0,4.3,937,25932,16545,43.7,287.0
Station_01,Inv_00,20170813,15:20:00,229.5,4.2,964,218.0,4.0,872,25932,16545,43.4,268.0
Station_01,Inv_00,20170813,15:21:00,234.0,4.1,959,219.0,4.0,876,25932,16545,42.9,263.0
Station_01,Inv_00,20170813,15:22:00,235.0,3.9,916,219.0,3.9,854,25932,16545,42.1,254.0
Station_01,Inv_00,20170813,15:23:00,241.0,3.6,868,219.0,3.8,832,25932,16545,41.4,243.0
Station_01,Inv_00,20170813,15:24:00,237.5,3.6,855,219.0,3.8,832,25932,16545,40.9,242.0
Station_01,Inv_00,20170813,15:25:00,240.0,3.7,888,219.0,3.8,832,25932,16545,40.9,240.0
Station_01,Inv_00,20170813,15:26:00,241.0,3.5,844,219.0,3.7,810,25932,16545,39.9,237.0
Station_01,Inv_00,20170813,15:27:00,232.5,3.6,837,218.0,3.7,807,25932,16545,39.4,236.0
Station_01,Inv_00,20170813,15:28:00,241.9,3.5,847,219.0,3.7,810,25932,16545,39.9,234.0
Station_01,Inv_00,20170813,15:29:00,233.5,3.5,817,219.0,3.6,788,25932,16545,39.9,225.0
Station_01,Inv_00,20170813,15:30:00,239.9,3.2,768,219.0,3.3,723,25932,16545,39.9,211.0
Station_01,Inv_00,20170813,15:31:00,235.4,3.0,706,218.0,3.1,676,25932,16545,39.8,199.0
Station_01,Inv_00,20170813,15:32:00,234.0,3.0,702,218.0,3.1,676,25932,16545,39.1,198.0
Station_01,Inv_00,20170813,15:33:00,236.5,3.1,733,218.0,3.2,698,25932,16545,38.9,202.0
Station_01,Inv_00,20170813,15:34:00,238.5,3.0,716,219.0,3.1,679,25932,16545,38.5,203.0
Station_01,Inv_00,20170813,15:35:00,234.5,2.8,657,220.0,3.0,660,25932,16545,38.4,194.0
Station_01,Inv_00,20170813,15:36:00,238.5,2.6,620,218.0,2.7,589,25932,16545,38.1,184.0
Station_01,Inv_00,20170813,15:37:00,238.4,2.6,620,219.0,2.7,591,25932,16545,38.1,180.0
Station_01,Inv_00,20170813,15:38:00,231.0,2.7,624,219.0,2.7,591,25932,16545,37.5,183.0
Station_01,Inv_00,20170813,15:39:00,242.4,2.7,655,219.0,2.9,635,25932,16545,37.5,188.0
Station_01,Inv_00,20170813,15:40:00,238.8,2.6,621,218.0,2.8,610,25932,16545,37.3,183.0
Station_01,Inv_00,20170813,15:41:00,234.0,2.6,608,218.0,2.7,589,25932,16545,37.2,176.0
Station_01,Inv_00,20170813,15:42:00,234.0,2.5,585,218.0,2.5,545,25932,16545,37.0,171.0
Station_01,Inv_00,20170813,15:43:00,233.5,2.4,560,220.0,2.5,550,25932,16545,37.0,167.0
Station_01,Inv_00,20170813,15:44:00,231.4,2.5,578,219.0,2.5,548,25932,16545,36.7,170.0
Station_01,Inv_00,20170813,15:45:00,230.0,2.7,621,218.0,2.7,589,25932,16545,36.8,179.0
Station_01,Inv_00,20170813,15:46:00,234.0,3.0,702,218.0,3.1,676,25932,16545,36.9,197.0
Station_01,Inv_00,20170813,15:47:00,235.5,3.2,754,218.0,3.4,741,25932,16545,36.8,212.0
Station_01,Inv_00,20170813,15:48:00,237.0,3.2,758,218.0,3.4,741,25932,16545,37.0,218.0
Station_01,Inv_00,20170813,15:49:00,235.0,3.2,752,219.0,3.3,723,25932,16545,36.9,212.0
Station_01,Inv_00,20170813,15:50:00,235.0,2.9,681,218.0,3.0,654,25932,16545,37.0,197.0
Station_01,Inv_00,20170813,15:51:00,238.9,2.7,645,218.0,2.8,610,25932,16545,36.8,186.0
Station_01,Inv_00,20170813,15:52:00,237.5,2.5,594,218.0,2.6,567,25932,16545,36.9,174.0
Station_01,Inv_00,20170813,15:53:00,238.0,2.4,571,218.0,2.5,545,25932,16545,37.1,167.0
Station_01,Inv_00,20170813,15:54:00,238.5,2.4,572,218.0,2.5,545,25932,16545,37.2,166.0
Station_01,Inv_00,20170813,15:55:00,233.0,2.5,583,218.0,2.5,545,25932,16545,37.1,167.0
Station_01,Inv_00,20170813,15:56:00,233.0,2.6,606,218.0,2.6,567,25932,16545,37.4,171.0
Station_01,Inv_00,20170813,15:57:00,235.9,2.7,637,218.0,2.8,610,25932,16545,37.0,179.0
Station_01,Inv_00,20170813,15:58:00,228.5,2.9,663,219.0,2.9,635,25932,16545,37.2,189.0
Station_01,Inv_00,20170813,15:59:00,234.3,2.6,609,218.0,2.8,610,25932,16545,37.1,185.0
Station_01,Inv_00,20170813,16:00:00,236.0,2.4,566,218.0,2.6,567,25932,16545,37.0,177.0
Station_01,Inv_00,20170813,16:01:00,235.8,2.4,566,219.0,2.5,548,25932,16545,37.1,170.0
Station_01,Inv_00,20170813,16:02:00,237.8,2.4,571,219.0,2.5,548,25932,16545,36.8,169.0
Station_01,Inv_00,20170813,16:03:00,233.5,2.4,560,218.0,2.5,545,25932,16545,36.8,171.0
Station_01,Inv_00,20170813,16:04:00,238.9,2.6,621,219.0,2.6,569,25932,16545,36.7,175.0
Station_01,Inv_00,20170813,16:05:00,242.0,2.6,629,218.0,2.8,610,25932,16545,36.8,144.0
Station_01,Inv_00,20170813,16:06:00,241.0,2.8,675,219.0,3.0,657,25932,16545,37.0,193.0
Station_01,Inv_00,20170813,16:07:00,235.6,2.8,660,219.0,2.8,613,25932,16545,37.2,192.0
Station_01,Inv_00,20170813,16:08:00,239.3,2.6,622,220.0,2.6,572,25932,16545,37.2,177.0
Station_01,Inv_00,20170813,16:09:00,234.2,2.4,562,220.0,2.5,550,25932,16545,37.0,172.0
Station_01,Inv_00,20170813,16:10:00,237.5,2.3,546,220.0,2.4,528,25932,16545,37.0,162.0
Station_01,Inv_00,20170813,16:11:00,238.0,2.2,524,219.0,2.3,504,25932,16545,36.5,156.0
Station_01,Inv_00,20170813,16:12:00,237.0,2.2,521,219.0,2.3,504,25932,16545,36.6,155.0
Station_01,Inv_00,20170813,16:13:00,233.5,2.2,514,219.0,2.2,482,25932,16545,36.5,149.0
Station_01,Inv_00,20170813,16:14:00,203.0,2.1,426,219.0,1.9,416,25932,16545,36.4,143.0
Station_01,Inv_00,20170813,16:15:00,229.0,1.9,435,218.0,2.0,436,25932,16545,36.4,139.0
Station_01,Inv_00,20170813,16:16:00,238.5,2.0,477,218.0,2.1,458,25932,16545,36.4,143.0
Station_01,Inv_00,20170813,16:17:00,217.5,2.3,500,218.0,2.2,480,25932,16545,35.9,149.0
Station_01,Inv_00,20170813,16:18:00,208.5,2.4,500,218.0,2.1,458,25932,16545,36.0,155.0
Station_01,Inv_00,20170813,16:19:00,234.5,2.3,539,218.0,2.4,523,25932,16545,35.9,155.0
Station_01,Inv_00,20170813,16:20:00,236.9,2.3,545,219.0,2.4,526,25932,16545,36.2,157.0
Station_01,Inv_00,20170813,16:21:00,239.0,2.3,550,218.0,2.4,523,25932,16545,36.1,156.0
Station_01,Inv_00,20170813,16:22:00,234.5,2.0,469,218.0,2.1,458,25932,16545,36.3,145.0
Station_01,Inv_00,20170813,16:23:00,234.6,1.8,422,219.0,1.9,416,25932,16545,36.1,130.0
Station_01,Inv_00,20170813,16:24:00,230.0,1.7,391,219.0,1.7,372,25932,16545,35.8,119.0
Station_01,Inv_00,20170813,16:25:00,236.4,1.6,378,220.0,1.6,352,25932,16545,35.7,112.0
Station_01,Inv_00,20170813,16:26:00,236.1,1.5,354,220.0,1.6,352,25932,16545,35.7,109.0
Station_01,Inv_00,20170813,16:27:00,231.6,1.6,371,219.0,1.6,350,25932,16545,35.4,111.0
Station_01,Inv_00,20170813,16:28:00,239.5,1.5,359,219.0,1.6,350,25932,16545,35.3,111.0
Station_01,Inv_00,20170813,16:29:00,231.4,1.6,370,219.0,1.6,350,25932,16545,35.2,110.0
Station_01,Inv_00,20170813,16:30:00,234.0,1.4,328,218.0,1.5,327,25932,16545,35.2,106.0
Station_01,Inv_00,20170813,16:31:00,229.9,1.3,299,219.0,1.4,307,25932,16545,35.0,112.0
Station_01,Inv_00,20170813,16:32:00,226.4,1.2,272,219.0,1.3,285,25932,16545,34.9,91.0
Station_01,Inv_00,20170813,16:33:00,229.0,1.2,275,218.0,1.2,262,25932,16545,34.5,88.0
Station_01,Inv_00,20170813,16:34:00,223.5,1.2,268,218.0,1.2,262,25932,16545,34.3,87.0
Station_01,Inv_00,20170813,16:35:00,230.0,1.2,276,218.0,1.3,283,25932,16545,34.4,88.0
Station_01,Inv_00,20170813,16:36:00,229.0,1.2,275,219.0,1.4,307,25932,16545,34.3,92.0
Station_01,Inv_00,20170813,16:37:00,225.0,1.3,293,219.0,1.4,307,25932,16545,34.2,95.0
Station_01,Inv_00,20170813,16:38:00,229.6,1.2,276,219.0,1.3,285,25932,16545,34.2,91.0
Station_01,Inv_00,20170813,16:39:00,217.0,1.1,239,219.0,1.2,263,25932,16545,34.0,88.0
Station_01,Inv_00,20170813,16:40:00,232.0,1.2,278,218.0,1.3,283,25932,16545,33.9,89.0
Station_01,Inv_00,20170813,16:41:00,224.0,1.2,269,218.0,1.3,283,25932,16545,33.9,92.0
Station_01,Inv_00,20170813,16:42:00,237.2,1.3,308,219.0,1.4,307,25932,16545,34.0,97.0
Station_01,Inv_00,20170813,16:43:00,225.3,1.4,315,219.0,1.4,307,25932,16545,34.1,101.0
Station_01,Inv_00,20170813,16:44:00,232.0,1.4,325,219.0,1.5,329,25932,16545,34.0,102.0
Station_01,Inv_00,20170813,16:45:00,231.9,1.4,325,219.0,1.5,329,25932,16545,33.9,101.0
Station_01,Inv_00,20170813,16:46:00,231.6,1.4,324,219.0,1.5,329,25932,16545,33.9,100.0
Station_01,Inv_00,20170813,16:47:00,228.5,1.3,297,220.0,1.4,308,25932,16545,33.9,96.0
Station_01,Inv_00,20170813,16:48:00,232.0,1.2,278,220.0,1.4,308,25932,16545,33.8,93.0
Station_01,Inv_00,20170813,16:49:00,232.5,1.2,279,219.0,1.4,307,25932,16545,33.8,93.0
Station_01,Inv_00,20170813,16:50:00,235.0,1.3,306,218.0,1.4,305,25932,16545,33.9,99.0
Station_01,Inv_00,20170813,16:51:00,238.0,1.4,333,218.0,1.5,327,25932,16545,34.1,104.0
Station_01,Inv_00,20170813,16:52:00,236.0,1.6,378,218.0,1.6,349,25933,16545,34.0,110.0
Station_01,Inv_00,20170813,16:53:00,228.0,1.7,388,218.0,1.7,371,25933,16545,34.2,116.0
Station_01,Inv_00,20170813,16:54:00,230.1,1.6,368,218.0,1.8,392,25933,16545,34.3,122.0
Station_01,Inv_00,20170813,16:55:00,224.1,1.8,403,218.0,1.8,392,25933,16545,34.2,122.0
Station_01,Inv_00,20170813,16:56:00,239.8,1.6,384,218.0,1.7,371,25933,16545,34.3,119.0
Station_01,Inv_00,20170813,16:57:00,229.9,1.5,345,218.0,1.6,349,25933,16545,34.4,112.0
Station_01,Inv_00,20170813,16:58:00,234.6,1.4,328,218.0,1.5,327,25933,16545,34.4,102.0
Station_01,Inv_00,20170813,16:59:00,234.0,1.2,281,217.0,1.4,304,25933,16545,34.2,98.0
Station_01,Inv_00,20170813,17:00:00,233.5,1.3,304,217.0,1.4,304,25933,16545,34.1,97.0
Station_01,Inv_00,20170813,17:01:00,231.0,1.5,347,217.0,1.5,326,25933,16545,34.1,103.0
Station_01,Inv_00,20170813,17:02:00,233.5,1.6,374,217.0,1.6,347,25933,16545,34.2,113.0
Station_01,Inv_00,20170813,17:03:00,234.0,1.8,421,218.0,1.8,392,25933,16545,34.2,122.0
Station_01,Inv_00,20170813,17:04:00,223.3,1.8,402,219.0,1.9,416,25933,16545,34.3,127.0
Station_01,Inv_00,20170813,17:05:00,232.5,1.8,419,218.0,1.8,392,25933,16545,34.5,126.0
Station_01,Inv_00,20170813,17:06:00,235.7,1.7,401,219.0,1.8,394,25933,16545,34.5,122.0
Station_01,Inv_00,20170813,17:07:00,226.4,1.6,362,219.0,1.7,372,25933,16545,34.6,116.0
Station_01,Inv_00,20170813,17:08:00,230.0,1.6,368,219.0,1.6,350,25933,16545,34.7,128.0
Station_01,Inv_00,20170813,17:09:00,232.4,1.7,395,219.0,1.7,372,25933,16545,34.5,117.0
Station_01,Inv_00,20170813,17:10:00,235.9,1.8,425,219.0,1.9,416,25933,16545,34.8,140.0
Station_01,Inv_00,20170813,17:11:00,235.5,1.7,400,219.0,1.8,394,25933,16545,34.8,120.0
Station_01,Inv_00,20170813,17:12:00,237.0,1.5,356,220.0,1.5,330,25933,16545,34.6,110.0
Station_01,Inv_00,20170813,17:13:00,232.1,1.4,325,219.0,1.5,329,25933,16545,34.5,102.0
Station_01,Inv_00,20170813,17:14:00,210.5,1.4,295,219.0,1.4,307,25933,16545,34.4,101.0
Station_01,Inv_00,20170813,17:15:00,236.0,1.4,330,219.0,1.5,329,25933,16545,34.4,102.0
Station_01,Inv_00,20170813,17:16:00,236.5,1.4,331,219.0,1.5,329,25933,16545,34.1,103.0
Station_01,Inv_00,20170813,17:17:00,237.2,1.3,308,219.0,1.4,307,25933,16545,34.1,100.0
Station_01,Inv_00,20170813,17:18:00,184.0,1.2,221,218.0,1.1,240,25933,16545,34.0,94.0
Station_01,Inv_00,20170813,17:19:00,225.8,1.1,248,217.0,1.2,260,25933,16545,33.9,87.0
Station_01,Inv_00,20170813,17:20:00,228.0,1.0,228,218.0,1.1,240,25933,16545,34.0,82.0
Station_01,Inv_00,20170813,17:21:00,205.4,1.0,205,218.0,1.0,218,25933,16545,33.8,80.0
Station_01,Inv_00,20170813,17:22:00,226.5,1.0,227,218.0,1.1,240,25933,16545,33.6,79.0
Station_01,Inv_00,20170813,17:23:00,229.0,1.0,229,217.0,1.1,239,25933,16545,33.5,80.0
Station_01,Inv_00,20170813,17:24:00,228.0,1.0,228,218.0,1.1,240,25933,16545,33.4,80.0
Station_01,Inv_00,20170813,17:25:00,212.0,1.0,212,218.0,1.0,218,25933,16545,33.3,80.0
Station_01,Inv_00,20170813,17:26:00,192.0,1.0,192,218.0,1.0,218,25933,16545,33.2,79.0
Station_01,Inv_00,20170813,17:27:00,233.5,1.0,234,218.0,1.1,240,25933,16545,33.1,80.0
Station_01,Inv_00,20170813,17:28:00,228.0,1.0,228,219.0,1.1,241,25933,16545,33.0,78.0
Station_01,Inv_00,20170813,17:29:00,222.3,0.9,200,219.0,1.1,241,25933,16545,33.0,76.0
Station_01,Inv_00,20170813,17:30:00,227.4,0.9,205,219.0,1.0,219,25933,16545,32.8,74.0
Station_01,Inv_00,20170813,17:31:00,155.0,0.9,140,218.0,0.8,174,25933,16545,32.7,80.0
Station_01,Inv_00,20170813,17:32:00,195.2,0.9,176,217.0,0.9,195,25933,16545,32.7,72.0
Station_01,Inv_00,20170813,17:33:00,199.0,0.8,159,218.0,0.9,196,25933,16545,32.6,65.0
Station_01,Inv_00,20170813,17:34:00,229.8,0.8,184,218.0,0.9,196,25933,16545,32.6,65.0
Station_01,Inv_00,20170813,17:35:00,208.6,0.9,188,218.0,1.0,218,25933,16545,32.5,78.0
Station_01,Inv_00,20170813,17:36:00,206.0,1.0,206,217.0,1.0,217,25933,16545,32.5,77.0
Station_01,Inv_00,20170813,17:37:00,229.9,0.9,207,218.0,1.0,218,25933,16545,32.5,78.0
Station_01,Inv_00,20170813,17:38:00,214.0,0.9,193,218.0,1.0,218,25933,16545,32.5,73.0
Station_01,Inv_00,20170813,17:39:00,229.1,0.8,183,218.0,1.0,218,25933,16545,32.5,67.0
Station_01,Inv_00,20170813,17:40:00,216.3,0.8,173,218.0,0.9,196,25933,16545,32.5,64.0
Station_01,Inv_00,20170813,17:41:00,216.6,0.7,152,219.0,0.9,197,25933,16545,32.4,61.0
Station_01,Inv_00,20170813,17:42:00,218.7,0.7,153,219.0,0.8,175,25933,16545,32.4,57.0
Station_01,Inv_00,20170813,17:43:00,215.6,0.5,108,218.0,0.7,153,25933,16545,32.3,51.0
Station_01,Inv_00,20170813,17:44:00,213.0,0.4,85,218.0,0.5,109,25933,16545,32.1,46.0
Station_01,Inv_00,20170813,17:45:00,222.0,0.4,89,219.0,0.5,110,25933,16545,32.1,43.0
Station_01,Inv_00,20170813,17:46:00,212.3,0.3,64,219.0,0.5,110,25933,16545,32.0,42.0
Station_01,Inv_00,20170813,17:47:00,208.5,0.4,83,218.0,0.5,109,25933,16545,31.9,42.0
Station_01,Inv_00,20170813,17:48:00,218.5,0.4,87,218.0,0.5,109,25933,16545,31.9,42.0
Station_01,Inv_00,20170813,17:49:00,168.0,0.4,67,218.0,0.5,109,25933,16545,31.8,43.0
Station_01,Inv_00,20170813,17:50:00,220.0,0.4,88,219.0,0.5,110,25933,16545,31.7,48.0
Station_01,Inv_00,20170813,17:51:00,213.0,0.4,85,219.0,0.5,110,25933,16545,31.6,55.0
Station_01,Inv_00,20170813,17:52:00,216.0,0.5,108,219.0,0.5,110,25933,16545,31.6,52.0
Station_01,Inv_00,20170813,17:53:00,216.0,0.5,108,219.0,0.5,110,25933,16545,31.5,47.0
Station_01,Inv_00,20170813,17:54:00,215.0,0.4,86,218.0,0.6,131,25933,16545,31.5,46.0
Station_01,Inv_00,20170813,17:55:00,218.4,0.5,109,218.0,0.5,109,25933,16545,31.5,47.0
Station_01,Inv_00,20170813,17:56:00,205.0,0.5,103,218.0,0.6,131,25933,16545,31.5,49.0
Station_01,Inv_00,20170813,17:57:00,200.0,0.5,100,218.0,0.6,131,25933,16545,31.5,50.0
Station_01,Inv_00,20170813,17:58:00,197.0,0.6,118,218.0,0.6,131,25933,16545,31.5,52.0
Station_01,Inv_00,20170813,17:59:00,220.5,0.6,132,218.0,0.7,153,25933,16545,31.6,53.0
Station_01,Inv_00,20170813,18:00:00,228.0,0.6,137,218.0,0.7,153,25933,16545,31.6,54.0
Station_01,Inv_00,20170813,18:01:00,209.5,0.6,126,218.0,0.7,153,25933,16545,31.5,54.0
Station_01,Inv_00,20170813,18:02:00,223.0,0.6,134,218.0,0.7,153,25933,16545,31.5,53.0
Station_01,Inv_00,20170813,18:03:00,204.0,0.6,122,218.0,0.6,131,25933,16545,31.5,50.0
Station_01,Inv_00,20170813,18:04:00,218.5,0.4,87,218.0,0.5,109,25933,16545,31.4,45.0
Station_01,Inv_00,20170813,18:05:00,210.3,0.3,63,218.0,0.5,109,25933,16545,31.4,41.0
Station_01,Inv_00,20170813,18:06:00,211.7,0.3,64,218.0,0.5,109,25933,16545,31.3,39.0
Station_01,Inv_00,20170813,18:07:00,220.0,0.2,44,218.0,0.5,109,25933,16545,31.2,37.0
Station_01,Inv_00,20170813,18:08:00,167.3,0.3,50,219.0,0.4,88,25933,16545,31.2,37.0
Station_01,Inv_00,20170813,18:09:00,187.0,0.2,37,219.0,0.4,88,25933,16545,31.1,36.0
Station_01,Inv_00,20170813,18:10:00,201.0,0.3,60,218.0,0.5,109,25933,16545,31.0,36.0
Station_01,Inv_00,20170813,18:11:00,187.3,0.3,56,218.0,0.4,87,25933,16545,31.0,36.0
Station_01,Inv_00,20170813,18:12:00,199.3,0.3,60,218.0,0.5,109,25933,16545,30.9,35.0
Station_01,Inv_00,20170813,18:13:00,207.5,0.2,42,219.0,0.4,88,25933,16545,30.9,35.0
Station_01,Inv_00,20170813,18:14:00,205.0,0.3,62,219.0,0.4,88,25933,16545,30.8,34.0
Station_01,Inv_00,20170813,18:15:00,212.5,0.2,43,218.0,0.4,87,25933,16545,30.8,35.0
Station_01,Inv_00,20170813,18:16:00,193.3,0.3,58,219.0,0.4,88,25933,16545,30.7,34.0
Station_01,Inv_00,20170813,18:17:00,186.5,0.2,37,219.0,0.4,88,25933,16545,30.8,35.0
Station_01,Inv_00,20170813,18:18:00,197.5,0.2,40,219.0,0.4,88,25933,16545,30.7,33.0
Station_01,Inv_00,20170813,18:19:00,183.0,0.3,55,220.0,0.4,88,25933,16545,30.7,32.0
Station_01,Inv_00,20170813,18:20:00,209.5,0.2,42,219.0,0.4,88,25933,16545,30.6,31.0
Station_01,Inv_00,20170813,18:21:00,202.0,0.2,40,219.0,0.4,88,25933,16545,30.5,29.0
Station_01,Inv_00,20170813,18:22:00,208.0,0.2,42,219.0,0.4,88,25933,16545,30.5,28.0
Station_01,Inv_00,20170813,18:23:00,0.0,0.0,0,219.0,0.4,88,25933,16545,30.5,27.0
Station_01,Inv_00,20170813,18:24:00,0.0,0.0,0,218.0,0.4,87,25933,16545,30.5,26.0
Station_01,Inv_00,20170813,18:25:00,0.0,0.0,0,218.0,0.4,87,25933,16545,30.4,25.0
Station_01,Inv_00,20170813,18:26:00,0.0,0.0,0,0.0,0.0,0,25933,16545,30.4,23.0
Station_01,Inv_00,20170813,18:27:00,0.0,0.0,0,0.0,0.0,0,25933,16545,30.4,23.0
Station_01,Inv_00,20170813,18:28:00,0.0,0.0,0,221.0,0.2,44,25933,16545,30.3,22.0
Station_01,Inv_00,20170813,18:29:00,0.0,0.0,0,221.0,0.2,44,25933,16545,30.3,21.0
Station_01,Inv_00,20170813,18:30:00,0.0,0.0,0,221.0,0.2,44,25933,16545,30.3,20.0
Station_01,Inv_00,20170813,18:31:00,0.0,0.0,0,221.0,0.2,44,25933,16545,30.2,20.0
Station_01,Inv_00,20170813,18:32:00,0.0,0.0,0,221.0,0.2,44,25933,16545,30.2,20.0
Station_01,Inv_00,20170813,18:33:00,0.0,0.0,0,221.0,0.2,44,25933,16545,30.2,20.0
Station_01,Inv_00,20170813,18:34:00,0.0,0.0,0,221.0,0.2,44,25933,16545,30.1,19.0
Station_01,Inv_00,20170813,18:35:00,0.0,0.0,0,221.0,0.2,44,25933,16545,30.1,19.0
Station_01,Inv_00,20170813,18:36:00,0.0,0.0,0,221.0,0.2,44,25933,16545,30.1,19.0
Station_01,Inv_00,20170813,18:37:00,0.0,0.0,0,221.0,0.2,44,25933,16545,30.1,19.0
Station_01,Inv_00,20170813,18:38:00,0.0,0.0,0,221.0,0.2,44,25933,16545,30.0,19.0
Station_01,Inv_00,20170813,18:39:00,0.0,0.0,0,221.0,0.2,44,25933,16545,30.0,18.0
Station_01,Inv_00,20170813,18:40:00,0.0,0.0,0,221.0,0.2,44,25933,16545,29.9,18.0
Station_01,Inv_00,20170813,18:41:00,0.0,0.0,0,221.0,0.2,44,25933,16545,29.9,18.0
Station_01,Inv_00,20170813,18:42:00,0.0,0.0,0,221.0,0.2,44,25933,16545,29.9,18.0
Station_01,Inv_00,20170813,18:43:00,0.0,0.0,0,221.0,0.2,44,25933,16545,29.9,18.0
Station_01,Inv_00,20170813,18:44:00,0.0,0.0,0,221.0,0.2,44,25933,16545,29.8,18.0
Station_01,Inv_00,20170813,18:45:00,0.0,0.0,0,221.0,0.2,44,25933,16545,29.8,18.0
Station_01,Inv_00,20170813,18:46:00,0.0,0.0,0,221.0,0.2,44,25933,16545,29.8,18.0
Station_01,Inv_00,20170813,18:47:00,0.0,0.0,0,221.0,0.2,44,25933,16545,29.8,18.0
Station_01,Inv_00,20170813,18:48:00,0.0,0.0,0,221.0,0.2,44,25933,16545,29.8,18.0
Station_01,Inv_00,20170813,18:49:00,0.0,0.0,0,221.0,0.2,44,25933,16545,29.8,18.0
Station_01,Inv_00,20170813,18:50:00,0.0,0.0,0,221.0,0.2,44,25933,16545,29.8,18.0
Station_01,Inv_00,20170813,18:51:00,0.0,0.0,0,221.0,0.2,44,25933,16545,29.8,18.0
Station_01,Inv_00,20170813,18:52:00,0.0,0.0,0,221.0,0.2,44,25933,16545,29.8,18.0
Station_01,Inv_00,20170813,18:53:00,0.0,0.0,0,221.0,0.2,44,25933,16545,29.8,18.0
Station_01,Inv_00,20170813,18:54:00,0.0,0.0,0,221.0,0.2,44,25933,16545,29.7,18.0
Station_01,Inv_00,20170813,18:55:00,0.0,0.0,0,221.0,0.2,44,25933,16545,29.7,18.0
Station_01,Inv_00,20170813,18:56:00,0.0,0.0,0,221.0,0.2,44,25933,16545,29.7,18.0
Station_01,Inv_00,20170813,18:57:00,0.0,0.0,0,221.0,0.2,44,25933,16545,29.7,18.0
Station_01,Inv_00,20170813,18:58:00,0.0,0.0,0,221.0,0.2,44,25933,16545,29.7,18.0
Station_01,Inv_00,20170813,18:59:00,0.0,0.0,0,221.0,0.2,44,25933,16545,29.7,18.0
Station_01,Inv_00,20170813,19:00:00,0.0,0.0,0,221.0,0.2,44,25933,16545,29.7,18.0
Station_01,Inv_00,20170813,19:01:00,0.0,0.0,0,221.0,0.2,44,25933,16545,29.7,18.0
Station_01,Inv_00,20170813,19:02:00,0.0,0.0,0,221.0,0.2,44,25933,16545,29.6,18.0
Station_01,Inv_00,20170813,19:03:00,0.0,0.0,0,221.0,0.2,44,25933,16545,29.6,18.0
Station_01,Inv_00,20170813,19:04:00,0.0,0.0,0,221.0,0.2,44,25933,16545,29.7,18.0
Station_01,Inv_00,20170813,19:05:00,0.0,0.0,0,221.0,0.2,44,25933,16545,29.7,18.0
Station_01,Inv_00,20170813,19:06:00,0.0,0.0,0,221.0,0.2,44,25933,16545,29.7,18.0
Station_01,Inv_00,20170813,19:07:00,0.0,0.0,0,221.0,0.2,44,25933,16545,29.6,18.0
Station_01,Inv_00,20170813,19:08:00,0.0,0.0,0,221.0,0.2,44,25933,16545,29.7,18.0
Station_01,Inv_00,20170813,19:09:00,0.0,0.0,0,221.0,0.2,44,25933,16545,29.7,18.0
Station_01,Inv_00,20170813,19:10:00,0.0,0.0,0,221.0,0.2,44,25933,16545,29.6,18.0
Station_01,Inv_00,20170813,19:11:00,0.0,0.0,0,221.0,0.2,44,25933,16545,29.6,18.0
Station_01,Inv_00,20170813,19:12:00,0.0,0.0,0,221.0,0.2,44,25933,16545,29.6,18.0
Station_01,Inv_00,20170813,19:13:00,0.0,0.0,0,221.0,0.2,44,25933,16545,29.6,18.0
Station_01,Inv_00,20170813,19:14:00,0.0,0.0,0,221.0,0.2,44,25933,16545,29.6,18.0
Station_01,Inv_00,20170813,19:15:00,0.0,0.0,0,221.0,0.2,44,25933,16545,29.6,18.0
Station_01,Inv_00,20170813,19:16:00,0.0,0.0,0,221.0,0.2,44,25933,16545,29.6,18.0
Station_01,Inv_00,20170813,19:17:00,0.0,0.0,0,221.0,0.2,44,25933,16545,29.6,18.0
Station_01,Inv_00,20170813,19:18:00,0.0,0.0,0,221.0,0.2,44,25933,16545,29.7,18.0
Station_01,Inv_00,20170813,19:19:00,0.0,0.0,0,221.0,0.2,44,25933,16545,29.7,18.0
Station_01,Inv_00,20170813,19:20:00,0.0,0.0,0,221.0,0.2,44,25933,16545,29.6,18.0
Station_01,Inv_00,20170813,19:21:00,0.0,0.0,0,221.0,0.2,44,25933,16545,29.6,18.0
Station_01,Inv_00,20170813,19:22:00,0.0,0.0,0,221.0,0.2,44,25933,16545,29.7,18.0
Station_01,Inv_00,20170813,19:23:00,0.0,0.0,0,221.0,0.2,44,25933,16545,29.6,18.0
Station_01,Inv_00,20170813,19:24:00,0.0,0.0,0,221.0,0.2,44,25933,16545,29.6,18.0
Station_01,Inv_00,20170813,19:25:00,0.0,0.0,0,221.0,0.2,44,25933,16545,29.6,18.0
Station_01,Inv_00,20170813,19:26:00,0.0,0.0,0,221.0,0.2,44,25933,16545,29.6,18.0
Station_01,Inv_00,20170813,19:27:00,0.0,0.0,0,221.0,0.2,44,25933,16545,29.5,19.0
Station_01,Inv_00,20170813,19:28:00,0.0,0.0,0,221.0,0.2,44,25933,16545,29.5,18.0
Station_01,Inv_00,20170813,19:29:00,0.0,0.0,0,221.0,0.2,44,25933,16545,29.5,18.0
Station_01,Inv_00,20170813,19:30:00,0.0,0.0,0,221.0,0.2,44,25933,16545,29.4,18.0
Station_01,Inv_00,20170813,19:31:00,0.0,0.0,0,221.0,0.2,44,25933,16545,29.4,18.0
Station_01,Inv_00,20170813,19:32:00,0.0,0.0,0,221.0,0.2,44,25933,16545,29.4,29.0
Station_01,Inv_00,20170813,19:33:00,0.0,0.0,0,221.0,0.2,44,25933,16545,29.4,18.0
Station_01,Inv_00,20170813,19:34:00,0.0,0.0,0,221.0,0.2,44,25933,16545,29.4,18.0
Station_01,Inv_00,20170813,19:35:00,0.0,0.0,0,221.0,0.2,44,25933,16545,29.4,18.0
Station_01,Inv_00,20170813,19:36:00,0.0,0.0,0,221.0,0.2,44,25933,16545,29.4,18.0
Station_01,Inv_00,20170813,19:37:00,0.0,0.0,0,221.0,0.2,44,25933,16545,29.4,18.0
Station_01,Inv_00,20170813,19:38:00,0.0,0.0,0,221.0,0.2,44,25933,16545,29.4,18.0
Station_01,Inv_00,20170813,19:39:00,0.0,0.0,0,221.0,0.2,44,25933,16545,29.4,18.0
Station_01,Inv_00,20170813,19:40:00,0.0,0.0,0,221.0,0.2,44,25933,16545,29.4,18.0
Station_01,Inv_00,20170813,19:41:00,0.0,0.0,0,221.0,0.2,44,25933,16545,29.4,18.0
Station_01,Inv_00,20170813,19:42:00,0.0,0.0,0,221.0,0.2,44,25933,16545,29.4,18.0
Station_01,Inv_00,20170813,19:43:00,0.0,0.0,0,221.0,0.2,44,25933,16545,29.5,18.0
Station_01,Inv_00,20170813,19:44:00,0.0,0.0,0,221.0,0.2,44,25933,16545,29.5,18.0
Station_01,Inv_00,20170813,19:45:00,0.0,0.0,0,221.0,0.2,44,25933,16545,29.5,18.0
Station_01,Inv_00,20170813,19:46:00,0.0,0.0,0,221.0,0.2,44,25933,16545,29.5,18.0
Station_01,Inv_00,20170813,19:47:00,0.0,0.0,0,221.0,0.2,44,25933,16545,29.4,18.0
Station_01,Inv_00,20170813,19:48:00,0.0,0.0,0,221.0,0.2,44,25933,16545,29.5,22.0
Station_01,Inv_00,20170813,19:49:00,0.0,0.0,0,221.0,0.2,44,25933,16545,29.4,18.0
Station_01,Inv_00,20170813,19:50:00,0.0,0.0,0,221.0,0.2,44,25933,16545,29.4,18.0
Station_01,Inv_00,20170813,19:51:00,0.0,0.0,0,221.0,0.2,44,25933,16545,29.4,18.0
Station_01,Inv_00,20170813,19:52:00,0.0,0.0,0,221.0,0.2,44,25933,16545,29.4,18.0
Station_01,Inv_00,20170813,19:53:00,0.0,0.0,0,221.0,0.2,44,25933,16545,29.5,18.0
Station_01,Inv_00,20170813,19:54:00,0.0,0.0,0,221.0,0.2,44,25933,16545,29.4,18.0
Station_01,Inv_00,20170813,19:55:00,0.0,0.0,0,221.0,0.2,44,25933,16545,29.4,18.0
Station_01,Inv_00,20170813,19:56:00,0.0,0.0,0,221.0,0.2,44,25933,16545,29.5,18.0
Station_01,Inv_00,20170813,19:57:00,0.0,0.0,0,221.0,0.2,44,25933,16545,29.4,18.0
Station_01,Inv_00,20170813,19:58:00,0.0,0.0,0,221.0,0.2,44,25933,16545,29.5,18.0
Station_01,Inv_00,20170813,19:59:00,0.0,0.0,0,221.0,0.2,44,25933,16545,29.4,18.0
Station_01,Inv_00,20170813,20:00:00,0.0,0.0,0,221.0,0.2,44,25933,16545,29.4,18.0
