Station_01,Inv_00,20170628,05:00:00,0.0,0.0,0,222.0,0.2,44,25171,16059,25.2,19.0
Station_01,Inv_00,20170628,05:01:00,0.0,0.0,0,222.0,0.2,44,25171,16059,25.2,19.0
Station_01,Inv_00,20170628,05:02:00,0.0,0.0,0,222.0,0.2,44,25171,16059,25.1,19.0
Station_01,Inv_00,20170628,05:03:00,0.0,0.0,0,222.0,0.2,44,25171,16059,25.2,19.0
Station_01,Inv_00,20170628,05:04:00,0.0,0.0,0,222.0,0.2,44,25171,16059,25.1,19.0
Station_01,Inv_00,20170628,05:05:00,0.0,0.0,0,222.0,0.2,44,25171,16059,25.2,20.0
Station_01,Inv_00,20170628,05:06:00,0.0,0.0,0,222.0,0.2,44,25171,16059,25.2,20.0
Station_01,Inv_00,20170628,05:07:00,0.0,0.0,0,222.0,0.2,44,25171,16059,25.1,20.0
Station_01,Inv_00,20170628,05:08:00,0.0,0.0,0,222.0,0.2,44,25171,16059,25.2,20.0
Station_01,Inv_00,20170628,05:09:00,0.0,0.0,0,222.0,0.2,44,25171,16059,25.2,20.0
Station_01,Inv_00,20170628,05:10:00,0.0,0.0,0,222.0,0.2,44,25171,16059,25.2,21.0
Station_01,Inv_00,20170628,05:11:00,0.0,0.0,0,222.0,0.2,44,25171,16059,25.2,21.0
Station_01,Inv_00,20170628,05:12:00,0.0,0.0,0,222.0,0.2,44,25171,16059,25.1,21.0
Station_01,Inv_00,20170628,05:13:00,0.0,0.0,0,222.0,0.2,44,25171,16059,25.1,21.0
Station_01,Inv_00,20170628,05:14:00,0.0,0.0,0,222.0,0.2,44,25171,16059,25.2,21.0
Station_01,Inv_00,20170628,05:15:00,0.0,0.0,0,222.0,0.2,44,25171,16059,25.2,22.0
Station_01,Inv_00,20170628,05:16:00,0.0,0.0,0,222.0,0.2,44,25171,16059,25.2,22.0
Station_01,Inv_00,20170628,05:17:00,0.0,0.0,0,222.0,0.2,44,25171,16059,25.2,22.0
Station_01,Inv_00,20170628,05:18:00,0.0,0.0,0,222.0,0.2,44,25171,16059,25.2,23.0
Station_01,Inv_00,20170628,05:19:00,0.0,0.0,0,222.0,0.2,44,25171,16059,25.2,23.0
Station_01,Inv_00,20170628,05:20:00,0.0,0.0,0,222.0,0.2,44,25171,16059,25.2,23.0
Station_01,Inv_00,20170628,05:21:00,0.0,0.0,0,222.0,0.2,44,25171,16059,25.3,24.0
Station_01,Inv_00,20170628,05:22:00,0.0,0.0,0,222.0,0.2,44,25171,16059,25.2,24.0
Station_01,Inv_00,20170628,05:23:00,0.0,0.0,0,222.0,0.2,44,25171,16059,25.3,25.0
Station_01,Inv_00,20170628,05:24:00,0.0,0.0,0,221.0,0.5,111,25171,16059,25.3,26.0
Station_01,Inv_00,20170628,05:25:00,0.0,0.0,0,222.0,0.5,111,25171,16059,25.3,28.0
Station_01,Inv_00,20170628,05:26:00,0.0,0.0,0,223.0,0.5,112,25171,16059,25.3,28.0
Station_01,Inv_00,20170628,05:27:00,0.0,0.0,0,222.0,0.5,111,25171,16059,25.4,30.0
Station_01,Inv_00,20170628,05:28:00,0.0,0.0,0,223.0,0.5,112,25171,16059,25.4,470.0
Station_01,Inv_00,20170628,05:29:00,227.0,0.1,23,0.0,0.0,0,25171,16059,25.5,32.0
Station_01,Inv_00,20170628,05:30:00,209.0,0.2,42,219.0,0.4,88,25171,16059,25.6,33.0
Station_01,Inv_00,20170628,05:31:00,183.3,0.3,55,214.0,0.5,107,25171,16059,25.7,35.0
Station_01,Inv_00,20170628,05:32:00,217.0,0.2,43,214.0,0.4,86,25171,16059,25.7,33.0
Station_01,Inv_00,20170628,05:33:00,220.5,0.2,44,214.0,0.4,86,25171,16059,25.8,31.0
Station_01,Inv_00,20170628,05:34:00,216.0,0.2,43,216.0,0.4,86,25171,16059,25.9,30.0
Station_01,Inv_00,20170628,05:35:00,211.0,0.2,42,215.0,0.4,86,25171,16059,25.9,31.0
Station_01,Inv_00,20170628,05:36:00,213.0,0.2,43,215.0,0.4,86,25171,16059,26.0,31.0
Station_01,Inv_00,20170628,05:37:00,212.5,0.2,43,216.0,0.4,86,25171,16059,26.0,31.0
Station_01,Inv_00,20170628,05:38:00,224.0,0.2,45,215.0,0.4,86,25171,16059,26.0,32.0
Station_01,Inv_00,20170628,05:39:00,222.7,0.3,67,215.0,0.4,86,25171,16059,26.1,36.0
Station_01,Inv_00,20170628,05:40:00,213.0,0.4,85,217.0,0.5,109,25171,16059,26.3,40.0
Station_01,Inv_00,20170628,05:41:00,224.0,0.4,90,216.0,0.5,108,25171,16059,26.4,44.0
Station_01,Inv_00,20170628,05:42:00,215.4,0.5,108,215.0,0.5,108,25171,16059,26.5,46.0
Station_01,Inv_00,20170628,05:43:00,211.0,0.5,106,215.0,0.5,108,25171,16059,26.6,48.0
Station_01,Inv_00,20170628,05:44:00,219.0,0.5,110,215.0,0.6,129,25171,16059,26.7,49.0
Station_01,Inv_00,20170628,05:45:00,215.0,0.5,108,216.0,0.6,130,25171,16059,26.7,50.0
Station_01,Inv_00,20170628,05:46:00,230.0,0.5,115,217.0,0.6,130,25171,16059,26.8,50.0
Station_01,Inv_00,20170628,05:47:00,218.0,0.5,109,215.0,0.6,129,25171,16059,26.9,50.0
Station_01,Inv_00,20170628,05:48:00,223.0,0.5,112,215.0,0.5,108,25171,16059,26.9,50.0
Station_01,Inv_00,20170628,05:49:00,218.6,0.5,109,216.0,0.5,108,25171,16059,27.0,50.0
Station_01,Inv_00,20170628,05:50:00,208.2,0.5,104,215.0,0.6,129,25171,16059,27.1,51.0
Station_01,Inv_00,20170628,05:51:00,227.4,0.5,114,217.0,0.6,130,25171,16059,27.1,51.0
Station_01,Inv_00,20170628,05:52:00,208.4,0.5,104,217.0,0.6,130,25171,16059,27.1,52.0
Station_01,Inv_00,20170628,05:53:00,232.0,0.5,116,216.0,0.7,151,25171,16059,27.1,55.0
Station_01,Inv_00,20170628,05:54:00,222.0,0.6,133,216.0,0.8,173,25171,16059,27.2,58.0
Station_01,Inv_00,20170628,05:55:00,225.7,0.7,158,216.0,0.8,173,25171,16059,27.3,62.0
Station_01,Inv_00,20170628,05:56:00,227.4,0.7,159,216.0,0.9,194,25171,16059,27.4,66.0
Station_01,Inv_00,20170628,05:57:00,225.0,0.8,180,216.0,1.0,216,25171,16059,27.4,69.0
Station_01,Inv_00,20170628,05:58:00,221.2,0.9,199,217.0,1.0,217,25171,16059,27.4,73.0
Station_01,Inv_00,20170628,05:59:00,238.0,0.9,214,217.0,1.0,217,25171,16059,27.6,76.0
Station_01,Inv_00,20170628,06:00:00,227.0,1.0,227,217.0,1.1,239,25171,16059,27.6,79.0
Station_01,Inv_00,20170628,06:01:00,237.0,1.0,237,217.0,1.1,239,25171,16059,27.7,82.0
Station_01,Inv_00,20170628,06:02:00,237.5,1.0,238,216.0,1.1,238,25171,16059,27.8,84.0
Station_01,Inv_00,20170628,06:03:00,230.5,1.0,231,215.0,1.2,258,25171,16059,27.7,85.0
Station_01,Inv_00,20170628,06:04:00,223.0,1.0,223,215.0,1.1,237,25171,16059,27.8,84.0
Station_01,Inv_00,20170628,06:05:00,242.5,1.0,243,217.0,1.1,239,25171,16059,27.7,83.0
Station_01,Inv_00,20170628,06:06:00,232.0,0.9,209,215.0,1.1,237,25171,16059,27.6,83.0
Station_01,Inv_00,20170628,06:07:00,244.0,1.0,244,216.0,1.2,259,25171,16059,27.6,85.0
Station_01,Inv_00,20170628,06:08:00,234.5,1.1,258,216.0,1.2,259,25171,16059,27.5,88.0
Station_01,Inv_00,20170628,06:09:00,237.5,1.0,238,216.0,1.2,259,25171,16059,27.6,91.0
Station_01,Inv_00,20170628,06:10:00,230.5,1.4,323,216.0,1.4,302,25171,16059,27.8,109.0
Station_01,Inv_00,20170628,06:11:00,241.0,1.5,362,215.0,1.6,344,25171,16059,28.1,127.0
Station_01,Inv_00,20170628,06:12:00,244.0,1.6,390,216.0,1.6,346,25171,16059,28.4,133.0
Station_01,Inv_00,20170628,06:13:00,248.5,1.6,398,217.0,1.7,369,25171,16059,28.7,136.0
Station_01,Inv_00,20170628,06:14:00,242.4,1.5,364,216.0,1.6,346,25171,16059,28.8,132.0
Station_01,Inv_00,20170628,06:15:00,242.7,1.3,316,217.0,1.5,326,25171,16059,28.9,122.0
Station_01,Inv_00,20170628,06:16:00,239.8,1.2,288,217.0,1.3,282,25171,16059,28.6,99.0
Station_01,Inv_00,20170628,06:17:00,241.3,1.1,265,217.0,1.3,282,25171,16059,28.5,98.0
Station_01,Inv_00,20170628,06:18:00,242.0,1.1,266,217.0,1.3,282,25171,16059,28.3,97.0
Station_01,Inv_00,20170628,06:19:00,240.5,1.2,289,217.0,1.4,304,25171,16059,28.2,102.0
Station_01,Inv_00,20170628,06:20:00,243.0,1.3,316,217.0,1.4,304,25171,16059,28.2,105.0
Station_01,Inv_00,20170628,06:21:00,238.5,1.2,286,216.0,1.4,302,25171,16059,28.2,100.0
Station_01,Inv_00,20170628,06:22:00,234.3,1.5,352,217.0,1.5,326,25171,16059,28.3,116.0
Station_01,Inv_00,20170628,06:23:00,242.2,1.3,315,217.0,1.4,304,25171,16059,28.2,104.0
Station_01,Inv_00,20170628,06:24:00,242.8,1.3,316,217.0,1.4,304,25171,16059,28.2,103.0
Station_01,Inv_00,20170628,06:25:00,229.3,1.3,298,217.0,1.4,304,25171,16059,28.2,104.0
Station_01,Inv_00,20170628,06:26:00,245.4,1.5,368,217.0,1.6,347,25171,16059,28.2,118.0
Station_01,Inv_00,20170628,06:27:00,235.5,1.7,400,217.0,1.8,391,25171,16059,28.4,135.0
Station_01,Inv_00,20170628,06:28:00,240.0,1.8,432,217.0,1.9,412,25171,16059,28.4,143.0
Station_01,Inv_00,20170628,06:29:00,250.8,1.8,451,218.0,2.0,436,25171,16059,28.4,143.0
Station_01,Inv_00,20170628,06:30:00,246.0,1.8,443,219.0,2.0,438,25171,16059,28.4,137.0
Station_01,Inv_00,20170628,06:31:00,205.0,2.0,410,218.0,1.8,392,25171,16059,28.5,143.0
Station_01,Inv_00,20170628,06:32:00,242.0,2.0,484,218.0,2.1,458,25171,16059,28.8,149.0
Station_01,Inv_00,20170628,06:33:00,206.4,2.1,433,218.0,2.0,436,25171,16059,29.0,158.0
Station_01,Inv_00,20170628,06:34:00,242.5,2.2,534,218.0,2.3,501,25171,16059,29.3,161.0
Station_01,Inv_00,20170628,06:35:00,222.0,2.3,511,218.0,2.2,480,25171,16059,29.3,164.0
Station_01,Inv_00,20170628,06:36:00,249.0,2.4,598,217.0,2.5,543,25171,16059,29.6,171.0
Station_01,Inv_00,20170628,06:37:00,242.9,2.7,656,216.0,2.9,626,25171,16059,30.0,193.0
Station_01,Inv_00,20170628,06:38:00,248.0,2.8,694,216.0,3.1,670,25171,16059,30.4,206.0
Station_01,Inv_00,20170628,06:39:00,240.9,3.3,795,216.0,3.4,734,25171,16059,30.9,233.0
Station_01,Inv_00,20170628,06:40:00,248.4,3.5,869,217.0,3.7,803,25171,16059,31.3,260.0
Station_01,Inv_00,20170628,06:41:00,246.0,3.4,836,217.0,3.7,803,25171,16059,31.8,259.0
Station_01,Inv_00,20170628,06:42:00,250.0,3.5,875,216.0,3.7,799,25171,16059,32.0,261.0
Station_01,Inv_00,20170628,06:43:00,248.5,3.5,870,216.0,3.7,799,25171,16059,32.5,268.0
Station_01,Inv_00,20170628,06:44:00,238.4,3.6,858,216.0,3.7,799,25171,16059,33.0,271.0
Station_01,Inv_00,20170628,06:45:00,245.5,3.6,884,216.0,3.9,842,25171,16059,33.5,274.0
Station_01,Inv_00,20170628,06:46:00,244.0,3.5,854,217.0,3.8,825,25171,16059,34.0,276.0
Station_01,Inv_00,20170628,06:47:00,250.0,3.5,875,217.0,3.7,803,25171,16059,34.4,270.0
Station_01,Inv_00,20170628,06:48:00,246.0,3.6,886,217.0,3.8,825,25171,16059,34.6,274.0
Station_01,Inv_00,20170628,06:49:00,229.9,3.3,759,216.0,3.3,713,25171,16059,34.8,237.0
Station_01,Inv_00,20170628,06:50:00,218.9,3.5,766,215.0,3.3,710,25171,16059,34.9,230.0
Station_01,Inv_00,20170628,06:51:00,242.8,3.4,826,215.0,3.6,774,25171,16059,35.1,241.0
Station_01,Inv_00,20170628,06:52:00,232.4,3.5,813,215.0,3.6,774,25171,16059,35.4,246.0
Station_01,Inv_00,20170628,06:53:00,238.4,4.1,978,215.0,4.0,860,25171,16059,36.1,279.0
Station_01,Inv_00,20170628,06:54:00,241.0,3.9,940,215.0,4.0,860,25171,16059,36.2,272.0
Station_01,Inv_00,20170628,06:55:00,246.0,3.7,910,215.0,3.9,839,25171,16059,36.8,261.0
Station_01,Inv_00,20170628,06:56:00,235.0,3.5,822,216.0,3.7,799,25171,16059,37.1,256.0
Station_01,Inv_00,20170628,06:57:00,237.0,4.4,1043,216.0,4.5,972,25171,16059,37.0,302.0
Station_01,Inv_00,20170628,06:58:00,226.0,4.6,1040,216.0,4.5,972,25171,16059,38.0,332.0
Station_01,Inv_00,20170628,06:59:00,235.5,4.5,1060,217.0,4.5,977,25171,16059,38.4,327.0
Station_01,Inv_00,20170628,07:00:00,234.0,4.6,1076,217.0,4.6,998,25171,16059,39.1,331.0
Station_01,Inv_00,20170628,07:01:00,235.5,4.7,1107,216.0,4.8,1037,25171,16059,39.5,338.0
Station_01,Inv_00,20170628,07:02:00,241.0,4.8,1157,217.0,5.0,1085,25171,16059,40.2,347.0
Station_01,Inv_00,20170628,07:03:00,241.5,5.1,1232,216.0,5.2,1123,25171,16059,39.5,361.0
Station_01,Inv_00,20170628,07:04:00,235.5,5.3,1248,216.0,5.4,1166,25171,16059,40.5,372.0
Station_01,Inv_00,20170628,07:05:00,240.5,5.5,1323,216.0,5.6,1210,25171,16059,41.5,383.0
Station_01,Inv_00,20170628,07:06:00,244.0,5.2,1269,216.0,5.6,1210,25171,16059,41.8,384.0
Station_01,Inv_00,20170628,07:07:00,231.9,4.9,1136,215.0,4.9,1054,25171,16059,41.1,353.0
Station_01,Inv_00,20170628,07:08:00,238.5,4.2,1002,216.0,4.2,907,25171,16059,40.9,298.0
Station_01,Inv_00,20170628,07:09:00,236.0,3.6,850,216.0,3.7,799,25171,16059,40.0,254.0
Station_01,Inv_00,20170628,07:10:00,234.0,3.2,749,216.0,3.3,713,25171,16059,39.5,228.0
Station_01,Inv_00,20170628,07:11:00,241.5,3.0,725,217.0,3.1,673,25171,16059,39.2,214.0
Station_01,Inv_00,20170628,07:12:00,224.4,3.1,696,216.0,3.0,648,25171,16059,38.8,213.0
Station_01,Inv_00,20170628,07:13:00,242.9,3.2,777,216.0,3.4,734,25171,16059,38.0,224.0
Station_01,Inv_00,20170628,07:14:00,244.5,4.1,1002,217.0,4.3,933,25171,16059,38.0,283.0
Station_01,Inv_00,20170628,07:15:00,244.5,5.3,1296,217.0,5.6,1215,25171,16059,38.5,367.0
Station_01,Inv_00,20170628,07:16:00,241.0,6.1,1470,217.0,6.3,1367,25171,16059,39.4,417.0
Station_01,Inv_00,20170628,07:17:00,241.4,5.5,1328,217.0,5.6,1215,25171,16059,40.2,389.0
Station_01,Inv_00,20170628,07:18:00,242.0,5.7,1379,216.0,5.9,1274,25171,16059,41.1,399.0
Station_01,Inv_00,20170628,07:19:00,242.0,5.7,1379,217.0,5.9,1280,25171,16059,41.5,403.0
Station_01,Inv_00,20170628,07:20:00,241.5,5.8,1401,217.0,6.0,1302,25171,16059,41.5,405.0
Station_01,Inv_00,20170628,07:21:00,232.5,5.9,1372,215.0,6.1,1312,25171,16059,42.5,416.0
Station_01,Inv_00,20170628,07:22:00,243.0,5.7,1385,216.0,6.1,1318,25172,16060,42.4,414.0
Station_01,Inv_00,20170628,07:23:00,237.5,6.1,1449,218.0,6.2,1352,25172,16060,42.7,420.0
Station_01,Inv_00,20170628,07:24:00,241.5,5.9,1425,218.0,6.2,1352,25172,16060,43.5,425.0
Station_01,Inv_00,20170628,07:25:00,238.5,6.1,1455,218.0,6.2,1352,25172,16060,43.6,426.0
Station_01,Inv_00,20170628,07:26:00,213.0,5.9,1257,218.0,5.5,1199,25172,16060,44.4,415.0
Station_01,Inv_00,20170628,07:27:00,237.0,5.7,1351,219.0,5.7,1248,25172,16060,44.0,401.0
Station_01,Inv_00,20170628,07:28:00,236.9,5.9,1398,219.0,5.9,1292,25172,16060,44.3,410.0
Station_01,Inv_00,20170628,07:29:00,232.3,6.0,1394,219.0,6.0,1314,25172,16060,44.9,419.0
Station_01,Inv_00,20170628,07:30:00,232.5,6.3,1465,219.0,6.3,1380,25172,16060,44.9,434.0
Station_01,Inv_00,20170628,07:31:00,238.5,6.1,1455,219.0,6.3,1380,25172,16060,44.4,436.0
Station_01,Inv_00,20170628,07:32:00,232.5,6.3,1465,219.0,6.2,1358,25172,16060,44.2,435.0
Station_01,Inv_00,20170628,07:33:00,236.5,6.5,1537,219.0,6.7,1467,25172,16060,44.7,452.0
Station_01,Inv_00,20170628,07:34:00,239.5,6.6,1580,219.0,6.7,1467,25172,16060,45.2,457.0
Station_01,Inv_00,20170628,07:35:00,232.5,4.9,1139,219.0,5.0,1095,25172,16060,45.0,381.0
Station_01,Inv_00,20170628,07:36:00,237.5,6.0,1425,218.0,6.2,1352,25172,16060,44.8,415.0
Station_01,Inv_00,20170628,07:37:00,234.9,5.4,1268,220.0,5.5,1210,25172,16060,44.2,411.0
Station_01,Inv_00,20170628,07:38:00,235.5,2.8,659,218.0,2.9,632,25172,16060,43.1,218.0
Station_01,Inv_00,20170628,07:39:00,235.0,6.4,1504,219.0,6.5,1424,25172,16060,43.1,421.0
Station_01,Inv_00,20170628,07:40:00,240.0,6.5,1560,219.0,6.7,1467,25172,16060,43.9,461.0
Station_01,Inv_00,20170628,07:41:00,236.0,6.7,1581,220.0,6.8,1496,25172,16060,43.6,464.0
Station_01,Inv_00,20170628,07:42:00,228.0,6.9,1573,219.0,6.7,1467,25172,16060,45.2,462.0
Station_01,Inv_00,20170628,07:43:00,235.5,6.6,1554,220.0,6.7,1474,25172,16060,45.1,463.0
Station_01,Inv_00,20170628,07:44:00,242.8,3.0,728,217.0,3.3,716,25172,16060,44.1,297.0
Station_01,Inv_00,20170628,07:45:00,235.5,2.8,659,217.0,2.9,629,25172,16060,42.6,208.0
Station_01,Inv_00,20170628,07:46:00,240.0,3.8,912,217.0,3.9,846,25172,16060,42.6,249.0
Station_01,Inv_00,20170628,07:47:00,239.0,6.9,1649,217.0,7.1,1541,25172,16060,43.4,463.0
Station_01,Inv_00,20170628,07:48:00,234.5,7.1,1665,218.0,7.2,1570,25172,16060,43.5,484.0
Station_01,Inv_00,20170628,07:49:00,235.0,7.3,1715,217.0,7.4,1606,25172,16060,43.9,495.0
Station_01,Inv_00,20170628,07:50:00,229.0,7.3,1672,217.0,7.3,1584,25172,16060,44.8,496.0
Station_01,Inv_00,20170628,07:51:00,237.0,7.4,1754,216.0,7.7,1663,25172,16060,44.9,512.0
Station_01,Inv_00,20170628,07:52:00,233.0,7.5,1747,216.0,7.6,1642,25172,16060,46.5,505.0
Station_01,Inv_00,20170628,07:53:00,235.0,7.1,1668,216.0,7.3,1577,25172,16060,47.3,493.0
Station_01,Inv_00,20170628,07:54:00,232.0,6.9,1601,216.0,7.0,1512,25172,16060,46.2,452.0
Station_01,Inv_00,20170628,07:55:00,232.9,3.6,839,217.0,3.6,781,25172,16060,45.4,254.0
Station_01,Inv_00,20170628,07:56:00,235.5,3.4,801,216.0,3.5,756,25172,16060,44.2,241.0
Station_01,Inv_00,20170628,07:57:00,236.5,3.2,757,216.0,3.3,713,25172,16060,43.9,225.0
Station_01,Inv_00,20170628,07:58:00,232.0,3.2,742,216.0,3.2,691,25172,16060,42.9,222.0
Station_01,Inv_00,20170628,07:59:00,235.5,3.1,730,216.0,3.1,670,25172,16060,42.0,217.0
Station_01,Inv_00,20170628,08:00:00,231.4,3.1,717,216.0,3.3,713,25172,16060,41.3,225.0
Station_01,Inv_00,20170628,08:01:00,241.0,3.2,771,215.0,3.4,731,25172,16060,41.3,225.0
Station_01,Inv_00,20170628,08:02:00,233.0,3.6,839,216.0,3.6,778,25172,16060,40.9,242.0
Station_01,Inv_00,20170628,08:03:00,239.9,4.2,1008,216.0,4.4,950,25172,16060,41.3,285.0
Station_01,Inv_00,20170628,08:04:00,242.5,8.0,1940,216.0,8.4,1814,25172,16060,42.9,471.0
Station_01,Inv_00,20170628,08:05:00,239.5,8.3,1988,216.0,8.7,1879,25172,16060,44.3,561.0
Station_01,Inv_00,20170628,08:06:00,235.4,8.2,1931,218.0,8.3,1809,25172,16060,45.1,557.0
Station_01,Inv_00,20170628,08:07:00,236.5,7.7,1821,219.0,7.9,1730,25173,16060,45.7,537.0
Station_01,Inv_00,20170628,08:08:00,235.5,7.5,1766,218.0,7.6,1657,25173,16060,45.0,518.0
Station_01,Inv_00,20170628,08:09:00,225.0,5.1,1148,218.0,5.1,1112,25173,16060,44.9,390.0
Station_01,Inv_00,20170628,08:10:00,232.0,8.9,2065,218.0,8.9,1940,25173,16060,45.7,579.0
Station_01,Inv_00,20170628,08:11:00,224.0,6.2,1389,217.0,6.6,1432,25173,16060,45.7,531.0
Station_01,Inv_00,20170628,08:12:00,236.5,4.1,970,216.0,4.1,886,25173,16060,45.6,287.0
Station_01,Inv_00,20170628,08:13:00,236.5,6.6,1561,217.0,6.7,1454,25173,16060,45.1,423.0
Station_01,Inv_00,20170628,08:14:00,230.0,9.5,2185,218.0,9.5,2071,25173,16060,47.0,620.0
Station_01,Inv_00,20170628,08:15:00,231.0,9.4,2171,217.0,9.5,2062,25173,16060,48.9,620.0
Station_01,Inv_00,20170628,08:16:00,232.5,9.5,2209,217.0,9.6,2083,25173,16060,49.9,629.0
Station_01,Inv_00,20170628,08:17:00,224.0,9.7,2173,217.0,9.5,2062,25173,16060,51.3,628.0
Station_01,Inv_00,20170628,08:18:00,229.4,9.8,2249,217.0,9.8,2127,25173,16060,52.6,644.0
Station_01,Inv_00,20170628,08:19:00,226.0,10.3,2328,217.0,10.1,2192,25173,16060,53.4,662.0
Station_01,Inv_00,20170628,08:20:00,225.5,10.4,2345,217.0,10.2,2213,25173,16060,54.8,671.0
Station_01,Inv_00,20170628,08:21:00,216.0,11.1,2397,217.0,10.3,2235,25173,16060,54.4,691.0
Station_01,Inv_00,20170628,08:22:00,222.0,11.1,2464,217.0,10.6,2300,25173,16060,54.8,700.0
Station_01,Inv_00,20170628,08:23:00,224.5,10.5,2357,218.0,10.2,2224,25173,16060,54.4,689.0
Station_01,Inv_00,20170628,08:24:00,217.0,10.9,2365,218.0,10.3,2245,25173,16060,55.9,692.0
Station_01,Inv_00,20170628,08:25:00,224.0,10.8,2419,217.0,10.4,2257,25173,16060,57.2,696.0
Station_01,Inv_00,20170628,08:26:00,218.0,10.6,2310,217.0,10.1,2192,25173,16060,57.7,683.0
Station_01,Inv_00,20170628,08:27:00,221.9,10.8,2397,217.0,10.4,2257,25173,16060,57.9,695.0
Station_01,Inv_00,20170628,08:28:00,221.5,10.9,2414,217.0,10.5,2279,25173,16060,58.3,692.0
Station_01,Inv_00,20170628,08:29:00,220.0,11.1,2442,217.0,10.7,2322,25173,16060,59.1,712.0
Station_01,Inv_00,20170628,08:30:00,218.9,11.6,2540,218.0,10.8,2354,25173,16060,57.2,733.0
Station_01,Inv_00,20170628,08:31:00,220.9,11.2,2475,217.0,10.8,2344,25173,16060,58.9,722.0
Station_01,Inv_00,20170628,08:32:00,219.0,11.3,2475,217.0,10.7,2322,25173,16060,59.6,711.0
Station_01,Inv_00,20170628,08:33:00,220.0,11.7,2574,217.0,11.2,2430,25173,16060,58.8,752.0
Station_01,Inv_00,20170628,08:34:00,221.0,11.4,2519,217.0,10.9,2365,25174,16061,61.4,741.0
Station_01,Inv_00,20170628,08:35:00,220.0,7.0,1540,217.0,6.8,1476,25174,16061,59.4,440.0
Station_01,Inv_00,20170628,08:36:00,220.0,11.9,2618,217.0,11.3,2452,25174,16061,58.5,637.0
Station_01,Inv_00,20170628,08:37:00,216.5,11.3,2446,217.0,10.6,2300,25174,16061,58.1,559.0
Station_01,Inv_00,20170628,08:38:00,219.5,5.6,1229,217.0,5.4,1172,25174,16061,57.4,427.0
Station_01,Inv_00,20170628,08:39:00,222.9,7.3,1627,216.0,7.4,1598,25174,16061,57.0,516.0
Station_01,Inv_00,20170628,08:40:00,224.0,4.6,1030,216.0,4.3,929,25174,16061,55.2,312.0
Station_01,Inv_00,20170628,08:41:00,212.3,5.4,1146,216.0,5.0,1080,25174,16061,54.0,378.0
Station_01,Inv_00,20170628,08:42:00,228.0,8.8,2006,218.0,7.9,1722,25174,16061,53.3,393.0
Station_01,Inv_00,20170628,08:43:00,225.0,5.3,1193,216.0,5.1,1102,25174,16061,54.0,415.0
Station_01,Inv_00,20170628,08:44:00,219.5,3.6,790,216.0,3.5,756,25174,16061,52.0,244.0
Station_01,Inv_00,20170628,08:45:00,225.5,4.0,902,217.0,4.0,868,25174,16061,50.6,255.0
Station_01,Inv_00,20170628,08:46:00,213.0,4.1,873,218.0,3.8,828,25174,16061,49.3,269.0
Station_01,Inv_00,20170628,08:47:00,216.2,7.0,1514,218.0,6.6,1439,25174,16061,49.6,379.0
Station_01,Inv_00,20170628,08:48:00,222.3,9.8,2179,218.0,9.3,2027,25174,16061,50.9,590.0
Station_01,Inv_00,20170628,08:49:00,213.4,6.1,1302,218.0,5.6,1221,25174,16061,53.0,639.0
Station_01,Inv_00,20170628,08:50:00,228.0,3.9,889,217.0,3.9,846,25174,16061,51.8,291.0
Station_01,Inv_00,20170628,08:51:00,226.0,8.2,1853,217.0,8.8,1910,25174,16061,52.0,433.0
Station_01,Inv_00,20170628,08:52:00,223.0,2.9,647,216.0,2.9,626,25174,16061,50.3,213.0
Station_01,Inv_00,20170628,08:53:00,227.0,3.6,817,216.0,3.5,756,25174,16061,49.4,219.0
Station_01,Inv_00,20170628,08:54:00,233.4,3.2,747,216.0,3.3,713,25174,16061,48.5,227.0
Station_01,Inv_00,20170628,08:55:00,231.3,3.0,694,215.0,3.2,688,25174,16061,47.6,216.0
Station_01,Inv_00,20170628,08:56:00,230.0,3.0,690,215.0,3.1,667,25174,16061,47.2,217.0
Station_01,Inv_00,20170628,08:57:00,223.0,3.0,669,214.0,2.9,621,25174,16061,46.0,205.0
Station_01,Inv_00,20170628,08:58:00,231.2,2.8,647,215.0,2.9,624,25174,16061,45.5,198.0
Station_01,Inv_00,20170628,08:59:00,232.5,2.8,651,218.0,2.9,632,25174,16061,44.1,201.0
Station_01,Inv_00,20170628,09:00:00,239.8,4.0,959,217.0,4.1,890,25174,16061,43.5,247.0
Station_01,Inv_00,20170628,09:01:00,237.0,8.7,2062,218.0,8.7,1897,25174,16061,45.3,521.0
Station_01,Inv_00,20170628,09:02:00,229.0,3.0,687,219.0,3.0,657,25174,16061,44.4,218.0
Station_01,Inv_00,20170628,09:03:00,232.5,2.6,605,219.0,2.8,613,25174,16061,43.5,197.0
Station_01,Inv_00,20170628,09:04:00,235.5,2.6,612,218.0,2.7,589,25174,16061,43.1,189.0
Station_01,Inv_00,20170628,09:05:00,235.9,2.5,590,217.0,2.6,564,25174,16061,42.7,184.0
Station_01,Inv_00,20170628,09:06:00,230.0,2.4,552,217.0,2.5,543,25174,16061,42.0,183.0
Station_01,Inv_00,20170628,09:07:00,231.0,2.9,670,216.0,2.9,626,25174,16061,41.6,199.0
Station_01,Inv_00,20170628,09:08:00,238.4,3.0,715,217.0,3.2,694,25174,16061,40.9,226.0
Station_01,Inv_00,20170628,09:09:00,227.8,3.6,820,217.0,3.6,781,25174,16061,42.5,412.0
Station_01,Inv_00,20170628,09:10:00,235.8,3.2,754,217.0,3.4,738,25174,16061,41.9,252.0
Station_01,Inv_00,20170628,09:11:00,235.4,3.2,753,217.0,3.3,716,25174,16061,41.9,230.0
Station_01,Inv_00,20170628,09:12:00,237.5,3.0,713,217.0,3.1,673,25174,16061,41.4,219.0
Station_01,Inv_00,20170628,09:13:00,234.5,3.3,774,217.0,3.4,738,25174,16061,41.2,222.0
Station_01,Inv_00,20170628,09:14:00,245.0,5.2,1274,218.0,5.2,1134,25174,16061,41.4,319.0
Station_01,Inv_00,20170628,09:15:00,246.0,5.8,1427,219.0,6.0,1314,25174,16061,42.9,422.0
Station_01,Inv_00,20170628,09:16:00,233.5,12.5,2919,218.0,12.6,2747,25174,16061,45.6,757.0
Station_01,Inv_00,20170628,09:17:00,233.0,12.3,2865,218.0,12.4,2703,25174,16061,48.7,800.0
Station_01,Inv_00,20170628,09:18:00,224.5,12.6,2828,218.0,12.2,2660,25174,16061,50.4,799.0
Station_01,Inv_00,20170628,09:19:00,225.0,12.7,2857,218.0,12.3,2681,25174,16061,52.8,805.0
Station_01,Inv_00,20170628,09:20:00,224.0,12.5,2800,218.0,12.1,2638,25174,16061,54.4,800.0
Station_01,Inv_00,20170628,09:21:00,221.5,12.6,2790,218.0,12.0,2616,25175,16062,54.9,799.0
Station_01,Inv_00,20170628,09:22:00,214.0,13.0,2782,218.0,11.9,2594,25175,16062,54.6,806.0
Station_01,Inv_00,20170628,09:23:00,223.5,12.5,2794,219.0,12.0,2628,25175,16062,56.9,806.0
Station_01,Inv_00,20170628,09:24:00,218.0,12.7,2769,219.0,11.9,2606,25175,16062,58.9,809.0
Station_01,Inv_00,20170628,09:25:00,217.0,12.6,2734,218.0,11.8,2572,25175,16062,58.6,805.0
Station_01,Inv_00,20170628,09:26:00,215.0,12.6,2709,218.0,11.8,2572,25175,16062,56.2,802.0
Station_01,Inv_00,20170628,09:27:00,218.0,12.4,2703,218.0,11.7,2551,25175,16062,58.4,796.0
Station_01,Inv_00,20170628,09:28:00,214.5,12.6,2703,219.0,11.6,2540,25175,16062,58.6,798.0
Station_01,Inv_00,20170628,09:29:00,214.0,12.8,2739,219.0,11.7,2562,25175,16062,58.9,798.0
Station_01,Inv_00,20170628,09:30:00,205.5,13.1,2692,218.0,11.6,2529,25175,16062,56.7,802.0
Station_01,Inv_00,20170628,09:31:00,206.0,13.2,2719,218.0,11.7,2551,25175,16062,58.2,807.0
Station_01,Inv_00,20170628,09:32:00,204.5,13.4,2740,218.0,11.8,2572,25175,16062,57.0,820.0
Station_01,Inv_00,20170628,09:33:00,205.5,13.5,2774,218.0,12.0,2616,25175,16062,58.3,824.0
Station_01,Inv_00,20170628,09:34:00,205.5,13.5,2774,218.0,11.9,2594,25175,16062,61.2,824.0
Station_01,Inv_00,20170628,09:35:00,204.5,13.6,2781,218.0,12.0,2616,25175,16062,62.5,823.0
Station_01,Inv_00,20170628,09:36:00,204.5,13.6,2781,218.0,12.0,2616,25175,16062,63.1,827.0
Station_01,Inv_00,20170628,09:37:00,206.0,13.7,2822,218.0,12.1,2638,25175,16062,63.0,832.0
Station_01,Inv_00,20170628,09:38:00,204.5,14.0,2863,218.0,12.4,2703,25175,16062,63.0,846.0
Station_01,Inv_00,20170628,09:39:00,205.0,14.0,2870,218.0,12.4,2703,25175,16062,64.5,853.0
Station_01,Inv_00,20170628,09:40:00,205.5,13.8,2836,218.0,12.3,2681,25175,16062,65.3,845.0
Station_01,Inv_00,20170628,09:41:00,205.0,14.0,2870,219.0,12.2,2672,25175,16062,63.9,853.0
Station_01,Inv_00,20170628,09:42:00,205.0,14.1,2890,219.0,12.4,2716,25175,16062,64.2,868.0
Station_01,Inv_00,20170628,09:43:00,205.0,13.8,2829,219.0,12.1,2650,25176,16062,62.9,859.0
Station_01,Inv_00,20170628,09:44:00,205.0,13.2,2706,219.0,11.5,2519,25176,16062,64.6,816.0
Station_01,Inv_00,20170628,09:45:00,212.0,13.3,2820,219.0,12.1,2650,25176,16062,63.8,825.0
Station_01,Inv_00,20170628,09:46:00,211.0,13.7,2891,219.0,12.4,2716,25176,16062,63.3,855.0
Station_01,Inv_00,20170628,09:47:00,211.5,14.1,2982,220.0,12.8,2816,25176,16062,64.9,877.0
Station_01,Inv_00,20170628,09:48:00,198.0,12.9,2554,220.0,11.1,2442,25176,16062,65.3,879.0
Station_01,Inv_00,20170628,09:49:00,195.5,15.7,3069,219.0,12.9,2825,25176,16062,66.1,895.0
Station_01,Inv_00,20170628,09:50:00,198.0,15.1,2990,219.0,13.0,2847,25176,16062,67.2,926.0
Station_01,Inv_00,20170628,09:51:00,213.5,5.7,1217,218.0,5.3,1155,25176,16062,64.0,381.0
Station_01,Inv_00,20170628,09:52:00,216.0,5.6,1209,218.0,5.2,1134,25176,16062,60.4,363.0
Station_01,Inv_00,20170628,09:53:00,218.5,7.0,1530,218.0,6.5,1417,25176,16062,59.9,410.0
Station_01,Inv_00,20170628,09:54:00,214.5,14.7,3153,219.0,13.5,2957,25176,16062,62.4,907.0
Station_01,Inv_00,20170628,09:55:00,208.0,15.1,3141,219.0,13.4,2935,25176,16062,64.8,919.0
Station_01,Inv_00,20170628,09:56:00,215.0,14.4,3096,219.0,13.3,2913,25176,16062,65.6,906.0
Station_01,Inv_00,20170628,09:57:00,216.0,4.6,994,219.0,4.3,942,25176,16062,62.6,311.0
Station_01,Inv_00,20170628,09:58:00,217.9,4.4,959,219.0,4.0,876,25176,16062,61.2,286.0
Station_01,Inv_00,20170628,09:59:00,219.5,4.4,966,216.0,4.1,886,25176,16062,59.2,280.0
Station_01,Inv_00,20170628,10:00:00,211.0,5.0,1055,216.0,4.5,972,25176,16062,58.0,330.0
Station_01,Inv_00,20170628,10:01:00,220.5,4.8,1058,216.0,4.5,972,25176,16062,56.8,301.0
Station_01,Inv_00,20170628,10:02:00,225.0,5.0,1125,216.0,4.7,1015,25176,16062,55.5,316.0
Station_01,Inv_00,20170628,10:03:00,219.4,5.4,1185,217.0,5.1,1107,25176,16062,53.8,333.0
Station_01,Inv_00,20170628,10:04:00,219.0,5.6,1226,217.0,5.1,1107,25176,16062,54.1,346.0
Station_01,Inv_00,20170628,10:05:00,224.4,5.2,1167,216.0,5.1,1102,25176,16062,53.5,341.0
Station_01,Inv_00,20170628,10:06:00,218.5,5.4,1180,216.0,5.0,1080,25176,16062,51.1,340.0
Station_01,Inv_00,20170628,10:07:00,224.0,5.4,1210,216.0,5.1,1102,25176,16062,51.6,341.0
Station_01,Inv_00,20170628,10:08:00,227.4,10.8,2456,216.0,9.7,2095,25176,16062,51.6,592.0
Station_01,Inv_00,20170628,10:09:00,220.5,15.5,3417,217.0,14.7,3190,25176,16062,55.4,927.0
Station_01,Inv_00,20170628,10:10:00,216.5,15.2,3291,217.0,14.2,3081,25176,16062,57.2,924.0
Station_01,Inv_00,20170628,10:11:00,219.0,8.6,1883,216.0,8.2,1771,25176,16062,57.5,562.0
Station_01,Inv_00,20170628,10:12:00,217.4,10.0,2174,216.0,9.8,2117,25177,16063,59.0,681.0
Station_01,Inv_00,20170628,10:13:00,212.9,6.4,1362,215.0,5.9,1269,25177,16063,59.3,609.0
Station_01,Inv_00,20170628,10:14:00,212.4,6.6,1402,215.0,6.2,1333,25177,16063,58.9,593.0
Station_01,Inv_00,20170628,10:15:00,219.5,11.0,2414,216.0,10.4,2246,25177,16063,56.8,544.0
Station_01,Inv_00,20170628,10:16:00,217.5,15.0,3262,217.0,14.1,3060,25177,16063,60.8,928.0
Station_01,Inv_00,20170628,10:17:00,211.0,13.7,2891,216.0,12.5,2700,25177,16063,62.6,893.0
Station_01,Inv_00,20170628,10:18:00,204.5,5.0,1023,215.0,4.4,946,25177,16063,60.2,339.0
Station_01,Inv_00,20170628,10:19:00,182.0,5.0,910,215.0,3.9,839,25177,16063,58.9,306.0
Station_01,Inv_00,20170628,10:20:00,219.0,5.0,1095,215.0,4.6,989,25177,16063,57.9,309.0
Station_01,Inv_00,20170628,10:21:00,221.5,5.9,1307,215.0,5.6,1204,25177,16063,57.2,359.0
Station_01,Inv_00,20170628,10:22:00,219.0,5.6,1226,215.0,5.3,1140,25177,16063,57.5,457.0
Station_01,Inv_00,20170628,10:23:00,225.0,5.0,1125,215.0,4.8,1032,25177,16063,56.6,338.0
Station_01,Inv_00,20170628,10:24:00,220.0,4.6,1012,215.0,4.3,925,25177,16063,55.5,291.0
Station_01,Inv_00,20170628,10:25:00,220.9,4.6,1016,215.0,4.4,946,25177,16063,54.9,286.0
Station_01,Inv_00,20170628,10:26:00,225.4,4.6,1037,215.0,4.5,968,25177,16063,53.2,290.0
Station_01,Inv_00,20170628,10:27:00,225.0,4.8,1080,215.0,4.6,989,25177,16063,53.0,302.0
Station_01,Inv_00,20170628,10:28:00,228.0,5.1,1163,215.0,5.1,1097,25177,16063,52.3,325.0
Station_01,Inv_00,20170628,10:29:00,227.5,5.2,1183,215.0,5.1,1097,25177,16063,52.4,337.0
Station_01,Inv_00,20170628,10:30:00,228.5,4.8,1097,215.0,4.8,1032,25177,16063,51.6,318.0
Station_01,Inv_00,20170628,10:31:00,225.5,5.0,1128,215.0,4.9,1054,25177,16063,51.6,317.0
Station_01,Inv_00,20170628,10:32:00,231.0,5.3,1224,216.0,5.3,1145,25177,16063,51.1,341.0
Station_01,Inv_00,20170628,10:33:00,226.5,10.5,2378,216.0,10.1,2182,25177,16063,51.6,568.0
Station_01,Inv_00,20170628,10:34:00,222.5,14.5,3226,217.0,13.9,3016,25177,16063,54.8,873.0
Station_01,Inv_00,20170628,10:35:00,213.5,9.3,1985,216.0,9.3,2009,25177,16063,57.0,785.0
Station_01,Inv_00,20170628,10:36:00,224.5,6.4,1437,215.0,6.1,1312,25177,16063,55.5,386.0
Station_01,Inv_00,20170628,10:37:00,224.0,14.3,3203,216.0,13.9,3002,25177,16063,57.4,861.0
Station_01,Inv_00,20170628,10:38:00,216.0,15.4,3326,216.0,14.4,3110,25177,16063,59.9,950.0
Station_01,Inv_00,20170628,10:39:00,209.5,15.8,3310,216.0,14.3,3089,25177,16063,61.1,973.0
Station_01,Inv_00,20170628,10:40:00,205.5,16.0,3288,216.0,14.2,3067,25177,16063,63.0,982.0
Station_01,Inv_00,20170628,10:41:00,205.5,15.8,3247,216.0,14.0,3024,25177,16063,64.5,987.0
Station_01,Inv_00,20170628,10:42:00,209.5,15.3,3205,216.0,13.9,3002,25177,16063,66.8,977.0
Station_01,Inv_00,20170628,10:43:00,209.0,15.2,3176,216.0,13.8,2981,25178,16064,68.0,971.0
Station_01,Inv_00,20170628,10:44:00,204.5,15.4,3149,216.0,13.7,2959,25178,16064,68.3,961.0
Station_01,Inv_00,20170628,10:45:00,205.5,15.1,3103,216.0,13.5,2916,25178,16064,68.5,940.0
Station_01,Inv_00,20170628,10:46:00,203.5,15.5,3154,216.0,13.6,2938,25178,16064,70.7,943.0
Station_01,Inv_00,20170628,10:47:00,195.0,16.3,3178,216.0,13.7,2959,25178,16064,71.6,971.0
Station_01,Inv_00,20170628,10:48:00,193.4,16.5,3191,216.0,13.9,3002,25178,16064,71.6,987.0
Station_01,Inv_00,20170628,10:49:00,203.0,16.1,3268,216.0,14.1,3046,25178,16064,71.4,1003.0
Station_01,Inv_00,20170628,10:50:00,198.0,16.3,3227,216.0,14.0,3024,25178,16064,72.9,988.0
Station_01,Inv_00,20170628,10:51:00,200.5,16.1,3228,216.0,14.0,3024,25178,16064,74.0,985.0
Station_01,Inv_00,20170628,10:52:00,189.0,17.0,3213,216.0,13.9,3002,25178,16064,74.7,989.0
Station_01,Inv_00,20170628,10:53:00,199.0,16.5,3283,216.0,14.2,3067,25178,16064,75.0,1000.0
Station_01,Inv_00,20170628,10:54:00,191.0,17.0,3247,215.0,14.0,3010,25178,16064,75.0,1000.0
Station_01,Inv_00,20170628,10:55:00,199.0,16.2,3224,215.0,13.9,2989,25178,16064,75.0,980.0
Station_01,Inv_00,20170628,10:56:00,195.5,16.5,3226,215.0,13.9,2989,25178,16064,75.0,989.0
Station_01,Inv_00,20170628,10:57:00,195.0,14.6,2847,216.0,12.5,2700,25178,16064,75.0,988.0
Station_01,Inv_00,20170628,10:58:00,193.0,6.4,1235,215.0,5.3,1140,25178,16064,70.9,414.0
Station_01,Inv_00,20170628,10:59:00,207.5,5.2,1079,215.0,4.8,1032,25178,16064,66.6,341.0
Station_01,Inv_00,20170628,11:00:00,210.4,5.0,1052,215.0,4.6,989,25178,16064,64.4,306.0
Station_01,Inv_00,20170628,11:01:00,212.5,4.8,1020,215.0,4.4,946,25178,16064,60.9,296.0
Station_01,Inv_00,20170628,11:02:00,221.0,4.6,1017,215.0,4.3,925,25178,16064,58.7,289.0
Station_01,Inv_00,20170628,11:03:00,223.5,4.3,961,216.0,4.1,886,25178,16064,57.3,276.0
Station_01,Inv_00,20170628,11:04:00,224.0,4.3,963,216.0,4.1,886,25178,16064,54.7,273.0
Station_01,Inv_00,20170628,11:05:00,228.0,4.2,958,216.0,4.1,886,25178,16064,52.7,280.0
Station_01,Inv_00,20170628,11:06:00,213.0,4.3,916,216.0,3.9,842,25178,16064,51.3,268.0
Station_01,Inv_00,20170628,11:07:00,220.0,4.3,946,216.0,4.1,886,25178,16064,51.1,265.0
Station_01,Inv_00,20170628,11:08:00,229.5,4.2,964,216.0,4.1,886,25178,16064,49.8,272.0
Station_01,Inv_00,20170628,11:09:00,228.9,4.0,916,216.0,4.0,864,25178,16064,48.4,262.0
Station_01,Inv_00,20170628,11:10:00,229.0,4.0,916,215.0,3.9,839,25178,16064,48.4,256.0
Station_01,Inv_00,20170628,11:11:00,232.5,4.1,953,215.0,4.1,881,25179,16064,47.3,261.0
Station_01,Inv_00,20170628,11:12:00,231.7,4.3,996,215.0,4.2,903,25179,16064,46.7,276.0
Station_01,Inv_00,20170628,11:13:00,229.0,4.6,1053,215.0,4.5,968,25179,16064,47.1,290.0
Station_01,Inv_00,20170628,11:14:00,230.4,4.8,1106,215.0,4.8,1032,25179,16064,45.6,312.0
Station_01,Inv_00,20170628,11:15:00,236.0,4.9,1156,215.0,5.0,1075,25179,16064,46.1,315.0
Station_01,Inv_00,20170628,11:16:00,234.0,5.8,1357,215.0,5.9,1269,25179,16064,46.7,369.0
Station_01,Inv_00,20170628,11:17:00,231.0,7.0,1617,216.0,7.2,1555,25179,16064,47.7,508.0
Station_01,Inv_00,20170628,11:18:00,234.3,13.3,3116,216.0,13.7,2959,25179,16064,48.8,681.0
Station_01,Inv_00,20170628,11:19:00,221.0,16.3,3602,217.0,15.5,3364,25179,16064,52.7,1003.0
Station_01,Inv_00,20170628,11:20:00,223.0,10.1,2252,216.0,9.7,2095,25179,16064,54.9,695.0
Station_01,Inv_00,20170628,11:21:00,212.0,17.0,3604,217.0,15.6,3385,25179,16064,58.0,1039.0
Station_01,Inv_00,20170628,11:22:00,220.5,9.9,2183,216.0,9.4,2030,25179,16064,56.3,597.0
Station_01,Inv_00,20170628,11:23:00,223.0,15.7,3501,217.0,14.9,3233,25179,16064,58.7,903.0
Station_01,Inv_00,20170628,11:24:00,213.0,16.2,3450,216.0,14.9,3218,25179,16064,59.9,1025.0
Station_01,Inv_00,20170628,11:25:00,213.9,16.1,3445,217.0,14.9,3233,25179,16064,61.7,1011.0
Station_01,Inv_00,20170628,11:26:00,210.0,13.8,2898,216.0,12.5,2700,25179,16064,63.4,969.0
Station_01,Inv_00,20170628,11:27:00,211.0,16.3,3439,217.0,14.8,3212,25179,16064,65.2,1015.0
Station_01,Inv_00,20170628,11:28:00,210.0,16.3,3423,217.0,14.7,3190,25179,16064,65.7,1016.0
Station_01,Inv_00,20170628,11:29:00,202.4,8.9,1802,216.0,8.2,1771,25179,16064,65.9,803.0
Station_01,Inv_00,20170628,11:30:00,209.5,9.1,1906,216.0,8.1,1750,25179,16064,63.9,509.0
Station_01,Inv_00,20170628,11:31:00,205.9,11.6,2388,216.0,10.7,2311,25179,16064,61.1,768.0
Station_01,Inv_00,20170628,11:32:00,202.0,17.9,3616,217.0,15.5,3364,25179,16064,60.9,1035.0
Station_01,Inv_00,20170628,11:33:00,202.5,17.6,3564,217.0,15.4,3342,25179,16064,63.7,1026.0
Station_01,Inv_00,20170628,11:34:00,201.5,16.8,3385,217.0,14.6,3168,25179,16064,65.5,888.0
Station_01,Inv_00,20170628,11:35:00,201.0,9.2,1849,215.0,7.7,1656,25180,16065,63.8,520.0
Station_01,Inv_00,20170628,11:36:00,199.5,14.8,2952,216.0,12.8,2765,25180,16065,64.2,814.0
Station_01,Inv_00,20170628,11:37:00,203.5,16.1,3276,217.0,14.1,3060,25180,16065,65.4,884.0
Station_01,Inv_00,20170628,11:38:00,208.1,13.7,2851,217.0,12.3,2669,25180,16065,64.5,860.0
Station_01,Inv_00,20170628,11:39:00,205.5,16.5,3390,218.0,14.5,3161,25180,16065,67.1,1000.0
Station_01,Inv_00,20170628,11:40:00,211.0,16.3,3439,217.0,14.8,3212,25180,16065,66.7,1015.0
Station_01,Inv_00,20170628,11:41:00,205.0,16.3,3341,217.0,14.4,3125,25180,16065,69.7,996.0
Station_01,Inv_00,20170628,11:42:00,204.5,16.2,3313,217.0,14.3,3103,25180,16065,68.6,1002.0
Station_01,Inv_00,20170628,11:43:00,202.5,16.2,3281,217.0,14.1,3060,25180,16065,69.4,994.0
Station_01,Inv_00,20170628,11:44:00,188.5,7.1,1338,216.0,6.3,1361,25180,16065,68.0,815.0
Station_01,Inv_00,20170628,11:45:00,214.0,5.8,1241,215.0,5.5,1183,25180,16065,62.9,384.0
Station_01,Inv_00,20170628,11:46:00,217.0,6.4,1389,216.0,5.9,1274,25180,16065,58.5,401.0
Station_01,Inv_00,20170628,11:47:00,217.5,13.3,2893,217.0,12.2,2647,25180,16065,56.6,562.0
Station_01,Inv_00,20170628,11:48:00,212.6,9.0,1913,216.0,8.2,1771,25180,16065,58.4,736.0
Station_01,Inv_00,20170628,11:49:00,210.8,16.3,3437,217.0,14.9,3233,25180,16065,60.7,874.0
Station_01,Inv_00,20170628,11:50:00,212.4,5.8,1232,215.0,5.3,1140,25180,16065,59.3,426.0
Station_01,Inv_00,20170628,11:51:00,218.5,6.0,1311,215.0,5.5,1183,25180,16065,57.0,374.0
Station_01,Inv_00,20170628,11:52:00,218.5,5.8,1267,215.0,5.4,1161,25180,16065,55.5,363.0
Station_01,Inv_00,20170628,11:53:00,219.5,6.4,1405,216.0,6.2,1339,25180,16065,54.6,542.0
Station_01,Inv_00,20170628,11:54:00,226.0,6.6,1492,216.0,6.5,1404,25180,16065,52.8,436.0
Station_01,Inv_00,20170628,11:55:00,229.1,8.0,1832,217.0,7.7,1671,25180,16065,54.1,542.0
Station_01,Inv_00,20170628,11:56:00,230.5,10.1,2328,217.0,10.1,2192,25180,16065,54.6,635.0
Station_01,Inv_00,20170628,11:57:00,227.5,5.3,1206,215.0,5.1,1097,25180,16065,53.7,378.0
Station_01,Inv_00,20170628,11:58:00,222.9,5.0,1115,215.0,4.7,1011,25180,16065,53.2,318.0
Station_01,Inv_00,20170628,11:59:00,221.4,5.2,1151,216.0,5.1,1102,25180,16065,50.7,330.0
Station_01,Inv_00,20170628,12:00:00,227.0,5.8,1317,217.0,5.6,1215,25180,16065,47.5,367.0
Station_01,Inv_00,20170628,12:01:00,229.0,7.7,1763,217.0,7.7,1671,25180,16065,47.4,496.0
Station_01,Inv_00,20170628,12:02:00,232.0,6.8,1578,218.0,6.9,1504,25180,16065,47.4,476.0
Station_01,Inv_00,20170628,12:03:00,231.0,15.6,3604,219.0,15.3,3351,25181,16065,51.0,840.0
Station_01,Inv_00,20170628,12:04:00,224.5,6.3,1414,218.0,6.2,1352,25181,16065,51.6,446.0
Station_01,Inv_00,20170628,12:05:00,229.0,6.5,1489,218.0,6.3,1373,25181,16065,49.6,410.0
Station_01,Inv_00,20170628,12:06:00,228.5,6.6,1508,218.0,6.4,1395,25181,16065,49.9,403.0
Station_01,Inv_00,20170628,12:07:00,227.5,8.4,1911,218.0,8.0,1744,25181,16065,49.2,469.0
Station_01,Inv_00,20170628,12:08:00,227.0,15.0,3405,219.0,14.5,3176,25181,16065,52.4,923.0
Station_01,Inv_00,20170628,12:09:00,220.5,16.6,3660,219.0,15.6,3416,25181,16065,54.0,1005.0
Station_01,Inv_00,20170628,12:10:00,209.5,16.7,3498,220.0,14.9,3278,25181,16065,57.3,1015.0
Station_01,Inv_00,20170628,12:11:00,217.3,16.1,3499,220.0,14.9,3278,25181,16065,57.9,1009.0
Station_01,Inv_00,20170628,12:12:00,215.5,16.6,3577,220.0,15.3,3366,25181,16065,57.7,1033.0
Station_01,Inv_00,20170628,12:13:00,216.5,6.2,1342,218.0,5.7,1243,25181,16065,55.0,436.0
Station_01,Inv_00,20170628,12:14:00,224.0,5.5,1232,218.0,5.3,1155,25181,16065,53.7,365.0
Station_01,Inv_00,20170628,12:15:00,223.9,5.2,1164,216.0,5.1,1102,25181,16065,53.3,341.0
Station_01,Inv_00,20170628,12:16:00,220.5,5.2,1147,216.0,4.9,1058,25181,16065,52.0,325.0
Station_01,Inv_00,20170628,12:17:00,226.0,5.0,1130,216.0,4.8,1037,25181,16065,51.2,320.0
Station_01,Inv_00,20170628,12:18:00,228.5,4.7,1074,216.0,4.6,994,25181,16065,49.6,309.0
Station_01,Inv_00,20170628,12:19:00,229.0,5.0,1145,216.0,5.0,1080,25181,16065,48.8,320.0
Station_01,Inv_00,20170628,12:20:00,229.5,5.8,1331,215.0,5.7,1226,25181,16065,49.0,362.0
Station_01,Inv_00,20170628,12:21:00,231.5,5.4,1250,216.0,5.3,1145,25181,16065,48.4,349.0
Station_01,Inv_00,20170628,12:22:00,208.0,6.0,1248,216.0,5.3,1145,25181,16065,47.6,349.0
Station_01,Inv_00,20170628,12:23:00,208.5,12.2,2544,217.0,11.2,2430,25181,16065,50.1,606.0
Station_01,Inv_00,20170628,12:24:00,196.5,6.4,1258,216.0,5.4,1166,25181,16065,53.6,591.0
Station_01,Inv_00,20170628,12:25:00,222.0,6.0,1332,216.0,5.6,1210,25181,16065,52.4,373.0
Station_01,Inv_00,20170628,12:26:00,220.4,5.6,1234,216.0,5.3,1145,25181,16065,50.9,356.0
Station_01,Inv_00,20170628,12:27:00,228.5,5.2,1188,216.0,5.1,1102,25181,16065,50.6,333.0
Station_01,Inv_00,20170628,12:28:00,228.0,4.6,1049,216.0,4.6,994,25181,16065,49.9,307.0
Station_01,Inv_00,20170628,12:29:00,227.0,4.4,999,216.0,4.2,907,25181,16065,49.6,285.0
Station_01,Inv_00,20170628,12:30:00,229.5,4.2,964,216.0,4.2,907,25181,16065,48.2,283.0
Station_01,Inv_00,20170628,12:31:00,226.5,4.2,951,215.0,4.2,903,25181,16065,47.9,276.0
Station_01,Inv_00,20170628,12:32:00,225.5,4.4,992,215.0,4.2,903,25181,16065,47.2,278.0
Station_01,Inv_00,20170628,12:33:00,227.5,4.5,1024,215.0,4.3,925,25181,16065,47.2,286.0
Station_01,Inv_00,20170628,12:34:00,227.9,4.7,1071,215.0,4.6,989,25181,16065,45.8,308.0
Station_01,Inv_00,20170628,12:35:00,233.5,4.5,1051,215.0,4.6,989,25181,16065,46.5,298.0
Station_01,Inv_00,20170628,12:36:00,232.4,4.4,1023,217.0,4.3,933,25181,16065,45.4,293.0
Station_01,Inv_00,20170628,12:37:00,231.0,4.0,924,217.0,4.0,868,25181,16065,45.7,267.0
Station_01,Inv_00,20170628,12:38:00,232.4,4.1,953,217.0,4.0,868,25181,16065,44.4,264.0
Station_01,Inv_00,20170628,12:39:00,227.0,4.2,953,217.0,4.0,868,25181,16065,44.8,265.0
Station_01,Inv_00,20170628,12:40:00,234.4,4.2,984,217.0,4.1,890,25181,16065,45.1,268.0
Station_01,Inv_00,20170628,12:41:00,220.5,4.5,992,217.0,4.2,911,25181,16065,44.6,280.0
Station_01,Inv_00,20170628,12:42:00,226.5,4.5,1019,217.0,4.5,977,25182,16066,44.7,307.0
Station_01,Inv_00,20170628,12:43:00,226.0,4.6,1040,217.0,4.5,977,25182,16066,45.2,298.0
Station_01,Inv_00,20170628,12:44:00,226.0,5.0,1130,217.0,4.8,1042,25182,16066,44.6,318.0
Station_01,Inv_00,20170628,12:45:00,235.5,5.5,1295,218.0,5.5,1199,25182,16066,44.1,341.0
Station_01,Inv_00,20170628,12:46:00,230.5,6.0,1383,217.0,5.9,1280,25182,16066,45.0,372.0
Station_01,Inv_00,20170628,12:47:00,226.5,6.1,1382,218.0,5.8,1264,25182,16066,45.6,379.0
Station_01,Inv_00,20170628,12:48:00,223.5,6.3,1408,218.0,5.9,1286,25182,16066,44.4,386.0
Station_01,Inv_00,20170628,12:49:00,224.9,12.0,2699,219.0,11.5,2519,25182,16066,44.7,640.0
Station_01,Inv_00,20170628,12:50:00,221.3,9.2,2036,218.0,9.3,2027,25182,16066,48.9,826.0
Station_01,Inv_00,20170628,12:51:00,226.7,15.4,3491,218.0,14.9,3248,25182,16066,51.5,911.0
Station_01,Inv_00,20170628,12:52:00,220.3,8.3,1829,218.0,8.0,1744,25182,16066,52.1,785.0
Station_01,Inv_00,20170628,12:53:00,221.5,15.8,3499,219.0,14.9,3263,25182,16066,56.4,966.0
Station_01,Inv_00,20170628,12:54:00,216.5,16.0,3464,218.0,14.9,3248,25182,16066,57.4,990.0
Station_01,Inv_00,20170628,12:55:00,216.0,15.9,3434,218.0,14.7,3205,25182,16066,59.6,990.0
Station_01,Inv_00,20170628,12:56:00,215.5,15.5,3340,218.0,14.4,3139,25182,16066,60.3,974.0
Station_01,Inv_00,20170628,12:57:00,212.0,14.8,3137,218.0,13.4,2921,25182,16066,63.1,934.0
Station_01,Inv_00,20170628,12:58:00,210.5,9.6,2021,217.0,9.1,1975,25182,16066,61.6,716.0
Station_01,Inv_00,20170628,12:59:00,210.4,6.2,1304,216.0,5.6,1210,25182,16066,58.9,420.0
Station_01,Inv_00,20170628,13:00:00,213.5,10.6,2263,217.0,10.0,2170,25182,16066,58.9,582.0
Station_01,Inv_00,20170628,13:01:00,214.5,12.9,2767,217.0,11.9,2582,25182,16066,56.5,617.0
Station_01,Inv_00,20170628,13:02:00,214.5,15.5,3325,217.0,14.4,3125,25182,16066,57.6,932.0
Station_01,Inv_00,20170628,13:03:00,217.5,15.2,3306,217.0,14.3,3103,25182,16066,59.6,953.0
Station_01,Inv_00,20170628,13:04:00,216.5,15.2,3291,217.0,14.2,3081,25182,16066,61.6,953.0
Station_01,Inv_00,20170628,13:05:00,215.0,15.2,3268,217.0,14.1,3060,25182,16066,62.3,956.0
Station_01,Inv_00,20170628,13:06:00,214.5,14.7,3153,219.0,13.4,2935,25182,16066,62.8,929.0
Station_01,Inv_00,20170628,13:07:00,202.0,15.0,3030,219.0,13.0,2847,25183,16067,64.7,906.0
Station_01,Inv_00,20170628,13:08:00,217.0,13.6,2951,219.0,12.7,2781,25183,16067,66.1,872.0
Station_01,Inv_00,20170628,13:09:00,211.5,14.0,2961,218.0,12.8,2790,25183,16067,66.6,875.0
Station_01,Inv_00,20170628,13:10:00,209.5,14.1,2954,219.0,12.7,2781,25183,16067,67.3,878.0
Station_01,Inv_00,20170628,13:11:00,212.0,13.8,2925,218.0,12.6,2747,25183,16067,67.2,868.0
Station_01,Inv_00,20170628,13:12:00,212.0,13.9,2947,219.0,12.6,2759,25183,16067,66.4,868.0
Station_01,Inv_00,20170628,13:13:00,204.5,14.7,3006,218.0,12.9,2812,25183,16067,64.0,887.0
Station_01,Inv_00,20170628,13:14:00,211.0,14.1,2975,218.0,12.9,2812,25183,16067,66.3,881.0
Station_01,Inv_00,20170628,13:15:00,207.5,14.4,2988,218.0,12.9,2812,25183,16067,64.2,885.0
Station_01,Inv_00,20170628,13:16:00,211.0,14.5,3059,218.0,13.2,2878,25183,16067,65.9,896.0
Station_01,Inv_00,20170628,13:17:00,210.5,14.6,3073,218.0,13.2,2878,25183,16067,66.1,907.0
Station_01,Inv_00,20170628,13:18:00,211.5,14.3,3024,218.0,12.9,2812,25183,16067,65.8,893.0
Station_01,Inv_00,20170628,13:19:00,212.0,13.9,2947,218.0,12.7,2769,25183,16067,66.6,866.0
Station_01,Inv_00,20170628,13:20:00,209.0,14.2,2968,218.0,12.8,2790,25183,16067,67.8,877.0
Station_01,Inv_00,20170628,13:21:00,208.5,14.3,2981,218.0,12.9,2812,25183,16067,67.0,886.0
Station_01,Inv_00,20170628,13:22:00,208.0,14.4,2995,218.0,12.9,2812,25183,16067,68.0,890.0
Station_01,Inv_00,20170628,13:23:00,211.5,14.2,3003,218.0,13.0,2834,25183,16067,67.6,894.0
Station_01,Inv_00,20170628,13:24:00,203.5,14.7,2991,218.0,12.9,2812,25183,16067,68.3,891.0
Station_01,Inv_00,20170628,13:25:00,210.0,14.2,2982,218.0,12.9,2812,25183,16067,69.6,879.0
Station_01,Inv_00,20170628,13:26:00,207.5,14.1,2926,218.0,12.5,2725,25183,16067,68.5,867.0
Station_01,Inv_00,20170628,13:27:00,209.0,14.1,2947,218.0,12.7,2769,25184,16067,68.1,868.0
Station_01,Inv_00,20170628,13:28:00,211.0,13.9,2933,218.0,12.7,2769,25184,16067,68.2,874.0
Station_01,Inv_00,20170628,13:29:00,211.5,14.0,2961,219.0,12.7,2781,25184,16067,66.5,874.0
Station_01,Inv_00,20170628,13:30:00,211.0,13.7,2891,218.0,12.4,2703,25184,16067,66.9,859.0
Station_01,Inv_00,20170628,13:31:00,209.5,13.5,2828,218.0,12.1,2638,25184,16067,66.2,841.0
Station_01,Inv_00,20170628,13:32:00,218.5,5.4,1180,217.0,5.1,1107,25184,16067,62.3,380.0
Station_01,Inv_00,20170628,13:33:00,219.0,9.3,2037,217.0,8.8,1910,25184,16067,61.0,628.0
Station_01,Inv_00,20170628,13:34:00,217.5,4.2,913,217.0,4.0,868,25184,16067,58.3,317.0
Station_01,Inv_00,20170628,13:35:00,218.9,4.0,876,216.0,3.9,842,25184,16067,54.9,268.0
Station_01,Inv_00,20170628,13:36:00,216.0,4.2,907,216.0,4.0,864,25184,16067,53.7,285.0
Station_01,Inv_00,20170628,13:37:00,218.0,3.9,850,217.0,3.8,825,25184,16067,52.6,259.0
Station_01,Inv_00,20170628,13:38:00,213.5,4.0,854,216.0,3.8,821,25184,16067,51.1,256.0
Station_01,Inv_00,20170628,13:39:00,212.0,12.4,2629,217.0,11.6,2517,25184,16067,52.2,734.0
Station_01,Inv_00,20170628,13:40:00,213.0,13.8,2939,217.0,12.7,2756,25184,16067,54.5,822.0
Station_01,Inv_00,20170628,13:41:00,220.5,13.6,2999,217.0,12.9,2799,25184,16067,57.1,844.0
Station_01,Inv_00,20170628,13:42:00,217.5,14.1,3067,218.0,13.2,2878,25184,16067,58.5,866.0
Station_01,Inv_00,20170628,13:43:00,213.5,13.5,2882,217.0,12.6,2734,25184,16067,60.6,854.0
Station_01,Inv_00,20170628,13:44:00,216.0,13.6,2938,218.0,12.6,2747,25184,16067,60.6,844.0
Station_01,Inv_00,20170628,13:45:00,215.5,13.4,2888,219.0,12.4,2716,25184,16067,63.9,834.0
Station_01,Inv_00,20170628,13:46:00,214.5,13.2,2831,218.0,12.2,2660,25184,16067,65.0,831.0
Station_01,Inv_00,20170628,13:47:00,210.5,13.2,2779,218.0,12.0,2616,25184,16067,65.9,816.0
Station_01,Inv_00,20170628,13:48:00,206.0,13.2,2719,218.0,11.8,2572,25184,16067,65.8,805.0
Station_01,Inv_00,20170628,13:49:00,214.0,12.7,2718,218.0,11.6,2529,25184,16067,66.5,815.0
Station_01,Inv_00,20170628,13:50:00,213.0,12.8,2726,218.0,11.8,2572,25184,16067,66.4,802.0
Station_01,Inv_00,20170628,13:51:00,205.0,13.3,2726,218.0,11.7,2551,25184,16067,65.5,805.0
Station_01,Inv_00,20170628,13:52:00,213.5,13.0,2776,218.0,11.9,2594,25185,16068,66.6,809.0
Station_01,Inv_00,20170628,13:53:00,209.5,13.4,2807,218.0,12.1,2638,25185,16068,66.4,820.0
Station_01,Inv_00,20170628,13:54:00,215.0,13.0,2795,219.0,12.1,2650,25185,16068,66.9,822.0
Station_01,Inv_00,20170628,13:55:00,209.5,13.5,2828,218.0,12.1,2638,25185,16068,64.9,824.0
Station_01,Inv_00,20170628,13:56:00,207.5,13.6,2822,218.0,12.1,2638,25185,16068,65.7,823.0
Station_01,Inv_00,20170628,13:57:00,212.5,12.8,2720,218.0,11.8,2572,25185,16068,62.7,801.0
Station_01,Inv_00,20170628,13:58:00,213.0,8.6,1831,216.0,7.8,1685,25185,16068,59.5,511.0
Station_01,Inv_00,20170628,13:59:00,210.0,9.6,2016,217.0,9.5,2062,25185,16068,58.7,642.0
Station_01,Inv_00,20170628,14:00:00,220.5,4.0,882,217.0,3.8,825,25185,16068,56.9,296.0
Station_01,Inv_00,20170628,14:01:00,222.0,4.0,888,215.0,3.9,839,25185,16068,55.3,253.0
Station_01,Inv_00,20170628,14:02:00,221.5,3.7,819,216.0,3.6,778,25185,16068,52.8,245.0
Station_01,Inv_00,20170628,14:03:00,220.5,3.8,838,216.0,3.7,799,25185,16068,51.5,250.0
Station_01,Inv_00,20170628,14:04:00,227.9,3.8,866,216.0,3.9,842,25185,16068,50.0,259.0
Station_01,Inv_00,20170628,14:05:00,227.0,3.6,817,216.0,3.6,778,25185,16068,49.4,248.0
Station_01,Inv_00,20170628,14:06:00,234.5,3.9,915,217.0,3.9,846,25185,16068,48.5,263.0
Station_01,Inv_00,20170628,14:07:00,224.2,4.0,897,217.0,3.9,846,25185,16068,46.9,268.0
Station_01,Inv_00,20170628,14:08:00,225.0,4.3,968,216.0,4.2,907,25185,16068,47.4,284.0
Station_01,Inv_00,20170628,14:09:00,213.9,6.5,1390,217.0,5.9,1280,25185,16068,47.3,370.0
Station_01,Inv_00,20170628,14:10:00,219.9,6.9,1517,217.0,6.6,1432,25185,16068,47.2,455.0
Station_01,Inv_00,20170628,14:11:00,229.5,7.5,1722,216.0,7.6,1642,25185,16068,49.6,561.0
Station_01,Inv_00,20170628,14:12:00,227.0,8.9,2020,217.0,9.3,2018,25185,16068,50.3,545.0
Station_01,Inv_00,20170628,14:13:00,228.5,6.1,1394,216.0,6.1,1318,25185,16068,49.7,434.0
Station_01,Inv_00,20170628,14:14:00,231.5,4.9,1134,216.0,5.0,1080,25185,16068,49.3,336.0
Station_01,Inv_00,20170628,14:15:00,230.5,12.3,2835,217.0,12.3,2669,25185,16068,50.8,667.0
Station_01,Inv_00,20170628,14:16:00,225.0,12.6,2835,217.0,12.2,2647,25185,16068,52.9,770.0
Station_01,Inv_00,20170628,14:17:00,223.5,10.5,2347,217.0,10.3,2235,25185,16068,53.2,579.0
Station_01,Inv_00,20170628,14:18:00,228.0,4.6,1049,216.0,4.5,972,25185,16068,51.8,311.0
Station_01,Inv_00,20170628,14:19:00,226.5,12.1,2740,217.0,11.9,2582,25185,16068,51.7,616.0
Station_01,Inv_00,20170628,14:20:00,226.0,4.6,1039,217.0,4.4,955,25185,16068,53.3,430.0
Station_01,Inv_00,20170628,14:21:00,226.0,11.3,2554,218.0,10.9,2376,25185,16068,52.7,600.0
Station_01,Inv_00,20170628,14:22:00,227.0,4.1,931,216.0,4.1,886,25185,16068,52.8,310.0
Station_01,Inv_00,20170628,14:23:00,221.5,4.4,975,217.0,4.1,890,25185,16068,50.7,292.0
Station_01,Inv_00,20170628,14:24:00,229.0,4.3,985,217.0,4.3,933,25185,16068,50.3,291.0
Station_01,Inv_00,20170628,14:25:00,215.5,4.6,991,217.0,4.4,955,25185,16068,49.2,302.0
Station_01,Inv_00,20170628,14:26:00,216.5,6.9,1494,216.0,6.6,1426,25185,16068,49.2,395.0
Station_01,Inv_00,20170628,14:27:00,217.0,13.2,2864,218.0,12.3,2681,25185,16068,52.6,732.0
Station_01,Inv_00,20170628,14:28:00,214.5,13.4,2874,217.0,12.4,2691,25186,16069,54.4,801.0
Station_01,Inv_00,20170628,14:29:00,223.5,12.9,2883,219.0,12.4,2716,25186,16069,55.3,810.0
Station_01,Inv_00,20170628,14:30:00,224.0,12.4,2778,218.0,12.0,2616,25186,16069,56.6,783.0
Station_01,Inv_00,20170628,14:31:00,223.0,12.3,2743,218.0,11.8,2572,25186,16069,58.2,772.0
Station_01,Inv_00,20170628,14:32:00,220.0,11.9,2618,218.0,11.3,2463,25186,16069,58.8,749.0
Station_01,Inv_00,20170628,14:33:00,203.5,5.3,1079,217.0,4.7,1020,25186,16069,58.1,455.0
Station_01,Inv_00,20170628,14:34:00,219.0,4.1,898,217.0,3.9,846,25186,16069,55.2,268.0
Station_01,Inv_00,20170628,14:35:00,226.8,3.8,862,217.0,3.8,825,25186,16069,53.1,255.0
Station_01,Inv_00,20170628,14:36:00,224.5,4.0,898,217.0,3.9,846,25186,16069,52.0,254.0
Station_01,Inv_00,20170628,14:37:00,211.9,4.9,1038,217.0,4.9,1063,25186,16069,50.7,470.0
Station_01,Inv_00,20170628,14:38:00,223.4,4.2,938,217.0,4.0,868,25186,16069,48.9,270.0
Station_01,Inv_00,20170628,14:39:00,210.0,4.1,861,217.0,3.9,846,25186,16069,47.9,269.0
Station_01,Inv_00,20170628,14:40:00,229.0,4.2,962,217.0,4.1,890,25186,16069,47.6,283.0
Station_01,Inv_00,20170628,14:41:00,231.5,6.4,1482,218.0,6.1,1330,25186,16069,47.8,322.0
Station_01,Inv_00,20170628,14:42:00,230.0,11.7,2691,218.0,11.7,2551,25186,16069,48.9,733.0
Station_01,Inv_00,20170628,14:43:00,232.0,4.4,1021,217.0,4.3,933,25186,16069,49.6,318.0
Station_01,Inv_00,20170628,14:44:00,228.0,4.3,980,217.0,4.1,890,25186,16069,48.4,284.0
Station_01,Inv_00,20170628,14:45:00,233.9,4.0,936,217.0,4.0,868,25186,16069,47.9,272.0
Station_01,Inv_00,20170628,14:46:00,232.4,3.8,883,217.0,3.9,846,25186,16069,46.4,265.0
Station_01,Inv_00,20170628,14:47:00,232.0,3.8,882,217.0,3.9,846,25186,16069,45.8,257.0
Station_01,Inv_00,20170628,14:48:00,233.4,4.1,957,217.0,4.1,890,25186,16069,44.8,270.0
Station_01,Inv_00,20170628,14:49:00,231.9,4.2,974,217.0,4.1,890,25186,16069,44.1,279.0
Station_01,Inv_00,20170628,14:50:00,226.0,8.1,1830,218.0,7.9,1722,25186,16069,46.2,576.0
Station_01,Inv_00,20170628,14:51:00,232.0,12.1,2807,218.0,12.2,2660,25186,16069,47.1,750.0
Station_01,Inv_00,20170628,14:52:00,230.5,12.2,2812,219.0,12.1,2650,25186,16069,50.1,763.0
Station_01,Inv_00,20170628,14:53:00,229.0,11.5,2633,218.0,11.4,2485,25186,16069,51.0,696.0
Station_01,Inv_00,20170628,14:54:00,214.0,5.0,1070,217.0,4.6,998,25186,16069,50.4,351.0
Station_01,Inv_00,20170628,14:55:00,220.3,4.8,1058,217.0,4.6,998,25186,16069,48.7,312.0
Station_01,Inv_00,20170628,14:56:00,219.5,4.9,1076,218.0,4.7,1025,25186,16069,48.4,317.0
Station_01,Inv_00,20170628,14:57:00,210.0,6.7,1407,218.0,6.0,1308,25186,16069,47.4,388.0
Station_01,Inv_00,20170628,14:58:00,210.5,10.9,2295,219.0,9.7,2124,25186,16069,48.2,578.0
Station_01,Inv_00,20170628,14:59:00,223.5,10.3,2302,219.0,10.0,2190,25186,16069,50.1,652.0
Station_01,Inv_00,20170628,15:00:00,226.5,9.4,2129,219.0,9.1,1993,25186,16069,50.6,539.0
Station_01,Inv_00,20170628,15:01:00,223.5,10.5,2347,219.0,10.1,2212,25186,16069,51.1,648.0
Station_01,Inv_00,20170628,15:02:00,227.5,11.2,2548,219.0,11.0,2409,25186,16069,53.3,702.0
Station_01,Inv_00,20170628,15:03:00,221.0,4.4,972,218.0,4.1,894,25186,16069,53.3,451.0
Station_01,Inv_00,20170628,15:04:00,226.0,4.3,972,218.0,4.1,894,25186,16069,50.7,285.0
Station_01,Inv_00,20170628,15:05:00,230.5,4.0,922,218.0,3.9,850,25187,16069,48.7,267.0
Station_01,Inv_00,20170628,15:06:00,227.5,3.8,865,218.0,3.8,828,25187,16069,48.5,255.0
Station_01,Inv_00,20170628,15:07:00,230.5,4.4,1014,218.0,4.2,916,25187,16069,47.4,256.0
Station_01,Inv_00,20170628,15:08:00,233.5,6.7,1565,218.0,6.7,1461,25187,16069,47.9,456.0
Station_01,Inv_00,20170628,15:09:00,237.5,4.8,1140,218.0,4.8,1046,25187,16069,47.2,306.0
Station_01,Inv_00,20170628,15:10:00,235.5,6.0,1413,218.0,5.9,1286,25187,16069,47.1,416.0
Station_01,Inv_00,20170628,15:11:00,234.5,4.3,1008,218.0,4.4,959,25187,16069,46.7,298.0
Station_01,Inv_00,20170628,15:12:00,232.0,5.4,1253,218.0,5.6,1221,25187,16069,46.8,377.0
Station_01,Inv_00,20170628,15:13:00,233.5,10.1,2358,219.0,10.2,2234,25187,16069,48.5,630.0
Station_01,Inv_00,20170628,15:14:00,226.5,10.5,2378,219.0,10.3,2256,25187,16069,49.6,651.0
Station_01,Inv_00,20170628,15:15:00,230.0,10.3,2369,219.0,10.2,2234,25187,16069,50.0,655.0
Station_01,Inv_00,20170628,15:16:00,231.5,10.0,2315,218.0,10.0,2180,25187,16069,50.3,643.0
Station_01,Inv_00,20170628,15:17:00,222.5,10.1,2247,218.0,9.7,2115,25187,16069,51.1,631.0
Station_01,Inv_00,20170628,15:18:00,231.0,9.7,2241,218.0,9.7,2115,25187,16069,51.6,623.0
Station_01,Inv_00,20170628,15:19:00,229.0,9.7,2221,218.0,9.7,2115,25187,16069,51.8,624.0
Station_01,Inv_00,20170628,15:20:00,229.0,10.0,2290,218.0,9.9,2158,25187,16069,51.7,635.0
Station_01,Inv_00,20170628,15:21:00,225.5,10.1,2278,218.0,9.8,2136,25187,16069,52.3,635.0
Station_01,Inv_00,20170628,15:22:00,219.0,9.8,2146,218.0,9.3,2027,25187,16069,53.1,614.0
Station_01,Inv_00,20170628,15:23:00,223.5,9.5,2123,218.0,9.2,2006,25187,16069,53.4,603.0
Station_01,Inv_00,20170628,15:24:00,230.0,9.0,2070,218.0,9.0,1962,25187,16069,53.6,586.0
Station_01,Inv_00,20170628,15:25:00,226.0,9.1,2056,218.0,8.9,1940,25187,16069,53.2,582.0
Station_01,Inv_00,20170628,15:26:00,229.0,9.1,2084,218.0,8.9,1940,25187,16069,52.3,579.0
Station_01,Inv_00,20170628,15:27:00,228.0,9.1,2075,219.0,8.9,1949,25187,16069,52.2,581.0
Station_01,Inv_00,20170628,15:28:00,223.0,9.2,2052,219.0,8.9,1949,25187,16069,53.1,579.0
Station_01,Inv_00,20170628,15:29:00,225.5,9.3,2097,216.0,9.1,1966,25187,16069,53.2,581.0
Station_01,Inv_00,20170628,15:30:00,220.5,9.4,2072,217.0,9.1,1975,25187,16069,53.5,586.0
Station_01,Inv_00,20170628,15:31:00,224.9,9.2,2069,216.0,9.1,1966,25187,16069,53.7,586.0
Station_01,Inv_00,20170628,15:32:00,230.5,8.9,2051,216.0,9.0,1944,25187,16069,52.9,577.0
Station_01,Inv_00,20170628,15:33:00,229.0,8.7,1992,215.0,8.7,1870,25187,16069,52.7,565.0
Station_01,Inv_00,20170628,15:34:00,228.9,8.5,1945,215.0,8.6,1849,25187,16069,53.0,549.0
Station_01,Inv_00,20170628,15:35:00,228.0,8.3,1892,216.0,8.2,1771,25187,16069,52.5,535.0
Station_01,Inv_00,20170628,15:36:00,230.4,8.2,1890,215.0,8.2,1763,25187,16069,51.4,523.0
Station_01,Inv_00,20170628,15:37:00,230.0,8.0,1840,215.0,8.1,1742,25188,16070,51.9,521.0
Station_01,Inv_00,20170628,15:38:00,229.5,7.9,1813,215.0,7.9,1699,25188,16070,51.4,507.0
Station_01,Inv_00,20170628,15:39:00,231.0,7.7,1779,215.0,7.7,1656,25188,16070,51.2,495.0
Station_01,Inv_00,20170628,15:40:00,230.5,7.8,1798,215.0,7.9,1699,25188,16070,49.9,503.0
Station_01,Inv_00,20170628,15:41:00,227.5,8.1,1843,216.0,8.1,1750,25188,16070,51.0,513.0
Station_01,Inv_00,20170628,15:42:00,227.5,8.3,1888,215.0,8.2,1763,25188,16070,51.0,521.0
Station_01,Inv_00,20170628,15:43:00,226.0,8.6,1944,216.0,8.5,1836,25188,16070,51.4,539.0
Station_01,Inv_00,20170628,15:44:00,227.5,8.6,1957,218.0,8.4,1831,25188,16070,51.6,552.0
Station_01,Inv_00,20170628,15:45:00,225.9,8.7,1966,219.0,8.5,1862,25188,16070,50.8,559.0
Station_01,Inv_00,20170628,15:46:00,226.5,8.6,1948,218.0,8.5,1853,25188,16070,51.3,555.0
Station_01,Inv_00,20170628,15:47:00,225.4,8.5,1916,218.0,8.3,1809,25188,16070,51.4,543.0
Station_01,Inv_00,20170628,15:48:00,227.0,8.2,1861,218.0,8.1,1766,25188,16070,51.8,537.0
Station_01,Inv_00,20170628,15:49:00,217.0,7.3,1584,218.0,6.9,1504,25188,16070,51.8,480.0
Station_01,Inv_00,20170628,15:50:00,202.4,5.0,1012,218.0,4.2,916,25188,16070,50.7,425.0
Station_01,Inv_00,20170628,15:51:00,210.5,7.9,1663,219.0,7.2,1577,25188,16070,51.0,455.0
Station_01,Inv_00,20170628,15:52:00,227.4,8.1,1842,219.0,7.8,1708,25188,16070,51.5,511.0
Station_01,Inv_00,20170628,15:53:00,227.4,8.1,1842,219.0,8.0,1752,25188,16070,51.5,524.0
Station_01,Inv_00,20170628,15:54:00,220.4,8.3,1829,219.0,7.8,1708,25188,16070,51.5,526.0
Station_01,Inv_00,20170628,15:55:00,227.4,7.9,1797,219.0,7.8,1708,25188,16070,51.8,513.0
Station_01,Inv_00,20170628,15:56:00,228.9,7.7,1763,219.0,7.7,1686,25188,16070,51.3,506.0
Station_01,Inv_00,20170628,15:57:00,228.5,7.7,1759,219.0,7.7,1686,25188,16070,51.5,508.0
Station_01,Inv_00,20170628,15:58:00,227.0,7.8,1771,219.0,7.7,1686,25188,16070,51.5,503.0
Station_01,Inv_00,20170628,15:59:00,219.5,8.0,1756,219.0,7.6,1664,25188,16070,51.7,503.0
Station_01,Inv_00,20170628,16:00:00,216.0,8.0,1728,219.0,7.4,1621,25188,16070,51.3,502.0
Station_01,Inv_00,20170628,16:01:00,229.5,7.6,1744,218.0,7.6,1657,25188,16070,51.6,499.0
Station_01,Inv_00,20170628,16:02:00,216.5,4.1,888,218.0,3.9,850,25188,16070,49.1,329.0
Station_01,Inv_00,20170628,16:03:00,226.9,3.5,794,218.0,3.5,763,25188,16070,47.8,233.0
Station_01,Inv_00,20170628,16:04:00,228.0,5.8,1322,218.0,5.4,1177,25188,16070,47.1,302.0
Station_01,Inv_00,20170628,16:05:00,222.5,7.7,1713,219.0,7.4,1621,25188,16070,48.1,483.0
Station_01,Inv_00,20170628,16:06:00,230.5,7.6,1752,219.0,7.7,1686,25188,16070,48.2,494.0
Station_01,Inv_00,20170628,16:07:00,231.5,7.6,1759,219.0,7.7,1686,25188,16070,48.4,511.0
Station_01,Inv_00,20170628,16:08:00,229.5,7.6,1744,219.0,7.6,1664,25188,16070,48.3,494.0
Station_01,Inv_00,20170628,16:09:00,230.4,7.5,1728,220.0,7.4,1628,25188,16070,47.9,496.0
Station_01,Inv_00,20170628,16:10:00,229.4,7.4,1697,219.0,7.2,1577,25188,16070,49.5,475.0
Station_01,Inv_00,20170628,16:11:00,231.9,7.1,1647,220.0,7.1,1562,25188,16070,48.9,466.0
Station_01,Inv_00,20170628,16:12:00,229.0,7.0,1603,220.0,7.0,1540,25189,16071,48.8,459.0
Station_01,Inv_00,20170628,16:13:00,226.9,7.2,1634,217.0,7.1,1541,25189,16071,49.0,470.0
Station_01,Inv_00,20170628,16:14:00,231.5,7.2,1667,217.0,7.3,1584,25189,16071,47.9,468.0
Station_01,Inv_00,20170628,16:15:00,231.0,7.5,1732,217.0,7.5,1628,25189,16071,46.9,478.0
Station_01,Inv_00,20170628,16:16:00,235.0,7.3,1716,217.0,7.5,1628,25189,16071,47.6,478.0
Station_01,Inv_00,20170628,16:17:00,228.4,7.4,1690,217.0,7.4,1606,25189,16071,47.6,476.0
Station_01,Inv_00,20170628,16:18:00,235.0,7.1,1669,216.0,7.3,1577,25189,16071,47.8,472.0
Station_01,Inv_00,20170628,16:19:00,232.5,7.2,1674,217.0,7.2,1562,25189,16071,47.7,466.0
Station_01,Inv_00,20170628,16:20:00,232.4,7.0,1627,217.0,7.1,1541,25189,16071,46.5,458.0
Station_01,Inv_00,20170628,16:21:00,236.3,5.3,1252,216.0,5.2,1123,25189,16071,46.5,382.0
Station_01,Inv_00,20170628,16:22:00,230.0,6.8,1564,217.0,6.8,1476,25189,16071,46.8,433.0
Station_01,Inv_00,20170628,16:23:00,221.0,6.6,1459,217.0,6.3,1367,25189,16071,46.8,445.0
Station_01,Inv_00,20170628,16:24:00,226.5,7.1,1608,217.0,7.0,1519,25189,16071,46.5,427.0
Station_01,Inv_00,20170628,16:25:00,227.5,7.5,1706,217.0,7.3,1584,25189,16071,47.2,467.0
Station_01,Inv_00,20170628,16:26:00,218.0,7.7,1679,217.0,7.3,1584,25189,16071,47.0,477.0
Station_01,Inv_00,20170628,16:27:00,216.5,7.7,1667,217.0,7.3,1584,25189,16071,48.1,480.0
Station_01,Inv_00,20170628,16:28:00,218.0,7.6,1657,217.0,7.2,1562,25189,16071,49.0,473.0
Station_01,Inv_00,20170628,16:29:00,218.0,7.4,1613,217.0,7.0,1519,25189,16071,49.2,462.0
Station_01,Inv_00,20170628,16:30:00,218.5,7.0,1530,217.0,6.7,1454,25189,16071,49.1,445.0
Station_01,Inv_00,20170628,16:31:00,222.5,4.8,1068,216.0,4.6,994,25189,16071,48.2,323.0
Station_01,Inv_00,20170628,16:32:00,230.0,6.1,1403,217.0,5.9,1280,25189,16071,47.8,343.0
Station_01,Inv_00,20170628,16:33:00,230.0,6.5,1495,217.0,6.4,1389,25189,16071,47.8,412.0
Station_01,Inv_00,20170628,16:34:00,230.5,6.7,1544,217.0,6.7,1454,25189,16071,46.6,438.0
Station_01,Inv_00,20170628,16:35:00,232.0,6.7,1554,217.0,6.8,1476,25189,16071,47.2,433.0
Station_01,Inv_00,20170628,16:36:00,228.5,6.8,1554,217.0,6.8,1476,25189,16071,47.1,437.0
Station_01,Inv_00,20170628,16:37:00,230.5,7.0,1613,218.0,6.9,1504,25189,16071,47.4,437.0
Station_01,Inv_00,20170628,16:38:00,233.5,6.8,1588,218.0,6.9,1504,25189,16071,47.4,438.0
Station_01,Inv_00,20170628,16:39:00,232.5,6.7,1558,218.0,6.8,1482,25189,16071,47.5,434.0
Station_01,Inv_00,20170628,16:40:00,230.5,6.5,1498,217.0,6.6,1432,25189,16071,48.3,418.0
Station_01,Inv_00,20170628,16:41:00,234.0,6.5,1521,217.0,6.7,1454,25189,16071,47.9,420.0
Station_01,Inv_00,20170628,16:42:00,233.0,6.5,1514,217.0,6.7,1454,25189,16071,47.5,419.0
Station_01,Inv_00,20170628,16:43:00,234.0,6.7,1568,217.0,6.7,1454,25189,16071,47.9,426.0
Station_01,Inv_00,20170628,16:44:00,232.5,6.8,1581,217.0,6.7,1454,25189,16071,47.5,426.0
Station_01,Inv_00,20170628,16:45:00,234.4,6.6,1547,217.0,6.7,1454,25189,16071,47.7,424.0
Station_01,Inv_00,20170628,16:46:00,234.5,6.7,1571,218.0,6.7,1461,25189,16071,47.9,426.0
Station_01,Inv_00,20170628,16:47:00,233.5,6.7,1564,218.0,6.7,1461,25189,16071,48.0,421.0
Station_01,Inv_00,20170628,16:48:00,232.9,6.6,1537,218.0,6.6,1439,25189,16071,48.4,413.0
Station_01,Inv_00,20170628,16:49:00,233.0,6.4,1491,218.0,6.5,1417,25189,16071,47.5,410.0
Station_01,Inv_00,20170628,16:50:00,232.5,6.3,1465,218.0,6.4,1395,25190,16071,47.2,403.0
Station_01,Inv_00,20170628,16:51:00,234.5,6.1,1430,218.0,6.2,1352,25190,16071,46.9,394.0
Station_01,Inv_00,20170628,16:52:00,234.5,6.1,1430,217.0,6.2,1345,25190,16071,45.8,392.0
Station_01,Inv_00,20170628,16:53:00,232.5,6.0,1395,217.0,6.0,1302,25190,16071,45.4,382.0
Station_01,Inv_00,20170628,16:54:00,228.0,5.9,1345,218.0,5.8,1264,25190,16071,44.6,377.0
Station_01,Inv_00,20170628,16:55:00,216.9,5.9,1280,218.0,5.6,1221,25190,16071,45.2,371.0
Station_01,Inv_00,20170628,16:56:00,234.5,5.9,1384,218.0,5.9,1286,25190,16071,44.7,372.0
Station_01,Inv_00,20170628,16:57:00,233.3,5.8,1353,217.0,5.8,1259,25190,16071,45.0,370.0
Station_01,Inv_00,20170628,16:58:00,233.5,5.6,1308,217.0,5.7,1237,25190,16071,45.2,361.0
Station_01,Inv_00,20170628,16:59:00,231.5,5.7,1319,217.0,5.6,1215,25190,16071,45.6,354.0
Station_01,Inv_00,20170628,17:00:00,225.9,5.4,1220,217.0,5.3,1150,25190,16071,44.9,344.0
Station_01,Inv_00,20170628,17:01:00,234.0,5.2,1217,216.0,5.1,1102,25190,16071,44.9,331.0
Station_01,Inv_00,20170628,17:02:00,232.4,4.8,1116,217.0,4.9,1063,25190,16071,44.8,314.0
Station_01,Inv_00,20170628,17:03:00,231.9,4.8,1113,217.0,4.7,1020,25190,16071,44.4,303.0
Station_01,Inv_00,20170628,17:04:00,219.0,4.9,1073,217.0,4.6,998,25190,16071,44.4,308.0
Station_01,Inv_00,20170628,17:05:00,221.5,4.9,1085,217.0,4.7,1020,25190,16071,44.4,310.0
Station_01,Inv_00,20170628,17:06:00,220.5,5.1,1125,217.0,4.7,1020,25190,16071,44.4,313.0
Station_01,Inv_00,20170628,17:07:00,221.0,5.0,1105,217.0,4.7,1020,25190,16071,44.4,313.0
Station_01,Inv_00,20170628,17:08:00,221.5,5.1,1130,218.0,4.7,1025,25190,16071,44.6,311.0
Station_01,Inv_00,20170628,17:09:00,221.0,5.0,1105,218.0,4.7,1025,25190,16071,44.7,312.0
Station_01,Inv_00,20170628,17:10:00,221.4,5.0,1107,217.0,4.6,998,25190,16071,44.8,307.0
Station_01,Inv_00,20170628,17:11:00,221.0,4.8,1061,217.0,4.5,977,25190,16071,43.8,291.0
Station_01,Inv_00,20170628,17:12:00,221.5,4.6,1019,217.0,4.4,955,25190,16071,43.7,241.0
Station_01,Inv_00,20170628,17:13:00,221.0,4.4,972,217.0,4.2,911,25190,16071,43.4,206.0
Station_01,Inv_00,20170628,17:14:00,222.0,4.4,977,217.0,4.1,890,25190,16071,42.6,199.0
Station_01,Inv_00,20170628,17:15:00,230.0,4.1,943,217.0,4.1,890,25190,16071,42.2,195.0
Station_01,Inv_00,20170628,17:16:00,236.0,3.8,897,217.0,4.0,868,25190,16071,42.3,192.0
Station_01,Inv_00,20170628,17:17:00,242.1,3.6,872,216.0,3.7,799,25190,16071,41.7,191.0
Station_01,Inv_00,20170628,17:18:00,243.0,3.4,826,216.0,3.6,778,25190,16071,42.0,193.0
Station_01,Inv_00,20170628,17:19:00,248.5,3.4,845,216.0,3.7,799,25190,16071,41.7,206.0
Station_01,Inv_00,20170628,17:20:00,236.3,3.6,851,216.0,3.9,842,25190,16071,41.8,202.0
Station_01,Inv_00,20170628,17:21:00,236.4,3.8,898,216.0,3.9,842,25190,16071,42.0,207.0
Station_01,Inv_00,20170628,17:22:00,236.2,3.7,874,216.0,4.0,864,25190,16071,42.0,212.0
Station_01,Inv_00,20170628,17:23:00,238.4,3.7,882,216.0,3.9,842,25190,16071,42.2,207.0
Station_01,Inv_00,20170628,17:24:00,239.6,3.4,815,217.0,3.6,781,25190,16071,41.6,197.0
Station_01,Inv_00,20170628,17:25:00,240.0,2.9,696,217.0,3.1,673,25190,16071,40.9,164.0
Station_01,Inv_00,20170628,17:26:00,239.1,2.6,622,217.0,2.6,564,25190,16071,40.4,146.0
Station_01,Inv_00,20170628,17:27:00,236.5,2.3,544,217.0,2.4,521,25190,16071,39.7,132.0
Station_01,Inv_00,20170628,17:28:00,235.8,2.1,495,217.0,2.2,477,25190,16071,39.2,126.0
Station_01,Inv_00,20170628,17:29:00,233.9,1.9,445,217.0,2.0,434,25190,16071,38.9,121.0
Station_01,Inv_00,20170628,17:30:00,230.0,1.8,414,216.0,1.9,410,25190,16071,38.7,117.0
Station_01,Inv_00,20170628,17:31:00,209.3,1.8,377,217.0,1.7,369,25190,16071,38.3,112.0
Station_01,Inv_00,20170628,17:32:00,227.5,1.7,387,217.0,1.7,369,25190,16071,38.2,107.0
Station_01,Inv_00,20170628,17:33:00,224.5,1.7,382,217.0,1.7,369,25190,16071,37.9,102.0
Station_01,Inv_00,20170628,17:34:00,229.1,1.6,367,216.0,1.6,346,25190,16071,37.8,97.0
Station_01,Inv_00,20170628,17:35:00,210.5,1.5,316,217.0,1.5,326,25190,16071,37.5,92.0
Station_01,Inv_00,20170628,17:36:00,216.2,1.3,281,217.0,1.4,304,25190,16071,37.4,86.0
Station_01,Inv_00,20170628,17:37:00,214.0,1.2,257,217.0,1.3,282,25190,16071,37.2,82.0
Station_01,Inv_00,20170628,17:38:00,189.5,1.2,227,216.0,1.1,238,25190,16071,37.1,81.0
Station_01,Inv_00,20170628,17:39:00,219.0,1.2,263,216.0,1.3,281,25190,16071,36.9,83.0
Station_01,Inv_00,20170628,17:40:00,226.0,1.2,271,215.0,1.4,301,25190,16071,36.6,88.0
Station_01,Inv_00,20170628,17:41:00,173.0,1.5,260,215.0,1.2,258,25190,16071,36.3,94.0
Station_01,Inv_00,20170628,17:42:00,188.0,1.6,301,215.0,1.4,301,25190,16071,36.2,100.0
Station_01,Inv_00,20170628,17:43:00,232.5,1.6,372,215.0,1.7,366,25190,16071,36.0,105.0
Station_01,Inv_00,20170628,17:44:00,236.6,1.6,379,216.0,1.7,367,25190,16071,35.8,107.0
Station_01,Inv_00,20170628,17:45:00,236.4,1.6,378,217.0,1.7,369,25190,16071,35.6,106.0
Station_01,Inv_00,20170628,17:46:00,219.4,1.6,351,217.0,1.6,347,25190,16071,35.4,106.0
Station_01,Inv_00,20170628,17:47:00,236.0,1.6,378,216.0,1.7,367,25190,16071,34.8,107.0
Station_01,Inv_00,20170628,17:48:00,230.0,1.6,368,216.0,1.6,346,25190,16071,34.4,106.0
Station_01,Inv_00,20170628,17:49:00,236.3,1.6,378,216.0,1.7,367,25190,16071,34.4,105.0
Station_01,Inv_00,20170628,17:50:00,232.0,1.5,348,216.0,1.6,346,25190,16071,34.2,103.0
Station_01,Inv_00,20170628,17:51:00,236.0,1.6,378,215.0,1.6,344,25190,16071,33.7,103.0
Station_01,Inv_00,20170628,17:52:00,234.9,1.5,352,215.0,1.6,344,25190,16071,33.8,102.0
Station_01,Inv_00,20170628,17:53:00,236.5,1.5,355,215.0,1.5,323,25190,16071,33.6,101.0
Station_01,Inv_00,20170628,17:54:00,228.5,1.4,320,216.0,1.5,324,25190,16071,33.5,100.0
Station_01,Inv_00,20170628,17:55:00,234.0,1.5,351,216.0,1.5,324,25190,16071,33.4,99.0
Station_01,Inv_00,20170628,17:56:00,234.0,1.5,351,216.0,1.5,324,25190,16071,33.5,97.0
Station_01,Inv_00,20170628,17:57:00,236.0,1.4,330,216.0,1.5,324,25190,16071,33.3,97.0
Station_01,Inv_00,20170628,17:58:00,232.0,1.4,325,216.0,1.5,324,25190,16071,33.1,96.0
Station_01,Inv_00,20170628,17:59:00,234.5,1.3,305,217.0,1.5,326,25190,16071,33.2,95.0
Station_01,Inv_00,20170628,18:00:00,235.5,1.3,306,217.0,1.4,304,25190,16071,33.2,93.0
Station_01,Inv_00,20170628,18:01:00,236.4,1.3,307,217.0,1.4,304,25190,16071,32.9,92.0
Station_01,Inv_00,20170628,18:02:00,226.3,1.3,294,217.0,1.4,304,25190,16071,32.9,91.0
Station_01,Inv_00,20170628,18:03:00,239.0,1.3,311,217.0,1.4,304,25190,16071,32.7,90.0
Station_01,Inv_00,20170628,18:04:00,239.0,1.2,287,217.0,1.4,304,25190,16071,32.8,88.0
Station_01,Inv_00,20170628,18:05:00,236.5,1.2,284,216.0,1.4,302,25190,16071,32.8,87.0
Station_01,Inv_00,20170628,18:06:00,233.7,1.2,280,217.0,1.3,282,25190,16071,32.7,86.0
Station_01,Inv_00,20170628,18:07:00,222.3,1.2,267,216.0,1.3,281,25190,16071,32.5,85.0
Station_01,Inv_00,20170628,18:08:00,229.0,1.2,275,217.0,1.3,282,25190,16071,32.5,84.0
Station_01,Inv_00,20170628,18:09:00,231.8,1.1,255,216.0,1.3,281,25190,16071,32.4,83.0
Station_01,Inv_00,20170628,18:10:00,212.9,1.1,234,218.0,1.2,262,25190,16071,32.3,82.0
Station_01,Inv_00,20170628,18:11:00,233.0,1.1,256,217.0,1.2,260,25190,16071,32.3,81.0
Station_01,Inv_00,20170628,18:12:00,229.0,1.1,252,218.0,1.2,262,25190,16071,32.2,80.0
Station_01,Inv_00,20170628,18:13:00,228.0,1.1,251,218.0,1.2,262,25190,16071,32.1,79.0
Station_01,Inv_00,20170628,18:14:00,227.5,1.0,228,218.0,1.2,262,25190,16071,32.0,77.0
Station_01,Inv_00,20170628,18:15:00,233.0,1.0,233,218.0,1.2,262,25190,16071,32.0,76.0
Station_01,Inv_00,20170628,18:16:00,230.0,1.0,230,217.0,1.1,239,25190,16071,32.0,75.0
Station_01,Inv_00,20170628,18:17:00,219.0,1.0,219,217.0,1.1,239,25190,16071,31.9,74.0
Station_01,Inv_00,20170628,18:18:00,227.5,1.0,228,217.0,1.1,239,25190,16071,31.9,73.0
Station_01,Inv_00,20170628,18:19:00,237.3,0.9,214,217.0,1.0,217,25190,16071,31.9,71.0
Station_01,Inv_00,20170628,18:20:00,226.8,0.9,204,217.0,1.0,217,25190,16071,31.8,70.0
Station_01,Inv_00,20170628,18:21:00,221.2,0.9,199,216.0,1.0,216,25190,16071,31.8,68.0
Station_01,Inv_00,20170628,18:22:00,229.4,0.9,207,216.0,1.0,216,25190,16071,31.7,66.0
Station_01,Inv_00,20170628,18:23:00,225.0,0.8,180,216.0,1.0,216,25190,16071,31.6,65.0
Station_01,Inv_00,20170628,18:24:00,228.4,0.7,160,216.0,1.0,216,25190,16071,31.5,63.0
Station_01,Inv_00,20170628,18:25:00,222.0,0.7,155,216.0,0.9,194,25190,16071,31.5,60.0
Station_01,Inv_00,20170628,18:26:00,223.4,0.7,156,217.0,0.8,174,25190,16071,31.4,58.0
Station_01,Inv_00,20170628,18:27:00,225.0,0.6,135,217.0,0.8,174,25190,16071,31.3,60.0
Station_01,Inv_00,20170628,18:28:00,222.0,0.6,133,217.0,0.8,174,25190,16071,31.3,55.0
Station_01,Inv_00,20170628,18:29:00,219.0,0.6,131,217.0,0.8,174,25190,16071,31.2,54.0
Station_01,Inv_00,20170628,18:30:00,225.4,0.7,158,218.0,0.7,153,25190,16071,31.2,53.0
Station_01,Inv_00,20170628,18:31:00,225.0,0.5,113,218.0,0.7,153,25190,16071,31.1,52.0
Station_01,Inv_00,20170628,18:32:00,214.0,0.6,128,217.0,0.7,152,25190,16071,31.1,52.0
Station_01,Inv_00,20170628,18:33:00,207.0,0.6,124,217.0,0.6,130,25190,16071,31.0,50.0
Station_01,Inv_00,20170628,18:34:00,222.0,0.4,89,216.0,0.6,130,25190,16071,30.9,46.0
Station_01,Inv_00,20170628,18:35:00,198.0,0.4,79,216.0,0.5,108,25190,16071,30.9,44.0
Station_01,Inv_00,20170628,18:36:00,218.0,0.4,87,215.0,0.5,108,25190,16071,30.8,42.0
Station_01,Inv_00,20170628,18:37:00,219.5,0.4,88,216.0,0.5,108,25190,16071,30.7,43.0
Station_01,Inv_00,20170628,18:38:00,219.0,0.3,66,216.0,0.5,108,25190,16071,30.7,42.0
Station_01,Inv_00,20170628,18:39:00,223.7,0.3,67,216.0,0.5,108,25190,16071,30.6,39.0
Station_01,Inv_00,20170628,18:40:00,187.0,0.3,56,215.0,0.5,108,25190,16071,30.5,38.0
Station_01,Inv_00,20170628,18:41:00,193.0,0.2,39,216.0,0.4,86,25190,16071,30.4,38.0
Station_01,Inv_00,20170628,18:42:00,190.0,0.2,38,217.0,0.5,109,25190,16071,30.4,34.0
Station_01,Inv_00,20170628,18:43:00,212.5,0.2,43,217.0,0.4,87,25190,16071,30.3,33.0
Station_01,Inv_00,20170628,18:44:00,212.5,0.2,43,217.0,0.4,87,25190,16071,30.2,31.0
Station_01,Inv_00,20170628,18:45:00,223.5,0.2,45,217.0,0.4,87,25190,16071,30.1,30.0
Station_01,Inv_00,20170628,18:46:00,213.5,0.2,43,218.0,0.4,87,25190,16071,30.0,27.0
Station_01,Inv_00,20170628,18:47:00,0.0,0.0,0,218.0,0.4,87,25190,16071,29.9,24.0
Station_01,Inv_00,20170628,18:48:00,0.0,0.0,0,217.0,0.4,87,25190,16071,29.8,21.0
Station_01,Inv_00,20170628,18:49:00,0.0,0.0,0,217.0,0.4,87,25190,16071,29.7,20.0
Station_01,Inv_00,20170628,18:50:00,0.0,0.0,0,217.0,0.4,87,25190,16071,29.7,26.0
Station_01,Inv_00,20170628,18:51:00,0.0,0.0,0,217.0,0.4,87,25190,16071,29.5,19.0
Station_01,Inv_00,20170628,18:52:00,0.0,0.0,0,217.0,0.4,87,25190,16071,29.4,34.0
Station_01,Inv_00,20170628,18:53:00,0.0,0.0,0,217.0,0.4,87,25190,16071,29.3,18.0
Station_01,Inv_00,20170628,18:54:00,0.0,0.0,0,217.0,0.4,87,25190,16071,29.2,18.0
Station_01,Inv_00,20170628,18:55:00,0.0,0.0,0,217.0,0.4,87,25190,16071,29.1,18.0
Station_01,Inv_00,20170628,18:56:00,0.0,0.0,0,217.0,0.4,87,25190,16071,29.0,18.0
Station_01,Inv_00,20170628,18:57:00,0.0,0.0,0,217.0,0.4,87,25190,16071,28.9,18.0
Station_01,Inv_00,20170628,18:58:00,0.0,0.0,0,217.0,0.4,87,25190,16071,28.8,17.0
Station_01,Inv_00,20170628,18:59:00,0.0,0.0,0,217.0,0.4,87,25190,16071,28.7,17.0
Station_01,Inv_00,20170628,19:00:00,0.0,0.0,0,217.0,0.4,87,25190,16071,28.7,18.0
Station_01,Inv_00,20170628,19:01:00,0.0,0.0,0,217.0,0.4,87,25190,16071,28.6,17.0
Station_01,Inv_00,20170628,19:02:00,0.0,0.0,0,217.0,0.4,87,25190,16071,28.5,18.0
Station_01,Inv_00,20170628,19:03:00,0.0,0.0,0,217.0,0.4,87,25190,16071,28.5,19.0
Station_01,Inv_00,20170628,19:04:00,0.0,0.0,0,217.0,0.4,87,25190,16071,28.5,18.0
Station_01,Inv_00,20170628,19:05:00,0.0,0.0,0,217.0,0.4,87,25190,16071,28.5,19.0
Station_01,Inv_00,20170628,19:06:00,0.0,0.0,0,217.0,0.4,87,25190,16071,28.4,18.0
Station_01,Inv_00,20170628,19:07:00,0.0,0.0,0,217.0,0.4,87,25190,16071,28.3,17.0
Station_01,Inv_00,20170628,19:08:00,0.0,0.0,0,217.0,0.4,87,25190,16071,28.2,17.0
Station_01,Inv_00,20170628,19:09:00,0.0,0.0,0,217.0,0.4,87,25190,16071,28.2,17.0
Station_01,Inv_00,20170628,19:10:00,0.0,0.0,0,217.0,0.4,87,25190,16071,28.2,18.0
Station_01,Inv_00,20170628,19:11:00,0.0,0.0,0,217.0,0.4,87,25190,16071,28.2,17.0
Station_01,Inv_00,20170628,19:12:00,0.0,0.0,0,217.0,0.4,87,25190,16071,28.2,18.0
Station_01,Inv_00,20170628,19:13:00,0.0,0.0,0,217.0,0.4,87,25190,16071,28.1,18.0
Station_01,Inv_00,20170628,19:14:00,0.0,0.0,0,217.0,0.4,87,25190,16071,28.0,18.0
Station_01,Inv_00,20170628,19:15:00,0.0,0.0,0,217.0,0.4,87,25190,16071,28.1,18.0
Station_01,Inv_00,20170628,19:16:00,0.0,0.0,0,217.0,0.4,87,25190,16071,28.1,20.0
Station_01,Inv_00,20170628,19:17:00,0.0,0.0,0,217.0,0.4,87,25190,16071,28.1,18.0
Station_01,Inv_00,20170628,19:18:00,0.0,0.0,0,217.0,0.4,87,25190,16071,28.1,21.0
Station_01,Inv_00,20170628,19:19:00,0.0,0.0,0,217.0,0.4,87,25190,16071,28.1,21.0
Station_01,Inv_00,20170628,19:20:00,0.0,0.0,0,217.0,0.4,87,25190,16071,28.1,19.0
Station_01,Inv_00,20170628,19:21:00,0.0,0.0,0,217.0,0.4,87,25190,16071,28.1,20.0
Station_01,Inv_00,20170628,19:22:00,0.0,0.0,0,217.0,0.4,87,25190,16071,28.2,19.0
Station_01,Inv_00,20170628,19:23:00,0.0,0.0,0,217.0,0.4,87,25190,16071,28.3,18.0
Station_01,Inv_00,20170628,19:24:00,0.0,0.0,0,217.0,0.4,87,25190,16071,28.3,19.0
Station_01,Inv_00,20170628,19:25:00,0.0,0.0,0,217.0,0.4,87,25190,16071,28.3,19.0
Station_01,Inv_00,20170628,19:26:00,0.0,0.0,0,217.0,0.4,87,25190,16071,28.3,19.0
Station_01,Inv_00,20170628,19:27:00,0.0,0.0,0,217.0,0.4,87,25190,16071,28.3,19.0
Station_01,Inv_00,20170628,19:28:00,0.0,0.0,0,217.0,0.4,87,25190,16071,28.5,19.0
Station_01,Inv_00,20170628,19:29:00,0.0,0.0,0,217.0,0.4,87,25190,16071,28.4,19.0
Station_01,Inv_00,20170628,19:30:00,0.0,0.0,0,217.0,0.4,87,25190,16071,28.5,19.0
Station_01,Inv_00,20170628,19:31:00,0.0,0.0,0,217.0,0.4,87,25190,16071,28.6,19.0
Station_01,Inv_00,20170628,19:32:00,0.0,0.0,0,217.0,0.4,87,25190,16071,28.6,21.0
Station_01,Inv_00,20170628,19:33:00,0.0,0.0,0,217.0,0.4,87,25190,16071,28.6,19.0
Station_01,Inv_00,20170628,19:34:00,0.0,0.0,0,217.0,0.4,87,25190,16071,28.8,19.0
Station_01,Inv_00,20170628,19:35:00,0.0,0.0,0,217.0,0.4,87,25190,16071,28.9,20.0
Station_01,Inv_00,20170628,19:36:00,0.0,0.0,0,217.0,0.4,87,25190,16071,28.8,19.0
Station_01,Inv_00,20170628,19:37:00,0.0,0.0,0,217.0,0.4,87,25190,16071,28.9,19.0
Station_01,Inv_00,20170628,19:38:00,0.0,0.0,0,217.0,0.4,87,25190,16071,28.9,19.0
Station_01,Inv_00,20170628,19:39:00,0.0,0.0,0,217.0,0.4,87,25190,16071,28.8,19.0
Station_01,Inv_00,20170628,19:40:00,0.0,0.0,0,217.0,0.4,87,25190,16071,28.8,18.0
Station_01,Inv_00,20170628,19:41:00,0.0,0.0,0,217.0,0.4,87,25190,16071,28.8,18.0
Station_01,Inv_00,20170628,19:42:00,0.0,0.0,0,217.0,0.4,87,25190,16071,28.8,18.0
Station_01,Inv_00,20170628,19:43:00,0.0,0.0,0,217.0,0.4,87,25190,16071,28.8,18.0
Station_01,Inv_00,20170628,19:44:00,0.0,0.0,0,217.0,0.4,87,25190,16071,28.8,19.0
Station_01,Inv_00,20170628,19:45:00,0.0,0.0,0,217.0,0.4,87,25190,16071,28.8,18.0
Station_01,Inv_00,20170628,19:46:00,0.0,0.0,0,217.0,0.4,87,25190,16071,28.8,19.0
Station_01,Inv_00,20170628,19:47:00,0.0,0.0,0,217.0,0.4,87,25190,16071,28.8,19.0
Station_01,Inv_00,20170628,19:48:00,0.0,0.0,0,217.0,0.4,87,25190,16071,28.8,18.0
Station_01,Inv_00,20170628,19:49:00,0.0,0.0,0,217.0,0.4,87,25190,16071,28.8,20.0
Station_01,Inv_00,20170628,19:50:00,0.0,0.0,0,217.0,0.4,87,25190,16071,28.8,19.0
Station_01,Inv_00,20170628,19:51:00,0.0,0.0,0,217.0,0.4,87,25190,16071,28.8,18.0
Station_01,Inv_00,20170628,19:52:00,0.0,0.0,0,217.0,0.4,87,25190,16071,28.8,18.0
Station_01,Inv_00,20170628,19:53:00,0.0,0.0,0,217.0,0.4,87,25190,16071,28.9,18.0
Station_01,Inv_00,20170628,19:54:00,0.0,0.0,0,217.0,0.4,87,25190,16071,28.9,18.0
Station_01,Inv_00,20170628,19:55:00,0.0,0.0,0,217.0,0.4,87,25190,16071,28.9,18.0
Station_01,Inv_00,20170628,19:56:00,0.0,0.0,0,217.0,0.4,87,25190,16071,29.0,18.0
Station_01,Inv_00,20170628,19:57:00,0.0,0.0,0,217.0,0.4,87,25190,16071,29.0,18.0
Station_01,Inv_00,20170628,19:58:00,0.0,0.0,0,217.0,0.4,87,25190,16071,29.0,18.0
Station_01,Inv_00,20170628,19:59:00,0.0,0.0,0,217.0,0.4,87,25190,16071,29.0,18.0
Station_01,Inv_00,20170628,20:00:00,0.0,0.0,0,217.0,0.4,87,25190,16071,29.0,18.0
